735 1202
0 482 41 87 72
0 289 43 96 44
0 257 67 90 79
482 5 38 69 46
482 612 13 34 33
482 595 37 73 56
482 615 15 62 19
289 385 18 55 54
257 84 46 63 46
257 64 13 66 63
2 304 50 94 79
2 21 67 68 68
304 186 40 50 41
21 442 35 56 56
21 137 14 95 56
21 682 14 47 43
21 402 65 95 91
21 420 93 97 96
3 252 15 91 74
3 590 43 89 63
3 52 19 20 19
252 73 71 78 77
590 660 48 64 55
590 25 94 100 97
52 650 84 87 86
52 151 29 37 30
52 576 65 99 85
4 142 58 62 62
142 189 87 88 88
5 604 33 65 42
5 695 42 67 63
604 494 79 83 83
695 44 14 46 35
695 449 38 53 53
6 266 44 46 45
6 113 38 73 50
266 374 35 62 45
266 187 19 54 20
7 388 94 100 95
388 406 34 62 49
8 312 73 79 78
312 264 90 93 91
10 164 46 62 53
10 2 52 60 55
164 545 76 78 76
164 128 84 89 85
11 510 59 67 67
11 172 76 77 77
11 420 52 93 75
11 668 59 72 71
510 537 40 56 44
510 425 28 53 34
172 611 58 77 76
172 378 19 86 54
172 724 92 93 93
172 522 91 94 91
420 497 71 74 72
420 77 79 100 98
13 702 49 64 62
13 668 16 93 79
702 625 26 30 28
702 254 51 53 52
14 671 27 80 80
671 125 87 94 94
15 661 67 95 82
661 39 33 34 34
661 150 76 90 81
16 365 13 15 13
16 649 49 91 82
16 220 28 63 54
365 10 35 79 58
365 107 81 99 92
220 440 42 95 51
17 472 90 95 92
17 641 79 91 79
17 22 21 34 25
472 410 35 36 36
472 260 67 79 67
641 5 91 100 93
18 636 67 75 71
18 74 39 72 47
18 556 29 60 51
636 628 16 80 68
74 10 70 89 87
74 117 28 88 60
74 192 74 82 78
556 610 73 83 79
19 217 79 80 80
19 594 80 84 82
19 103 94 97 95
217 213 68 97 85
217 114 44 57 45
594 620 28 68 29
103 560 43 94 65
442 453 43 91 82
442 1 49 67 55
137 371 54 62 57
137 488 36 67 39
402 656 73 99 98
402 47 79 87 81
402 599 31 32 31
23 381 10 49 32
23 378 27 90 73
381 342 64 75 68
24 147 62 81 65
24 398 46 79 59
24 527 83 85 84
147 612 13 44 24
398 152 63 72 65
398 458 56 61 56
527 616 12 52 32
527 231 62 71 71
26 240 86 92 92
26 144 76 94 79
240 536 84 91 85
28 244 85 89 89
28 384 13 96 45
28 612 29 94 83
28 715 14 51 15
28 39 41 75 49
244 651 43 58 50
244 121 29 39 35
244 191 11 98 81
384 284 61 99 73
384 198 36 71 48
384 37 85 91 90
612 440 78 92 78
715 337 79 87 80
715 684 31 90 35
715 324 25 96 25
715 547 92 99 99
29 80 22 57 52
80 672 89 95 95
30 718 47 75 62
30 205 26 52 52
205 168 51 74 57
205 561 15 79 18
32 109 59 74 65
109 718 15 70 44
109 541 23 41 34
33 655 78 90 79
33 227 38 80 53
655 172 87 95 90
655 444 67 85 73
655 596 61 90 71
227 632 37 44 44
227 178 14 66 29
227 519 26 83 66
34 58 65 92 74
34 662 20 77 38
35 652 58 79 74
35 505 18 64 27
652 681 92 96 94
652 397 79 83 81
652 578 20 28 26
505 638 61 75 68
36 217 33 73 67
36 289 83 89 89
36 666 35 94 85
666 199 72 78 76
666 375 55 77 61
666 244 47 68 49
666 483 15 26 16
38 227 78 88 81
38 515 66 100 89
38 286 45 46 46
38 99 55 71 68
515 88 47 79 55
515 546 49 82 60
515 664 81 83 83
286 106 42 76 71
286 497 46 76 73
99 381 38 51 48
99 103 30 98 47
99 89 32 46 37
40 134 10 58 25
134 645 91 93 91
134 97 54 98 56
42 633 49 55 51
633 145 76 84 83
633 254 66 78 76
633 327 63 98 82
43 635 58 76 61
635 574 62 75 72
635 510 48 69 67
44 725 44 79 60
725 193 15 97 97
725 580 46 64 58
45 20 15 29 27
45 153 57 69 58
45 405 91 95 95
153 44 92 99 93
153 156 25 51 37
153 162 62 67 67
153 397 63 75 71
405 707 75 79 79
405 312 60 81 75
46 443 46 85 72
46 610 84 98 94
443 557 51 62 58
443 642 48 70 70
443 326 30 60 42
610 673 45 63 56
47 233 69 100 87
47 527 36 41 37
233 650 91 95 92
48 221 18 56 54
48 455 38 83 47
221 696 22 36 33
455 103 16 35 23
455 523 24 85 34
49 546 24 64 31
49 663 64 96 88
663 520 61 79 66
663 576 18 97 88
663 470 58 66 61
663 147 90 98 95
50 175 35 36 35
51 411 60 69 63
411 152 45 96 45
411 693 29 37 31
411 237 45 85 54
411 408 85 100 97
650 223 61 86 62
576 359 36 98 50
576 43 64 65 64
53 146 43 90 75
53 638 20 61 59
53 126 65 84 79
146 693 52 67 56
146 378 91 93 93
638 363 17 59 17
638 633 38 47 41
54 318 50 100 83
54 184 68 99 68
318 300 52 98 56
318 348 91 96 94
318 288 36 72 48
184 222 35 88 75
55 635 61 71 66
55 238 86 97 93
238 115 24 95 85
238 467 84 94 91
56 229 48 99 80
229 734 11 15 13
229 672 82 85 83
57 520 52 81 70
57 59 51 58 58
57 252 90 96 94
520 260 25 92 39
520 471 30 95 70
520 200 45 48 47
520 69 94 95 95
520 482 78 88 84
60 308 26 91 34
60 567 22 58 40
308 360 24 34 31
308 549 69 98 92
308 390 11 65 53
567 474 46 86 52
567 729 15 26 21
61 707 91 93 92
62 70 51 95 71
62 111 54 55 55
62 153 22 47 39
62 590 17 67 33
70 417 32 39 34
111 161 52 79 69
65 698 17 18 17
65 155 91 92 91
698 327 23 29 26
698 269 23 57 32
698 268 33 89 44
155 4 58 100 85
155 361 42 92 92
155 341 77 81 80
66 160 68 90 75
66 484 84 94 89
160 217 67 88 86
160 170 93 96 96
484 130 50 96 80
68 253 53 54 54
68 544 75 87 87
253 438 29 38 37
544 617 95 100 95
544 221 38 71 50
544 10 48 83 56
69 224 35 47 42
224 408 75 92 83
224 389 31 98 66
417 706 25 50 37
71 30 18 64 47
72 476 52 58 55
476 125 86 99 90
476 685 24 66 65
73 342 10 61 29
73 454 67 76 71
342 115 19 60 52
342 666 39 73 43
342 164 43 100 54
342 283 41 47 41
454 93 17 60 40
454 206 56 67 59
117 203 51 93 81
117 621 16 49 33
192 70 45 52 52
75 0 87 88 87
75 404 34 61 41
404 118 65 90 80
404 674 73 89 83
404 86 84 86 86
404 326 70 95 75
76 117 19 84 47
76 648 40 62 56
648 681 79 88 87
648 699 68 80 72
648 384 68 83 78
77 717 28 58 51
77 68 23 81 55
78 590 68 87 79
78 426 18 61 22
78 484 27 79 79
426 442 38 76 64
426 591 38 55 42
426 532 29 47 47
426 43 26 52 52
79 64 71 88 75
672 7 79 84 81
672 241 85 92 91
672 677 74 77 74
672 426 59 92 79
672 316 53 93 71
672 76 29 79 31
81 108 63 78 78
81 248 30 57 45
108 130 47 67 63
108 398 86 100 93
248 106 65 75 69
248 436 14 57 21
248 181 49 73 62
82 435 27 84 80
435 264 40 56 48
435 495 47 48 47
435 207 34 77 55
435 71 21 88 73
83 496 19 64 47
496 196 84 86 84
84 516 15 33 21
516 491 62 85 67
516 469 37 90 50
85 261 20 98 37
261 648 74 80 78
261 668 81 94 92
261 320 44 68 60
261 95 49 79 60
86 690 47 52 50
86 385 15 24 18
86 627 81 86 86
690 243 28 96 33
385 11 69 70 69
385 732 47 94 89
89 662 75 90 90
90 722 20 63 25
90 635 47 91 87
90 97 31 40 35
722 231 47 87 69
722 508 11 90 38
722 124 17 43 32
91 145 56 62 56
145 632 35 56 37
145 0 92 93 93
145 89 71 98 78
145 195 73 81 80
92 165 47 70 54
92 62 41 60 53
92 660 21 74 71
165 670 75 93 83
165 611 90 92 92
660 492 49 64 52
660 69 92 95 93
93 150 72 80 76
150 377 70 99 86
94 659 25 87 38
659 475 38 75 50
659 390 64 81 81
95 267 30 93 69
95 263 18 67 35
267 214 40 64 63
267 350 22 64 55
263 396 22 27 23
263 681 19 78 47
96 333 92 99 94
96 181 49 100 74
96 34 72 94 77
96 363 36 61 45
333 61 43 99 55
181 705 83 99 95
181 623 84 86 84
363 513 15 36 18
101 255 95 100 98
255 164 46 67 52
102 354 45 68 58
354 408 24 79 38
354 308 49 99 69
354 631 31 51 51
560 93 59 74 66
560 274 78 93 80
560 394 20 78 38
104 390 18 47 24
104 259 52 85 84
390 541 23 30 24
390 414 72 81 77
259 201 46 83 65
105 360 54 88 61
105 595 81 84 84
360 538 25 92 84
360 652 86 98 88
360 243 63 65 65
595 698 90 91 91
595 322 42 98 62
106 242 71 79 75
106 148 54 62 60
242 315 52 71 65
242 253 19 47 29
242 192 82 84 82
148 691 41 75 64
107 209 85 97 93
110 200 38 69 60
200 88 13 35 32
200 350 86 98 92
200 301 90 91 91
161 387 30 92 33
161 509 65 74 69
203 360 93 98 98
203 585 27 95 35
621 638 79 80 79
118 156 36 53 36
118 249 21 92 68
156 654 27 63 40
156 168 34 52 38
156 670 47 75 48
156 107 13 47 43
249 590 33 75 67
249 243 39 73 51
119 373 23 44 27
373 702 93 95 95
121 669 37 98 39
121 636 17 84 45
669 666 15 29 21
669 364 81 91 89
669 124 79 86 80
669 326 82 87 83
669 18 63 89 71
123 476 22 97 32
123 463 43 82 44
463 540 70 77 76
463 288 78 86 79
124 294 36 38 37
124 613 36 61 48
294 218 50 84 78
294 524 38 90 51
294 572 58 89 58
613 33 83 99 93
125 558 61 74 65
125 566 55 56 55
125 247 38 87 74
558 290 11 32 24
558 695 93 95 93
247 317 32 66 39
247 270 25 81 59
247 421 54 82 73
127 154 39 70 66
154 445 29 40 40
154 355 81 88 86
128 266 93 97 93
129 478 25 57 57
129 67 16 96 66
478 31 33 46 40
131 306 20 48 44
133 447 42 71 57
645 126 58 75 72
645 133 56 92 79
645 130 28 84 28
135 198 90 95 91
135 285 82 94 88
135 208 17 32 20
198 66 50 74 62
285 264 91 98 97
136 266 27 64 58
136 252 28 93 54
371 121 74 76 76
371 597 37 52 47
488 695 36 37 37
488 163 32 70 35
488 655 83 86 85
138 33 13 27 14
138 7 18 70 32
138 373 25 66 49
138 445 81 88 85
138 542 30 85 68
138 125 58 66 66
445 581 45 97 68
445 42 19 53 53
542 588 22 36 31
542 199 59 97 70
139 64 60 82 69
139 80 33 88 43
139 76 29 60 36
189 487 30 71 38
189 132 40 94 40
189 602 28 42 34
189 507 54 60 55
189 51 16 43 40
189 268 33 40 39
143 33 18 77 36
632 471 42 75 49
632 709 36 43 37
693 123 54 57 55
693 612 10 58 39
693 676 10 99 69
691 325 52 69 55
691 510 86 87 86
149 15 74 83 83
149 428 93 95 94
149 660 82 100 89
428 643 15 94 79
428 373 52 69 68
152 25 10 51 47
152 210 23 29 29
210 28 25 38 29
210 360 62 86 78
162 689 77 89 78
355 590 50 57 57
361 664 75 95 75
341 103 90 98 94
654 248 92 99 93
654 2 68 95 82
168 615 16 100 48
168 456 94 95 95
168 66 20 42 26
168 511 95 97 95
670 578 15 97 78
670 733 59 83 61
157 382 71 77 72
157 31 71 84 79
382 375 66 77 66
382 403 65 92 68
158 263 50 69 65
158 609 46 57 56
158 315 55 96 89
158 297 69 86 79
609 152 58 99 65
609 303 13 15 15
315 607 29 79 63
297 626 52 91 83
297 432 41 65 46
159 391 25 83 67
159 635 84 93 87
159 130 10 100 38
391 565 58 75 63
391 581 44 48 45
170 44 23 84 78
170 6 16 43 22
387 563 79 96 93
387 305 75 84 75
387 256 90 92 90
509 163 81 96 86
509 353 42 56 45
509 46 58 74 59
689 495 35 67 51
689 193 27 40 27
163 575 57 98 77
545 491 33 70 66
611 78 41 90 89
611 353 89 100 97
611 160 75 90 81
611 473 66 84 67
611 573 62 88 82
166 378 38 46 41
167 337 43 89 47
167 89 83 91 89
167 29 70 87 82
337 687 84 93 93
337 169 85 91 87
615 561 81 95 89
615 72 15 33 26
615 690 74 78 76
456 370 51 92 60
456 597 13 21 16
456 732 21 68 52
456 580 41 91 72
456 510 20 30 22
169 731 42 78 70
724 412 89 90 90
724 382 14 26 17
724 307 75 89 83
522 594 78 81 80
522 709 13 20 20
176 171 10 93 24
176 277 52 55 55
176 157 78 84 79
277 542 46 51 48
178 377 18 79 50
178 185 75 83 77
178 251 88 92 89
185 454 16 56 26
179 313 86 99 96
313 156 53 74 53
313 208 49 54 52
313 511 16 39 25
180 495 43 50 44
705 316 34 59 45
623 660 75 97 93
623 114 16 100 20
623 239 71 73 72
182 480 73 77 73
182 356 65 81 77
182 122 73 86 82
480 282 11 49 17
480 76 57 74 61
356 192 12 96 21
183 22 22 50 39
183 296 81 100 81
296 36 46 75 46
222 121 60 81 78
222 447 85 86 86
222 49 58 75 68
186 422 34 44 34
186 135 62 77 69
186 34 85 89 87
187 616 56 69 58
188 435 86 91 90
487 562 76 87 76
487 128 59 60 60
602 64 62 87 63
602 32 16 57 30
602 588 67 71 71
602 82 35 95 74
507 369 49 94 86
268 151 66 70 69
268 232 60 93 63
190 352 59 84 62
190 446 63 67 66
352 546 75 77 75
352 404 75 90 89
352 500 28 63 45
352 701 68 98 76
446 37 75 99 94
446 246 47 62 57
446 717 30 58 53
446 478 31 92 67
191 442 44 69 44
191 238 42 68 47
191 481 56 99 85
191 453 17 83 20
481 30 25 66 42
481 241 38 61 51
453 284 35 62 44
453 187 89 97 89
193 372 19 93 41
194 303 65 75 65
194 19 72 79 79
194 431 43 97 57
303 364 63 78 71
431 290 13 23 21
196 39 87 99 89
196 556 49 70 67
196 309 20 81 40
196 48 51 99 69
309 139 78 80 78
197 658 46 79 67
197 553 22 100 98
197 718 75 92 88
197 500 79 81 81
197 407 34 100 41
658 310 41 44 43
658 315 34 40 39
553 422 27 73 48
553 647 62 78 76
553 220 16 97 90
500 409 18 85 23
500 321 19 66 52
500 595 50 68 61
500 405 81 85 85
407 12 86 99 89
407 195 13 100 85
407 706 73 83 80
199 480 73 100 84
199 142 42 88 70
199 141 71 79 73
350 710 80 94 85
350 443 89 98 92
350 525 41 52 51
350 132 42 74 61
301 316 37 38 38
201 535 66 76 70
535 375 20 60 27
202 604 59 65 63
204 331 16 72 61
204 19 67 75 69
561 231 67 85 82
561 655 89 99 94
561 66 77 80 79
206 246 67 100 88
206 545 84 91 87
207 353 94 98 95
353 232 52 84 80
211 623 33 35 35
212 394 27 80 63
212 590 52 75 57
212 508 30 40 39
394 62 62 89 87
508 57 29 66 65
508 448 80 100 89
508 505 14 69 27
214 364 28 43 28
216 361 59 69 59
216 527 28 98 89
218 274 27 30 29
274 298 85 94 90
274 413 17 51 30
219 289 13 32 16
219 520 85 96 90
219 180 78 84 82
219 468 85 93 93
468 349 20 27 20
440 292 77 95 91
440 179 55 92 74
696 309 40 43 40
223 555 75 84 83
555 326 80 82 82
555 76 45 75 74
555 285 84 90 86
408 294 31 59 46
408 68 30 97 87
389 542 68 86 72
225 581 15 23 17
581 200 32 45 32
519 98 17 40 31
734 408 39 81 57
734 474 36 91 48
734 684 92 94 92
734 359 27 64 50
230 692 25 55 48
231 138 48 79 74
232 197 49 54 54
234 302 34 79 45
234 297 78 91 90
234 536 67 100 84
234 303 91 97 97
536 593 46 54 49
536 685 62 95 91
235 595 34 38 35
235 338 44 74 69
338 500 49 63 49
338 65 73 96 83
338 27 95 97 96
236 671 68 84 71
237 194 50 91 84
237 467 17 43 22
467 92 93 96 95
239 27 65 76 66
651 52 16 19 19
651 455 37 63 52
317 662 29 52 39
317 194 25 35 35
270 333 41 61 61
421 419 17 97 70
421 612 82 85 84
250 371 21 66 21
438 296 58 63 60
254 245 49 79 56
256 554 24 69 68
256 301 83 96 83
256 569 55 58 55
554 14 41 86 69
554 615 20 47 43
554 203 16 60 45
554 414 12 16 12
569 555 41 80 66
569 118 17 27 23
569 306 91 98 96
258 709 46 58 51
709 49 45 92 49
709 463 17 27 18
260 471 35 73 68
471 137 21 25 23
471 66 27 34 31
471 701 53 85 80
320 8 33 96 57
320 429 37 49 49
262 632 58 62 60
264 468 91 99 91
265 390 56 67 60
265 508 63 66 64
265 142 45 90 56
374 134 56 98 66
374 210 24 45 27
269 552 79 85 80
269 205 46 55 53
271 389 68 93 74
271 231 26 91 87
272 492 58 68 59
272 257 41 66 58
272 326 10 77 69
272 469 14 97 30
492 53 78 84 79
492 77 22 30 30
492 22 19 96 25
273 608 70 84 77
273 647 18 63 47
273 294 10 17 17
273 553 47 59 54
273 672 88 93 91
608 382 20 64 21
608 511 15 45 32
298 318 69 74 72
413 499 93 100 98
413 225 68 86 76
276 682 85 86 85
276 329 88 94 92
279 418 75 84 80
279 63 16 67 61
279 45 75 84 84
418 330 70 81 75
418 12 18 92 89
418 0 14 42 16
418 483 56 92 89
280 705 75 83 77
281 247 73 86 73
281 293 45 68 65
293 70 64 92 70
293 372 20 86 36
293 518 15 80 61
282 273 78 94 88
282 491 61 87 83
491 362 23 69 42
283 299 84 97 89
299 222 75 96 83
284 104 60 67 62
497 156 86 93 90
287 29 75 79 77
290 339 59 65 61
290 271 27 72 54
339 229 37 81 67
339 329 93 96 94
339 396 85 96 88
339 83 68 91 71
292 723 42 79 71
524 510 30 62 44
524 391 43 69 67
295 4 57 58 58
626 255 60 77 63
432 468 23 38 25
300 350 75 83 77
300 582 70 82 74
300 479 70 73 71
300 281 17 89 40
582 191 50 94 81
479 333 19 88 63
479 477 72 78 78
316 641 31 87 33
305 606 90 92 92
305 359 93 94 94
305 518 74 78 75
305 649 24 98 68
305 272 95 97 95
305 77 48 92 64
606 348 73 91 84
307 604 13 89 47
549 229 36 74 43
549 171 35 64 54
310 148 72 82 74
311 137 10 89 51
607 2 85 88 86
348 597 43 81 44
319 297 86 97 86
319 540 32 45 36
319 383 82 98 88
319 708 77 85 81
540 114 66 84 72
383 341 86 98 98
708 465 52 100 99
429 501 12 29 16
429 729 84 95 92
429 552 78 97 88
429 405 13 66 56
321 607 90 95 90
322 204 73 79 74
323 688 79 90 88
330 418 30 69 36
330 369 13 79 73
369 599 10 59 44
369 581 19 74 47
369 141 58 62 62
369 523 85 92 88
369 501 75 100 86
332 110 60 75 60
332 562 71 85 74
332 127 54 80 64
332 686 76 97 77
332 175 81 91 86
562 166 52 86 75
686 306 36 61 60
686 689 59 76 76
335 625 65 72 70
335 349 61 76 76
625 732 28 30 30
625 521 53 96 79
349 500 48 66 56
349 408 20 72 41
336 556 11 16 14
336 328 16 78 76
687 92 50 98 51
687 133 89 91 91
340 277 51 95 63
340 667 33 66 66
340 629 22 34 34
629 110 78 87 82
629 698 82 96 82
343 715 29 91 66
343 190 75 81 78
345 568 68 100 78
347 211 68 79 72
347 631 67 85 67
631 265 94 99 98
710 153 73 79 79
525 57 59 91 91
525 359 94 98 95
351 632 79 88 80
351 132 79 100 83
351 359 48 73 64
701 415 20 86 24
701 504 49 52 52
701 276 69 82 77
701 22 73 80 80
701 677 53 57 54
357 224 53 77 54
357 208 20 87 67
357 719 54 77 56
357 531 64 82 73
719 51 52 73 71
531 76 14 28 18
531 312 76 95 78
358 649 14 95 85
538 695 48 81 64
664 623 45 87 77
362 277 22 35 35
362 420 24 100 32
513 34 50 85 62
366 708 67 72 67
366 55 57 97 87
366 713 80 95 93
367 658 13 89 45
368 241 81 87 81
368 537 45 59 58
537 175 79 85 85
537 298 43 64 49
537 0 90 100 92
523 38 52 91 74
501 85 77 89 86
501 322 11 46 15
375 655 23 85 33
375 31 82 93 93
375 63 69 98 80
379 522 48 86 63
380 552 62 94 91
386 158 39 89 85
386 518 20 69 45
386 188 39 61 54
386 567 39 99 76
386 390 37 54 45
406 214 55 76 57
414 185 89 91 90
414 631 70 98 91
393 302 32 85 46
393 212 12 73 19
395 602 81 100 91
395 80 32 56 41
458 569 73 98 79
458 662 65 89 84
399 453 24 42 31
400 277 61 93 64
656 475 56 70 66
656 193 51 94 73
674 730 44 96 50
674 131 13 99 98
706 372 13 99 79
409 696 67 76 72
409 350 84 90 89
410 627 56 95 56
410 658 12 39 23
410 575 12 62 25
412 670 53 86 78
499 427 52 73 69
499 574 28 71 48
416 243 94 98 97
416 190 17 74 37
416 207 43 47 47
483 227 47 72 69
483 38 50 95 73
483 568 67 82 81
483 367 47 64 49
419 243 77 80 77
419 56 13 37 18
423 42 76 93 93
423 180 17 37 28
424 255 42 49 46
425 716 33 66 41
425 16 33 62 62
716 358 16 57 37
716 427 61 72 72
716 166 38 87 40
716 86 27 41 28
591 241 49 91 78
532 214 42 52 44
729 100 42 58 47
729 82 11 42 12
430 632 58 82 82
433 273 38 59 49
433 703 75 78 75
434 319 31 41 38
434 272 42 100 52
557 647 36 69 47
557 589 31 35 35
444 283 73 75 75
448 24 87 100 92
449 730 36 41 37
449 481 14 51 17
730 637 31 51 35
450 201 70 76 73
450 229 72 91 89
450 319 71 81 80
451 510 35 93 71
451 71 65 73 73
451 207 48 60 56
451 228 17 69 39
452 261 78 100 96
580 378 29 78 54
580 14 27 97 58
457 194 60 64 63
457 56 94 98 97
457 538 91 96 92
457 328 36 72 72
457 554 40 46 40
457 443 34 64 46
459 341 24 82 59
459 647 46 90 71
459 35 30 97 64
460 463 23 24 24
460 514 19 65 27
460 277 81 84 83
460 302 62 69 66
514 141 78 88 80
514 284 84 85 85
461 143 87 96 91
461 480 33 81 75
462 33 93 100 97
462 85 38 40 38
462 200 77 78 77
465 285 41 95 72
466 361 18 88 83
466 573 41 73 63
573 81 10 33 26
573 229 74 98 74
573 700 25 45 40
473 494 21 95 26
473 94 55 93 60
494 508 29 51 40
494 661 32 67 63
494 506 65 97 85
474 412 52 87 57
474 498 20 46 31
498 188 10 84 73
498 6 42 62 56
475 22 68 94 94
685 102 15 93 30
685 369 47 96 82
685 322 34 41 39
685 453 57 65 59
477 676 47 76 53
676 433 48 89 76
485 119 54 85 64
485 284 63 68 63
489 611 27 52 31
489 412 56 79 77
490 78 72 95 74
493 96 23 58 53
506 120 20 60 52
506 684 43 56 44
574 579 23 46 25
502 692 26 31 31
503 286 23 37 26
503 139 34 35 34
503 729 26 46 41
504 311 34 41 35
504 649 73 83 74
504 57 74 98 75
684 591 46 97 47
684 413 48 74 74
512 389 95 98 96
512 81 29 68 49
512 282 64 69 69
517 222 21 71 50
517 81 33 100 94
517 331 83 99 85
521 501 83 99 83
526 253 69 95 95
526 460 66 71 70
526 178 48 60 59
526 612 46 60 58
528 105 54 95 86
528 393 18 21 19
530 518 89 90 90
534 154 62 99 74
534 682 73 80 77
534 701 91 100 97
593 381 58 84 68
539 89 85 97 97
588 685 45 94 49
588 672 76 81 76
588 135 54 66 60
588 623 55 75 72
588 688 88 92 91
543 699 12 32 15
543 397 34 59 41
547 722 42 82 58
548 152 63 83 73
548 294 53 89 88
550 0 82 89 89
551 466 87 95 88
551 592 47 58 58
592 577 74 76 76
589 450 26 65 55
559 240 71 77 73
564 676 86 99 88
570 672 77 96 93
700 71 37 53 48
579 587 77 100 84
579 554 19 57 43
577 193 11 36 15
577 8 70 99 87
578 418 29 30 30
578 316 95 97 97
587 728 46 58 50
587 457 71 73 71
584 701 54 82 57
586 326 57 93 89
586 719 15 40 38
586 730 18 75 24
586 566 63 86 77
586 0 90 97 92
586 731 72 82 75
596 224 23 26 24
596 565 87 92 88
598 521 53 88 54
600 247 76 81 79
603 69 23 81 29
673 67 11 22 18
673 41 58 71 64
614 661 14 75 63
614 104 83 89 87
618 251 39 91 43
618 174 89 100 89
619 410 19 60 36
619 210 68 74 68
619 83 81 100 100
619 466 84 88 84
622 598 86 91 86
622 347 66 69 68
624 604 33 34 34
628 226 75 85 84
628 394 46 82 60
630 247 44 55 45
639 641 36 85 60
639 401 87 91 89
639 582 92 100 99
646 91 23 65 64
646 487 60 61 60
653 505 29 74 50
653 46 29 68 65
653 295 60 95 92
677 3 69 78 75
675 613 33 52 33
678 599 15 54 42
679 550 47 48 47
679 324 73 77 77
680 9 36 60 42
683 696 79 80 80
683 140 10 51 17
683 240 61 76 64
694 418 26 74 27
697 33 84 87 85
697 691 56 78 73
697 165 63 66 64
704 159 70 76 72
714 681 44 50 46
714 441 72 87 87
720 591 94 96 96
720 405 41 87 64
721 219 72 89 85
726 180 68 79 69
0 734
