840 1294
0 364 89 90 90
364 624 80 99 97
1 408 31 57 33
1 680 36 84 71
1 494 15 83 60
408 270 62 95 94
408 423 86 89 89
680 523 36 70 52
680 705 62 76 73
494 454 65 91 83
2 356 84 87 85
2 292 76 95 85
2 635 35 90 49
292 551 19 34 32
635 306 35 83 62
3 146 43 89 59
146 644 56 87 79
4 592 72 74 74
4 372 60 100 65
372 752 43 48 48
372 87 69 84 79
5 595 44 62 58
5 528 59 92 78
5 282 43 86 48
5 310 76 77 77
5 128 93 95 95
5 45 44 68 55
595 266 11 47 39
595 755 71 86 79
528 665 44 59 56
282 158 12 13 13
128 610 67 80 73
128 199 44 75 51
128 103 20 61 53
45 836 61 82 82
45 12 66 94 88
6 656 90 98 98
7 398 76 95 77
398 677 34 44 40
8 289 84 99 86
8 149 79 100 92
149 732 72 86 86
10 245 34 92 55
10 640 32 76 71
10 834 23 39 31
10 78 46 77 53
245 228 21 44 39
245 559 23 71 41
245 143 57 75 58
640 248 79 98 81
640 818 33 96 71
640 778 15 80 21
834 197 16 57 45
834 108 48 78 72
11 243 87 100 88
243 307 54 96 60
243 127 54 85 72
12 482 38 94 91
12 230 65 94 84
12 629 68 91 78
12 211 10 92 63
482 348 51 88 83
230 285 91 99 99
230 356 81 100 100
211 90 67 86 84
211 53 21 45 40
13 54 68 94 92
54 306 61 86 73
54 374 42 95 47
54 265 51 72 58
54 661 22 81 56
15 139 76 84 84
15 584 44 75 46
15 303 70 100 91
139 289 10 71 21
139 114 39 74 65
139 160 47 100 86
139 338 54 64 55
584 694 45 86 65
16 477 71 92 80
16 2 37 61 38
477 12 74 83 76
477 637 34 78 44
17 319 89 94 93
17 609 94 100 94
319 238 12 51 42
319 166 10 74 35
319 79 68 82 82
319 87 70 87 82
609 574 22 35 26
609 322 63 68 65
18 314 24 94 65
314 652 68 89 81
314 772 62 96 96
314 728 61 73 65
19 581 72 78 75
19 197 32 83 60
581 28 79 99 87
581 432 40 77 76
197 322 15 53 32
197 442 38 56 55
21 627 21 38 36
21 398 73 89 73
627 678 55 73 66
627 802 55 87 60
22 308 72 87 87
308 525 83 92 88
308 468 87 93 90
308 259 91 98 93
308 817 52 68 64
23 573 71 73 71
23 781 64 81 77
23 21 41 69 67
573 590 85 87 86
573 521 67 92 69
24 529 29 59 32
24 448 63 72 68
24 235 43 45 44
24 830 23 53 23
529 821 25 32 28
529 718 41 72 55
529 408 88 91 89
529 808 18 20 20
235 551 34 69 39
235 750 75 97 88
830 445 10 38 23
830 4 80 84 80
830 374 28 44 36
25 837 43 57 43
837 125 75 76 75
26 519 70 83 80
27 226 58 95 61
27 122 11 57 23
226 669 18 85 37
226 473 63 82 79
226 37 74 80 77
226 785 85 88 86
226 722 51 70 55
28 52 18 32 31
28 469 35 73 71
52 476 94 97 94
52 583 73 94 93
30 735 32 88 80
30 141 93 95 93
735 634 22 79 58
735 831 64 72 71
735 53 20 59 38
735 361 93 96 93
141 387 11 75 29
141 533 51 75 69
141 497 85 95 87
141 494 32 39 39
141 399 93 96 94
32 37 14 23 17
37 132 38 57 46
34 827 56 81 72
827 625 16 87 55
35 658 63 89 72
658 246 41 50 49
658 9 23 91 32
658 481 60 76 74
132 599 32 97 79
132 456 40 66 64
132 451 63 84 65
132 577 32 81 64
38 563 65 87 79
38 627 69 85 74
563 691 34 70 63
563 126 43 91 61
39 655 52 56 52
39 773 89 100 95
773 218 87 96 88
40 321 13 80 62
40 664 85 88 85
664 79 76 83 78
41 476 59 83 78
41 38 28 73 51
41 819 30 51 32
476 481 13 20 15
819 360 67 77 77
819 506 19 83 51
42 740 19 57 27
42 447 28 69 43
42 126 54 100 92
42 640 67 76 71
740 726 31 42 31
740 772 85 87 86
740 306 34 62 34
740 510 75 79 77
447 128 17 18 17
447 590 45 92 72
447 290 53 83 79
126 141 40 52 48
126 634 60 96 80
43 701 59 79 70
43 487 56 92 63
43 579 70 89 80
43 115 39 51 50
701 41 15 73 35
487 60 53 95 84
579 668 62 99 65
579 336 72 74 72
115 520 37 96 57
44 593 20 50 41
44 90 73 85 83
593 447 64 85 71
593 348 87 91 89
593 710 25 53 40
593 388 53 78 67
90 223 24 84 63
836 613 72 74 72
47 143 44 58 45
143 217 74 88 88
143 206 91 97 93
143 384 92 100 96
143 172 16 37 30
143 329 88 92 91
48 650 38 80 52
50 532 81 91 85
50 256 34 100 100
583 712 79 86 80
583 641 63 65 64
306 791 31 61 58
306 630 86 97 88
265 18 87 90 87
661 279 89 98 98
56 485 12 66 14
485 385 64 100 83
485 167 77 90 86
485 185 51 76 69
57 55 86 90 86
58 737 75 86 77
58 604 48 90 80
58 606 64 72 72
737 178 43 84 66
737 489 29 64 53
604 664 66 85 67
59 719 26 91 39
59 839 89 93 93
59 616 38 45 45
616 142 64 96 80
60 100 52 80 66
60 559 56 95 64
100 229 31 67 66
100 385 23 86 69
100 595 84 88 88
61 326 94 98 95
326 596 85 89 86
62 524 42 92 73
63 575 90 95 94
63 115 55 56 56
64 512 89 98 96
64 204 58 88 87
64 322 43 92 55
512 770 42 79 57
204 542 94 95 95
322 110 56 94 74
322 290 75 81 81
322 657 13 67 44
65 2 41 80 71
65 33 72 87 77
67 88 82 91 85
67 541 64 73 73
88 5 29 65 30
88 624 56 79 76
88 638 83 95 89
541 215 56 62 60
541 306 76 79 76
68 525 37 68 50
68 725 85 97 97
525 536 27 31 31
725 777 95 100 96
725 259 15 84 50
725 515 35 97 62
69 839 89 97 94
69 321 75 80 78
70 804 87 98 98
804 143 37 88 67
804 96 89 96 91
804 784 72 80 73
804 695 56 75 58
804 312 12 13 13
71 18 40 47 43
72 348 53 75 58
72 474 48 50 50
348 347 27 91 84
348 582 37 74 69
348 79 68 70 70
348 787 27 29 28
348 801 82 99 86
348 0 63 68 65
348 808 85 90 88
474 0 25 77 75
73 169 63 91 66
169 337 10 54 49
76 529 67 91 74
76 157 31 46 45
76 827 95 100 97
157 658 25 90 27
77 110 77 83 82
110 286 65 79 79
110 53 40 64 55
79 396 16 85 47
80 728 25 45 29
82 574 40 45 45
574 559 95 99 99
83 145 46 63 55
83 656 47 94 80
84 370 23 93 83
370 57 46 68 58
370 148 66 78 74
370 774 27 89 66
370 137 16 52 47
85 731 51 58 57
85 445 47 62 61
731 497 87 94 88
731 652 79 96 90
445 341 82 96 85
445 424 78 83 79
445 246 90 91 90
86 191 35 94 78
86 9 74 81 74
191 187 32 39 39
624 621 19 59 23
624 555 70 74 70
638 815 54 74 74
638 478 15 68 24
91 102 79 94 93
91 736 77 88 80
102 794 40 79 71
736 428 77 78 78
736 543 42 66 56
92 96 75 100 92
92 218 12 44 42
92 325 37 61 57
96 755 20 52 41
96 264 55 71 71
218 604 55 84 78
325 790 17 22 18
325 538 52 61 53
93 261 91 95 92
93 379 62 71 70
379 619 14 76 44
379 353 85 88 87
379 4 78 79 78
95 481 91 95 92
755 139 54 62 54
264 475 60 84 73
97 500 81 96 85
500 691 31 51 51
500 77 58 78 65
98 832 47 77 70
98 20 85 88 85
98 447 63 89 70
99 273 22 41 32
273 672 46 50 47
273 53 92 100 95
273 476 86 96 91
229 677 24 83 74
385 802 13 68 65
101 252 45 86 75
101 539 43 47 47
252 686 81 82 82
252 6 64 65 65
539 181 81 86 85
103 136 24 96 35
103 719 83 92 85
136 202 39 90 75
104 410 53 97 96
104 387 95 100 97
410 513 87 93 90
410 20 40 55 51
387 296 14 66 57
109 144 70 86 80
109 538 82 88 84
109 277 77 95 86
109 96 13 15 13
144 64 46 57 50
144 808 20 53 22
538 634 55 69 69
277 354 86 89 86
277 486 38 77 39
277 269 59 95 90
286 33 70 94 92
286 791 41 50 42
286 580 80 84 84
286 48 80 94 86
113 477 15 62 43
114 360 26 50 46
360 14 52 89 61
360 213 72 92 78
520 481 48 51 49
116 356 33 93 76
116 131 39 99 57
131 711 76 77 77
118 529 90 100 96
118 371 64 77 68
118 695 17 36 27
118 650 42 88 74
371 419 13 45 40
371 106 57 77 60
695 794 92 94 94
695 595 82 98 92
119 414 26 28 28
119 566 11 65 57
414 301 51 55 53
566 290 48 69 61
566 788 93 100 93
566 317 10 12 10
566 661 65 90 80
120 186 59 70 68
120 468 81 94 83
186 597 45 52 50
468 404 75 78 75
468 372 51 64 61
468 614 87 93 92
123 652 49 98 54
123 619 10 42 12
123 277 38 86 48
652 712 45 87 64
619 566 21 33 28
619 691 33 99 95
124 819 93 94 94
124 408 57 66 64
125 759 68 97 75
759 211 74 79 74
759 742 34 92 37
634 394 37 83 52
634 400 62 91 91
127 52 51 74 52
127 465 56 58 58
127 402 86 99 97
465 162 15 65 55
402 176 69 92 70
610 239 20 44 35
610 739 15 33 22
199 29 24 74 30
199 590 87 100 88
129 520 74 92 92
129 527 40 56 43
527 409 69 100 99
130 394 32 37 34
130 547 14 15 14
394 226 36 71 61
394 617 58 66 58
599 144 58 93 71
456 435 55 76 57
451 42 52 72 65
577 212 89 90 90
133 134 73 77 76
134 357 33 47 44
357 433 15 99 17
357 30 65 84 67
135 78 82 87 82
135 194 64 94 72
135 345 85 94 93
345 74 92 94 92
345 587 71 72 71
202 500 69 97 83
202 188 32 51 33
202 517 73 76 73
202 561 87 88 88
137 227 71 76 75
227 385 40 52 49
227 352 76 99 94
227 92 83 87 86
138 187 25 89 89
138 540 28 36 35
187 523 50 77 53
187 14 55 100 82
187 221 82 87 84
187 40 49 73 50
540 588 33 66 46
540 364 26 81 72
160 21 18 45 25
160 229 27 34 27
160 498 73 78 77
338 357 10 40 17
338 378 45 87 66
338 308 40 90 59
140 275 58 76 69
140 572 33 69 51
275 629 27 92 85
275 775 95 98 98
497 86 35 36 35
497 438 70 89 89
399 184 83 98 98
399 748 51 55 54
142 537 28 49 41
142 214 17 47 31
537 11 74 97 87
217 188 53 98 77
217 278 77 96 95
206 49 41 80 44
384 826 68 97 73
384 68 17 73 37
384 410 22 98 32
172 159 30 68 30
329 236 49 72 60
329 151 70 95 83
329 333 33 48 35
329 503 65 88 70
644 399 76 93 85
644 561 36 45 38
147 480 33 95 49
480 498 53 95 71
148 478 77 93 92
148 775 80 91 83
148 571 89 94 91
478 327 35 48 41
478 661 30 48 36
775 0 70 80 75
775 50 16 18 16
732 81 66 75 72
732 109 77 96 80
150 145 24 73 66
152 350 45 54 47
152 122 71 96 92
350 308 30 74 31
350 212 49 65 60
350 747 25 74 41
350 6 48 71 70
154 653 14 74 41
653 493 76 77 77
155 317 38 78 51
317 114 67 96 93
317 214 70 77 71
156 715 65 84 70
715 395 94 100 94
715 463 24 78 41
159 44 52 80 60
498 610 17 77 39
498 81 86 98 94
161 586 88 96 88
161 370 49 52 49
161 397 52 98 63
586 728 53 69 63
586 14 87 89 87
586 718 69 94 69
586 396 94 95 94
586 791 48 62 53
162 522 87 89 87
162 233 86 94 87
162 301 57 86 82
162 86 22 72 47
162 485 82 97 93
522 194 75 82 77
233 210 69 79 71
233 147 62 98 76
233 538 54 72 70
233 511 58 66 58
301 237 73 85 75
301 314 76 85 78
301 448 41 62 57
301 356 23 78 57
163 58 89 98 89
163 675 55 99 62
163 411 48 86 52
164 366 53 85 60
366 23 53 74 61
166 351 51 52 51
166 578 87 94 88
351 82 64 92 82
578 83 41 49 45
167 508 69 71 70
508 809 46 93 84
508 667 19 70 67
168 176 75 90 88
176 364 71 93 80
176 581 35 52 45
170 470 60 96 96
171 548 35 58 57
548 821 88 99 92
548 309 49 83 61
548 173 43 75 54
173 184 23 79 76
177 376 70 82 78
178 397 49 82 78
179 86 87 92 88
181 516 13 40 20
181 345 10 70 53
516 67 74 88 87
182 204 79 82 80
182 637 89 92 92
183 551 49 96 93
185 407 36 40 39
185 406 17 100 63
597 255 46 49 49
523 428 18 30 29
523 478 11 25 21
189 295 77 79 79
190 508 29 61 35
193 493 89 100 92
195 558 18 87 62
195 295 49 92 86
195 583 42 55 55
558 772 56 57 56
558 657 84 91 90
196 241 58 93 93
442 134 56 59 58
198 670 48 97 86
590 128 18 93 31
200 376 25 65 61
201 592 22 84 33
201 456 32 51 38
561 42 70 90 76
203 617 42 87 54
203 570 32 85 48
203 777 20 93 56
203 76 83 100 88
617 152 69 81 80
570 836 67 72 68
777 40 15 74 16
777 335 36 48 40
542 545 48 72 72
542 487 73 76 75
205 833 44 73 52
208 498 25 41 34
208 204 95 96 96
208 827 91 94 92
209 807 67 79 79
209 630 46 97 63
209 620 25 41 39
807 766 37 61 59
807 803 55 68 64
807 580 15 61 19
807 804 71 95 84
630 291 20 69 63
630 364 67 79 75
620 246 23 86 47
620 575 88 94 89
620 827 74 84 79
620 559 59 71 67
212 295 14 67 16
212 187 46 86 54
212 754 58 99 60
212 199 15 88 51
754 297 93 94 94
754 411 22 24 22
215 207 72 76 74
215 365 86 89 88
215 334 75 85 76
334 636 32 60 38
334 633 60 84 78
216 738 84 94 89
738 433 60 90 84
278 499 84 93 90
278 319 68 79 78
219 358 63 87 78
219 106 41 51 41
219 533 58 80 64
358 319 75 96 94
220 565 66 91 69
565 784 33 50 46
222 801 24 25 25
222 730 41 95 62
222 523 24 38 34
801 201 28 53 49
801 687 55 91 85
801 391 64 67 66
224 8 68 75 73
225 798 34 64 44
798 473 68 89 77
798 663 49 86 51
669 435 52 95 78
669 710 30 42 39
669 571 21 59 29
473 20 31 44 36
722 347 27 55 30
722 280 35 99 39
722 503 27 100 88
228 659 31 65 60
659 811 40 97 79
659 599 37 94 68
659 760 74 92 84
659 387 54 74 61
677 85 31 86 64
285 451 68 74 72
285 648 65 100 72
285 141 43 81 75
231 421 83 93 86
231 80 57 99 97
421 657 18 78 77
421 689 62 80 75
232 79 65 67 65
232 124 84 90 87
232 423 44 56 44
423 367 14 68 15
423 53 37 91 59
423 815 50 69 57
234 362 93 98 95
234 137 15 72 37
750 159 63 86 78
236 381 59 93 76
236 323 22 89 37
236 361 67 76 76
236 463 36 80 76
381 302 64 86 70
361 672 61 68 65
463 20 18 80 65
463 243 45 86 46
238 830 84 95 88
239 88 84 85 84
239 156 10 27 25
239 331 10 18 14
239 802 15 65 38
331 189 92 96 92
802 285 37 73 49
802 257 16 80 53
240 173 71 100 98
242 319 18 53 28
242 699 33 91 38
699 721 14 85 47
699 761 31 49 41
699 743 20 80 47
307 29 41 78 72
307 691 63 98 66
244 802 93 97 96
244 229 18 23 20
244 590 84 98 92
244 227 42 89 78
246 628 49 99 59
246 839 11 12 12
628 716 17 68 36
628 556 54 84 63
247 658 81 84 81
247 138 15 98 63
248 372 55 66 64
248 88 26 53 38
249 823 86 96 92
250 153 27 57 49
253 619 41 60 59
253 435 52 93 63
435 7 64 93 83
435 416 21 88 50
435 335 44 100 50
254 171 82 83 82
255 257 56 74 71
255 753 54 60 54
255 209 13 73 62
255 736 11 19 18
255 258 30 34 33
255 618 53 83 58
257 557 50 78 50
753 203 23 48 36
753 495 10 97 21
753 659 64 100 82
258 741 20 33 24
258 566 41 59 59
258 632 39 64 50
618 540 55 84 80
557 782 89 91 89
557 298 48 98 80
741 616 35 76 74
741 119 93 97 97
259 745 50 57 54
259 299 62 71 68
745 706 71 77 72
745 446 67 74 69
745 740 22 85 36
299 71 15 37 25
299 463 69 78 75
260 786 20 75 64
262 229 65 97 83
263 585 93 95 93
263 379 81 95 81
585 577 63 78 78
585 483 36 82 53
585 84 58 89 87
585 648 59 82 62
475 141 61 69 61
266 69 19 38 37
266 686 93 96 96
266 641 84 86 85
641 318 39 70 61
268 97 74 83 82
268 782 43 87 50
268 354 73 95 80
268 463 67 90 72
782 286 93 94 94
269 800 92 99 93
269 774 23 44 33
800 150 65 75 75
774 473 81 96 83
270 455 62 76 74
455 533 36 91 89
455 449 40 59 51
271 161 60 93 65
271 710 31 52 45
271 502 42 82 79
710 494 92 99 93
272 143 92 95 92
272 476 52 83 79
672 246 93 97 93
672 723 81 92 89
672 613 34 98 93
274 706 88 92 88
274 834 86 96 87
274 562 27 29 29
706 649 36 62 62
562 387 84 100 85
276 151 83 89 83
276 98 65 99 98
499 694 61 75 73
279 75 35 51 37
279 99 89 99 95
280 563 90 91 91
281 453 11 16 16
453 70 40 48 41
283 828 75 84 84
828 444 48 52 51
284 271 26 43 35
284 464 31 58 47
648 187 75 91 80
791 279 85 88 86
791 174 29 55 52
580 273 62 86 65
580 724 64 99 83
287 554 35 65 46
554 160 11 97 37
554 311 71 75 73
288 740 74 87 78
290 0 35 43 35
290 744 83 94 89
290 492 62 81 66
744 5 46 87 84
492 456 21 66 56
291 594 75 87 76
594 751 81 92 87
594 778 83 91 88
293 183 10 42 17
294 415 62 77 64
294 374 68 98 95
294 12 82 87 87
296 676 31 33 31
296 8 11 83 32
676 818 86 99 95
676 76 11 56 35
676 708 59 94 68
676 635 10 63 19
676 359 57 82 66
297 290 79 86 83
298 93 10 56 20
298 657 14 64 62
657 560 61 99 89
657 661 84 90 86
300 777 23 80 79
302 257 73 85 81
304 589 70 89 72
304 690 64 100 78
304 51 55 57 55
589 471 18 32 31
589 226 58 73 59
690 224 38 97 92
690 291 71 89 72
305 449 13 17 14
449 271 22 43 35
691 753 55 100 61
691 726 15 58 55
691 828 59 97 63
691 50 36 52 42
817 292 47 71 55
817 408 50 100 60
311 817 46 72 63
312 761 56 57 56
312 512 33 35 34
312 401 75 79 78
761 181 60 72 69
401 199 33 52 36
313 405 84 89 85
772 706 39 100 56
772 458 11 32 20
315 485 38 55 53
315 435 78 96 92
316 555 76 86 84
316 778 74 79 75
316 815 67 68 68
778 209 81 85 85
778 155 94 97 95
778 705 85 93 92
815 402 14 95 42
815 277 33 63 59
318 180 52 59 59
320 576 19 22 21
576 361 10 55 19
324 751 18 24 23
751 263 18 44 21
751 536 76 94 94
790 166 75 93 85
790 425 89 99 91
596 781 90 100 94
596 74 68 96 73
327 347 78 94 93
327 570 45 70 54
347 243 87 97 97
328 762 75 98 86
328 529 21 31 22
503 137 82 95 89
503 457 57 68 63
633 588 86 87 87
335 681 30 83 74
335 234 70 96 81
335 353 33 55 49
681 767 30 67 37
353 132 73 87 84
353 662 55 73 73
353 555 89 98 93
336 768 19 99 58
768 675 31 58 55
378 365 28 84 78
378 647 20 65 60
339 780 54 60 56
339 203 41 82 53
339 748 28 32 32
748 139 29 76 32
748 61 42 47 47
748 82 63 66 65
341 287 56 58 56
342 14 38 60 54
342 295 30 62 44
343 296 86 97 87
343 770 80 87 80
770 244 52 81 71
770 189 52 56 53
344 253 70 83 74
344 601 87 99 96
344 252 36 77 77
344 233 53 62 62
601 289 33 48 39
601 662 30 49 47
601 305 90 94 91
587 755 64 90 65
346 658 80 81 81
346 579 64 96 65
346 257 34 88 54
346 406 18 24 24
582 198 67 72 68
787 28 73 95 74
662 712 30 81 73
662 389 60 88 76
662 43 26 31 28
355 487 56 77 62
359 94 66 92 72
363 498 70 86 86
367 213 48 63 61
368 617 63 73 63
369 113 68 81 80
419 157 53 75 65
419 721 44 63 51
752 360 67 94 91
373 770 58 67 65
373 11 52 61 56
373 679 22 53 34
679 644 40 61 47
679 148 23 95 64
375 303 16 62 22
377 534 55 85 70
377 533 12 72 29
647 288 47 60 47
826 20 60 91 75
826 211 38 56 43
826 631 12 13 12
388 297 58 63 60
388 75 32 98 58
388 387 31 75 52
389 584 38 41 41
389 310 50 58 50
389 673 45 49 47
673 124 77 90 84
673 635 18 73 70
390 561 15 81 35
390 186 53 89 86
390 761 71 73 71
390 665 28 29 29
390 333 36 92 76
665 587 15 43 39
665 419 53 63 63
391 542 73 90 78
391 260 41 47 44
391 784 73 96 83
391 202 55 82 62
784 132 53 69 61
392 39 67 93 68
395 527 11 76 21
395 481 54 92 74
395 626 51 63 61
403 563 22 50 39
403 148 26 71 31
404 370 68 91 88
409 794 59 75 69
409 832 39 73 40
409 283 34 54 39
513 131 82 100 100
513 697 51 79 71
513 584 50 88 80
412 93 11 60 28
412 223 28 49 31
413 48 41 78 67
413 540 79 93 80
416 678 33 71 35
678 403 78 92 78
678 455 81 91 85
678 230 62 89 72
418 39 60 73 62
418 357 25 41 40
721 746 70 83 77
721 133 23 30 30
422 494 12 95 37
422 13 21 70 65
424 305 91 92 91
424 71 51 76 75
424 281 64 80 76
425 660 11 39 24
660 748 26 96 78
426 762 34 80 51
426 350 86 91 89
426 764 65 88 76
764 735 14 43 24
764 413 93 95 95
427 135 37 83 52
428 44 40 60 55
428 738 11 80 65
429 6 51 63 55
431 695 72 73 73
432 99 69 88 77
432 325 78 82 78
432 245 37 50 50
432 326 53 57 53
434 721 43 71 60
436 386 54 84 81
436 409 92 99 97
437 596 69 82 77
437 155 13 73 60
439 10 32 87 34
440 484 93 100 100
440 271 92 100 96
484 824 22 31 28
484 158 63 72 68
484 801 93 95 93
441 505 77 97 79
505 539 92 97 92
505 358 10 100 73
443 792 95 98 98
792 465 53 96 91
444 165 23 42 23
446 477 42 83 49
446 519 58 89 73
446 227 26 30 28
446 64 59 71 59
450 742 28 72 68
450 505 20 46 22
450 19 77 100 92
450 116 48 62 55
742 440 32 63 51
742 126 61 62 61
742 62 14 78 54
454 109 72 95 80
454 26 56 70 57
457 10 66 72 71
458 267 52 81 66
460 393 33 99 92
462 345 31 94 84
466 152 18 89 88
467 338 52 81 71
467 18 60 61 61
467 634 27 32 31
467 392 87 92 89
467 75 94 97 97
467 465 10 81 68
467 53 53 77 65
467 409 24 65 29
614 25 83 91 90
471 58 46 58 49
471 416 56 95 88
483 33 50 75 51
483 81 63 98 97
824 788 11 46 26
824 145 17 48 25
824 453 26 64 51
824 63 51 92 69
488 241 71 79 77
491 528 36 86 36
491 141 81 82 82
495 210 11 29 12
495 250 26 64 28
496 628 30 84 33
496 239 40 73 54
501 448 32 38 32
506 56 61 97 84
506 126 72 88 74
507 642 15 37 28
809 275 40 96 55
667 207 65 89 84
509 718 42 43 43
509 257 86 100 95
509 677 64 98 67
697 581 82 86 83
697 412 91 95 91
514 821 12 46 46
821 85 18 58 32
821 0 34 82 58
515 695 11 54 47
518 31 85 96 93
518 131 88 89 89
518 669 84 90 86
518 283 69 70 69
518 180 71 98 78
521 502 88 93 90
536 24 86 100 88
536 102 79 92 86
526 459 28 81 42
526 587 50 65 51
526 517 80 86 86
526 251 28 55 46
531 477 49 74 49
531 281 57 59 57
531 287 66 79 75
535 602 11 92 42
535 33 85 89 86
535 450 34 95 73
602 322 37 76 67
602 717 71 87 71
602 799 25 41 27
588 278 84 86 84
588 146 87 98 94
544 688 62 69 65
688 549 65 76 71
688 190 71 74 71
688 502 41 100 91
688 222 55 70 63
546 81 54 94 79
546 319 79 84 82
549 107 69 75 72
549 556 58 86 73
556 288 79 82 82
556 181 77 98 94
556 157 14 96 17
550 616 52 53 53
553 524 27 48 33
553 191 36 48 40
564 464 46 90 46
564 525 89 96 89
788 507 95 97 97
788 362 24 25 25
568 581 20 59 56
568 170 67 84 69
568 159 48 89 60
569 326 83 90 89
668 795 15 16 16
668 228 89 97 94
668 625 64 70 65
724 555 42 49 46
724 483 72 83 77
712 209 56 58 57
712 262 47 70 50
712 472 31 87 32
591 145 53 75 74
591 410 38 70 48
591 533 33 46 43
591 425 56 75 70
598 254 65 91 90
598 521 38 47 39
600 302 52 97 95
600 773 35 62 44
799 475 21 26 26
603 664 91 98 96
603 471 37 92 62
605 547 50 78 76
605 105 35 38 37
608 104 42 52 52
739 264 24 27 27
611 672 76 77 77
612 154 92 93 92
613 151 84 93 87
615 684 84 85 84
615 184 37 90 82
615 330 54 96 85
615 547 14 69 27
621 346 94 98 98
716 132 70 74 72
716 83 39 96 74
716 107 36 64 43
639 74 14 92 31
818 242 80 83 80
818 384 21 66 48
643 6 76 95 85
643 96 64 97 93
645 333 88 94 94
645 192 52 77 55
649 681 53 64 53
649 110 85 100 99
651 221 66 99 66
654 386 54 90 69
654 389 25 70 52
811 93 49 53 52
663 527 42 79 63
663 673 64 78 65
666 811 35 48 39
666 782 44 54 49
666 53 36 79 65
795 3 30 95 42
795 264 49 57 54
795 435 43 52 50
795 614 49 52 51
671 139 42 92 61
723 433 28 52 31
674 647 54 93 78
674 246 58 96 76
708 375 88 97 93
708 826 48 67 66
708 564 92 99 95
708 201 65 91 84
705 244 60 61 60
767 594 84 85 84
683 621 89 99 97
685 50 57 94 70
685 587 21 56 52
685 114 88 92 91
687 579 57 85 64
726 141 30 94 77
726 618 67 69 68
692 308 36 79 72
692 18 56 59 59
692 473 78 89 78
693 158 51 76 72
693 500 94 100 96
693 186 19 42 23
696 272 44 78 68
696 617 94 96 94
698 506 77 99 79
743 540 90 93 91
743 424 44 66 63
702 336 15 100 85
702 247 59 72 63
703 553 53 64 61
707 627 68 86 85
707 471 18 74 55
709 284 52 82 79
714 272 77 92 84
714 699 70 86 72
746 388 46 78 57
746 802 22 77 29
729 739 12 70 56
733 624 93 94 94
733 565 61 79 75
733 281 76 88 85
734 728 51 88 52
831 495 35 58 56
749 723 91 97 96
757 47 57 87 81
757 737 32 39 32
758 735 68 79 71
763 741 89 100 96
763 364 16 62 57
765 556 95 99 97
765 748 17 89 34
765 744 29 99 36
769 535 86 100 99
771 434 49 67 60
771 725 50 62 57
776 567 70 75 71
776 249 49 80 57
779 396 14 61 58
779 393 12 98 84
783 833 65 87 75
783 53 88 89 89
789 642 74 100 93
793 628 59 80 64
796 11 73 88 87
797 277 20 49 42
797 646 64 86 81
803 114 78 89 79
803 307 34 52 46
805 765 23 36 33
805 631 90 93 92
805 257 26 86 50
805 494 80 84 80
806 97 39 95 52
806 805 91 96 93
810 88 50 86 80
812 588 32 56 44
813 126 28 33 30
816 171 35 74 60
816 644 79 91 83
816 580 72 94 91
816 828 74 78 75
816 100 74 78 75
816 106 15 62 15
820 477 37 38 37
825 622 17 67 55
825 187 60 71 70
825 197 10 17 16
829 243 67 92 90
838 268 19 83 51
0 839
