979 3354
0 232 43 74 59
0 27 76 89 83
0 180 94 96 94
0 457 43 63 47
0 461 84 88 85
232 819 21 70 28
232 226 31 50 35
232 213 44 63 57
27 513 80 83 80
27 156 54 68 66
27 915 25 75 62
27 232 77 89 80
27 159 79 86 85
180 641 18 58 43
180 948 68 78 75
180 456 29 64 35
180 378 65 96 70
180 938 65 96 86
180 678 41 54 50
457 340 68 100 88
461 364 15 60 33
461 765 39 96 43
461 909 14 92 57
461 81 81 98 91
461 818 29 60 31
1 571 77 89 83
571 225 92 93 92
571 814 62 92 65
571 590 28 90 67
2 682 61 63 62
2 164 75 90 84
2 872 73 100 84
2 137 70 82 79
2 958 51 70 65
2 610 75 90 84
682 968 55 67 61
682 549 83 89 83
682 507 61 65 64
164 304 24 45 29
164 883 47 49 48
872 444 81 99 81
137 707 31 53 32
137 61 51 84 76
958 554 42 82 42
958 225 52 84 78
610 116 11 63 27
610 99 32 34 33
610 126 22 25 24
610 365 93 99 94
610 655 11 95 23
610 550 77 86 83
3 787 39 87 66
3 288 50 75 59
3 128 42 79 66
787 529 79 90 90
288 564 44 79 48
288 742 43 57 47
128 504 48 63 58
4 369 34 60 55
4 458 16 31 22
4 225 81 84 84
369 526 26 52 28
369 412 69 95 77
458 75 38 97 94
225 873 75 78 78
225 248 82 88 82
225 315 36 85 49
225 839 70 79 76
225 334 10 18 10
5 598 59 98 62
5 720 63 81 75
5 961 67 87 74
5 873 74 96 91
598 647 62 98 81
598 43 34 91 68
598 267 12 13 13
720 851 85 91 89
720 972 29 54 42
720 463 14 92 35
720 48 78 92 79
961 339 37 67 39
873 617 50 78 65
873 655 39 77 76
873 674 71 83 77
873 948 84 90 86
873 332 50 58 53
6 878 47 58 52
6 624 64 93 91
6 419 77 87 87
6 808 71 79 72
6 720 69 78 74
878 380 23 43 39
878 528 32 75 43
878 829 31 58 52
624 434 18 56 24
624 561 86 90 86
624 508 90 94 91
624 339 80 98 81
624 827 48 79 51
419 967 55 100 93
419 477 20 29 29
419 650 86 99 99
419 500 30 73 52
808 654 90 97 90
808 157 22 95 72
808 91 54 70 67
7 825 35 71 70
7 373 95 97 95
7 147 39 47 46
7 915 44 47 47
825 165 48 64 54
825 942 73 90 74
825 332 48 77 74
825 198 91 96 93
373 294 64 81 74
373 776 29 39 30
373 139 92 100 100
147 332 12 81 38
915 669 39 66 43
915 7 23 95 67
8 923 75 84 82
8 928 93 96 94
923 385 64 84 74
923 110 82 86 86
923 93 53 79 63
923 653 13 17 17
923 904 84 90 84
928 733 44 50 44
928 206 39 54 51
9 872 32 80 51
9 184 11 82 68
9 702 59 86 76
184 670 61 97 86
184 54 95 99 95
184 40 88 90 89
184 371 48 85 66
702 104 50 88 84
702 155 95 96 96
10 554 69 81 79
10 950 73 92 92
10 872 44 49 44
10 528 81 92 92
10 410 10 100 83
554 612 64 77 66
950 14 91 92 92
950 768 37 40 40
950 407 60 98 61
950 723 28 88 54
950 93 95 98 95
950 205 83 85 85
528 125 51 100 54
528 274 41 59 57
528 961 94 97 96
528 579 14 39 16
410 404 51 82 65
410 218 85 94 87
410 216 79 87 85
410 785 71 86 84
410 75 62 97 95
12 446 94 97 94
446 874 71 83 76
13 441 34 89 67
441 159 51 72 54
441 523 27 95 92
441 706 88 100 90
14 768 12 70 44
768 859 35 92 77
15 766 20 97 88
15 207 74 87 87
15 731 42 76 76
15 887 61 71 64
766 591 57 92 68
766 494 34 36 35
766 30 32 86 86
766 765 67 96 83
766 544 35 40 35
766 489 95 98 97
207 423 55 85 65
207 193 84 97 92
207 537 74 83 83
207 309 44 95 48
207 248 30 54 46
207 240 22 40 27
731 967 72 85 73
731 486 59 68 65
731 759 47 49 48
731 63 57 86 72
731 190 85 95 91
887 771 53 60 60
887 875 66 92 72
16 756 79 84 80
756 550 79 87 83
756 120 32 55 47
756 167 72 77 75
756 336 65 76 74
17 594 14 38 16
594 97 79 89 82
594 647 49 94 82
594 849 50 78 56
594 236 18 45 38
594 164 30 69 35
18 581 14 52 28
18 148 17 45 39
18 792 78 86 85
581 436 88 92 89
148 976 61 96 61
148 547 86 88 87
148 390 30 53 39
148 208 31 94 42
148 553 60 91 79
792 445 21 88 52
792 707 36 94 80
792 815 11 70 65
792 859 29 83 72
792 618 77 87 80
19 585 82 98 83
19 30 29 92 33
19 473 52 85 70
19 878 50 79 61
585 978 89 90 89
585 150 24 48 24
30 235 11 86 44
30 729 56 73 72
473 699 46 74 55
473 139 81 86 86
473 596 58 74 66
20 99 77 98 80
20 677 78 80 78
99 813 16 82 37
99 514 94 97 97
677 93 15 52 31
677 553 77 92 88
677 784 48 55 53
677 749 52 84 81
677 525 88 92 88
677 712 79 97 86
21 498 45 81 60
21 720 46 74 74
21 652 85 94 86
21 267 91 93 93
21 455 62 66 65
498 17 16 38 27
498 816 93 98 93
498 691 83 84 84
498 811 69 91 84
498 156 57 95 68
498 458 93 99 98
498 525 55 69 66
652 306 56 70 59
652 455 35 93 53
652 631 54 72 61
652 712 50 66 55
652 99 61 78 67
267 0 95 98 98
267 919 45 50 48
455 102 88 91 88
455 404 70 91 81
455 806 72 77 73
455 200 83 93 86
22 776 70 94 83
22 782 70 71 70
776 254 88 100 98
776 664 36 64 38
782 794 63 69 69
782 819 31 64 33
782 351 64 97 65
782 92 94 100 99
782 138 38 44 41
23 205 81 84 84
23 240 36 100 95
23 80 29 75 68
205 315 89 92 89
205 411 55 95 79
205 424 14 73 43
205 758 55 100 56
240 196 43 97 63
240 586 91 99 93
240 953 37 56 38
240 770 45 61 58
240 740 53 60 59
240 515 81 85 81
80 930 11 88 22
80 721 93 95 94
80 345 43 74 45
80 296 91 92 91
80 357 11 48 33
24 4 20 78 22
24 622 90 97 93
24 615 44 49 48
24 876 19 80 40
24 254 44 68 45
622 104 74 83 82
622 130 16 22 17
622 15 49 58 53
622 269 94 100 98
615 481 27 95 85
615 954 11 36 30
876 328 88 95 92
876 569 16 67 19
876 781 23 57 52
876 727 65 98 77
876 514 95 99 98
876 256 69 82 70
876 884 84 92 91
876 125 54 67 56
254 41 95 99 95
254 767 48 91 74
254 944 41 97 64
254 167 91 93 93
254 47 41 97 70
25 166 95 97 95
25 746 90 96 90
25 830 78 80 80
25 872 64 74 71
25 102 21 53 48
166 83 34 77 57
166 320 18 85 68
166 975 53 68 62
166 125 17 98 95
746 221 66 78 70
746 100 79 84 80
746 905 21 36 29
746 456 57 75 71
746 757 67 72 69
746 113 92 94 94
746 332 12 28 19
830 707 92 95 94
102 23 37 61 50
102 382 50 80 60
102 140 60 75 67
26 653 20 34 29
26 498 46 77 49
653 255 32 67 53
653 30 69 86 84
513 906 60 90 70
513 280 17 67 28
513 912 55 82 60
513 445 92 98 98
156 774 69 89 78
156 931 70 99 86
156 744 74 97 88
156 201 51 95 58
156 578 57 63 63
156 332 95 98 98
159 285 48 53 52
159 667 88 100 95
159 378 87 97 94
159 568 78 99 85
29 754 11 90 60
29 234 59 73 62
29 210 11 75 68
29 218 43 51 49
29 272 60 81 74
754 492 82 89 89
754 621 44 84 68
754 261 29 94 74
754 262 67 88 88
754 327 33 56 49
754 46 76 83 82
754 642 20 85 79
754 770 15 51 18
234 317 28 98 73
234 567 22 92 64
234 405 84 94 91
234 568 12 86 78
234 645 38 64 47
210 812 88 92 89
235 515 63 64 63
235 267 53 59 54
235 271 57 68 65
729 791 91 99 94
31 328 91 94 93
31 131 34 50 48
31 745 23 52 26
31 245 71 75 72
31 535 68 75 71
31 236 17 57 26
131 630 81 84 82
131 693 67 80 79
131 795 86 100 95
131 627 40 71 55
131 86 46 86 57
745 659 53 72 55
745 612 93 99 97
745 549 11 71 27
745 254 90 93 91
245 183 89 99 93
535 104 56 95 68
535 331 75 86 85
236 900 39 44 39
236 488 54 99 88
236 500 53 55 55
32 625 42 98 89
32 725 32 97 73
32 597 81 95 89
32 299 52 75 58
625 712 77 98 77
625 899 19 61 46
625 588 50 93 56
725 773 51 78 72
725 647 50 66 50
725 99 11 81 71
725 310 38 94 68
597 218 87 89 89
597 679 59 98 63
597 595 91 94 92
299 180 45 69 63
299 926 73 100 78
299 159 68 85 72
299 752 47 88 50
299 138 78 90 90
33 227 61 100 64
227 851 79 83 82
227 813 63 88 67
227 106 47 58 47
227 811 40 95 90
34 23 60 61 60
34 609 16 73 68
34 268 63 75 73
34 93 60 100 64
609 147 47 91 67
609 417 35 41 40
268 286 21 56 52
268 818 93 97 95
93 637 61 83 68
93 104 14 77 38
93 148 26 54 48
93 276 41 72 42
93 621 51 66 56
93 469 15 24 20
35 451 48 73 55
35 197 94 96 96
35 938 43 90 64
35 563 62 69 64
451 750 26 68 60
451 82 61 67 66
451 890 70 95 86
451 1 54 58 58
197 176 60 65 65
197 454 68 77 70
197 138 62 71 65
197 507 76 98 88
563 452 16 90 21
563 255 49 63 59
563 294 40 100 65
563 249 82 86 83
563 328 79 96 93
563 750 55 74 69
36 413 83 94 85
36 934 28 50 47
413 667 37 61 52
413 496 75 85 84
413 313 69 78 72
413 269 83 95 94
413 548 69 87 71
413 828 32 54 37
934 281 80 99 92
934 13 29 42 41
934 98 40 56 42
37 259 89 94 92
37 364 31 93 47
364 719 15 77 41
364 41 50 87 86
364 113 69 74 71
364 214 14 17 17
364 343 19 41 20
364 126 84 86 86
38 636 50 51 51
38 959 52 98 87
636 822 83 96 87
636 803 51 85 54
636 668 27 47 38
636 963 15 57 15
959 724 83 94 87
39 574 49 89 75
39 408 41 78 44
574 667 67 81 70
574 61 23 92 48
408 707 38 46 42
408 468 87 89 87
408 195 78 79 79
41 486 38 88 72
41 598 89 92 89
41 464 42 89 43
41 382 34 43 37
486 230 41 56 42
486 958 29 75 48
464 588 29 58 46
464 568 31 56 41
382 757 49 53 53
382 817 33 94 69
382 374 48 75 63
382 768 80 100 98
42 399 85 88 87
42 930 95 96 95
42 11 17 35 33
42 296 28 75 62
399 66 94 98 96
399 324 81 89 87
399 168 14 99 83
399 344 21 54 49
399 182 79 82 80
399 633 36 77 44
930 640 94 96 95
930 971 77 96 89
930 403 49 96 81
930 784 93 95 95
930 790 51 55 51
296 574 88 95 91
296 109 48 78 76
296 710 19 86 50
296 20 33 42 40
296 123 72 96 89
296 504 63 67 63
43 285 60 98 71
43 364 33 51 38
285 198 54 74 72
285 423 67 82 69
44 336 17 52 52
44 237 60 88 60
44 691 46 93 89
336 869 12 73 36
336 122 73 88 79
336 815 45 91 71
336 303 64 92 89
237 317 67 80 78
237 957 13 35 28
237 556 75 80 80
237 108 76 77 76
691 745 43 68 57
691 228 14 44 22
691 400 63 74 65
691 718 25 86 74
691 47 15 23 15
691 499 80 82 80
45 85 11 51 32
45 91 29 49 39
45 115 27 88 74
45 547 15 39 30
45 713 24 78 52
45 958 74 80 74
85 955 32 92 49
85 806 18 74 65
91 320 35 56 45
91 807 60 91 67
115 130 78 94 79
115 694 63 67 64
115 811 40 80 76
115 428 66 68 68
547 256 21 80 32
547 269 26 53 46
547 377 51 86 76
547 895 89 91 89
547 393 91 92 91
547 840 26 96 45
713 275 69 88 72
713 246 95 100 97
46 714 80 90 87
46 326 56 77 76
46 8 51 65 61
714 437 89 96 89
714 862 83 89 89
714 227 15 92 27
714 799 46 83 62
714 82 86 89 86
326 730 70 94 81
326 248 44 46 45
47 976 49 100 51
47 405 95 96 96
976 532 68 85 85
976 894 24 76 31
405 737 54 57 57
405 511 14 78 15
405 812 73 91 91
405 295 63 88 70
48 776 58 93 71
48 115 10 72 62
48 953 67 87 78
48 37 75 96 87
48 799 10 30 18
48 912 26 54 42
953 695 61 89 74
953 410 28 65 62
953 690 28 61 33
953 297 39 69 54
799 182 44 88 71
799 766 33 59 40
799 192 20 73 22
799 50 78 99 88
912 974 94 99 99
912 496 94 96 94
912 698 11 50 35
49 514 66 86 83
49 223 48 62 53
514 953 32 85 60
514 939 13 45 45
514 244 69 82 71
50 548 38 61 59
548 885 40 48 46
548 91 35 46 40
51 617 45 66 62
51 206 71 74 72
617 783 66 67 66
617 116 10 42 38
617 780 87 93 92
206 670 90 100 96
206 494 19 79 69
206 904 11 20 11
206 816 55 88 76
52 350 50 53 51
350 955 26 71 56
350 257 78 85 83
350 401 93 99 93
53 957 34 42 40
53 471 62 100 98
53 342 14 50 41
53 812 23 100 65
957 406 29 46 29
957 894 90 93 92
957 706 48 91 49
471 687 62 96 69
471 616 88 100 97
471 309 17 55 34
471 337 17 69 23
342 315 54 94 72
342 397 82 95 94
342 364 25 54 51
342 7 84 95 89
342 801 47 94 53
812 34 15 24 17
812 693 17 76 59
812 776 72 80 75
812 574 37 45 41
812 420 41 94 63
54 873 25 40 28
54 770 30 84 48
54 781 47 67 53
770 924 11 76 13
781 975 23 64 56
781 865 38 92 55
55 409 36 43 41
55 618 56 100 82
55 404 71 95 79
618 550 28 86 30
618 47 28 68 31
618 243 72 98 92
618 600 27 85 75
404 921 51 57 52
404 695 83 99 98
404 746 72 76 76
56 263 84 91 85
56 246 31 86 66
263 730 94 98 97
263 608 95 96 96
263 338 25 97 94
246 126 75 86 75
246 683 36 37 37
246 44 59 74 63
246 759 19 87 73
246 372 87 98 93
246 801 63 88 76
57 812 46 91 51
57 895 44 69 49
895 957 82 88 87
58 316 45 64 56
58 596 17 21 17
58 481 42 78 66
58 939 68 81 79
316 438 49 79 59
316 915 84 94 90
316 767 43 98 81
316 505 91 92 91
316 507 47 91 67
316 633 85 95 95
596 690 55 100 88
596 526 56 57 57
596 724 57 70 68
596 573 35 36 36
596 962 65 94 78
596 764 23 35 25
596 13 65 99 73
596 12 29 81 78
481 7 90 91 91
939 172 21 77 45
939 703 30 34 33
939 679 32 37 36
59 234 23 70 60
59 347 37 64 62
59 127 57 65 58
59 657 37 46 37
347 910 50 83 69
347 242 55 91 78
347 711 89 98 91
127 334 40 57 49
127 2 44 91 52
127 76 32 70 64
127 157 36 37 36
127 845 16 81 17
657 808 69 78 71
657 251 11 21 16
657 195 38 45 44
657 245 74 89 76
657 158 66 89 73
657 530 93 99 94
60 691 87 99 91
61 115 68 84 70
61 190 66 78 70
190 589 10 12 11
190 344 64 77 77
190 284 44 96 90
190 300 92 100 99
190 644 19 73 19
190 44 13 66 36
62 690 30 74 73
62 195 90 95 95
62 32 51 59 52
62 925 19 51 31
62 659 39 75 50
62 638 95 96 95
690 279 44 83 54
690 149 85 94 89
690 708 13 47 26
195 756 77 89 83
195 872 27 71 46
195 76 45 87 72
195 40 16 29 24
195 223 57 66 62
925 224 72 84 74
925 257 29 44 35
925 438 48 92 92
659 172 15 68 21
659 358 42 98 55
659 344 60 86 72
659 975 88 89 88
638 410 79 81 81
638 801 91 92 91
638 964 17 62 35
63 667 28 81 31
63 611 54 78 58
63 438 86 89 88
63 578 64 70 70
63 538 85 88 88
63 233 94 95 95
667 448 10 76 36
667 359 87 94 94
611 306 56 87 57
611 846 69 98 76
438 555 52 98 80
438 829 42 98 70
438 739 69 80 80
438 88 92 97 92
438 411 57 59 59
578 778 39 73 49
578 19 26 81 62
538 253 75 94 84
538 17 84 91 90
538 890 81 96 94
538 694 47 71 70
538 69 88 93 91
233 558 44 68 56
233 409 36 41 36
233 603 48 98 56
233 716 59 98 88
64 657 70 91 82
64 545 33 94 66
64 211 29 73 61
64 315 40 60 57
64 915 34 39 38
545 204 43 66 54
545 84 39 61 44
545 957 81 98 96
211 456 24 90 60
211 125 53 54 53
315 703 29 84 57
315 163 18 21 19
315 801 26 30 29
315 375 23 72 32
315 663 55 59 58
315 745 77 93 79
315 897 10 29 29
315 408 92 95 93
315 260 30 100 52
65 299 79 86 81
65 610 45 92 62
66 616 39 63 59
66 717 31 84 83
66 288 55 88 82
66 132 32 37 35
66 965 84 96 87
66 849 57 75 63
616 84 24 71 66
616 615 71 72 72
717 294 37 80 55
717 936 45 69 60
717 174 61 90 86
132 435 31 61 55
132 75 45 84 54
132 638 13 48 14
132 912 63 96 66
132 35 57 72 61
132 949 55 56 55
965 275 23 62 49
965 387 24 43 35
965 499 47 97 58
965 679 17 32 19
965 720 92 96 93
965 788 25 34 32
965 548 71 80 80
849 607 41 97 43
67 399 66 97 93
67 65 54 55 54
68 70 88 97 91
68 536 26 89 59
68 698 94 99 98
70 825 74 75 74
70 257 58 95 91
70 32 69 75 70
70 226 58 62 58
536 696 49 60 49
536 192 88 91 88
536 927 89 95 92
536 435 83 94 93
698 919 65 97 96
698 974 69 76 74
698 970 28 50 49
698 370 70 71 71
698 607 42 67 45
698 484 95 96 95
69 421 10 43 39
69 695 24 51 38
421 944 45 97 79
421 129 61 82 80
421 496 95 96 95
695 767 10 83 23
695 847 49 72 60
695 491 73 85 77
695 678 67 71 69
257 104 75 89 88
226 515 52 70 52
226 225 78 84 84
226 721 15 32 24
226 670 66 70 70
71 525 75 91 87
71 780 61 62 61
71 830 69 72 69
525 753 27 95 50
525 375 50 81 80
525 602 16 68 54
525 513 60 74 72
780 161 62 88 82
780 559 69 82 71
780 324 69 79 71
780 331 82 97 94
72 804 10 92 25
72 296 64 67 66
72 779 79 99 94
804 651 89 90 89
804 537 16 76 24
804 335 45 85 50
779 288 67 93 88
779 103 10 74 46
779 42 64 93 72
779 590 27 95 57
73 355 29 85 29
73 494 82 90 88
355 719 43 86 76
355 942 89 90 90
355 536 75 76 75
355 78 83 100 92
494 753 65 88 74
494 743 86 90 90
494 466 32 74 54
494 100 11 100 36
74 762 87 100 92
74 382 45 99 87
74 775 48 57 51
74 96 32 89 67
74 429 38 95 75
74 149 80 92 80
74 262 48 85 84
762 875 64 81 68
762 36 51 91 61
762 433 62 63 62
762 643 62 69 69
762 854 90 97 93
775 128 43 70 52
775 866 77 98 86
775 869 55 74 66
775 898 93 98 98
775 72 88 90 89
96 396 42 55 44
96 716 32 55 39
429 701 20 99 74
429 615 87 92 89
429 175 15 82 59
429 665 31 51 33
429 216 63 76 64
149 485 12 69 19
149 57 92 94 92
262 259 60 64 63
262 643 65 94 90
262 215 75 98 90
75 446 62 64 64
75 37 43 57 57
75 102 93 94 93
75 637 56 68 63
75 818 81 96 81
75 425 25 82 26
637 593 44 60 45
637 601 82 91 85
637 539 21 82 43
637 88 61 97 85
818 200 45 53 49
818 19 37 89 75
425 927 51 66 53
425 54 58 71 62
425 642 18 97 41
425 685 31 73 51
425 856 35 65 54
76 375 32 37 36
375 738 16 63 50
77 57 27 39 29
77 263 30 41 34
77 643 28 85 47
643 775 32 42 38
643 443 36 66 48
643 465 58 68 62
78 491 75 77 75
78 892 68 91 73
491 90 53 95 66
491 619 69 75 74
892 455 27 69 59
892 895 91 93 91
79 929 76 92 87
79 320 68 100 94
79 774 15 42 25
929 496 24 62 59
929 387 49 85 76
320 578 59 83 66
320 612 82 83 82
774 439 80 98 82
721 293 79 91 82
345 926 91 93 93
345 89 30 43 35
345 28 34 89 55
345 270 70 94 93
345 879 14 60 16
357 654 54 55 55
357 699 24 47 43
357 688 60 83 68
357 350 86 90 88
81 621 95 100 100
81 186 89 91 89
81 898 95 96 96
81 697 45 81 74
81 730 40 89 63
621 158 43 95 68
621 217 80 93 85
621 714 32 77 57
621 205 58 62 59
186 43 36 95 38
186 600 24 32 28
898 880 21 91 47
898 124 72 87 78
898 241 85 100 87
898 500 90 97 91
898 521 18 86 20
697 379 40 98 86
82 47 66 92 67
82 495 90 99 94
82 811 82 94 86
82 251 22 38 33
82 808 95 100 99
495 560 65 70 69
495 971 39 58 47
495 160 42 66 56
495 263 75 76 75
495 89 21 35 35
811 280 38 55 48
811 351 43 94 59
811 588 68 100 82
811 542 16 42 20
811 207 27 36 27
811 786 74 81 77
811 819 30 62 38
251 335 90 98 94
83 323 28 48 32
83 42 80 96 80
83 287 35 63 37
323 218 39 52 48
323 656 65 92 79
287 302 62 98 91
287 643 29 60 32
287 838 14 80 69
287 791 79 81 81
287 540 83 97 85
287 356 70 81 81
84 548 95 98 98
84 674 82 90 87
84 267 21 33 33
674 268 67 75 70
674 527 32 66 61
955 666 57 60 60
806 203 73 85 75
806 212 25 99 62
806 274 63 98 63
806 179 51 62 53
806 464 77 93 88
806 442 17 81 46
806 334 12 98 53
86 506 64 74 64
86 147 29 70 56
506 198 40 70 46
506 626 72 79 72
506 158 34 44 43
87 392 34 57 42
87 734 30 86 77
87 846 53 62 62
87 345 20 33 31
87 157 62 78 74
392 417 67 97 97
392 459 60 86 86
392 65 89 97 95
392 296 74 80 77
392 907 36 66 39
734 2 38 80 55
734 94 75 89 76
734 416 26 71 26
846 72 73 76 76
846 139 34 55 36
88 748 40 54 44
88 453 33 85 76
88 428 87 91 91
88 876 95 98 96
88 357 48 97 84
748 469 36 68 59
748 381 49 59 55
748 220 95 96 96
748 70 35 57 57
748 848 35 53 47
748 885 61 77 70
453 81 29 47 32
453 476 60 65 62
453 149 91 98 97
428 536 25 81 52
428 58 46 64 61
428 778 55 95 83
89 187 75 85 79
89 357 11 30 11
89 443 30 98 46
89 253 83 100 93
187 464 21 70 46
443 661 66 69 66
443 497 63 92 77
443 258 74 93 92
253 567 30 92 55
253 314 21 67 47
253 813 81 95 85
253 736 67 68 68
253 976 32 75 60
253 416 59 95 95
90 260 33 64 41
260 372 61 100 85
260 911 91 94 94
260 369 74 98 93
807 256 53 67 53
807 952 57 85 59
807 488 24 28 27
92 944 34 66 37
92 566 17 25 18
944 653 65 96 88
944 578 78 91 88
566 525 25 76 73
566 638 48 95 84
566 242 33 65 65
566 849 19 39 25
566 411 76 81 78
566 156 89 100 100
104 277 56 75 74
104 117 63 100 96
104 220 63 66 66
104 378 48 100 59
104 322 77 93 90
104 17 88 97 91
276 733 46 93 51
276 63 48 51 49
276 886 84 89 86
276 121 70 94 94
469 879 11 82 72
469 903 90 96 95
469 87 32 44 44
469 918 44 100 67
94 910 24 35 33
910 921 76 87 87
910 55 67 96 71
910 225 60 74 73
910 261 70 76 70
95 108 54 88 88
95 440 81 98 86
95 166 10 29 29
95 116 35 54 36
95 702 48 59 49
108 424 17 48 21
108 317 27 74 64
108 418 42 46 43
108 949 47 77 73
108 913 38 68 39
440 92 93 99 93
440 620 10 65 56
440 580 87 89 87
440 410 45 76 70
116 27 50 94 52
116 584 93 99 95
116 543 56 92 65
396 592 30 84 84
396 749 41 43 42
396 229 22 73 67
396 315 67 88 74
716 550 30 55 33
716 911 54 59 57
716 903 90 92 90
716 625 16 42 26
716 540 72 87 87
97 522 56 73 60
97 271 72 100 99
97 433 46 67 51
97 452 73 95 95
97 779 56 92 58
522 50 12 51 28
522 934 88 93 92
522 481 94 95 95
522 223 58 79 73
522 417 70 80 74
271 914 84 98 91
271 88 39 72 41
271 855 79 88 85
271 748 23 47 27
433 136 71 88 83
433 484 19 80 68
433 179 15 63 35
433 500 92 95 93
433 848 15 73 72
452 389 64 69 67
452 344 51 82 51
452 817 30 49 44
452 905 87 90 90
98 557 31 79 42
98 667 16 81 66
98 605 82 96 87
98 291 67 94 91
557 167 63 86 78
557 485 92 93 93
557 730 27 50 32
557 837 93 100 99
557 687 95 96 95
557 28 49 77 73
605 274 18 27 21
605 970 64 90 76
605 558 27 78 63
605 312 31 87 45
291 444 25 65 47
291 76 43 63 51
291 543 81 88 85
291 852 20 74 63
813 336 39 41 41
100 254 12 40 34
100 780 20 76 30
100 142 51 89 83
100 284 85 89 88
100 878 88 96 89
142 449 30 98 52
142 11 68 84 81
142 369 49 90 64
142 283 22 23 22
284 300 87 92 92
284 269 58 69 60
284 488 38 65 41
284 447 38 96 48
101 793 75 77 75
101 214 77 85 80
101 436 38 87 67
101 151 90 96 95
793 938 32 48 38
793 48 23 45 45
214 496 63 93 65
214 639 53 90 86
214 108 74 78 77
214 798 36 92 42
436 706 80 90 82
436 121 58 86 72
436 585 58 84 62
436 265 48 68 57
151 520 12 22 13
151 821 83 93 85
151 448 55 80 73
151 905 18 27 24
151 967 76 84 76
140 312 86 93 93
140 504 69 71 71
140 298 85 92 91
103 848 20 77 48
103 439 90 96 90
103 836 46 82 68
103 20 91 98 91
848 301 29 98 45
848 670 44 74 65
848 923 30 81 70
848 325 28 62 30
439 134 62 88 84
836 506 40 60 54
836 550 67 89 67
836 222 21 83 75
836 324 34 92 91
836 364 64 72 69
277 900 60 94 65
277 717 21 91 35
117 664 80 97 90
117 836 41 63 50
117 288 27 36 28
220 838 77 95 86
220 161 78 92 90
220 401 89 95 93
220 288 57 82 70
378 418 79 87 79
378 772 35 38 38
378 538 87 94 93
378 605 88 98 98
322 570 36 67 61
322 788 41 76 42
322 376 13 22 18
322 869 43 45 45
105 526 50 76 75
105 785 77 99 87
105 578 50 96 67
526 870 55 84 81
526 292 30 78 66
526 501 18 62 27
526 298 92 98 97
526 7 17 58 58
526 454 47 76 48
785 237 74 98 92
106 98 91 96 95
106 1 67 72 69
106 150 20 63 39
106 523 34 92 77
150 919 86 95 91
523 731 77 95 80
523 138 95 99 98
523 953 54 83 68
107 576 76 97 96
107 960 47 71 48
576 105 46 75 53
576 198 50 60 50
960 382 11 91 60
960 707 76 93 76
960 354 62 78 74
960 299 18 79 72
424 322 70 80 70
424 477 28 80 35
424 111 51 81 51
424 583 46 66 48
317 160 51 60 59
317 80 86 99 87
317 350 87 100 88
317 926 90 98 95
418 471 19 47 39
418 16 71 86 71
418 755 57 61 60
418 391 40 71 52
949 309 69 99 78
949 726 95 96 96
949 211 18 77 66
913 891 38 70 57
913 714 43 62 47
913 289 50 99 69
913 419 76 86 77
109 212 28 87 63
109 466 39 53 39
109 781 79 93 79
212 31 54 94 76
212 804 24 53 45
212 316 35 53 41
212 106 23 29 25
212 184 80 89 88
466 371 86 93 93
466 638 43 85 44
466 334 57 73 65
466 478 83 90 84
110 535 68 89 81
110 488 76 84 84
110 874 36 72 57
110 213 95 100 99
110 769 82 87 84
110 850 88 92 89
110 68 76 81 78
110 926 40 97 76
488 175 73 87 77
874 490 54 93 82
874 644 72 98 78
874 517 87 91 88
874 685 82 90 88
874 406 87 89 87
874 648 49 50 50
213 510 22 80 28
769 878 90 100 95
769 486 81 89 83
769 468 50 73 53
769 898 71 90 75
769 498 61 71 64
769 863 29 44 41
769 744 66 94 91
850 423 88 95 92
850 867 80 91 80
926 905 86 88 88
926 861 53 80 66
926 51 67 76 72
926 551 57 78 61
111 677 71 94 80
111 359 69 90 73
111 47 93 97 97
111 839 40 47 47
111 88 47 91 78
111 460 41 92 51
111 622 16 40 32
359 845 42 95 93
359 534 54 88 70
839 397 77 97 93
839 885 67 89 86
839 339 15 54 34
460 955 77 81 79
460 582 88 100 99
460 740 65 96 76
460 66 26 44 26
112 352 12 79 32
112 62 39 69 49
112 156 13 99 62
352 628 15 38 34
352 336 19 79 67
113 421 16 21 16
113 114 81 97 88
113 715 34 77 49
113 435 83 91 90
113 581 21 45 30
114 347 40 91 87
114 977 53 90 83
114 853 42 60 49
715 638 33 82 58
715 277 70 97 96
435 450 59 97 95
435 294 36 50 39
435 88 40 93 42
435 159 40 62 61
435 882 35 53 51
435 26 59 90 84
435 591 20 93 73
435 745 23 31 25
435 602 64 84 67
977 99 88 93 90
977 967 55 61 58
853 586 17 41 34
853 37 45 82 70
853 369 81 86 86
853 416 10 71 15
853 812 92 94 94
130 597 15 45 45
130 488 49 100 66
130 61 13 50 42
694 407 54 86 79
694 439 82 100 97
694 741 86 89 89
694 582 67 75 68
694 297 35 75 37
584 819 60 78 64
584 546 65 96 95
584 835 32 91 81
584 905 58 70 66
543 430 57 96 92
543 751 13 67 39
543 369 58 59 58
543 38 35 72 43
664 755 19 94 27
664 103 40 92 77
118 467 31 50 48
118 813 53 61 55
467 445 13 38 13
467 17 83 85 84
467 57 45 65 62
119 361 39 50 44
119 199 53 86 73
119 350 49 62 53
119 823 94 97 94
119 125 10 46 19
361 961 46 52 48
361 153 26 91 61
361 158 81 82 81
199 845 82 96 91
199 234 34 86 61
823 147 49 80 64
823 238 68 69 68
823 389 22 47 47
823 511 10 45 25
823 180 28 91 55
823 835 19 59 54
125 518 52 89 79
125 24 37 69 46
121 732 32 63 58
121 536 59 65 65
732 469 50 52 52
732 153 18 57 28
732 846 26 78 61
732 150 42 63 58
122 0 94 97 94
122 341 36 82 60
122 437 15 61 46
122 614 70 80 70
122 542 86 99 96
122 96 11 52 19
122 147 31 65 63
341 452 80 93 88
341 648 37 78 44
341 122 39 48 40
341 568 66 70 68
437 327 79 90 82
437 347 11 30 24
437 729 70 93 92
614 872 18 73 27
614 580 27 82 49
614 436 35 81 42
542 488 72 90 84
542 425 15 66 52
123 292 87 89 87
123 482 90 100 96
123 579 23 30 28
292 623 22 75 54
292 139 94 98 94
292 753 16 49 27
292 233 26 56 54
292 875 83 99 95
482 109 36 46 41
482 701 55 72 55
579 761 87 90 87
579 91 16 85 71
124 619 22 44 37
124 224 19 21 21
619 333 67 72 71
619 567 33 86 36
619 580 39 44 39
619 306 37 57 44
224 752 78 80 80
224 496 22 83 23
224 942 17 60 38
518 70 10 77 41
518 760 76 87 83
518 796 51 85 54
518 385 78 100 94
518 604 34 43 34
126 601 64 93 89
126 209 21 81 37
126 937 76 78 77
126 184 65 76 71
126 691 11 70 14
126 662 17 75 58
126 694 41 50 41
126 820 80 84 84
601 190 61 75 65
601 907 77 79 79
601 45 72 76 76
601 927 44 47 45
209 90 86 95 93
209 728 40 83 66
937 305 10 76 56
662 945 77 97 90
662 388 79 97 81
820 205 61 99 85
820 561 83 90 85
820 459 15 98 24
820 447 10 93 33
820 591 88 91 89
820 544 13 30 28
334 565 64 96 95
334 595 69 72 72
845 172 36 74 54
845 361 20 72 21
845 513 48 54 48
504 108 90 98 92
504 702 74 87 77
129 318 86 93 86
318 437 29 60 48
318 640 76 81 79
318 466 47 74 56
318 669 51 70 54
318 766 80 92 85
630 51 89 98 95
630 528 20 60 33
630 295 94 97 94
630 761 61 96 66
630 613 77 100 86
693 44 83 93 84
693 322 14 31 25
693 874 36 54 38
693 145 56 68 58
795 324 70 95 90
795 824 75 91 75
627 889 56 91 68
627 858 23 60 56
627 81 76 80 77
627 711 56 99 93
627 192 15 75 67
133 406 72 84 77
133 810 21 82 22
406 455 73 95 79
406 228 60 80 72
406 223 29 72 72
406 149 69 82 79
406 282 27 90 31
406 917 20 39 29
810 975 56 97 65
810 878 47 86 53
810 714 25 67 27
810 679 76 77 76
134 657 41 93 46
134 411 78 85 83
134 325 87 91 90
134 713 67 96 89
411 807 95 98 97
411 345 76 94 76
411 553 23 24 24
411 522 60 90 74
411 359 80 87 87
325 764 66 76 76
325 508 62 97 77
135 457 46 86 63
135 143 65 97 75
143 370 31 70 64
136 461 48 86 86
136 870 66 81 70
136 225 21 92 78
136 204 81 94 92
870 294 37 57 44
870 108 51 77 63
870 353 73 94 79
870 211 30 69 61
870 741 78 93 81
204 607 19 54 31
204 936 83 99 98
707 178 83 90 87
707 643 13 69 39
707 822 64 95 89
138 330 60 94 90
138 632 54 68 60
138 733 93 100 93
330 279 52 81 67
330 62 39 68 41
330 480 83 89 85
330 809 12 72 60
330 708 63 100 99
330 675 21 27 22
330 530 44 94 90
632 604 23 81 24
632 612 40 91 66
632 24 21 100 61
733 285 91 93 92
733 876 89 92 89
139 551 81 87 87
139 540 95 100 96
139 599 27 93 52
139 399 83 100 94
139 806 76 87 86
551 510 20 87 81
551 833 22 43 25
551 11 25 74 39
551 842 12 83 34
540 272 63 84 81
540 212 39 100 91
540 394 46 88 64
540 1 73 74 73
540 216 50 96 74
540 200 47 84 50
540 406 21 25 25
599 5 21 68 22
599 286 90 99 92
599 381 89 90 89
599 370 62 87 72
599 215 41 46 42
312 901 86 100 93
298 72 50 77 73
298 930 59 73 68
141 77 34 71 43
141 893 83 94 89
141 711 85 89 88
141 455 94 95 95
893 828 79 82 82
893 558 47 98 75
893 256 90 95 94
893 116 57 88 76
893 122 22 36 23
711 481 94 99 95
711 50 49 89 59
449 731 33 46 45
283 370 40 91 63
283 272 59 69 64
283 827 48 100 85
370 585 81 99 81
144 160 66 83 82
144 516 72 97 90
160 743 83 87 86
160 430 60 88 67
160 204 68 98 78
516 707 40 68 57
145 906 43 52 51
145 71 81 84 83
145 20 40 89 57
906 462 90 92 92
906 229 31 63 57
146 580 23 85 29
146 510 87 88 87
146 791 73 77 74
580 716 48 82 73
510 52 82 93 93
791 634 92 100 94
791 688 83 99 98
332 716 55 69 68
332 369 89 90 89
390 438 75 98 81
390 675 89 90 89
208 778 55 62 58
208 528 10 15 10
208 455 61 85 74
208 613 25 98 88
553 600 36 93 74
553 402 61 65 64
553 322 78 94 92
553 848 34 94 39
919 181 27 44 44
919 806 85 95 87
919 130 28 44 33
919 296 30 58 31
520 452 28 87 61
520 899 83 96 90
520 966 81 100 87
520 950 84 85 84
520 707 18 27 27
520 129 94 98 97
520 389 17 64 40
520 467 92 93 92
520 952 67 97 87
520 538 76 100 100
821 65 46 65 52
821 561 32 91 34
821 257 21 92 29
821 873 73 96 82
448 265 49 61 61
448 149 21 77 37
905 706 61 100 92
905 205 14 79 55
905 147 11 74 50
967 803 33 57 45
967 6 23 90 44
967 476 77 98 82
967 941 91 92 91
967 359 38 73 58
152 742 93 95 95
152 431 26 82 61
152 14 16 76 19
152 135 89 90 90
742 283 70 95 76
742 411 86 88 87
742 972 56 76 70
742 384 82 83 82
431 814 69 80 75
431 447 51 75 74
431 602 84 99 91
153 883 88 100 98
153 120 49 94 73
153 840 35 46 43
153 586 34 73 52
153 909 65 80 70
153 677 20 78 56
883 446 82 89 82
883 619 83 96 87
883 85 16 66 48
883 763 85 99 90
883 265 50 90 77
840 282 77 85 80
909 114 81 96 82
909 276 17 91 90
909 574 94 96 94
909 323 47 73 53
154 781 15 89 69
155 16 81 97 95
155 558 50 81 73
155 273 54 55 55
558 913 35 59 37
558 703 13 15 15
558 477 84 93 92
558 420 91 94 94
273 824 71 79 72
273 79 58 86 58
273 417 31 59 50
273 594 70 72 72
273 812 14 65 35
931 246 30 72 59
931 15 77 78 78
931 240 83 88 87
744 698 53 89 77
744 85 42 44 44
201 655 12 35 28
201 706 61 89 88
201 132 25 62 46
201 811 24 44 31
201 179 27 52 27
158 37 72 85 75
158 142 80 84 80
158 261 90 91 91
158 921 70 96 96
158 217 35 100 98
158 902 81 90 90
261 293 36 80 70
921 806 85 100 95
921 402 45 75 57
921 259 50 54 54
217 790 28 47 30
902 946 33 54 44
902 978 71 78 74
902 947 57 58 58
568 353 57 70 65
568 214 35 77 42
568 870 88 95 88
568 350 12 16 13
743 199 74 78 76
743 723 12 96 45
743 231 83 100 86
743 203 14 63 19
430 283 20 80 34
430 60 12 85 56
430 419 27 69 48
161 190 69 83 74
161 315 66 100 88
161 412 31 82 79
161 252 17 97 60
161 815 81 96 84
161 444 60 64 60
161 279 44 77 74
412 813 52 76 69
412 388 34 60 57
252 466 40 93 92
252 44 61 82 80
252 678 32 62 42
815 135 84 97 85
815 425 47 74 62
444 253 30 43 32
444 791 86 99 96
444 820 52 65 54
444 418 57 91 59
444 794 38 53 44
279 680 80 85 80
279 750 16 20 18
162 357 51 92 77
162 953 56 69 58
162 388 84 96 85
162 779 11 47 40
162 425 58 93 79
388 399 50 73 65
388 673 16 67 18
388 645 15 77 31
388 644 41 67 61
388 711 36 73 66
388 112 87 94 93
163 634 38 39 38
163 740 11 70 33
163 323 95 100 99
163 283 68 69 69
163 566 84 100 94
163 366 10 51 42
163 810 91 94 92
634 829 10 50 26
634 857 89 94 92
634 183 71 75 73
634 600 63 82 65
634 605 31 75 60
740 29 74 86 86
366 242 49 57 55
366 45 39 47 47
366 408 26 84 39
366 437 35 85 39
304 807 60 70 60
304 290 82 85 85
165 831 12 45 22
165 827 29 52 33
165 750 86 89 86
831 584 23 45 30
827 425 88 99 93
827 559 74 90 80
827 169 82 86 85
827 812 50 60 57
827 818 76 92 84
827 78 34 73 71
827 783 12 85 54
827 664 95 98 98
827 73 68 97 68
750 924 38 63 53
750 800 23 54 42
750 765 30 81 49
975 242 37 55 46
167 158 76 81 77
167 927 42 86 53
167 832 46 62 49
167 165 58 93 91
167 572 72 77 74
927 227 18 47 21
832 952 17 23 19
832 951 55 83 58
832 555 78 80 79
832 805 76 86 86
572 854 57 97 67
572 239 14 60 22
572 739 32 92 85
572 927 47 80 60
168 374 31 34 34
168 390 92 96 96
168 399 70 86 74
168 30 10 56 48
168 184 39 87 73
168 514 70 82 72
374 505 58 82 77
374 85 24 94 80
374 404 39 98 75
374 260 92 96 95
374 17 43 61 54
374 27 53 78 58
374 331 68 91 70
374 184 53 58 54
374 784 22 74 30
169 186 55 87 85
169 367 36 80 71
169 140 83 87 87
169 965 76 96 81
169 412 45 85 46
169 192 48 89 65
169 428 24 79 35
367 837 87 94 92
367 505 93 98 97
367 641 44 83 71
367 488 25 64 40
192 963 37 76 37
192 182 10 62 11
192 102 19 93 36
192 731 94 99 99
192 962 61 73 66
192 213 60 73 66
192 322 79 80 79
192 684 29 92 34
170 141 80 82 82
170 913 63 99 68
170 303 79 82 82
303 296 75 90 83
171 37 24 62 44
171 393 55 74 71
171 584 36 88 36
171 883 71 89 79
393 483 18 28 20
172 367 92 99 94
172 233 75 100 76
172 269 69 74 74
172 316 29 57 30
269 434 17 66 38
269 916 70 85 77
269 244 52 90 64
269 344 38 95 49
174 904 19 88 67
174 765 72 83 78
174 675 34 95 48
904 83 18 28 27
904 896 71 72 71
904 923 94 97 96
904 46 66 87 70
765 476 65 73 66
765 316 24 53 43
765 670 74 79 78
675 182 91 98 92
675 59 56 81 59
675 779 78 95 88
675 257 45 76 69
675 153 72 89 73
176 225 61 92 70
176 487 55 59 59
487 411 29 71 71
487 403 78 82 81
487 592 76 88 86
487 632 73 91 91
487 723 61 78 75
177 62 79 96 82
177 523 87 88 87
177 312 48 60 54
177 142 40 62 56
177 804 65 82 75
178 327 34 76 55
178 6 20 31 22
178 578 22 49 39
178 319 59 97 84
178 394 77 83 79
327 811 25 52 35
327 703 32 43 37
327 229 39 76 50
327 788 95 100 99
327 514 36 53 36
319 698 20 57 39
319 842 60 73 68
394 413 25 29 25
394 363 53 92 87
394 943 91 92 92
394 197 90 91 90
394 811 92 95 92
179 609 81 88 86
179 23 65 72 68
179 51 67 73 69
641 445 58 63 61
641 417 15 46 22
641 124 17 72 47
948 843 60 70 60
948 473 95 100 97
948 434 69 79 79
456 13 86 99 92
456 8 11 84 56
456 293 21 39 37
456 940 38 40 39
678 722 35 50 49
678 416 83 96 88
678 351 59 94 72
678 235 94 99 95
678 740 76 82 79
678 10 78 96 78
181 724 85 92 89
181 894 39 55 49
181 767 19 62 26
724 474 17 45 21
724 577 22 28 26
724 348 48 96 87
724 537 35 85 72
894 83 16 77 40
894 844 44 76 47
767 710 47 67 53
182 703 34 63 40
182 320 15 94 34
182 709 89 96 93
703 378 19 34 25
703 449 29 33 33
703 297 25 59 52
709 96 14 50 32
709 911 47 68 48
183 809 83 96 84
809 118 79 88 88
809 689 46 87 47
809 190 35 41 39
670 795 16 22 18
371 352 86 100 88
371 484 32 63 41
371 829 92 94 92
371 796 62 86 64
185 535 51 54 54
185 596 20 48 24
185 565 50 60 60
185 503 24 74 70
185 607 33 100 72
565 230 15 38 38
565 16 30 47 41
565 978 17 95 88
565 119 27 94 89
565 783 23 72 51
503 673 33 48 35
503 10 80 81 80
503 812 19 59 19
607 620 49 63 53
607 877 57 58 58
607 579 50 97 73
607 857 10 69 56
600 808 60 71 69
600 742 50 80 68
600 292 52 98 63
600 757 29 54 41
600 206 38 44 40
600 183 51 60 56
188 867 83 92 85
188 209 61 97 85
589 888 74 84 80
589 531 81 99 86
589 920 50 61 54
589 444 55 70 69
589 138 22 78 25
589 96 89 99 96
589 126 16 43 36
344 257 69 87 85
644 494 43 66 47
644 213 10 32 23
191 149 20 35 32
191 966 78 99 80
191 310 36 83 40
191 627 25 65 34
966 704 45 56 46
310 152 47 97 69
963 866 31 62 36
963 22 48 60 48
963 431 59 86 80
963 562 45 54 51
963 547 81 86 82
963 466 49 100 76
962 151 92 93 93
962 921 76 95 76
962 135 47 98 67
962 804 45 80 50
962 471 58 95 81
962 131 27 77 74
684 934 72 75 75
684 393 34 36 36
684 914 33 82 80
193 892 11 23 22
193 107 71 94 93
193 778 80 88 83
193 191 38 84 63
778 146 30 43 35
778 375 79 98 82
194 285 80 88 86
194 432 45 66 49
194 378 43 69 61
194 372 30 40 32
194 389 59 100 91
194 730 68 77 72
432 542 94 95 95
432 906 60 78 68
432 14 73 76 75
432 234 65 73 71
432 719 52 84 60
432 203 81 90 84
432 222 28 90 41
432 485 24 59 40
372 407 83 95 85
372 130 24 31 28
372 113 69 99 88
389 496 19 36 25
389 564 84 100 88
389 471 57 100 94
389 220 88 95 91
196 567 90 95 91
196 440 44 85 46
196 364 45 81 81
196 675 61 72 70
567 637 73 85 79
567 592 32 70 47
567 441 61 96 84
567 127 73 77 76
567 860 22 65 47
567 803 76 87 78
567 209 68 77 77
454 460 19 100 56
454 47 51 66 60
454 117 80 87 80
454 156 85 100 86
454 118 35 67 39
454 605 57 67 66
454 815 75 82 81
454 268 71 90 75
507 540 70 84 70
507 289 22 32 26
507 168 63 65 65
507 401 75 77 75
507 69 56 64 61
507 152 62 76 65
507 124 46 63 47
198 573 86 90 89
198 2 35 38 35
573 332 90 99 93
573 395 50 71 69
573 680 69 85 81
200 212 33 45 36
200 318 26 33 27
200 543 60 80 60
200 961 80 90 82
655 127 49 73 66
655 242 54 64 60
655 436 92 96 92
655 344 95 96 95
706 159 10 53 26
706 618 76 85 85
706 641 44 93 84
706 248 71 84 82
202 511 72 86 81
202 466 94 97 95
511 867 65 82 73
511 354 55 72 67
203 640 43 76 50
203 443 55 86 73
203 973 48 85 70
640 947 52 75 72
640 894 62 87 76
640 400 31 77 58
640 793 78 93 87
640 916 78 95 79
640 497 63 87 83
973 548 82 95 83
973 579 94 99 99
973 22 71 78 72
973 458 25 47 39
973 166 34 92 81
973 187 89 95 92
973 680 77 95 88
973 631 78 90 79
973 156 25 74 29
973 73 46 52 48
973 878 47 82 59
973 408 23 36 24
936 167 54 95 81
936 35 76 89 83
936 327 68 81 68
936 660 54 83 73
936 762 24 48 28
936 504 48 55 49
758 795 84 92 88
758 508 12 76 22
758 250 66 67 67
758 384 36 52 36
758 47 59 92 77
758 740 95 97 97
758 464 47 66 52
758 96 22 53 31
758 437 17 54 35
816 591 36 42 42
816 15 20 81 35
816 480 23 66 56
816 918 18 19 18
816 537 57 63 58
423 417 32 45 44
423 354 67 100 93
537 170 49 56 56
537 587 27 29 28
537 467 74 94 83
537 406 90 94 92
537 746 10 30 19
537 484 52 70 56
537 902 55 77 75
309 739 63 80 71
309 504 94 99 99
309 796 25 78 71
309 164 77 93 89
248 222 93 100 99
248 907 90 93 92
248 543 74 81 74
248 763 50 66 59
613 506 17 48 39
613 644 73 89 87
613 353 76 96 78
613 437 39 56 40
728 576 89 98 89
728 557 27 54 34
496 140 79 90 80
496 960 29 61 29
496 597 33 79 68
496 476 42 59 56
639 644 95 97 95
639 272 44 94 92
639 491 35 93 77
798 306 28 41 40
798 491 53 64 56
798 263 48 93 66
798 721 61 89 68
215 544 46 54 52
215 941 45 59 57
544 588 31 69 55
544 328 85 98 94
544 33 60 74 73
941 376 58 72 70
216 463 70 84 71
216 916 88 90 90
216 69 10 33 23
463 258 58 77 64
463 644 60 79 78
463 131 62 93 86
463 217 89 98 89
463 38 78 82 78
916 407 11 94 25
916 642 65 70 67
916 970 86 87 86
916 502 88 97 94
790 313 61 93 68
790 212 22 93 37
790 589 10 66 63
790 858 84 85 84
219 965 55 65 56
219 350 44 60 57
219 849 63 82 70
219 682 82 85 85
219 123 37 98 41
219 144 48 49 48
838 515 17 21 20
838 165 31 92 61
838 530 57 70 61
401 442 43 88 72
401 726 20 68 28
401 790 57 87 82
221 900 39 85 69
221 544 19 45 21
900 17 69 97 74
900 713 90 98 94
222 923 21 54 41
752 941 15 26 21
752 255 25 68 60
752 708 57 80 74
942 840 92 95 92
942 303 46 57 51
515 514 84 96 94
515 295 23 62 47
515 670 48 50 48
515 493 52 71 57
515 417 28 87 48
515 414 57 98 97
851 73 72 95 90
851 115 83 87 87
228 869 76 95 87
228 856 94 99 99
228 830 75 81 75
869 936 94 96 96
869 371 19 30 21
869 541 16 94 60
869 880 63 68 63
869 36 46 57 46
869 731 33 39 35
869 301 28 56 50
869 753 21 77 49
869 691 95 99 96
856 95 23 62 28
229 125 55 67 64
229 382 64 67 67
230 608 10 42 13
230 64 76 86 84
608 956 42 91 53
608 48 89 90 90
231 921 89 91 91
231 557 25 47 32
819 141 27 88 88
819 567 11 70 35
819 597 91 99 99
819 358 89 95 93
819 613 63 77 67
603 590 58 95 87
645 140 56 86 58
645 272 52 79 76
645 512 41 52 51
645 34 63 77 74
500 662 55 81 73
500 564 45 55 47
556 850 91 94 94
556 458 39 56 42
556 72 80 86 81
556 447 14 48 45
239 255 59 100 96
239 153 12 92 86
255 413 89 95 89
255 230 58 94 94
255 898 91 99 94
255 953 84 93 92
241 186 67 80 70
241 677 66 75 68
241 905 67 81 78
241 605 69 99 81
242 517 24 79 45
242 622 12 76 57
242 931 15 69 18
242 611 89 97 89
242 853 43 100 95
517 798 85 97 85
243 50 78 94 86
243 147 30 84 70
244 490 23 83 75
244 412 21 51 44
244 724 88 93 91
490 726 40 42 40
759 617 44 60 45
759 370 58 67 61
759 570 17 32 19
759 188 69 75 72
759 226 57 78 65
247 572 19 73 39
247 149 15 41 17
247 256 56 83 77
247 273 66 79 77
256 411 10 49 25
907 23 58 88 59
907 839 95 99 96
907 190 27 75 71
907 268 55 62 57
907 876 60 70 70
763 130 95 100 96
763 89 94 96 95
763 867 50 90 61
763 505 25 47 28
763 449 65 80 71
249 896 82 83 83
249 834 36 79 45
249 683 58 71 69
249 403 43 89 79
896 36 33 40 33
896 162 95 96 96
896 467 90 95 90
834 194 12 72 38
403 542 82 92 89
403 600 95 98 98
403 898 17 54 35
403 595 39 54 48
403 749 75 78 76
250 333 41 53 53
250 897 31 62 59
250 590 39 69 47
250 703 40 45 44
250 301 27 46 36
333 682 82 83 82
333 685 48 72 58
333 845 90 92 91
333 468 81 83 83
333 157 68 69 69
333 684 41 97 68
897 441 41 79 70
897 507 49 98 92
590 919 52 77 53
590 927 44 60 56
590 279 17 60 27
590 845 49 92 79
301 791 13 68 56
301 887 90 91 90
301 274 52 53 53
301 962 77 81 78
335 720 41 98 62
335 329 65 72 71
335 87 66 76 67
335 614 38 59 56
335 468 82 93 84
335 376 51 99 51
314 76 76 98 89
314 626 38 64 64
314 724 49 65 63
314 519 35 64 56
314 527 74 93 77
314 926 54 73 72
314 744 55 93 81
736 776 11 57 40
736 250 61 65 62
736 500 64 90 70
416 196 67 90 86
416 634 39 59 52
258 301 55 84 67
258 910 87 97 88
258 518 92 96 94
258 462 43 99 57
911 922 87 91 90
911 416 41 100 50
911 681 78 93 85
911 857 78 87 83
293 964 17 19 19
338 448 49 68 52
338 803 10 79 57
338 885 34 65 52
338 923 50 68 65
265 87 94 100 96
265 77 28 97 58
265 820 71 83 79
265 613 24 68 64
265 495 58 93 73
286 443 37 83 69
286 859 45 97 76
286 185 36 87 78
286 426 90 97 95
286 730 24 30 27
286 172 69 71 71
434 107 93 99 94
270 583 15 89 36
270 728 91 95 94
270 236 87 93 88
270 490 42 82 65
583 539 80 89 89
583 678 79 87 86
583 41 15 41 36
583 673 71 80 80
914 644 47 48 48
914 469 68 70 70
914 885 57 69 58
914 250 72 92 72
914 383 49 55 51
855 37 36 49 48
855 819 94 97 95
855 781 35 80 41
855 328 85 96 88
824 748 62 68 62
824 634 60 89 83
824 368 84 95 95
824 93 11 44 24
824 393 89 95 94
417 119 81 94 85
274 372 39 60 52
274 287 12 40 24
275 122 37 82 46
275 87 57 73 60
275 141 65 75 65
275 661 65 71 68
661 531 34 97 69
886 471 24 97 64
886 269 82 87 85
886 322 34 91 69
278 963 61 85 85
278 877 43 96 66
278 522 79 96 81
278 614 26 68 37
278 640 93 94 93
278 801 86 89 87
877 543 58 83 74
877 568 66 67 67
877 416 36 74 45
680 688 18 49 28
680 186 12 35 33
680 140 87 88 88
680 174 62 93 71
680 33 54 78 55
680 132 21 76 43
280 784 90 97 91
280 295 63 79 78
280 170 59 95 95
295 839 43 94 73
295 487 56 92 87
295 304 57 90 73
295 428 27 100 47
281 316 36 71 42
281 143 29 69 53
281 199 29 87 36
281 429 41 77 66
281 955 36 100 70
281 411 18 94 51
282 244 69 71 69
282 120 74 84 79
282 803 24 71 37
803 780 23 75 44
803 700 44 51 50
803 113 41 64 48
447 534 95 97 95
859 141 57 59 59
859 207 42 56 42
859 576 44 80 48
859 261 11 88 74
859 583 34 57 51
426 795 72 74 74
426 81 28 53 33
426 904 31 88 35
302 704 18 65 32
302 379 30 52 52
356 677 41 61 60
356 741 90 92 92
356 726 29 57 40
564 492 94 95 95
564 790 45 83 49
564 820 12 17 17
289 128 66 72 70
289 35 14 88 82
289 250 50 99 65
289 468 30 50 37
468 32 93 94 93
468 156 15 68 47
290 636 56 69 65
290 341 92 95 93
852 298 17 66 60
852 645 40 76 62
852 16 12 36 19
852 550 71 80 74
623 601 75 86 84
623 707 79 80 79
623 743 57 100 72
623 835 37 51 42
623 63 16 76 24
753 601 27 58 35
753 245 33 42 39
875 499 14 58 48
875 851 47 68 63
964 5 25 80 80
964 247 70 84 79
294 145 57 89 78
710 517 11 17 12
710 427 74 82 75
710 218 49 68 55
297 967 22 91 88
704 167 10 50 14
379 648 60 72 62
305 437 25 40 26
305 53 78 95 85
305 585 69 92 90
305 35 63 79 72
305 45 77 90 82
305 54 15 25 24
305 962 24 85 75
306 192 68 88 86
306 127 19 26 20
307 396 84 98 87
307 306 83 88 87
307 797 11 33 23
797 154 11 71 40
797 64 28 39 36
797 151 49 51 51
797 718 80 96 93
797 483 60 86 63
308 830 27 66 34
308 919 61 64 64
308 803 79 99 93
308 401 45 85 63
308 807 21 56 29
739 552 92 96 96
739 74 84 90 86
739 184 34 95 93
796 968 48 54 51
796 309 40 96 54
796 399 30 48 43
796 923 21 24 23
311 390 16 89 38
311 183 95 99 99
311 903 59 60 59
903 839 12 73 28
903 20 88 99 96
901 144 71 97 83
901 644 10 48 36
901 476 58 63 60
901 94 30 77 59
901 38 32 58 35
901 434 50 79 55
313 633 65 86 82
313 863 57 86 64
313 957 12 96 52
633 277 60 83 82
633 727 15 67 38
633 867 38 78 51
633 838 43 97 81
863 723 91 94 92
863 822 20 68 35
863 961 38 100 43
863 616 34 70 59
626 82 31 39 34
626 391 50 85 81
519 593 21 78 65
519 226 17 53 51
527 612 91 99 97
527 604 81 97 96
527 1 86 89 88
527 816 28 92 51
527 615 36 37 36
527 53 74 99 94
527 856 49 99 59
527 169 24 38 29
527 792 70 84 79
527 943 52 94 89
527 215 19 61 35
663 486 65 95 84
505 749 72 89 86
505 380 38 68 40
669 495 35 49 45
669 793 46 56 48
669 857 73 89 89
842 112 61 90 79
842 417 62 96 73
842 378 28 77 53
612 545 81 92 83
612 334 78 89 86
612 161 83 86 84
612 578 30 78 33
612 385 49 70 56
612 220 38 86 72
321 424 26 63 51
321 908 40 88 63
321 308 32 63 63
321 578 52 73 62
321 889 51 63 55
908 95 43 59 58
908 869 93 97 94
889 843 87 88 87
889 408 18 41 30
889 908 94 95 95
889 928 14 54 41
570 89 56 95 79
570 559 22 96 91
570 169 33 82 69
570 939 52 94 91
570 442 52 53 53
788 703 82 84 82
788 410 65 69 69
376 686 25 27 27
656 764 86 87 87
656 728 94 97 94
656 536 57 100 98
324 735 54 85 67
324 488 42 70 63
324 193 42 59 51
324 444 21 82 54
324 18 87 96 87
735 177 80 87 85
735 828 54 84 80
764 32 36 57 47
764 29 68 75 71
764 374 95 100 96
764 163 83 95 92
764 770 52 54 52
764 641 88 89 88
508 513 90 96 91
508 355 85 99 89
508 244 59 98 82
508 388 48 82 75
329 540 85 90 85
329 969 56 76 61
329 111 71 89 88
329 517 40 69 55
969 98 27 69 34
969 885 37 39 38
480 815 57 99 86
708 450 15 58 31
708 185 42 92 92
530 782 19 25 23
530 722 53 74 72
530 322 32 93 55
331 566 48 76 50
331 87 81 82 82
331 185 50 65 56
331 814 58 86 70
331 728 73 80 76
814 822 79 95 84
814 418 28 99 74
814 491 44 70 63
814 166 79 88 84
814 60 63 72 66
685 871 83 97 87
685 707 23 81 40
685 16 70 82 74
685 380 14 16 16
685 534 24 82 56
685 475 73 94 76
595 686 64 100 64
595 11 28 59 29
595 185 68 96 96
595 487 26 47 32
595 580 27 73 43
337 248 11 74 19
337 619 65 93 80
337 804 68 79 70
337 389 76 89 87
337 739 91 93 91
337 818 17 41 29
885 812 65 78 73
885 80 47 52 50
885 242 39 66 54
339 105 34 50 47
339 864 18 63 45
864 659 32 72 62
864 578 94 95 95
864 788 78 85 80
864 742 88 89 89
340 889 45 53 51
340 706 36 73 54
340 528 39 53 42
340 56 10 61 60
340 974 61 84 76
648 440 50 90 56
648 350 54 91 69
648 886 85 87 86
648 93 90 95 91
397 410 41 93 77
397 96 82 87 85
397 277 57 81 65
397 502 62 87 70
397 196 38 47 42
343 31 79 82 80
343 905 93 100 96
343 324 87 90 89
879 117 89 93 91
879 301 12 22 22
879 776 82 91 85
346 344 15 51 43
346 227 12 77 49
346 208 54 99 59
346 834 28 94 85
348 903 51 66 57
348 5 31 96 53
348 375 72 91 75
348 359 47 65 58
349 141 20 50 46
349 496 45 83 48
351 117 58 90 68
351 240 26 96 80
628 355 14 57 18
628 29 76 88 86
628 288 61 74 64
628 698 84 87 84
628 376 54 76 61
628 683 39 72 71
353 395 73 89 86
353 235 72 86 72
395 8 72 78 74
395 653 78 100 82
395 11 81 98 91
395 480 85 96 93
395 898 27 64 55
395 207 39 90 51
395 102 27 38 36
354 257 39 92 59
354 323 71 89 78
354 252 70 97 70
354 166 26 57 33
354 517 92 100 97
354 338 73 89 76
719 163 13 62 39
726 942 87 90 88
654 597 93 98 98
654 572 59 84 75
654 399 25 58 49
654 488 36 68 40
699 516 69 78 72
699 118 59 100 83
688 646 93 96 93
688 188 34 45 35
688 231 66 95 76
688 839 38 76 64
358 171 62 97 90
358 403 72 89 87
358 37 34 38 38
534 893 54 70 57
534 256 80 85 80
534 306 33 61 61
534 57 81 90 88
360 155 20 33 28
360 274 78 98 94
360 205 47 97 85
362 852 71 100 72
363 768 75 95 93
363 435 95 100 96
363 495 60 69 61
365 273 30 45 38
365 585 35 90 43
365 822 20 32 29
365 685 19 76 56
822 304 47 51 50
822 47 88 98 95
822 931 26 70 35
822 858 10 88 34
837 382 92 96 93
837 181 15 62 23
368 345 56 58 56
484 933 39 73 55
484 563 93 99 99
484 633 34 56 47
484 341 27 52 49
484 803 41 94 60
829 384 19 43 25
829 977 56 65 57
829 90 25 99 76
407 865 53 81 79
407 759 75 81 75
407 888 51 58 54
407 866 51 85 54
407 49 94 99 95
738 921 28 38 32
738 260 18 59 38
738 809 24 69 38
738 222 51 86 60
738 438 46 48 48
738 765 88 93 92
686 711 28 74 48
686 304 92 93 92
377 103 50 66 61
377 677 35 50 49
377 760 67 80 73
760 898 92 93 93
760 35 25 98 77
760 220 77 84 83
772 830 90 93 90
772 327 61 62 62
772 926 25 46 25
772 572 58 85 79
772 584 19 66 42
380 419 66 89 69
380 207 38 62 48
380 302 28 96 33
380 439 81 88 88
381 600 58 62 58
381 29 72 78 74
381 139 56 69 69
757 207 42 43 42
757 40 86 88 87
757 304 63 79 68
817 363 70 88 76
817 664 26 32 29
817 107 47 79 68
817 811 79 100 83
817 348 44 75 64
817 133 37 44 42
383 623 54 98 63
383 160 27 73 41
383 471 62 95 87
383 34 81 86 82
383 896 43 45 44
384 662 11 25 22
384 302 55 57 56
385 135 37 76 50
385 128 45 86 59
385 265 82 98 92
385 503 48 71 49
385 960 26 91 38
385 49 71 89 89
385 761 67 88 79
385 352 95 99 99
761 731 59 68 66
761 523 76 82 77
761 41 48 79 60
761 258 48 74 63
761 464 51 76 60
761 118 46 97 83
386 215 66 84 83
386 303 57 71 61
386 618 35 95 83
387 863 12 63 12
673 852 19 60 46
673 921 45 81 57
673 261 18 66 28
391 334 35 47 47
391 142 19 97 74
391 869 14 85 60
459 433 21 51 28
459 116 75 99 89
459 392 22 86 77
459 834 21 72 65
483 247 74 98 80
483 652 92 95 95
483 455 56 71 63
483 219 29 76 31
943 256 35 73 55
943 129 56 65 64
592 213 11 29 28
592 768 37 82 75
592 645 18 81 61
749 596 56 82 70
749 850 81 87 84
749 601 74 94 91
749 521 15 32 17
502 267 58 70 58
398 352 66 67 67
398 713 47 51 47
398 571 93 96 95
398 325 54 59 59
398 507 88 93 93
398 329 31 90 68
398 739 86 93 89
398 843 19 37 32
398 144 15 94 92
843 716 25 48 40
400 723 39 86 57
400 729 46 90 64
400 446 30 85 47
400 791 68 90 81
723 915 56 75 70
723 782 86 99 91
723 816 76 92 76
723 466 25 90 55
442 244 62 92 89
442 528 13 62 41
442 153 50 58 54
402 603 36 87 82
402 297 88 96 92
402 865 78 98 80
402 164 67 76 72
402 14 39 80 65
865 160 79 86 81
865 439 22 98 83
737 591 59 95 92
737 688 60 84 68
737 944 44 97 95
737 250 70 97 91
917 157 55 59 56
917 322 75 84 83
917 929 37 62 50
888 370 19 87 41
888 562 89 90 89
888 751 93 100 93
888 148 73 79 78
866 339 80 89 82
866 863 91 93 93
866 319 82 98 98
828 271 90 91 90
828 430 65 99 76
828 168 33 85 48
828 439 90 95 95
828 26 71 87 74
828 907 63 70 67
414 955 76 100 82
414 281 25 26 25
414 383 71 79 73
414 834 90 95 92
414 36 77 95 79
415 394 27 75 44
415 203 20 23 22
415 43 18 82 61
415 96 63 72 71
415 252 44 62 52
755 862 24 59 37
755 602 54 85 65
755 126 12 91 42
477 579 49 70 56
477 423 54 93 68
477 105 49 68 61
477 341 94 98 97
650 292 41 85 60
650 616 10 56 26
420 622 34 55 34
420 173 30 42 32
420 91 83 94 87
422 201 83 87 87
422 81 34 54 51
422 352 63 76 63
642 485 30 51 32
642 497 84 93 91
642 558 85 88 86
427 816 22 73 70
701 291 73 94 87
701 691 55 89 76
665 315 15 52 28
665 961 72 76 72
665 185 46 59 50
665 890 70 85 79
665 721 54 55 54
602 285 92 99 94
602 809 67 72 71
450 89 44 73 73
450 412 12 97 15
450 671 62 68 67
450 767 77 84 83
882 739 51 75 63
882 808 89 93 89
882 487 42 68 53
591 741 73 78 77
591 713 60 83 75
591 493 94 96 96
591 605 76 94 78
591 823 37 53 43
555 160 50 60 60
555 739 58 77 68
555 737 15 80 35
620 192 29 57 56
620 899 51 68 60
620 923 68 86 72
497 228 78 80 80
497 479 90 98 95
497 934 21 63 22
794 294 29 40 40
794 896 65 90 75
794 867 55 89 63
794 880 51 57 54
445 20 23 36 27
445 443 40 93 80
445 869 26 72 58
445 33 91 93 92
671 922 91 94 92
671 55 10 47 26
671 603 18 54 47
671 180 13 53 17
671 104 13 36 15
890 301 58 68 60
890 105 61 79 61
890 646 88 90 88
890 425 20 87 73
476 902 43 46 46
476 217 81 91 82
940 434 56 61 59
940 630 41 94 57
940 5 12 16 15
940 109 47 84 78
940 343 79 96 83
940 233 10 42 10
940 56 85 87 86
582 495 25 34 33
582 565 61 69 61
588 273 90 95 93
588 295 76 78 78
588 651 10 69 11
465 209 18 89 23
465 773 61 70 68
465 44 44 82 54
465 261 48 72 52
465 239 70 93 79
773 109 12 83 66
773 165 18 22 22
478 71 70 85 84
478 504 42 61 50
478 105 94 97 97
478 583 69 89 81
918 619 56 85 56
918 476 68 89 85
918 784 16 95 29
918 748 12 68 27
470 559 39 49 43
559 185 77 94 88
559 135 57 79 58
559 622 26 94 59
559 771 23 75 50
559 859 30 89 45
687 523 16 87 85
687 951 25 80 70
687 974 37 52 37
687 296 64 69 68
687 654 49 69 56
472 724 93 97 95
472 61 72 99 89
474 351 84 85 85
474 392 35 66 45
475 931 85 88 86
475 540 25 30 28
475 408 49 83 71
475 535 33 53 38
479 845 18 98 26
479 164 74 82 79
479 575 76 96 93
479 852 85 93 85
575 181 78 95 83
575 163 42 75 71
575 635 33 66 56
489 423 29 35 34
492 450 81 93 90
492 604 32 66 33
492 312 95 100 98
492 776 51 66 65
492 609 42 70 60
604 639 50 97 72
604 922 30 93 65
604 146 41 78 51
604 329 89 93 93
604 501 47 68 61
493 432 21 24 23
493 805 54 96 92
493 413 21 63 63
805 277 73 79 78
805 633 84 93 88
560 177 89 100 95
560 41 88 89 88
971 719 33 64 47
971 678 45 51 46
971 453 72 73 73
971 573 78 94 85
971 650 25 40 28
971 445 47 93 90
971 375 52 95 60
971 189 37 75 52
971 206 13 46 19
499 545 22 81 58
499 530 57 61 61
499 308 26 77 74
499 864 72 88 87
501 256 81 88 82
509 704 66 95 90
509 535 46 49 47
512 301 62 85 62
593 316 74 82 81
593 77 24 88 53
593 502 93 96 94
593 796 13 56 36
593 488 54 65 64
899 92 78 91 89
899 229 17 65 65
899 500 73 88 85
899 255 64 84 72
899 384 76 82 81
899 573 65 83 65
899 96 82 85 82
952 85 37 97 44
952 516 12 16 12
952 217 72 86 74
952 114 59 82 72
952 155 68 97 74
952 254 20 70 59
524 105 54 67 56
529 373 29 51 47
529 534 49 59 56
529 456 46 98 83
529 218 10 76 66
529 290 38 45 42
722 644 75 77 76
722 475 47 78 60
722 438 28 75 70
722 169 44 96 73
531 296 53 55 55
531 978 14 89 52
531 646 17 79 79
531 469 33 61 54
531 412 22 61 47
978 916 46 85 62
978 49 10 72 36
978 507 51 76 71
646 934 92 98 98
532 803 23 26 24
532 336 95 99 96
532 629 33 78 77
629 154 53 100 67
629 470 85 90 85
629 433 60 88 79
629 509 65 71 65
629 493 70 80 80
533 879 32 87 61
533 596 42 74 68
533 843 42 44 42
533 726 27 74 30
533 301 45 71 69
696 933 74 90 85
696 978 63 64 63
696 277 81 97 87
587 90 45 87 58
587 933 45 91 46
587 652 93 99 99
587 411 52 75 62
539 15 49 99 73
539 976 31 87 64
539 592 76 92 91
541 924 27 50 27
541 963 68 98 83
541 647 67 79 77
541 307 57 64 62
924 411 15 19 19
924 865 46 91 84
924 282 16 62 42
924 937 92 100 96
924 499 19 48 19
924 242 46 81 55
924 778 78 85 79
647 488 76 90 88
647 843 33 75 41
647 675 89 92 91
647 644 75 89 87
647 206 37 45 37
647 511 95 96 96
751 347 21 81 68
546 933 43 55 46
546 617 71 96 85
546 817 41 46 42
549 899 63 97 86
549 699 90 96 96
549 860 49 68 67
549 817 90 95 94
549 146 83 94 83
549 82 21 26 21
860 438 64 90 66
860 800 13 40 13
860 186 64 74 67
860 946 43 55 51
860 375 56 57 57
550 698 65 80 78
550 244 69 76 72
550 319 76 80 80
550 355 44 67 65
550 281 65 100 67
833 422 10 49 36
833 604 73 82 77
833 605 21 81 23
552 294 75 98 85
552 937 45 49 46
552 740 70 97 83
552 184 82 85 82
552 462 45 60 49
771 778 14 42 34
771 859 22 100 85
771 514 51 52 52
561 468 51 83 79
561 150 69 77 76
561 313 15 76 68
561 391 11 49 34
561 12 14 31 14
562 520 45 94 58
783 363 39 72 60
783 21 53 55 53
783 67 73 93 92
783 902 44 93 81
783 533 17 85 22
569 720 81 92 85
569 384 38 79 43
569 538 70 92 89
569 324 82 88 87
569 752 12 83 76
569 20 68 93 69
569 762 63 76 68
569 394 43 98 44
854 738 79 88 86
854 919 74 92 88
854 125 12 13 12
854 495 42 81 77
854 417 53 71 54
854 720 50 56 51
854 700 74 76 75
854 383 75 96 96
635 303 79 90 85
635 144 35 91 37
577 113 73 96 78
577 241 61 75 69
577 246 57 60 59
835 695 28 36 31
835 171 80 99 85
835 601 85 92 90
835 960 44 56 53
651 440 77 83 78
651 691 54 57 54
920 300 24 68 28
920 311 18 73 73
920 183 30 55 30
679 179 24 69 32
679 941 69 80 73
679 455 15 40 26
922 255 10 57 56
922 341 46 81 72
922 876 13 82 76
922 761 65 91 67
970 848 58 91 61
970 516 14 32 22
970 765 42 97 69
606 618 14 82 42
606 758 75 97 94
606 285 89 94 91
606 269 78 84 79
606 533 78 88 78
606 476 37 55 47
956 735 72 81 80
956 559 29 83 33
956 623 43 57 44
954 131 80 88 82
712 85 50 91 53
858 380 84 97 87
631 103 42 50 46
631 98 41 100 63
631 88 78 100 81
631 947 21 87 45
727 503 83 90 85
727 327 80 86 83
727 681 82 97 90
727 290 67 75 70
668 312 40 91 89
668 831 40 69 49
668 479 13 60 27
649 124 15 70 21
649 609 54 87 72
649 325 77 99 85
658 2 35 40 36
658 947 62 76 65
658 43 53 94 55
660 626 18 39 33
660 400 55 86 65
660 545 10 30 26
660 550 33 89 89
660 123 62 94 75
945 69 58 84 63
945 832 52 72 71
945 305 82 92 84
945 169 30 86 82
666 856 24 80 49
666 292 10 36 22
672 56 92 93 92
672 178 59 74 65
672 791 46 53 50
672 434 39 77 61
672 975 13 55 25
672 380 80 94 87
676 399 58 78 58
681 184 15 68 33
681 665 50 82 62
681 494 29 74 45
681 609 31 57 49
968 262 89 98 91
968 492 72 97 97
968 750 88 90 88
968 299 85 95 94
871 391 45 64 57
871 677 11 20 12
871 122 59 95 93
951 917 69 100 69
951 467 75 93 90
689 182 87 99 97
689 510 14 74 42
718 274 34 49 48
718 337 63 74 70
718 73 32 67 42
718 435 69 86 82
718 598 13 80 15
692 446 10 22 12
692 542 34 89 55
692 622 95 97 96
692 675 12 68 37
847 613 75 93 75
847 822 62 82 80
705 331 75 98 91
705 578 49 50 50
705 770 82 86 82
705 430 89 100 98
705 749 81 100 89
862 553 57 69 69
862 589 40 97 48
862 924 34 55 44
862 308 65 75 73
972 913 14 94 50
972 336 29 51 35
972 91 37 57 38
747 324 78 80 79
800 215 18 70 48
800 144 11 81 59
800 265 89 99 90
777 221 32 49 44
777 436 75 96 87
777 831 32 100 73
777 539 53 88 86
786 616 36 48 40
786 279 40 96 46
786 710 57 78 62
786 563 18 100 88
880 256 24 25 24
880 101 66 100 68
880 772 49 96 89
802 323 32 99 97
826 279 72 92 87
826 669 94 98 98
841 682 45 92 87
841 868 68 71 70
841 685 90 100 97
841 754 13 61 56
841 856 62 95 62
841 579 83 88 88
841 152 57 62 62
841 135 91 97 92
868 557 26 75 34
868 66 55 58 56
868 256 90 97 90
868 474 24 95 79
868 934 45 97 57
868 644 93 95 94
844 776 12 84 39
844 683 17 79 67
946 770 25 98 62
861 790 37 95 57
861 795 59 95 59
861 631 78 81 80
861 622 58 79 58
861 847 42 91 70
884 125 40 51 44
884 567 55 85 62
884 668 88 89 88
881 703 55 77 58
881 415 31 51 51
891 331 60 98 80
932 89 38 86 82
932 386 76 100 92
932 391 70 99 84
932 914 47 56 55
932 338 77 84 84
935 862 17 99 60
935 84 81 82 81
935 518 77 91 90
935 503 36 38 37
0 978
