172 467
0 40 81 94 81
40 99 10 98 23
40 107 55 92 65
1 111 65 100 68
111 171 66 92 81
111 145 83 87 86
111 59 70 97 72
3 39 37 49 40
3 85 72 76 75
3 74 82 93 86
3 171 80 87 81
3 62 72 75 72
85 40 86 91 88
85 77 55 71 66
85 152 90 95 95
74 124 92 99 95
74 82 43 84 74
74 89 79 93 91
74 75 68 78 69
171 111 43 49 43
171 14 39 76 50
171 25 81 85 85
171 159 73 81 80
62 124 84 91 86
62 28 65 83 79
62 77 11 82 30
4 46 40 90 48
4 98 16 29 21
4 66 39 42 39
46 98 16 71 39
46 149 46 60 49
46 36 18 97 42
46 38 30 34 34
98 24 36 39 39
98 86 46 93 92
98 109 84 92 86
98 145 40 93 69
66 45 61 65 61
66 99 49 99 57
66 52 25 65 47
66 31 43 81 59
5 36 15 69 21
5 100 46 53 46
5 47 42 61 51
5 91 60 70 61
5 131 76 96 77
36 24 84 95 85
36 13 53 93 70
36 80 23 94 44
36 165 93 100 96
47 39 15 64 46
47 154 58 85 60
47 132 37 78 51
91 50 42 80 73
91 35 84 88 87
131 47 12 71 23
6 50 22 42 40
6 68 85 86 86
50 55 31 71 40
50 97 32 39 34
50 159 88 93 90
50 67 79 98 98
7 16 76 83 83
7 143 25 97 64
16 15 89 99 94
16 109 89 99 90
16 158 69 91 70
143 93 82 99 95
143 43 45 88 51
143 80 63 100 80
8 12 59 84 81
12 163 10 40 25
12 60 50 92 70
12 65 74 96 87
9 147 73 84 81
9 122 77 80 77
147 86 94 100 99
122 78 32 70 47
122 6 19 57 23
122 124 95 99 95
10 94 94 100 95
10 146 41 76 62
10 111 81 93 91
10 107 95 100 100
10 142 10 39 34
10 157 45 54 53
10 67 68 88 84
146 142 78 99 96
146 52 74 80 74
107 72 26 32 30
107 58 41 91 63
142 165 42 69 48
157 117 59 96 59
157 65 35 70 48
157 146 67 72 68
157 99 95 99 99
157 41 33 50 35
67 166 48 100 58
67 54 67 95 81
11 143 44 62 58
163 63 39 83 57
163 138 79 89 84
163 161 52 65 58
163 160 57 100 75
60 43 22 68 27
13 49 39 42 42
13 104 49 67 59
13 86 39 72 61
13 134 34 51 46
49 104 20 71 48
49 52 10 99 99
104 132 59 86 69
104 134 12 72 65
104 122 74 91 76
104 23 64 79 66
104 150 90 91 90
104 3 43 89 71
86 75 70 76 76
86 148 44 60 47
134 154 48 75 54
134 162 39 68 48
14 150 29 91 71
14 106 19 85 49
150 84 54 74 66
150 33 65 72 71
106 18 63 76 72
15 2 57 60 59
15 167 56 93 58
15 158 43 77 51
167 134 32 98 65
158 137 58 61 60
158 128 20 69 51
158 55 46 55 54
158 152 58 64 59
158 95 90 97 93
109 11 56 79 61
109 128 14 25 18
109 98 86 90 88
109 41 69 87 87
109 26 42 63 55
109 96 87 91 87
109 39 19 76 54
17 75 49 99 68
17 103 66 84 69
17 50 76 79 76
17 27 12 48 41
75 64 72 94 81
75 163 54 79 75
103 99 70 71 70
27 168 61 74 68
27 28 43 73 67
27 66 58 99 73
27 71 70 71 71
27 47 43 66 45
27 15 10 98 49
18 41 38 91 70
18 92 49 90 81
18 72 22 76 51
18 133 48 64 54
41 69 29 63 42
41 64 61 92 62
41 59 64 70 65
72 19 40 51 45
133 96 75 81 75
133 77 37 70 47
133 6 16 20 17
19 123 90 93 93
19 102 93 99 97
19 112 63 89 79
19 64 40 97 97
19 144 92 98 96
19 70 79 96 93
19 133 37 47 38
123 35 14 22 16
123 92 74 98 82
123 134 92 98 95
102 19 76 94 82
102 157 70 72 71
102 156 66 68 68
102 95 95 97 95
112 58 93 94 93
112 147 30 72 52
64 154 64 69 65
64 104 85 86 85
64 67 83 87 84
144 89 57 83 78
144 48 77 83 82
144 17 63 80 80
70 153 11 69 46
70 67 85 91 90
70 4 76 94 83
20 35 14 47 18
20 98 68 97 71
35 100 76 80 78
35 129 82 87 86
21 12 87 100 96
21 148 51 100 74
21 75 92 100 96
148 112 83 99 83
23 163 89 92 91
23 12 23 49 33
24 68 32 86 52
24 134 52 92 76
24 90 21 34 27
24 46 65 81 70
24 70 34 68 36
90 67 46 63 56
25 119 53 56 55
25 65 84 94 92
25 43 76 90 89
25 86 14 37 28
25 95 53 65 58
25 56 16 99 29
119 30 65 67 65
119 73 61 65 65
119 93 10 59 20
119 130 61 65 61
119 58 90 100 93
119 91 78 95 91
43 127 50 100 62
43 115 60 61 60
43 8 22 81 43
43 136 50 62 53
95 56 32 71 66
95 96 73 76 76
95 140 23 98 65
56 170 95 96 95
26 108 86 93 92
26 49 55 96 78
26 66 37 50 44
108 159 52 59 56
108 160 93 95 95
108 44 76 77 77
168 10 61 87 80
168 66 54 57 57
28 50 59 77 61
28 110 81 82 82
71 73 88 97 90
71 155 62 89 76
110 52 24 75 73
110 131 77 99 99
110 50 85 90 85
29 75 37 61 59
29 66 22 96 50
29 111 87 99 97
29 143 95 100 97
29 14 53 80 77
30 31 19 86 21
31 24 41 52 42
33 141 78 85 84
141 81 38 77 55
141 79 43 74 72
34 93 72 94 75
34 15 11 41 20
34 61 87 88 88
34 148 41 91 63
93 161 30 44 41
93 21 66 76 74
93 142 21 94 50
61 16 83 86 86
61 22 30 68 51
61 44 36 52 52
129 64 45 50 47
129 14 28 99 49
129 159 27 39 28
80 167 50 77 63
80 38 47 48 47
80 108 86 98 88
80 74 93 94 93
165 34 16 65 37
165 39 70 75 71
165 134 16 52 31
165 8 82 85 82
165 156 44 79 74
165 92 16 58 31
165 4 84 86 86
37 62 50 90 69
37 169 77 87 79
37 13 28 42 37
169 98 71 94 71
169 120 15 95 15
38 90 56 58 58
38 151 70 72 71
38 169 52 73 59
38 16 63 84 78
38 120 82 85 84
151 67 60 71 63
151 33 41 99 97
120 169 76 81 78
120 129 16 63 60
120 137 10 49 31
120 116 85 96 87
99 1 72 96 94
69 82 87 93 88
69 68 32 50 48
59 156 37 66 57
59 157 89 96 90
59 141 24 33 27
42 118 24 78 62
42 100 49 64 57
42 158 34 65 44
42 85 54 81 56
118 114 43 69 54
118 24 92 98 98
118 134 69 93 84
118 141 42 53 46
127 63 13 70 25
127 34 29 66 56
127 61 68 94 91
127 69 79 80 79
127 153 16 48 45
127 97 78 100 82
115 57 59 70 64
115 149 76 78 78
136 112 44 70 47
44 159 83 92 91
44 143 70 83 78
159 11 37 44 42
159 126 50 54 53
45 34 17 65 22
45 12 56 70 57
149 118 12 56 50
149 85 20 57 34
154 98 58 72 71
154 28 83 86 84
132 156 50 73 59
132 19 55 95 94
132 77 22 47 30
48 116 26 91 91
48 126 37 58 57
116 47 18 60 22
116 85 40 88 63
126 35 65 79 69
126 47 83 99 84
52 36 52 68 61
52 126 13 66 22
52 109 62 63 63
52 59 85 98 97
52 14 52 82 56
55 43 59 79 61
55 84 54 72 61
97 168 15 89 72
97 76 36 48 42
51 152 62 86 83
51 135 60 83 67
152 133 47 63 50
152 129 47 81 67
152 34 74 86 85
152 85 10 28 18
152 125 29 88 55
152 126 30 77 51
152 65 76 89 79
135 85 30 74 65
135 51 77 81 79
53 144 27 48 41
53 7 28 89 81
53 105 63 70 63
53 62 69 83 74
53 91 95 100 96
53 146 74 99 76
105 30 39 98 78
105 154 54 56 56
54 150 11 17 14
54 71 78 93 81
54 44 66 74 66
54 140 58 88 86
140 29 10 26 10
140 65 36 67 38
84 79 81 89 85
84 15 18 83 78
84 103 46 61 51
84 167 39 81 75
84 21 92 100 94
84 111 52 92 60
84 7 51 90 63
84 36 39 43 42
170 148 64 77 68
170 15 93 95 94
57 98 88 90 90
57 109 65 71 66
57 11 13 44 39
58 155 59 65 60
155 41 63 68 64
155 43 36 87 38
155 45 41 82 70
155 34 72 78 73
156 44 36 46 39
124 52 62 68 67
124 32 83 87 87
124 94 89 90 90
77 20 23 28 23
77 111 15 98 32
77 128 86 92 90
77 81 63 74 63
77 53 76 93 77
166 58 53 73 59
166 99 20 21 21
166 40 40 56 44
82 106 64 98 90
153 0 12 85 27
153 66 22 23 23
153 158 20 42 27
153 54 30 91 68
153 82 10 18 10
153 75 16 35 31
73 119 30 32 30
73 153 52 64 63
89 25 22 29 24
76 131 20 79 26
76 14 11 43 29
128 16 46 64 57
81 88 84 91 86
81 160 39 74 63
81 23 58 87 78
81 132 16 60 26
81 12 51 99 84
78 170 43 80 50
78 56 39 81 51
78 18 13 30 29
79 56 66 82 74
79 148 57 99 94
79 70 69 93 80
88 87 16 34 20
88 37 82 84 84
88 53 52 59 52
160 151 84 85 84
160 81 20 50 44
83 165 61 62 61
83 41 24 49 46
83 156 43 62 60
87 120 38 92 73
161 160 65 99 84
161 73 27 50 39
96 69 41 71 60
96 98 25 52 39
96 75 53 77 77
145 46 91 95 92
101 53 94 97 97
101 124 14 24 17
101 137 45 90 84
137 45 53 63 57
113 50 15 27 15
113 133 42 94 63
113 98 44 79 78
113 64 90 94 92
113 87 38 39 39
117 54 64 91 73
130 120 63 100 88
130 121 44 65 44
130 18 74 88 81
121 112 32 71 47
121 128 61 92 92
125 3 70 93 74
125 38 70 92 74
125 36 70 84 81
125 102 10 46 22
125 71 90 96 90
162 49 42 43 43
162 20 66 85 66
138 117 95 100 95
138 127 33 41 40
139 57 23 96 46
164 82 64 66 64
164 43 36 47 43
164 143 59 89 77
164 126 63 86 81
164 136 25 100 94
0 171
