196 367
0 195 72 96 74
0 62 37 83 48
0 151 18 49 31
0 94 33 73 61
195 57 32 73 36
151 57 49 59 49
1 176 74 88 88
1 185 91 98 95
1 184 12 33 22
1 104 48 87 56
176 181 52 93 67
176 132 65 66 65
185 137 81 83 81
185 58 78 81 81
185 82 40 44 44
185 60 92 98 97
104 132 23 67 27
2 96 83 94 90
2 15 57 69 64
2 17 86 96 96
96 42 90 95 90
96 155 46 89 63
15 113 16 40 20
15 28 68 82 75
3 193 91 97 93
193 38 79 97 93
193 105 25 26 26
4 146 93 98 94
146 8 93 98 98
146 118 83 87 85
146 151 92 98 94
5 30 20 100 31
5 152 67 98 88
5 14 42 88 52
30 4 43 97 79
152 129 37 54 37
152 59 72 76 72
14 156 90 100 90
14 57 94 97 96
14 183 84 87 87
14 54 53 86 74
6 55 39 85 63
6 171 47 62 53
55 181 79 81 80
55 159 54 55 54
171 127 78 86 79
171 132 73 74 74
171 40 22 85 24
7 103 68 79 76
7 170 76 89 77
7 171 20 47 45
7 16 95 96 96
170 31 19 28 24
170 70 72 77 73
170 125 41 75 61
170 156 73 100 99
16 2 33 95 95
8 42 76 93 82
8 158 57 75 57
158 86 30 88 62
158 4 85 99 97
9 138 86 88 86
9 147 50 53 51
138 166 59 63 62
138 88 28 82 57
138 190 68 98 91
147 117 41 45 45
10 18 91 100 98
10 135 28 82 30
12 75 11 34 18
12 5 24 40 25
75 91 92 94 93
75 11 95 98 96
13 1 54 63 55
13 23 11 26 18
23 140 76 79 77
23 134 93 99 98
23 101 71 89 85
156 41 78 94 79
183 149 21 53 36
54 190 45 51 45
54 130 63 97 90
113 161 17 61 42
19 42 18 22 20
20 160 48 83 49
20 118 41 88 44
20 5 42 98 74
20 119 92 94 93
20 1 70 88 80
118 16 13 100 51
119 165 40 83 75
119 159 44 51 49
119 97 52 90 66
21 168 49 95 52
21 93 84 87 84
21 167 67 86 67
168 39 38 45 42
93 46 62 65 64
93 42 72 82 74
22 131 91 97 96
22 2 36 100 50
22 74 56 76 76
22 59 13 29 15
131 25 94 100 98
131 23 73 85 76
131 62 17 94 61
74 119 50 77 77
74 108 17 88 40
74 3 73 87 74
74 12 70 100 74
59 194 70 90 71
59 150 76 89 76
59 162 11 35 14
140 71 82 92 91
140 188 24 46 46
134 76 30 79 36
134 68 24 93 37
134 78 14 53 28
101 2 26 72 50
24 134 91 94 92
25 171 61 78 73
25 95 65 94 84
95 24 90 92 92
95 57 55 97 92
26 190 82 84 84
26 135 20 55 39
190 165 92 94 93
190 122 48 52 51
27 155 91 99 96
155 125 18 20 19
155 179 72 76 73
155 128 53 72 54
31 152 71 72 71
33 77 89 91 90
33 56 81 92 92
33 98 50 75 52
77 144 45 56 51
77 93 70 86 77
77 179 27 77 76
56 68 15 70 51
56 192 42 59 50
98 153 35 67 38
34 14 61 98 63
34 181 59 80 65
34 140 83 93 89
181 104 95 96 95
181 126 11 74 47
35 193 82 98 94
35 4 77 85 81
35 173 91 96 93
35 166 83 92 87
35 135 68 86 75
173 2 82 94 88
166 143 79 96 90
166 88 85 93 85
36 165 83 97 94
36 6 29 40 30
165 144 16 30 18
37 12 57 77 75
38 1 50 58 56
38 180 86 92 92
180 3 77 97 97
180 35 53 93 92
180 53 28 87 44
39 63 59 95 85
39 0 37 51 46
39 167 53 67 60
63 57 77 79 79
63 153 68 93 84
40 42 15 50 19
41 140 60 66 61
41 21 10 42 18
41 193 50 67 51
43 140 65 76 74
44 35 88 99 97
44 135 71 74 73
45 108 91 93 93
45 26 26 36 32
108 184 59 78 59
108 142 38 41 40
108 104 90 91 91
46 110 43 80 79
46 19 70 89 74
46 26 60 61 60
110 117 57 69 59
47 94 33 95 37
47 154 24 82 77
47 38 24 59 33
154 149 22 44 33
154 157 28 39 36
48 193 63 94 66
48 128 36 77 36
128 182 77 85 83
49 59 52 54 53
50 100 79 94 81
50 127 95 97 95
50 43 66 67 67
100 25 87 89 87
100 62 68 81 81
127 81 58 69 68
51 181 64 92 64
51 94 12 51 45
52 25 38 66 50
52 153 80 85 83
153 26 82 98 90
130 93 36 48 36
130 140 78 81 79
130 23 89 90 90
130 45 78 83 82
130 183 92 100 97
159 68 88 99 94
159 120 13 47 35
159 8 95 97 96
68 66 48 99 77
68 59 45 51 45
68 5 64 66 65
68 179 70 77 70
194 185 64 83 66
194 57 32 34 33
162 166 20 74 62
162 8 67 76 74
162 57 18 99 37
60 179 18 27 19
60 16 91 98 94
61 91 84 85 85
61 19 57 74 65
91 87 67 80 70
91 69 24 96 39
91 97 58 64 59
91 125 63 69 66
91 74 15 52 33
64 44 38 95 78
66 79 81 89 83
66 156 93 97 96
79 165 83 99 91
79 78 51 63 56
79 30 46 88 82
69 148 62 79 65
69 35 26 85 33
69 67 53 60 59
69 43 32 37 34
148 19 94 97 95
148 74 89 91 90
70 169 19 81 49
70 139 15 30 19
70 116 94 97 97
70 82 39 77 65
169 190 57 72 57
169 124 10 77 57
169 97 61 63 61
139 7 45 89 45
139 181 60 62 62
139 96 41 47 43
71 169 64 82 66
71 157 45 46 46
71 80 18 58 43
157 178 48 90 57
157 82 20 21 20
80 159 71 75 74
73 75 21 69 66
76 138 25 97 82
76 126 73 78 74
126 60 89 94 92
144 101 94 95 94
144 74 45 72 54
144 81 36 89 60
78 134 19 23 23
78 10 86 88 86
81 59 90 95 94
81 156 70 93 91
83 23 81 96 83
83 12 20 44 30
83 6 16 36 21
84 46 57 90 82
84 57 36 88 86
84 180 14 46 38
84 49 66 88 67
84 160 71 73 71
84 10 21 57 45
86 149 55 91 73
86 123 46 61 57
86 142 14 62 58
149 167 85 90 87
123 9 75 98 82
142 49 91 100 100
142 67 36 87 54
142 44 25 55 26
142 177 30 100 95
142 195 49 70 70
87 108 26 97 71
87 143 65 96 75
87 49 14 89 24
87 83 36 98 63
143 127 62 86 75
88 184 50 67 62
88 23 53 97 54
88 127 74 87 77
90 3 59 78 66
125 98 17 84 68
92 193 75 89 78
92 91 15 25 18
92 118 25 64 51
92 63 61 65 61
102 178 83 96 85
178 72 34 99 41
132 117 66 97 70
132 87 69 98 81
132 50 39 78 58
132 187 76 91 87
105 114 49 62 53
114 58 27 93 88
114 0 94 97 96
106 60 11 36 28
106 124 38 87 52
106 56 47 99 72
106 34 76 84 81
107 118 48 72 68
107 96 19 81 43
109 66 89 92 89
117 170 15 100 40
111 66 36 46 46
111 59 15 63 28
112 96 17 44 18
112 47 88 97 90
112 156 94 95 94
115 67 54 99 65
120 8 21 87 34
120 161 14 96 30
122 96 40 50 42
182 153 31 56 56
182 57 73 89 81
129 62 87 89 89
129 174 83 95 85
174 35 10 51 27
187 72 64 82 71
133 44 77 78 78
136 27 58 81 65
136 152 17 84 67
136 110 68 96 73
137 12 16 61 42
137 117 52 73 61
137 145 64 83 78
145 16 82 98 84
145 32 49 52 52
188 15 85 89 87
141 159 74 81 77
177 81 35 60 54
177 151 53 71 62
163 136 93 99 96
164 3 50 85 72
164 13 40 86 70
172 116 83 88 86
172 114 71 72 71
172 11 60 86 62
172 12 42 100 94
172 8 37 55 46
175 23 69 96 95
175 187 17 54 32
175 111 78 94 79
175 74 26 59 55
175 63 36 75 40
186 51 90 91 90
189 55 59 66 60
189 111 69 100 96
189 22 55 88 72
191 92 34 40 36
191 152 40 43 41
0 195
