18 58
0 3 14 70 49
0 5 69 95 72
3 17 27 64 42
3 8 12 44 34
3 14 13 72 21
3 2 85 100 89
3 7 48 64 55
3 0 80 94 93
5 15 39 69 56
1 6 49 54 49
1 7 83 100 94
1 15 74 85 82
1 12 59 81 81
6 11 95 96 96
6 16 15 47 17
7 15 63 85 70
7 12 80 99 94
7 0 52 68 60
7 10 91 92 91
15 6 20 32 30
15 7 86 95 92
15 3 65 69 68
12 10 46 53 51
12 16 44 63 56
2 5 90 99 97
2 1 90 92 90
17 3 23 52 48
17 6 60 99 88
17 1 83 87 83
17 5 95 99 98
17 11 95 97 97
17 4 15 30 27
8 5 87 94 88
8 0 47 59 55
14 5 72 83 79
14 10 53 73 58
14 12 31 53 37
14 0 56 80 62
4 0 73 85 73
4 9 88 96 93
4 17 44 53 52
4 6 13 23 18
9 11 70 89 70
9 14 79 95 79
9 3 45 50 45
9 17 65 91 68
11 16 32 62 42
11 14 62 74 71
16 10 22 67 51
16 0 93 100 100
10 13 49 72 68
10 17 14 84 32
10 12 45 81 70
13 1 89 100 98
13 6 86 87 87
13 4 32 76 50
13 15 91 93 93
13 10 66 72 66
0 17
