56 147
0 20 14 90 71
0 12 86 91 91
0 17 58 88 76
0 4 36 87 73
0 11 27 44 41
20 37 15 94 52
20 18 66 96 94
20 31 94 97 97
20 10 60 88 74
20 14 90 97 94
12 27 32 45 39
12 10 46 97 90
12 15 63 85 73
12 16 77 97 97
17 24 76 83 78
17 7 92 95 93
4 23 56 65 56
4 48 18 46 21
11 23 28 80 47
11 33 65 75 72
1 51 23 33 26
51 23 29 65 31
51 55 88 92 89
51 1 23 87 78
51 5 29 83 52
2 4 66 75 70
2 48 37 96 63
2 8 40 97 50
2 33 28 94 35
48 43 56 82 78
48 6 74 100 99
8 50 15 42 34
8 27 15 75 56
8 38 78 83 81
8 47 32 64 42
33 35 77 91 86
33 5 20 22 21
3 36 19 77 53
3 5 37 66 58
3 40 94 95 94
3 55 49 51 51
36 17 21 61 58
36 42 59 71 66
36 52 37 43 37
5 20 47 77 77
5 2 72 84 76
5 41 72 98 84
5 10 46 73 67
55 43 35 85 52
55 25 47 96 58
55 18 24 50 49
23 41 20 76 51
23 45 72 98 88
23 5 38 67 65
23 35 32 71 54
23 27 77 98 81
41 11 47 52 52
41 31 41 49 42
41 44 23 73 39
41 13 17 28 28
10 21 82 88 82
10 52 23 76 24
10 2 47 56 51
10 43 41 63 45
6 17 72 87 72
6 35 65 79 72
6 12 77 84 77
35 5 19 21 21
35 41 41 42 41
7 53 29 65 51
7 19 33 67 59
19 15 59 90 83
19 55 35 69 56
50 48 78 85 84
27 3 25 57 51
27 26 72 94 72
27 40 44 95 49
38 12 57 93 75
38 46 78 88 80
38 33 27 70 63
38 11 80 88 88
47 6 94 99 96
9 7 73 79 76
9 2 16 93 31
9 22 87 97 88
22 24 74 88 76
22 6 36 52 50
22 40 37 59 59
22 7 74 80 74
21 47 13 91 88
21 24 27 63 47
52 36 46 56 53
52 54 23 68 24
52 5 61 82 76
52 19 88 95 93
52 43 71 81 75
52 48 58 89 68
43 4 62 96 95
43 7 61 83 62
43 12 77 78 77
43 17 56 85 77
43 31 19 59 53
15 17 35 41 40
15 7 78 99 87
15 6 57 97 84
15 38 34 95 76
16 51 88 100 93
13 27 44 87 56
13 18 44 77 44
18 38 38 47 39
14 55 36 94 65
24 55 67 87 87
24 54 64 100 98
24 49 35 98 41
24 51 48 56 48
24 16 41 97 71
37 55 20 81 34
37 38 84 92 84
37 23 25 84 70
37 6 34 65 50
31 16 29 32 31
31 49 43 78 67
45 13 79 85 79
49 31 78 96 78
49 22 78 92 84
49 16 17 94 75
49 52 68 94 70
49 30 67 91 77
49 43 38 71 59
25 9 92 97 94
26 1 52 99 61
26 23 72 99 73
28 40 76 92 82
29 42 33 35 35
29 26 57 85 83
29 0 90 93 92
29 49 18 86 69
42 29 41 94 60
42 17 31 94 90
30 46 79 82 79
46 35 76 80 77
46 40 76 78 76
46 25 85 99 92
32 16 71 87 74
32 50 10 88 62
44 48 28 58 47
44 26 11 66 13
0 55
