352 973
0 263 27 85 32
0 210 40 65 45
0 209 46 73 63
0 35 93 100 96
263 114 58 63 59
263 37 91 92 92
263 158 86 98 89
263 3 31 62 58
263 118 13 50 32
210 160 16 68 19
209 264 52 84 75
209 24 22 64 51
209 135 16 93 29
35 82 42 74 58
1 88 36 60 44
1 347 78 100 81
1 328 80 98 84
1 184 20 66 65
88 206 50 73 52
88 171 46 47 47
88 193 76 90 77
88 272 74 95 90
347 133 30 87 84
328 338 16 81 50
328 114 71 84 82
328 253 95 100 97
328 340 67 68 68
328 243 11 29 17
328 164 86 90 87
184 65 39 75 53
184 70 48 67 67
2 105 91 94 91
2 87 49 93 82
2 97 25 68 65
2 136 64 70 70
2 217 36 88 77
105 4 18 67 41
87 310 58 59 58
87 311 32 44 34
87 58 65 92 78
97 217 80 97 97
97 198 32 51 50
97 51 68 76 76
136 192 73 93 81
217 38 28 44 44
217 94 83 96 93
217 283 74 79 77
217 300 75 81 79
3 273 80 98 88
3 56 32 96 69
3 313 21 64 28
3 12 31 81 59
273 210 89 95 90
273 295 45 49 46
273 310 91 97 96
273 291 48 94 67
56 35 66 75 69
56 217 45 49 48
56 264 46 88 47
56 253 93 97 96
313 93 44 68 56
313 266 32 64 32
12 192 80 94 82
12 278 75 93 88
12 228 37 66 49
4 195 23 89 50
4 52 10 75 30
4 45 21 67 63
4 243 14 25 16
4 147 88 89 88
195 247 35 78 35
195 88 63 78 64
195 18 37 98 97
195 76 15 37 32
195 53 11 77 69
52 113 26 40 30
52 23 47 73 68
52 299 64 89 84
243 61 79 95 86
243 147 61 76 66
243 232 79 97 92
243 170 27 76 37
147 35 79 81 81
147 267 85 93 85
147 76 20 84 24
5 208 28 89 55
5 29 78 95 94
208 197 10 23 16
208 84 74 89 87
208 259 55 58 57
208 59 59 86 73
29 206 83 96 85
29 328 88 96 96
6 123 43 61 47
6 230 93 94 94
123 92 73 93 76
123 240 15 18 18
230 29 19 58 22
7 335 65 94 67
7 85 38 70 48
335 94 71 99 94
85 187 82 97 88
85 110 45 83 82
85 173 19 68 51
8 110 58 86 85
8 40 77 87 87
8 337 79 90 89
8 82 52 55 55
110 82 71 72 72
110 279 60 75 62
110 294 69 77 69
40 116 17 93 91
40 301 88 89 88
40 96 18 43 38
40 310 24 35 24
40 139 95 100 99
337 118 17 21 21
82 235 34 55 36
82 6 74 99 85
82 176 83 93 90
82 138 90 100 98
82 277 44 79 73
9 32 54 97 70
9 26 91 92 92
9 129 50 62 51
32 151 75 81 78
32 96 70 90 88
32 110 91 96 96
32 27 86 95 86
26 87 36 80 65
129 222 17 68 55
129 7 31 65 64
129 280 88 93 89
10 4 40 42 42
10 116 27 50 37
10 94 56 93 81
10 18 54 65 62
10 246 10 50 29
10 311 23 74 42
116 85 53 95 67
116 79 58 93 58
116 132 88 91 91
94 315 34 100 45
94 80 45 67 55
94 248 20 100 38
18 110 35 72 48
18 340 83 100 84
18 331 76 83 78
18 280 17 28 20
246 342 88 95 91
246 170 78 94 78
246 167 42 92 59
311 191 95 99 96
311 214 53 74 63
311 138 74 86 76
311 31 86 93 86
192 160 63 72 70
192 105 86 88 88
278 169 61 73 64
278 273 81 90 86
278 143 55 67 56
278 28 22 86 26
228 241 62 71 63
228 140 23 31 27
228 175 35 63 53
228 128 78 90 78
13 320 29 43 34
13 175 69 81 78
320 342 65 89 65
320 308 12 97 80
320 227 93 98 98
320 140 29 88 39
320 274 11 28 21
175 280 15 81 41
175 195 63 95 91
175 51 35 92 39
175 237 65 93 70
14 142 88 91 91
14 174 16 86 80
14 168 20 70 52
14 32 67 69 68
142 351 17 62 34
142 98 11 55 20
142 205 83 85 85
142 131 60 75 69
174 130 10 79 37
174 43 79 95 82
174 290 16 27 16
168 280 27 55 37
168 156 84 94 90
168 30 26 55 41
168 68 87 99 94
168 38 34 63 41
15 349 46 94 80
15 113 78 89 79
349 243 91 95 91
349 290 44 45 44
16 215 19 38 24
16 201 55 62 58
16 14 13 29 24
16 166 32 71 42
201 289 56 74 57
201 160 33 59 41
201 64 52 68 66
166 13 12 57 43
166 124 83 94 88
166 137 81 90 81
17 66 11 53 22
17 46 18 55 35
17 85 91 93 93
66 281 79 99 84
66 95 17 27 24
66 137 60 71 70
66 195 51 82 74
66 50 76 83 81
66 91 87 92 90
46 199 71 100 97
46 112 85 93 91
331 231 17 62 17
280 298 79 80 79
280 303 75 81 77
19 288 36 82 66
19 117 55 67 56
288 213 63 89 84
288 114 42 71 42
288 294 68 74 70
288 271 34 89 83
288 192 93 97 95
288 255 46 57 47
117 270 41 42 41
117 251 12 65 54
117 123 35 59 52
117 300 74 98 94
20 199 42 61 42
20 36 23 67 46
199 111 70 93 80
199 259 14 98 77
199 272 68 91 89
199 87 63 80 66
199 52 22 96 78
199 162 34 58 55
36 1 66 70 69
36 270 84 90 84
21 280 51 53 53
21 346 31 33 32
21 340 85 93 90
21 122 32 89 74
21 117 80 93 93
346 282 69 76 71
22 47 87 99 90
22 345 64 66 64
47 75 91 95 91
47 158 65 81 69
47 298 65 80 71
47 188 58 99 88
345 263 86 97 89
345 80 41 82 54
23 236 13 31 27
23 170 46 79 65
23 32 93 97 95
23 210 92 95 92
23 303 14 65 16
236 336 76 82 79
236 116 41 72 43
236 346 50 63 50
170 240 80 93 90
170 298 29 99 97
170 28 19 95 42
170 95 32 44 35
303 351 45 83 60
303 319 24 37 26
24 219 94 97 95
24 203 49 84 57
24 163 45 57 49
203 11 53 73 65
203 108 86 98 97
163 97 48 100 59
163 84 54 93 59
163 319 39 42 40
163 24 30 39 39
25 28 20 28 24
25 242 57 89 60
28 316 47 96 67
28 190 79 95 94
28 115 11 82 16
242 193 27 77 38
27 71 23 25 23
27 337 22 41 37
27 62 30 81 36
27 137 15 73 15
71 216 62 88 83
62 349 37 91 80
62 232 57 83 74
137 59 87 94 89
137 66 40 98 65
137 44 39 57 48
137 310 60 81 60
137 278 31 69 31
316 171 43 66 62
316 203 47 50 47
190 95 15 93 48
190 141 38 75 57
115 298 84 88 84
206 59 56 84 56
30 82 84 99 91
31 55 92 100 93
31 324 67 93 68
31 294 80 100 96
55 226 48 84 57
324 106 86 90 89
294 327 65 69 67
294 84 78 83 83
294 212 12 22 21
294 252 95 99 95
294 77 16 23 18
294 199 22 79 52
151 242 47 50 48
151 134 93 99 93
151 188 46 92 51
151 25 88 93 93
96 68 41 76 63
33 155 82 96 93
33 17 33 51 37
33 348 42 46 45
34 333 67 91 69
34 99 53 96 53
333 147 34 55 55
333 67 51 67 53
99 40 95 97 97
99 302 32 85 57
99 312 67 90 73
270 194 77 89 82
270 104 83 96 95
270 263 45 64 58
270 144 29 91 62
37 70 52 91 65
37 167 94 96 95
37 262 42 86 80
70 228 83 92 84
70 112 75 83 79
70 245 46 54 52
262 328 19 83 36
262 292 81 88 83
262 120 80 89 88
262 216 84 96 94
262 250 19 98 30
38 36 28 58 51
38 133 71 73 72
38 92 29 41 37
38 284 69 94 69
38 199 43 67 60
133 187 45 70 50
133 181 62 67 63
133 60 44 86 59
92 327 64 73 70
284 138 71 83 73
284 68 95 98 98
284 221 71 80 76
284 233 89 100 100
39 116 27 82 65
301 204 60 98 74
301 118 42 68 67
310 279 23 45 39
139 181 29 65 62
139 58 56 96 73
139 218 60 77 66
139 51 81 100 93
41 278 71 94 76
41 117 41 70 46
42 88 72 81 76
42 273 17 57 36
42 67 87 99 99
67 243 17 62 56
67 106 19 74 72
43 271 44 87 77
43 46 15 93 72
271 52 93 99 98
44 225 40 73 67
225 22 13 43 28
225 180 34 47 37
112 168 46 49 46
112 149 55 80 75
112 155 24 60 29
75 1 47 97 90
75 158 57 93 65
158 134 50 95 88
158 147 57 96 88
158 86 76 88 84
298 65 55 73 64
298 24 80 93 89
298 205 54 93 61
298 47 24 78 67
188 216 35 99 84
188 137 32 82 44
188 134 13 18 14
188 5 65 77 69
188 76 65 99 72
48 204 33 61 49
204 336 93 98 94
204 173 30 35 33
49 196 54 92 88
49 106 79 89 82
49 136 90 98 98
196 109 87 96 96
106 41 22 42 29
106 324 35 64 55
50 235 92 100 97
50 250 11 80 56
50 91 38 92 63
50 238 32 51 39
235 72 91 95 94
235 142 36 92 36
235 253 80 99 98
250 15 39 77 50
250 32 34 97 67
250 35 62 66 64
250 209 93 98 94
91 43 75 78 75
91 217 29 60 51
91 322 67 96 86
91 264 86 91 87
238 23 76 78 76
238 331 12 68 65
51 326 53 65 61
51 262 27 84 38
51 189 21 43 33
51 106 57 81 81
51 273 39 96 47
51 334 34 41 39
326 108 38 60 41
326 11 92 95 94
326 260 29 68 63
326 242 27 78 58
326 27 91 100 96
189 85 47 83 48
189 291 12 67 47
189 274 38 63 43
334 64 56 67 67
334 245 77 82 81
299 181 81 93 90
299 314 82 83 82
299 47 48 86 49
299 23 36 59 47
53 48 67 79 69
53 334 13 93 35
54 316 24 99 44
54 77 17 71 59
54 232 78 87 78
77 331 91 92 92
77 31 39 84 39
77 103 10 81 33
232 272 95 96 95
232 61 30 69 44
226 85 74 99 84
226 146 93 98 95
264 77 35 86 46
264 260 47 77 53
264 73 26 80 66
264 284 18 64 19
264 265 88 94 92
264 208 74 86 78
253 74 90 93 92
253 56 74 97 80
57 308 78 90 87
57 338 24 59 36
308 334 92 95 92
308 95 86 88 86
308 78 53 54 53
308 125 16 46 36
338 174 23 86 77
338 131 50 99 62
58 69 73 99 76
58 45 37 52 51
58 162 65 66 65
69 97 55 76 67
69 84 31 58 37
162 7 39 71 39
162 349 11 25 18
59 88 83 88 83
59 351 35 66 62
351 299 73 87 84
351 329 63 81 69
60 63 19 84 35
60 125 40 44 41
60 350 52 94 69
63 7 82 93 88
63 166 39 53 45
63 199 19 71 28
125 60 85 86 85
125 327 94 99 94
125 68 35 85 81
125 342 27 45 29
350 263 24 73 35
350 99 94 96 94
61 109 44 87 77
61 314 81 90 89
61 308 15 32 18
61 163 58 83 58
61 90 36 71 44
109 212 46 84 54
109 309 74 90 80
109 203 35 72 49
314 64 67 82 82
90 36 59 99 83
90 232 48 72 63
64 328 41 69 57
64 97 45 97 46
64 266 57 80 72
64 140 66 81 70
266 188 94 96 94
266 135 69 79 74
266 193 44 55 54
65 20 53 76 61
65 347 22 90 64
65 58 77 86 82
281 264 85 91 86
281 267 27 42 31
281 61 19 89 66
95 32 64 82 76
95 108 53 62 61
95 233 48 68 48
84 0 34 76 39
84 196 10 50 18
245 122 78 79 78
216 10 47 89 52
216 350 53 73 63
216 37 12 54 37
72 0 38 58 56
73 265 29 58 54
265 236 87 93 90
74 14 63 98 74
74 221 65 83 76
76 34 65 70 69
76 192 42 84 56
76 19 75 88 76
76 117 79 90 84
76 251 27 90 59
251 302 80 82 81
251 294 89 90 89
251 32 88 97 94
251 238 29 51 42
251 286 47 73 61
251 293 46 69 69
103 141 18 23 23
103 240 62 99 62
103 51 15 78 71
78 236 36 68 54
78 112 27 82 29
78 280 80 99 93
79 91 55 80 65
79 261 56 60 57
261 34 34 53 34
261 21 31 53 53
261 0 21 31 28
80 72 46 84 76
80 210 45 93 69
80 176 91 94 91
176 60 90 93 92
176 123 93 96 94
176 341 68 69 68
176 222 53 73 68
81 92 71 97 97
81 193 45 99 69
81 57 87 90 88
193 89 19 74 45
193 266 34 91 54
193 43 95 100 96
138 225 77 83 81
138 93 51 53 51
138 330 24 68 60
138 164 16 78 46
138 101 71 85 81
138 151 61 74 70
138 205 88 98 94
138 5 57 65 65
138 149 32 81 58
277 80 57 91 60
277 234 75 80 75
277 160 90 96 96
83 309 33 59 43
83 116 31 62 55
83 294 62 93 80
309 117 16 97 95
309 212 10 12 12
309 8 63 81 65
309 13 95 97 95
187 64 63 84 78
187 224 44 53 49
173 332 10 78 68
86 327 52 81 60
86 332 94 95 94
86 7 87 98 94
86 258 91 97 96
86 147 20 73 50
86 120 16 17 17
327 156 72 92 76
327 56 25 33 28
332 265 30 68 49
258 51 68 84 84
120 108 79 97 83
171 226 16 41 29
272 163 86 95 88
272 12 81 86 84
89 166 43 81 80
89 161 40 74 66
89 6 65 66 65
89 50 11 69 45
89 236 24 29 29
161 162 91 95 93
161 344 93 95 93
161 198 66 96 78
161 65 22 53 22
322 175 42 98 70
322 29 85 91 85
322 6 51 66 55
322 81 39 78 76
93 286 83 88 86
286 104 44 65 58
315 317 33 88 81
315 277 94 100 99
315 186 10 80 48
315 194 86 91 87
248 103 32 51 32
248 113 57 78 59
248 130 22 68 50
108 347 75 79 77
108 164 10 91 25
108 87 67 90 80
108 227 76 87 87
233 207 59 66 64
233 284 66 75 70
198 83 88 95 95
198 158 31 98 57
302 317 47 60 59
302 329 83 91 89
302 51 26 47 41
302 101 50 83 53
302 262 43 87 48
312 92 25 62 33
312 48 56 76 72
100 79 56 94 87
100 45 26 97 31
101 259 58 88 66
101 294 92 98 93
101 233 60 94 63
259 329 46 84 81
259 302 28 93 62
259 70 32 73 35
141 188 81 96 82
141 216 87 92 89
141 91 57 62 58
240 274 51 78 54
104 266 29 88 62
104 211 22 93 53
211 225 40 75 73
211 241 59 79 59
211 59 58 78 67
211 319 16 20 17
211 208 13 74 40
211 238 44 72 72
211 186 42 67 51
211 43 11 49 36
107 19 16 60 46
164 231 44 78 46
164 53 59 64 61
227 182 80 97 85
227 167 31 73 64
227 49 87 96 88
227 291 16 22 21
212 295 77 92 78
212 103 13 54 47
212 193 23 63 26
212 315 57 58 58
279 39 55 61 61
279 199 21 100 26
111 52 15 79 72
111 276 95 100 100
111 44 21 97 44
111 27 80 81 80
149 339 32 43 43
149 237 30 62 35
114 141 15 39 21
114 234 51 70 57
114 332 55 74 64
234 206 71 99 87
234 274 56 85 70
234 293 45 88 75
234 103 32 67 42
132 0 43 69 59
300 210 82 92 82
300 118 54 69 55
300 233 15 17 15
300 148 27 54 51
118 319 24 32 32
118 92 29 51 36
118 320 92 95 92
118 258 22 81 75
319 266 42 70 61
319 184 35 55 47
119 228 12 35 28
119 295 57 79 76
119 190 52 92 70
119 154 44 67 51
295 86 68 75 73
295 281 53 68 61
154 20 94 99 96
154 120 68 81 70
154 207 43 75 46
154 144 66 84 82
121 348 25 56 49
121 337 41 67 62
121 332 64 95 92
124 165 80 87 85
342 0 47 83 53
342 22 57 68 65
342 62 73 87 87
342 252 14 63 31
342 348 55 93 91
126 112 93 95 94
126 129 21 29 23
126 104 38 47 46
126 232 60 63 60
126 281 91 97 96
127 275 79 91 88
127 253 77 100 95
275 14 90 97 94
275 266 57 93 78
275 83 28 90 67
275 50 65 87 76
275 82 25 67 54
128 203 43 82 50
130 218 12 81 34
130 78 57 90 71
130 30 47 74 68
218 95 80 89 85
218 97 41 65 56
218 6 23 86 70
218 243 22 66 59
218 23 29 34 30
131 198 18 90 90
131 59 33 60 35
181 261 73 77 73
134 259 67 100 91
134 58 45 87 61
135 69 65 88 68
135 206 54 58 54
143 102 84 91 86
143 8 13 50 28
143 94 23 91 26
144 49 76 93 85
144 152 34 98 71
152 331 74 95 88
145 87 12 100 73
145 205 22 23 23
145 1 26 47 29
145 175 42 85 72
145 198 19 93 24
146 85 23 91 85
267 142 49 52 50
267 231 59 88 87
148 330 38 85 48
148 275 38 90 72
339 141 74 100 77
339 334 20 74 54
339 172 25 97 81
237 12 92 97 94
237 322 24 44 33
237 147 56 74 73
150 131 29 50 36
150 81 19 31 27
150 189 35 58 49
150 285 47 70 56
150 290 48 66 50
285 79 79 82 79
285 155 53 57 55
285 21 54 67 63
285 234 60 86 83
290 331 21 51 30
290 305 29 79 29
290 36 48 77 53
290 91 48 77 48
153 161 29 63 34
207 263 36 67 55
207 296 33 63 39
207 336 68 93 80
207 64 94 95 94
156 78 71 75 74
156 85 85 94 86
156 227 21 24 21
157 101 82 98 87
157 271 50 68 59
157 198 77 83 80
157 338 58 86 75
157 309 73 91 75
157 286 53 71 70
159 270 90 100 94
159 333 79 80 79
344 244 43 84 62
344 211 27 71 69
344 312 80 87 82
344 51 11 32 20
169 262 82 86 83
169 18 74 94 80
169 122 38 61 59
172 196 43 62 48
172 247 93 99 95
172 85 58 73 71
172 341 11 58 49
247 275 65 98 79
247 323 56 87 64
341 259 59 79 74
341 210 61 100 83
341 108 53 90 75
341 69 62 63 63
177 96 90 93 91
177 149 74 80 79
177 297 15 29 28
177 1 80 90 89
177 280 63 100 90
297 95 35 72 63
297 200 64 99 83
297 171 14 43 31
297 328 47 60 49
297 29 20 33 32
178 347 50 63 50
179 106 27 100 45
179 334 84 91 85
179 279 69 93 81
179 244 47 69 67
179 319 51 90 81
179 317 46 67 64
317 121 41 79 41
317 220 14 91 41
180 341 71 99 93
180 134 17 58 45
180 104 31 51 39
180 349 81 97 89
182 19 34 84 72
182 213 48 94 89
213 31 56 66 64
213 39 44 54 53
213 82 84 98 84
213 67 59 68 68
183 99 12 61 52
183 341 81 84 84
185 16 37 84 53
185 229 51 59 55
229 338 63 95 89
186 329 11 36 16
186 220 14 68 42
186 321 13 74 43
186 20 42 82 80
329 313 21 57 31
329 38 66 80 66
329 318 59 61 60
329 295 73 89 73
220 92 76 93 79
220 82 74 81 80
220 226 66 73 68
321 255 92 96 92
321 211 13 52 47
224 351 23 25 24
224 331 73 94 79
291 136 18 72 26
291 254 53 80 66
291 251 66 68 66
274 287 87 98 94
274 46 10 31 21
191 237 18 55 36
191 321 95 98 96
194 169 10 12 11
194 197 53 100 86
194 89 56 68 60
194 285 56 88 85
194 57 53 94 87
194 37 56 68 68
194 216 83 90 90
197 3 83 91 84
200 91 14 75 69
200 44 86 100 93
289 229 12 24 21
289 276 64 98 85
202 142 67 95 92
202 205 34 46 38
202 1 19 33 26
336 40 62 70 68
336 338 65 67 66
296 299 69 70 69
296 112 62 88 62
296 107 51 53 52
296 276 92 95 92
241 27 88 89 88
214 62 59 73 64
214 29 10 20 17
214 14 33 47 38
283 31 68 69 69
223 260 53 100 57
260 91 34 73 51
260 189 95 96 96
260 179 94 97 95
293 228 78 87 78
293 117 77 97 79
293 319 95 100 98
293 84 24 61 46
293 279 28 35 29
239 4 27 36 30
239 133 70 89 73
239 317 16 97 49
239 45 74 93 89
239 249 34 81 79
249 22 91 96 95
249 219 82 98 84
249 25 88 98 88
323 67 33 49 38
323 122 67 74 73
323 65 84 94 94
323 11 42 45 45
323 208 77 99 90
323 123 84 97 87
252 302 81 97 96
252 179 65 95 81
252 328 18 31 30
254 204 64 86 83
255 279 53 79 53
255 204 63 78 74
255 341 41 97 86
255 330 28 84 82
255 184 21 54 39
257 345 15 44 16
257 113 60 68 66
257 87 42 100 75
292 323 50 79 63
292 115 64 77 69
292 276 55 64 63
292 350 77 85 81
292 46 75 85 80
268 214 31 62 33
269 301 79 100 83
269 61 68 71 71
269 72 57 72 71
287 72 81 83 82
287 92 88 94 89
282 111 42 53 49
282 279 91 99 92
282 48 10 50 21
282 58 41 47 46
282 136 87 99 91
305 75 63 74 69
305 316 61 63 61
305 251 91 97 95
305 346 46 57 49
305 26 10 13 10
304 25 15 72 49
304 12 11 20 15
304 148 48 87 49
304 83 83 84 83
304 156 74 85 84
304 14 57 78 77
306 9 69 75 72
306 322 75 93 88
306 131 87 97 89
307 331 50 97 51
307 320 59 94 86
307 12 18 98 96
307 27 21 31 26
318 266 49 78 70
318 114 10 49 11
318 116 75 99 95
325 8 29 63 39
325 300 74 80 80
343 197 93 98 96
343 182 59 100 65
343 266 66 70 66
0 351
