161 372
0 31 23 98 83
0 52 94 100 95
0 91 79 88 84
0 110 50 90 67
0 103 15 97 69
31 79 90 94 92
31 34 15 36 18
31 99 65 79 77
31 51 60 74 62
31 39 25 53 37
52 27 49 63 53
91 160 47 65 64
91 50 39 94 89
91 34 15 83 42
110 1 14 69 50
110 34 81 97 93
110 151 83 87 85
103 10 32 81 81
103 80 18 73 73
1 6 21 39 33
1 102 61 92 64
1 122 41 87 60
6 57 24 80 48
6 101 59 94 66
102 147 82 86 83
102 57 77 86 85
122 102 29 64 43
122 86 82 92 83
2 78 47 87 64
78 61 76 78 78
78 140 93 96 94
78 126 18 45 36
78 76 14 40 35
3 60 71 76 73
3 12 81 91 86
3 96 59 79 75
3 26 81 98 91
60 137 29 84 66
60 0 80 86 82
60 75 85 88 88
12 120 95 98 96
12 69 89 95 91
96 112 78 98 89
96 157 32 46 34
96 18 80 92 85
96 6 43 82 69
26 152 44 50 49
26 37 26 70 68
26 80 24 68 24
26 24 57 79 58
4 38 23 84 60
4 53 58 91 69
4 85 44 94 86
4 2 90 99 96
4 57 73 81 75
4 118 55 91 67
4 137 84 96 91
38 8 82 96 95
38 103 16 29 27
53 130 31 66 60
53 136 27 42 30
85 7 55 65 57
85 131 16 91 83
85 47 72 75 75
57 34 27 62 57
57 79 55 99 75
57 86 25 100 45
118 138 70 100 99
118 149 17 67 54
137 95 19 40 36
137 51 50 87 68
5 39 41 94 70
5 108 52 74 60
39 136 41 52 41
108 114 18 45 40
101 129 30 52 33
7 143 36 70 52
7 116 32 88 77
7 52 40 99 61
7 18 63 96 66
143 115 38 74 46
18 128 41 45 44
18 121 90 98 92
18 142 31 67 63
18 94 75 91 90
8 5 30 72 61
8 121 79 92 90
8 92 37 56 44
121 5 47 79 49
121 102 29 63 56
92 17 92 98 93
9 33 71 76 73
9 27 61 77 68
9 87 44 66 61
9 82 13 21 15
33 142 80 83 81
33 82 79 83 80
27 96 25 97 29
27 107 95 100 100
27 129 57 83 82
87 5 86 97 94
87 74 20 90 42
87 35 44 46 44
82 45 89 91 90
82 76 27 69 53
10 147 21 76 65
10 64 93 100 99
10 56 12 29 13
10 35 11 60 52
10 37 33 34 33
10 105 72 92 92
64 21 62 74 68
64 24 55 61 60
64 65 74 78 78
64 122 95 98 95
64 117 37 55 44
56 52 82 99 95
56 126 29 89 72
56 70 13 23 21
35 136 78 81 78
35 119 83 94 83
37 27 85 99 95
37 124 26 48 32
37 140 93 98 98
37 110 12 94 75
105 159 35 36 35
105 14 54 100 59
11 30 11 60 42
11 38 11 49 27
30 135 84 86 86
30 13 60 99 87
30 69 87 99 96
30 143 37 71 59
30 107 21 40 30
120 30 82 99 85
69 61 83 97 97
13 110 81 92 90
14 43 55 89 74
14 132 92 94 93
43 7 75 96 88
132 19 89 91 89
132 61 13 80 75
132 105 91 92 92
15 123 75 79 79
123 135 18 20 18
16 59 91 92 91
16 2 31 66 34
16 4 59 84 59
59 160 14 79 14
128 4 16 93 23
142 47 78 88 86
142 121 40 86 68
142 34 85 95 87
94 78 44 75 51
94 120 56 92 67
94 71 58 60 60
94 9 70 94 91
19 29 66 98 67
19 149 65 92 67
19 137 33 96 67
19 104 62 89 85
19 153 63 70 66
29 66 44 94 49
29 102 79 90 88
29 52 33 69 58
149 123 40 47 43
149 109 26 78 47
104 108 51 91 63
104 62 74 90 81
104 73 77 100 79
104 38 37 71 68
153 54 20 75 48
20 146 82 98 93
146 111 40 78 78
21 130 54 81 70
130 82 72 86 83
23 113 82 84 83
113 28 35 47 46
113 68 46 92 84
113 49 51 83 56
113 82 74 100 84
24 72 34 54 39
72 35 80 98 84
25 63 73 96 91
25 60 46 94 92
63 113 33 46 36
63 136 46 51 50
152 158 75 87 83
152 30 78 95 92
152 79 47 66 61
80 109 28 53 49
80 153 39 74 64
80 77 53 54 54
80 39 67 89 83
107 72 26 38 33
107 122 21 71 49
129 152 36 95 49
129 34 20 78 61
28 37 19 98 45
28 2 81 90 86
66 92 21 74 28
66 115 80 82 81
66 69 53 95 72
66 149 51 93 51
135 84 14 45 14
135 74 34 51 43
135 43 10 94 55
135 148 30 54 39
135 60 41 94 66
79 91 13 16 16
79 28 28 79 65
79 124 37 61 47
79 136 23 55 52
79 95 26 69 37
34 138 50 57 57
34 97 86 88 87
34 43 43 99 77
34 14 22 75 31
99 24 31 73 73
51 77 79 98 91
51 55 67 96 74
51 145 23 63 63
32 144 95 100 95
138 4 19 74 39
138 135 84 91 87
138 10 81 82 82
97 67 22 70 67
97 126 37 79 47
97 109 81 99 91
136 51 86 99 94
136 87 17 40 29
36 155 76 100 94
155 65 64 70 69
124 93 77 100 94
124 12 13 61 44
124 90 34 66 43
140 151 77 80 77
140 81 71 92 87
140 116 56 72 67
40 20 82 94 85
41 35 44 99 95
41 143 20 93 65
41 121 65 72 66
42 116 16 82 22
42 64 69 80 77
42 8 51 89 55
42 80 42 75 67
44 49 88 94 91
44 107 34 88 68
44 99 89 100 95
44 6 83 98 86
49 96 30 91 41
49 28 25 66 45
49 17 67 84 78
45 27 62 99 73
45 81 33 56 40
81 106 23 60 47
81 110 25 93 34
46 81 66 72 71
46 153 77 78 77
47 142 34 40 36
47 33 93 100 96
48 59 19 93 92
48 96 95 99 97
48 31 92 96 93
50 152 28 70 39
50 91 77 78 77
55 116 78 91 79
55 102 61 86 66
145 141 24 59 59
145 152 55 96 62
145 133 27 75 34
54 155 22 51 38
54 102 43 50 45
54 28 62 83 75
126 37 39 96 74
70 108 78 81 81
70 29 27 53 42
86 10 31 54 51
58 63 24 85 73
58 96 24 65 35
75 21 41 48 43
75 140 11 85 51
75 126 55 71 60
75 50 88 90 88
62 25 39 90 50
62 37 28 94 81
65 61 18 82 78
65 51 63 88 76
65 122 51 100 88
65 139 34 92 70
65 21 10 28 27
117 125 91 92 91
117 9 92 95 93
115 12 36 47 47
115 131 44 94 55
115 108 68 86 85
115 154 81 87 86
115 10 81 83 82
67 41 34 80 46
68 128 13 14 13
68 91 64 93 92
68 105 68 95 86
68 60 22 67 64
68 103 84 96 91
71 151 76 91 91
151 133 95 97 96
73 71 93 97 97
73 75 52 57 53
73 68 70 87 75
74 11 91 98 93
74 10 48 71 52
74 45 89 91 91
76 147 11 19 15
76 35 12 15 15
76 57 17 28 22
95 46 68 91 69
95 149 23 24 23
109 143 78 98 89
109 147 68 87 81
109 98 33 94 49
109 154 40 69 65
109 121 58 72 65
109 82 24 28 28
109 28 41 51 44
106 6 52 84 73
83 140 90 93 92
84 159 38 81 43
159 44 18 56 21
131 1 25 72 43
88 90 16 68 30
88 140 35 75 65
88 147 53 60 59
88 71 29 88 50
93 27 23 24 24
93 80 19 41 31
93 59 84 88 85
93 74 86 100 88
93 134 87 88 88
134 41 32 76 56
112 6 51 86 69
157 74 13 46 18
98 119 29 46 40
98 68 28 89 64
98 71 59 88 88
98 31 26 62 62
98 81 80 90 81
98 50 69 74 69
100 48 51 86 81
114 89 13 21 18
154 10 42 70 52
111 137 91 92 92
111 8 59 96 68
111 89 69 83 75
111 108 36 84 44
125 88 32 83 51
125 67 22 63 30
125 113 15 19 15
125 38 59 70 67
127 78 75 87 79
133 121 26 53 29
133 80 40 59 40
133 1 54 65 58
133 67 66 72 69
148 27 48 71 62
141 69 63 86 80
141 133 24 97 42
141 89 13 74 44
141 151 14 44 19
150 157 75 97 86
158 30 59 65 64
156 46 61 93 61
0 160
