269 639
0 254 34 46 43
0 120 29 67 65
0 172 35 71 54
254 85 78 96 85
254 160 95 97 97
120 200 80 100 80
172 0 95 99 96
172 131 13 74 44
172 28 87 92 92
1 217 63 83 71
1 114 52 72 61
1 93 57 90 72
217 89 74 89 89
217 73 82 85 84
217 40 25 46 40
114 38 65 79 77
2 15 94 95 95
2 53 51 70 70
2 38 36 52 40
15 130 47 72 58
15 251 23 82 23
38 55 59 94 74
38 87 68 89 69
38 141 70 85 84
38 5 25 96 25
3 242 75 94 82
3 255 26 50 45
3 86 87 99 87
3 19 48 95 77
242 12 30 58 58
19 165 13 22 21
4 85 30 36 36
85 259 51 57 54
85 32 56 70 62
85 207 88 94 89
85 18 36 41 37
85 57 64 83 78
6 227 68 86 85
6 202 57 88 86
6 62 48 49 49
227 24 53 69 59
227 210 84 87 86
227 241 57 92 89
227 10 11 22 20
202 258 12 51 24
62 120 68 78 69
62 53 54 77 74
62 27 95 97 96
7 92 82 100 91
7 13 28 84 48
7 253 73 97 90
92 207 79 98 98
92 97 92 100 98
13 139 42 68 42
13 31 82 90 90
253 121 25 99 91
253 170 85 90 90
253 225 28 71 39
253 32 63 82 68
8 202 56 96 70
8 3 36 68 62
8 224 52 89 57
8 101 29 89 30
101 125 87 95 92
101 108 60 77 67
101 9 89 100 89
9 198 92 99 98
9 101 55 100 100
9 219 66 95 71
9 69 65 78 72
198 3 13 81 59
219 107 92 94 92
219 113 22 55 28
219 47 11 45 39
10 218 56 85 59
11 252 86 89 87
252 22 14 93 44
252 81 61 81 74
12 191 79 80 80
12 68 57 87 58
12 71 73 82 74
12 33 26 74 73
68 0 10 35 20
71 64 14 16 14
33 40 86 98 98
33 19 41 62 55
33 239 15 99 73
139 42 95 96 96
139 80 13 97 87
139 214 31 48 31
139 201 29 34 33
139 119 58 69 67
31 159 88 94 93
31 151 53 99 83
31 241 45 69 64
31 167 95 97 97
14 221 86 94 89
130 195 26 53 32
130 204 95 96 96
130 147 87 95 89
130 42 45 60 49
251 32 85 99 92
251 114 75 86 75
16 178 77 100 86
16 225 77 96 87
16 69 62 68 65
178 77 70 90 72
178 219 23 64 24
178 145 95 96 96
178 59 10 32 13
178 57 55 56 55
225 17 65 86 81
225 62 80 97 80
225 239 51 66 56
18 158 36 56 40
158 162 83 100 87
165 187 83 90 88
165 155 29 51 46
20 264 61 83 80
20 94 40 78 57
264 210 61 74 65
264 221 88 100 98
264 260 81 97 81
264 79 59 74 63
94 3 51 61 51
21 251 89 93 91
22 175 77 99 91
22 247 94 100 97
22 225 54 83 54
22 179 71 95 81
22 140 73 85 73
175 254 95 99 99
175 103 63 77 65
247 85 19 59 40
247 36 23 64 42
247 151 60 98 64
179 189 45 57 56
179 255 12 84 64
140 267 53 92 59
23 166 27 80 80
23 246 87 92 92
166 112 84 91 87
166 264 26 34 34
246 23 38 69 40
246 32 59 63 60
24 154 33 93 90
24 133 73 74 74
154 111 18 46 27
133 18 81 84 83
133 50 44 89 49
133 95 83 90 86
25 42 51 88 80
25 215 16 20 19
25 183 65 83 78
42 30 89 92 89
42 216 91 94 91
183 193 15 85 17
183 257 23 43 38
183 244 80 82 81
26 48 53 98 83
26 258 33 92 46
26 135 38 42 38
26 219 71 97 88
48 78 34 95 49
48 46 57 84 70
258 163 53 100 97
258 255 24 95 52
258 24 62 70 69
258 151 62 96 70
258 48 50 61 54
135 170 95 100 95
135 246 94 99 98
135 157 30 92 56
27 218 68 84 81
28 191 57 74 74
29 4 70 75 75
30 261 62 75 71
30 12 62 70 66
30 46 91 94 94
261 187 23 52 43
261 146 46 74 74
46 63 78 87 85
159 265 46 71 59
151 90 35 64 53
151 159 19 26 19
151 230 83 96 86
241 135 78 91 78
167 162 92 99 97
32 246 12 21 14
32 85 38 66 64
40 37 92 93 93
40 227 89 92 92
40 109 27 69 50
239 115 74 97 81
34 187 35 38 38
187 203 69 70 70
187 172 78 91 85
187 68 24 70 30
187 171 95 96 96
35 85 68 94 91
35 60 91 94 91
35 248 13 24 22
35 180 18 33 20
60 206 58 66 58
60 12 89 96 95
248 202 65 95 86
248 128 91 98 91
248 91 86 100 93
180 106 19 96 89
36 226 43 96 74
36 261 65 90 69
226 203 43 82 51
226 63 23 100 61
226 115 91 95 93
226 21 89 95 89
226 211 12 87 24
37 264 83 98 86
55 17 35 79 50
55 82 47 54 48
55 223 71 88 73
87 22 81 98 85
87 117 58 95 76
141 228 63 88 82
141 16 49 58 51
39 24 43 57 54
109 114 14 45 27
109 37 22 36 26
109 161 84 85 84
109 201 19 39 20
41 108 75 95 95
41 212 88 99 92
41 254 85 92 87
41 261 18 96 45
108 146 54 61 59
108 20 45 76 46
108 194 26 78 78
108 137 91 99 91
108 116 51 67 63
108 112 79 87 80
212 144 83 93 84
212 195 28 67 50
212 95 20 75 21
216 12 52 100 74
216 242 60 84 64
216 234 24 84 30
216 196 88 92 89
216 89 50 90 72
216 1 20 93 40
43 76 17 70 58
76 170 25 59 45
76 33 91 100 99
76 122 63 64 63
45 181 59 76 71
45 91 66 72 71
45 208 30 44 31
45 180 94 95 95
181 40 80 81 81
181 45 61 74 70
181 110 63 84 65
181 35 42 91 70
181 187 42 100 71
181 114 92 100 96
208 236 35 72 54
63 157 65 96 72
47 129 38 77 56
129 157 19 40 25
78 22 71 75 75
49 12 82 90 89
49 142 53 64 54
142 168 49 61 51
142 68 20 97 42
142 38 33 45 34
50 81 58 95 86
50 238 26 76 41
238 17 19 69 51
238 182 17 43 30
238 24 36 64 63
238 40 29 77 74
238 66 34 55 50
238 215 77 81 80
51 122 55 70 55
51 21 88 96 90
51 223 50 68 57
51 185 26 84 30
122 13 12 26 15
122 148 38 89 44
223 200 67 75 68
223 122 69 99 97
223 123 49 93 65
223 98 70 100 98
185 61 14 63 60
52 88 92 96 93
52 167 41 51 46
52 218 22 50 31
52 127 82 92 87
52 246 44 96 53
88 8 60 87 83
127 34 53 78 58
54 244 66 88 73
54 211 81 90 81
54 174 51 76 69
54 196 15 36 18
54 197 94 95 95
54 245 49 51 50
244 146 28 79 50
244 75 68 72 71
244 93 72 90 86
244 108 87 89 89
244 165 69 87 83
211 54 49 86 73
174 78 60 94 79
174 22 78 96 83
174 135 34 64 44
196 37 90 95 92
196 205 36 41 38
196 165 22 52 40
197 240 49 81 52
197 212 80 91 89
197 45 27 32 32
197 165 95 99 97
197 171 37 100 89
197 22 12 57 12
197 86 65 84 81
197 232 52 89 72
245 70 80 90 81
245 102 40 52 46
82 115 62 85 85
82 252 85 87 85
82 47 56 83 83
82 215 39 72 68
56 49 15 62 60
57 186 35 69 42
57 104 35 59 45
57 1 29 90 61
186 5 86 94 88
186 51 49 91 82
104 44 45 77 48
58 251 42 100 65
58 235 32 56 46
58 245 93 98 96
235 138 64 77 77
235 143 68 79 69
235 247 71 81 78
157 162 37 74 45
157 3 53 91 81
157 226 54 67 54
64 158 18 72 34
65 41 36 90 48
65 98 92 97 96
98 215 68 95 91
98 5 52 73 62
98 43 38 84 66
66 163 35 80 74
66 72 34 55 49
66 19 42 85 70
163 268 79 82 82
163 217 32 76 59
72 67 81 93 82
72 129 85 96 95
72 38 56 80 64
72 47 94 95 94
70 83 13 21 16
70 101 24 82 27
70 11 86 89 86
70 170 33 65 41
70 166 91 92 91
70 240 45 85 77
83 28 71 90 88
83 17 52 90 72
83 40 76 87 81
83 158 25 60 29
83 38 39 84 76
240 49 72 85 76
240 241 40 79 78
240 52 83 96 92
240 7 57 95 94
73 48 92 96 93
73 165 35 85 73
73 163 42 52 51
74 139 12 71 35
74 119 23 26 24
74 175 67 97 92
74 25 22 31 30
119 217 82 100 92
77 21 59 83 74
77 259 50 85 72
77 256 27 55 51
77 189 14 51 51
77 76 26 89 53
77 257 68 95 68
259 16 83 99 86
259 183 92 95 93
256 177 55 100 97
189 26 62 79 74
189 164 31 49 33
189 72 85 89 88
189 27 52 72 63
189 237 61 71 66
257 50 17 92 70
257 53 16 83 61
257 57 87 94 92
257 166 62 85 68
79 258 78 86 82
80 152 94 97 94
80 176 29 51 44
80 58 43 91 49
80 199 16 99 46
80 117 24 34 31
152 56 74 97 83
152 225 29 76 73
152 25 68 100 77
176 35 33 59 43
199 143 29 82 55
117 30 57 87 58
117 181 91 100 97
84 192 60 86 72
84 109 45 72 45
84 178 33 76 48
84 3 62 92 83
192 104 77 84 81
192 157 40 68 53
192 215 63 65 65
192 195 91 97 95
207 132 89 92 90
207 104 13 45 26
97 160 47 75 59
97 73 40 67 64
95 198 81 94 85
95 66 64 77 70
95 25 19 89 22
95 241 53 62 59
96 245 42 96 45
160 128 65 85 66
160 117 25 97 63
100 82 65 98 65
100 83 11 31 21
125 188 32 85 55
125 36 29 62 29
125 17 66 81 66
125 58 80 82 82
125 266 28 50 47
102 198 28 64 41
102 241 31 89 69
103 213 49 66 58
103 191 29 46 45
103 126 38 70 51
213 32 95 98 96
213 93 26 83 47
213 222 46 75 60
213 252 51 88 51
126 176 28 69 69
105 268 93 96 95
105 101 64 84 84
105 109 26 88 39
105 172 90 100 98
268 137 52 74 73
268 125 26 82 35
268 26 84 88 85
106 228 22 47 44
106 47 57 80 63
228 48 22 26 23
228 260 77 89 83
228 151 20 64 29
107 15 82 97 89
107 217 26 54 27
146 63 12 28 22
194 46 86 87 86
194 171 55 76 73
194 113 59 88 63
194 149 45 68 47
194 119 83 90 85
137 114 13 96 75
137 58 15 88 56
116 50 73 97 83
116 210 34 72 53
116 43 64 70 65
116 34 33 89 76
112 105 40 62 40
112 218 36 62 48
161 190 47 100 85
161 224 33 37 35
201 69 60 86 75
201 56 30 42 38
110 171 27 77 53
110 85 70 71 70
171 28 64 83 79
171 148 52 54 54
111 52 75 94 87
111 96 34 60 44
111 13 24 93 60
111 241 28 34 30
111 235 85 99 99
113 45 90 97 91
113 221 19 95 44
210 231 84 87 85
210 186 44 82 73
210 59 29 40 31
118 102 37 84 42
200 189 57 71 67
200 152 91 93 91
200 267 70 99 91
121 82 34 66 50
148 205 38 50 44
148 241 28 39 37
123 215 41 46 43
123 150 67 96 73
150 242 17 46 46
150 74 70 96 76
150 34 59 89 62
150 253 30 56 45
150 230 86 91 91
124 43 31 34 33
124 239 50 83 74
124 101 41 84 43
188 132 12 64 21
266 121 45 67 55
266 65 72 84 81
266 77 90 94 90
128 16 81 94 86
128 258 19 39 22
128 126 10 91 70
128 256 61 70 65
128 200 43 70 62
195 185 79 88 87
204 142 19 94 22
204 174 41 72 43
204 83 63 90 67
147 267 44 87 46
147 169 49 99 67
147 90 71 88 81
147 198 25 33 29
131 126 47 100 68
134 29 28 56 51
134 94 61 79 62
134 132 59 63 63
134 178 39 72 48
136 259 31 84 76
136 173 53 88 87
173 188 90 93 91
173 86 64 87 71
173 257 15 76 74
173 207 23 42 41
173 49 11 61 36
173 258 35 51 50
173 35 57 62 60
138 59 31 57 43
214 39 68 87 84
214 27 30 85 50
214 186 94 99 95
267 1 59 64 64
267 189 73 85 74
267 209 80 89 87
168 146 78 97 96
168 73 61 93 72
143 66 75 99 89
143 211 69 90 79
145 262 21 39 38
145 134 81 86 82
262 27 35 70 69
169 81 28 45 31
169 246 59 60 59
169 1 18 35 32
169 207 71 93 86
205 10 51 87 77
149 224 18 64 54
149 206 60 74 74
149 237 20 46 25
149 99 54 84 80
237 140 14 39 38
237 238 42 68 55
237 30 25 58 36
230 133 63 77 73
230 258 91 97 93
155 106 37 38 38
155 37 17 79 23
155 209 10 20 19
155 177 43 62 50
155 70 22 71 25
209 19 93 95 93
177 35 92 94 92
177 76 78 93 90
177 157 48 77 71
177 108 41 68 68
177 74 21 60 46
177 132 69 83 80
156 222 42 89 80
156 130 20 51 37
222 215 13 46 43
162 192 70 94 92
162 15 33 61 53
162 155 83 99 84
162 235 38 58 38
162 81 12 66 41
162 211 86 88 88
190 5 28 75 58
190 240 28 88 79
190 0 31 76 72
164 159 21 68 43
164 166 90 100 96
164 70 42 72 51
164 217 81 92 87
164 17 20 54 42
182 80 70 91 85
182 219 15 34 22
182 52 79 87 81
182 258 87 88 87
182 108 10 83 81
184 52 77 93 91
184 18 91 94 93
184 118 87 90 88
184 212 13 42 38
184 255 82 97 85
184 143 60 79 70
203 53 58 90 90
203 38 20 29 27
203 217 18 47 40
232 92 15 78 28
232 152 13 91 79
232 187 64 73 73
232 37 38 48 38
231 220 58 62 62
234 77 50 90 69
220 52 52 91 82
220 5 43 90 74
220 111 16 72 31
260 99 83 88 86
229 136 68 92 73
229 127 64 72 71
233 196 78 89 86
233 38 53 64 58
243 173 29 78 31
249 262 33 87 63
249 80 36 74 70
249 139 76 80 79
250 196 31 67 41
250 1 12 84 30
250 73 12 40 22
263 132 88 91 88
263 45 31 32 32
0 268
