335 961
0 98 17 74 44
0 299 21 81 76
98 309 94 98 95
98 154 41 70 53
98 144 68 86 72
98 271 66 95 87
98 180 22 81 45
98 329 79 81 80
299 114 73 85 83
1 75 46 86 61
1 166 74 84 78
1 95 85 87 87
75 270 20 94 77
75 55 18 85 57
75 207 38 52 51
166 64 74 82 75
166 277 55 80 72
166 131 60 72 72
95 58 76 89 77
95 59 24 82 42
95 171 50 57 56
95 37 17 32 25
2 37 44 62 62
2 208 34 46 45
2 315 15 56 53
37 14 40 87 60
37 15 60 99 73
37 72 11 40 16
37 31 66 75 75
208 326 42 49 47
315 7 21 64 64
315 266 62 65 65
3 193 93 95 94
3 219 29 55 48
3 2 18 45 18
3 26 16 33 24
3 36 69 84 82
3 123 74 96 96
193 264 60 93 91
193 14 45 55 49
193 332 29 36 32
219 242 82 91 83
219 28 75 82 80
219 304 60 61 60
219 220 94 95 95
219 228 40 65 53
219 66 63 79 74
219 29 69 90 76
219 213 66 78 72
219 285 94 99 96
26 170 28 75 52
26 237 74 78 75
26 147 81 96 90
26 9 25 83 33
26 186 28 98 72
36 124 27 72 69
36 262 23 65 23
36 207 81 88 88
36 31 29 43 34
123 72 50 52 51
123 120 49 53 52
123 125 41 78 73
123 183 59 95 63
123 139 51 56 52
4 10 22 34 33
4 34 17 48 36
4 218 64 83 64
4 151 54 92 54
4 31 33 79 64
4 323 53 99 78
10 147 54 89 70
10 191 35 55 50
10 291 25 46 44
10 28 29 79 78
34 197 34 39 39
218 151 45 100 97
218 57 60 88 86
218 22 27 98 91
218 80 79 90 88
151 252 26 44 34
151 278 12 42 37
31 145 64 83 83
31 60 15 82 69
31 44 72 80 74
31 116 70 96 72
31 10 85 86 85
323 273 29 73 68
5 43 72 89 81
43 233 76 98 98
43 195 16 74 42
43 326 46 86 64
6 92 78 89 84
92 230 25 84 39
92 175 11 19 14
92 21 28 84 51
92 162 93 100 98
92 5 91 99 92
92 35 51 79 59
92 227 68 98 98
7 220 18 73 42
7 296 58 65 61
7 89 72 78 72
7 47 36 85 45
7 299 58 66 63
220 187 20 29 20
220 311 76 98 78
296 118 35 91 43
296 88 25 39 30
89 244 32 79 75
89 322 32 61 39
8 78 24 74 66
8 122 13 97 61
8 310 76 94 77
122 204 94 97 95
122 188 81 86 83
122 218 22 71 60
310 235 13 80 74
310 29 11 77 69
147 103 47 75 67
147 230 75 95 95
147 7 19 69 66
191 252 50 68 59
191 145 61 83 63
291 150 45 48 46
291 57 80 99 98
291 108 37 70 45
28 219 22 77 67
28 80 80 86 81
28 331 17 79 63
11 292 12 75 21
11 186 56 98 58
11 249 50 86 53
11 235 58 63 58
11 332 37 76 48
292 103 62 69 66
292 142 20 79 29
292 220 14 31 24
186 176 44 75 60
186 65 35 59 59
186 126 54 63 60
186 201 51 72 66
186 113 77 83 77
249 201 75 85 85
249 53 46 48 46
235 267 19 34 21
235 246 17 58 47
235 85 91 98 97
332 308 68 74 74
332 228 28 49 47
332 188 73 98 95
332 33 77 99 79
332 66 22 23 23
332 320 42 98 86
12 52 63 71 65
52 103 15 96 60
52 169 29 63 54
52 87 66 99 97
52 48 49 83 64
13 141 72 82 77
141 258 52 91 91
141 188 34 52 45
141 230 15 16 15
14 266 40 74 63
14 234 79 100 89
266 290 43 99 58
266 264 25 98 57
234 298 17 55 50
234 276 76 84 79
15 203 66 99 82
15 333 22 89 87
203 191 45 77 69
333 152 12 20 15
333 261 11 87 15
16 121 39 86 59
16 316 30 61 61
16 32 15 39 30
16 211 20 23 23
121 136 94 98 95
121 64 44 68 68
316 76 48 99 95
316 100 78 85 85
32 128 24 68 63
32 80 31 38 36
32 133 20 96 29
211 56 89 94 89
211 185 84 87 86
211 74 61 80 71
17 116 25 87 82
116 193 66 90 88
116 179 50 53 50
116 201 57 100 71
116 128 50 72 51
116 293 51 95 65
18 76 58 73 61
18 49 91 93 92
18 239 10 69 11
76 199 23 50 40
76 216 70 78 75
76 55 47 49 49
76 143 11 41 28
49 170 47 96 68
49 303 78 89 84
49 133 16 31 27
49 153 91 92 91
49 68 32 54 49
239 263 14 83 53
19 234 51 74 51
19 309 84 97 89
19 323 87 92 90
19 52 68 83 78
309 71 92 93 93
309 305 15 48 21
309 75 67 96 93
309 265 84 97 97
20 166 86 99 90
20 50 50 71 71
20 12 77 96 87
50 121 84 98 85
50 242 66 70 68
50 182 57 83 64
50 108 80 95 87
21 238 72 95 76
21 254 90 95 94
238 68 73 96 78
238 131 49 69 57
238 186 39 88 71
254 99 82 90 87
22 7 45 83 69
22 125 25 34 32
125 238 15 44 19
125 112 95 98 96
125 189 39 79 49
23 6 27 77 30
23 183 80 82 80
183 28 36 71 44
183 157 59 81 60
183 309 82 85 84
183 35 95 98 96
24 226 88 92 88
24 332 56 75 61
24 126 90 94 92
24 153 45 59 47
24 237 35 48 36
226 281 49 68 57
126 246 78 82 80
126 193 53 67 55
153 55 58 59 58
153 10 93 99 98
237 289 91 92 92
237 91 11 87 26
237 321 25 81 46
237 306 51 93 75
237 70 44 65 64
25 138 35 90 65
25 149 14 52 20
25 293 31 93 39
25 184 51 69 65
25 165 93 96 94
138 30 31 57 40
138 320 14 50 25
138 4 66 92 77
138 110 78 79 79
138 190 76 89 87
149 106 70 91 80
293 10 36 93 62
293 280 73 99 89
293 97 38 78 77
293 6 16 27 21
184 187 63 79 73
165 130 63 88 73
170 211 11 72 65
170 84 44 67 67
170 163 91 96 95
170 57 17 74 23
170 221 38 75 42
170 9 52 54 54
170 177 18 19 19
170 275 53 55 53
27 135 43 49 48
135 102 63 81 73
80 56 45 76 68
331 22 19 44 37
331 6 66 81 69
29 61 80 96 86
29 151 83 100 92
61 131 17 84 42
61 324 67 81 67
61 107 19 25 19
61 115 56 94 78
61 88 38 92 87
61 46 72 96 83
30 129 57 70 60
30 275 46 95 49
30 299 33 80 66
30 318 84 93 90
30 300 86 92 91
30 23 31 75 55
129 334 29 59 31
129 83 79 83 79
129 25 33 62 46
275 178 65 77 75
275 174 19 76 66
275 294 46 53 52
318 230 59 67 59
318 300 49 89 71
318 273 49 68 56
300 110 46 48 47
300 87 81 83 82
300 291 82 87 85
60 185 54 64 62
60 332 44 100 68
60 180 38 51 50
60 224 61 84 66
44 33 58 66 60
44 94 12 24 19
44 151 95 96 95
44 53 67 100 76
44 202 42 77 44
44 233 16 60 20
128 141 83 94 83
128 203 72 77 72
133 267 51 73 55
133 91 51 54 52
133 179 65 98 80
33 256 59 66 59
33 107 88 94 92
33 257 78 98 87
256 65 58 74 63
256 132 85 93 91
256 289 72 90 73
256 52 53 100 99
257 333 25 90 77
257 246 56 86 85
257 221 39 90 67
197 311 33 98 94
197 121 71 84 83
35 95 38 82 82
35 269 85 91 85
35 44 78 80 78
269 110 55 74 67
269 300 92 96 94
269 146 86 87 86
269 181 12 99 31
124 283 25 88 71
262 224 18 94 34
262 253 37 79 76
207 332 53 72 55
207 169 22 41 28
72 168 88 92 89
72 126 14 57 25
72 253 21 39 34
38 33 23 87 31
38 254 22 39 25
38 90 44 89 44
90 108 10 57 42
90 181 41 64 53
90 152 49 62 54
39 5 58 64 59
39 60 93 96 93
40 192 94 95 95
40 102 25 33 26
192 139 73 77 74
192 295 93 97 95
102 14 16 75 25
102 147 78 99 82
102 186 74 81 80
102 267 12 82 76
102 55 72 96 74
41 36 47 69 67
41 326 44 81 75
41 29 80 84 81
41 309 88 90 88
326 219 57 75 65
326 110 57 96 57
326 147 29 90 64
326 241 65 84 65
326 114 44 64 56
326 94 91 96 92
42 34 81 97 88
42 17 79 83 82
42 225 64 78 69
42 327 66 71 66
225 154 38 96 95
225 238 46 80 77
233 125 80 99 82
94 254 91 95 93
94 161 84 98 87
94 243 19 58 49
53 217 45 85 82
53 304 85 96 90
53 255 77 82 77
53 129 41 96 66
202 137 40 55 48
45 51 84 97 89
45 127 22 84 59
45 47 64 78 64
51 146 22 96 77
51 196 85 94 93
127 283 80 82 80
127 64 71 100 85
127 20 50 66 65
127 182 59 85 85
127 51 68 97 76
127 125 93 98 97
127 151 68 84 69
46 35 91 93 93
46 96 57 68 60
46 327 26 40 29
96 248 19 55 42
96 313 81 87 84
48 87 78 85 81
48 199 80 82 81
48 117 33 93 42
48 75 71 81 76
87 70 47 53 51
87 322 84 97 86
87 311 76 82 79
87 103 87 92 92
87 184 22 68 54
199 259 60 75 60
199 4 67 94 77
199 20 66 93 91
199 207 63 79 63
199 52 47 76 65
117 262 51 54 54
117 93 89 95 89
68 261 15 19 18
68 163 49 70 57
68 273 13 52 38
242 147 87 92 91
242 53 62 65 65
182 101 71 95 85
182 171 85 87 86
108 59 12 70 17
108 259 74 100 82
146 156 46 96 48
146 129 66 73 71
146 157 32 72 32
146 96 80 94 90
146 214 17 26 18
103 3 49 75 62
103 61 15 68 44
169 237 31 65 50
169 189 18 32 23
169 250 47 59 52
217 307 51 99 72
217 60 53 58 58
217 37 47 59 47
217 237 64 88 72
217 112 48 58 53
304 90 26 31 28
304 276 62 72 67
304 53 17 81 34
304 56 62 76 67
304 222 56 74 60
304 202 17 85 85
304 178 58 62 59
255 190 37 96 80
255 293 71 85 76
255 193 92 94 93
255 296 59 100 83
255 65 78 87 82
54 182 37 91 54
55 184 51 77 74
55 287 93 99 98
287 273 57 80 77
287 178 16 93 37
287 286 81 84 83
287 284 29 46 40
56 142 30 61 49
56 81 77 79 78
56 10 89 96 90
142 249 78 95 78
142 221 16 57 48
81 219 16 54 21
81 280 69 81 78
81 278 33 100 92
81 128 90 100 100
57 48 90 95 92
57 104 58 97 82
104 13 24 53 29
104 40 89 91 90
104 84 76 88 77
58 321 48 55 55
321 187 61 81 63
59 25 89 92 92
59 289 81 92 91
59 58 84 86 84
59 151 88 97 91
59 182 19 99 29
289 105 76 84 83
289 34 33 66 60
185 207 10 21 15
185 253 82 84 84
180 298 34 70 41
180 224 16 53 26
180 297 77 79 78
180 281 84 89 84
180 133 39 52 51
224 41 71 89 80
131 317 78 86 85
131 238 52 66 59
324 59 60 92 62
324 180 49 90 51
324 154 59 81 71
324 263 38 82 68
324 119 24 80 69
115 260 66 98 79
88 106 93 97 97
88 89 19 73 42
62 303 68 78 78
62 200 22 86 69
62 167 27 99 84
62 193 74 83 74
200 247 79 89 82
200 143 18 31 27
200 172 51 57 52
200 287 12 66 61
200 157 77 93 78
167 201 56 92 90
167 117 84 85 84
63 128 86 96 96
63 244 94 95 94
63 104 16 60 37
63 149 70 79 73
63 273 58 96 91
244 223 51 71 64
273 118 25 65 31
64 330 50 78 68
64 228 77 89 86
64 78 91 98 97
64 195 47 61 50
330 307 33 74 73
330 256 43 44 44
330 92 73 95 80
330 221 89 99 93
228 100 37 47 46
228 120 76 81 80
65 126 40 68 54
65 84 86 98 95
65 118 48 80 60
84 105 21 33 27
84 37 19 29 29
118 26 50 64 64
118 271 24 54 24
66 21 37 71 52
67 84 87 95 94
67 87 11 80 74
67 269 17 44 37
67 36 41 76 49
67 112 61 87 86
67 27 14 35 19
67 246 29 34 31
112 192 61 94 68
112 231 59 61 60
112 52 83 94 84
112 0 11 74 71
246 165 31 78 65
246 313 88 99 90
246 289 61 63 63
246 189 47 87 52
246 245 71 73 72
246 93 43 77 63
261 288 68 95 86
261 191 52 63 59
261 239 31 84 80
261 113 79 90 90
163 138 91 94 92
163 72 58 83 83
163 257 41 84 80
163 281 33 59 52
163 0 89 94 90
163 130 64 87 66
163 34 71 93 73
69 146 20 100 29
69 145 70 97 93
70 323 41 44 41
70 234 90 95 91
71 243 47 53 52
71 29 25 60 25
243 168 17 90 78
243 135 81 84 82
243 123 15 84 30
243 327 79 81 79
168 125 67 97 67
168 279 27 37 36
253 168 67 77 71
253 76 23 69 30
73 280 45 61 54
73 13 68 80 70
73 307 76 92 76
73 57 24 54 51
73 25 37 95 76
73 61 86 92 91
73 183 21 55 52
280 7 13 97 76
280 203 69 83 71
280 197 13 96 41
280 121 92 95 92
280 59 69 91 72
280 9 89 98 91
307 130 57 93 67
74 249 88 90 88
270 291 66 74 69
270 300 62 91 87
216 212 76 79 77
216 205 54 71 65
216 30 59 74 68
143 196 46 86 75
143 41 80 98 84
77 117 43 66 64
77 58 58 60 59
79 314 34 70 49
314 81 34 56 51
314 284 58 99 72
278 202 13 46 15
278 42 95 96 95
278 230 75 99 76
82 93 16 87 82
82 79 81 99 97
82 160 11 43 39
82 12 45 60 45
82 10 87 100 99
82 128 45 79 64
93 333 37 88 87
93 286 26 30 29
93 12 73 85 73
93 164 79 90 79
93 314 39 82 74
93 125 56 72 56
160 138 55 65 59
160 59 25 82 43
160 214 84 85 84
160 291 94 100 95
83 4 25 83 82
83 192 22 64 54
83 0 39 97 97
83 163 64 92 74
105 76 54 58 57
105 263 49 81 60
85 160 37 46 42
85 262 16 93 23
86 197 20 96 27
86 166 60 94 91
86 133 84 95 91
322 69 61 76 62
322 287 37 79 68
322 106 42 75 54
322 82 57 87 69
322 314 18 25 23
311 115 28 83 48
311 142 81 84 82
181 34 74 90 80
152 320 78 84 78
91 118 53 65 58
91 279 13 88 24
279 52 87 99 89
279 25 32 42 36
279 131 34 56 53
230 323 17 90 29
230 133 27 85 72
175 234 52 58 54
175 144 89 93 91
162 288 14 43 25
162 145 34 58 43
227 1 36 95 85
227 84 94 97 97
227 8 87 92 87
286 36 54 96 79
286 183 83 99 97
286 123 64 65 65
286 3 23 43 24
286 15 27 99 35
286 296 78 80 79
286 235 95 100 95
164 77 40 95 69
164 230 74 87 75
164 225 24 65 44
164 63 54 85 73
161 112 38 85 54
161 183 89 93 92
161 71 95 98 95
161 181 39 66 54
171 177 83 93 89
248 178 64 72 72
248 182 32 57 49
248 48 52 98 76
97 239 38 52 41
97 246 76 78 78
154 132 80 91 80
154 224 32 39 33
154 61 48 51 48
154 192 28 52 39
154 331 20 98 90
144 116 48 97 77
144 208 27 38 33
144 262 59 92 67
271 168 49 94 51
271 244 52 69 69
271 77 45 68 49
329 229 41 76 63
329 332 24 59 58
99 11 33 99 52
99 22 77 78 77
99 145 55 84 62
99 306 95 97 96
306 289 37 77 42
306 105 88 91 91
100 271 72 85 84
100 53 85 87 85
100 245 24 40 38
100 169 22 93 57
101 304 51 65 58
101 153 35 53 43
101 10 56 84 63
101 119 46 79 53
101 249 22 80 64
101 96 63 85 72
267 125 80 93 88
267 131 79 86 84
263 242 22 49 27
263 139 36 77 37
263 35 12 35 25
259 57 66 76 76
109 92 22 54 50
109 100 33 35 33
109 139 33 58 35
109 258 75 91 79
139 309 21 71 34
139 192 50 73 66
139 142 39 63 62
258 120 19 51 49
258 138 48 81 70
110 165 29 45 34
110 187 20 66 34
110 310 87 100 98
110 34 28 92 89
187 56 57 88 72
187 197 66 100 67
187 260 35 76 61
111 292 79 91 90
111 286 87 94 91
111 324 92 98 93
231 101 16 58 26
231 109 64 81 80
231 239 40 93 76
113 273 49 69 68
113 205 75 90 86
205 46 43 99 89
205 242 11 67 60
205 295 79 99 86
114 220 60 89 81
114 101 50 68 54
114 236 68 98 69
114 257 79 83 81
114 135 46 63 48
236 48 57 100 72
236 216 18 92 37
236 26 48 96 63
236 330 21 41 27
236 186 33 65 45
236 320 65 72 70
179 320 69 100 89
201 88 27 49 28
201 250 47 68 59
136 147 21 58 31
136 104 93 96 95
136 308 88 91 88
204 123 60 66 65
188 299 21 85 68
188 63 43 44 43
188 198 94 95 95
188 216 38 73 73
283 287 70 92 80
283 222 68 70 68
283 298 77 92 87
189 164 44 52 50
189 234 89 92 90
189 3 65 80 80
189 264 93 94 94
189 21 66 97 87
334 41 57 58 57
130 222 70 89 81
130 334 70 72 72
130 170 31 85 80
130 208 13 68 38
130 64 60 65 61
222 128 55 71 55
222 85 23 70 31
222 200 36 91 52
222 315 28 39 29
317 86 32 57 52
317 152 69 83 82
317 326 63 66 63
132 44 20 47 44
132 135 27 82 65
132 159 83 89 86
134 26 80 84 84
134 68 68 96 78
308 199 85 94 85
308 180 36 49 41
137 166 89 95 92
137 102 63 87 84
320 318 56 71 62
320 257 25 49 29
320 185 68 86 81
190 324 64 72 72
190 72 52 97 67
190 203 54 66 65
190 22 51 72 63
190 259 76 90 87
190 61 81 86 84
190 134 93 97 95
140 188 52 90 85
221 181 22 56 28
221 288 46 92 91
221 179 81 96 83
221 108 43 51 44
156 34 19 43 30
156 289 49 95 61
156 116 95 99 99
156 120 50 51 50
157 79 35 71 61
157 14 45 89 56
157 119 30 78 44
157 142 34 85 44
214 69 16 75 52
214 253 18 21 18
214 137 25 49 46
214 21 29 44 30
214 133 91 97 93
148 236 58 78 75
148 105 65 85 69
148 212 49 95 61
212 52 34 83 36
212 17 15 62 22
212 83 38 100 92
212 132 88 97 95
150 136 79 84 81
252 235 49 89 60
252 99 88 93 90
252 233 87 98 96
158 166 42 90 65
158 267 29 53 46
158 229 69 79 75
158 188 19 45 19
158 302 79 94 86
229 76 42 64 64
302 167 83 96 88
302 173 35 41 38
288 99 38 97 73
288 196 90 99 90
288 332 39 97 42
288 278 68 81 70
288 284 86 91 86
281 266 30 55 51
281 89 21 57 39
281 205 64 90 90
277 236 89 91 90
250 39 50 52 52
250 255 90 98 96
177 70 68 100 100
177 202 66 78 73
172 308 76 77 76
172 263 16 86 32
173 189 18 62 43
173 123 51 56 55
176 175 29 43 43
176 14 86 87 87
176 297 86 97 92
176 110 89 94 92
297 48 65 71 71
297 35 92 95 93
178 191 37 65 61
178 180 31 57 53
178 256 77 92 80
298 267 52 68 68
298 40 52 64 62
298 52 88 91 88
198 166 12 67 64
198 290 61 100 80
198 173 21 82 62
198 81 52 78 56
198 98 58 98 70
264 190 68 97 90
264 186 12 81 74
264 34 12 71 62
264 224 35 96 93
264 328 83 88 84
264 145 23 53 44
295 56 86 96 86
194 252 89 100 94
194 36 30 82 73
290 167 49 74 73
290 199 41 45 42
290 8 64 79 79
290 330 68 76 73
247 59 39 89 51
247 120 53 77 63
247 57 79 84 81
247 14 31 51 38
206 49 84 96 87
206 25 57 86 57
209 249 83 84 84
210 185 41 67 46
210 236 64 78 66
213 314 26 100 100
213 218 28 90 49
215 43 12 52 38
215 31 78 84 80
215 191 46 77 57
285 324 19 60 28
285 16 28 98 40
223 81 85 99 98
223 178 10 43 34
223 62 12 68 53
232 174 23 95 34
232 7 45 95 59
232 185 85 100 99
232 23 63 67 65
276 278 11 12 11
276 174 27 33 31
240 282 13 42 20
240 101 61 86 77
240 111 57 65 60
240 65 35 92 42
282 186 18 93 85
241 220 86 96 95
241 281 66 78 73
241 155 68 89 86
241 93 86 87 87
241 268 46 74 67
268 248 43 97 76
268 234 21 51 29
268 98 41 75 48
268 34 49 92 58
251 30 75 77 76
251 12 40 96 59
328 24 39 82 66
328 31 57 92 84
265 89 18 50 20
265 334 77 90 83
265 64 25 78 71
272 85 31 49 38
272 94 16 85 83
272 223 69 75 70
274 186 53 88 66
294 321 25 48 48
294 195 76 77 77
284 72 53 84 75
284 119 55 91 63
284 157 87 95 90
284 144 77 86 84
284 20 29 100 42
301 96 56 63 58
312 103 75 96 88
312 79 36 57 41
319 117 23 25 23
325 24 16 51 42
325 119 66 85 73
325 137 22 38 38
0 334
