74 251
0 7 71 72 72
0 44 84 99 92
0 10 47 74 58
7 33 60 75 71
7 72 43 60 43
7 14 73 87 85
7 46 62 98 84
7 29 40 81 67
7 28 90 93 92
7 41 65 85 75
44 39 21 71 63
44 57 52 86 76
44 54 19 37 36
10 73 38 77 53
1 44 18 48 34
1 15 66 79 70
1 47 44 72 44
15 18 52 83 56
15 45 92 96 96
15 58 83 88 85
15 14 44 84 80
15 23 67 77 73
47 45 66 96 87
47 12 13 23 14
2 51 26 89 33
2 61 23 70 61
2 21 38 75 57
2 60 23 73 58
2 68 63 90 80
51 32 66 72 66
51 50 92 100 94
61 69 35 77 37
61 59 27 78 63
21 45 76 86 85
21 26 95 96 96
60 66 39 78 63
60 11 94 97 94
60 38 49 96 63
60 26 74 97 79
60 3 56 90 90
68 50 57 78 60
68 47 50 63 56
3 49 85 95 85
3 2 69 99 94
3 66 39 73 54
3 62 17 48 44
3 28 79 81 81
3 68 55 97 96
49 61 55 79 70
49 26 65 98 95
49 28 66 93 78
49 25 44 70 52
66 61 29 75 61
66 28 68 81 73
66 44 89 94 90
66 33 14 99 64
66 56 76 82 77
66 37 53 59 56
66 45 73 80 79
62 41 11 80 36
62 6 60 61 61
62 25 75 91 78
28 50 34 39 35
28 54 71 91 83
4 52 71 92 78
4 50 33 69 34
4 9 30 77 74
4 23 46 78 73
4 8 22 38 32
50 60 94 100 94
50 63 62 81 74
50 58 16 46 31
9 37 36 44 38
9 7 22 36 32
23 17 95 96 96
23 27 16 61 52
8 10 20 24 23
5 2 73 91 82
5 49 77 86 84
5 63 64 95 68
63 62 27 29 27
63 55 66 98 79
63 34 42 85 44
6 54 17 68 52
6 38 67 86 70
6 55 92 99 95
54 38 64 81 68
54 39 79 85 82
54 12 31 44 36
38 49 71 76 75
38 57 80 84 83
38 18 45 72 50
38 6 80 90 85
38 43 92 93 92
38 10 53 94 64
55 19 12 66 32
55 58 51 65 59
55 23 10 85 35
55 53 85 95 89
55 8 38 63 48
55 15 68 73 68
33 58 60 75 69
33 43 22 61 48
33 35 20 56 25
33 27 93 94 93
33 72 22 27 26
33 30 62 67 65
72 19 29 70 42
72 45 40 64 58
72 17 52 97 54
14 40 95 100 99
14 67 75 77 76
14 6 62 69 63
14 55 78 97 87
14 15 77 84 77
14 62 34 90 71
46 21 88 96 91
46 48 19 95 75
46 22 65 94 85
46 53 63 75 70
29 36 49 61 56
29 72 43 68 46
41 42 18 61 61
41 65 55 69 60
37 73 71 73 73
73 39 71 94 94
73 45 21 35 30
73 52 12 52 30
11 21 18 63 46
12 26 77 96 78
12 0 49 96 91
12 32 31 63 63
12 51 47 58 51
12 55 26 44 33
12 61 72 96 96
12 2 66 68 67
26 35 54 62 56
26 0 62 85 76
26 15 86 96 89
26 14 33 94 90
26 20 40 44 41
26 38 92 100 92
26 51 79 90 88
32 15 77 79 79
32 61 94 97 97
32 9 55 66 61
32 8 79 98 86
13 72 92 99 92
13 56 54 87 72
13 16 45 70 48
13 24 31 93 76
13 12 62 78 62
13 27 28 60 60
56 4 69 74 70
56 50 54 86 65
56 39 92 99 97
56 21 52 91 52
24 44 86 98 97
24 14 17 42 27
24 17 46 97 91
24 20 64 81 70
24 70 15 36 24
24 68 75 80 77
27 12 16 40 29
27 38 48 69 49
27 39 86 88 86
40 0 17 69 62
40 6 15 56 20
40 38 75 79 78
40 9 65 88 70
40 33 53 91 79
40 36 29 63 41
40 69 91 94 91
67 2 54 81 79
67 9 62 94 63
18 2 15 65 59
18 62 45 71 56
18 3 18 98 94
45 26 85 96 90
45 56 72 80 72
45 20 34 96 46
58 66 53 81 53
58 48 17 44 34
58 39 84 86 86
58 30 95 98 96
58 4 58 94 75
17 44 58 73 60
17 53 58 73 71
53 48 20 33 25
53 67 73 81 73
53 32 13 56 14
53 63 58 89 77
20 50 10 19 11
20 0 83 85 85
20 67 16 40 35
22 7 50 55 50
22 60 61 76 69
22 24 29 42 33
22 47 33 73 33
70 57 53 84 82
70 60 82 87 86
70 42 49 92 56
70 6 81 100 82
70 38 52 71 69
25 30 92 96 92
25 24 17 58 51
25 3 78 86 78
25 62 63 82 66
35 61 79 84 83
35 48 78 88 78
35 42 23 28 27
35 6 86 94 94
36 66 42 50 45
36 54 80 88 85
36 50 46 94 87
31 61 56 78 58
31 63 23 51 25
31 28 52 92 81
31 10 49 51 50
43 49 24 40 30
43 56 91 92 92
43 14 81 92 86
34 64 61 89 85
34 35 47 49 49
34 56 84 99 95
34 16 76 86 80
64 16 56 99 65
64 6 19 95 87
64 37 34 42 42
48 9 83 87 85
42 65 22 70 68
57 1 16 52 23
57 33 44 60 55
57 71 19 25 23
57 55 17 84 68
69 37 90 92 90
69 26 68 82 70
69 60 64 94 68
69 19 54 55 54
65 68 55 82 80
71 55 83 91 85
71 28 82 97 90
59 18 41 69 64
59 2 67 99 73
59 55 76 92 76
59 66 40 97 75
59 64 89 97 93
59 45 63 92 77
59 52 91 93 93
59 48 60 64 60
59 70 77 78 77
0 73
