1001 1786
0 424 77 92 84
424 415 84 97 95
1 778 93 97 95
1 318 92 97 93
1 350 17 32 17
318 453 18 71 62
350 565 48 58 54
2 457 49 53 52
457 209 37 47 44
457 67 33 38 38
3 105 24 37 27
4 606 77 98 90
606 370 90 91 90
606 312 34 66 39
606 737 60 64 60
5 559 42 99 73
5 893 70 94 84
559 544 17 87 66
893 502 38 61 41
6 119 91 98 94
7 993 48 51 50
7 658 89 92 92
7 793 29 39 31
993 156 37 94 45
658 448 73 80 80
658 952 10 36 33
8 928 73 100 83
928 298 75 93 77
9 316 61 83 64
10 140 59 91 75
140 962 94 97 94
11 716 78 99 85
716 431 67 93 69
12 398 28 84 41
12 22 77 81 78
398 844 21 47 33
398 772 67 80 73
22 421 20 74 26
13 413 66 98 98
413 572 33 93 49
14 121 53 89 57
14 540 72 97 78
14 677 95 96 96
121 206 17 97 73
121 193 76 77 77
540 761 36 57 41
677 90 91 93 92
677 196 88 90 90
677 320 80 90 89
677 298 51 57 56
16 677 66 91 74
17 740 62 85 79
740 478 89 95 92
740 883 70 95 89
740 142 82 84 83
740 105 60 89 63
18 905 78 85 84
18 107 61 78 75
905 404 63 69 65
905 16 24 53 37
905 237 45 97 80
107 470 79 88 84
107 695 27 37 31
19 723 94 98 98
19 130 49 69 54
19 767 24 26 25
19 108 32 38 33
19 84 50 87 58
723 190 52 84 75
723 928 33 60 51
767 459 90 98 97
108 665 26 80 66
108 990 19 55 27
108 510 67 80 75
108 702 38 49 39
108 718 92 94 93
84 29 83 92 88
84 933 62 78 69
84 673 19 95 66
20 309 43 86 59
20 490 17 37 29
309 256 49 99 58
309 131 52 95 56
309 57 56 86 85
490 100 61 76 65
21 324 18 96 67
324 156 44 57 55
421 282 38 56 49
421 677 21 32 21
23 358 60 94 93
23 263 46 78 77
23 287 11 89 62
23 82 34 60 57
23 928 36 66 36
358 72 23 66 28
358 708 94 97 97
358 144 81 88 83
358 467 64 69 68
287 823 76 97 84
287 972 12 92 90
82 313 14 54 27
25 285 32 80 33
25 841 63 96 85
25 813 39 95 44
285 919 47 65 61
285 661 49 79 49
841 419 58 87 78
841 61 83 93 87
813 590 49 71 64
26 526 59 85 62
26 109 44 61 51
26 941 58 62 58
109 819 11 40 32
941 612 60 91 66
941 622 64 97 87
941 26 43 93 83
27 712 45 81 59
27 334 34 55 50
334 328 52 87 87
334 275 22 64 50
28 776 74 91 90
28 549 79 99 93
776 627 55 77 63
549 196 76 78 78
549 680 85 87 87
549 979 56 99 86
29 72 83 99 85
29 827 21 81 36
72 258 36 98 38
827 15 19 92 80
30 640 29 57 50
30 310 60 73 62
30 527 84 88 87
640 675 45 64 57
640 834 56 58 57
640 894 28 31 31
640 6 21 64 58
310 368 24 50 25
310 666 42 58 49
310 46 28 46 32
310 540 92 99 99
527 683 93 94 94
527 319 37 95 63
527 242 17 34 29
31 515 62 97 72
31 108 82 94 86
515 136 11 21 21
515 366 26 30 26
32 977 34 90 53
32 432 30 95 50
977 797 54 81 58
432 275 25 26 26
33 253 42 92 49
33 796 92 93 92
253 849 94 100 100
796 217 39 79 60
796 941 62 67 65
35 241 68 93 89
35 99 32 96 64
35 532 92 94 93
35 60 94 95 94
241 737 87 93 89
241 529 76 86 77
99 482 58 63 63
99 624 39 57 49
532 976 73 88 85
60 172 91 99 92
60 267 81 100 85
60 560 62 66 66
36 821 37 66 49
821 585 91 100 99
821 542 33 83 69
821 884 24 63 48
37 487 14 57 54
37 611 53 57 54
487 758 33 64 63
487 255 36 45 43
611 458 53 57 56
611 257 30 31 31
611 434 14 29 24
38 662 48 57 57
38 499 14 19 17
662 979 73 90 79
662 983 22 78 26
499 664 58 70 58
39 646 14 76 69
39 972 93 94 93
39 395 11 59 12
39 945 75 81 79
972 891 43 83 64
395 167 17 45 17
945 490 35 51 49
40 565 58 85 67
41 841 85 96 95
41 416 73 87 80
41 65 58 78 61
41 12 68 98 97
416 485 18 21 20
65 192 76 95 83
65 943 50 67 52
42 229 53 56 54
42 863 80 88 84
229 85 26 99 37
44 69 24 63 54
69 551 31 49 35
69 819 60 92 64
45 914 72 95 75
45 156 70 88 82
45 491 55 66 63
914 990 75 83 81
914 166 44 97 80
156 213 68 69 68
156 817 66 94 68
491 884 17 54 39
46 219 93 94 94
46 614 68 94 90
219 94 90 99 94
219 46 28 81 68
219 332 10 35 26
219 870 63 73 70
614 26 78 92 90
614 125 32 96 91
614 890 52 71 58
614 121 65 84 76
614 899 21 78 21
47 476 45 69 50
47 904 70 99 78
476 286 75 78 75
476 295 60 98 74
476 900 35 90 66
476 809 18 57 51
904 406 48 53 51
904 344 51 61 51
904 852 85 90 89
48 614 56 95 95
48 307 42 86 43
307 75 68 85 80
307 304 64 100 66
307 140 93 96 96
49 796 92 95 93
51 57 27 53 49
51 410 58 95 68
410 640 57 71 61
52 970 51 87 53
52 151 52 83 72
970 51 42 97 78
53 329 76 85 85
329 700 36 78 63
54 712 26 94 38
54 948 92 97 96
54 746 23 72 65
948 808 63 85 66
948 333 79 83 83
948 84 16 57 43
948 451 26 85 38
948 444 47 87 78
746 845 16 60 55
746 44 81 96 82
55 816 31 53 36
55 621 34 65 34
55 513 80 100 88
55 149 22 95 50
55 347 82 96 95
816 152 92 95 93
816 12 31 57 31
621 696 48 79 76
513 125 41 95 87
149 252 81 88 87
149 545 89 90 90
149 847 28 74 36
149 26 58 94 71
149 40 69 70 70
347 197 20 37 23
347 250 20 68 28
347 936 68 93 89
56 692 34 69 66
56 949 85 99 98
56 482 38 82 68
692 572 89 100 97
692 928 72 91 79
692 172 94 96 96
482 178 43 59 45
58 437 82 88 82
58 774 61 94 89
58 813 76 97 79
437 193 76 96 91
437 897 52 76 62
437 511 23 51 47
437 954 83 97 93
774 169 66 99 93
774 807 35 83 39
172 645 39 98 77
267 925 67 82 78
560 48 52 77 64
560 421 25 28 26
560 665 32 58 32
61 514 80 87 87
514 532 15 38 22
62 316 47 96 61
62 78 21 52 45
62 236 60 95 93
78 675 53 89 76
78 668 15 35 33
78 711 79 90 86
236 551 21 56 31
236 336 66 70 67
236 112 81 86 82
63 827 87 95 92
64 533 64 82 73
64 398 57 85 71
64 558 64 83 77
64 814 13 28 13
533 708 42 86 59
533 81 60 80 69
533 143 89 100 96
558 184 33 60 57
814 593 72 83 72
814 942 85 88 87
814 428 56 59 56
192 32 23 53 33
192 64 53 77 57
192 166 21 35 21
943 848 51 73 54
67 696 56 77 65
67 582 32 81 38
67 301 42 83 61
696 416 88 91 90
696 867 85 96 86
582 199 10 65 23
582 803 67 71 70
582 702 89 99 93
301 616 89 94 93
819 940 79 100 81
819 598 93 96 93
819 759 25 55 28
70 708 57 90 60
70 333 14 96 53
70 384 34 95 85
333 387 83 100 89
384 584 87 90 89
384 937 49 53 52
384 23 38 80 63
71 908 84 87 84
71 553 49 59 53
71 566 42 95 60
908 79 61 68 67
908 723 53 72 60
908 127 64 78 77
908 815 69 84 76
908 134 42 57 54
908 497 18 71 62
553 121 54 85 66
553 480 87 93 88
258 837 48 77 51
73 933 63 92 83
933 805 69 91 82
933 969 78 91 84
74 859 37 66 56
859 223 72 87 78
859 898 91 93 92
75 382 56 92 79
75 844 55 69 65
76 51 43 89 75
675 759 63 74 67
675 527 68 77 73
675 691 79 86 82
668 305 77 87 87
711 479 47 100 97
711 265 15 79 56
79 84 75 93 80
79 357 31 91 47
79 340 44 94 93
357 889 44 53 48
340 897 40 75 70
340 278 62 83 77
80 750 62 85 62
80 666 58 89 89
750 830 42 44 43
81 434 75 77 77
81 16 88 94 91
434 110 37 92 70
313 134 14 94 63
313 96 44 84 67
313 791 17 96 36
83 427 43 47 45
673 910 77 100 87
673 396 36 100 51
86 301 51 79 73
87 369 15 36 20
88 315 60 92 82
88 741 12 19 19
88 781 68 75 74
88 562 26 65 33
88 37 85 87 85
315 602 64 96 68
741 415 75 90 78
781 175 32 54 43
781 853 46 75 71
781 8 44 92 58
89 745 83 94 93
90 350 40 75 70
91 893 70 88 88
92 463 93 96 96
92 462 69 76 71
463 103 78 96 89
463 4 56 59 59
93 111 43 92 46
111 104 25 95 32
111 296 48 66 63
94 900 39 49 41
94 319 81 93 81
94 689 74 86 82
900 876 60 76 64
900 455 30 66 57
900 434 92 98 92
319 67 53 93 75
319 544 51 88 52
319 974 91 99 95
319 889 20 68 47
689 450 82 91 88
689 651 79 83 80
97 547 89 94 89
97 871 18 57 29
547 62 22 26 25
871 679 91 93 93
624 840 64 91 91
624 683 39 40 39
100 393 39 43 39
101 358 56 63 62
102 908 59 62 59
103 565 50 91 50
103 199 32 37 35
103 311 53 84 57
199 796 56 69 58
199 554 27 55 55
104 46 80 93 86
104 274 78 95 86
104 950 80 87 80
274 556 45 83 51
274 329 49 54 50
274 818 15 84 25
274 523 65 86 77
950 536 27 36 35
950 361 39 61 49
106 556 33 40 34
556 142 47 84 57
556 936 24 36 35
470 115 82 100 98
470 320 11 38 13
470 860 15 70 47
695 634 59 68 60
665 847 63 79 67
665 685 62 100 80
665 149 57 84 67
990 991 89 99 94
990 924 68 78 69
510 348 57 87 71
510 727 78 98 91
510 505 95 98 95
510 214 81 98 86
510 3 36 82 62
510 137 73 100 100
510 527 71 76 72
702 66 57 83 78
702 800 58 93 85
718 568 71 75 71
718 753 89 99 93
718 242 52 90 72
296 540 62 72 70
296 935 35 76 50
112 101 25 90 60
112 793 20 93 48
112 649 56 81 79
649 540 79 89 83
649 267 39 47 41
649 354 46 100 93
113 122 71 86 86
122 115 71 97 74
122 789 43 52 50
122 364 16 64 34
115 811 51 94 89
115 319 44 70 47
115 757 30 66 34
811 79 50 98 82
811 35 11 35 23
811 776 83 95 84
811 877 39 70 62
811 789 37 88 50
757 578 28 48 34
757 483 67 93 82
117 778 23 47 36
117 929 13 23 22
929 738 91 99 98
929 912 60 85 71
118 760 24 49 25
760 859 10 23 15
760 317 24 39 36
760 329 43 99 70
120 377 66 70 69
377 413 68 97 85
377 917 70 74 70
377 137 44 97 59
377 880 45 73 64
206 75 31 82 42
193 35 18 46 44
789 359 69 78 78
364 945 15 72 16
123 115 78 89 78
123 579 85 97 89
579 135 57 72 71
579 611 38 51 46
124 554 39 71 60
554 53 90 98 98
554 890 33 44 39
554 229 74 99 85
554 982 29 72 49
125 299 64 85 85
125 547 69 85 77
299 244 23 44 43
127 841 38 87 62
128 246 64 80 67
128 713 54 82 79
128 347 40 66 43
128 560 82 86 86
246 415 52 98 87
246 8 52 54 54
246 239 91 97 97
246 222 66 94 82
713 955 56 92 69
129 303 69 95 70
303 93 36 42 37
303 167 63 76 71
303 17 72 99 73
303 305 73 99 76
303 591 89 94 89
132 424 45 89 55
133 702 36 95 70
133 190 92 97 94
133 260 38 82 60
133 24 41 51 45
133 840 14 20 18
190 391 17 68 46
190 277 14 43 39
190 472 58 87 58
260 432 72 86 81
260 349 10 87 72
840 862 53 68 56
840 818 29 95 91
840 564 69 74 73
840 438 31 66 54
134 26 76 89 85
136 797 57 62 61
797 976 77 83 83
797 79 48 49 49
797 809 77 85 81
137 887 71 88 72
137 386 68 81 71
137 434 48 96 61
887 6 37 71 53
887 380 54 74 65
887 740 49 96 49
386 722 27 79 73
138 957 29 77 46
138 339 23 41 40
957 909 90 99 97
339 58 45 68 66
339 642 62 84 68
339 754 61 73 63
139 224 46 85 83
139 749 67 70 67
139 828 35 48 39
224 524 36 52 46
224 844 83 94 94
224 983 47 48 48
224 489 79 99 89
224 419 27 86 51
828 924 17 63 53
828 829 54 98 98
828 607 25 42 28
828 558 63 73 65
962 562 91 94 93
962 282 27 80 57
141 55 26 28 27
142 206 70 83 70
143 53 81 100 90
144 820 79 82 79
144 278 25 53 31
144 272 51 93 53
820 580 38 55 43
278 658 74 100 85
278 707 11 92 49
272 47 28 63 29
145 143 51 65 56
145 708 35 91 35
146 157 40 63 54
146 298 29 55 29
157 563 24 55 46
157 733 16 63 24
157 41 88 95 92
157 387 48 52 52
298 714 15 97 74
147 838 50 70 60
147 963 73 74 74
147 494 86 100 94
147 305 26 48 46
838 262 39 100 43
838 806 68 100 92
963 135 58 74 60
494 656 66 72 72
494 749 82 95 89
494 19 18 57 53
305 966 63 86 65
148 217 13 69 50
217 723 52 69 61
217 277 86 88 88
217 434 63 96 95
217 864 16 38 38
252 10 95 96 96
545 232 72 97 83
545 210 15 50 48
847 882 54 97 87
847 81 20 91 31
150 12 86 100 94
152 474 16 25 23
152 398 58 82 75
474 930 72 84 83
153 45 65 93 68
153 600 28 76 53
153 58 29 34 33
600 753 16 40 16
600 220 12 67 13
154 396 92 94 93
154 235 84 96 95
154 5 29 64 42
396 75 25 82 74
235 722 24 72 59
235 190 81 92 82
235 808 92 93 93
235 375 65 78 78
235 433 61 65 62
155 525 75 94 83
525 713 90 99 95
525 775 52 94 66
525 693 51 90 75
213 322 74 82 76
213 709 11 33 19
213 116 35 75 61
213 728 38 70 54
563 871 63 81 63
563 531 66 93 88
563 705 20 74 58
733 593 64 67 64
733 665 17 38 37
733 328 16 73 27
387 804 88 98 98
158 220 39 92 68
220 431 10 91 75
220 39 62 89 67
161 33 91 97 95
162 416 67 72 67
162 862 71 80 74
162 276 51 95 93
162 979 30 33 31
862 842 64 87 74
862 446 42 100 68
979 763 83 90 84
979 935 91 92 92
163 757 95 96 95
163 914 19 51 33
163 967 42 81 52
164 206 28 47 47
164 993 15 24 22
165 881 78 82 80
165 285 76 80 79
165 409 13 97 57
881 400 54 55 55
881 993 84 95 94
409 52 78 81 80
409 86 78 80 78
409 514 81 83 81
167 725 25 81 75
167 372 68 81 81
372 267 69 77 72
168 57 15 41 20
168 94 24 98 66
168 851 38 97 53
851 705 35 92 73
851 96 79 84 79
169 214 69 79 72
169 476 51 96 96
214 844 29 63 44
170 200 32 40 40
170 950 51 59 54
170 285 36 83 45
170 365 20 73 51
200 129 52 72 64
200 311 36 91 49
200 649 81 90 90
200 369 43 94 91
365 363 70 93 90
365 570 47 62 51
365 164 19 89 69
365 832 59 73 61
645 847 32 77 75
173 1 39 63 56
174 454 62 75 71
174 737 30 84 53
174 234 46 88 61
454 930 14 99 15
454 985 75 97 87
234 561 19 89 43
234 209 81 83 83
234 35 26 39 32
175 720 84 91 90
175 401 78 89 84
175 904 18 86 45
175 645 54 72 60
720 502 41 72 49
720 296 16 35 20
401 927 20 63 24
401 80 55 62 58
176 848 74 80 74
176 305 70 82 75
178 494 57 98 67
179 516 63 74 68
516 958 26 67 67
516 761 34 56 35
516 102 46 51 49
181 727 68 90 76
727 289 78 81 81
727 322 87 97 97
182 667 24 100 56
667 665 71 73 71
667 426 60 75 63
667 4 43 63 61
183 94 94 98 96
183 928 23 57 52
183 557 45 90 77
557 453 13 96 48
557 623 32 51 40
184 63 92 96 93
184 972 73 75 75
186 217 37 44 42
186 99 41 54 51
186 375 86 90 89
186 139 50 53 50
186 690 52 88 62
186 664 46 56 56
375 401 79 88 86
375 328 47 49 47
690 202 59 74 69
690 179 58 67 58
664 213 62 95 95
187 944 87 88 88
944 622 24 49 48
944 612 24 67 46
944 678 49 70 61
188 259 68 85 82
188 536 49 99 70
259 694 40 48 44
536 615 84 95 85
536 819 40 42 42
391 923 91 93 93
391 608 85 91 85
391 615 73 97 94
391 707 14 82 82
277 510 78 87 81
191 875 50 75 71
191 130 63 84 81
191 492 46 75 67
191 833 17 88 53
191 606 19 74 63
492 793 77 87 85
833 378 80 86 86
195 502 32 65 47
195 542 57 80 66
196 709 41 56 43
196 607 28 78 62
196 931 72 80 79
607 997 36 68 58
607 72 24 76 33
607 52 79 93 92
931 566 27 30 28
197 540 15 19 19
197 349 36 87 42
197 585 34 58 44
197 835 82 99 96
349 542 20 64 63
349 782 86 92 91
349 921 39 83 68
349 244 87 98 96
349 354 77 80 78
349 681 64 100 83
349 468 17 51 27
585 62 51 53 52
585 435 15 52 38
835 651 50 57 52
198 876 41 72 57
198 97 63 84 79
876 593 16 26 16
876 766 93 95 95
876 112 55 76 56
876 502 93 99 96
201 291 26 67 44
291 163 87 99 89
202 259 36 82 66
203 606 45 60 58
203 353 21 75 24
203 600 92 95 95
203 189 90 99 99
353 203 53 72 67
204 343 10 62 45
204 6 61 84 68
204 876 28 48 32
204 991 64 86 67
991 808 45 48 45
991 994 62 68 66
991 758 44 99 65
207 766 79 80 79
766 463 95 97 95
766 644 10 51 41
766 368 17 63 60
210 914 18 72 27
211 965 17 68 56
211 667 43 67 51
211 364 35 89 73
965 189 78 83 82
965 173 61 85 69
212 303 92 96 92
212 941 44 45 45
212 630 62 90 88
630 207 52 99 91
322 128 25 36 33
322 409 83 89 83
728 701 21 24 21
215 345 68 79 71
345 572 84 88 87
345 778 37 61 60
216 675 59 90 68
216 133 83 100 97
864 592 77 86 79
218 758 57 70 67
758 251 62 68 68
758 27 48 67 60
758 488 22 44 40
332 20 49 50 50
332 908 35 81 70
870 745 22 92 87
870 302 61 85 72
431 624 84 91 88
431 243 55 93 68
431 324 89 98 91
221 989 53 86 86
221 124 18 82 81
989 4 48 96 75
222 154 50 99 70
222 905 34 44 43
223 352 45 86 55
352 965 79 91 87
352 649 58 76 59
352 273 20 96 37
983 970 35 70 45
489 965 34 99 71
489 38 85 99 91
489 592 55 92 60
419 92 57 94 77
226 474 37 87 57
226 643 38 79 51
226 363 36 39 39
643 122 74 84 78
363 88 24 44 43
363 591 74 97 90
363 626 44 80 47
363 633 31 66 58
363 695 70 96 92
363 771 61 70 64
227 352 79 84 80
228 887 42 50 43
228 608 21 93 40
228 104 20 97 50
608 4 73 91 84
608 892 31 58 47
230 371 29 39 37
232 259 60 88 81
561 146 60 100 98
561 32 54 84 83
722 933 82 87 82
722 572 64 74 68
808 278 93 95 94
808 639 44 45 44
433 859 67 69 69
336 896 53 87 69
336 368 27 75 32
237 212 80 90 84
237 179 23 35 33
238 438 16 22 22
438 582 53 70 60
239 608 16 58 20
239 544 44 68 49
544 53 48 65 63
544 250 95 98 95
240 153 93 100 94
240 745 94 96 96
529 979 29 47 40
242 584 29 96 55
242 955 69 75 73
242 857 51 83 67
242 659 48 100 78
242 517 84 96 95
584 421 15 82 24
955 181 67 96 82
955 610 21 41 38
955 846 61 77 61
955 413 24 97 69
857 933 30 57 36
857 802 68 88 83
659 513 17 100 60
659 595 38 96 65
517 938 45 57 52
243 161 56 69 65
244 643 84 88 87
244 497 66 80 79
244 50 53 74 59
244 99 12 94 88
244 546 84 92 84
497 418 42 57 55
497 947 75 79 75
497 926 22 75 38
546 883 75 84 81
245 686 49 88 75
245 43 78 96 89
245 805 30 46 36
245 665 45 52 51
686 916 38 45 42
686 801 30 45 35
805 624 19 81 52
805 755 45 60 60
805 271 39 81 68
415 944 91 94 93
415 738 18 92 61
415 999 66 80 68
247 302 14 100 37
302 480 58 68 62
248 373 38 69 50
373 219 90 100 99
373 887 43 51 45
249 322 48 88 60
849 47 11 43 15
849 997 58 91 82
849 756 62 94 77
254 998 49 96 55
254 407 78 86 79
998 622 66 92 86
407 26 46 72 54
407 52 79 93 85
407 302 17 89 47
407 11 17 96 59
255 35 26 45 30
255 359 53 68 65
359 454 61 95 66
359 880 57 61 61
359 230 77 92 79
256 892 47 86 74
892 396 59 63 61
257 278 51 68 61
257 812 31 53 53
837 454 47 88 87
837 268 56 94 78
837 550 22 28 25
837 264 42 86 42
694 428 18 21 18
694 578 59 71 71
694 380 80 90 90
261 162 22 86 78
261 869 53 86 78
261 409 12 27 25
261 106 13 26 17
869 924 18 40 23
869 511 73 83 82
262 967 58 71 68
262 312 70 83 83
262 323 21 95 54
312 59 79 80 80
264 216 94 100 99
265 264 27 78 41
925 544 24 28 27
925 140 81 84 84
269 985 23 65 61
985 653 24 88 81
985 890 58 71 63
270 513 34 70 38
270 193 54 90 76
270 230 12 57 13
271 268 76 99 76
271 265 70 74 70
273 623 79 88 83
273 668 21 56 32
623 782 68 79 76
623 859 81 88 85
523 637 51 86 86
275 363 87 90 87
707 480 38 97 95
707 930 40 51 49
707 864 13 80 49
707 424 64 74 70
279 527 50 91 51
279 888 16 97 60
281 264 85 86 86
281 873 26 82 65
873 37 84 86 85
873 626 87 89 87
873 270 49 92 56
283 919 52 86 78
283 24 90 93 92
283 592 21 58 52
592 102 35 70 41
592 796 84 89 87
661 250 43 64 52
286 201 86 99 90
286 86 40 83 48
286 462 75 91 85
286 903 80 90 89
286 135 66 76 75
903 26 41 74 55
823 431 61 98 72
292 649 27 61 50
293 415 74 92 90
294 533 35 62 59
295 280 62 95 86
295 684 79 84 82
684 271 15 66 36
684 928 66 67 67
684 896 10 94 79
935 353 20 76 61
935 507 61 94 80
297 30 94 97 95
297 903 38 92 42
297 4 15 62 43
714 31 21 65 61
714 532 40 64 43
714 13 43 93 93
300 395 47 61 58
616 508 61 66 66
480 97 10 59 28
480 947 69 76 73
480 868 81 100 90
480 792 38 57 53
304 301 61 74 66
306 210 10 88 76
306 272 18 59 34
308 237 72 99 77
308 871 73 74 74
308 108 85 86 86
368 45 49 90 83
314 933 81 85 85
602 930 22 96 55
317 218 39 42 42
453 667 32 92 65
889 617 89 98 96
889 38 44 46 46
889 285 42 76 68
321 391 26 92 46
325 509 94 99 98
325 9 47 79 61
325 714 60 78 72
325 410 65 79 70
326 850 34 57 37
326 180 36 49 38
326 639 27 63 56
850 608 10 12 11
850 895 38 63 51
850 910 56 67 60
327 753 46 91 71
327 775 22 81 71
327 550 27 39 37
327 765 14 78 20
753 427 89 91 90
753 545 47 80 50
775 972 43 70 48
775 512 16 39 38
550 778 91 92 92
550 328 95 100 99
765 820 57 67 67
765 322 75 82 82
328 582 48 71 53
328 997 45 98 64
997 695 23 68 38
997 564 49 65 59
700 339 74 88 79
330 186 17 56 54
330 42 93 100 96
330 891 88 100 92
330 213 65 92 70
891 962 72 95 74
331 881 90 93 91
331 147 62 93 67
331 830 25 55 31
830 134 28 35 34
830 706 17 76 24
896 204 42 45 43
337 677 29 84 58
338 718 42 89 43
338 459 50 62 51
338 930 64 99 80
338 232 32 33 33
459 524 54 65 65
930 240 38 41 38
930 748 21 90 65
642 751 27 61 28
754 282 83 89 88
754 783 53 63 61
897 271 61 99 71
341 879 65 75 74
341 176 41 48 46
341 970 30 90 90
341 906 43 47 45
879 704 53 63 63
906 910 86 97 89
906 588 35 99 88
906 970 54 63 55
906 300 23 85 36
342 970 37 47 40
342 121 20 70 68
342 425 70 78 76
425 387 72 93 90
344 757 82 100 97
344 268 44 46 44
572 620 84 97 90
572 29 73 95 92
936 881 19 36 25
348 399 17 32 29
348 17 48 76 53
348 43 24 64 57
399 653 12 84 19
399 40 16 70 17
399 971 68 86 74
782 406 75 96 90
921 254 87 95 93
354 340 69 79 69
354 322 25 77 31
681 975 40 53 43
681 402 18 44 34
351 877 56 64 63
351 256 86 94 94
351 939 40 64 43
351 478 32 38 33
877 660 48 98 68
939 628 19 48 36
478 165 31 68 59
355 954 76 94 89
355 379 62 84 67
355 488 73 77 75
954 453 80 92 84
954 608 23 72 59
488 795 63 87 68
356 878 66 71 70
878 132 13 41 37
878 294 29 36 31
878 974 69 73 72
878 642 36 57 41
467 559 59 79 60
880 543 34 100 41
360 740 15 84 48
360 310 71 75 73
360 867 30 92 38
867 601 77 79 78
867 579 84 85 84
361 463 10 88 39
361 867 13 23 23
362 841 73 93 90
626 131 10 54 46
626 708 72 83 79
626 753 86 93 88
633 433 89 98 98
633 502 15 25 21
633 770 76 99 82
771 248 66 93 80
570 730 66 96 90
570 905 69 70 69
570 790 49 81 70
570 133 73 78 75
570 800 87 89 89
832 740 73 95 89
366 982 91 97 92
366 807 95 100 100
982 754 90 92 92
982 252 81 90 86
982 516 10 41 32
982 359 64 93 68
982 230 14 27 21
982 97 47 71 66
807 306 73 97 95
807 866 75 94 76
367 44 28 61 29
370 880 59 87 77
374 580 33 46 43
374 554 13 46 22
580 512 49 68 52
580 612 24 66 32
580 421 29 78 39
376 683 11 80 65
683 570 30 67 64
683 131 29 74 38
917 507 61 75 63
917 282 74 100 98
378 995 73 75 75
378 563 70 99 89
378 289 40 49 49
995 805 71 80 74
995 55 51 64 58
995 496 58 62 62
380 809 59 91 80
809 548 72 95 78
809 985 17 76 44
809 539 28 46 35
809 164 63 66 65
381 961 74 78 76
381 629 19 88 31
961 328 11 99 78
961 25 88 96 94
629 658 65 92 79
629 22 67 74 69
383 193 67 68 67
383 821 46 48 48
385 816 91 96 94
385 894 82 96 95
894 953 52 62 54
804 192 12 100 85
804 119 94 100 100
804 535 34 72 55
388 910 31 77 33
388 613 88 90 90
910 61 77 78 77
910 438 32 73 56
613 385 24 88 28
613 277 41 47 44
389 961 31 98 58
389 352 89 98 92
390 149 93 96 94
923 920 48 77 55
923 199 80 86 80
923 568 74 95 83
923 542 13 47 29
615 601 82 91 85
615 967 70 80 79
392 684 28 32 31
392 397 33 71 54
397 847 73 88 85
394 904 13 52 14
394 833 22 57 47
772 975 46 99 82
772 650 20 21 20
653 125 10 28 22
653 263 61 100 99
971 362 92 100 94
971 31 28 84 58
971 883 90 94 93
400 269 52 61 57
927 836 18 41 39
402 179 58 70 60
402 86 49 63 50
402 660 63 65 64
402 389 57 69 65
402 176 89 90 90
402 664 24 78 71
403 708 49 52 51
403 990 36 70 47
404 429 88 90 88
429 1000 66 86 72
429 49 45 98 79
429 778 28 64 31
405 585 46 98 85
405 292 16 95 22
405 533 39 87 47
412 983 51 93 89
412 94 47 87 82
414 123 59 82 64
417 635 88 94 88
417 155 20 71 39
635 46 86 94 90
418 651 92 94 92
418 483 55 59 59
651 622 90 95 94
651 93 24 53 53
651 342 39 60 59
651 441 62 100 73
483 905 38 76 76
483 498 26 29 27
483 106 91 93 93
422 863 35 93 56
422 45 77 92 90
422 764 33 85 78
422 484 48 77 69
764 317 95 96 95
764 248 32 54 41
764 644 46 83 82
484 615 93 97 96
484 497 19 64 52
484 518 32 35 34
484 116 35 36 35
484 748 80 81 80
484 325 34 44 35
423 444 38 43 38
423 982 73 81 73
444 418 44 80 71
444 170 73 81 73
428 883 63 99 87
428 141 79 88 83
428 867 16 84 68
428 580 66 71 67
883 819 59 86 70
883 846 79 92 88
883 715 28 46 44
1000 633 93 100 93
1000 500 25 67 65
430 587 14 93 74
430 975 35 84 71
430 523 37 64 41
430 187 63 79 77
430 661 30 61 46
975 368 51 75 75
975 727 14 97 33
436 429 94 99 95
511 109 42 51 49
439 444 85 87 86
439 136 32 93 89
439 185 25 33 32
440 622 80 94 83
440 746 85 88 86
440 638 34 64 38
622 402 37 95 61
622 902 79 89 82
622 241 55 82 60
622 169 81 82 82
622 358 71 75 72
622 639 20 54 54
638 390 16 36 30
441 532 31 62 52
441 183 58 61 61
441 229 49 84 73
441 646 56 98 95
442 709 41 52 44
442 582 74 90 84
442 81 10 19 17
443 642 57 85 82
443 974 60 86 72
445 451 85 96 87
445 118 12 91 21
445 554 78 83 79
451 899 12 61 23
451 415 72 89 88
446 905 31 97 85
446 336 68 93 90
446 453 82 85 85
447 439 40 47 41
447 629 59 89 69
448 279 67 91 73
448 726 47 85 72
448 183 87 91 87
726 962 36 60 59
449 34 91 92 92
449 8 48 82 79
450 822 32 89 42
450 74 41 62 57
822 192 33 71 49
822 293 95 96 95
822 289 22 64 22
899 664 94 96 95
452 138 77 84 83
452 642 31 99 47
452 417 45 88 55
452 83 50 64 64
455 361 11 74 67
458 239 88 92 92
458 249 55 96 59
460 422 90 97 97
461 623 90 100 94
464 908 31 98 47
465 526 59 83 79
465 461 69 72 71
465 190 70 77 74
469 40 41 47 45
860 796 53 65 64
471 541 63 79 78
541 19 36 63 40
473 43 91 94 94
473 759 94 95 94
759 833 48 86 67
475 823 72 93 74
475 861 81 97 85
861 478 87 95 87
861 327 43 65 50
861 559 65 79 75
861 779 28 80 60
479 742 90 91 91
479 71 51 100 61
742 348 80 90 89
947 474 15 19 15
947 443 27 66 37
947 294 71 93 84
947 942 56 75 72
947 761 67 94 78
947 74 94 99 96
947 435 73 81 73
868 50 85 95 85
868 376 66 68 68
868 591 85 90 86
868 136 77 79 78
481 754 71 93 83
498 957 11 35 34
498 11 73 88 78
518 60 58 61 61
748 7 33 98 40
748 989 87 93 91
748 831 27 77 49
486 261 81 85 82
486 729 14 43 19
795 690 28 37 31
884 58 49 84 75
493 404 44 67 65
493 870 45 93 82
493 33 21 76 26
495 659 32 91 45
495 656 45 52 48
495 813 42 66 59
496 192 42 68 67
926 936 58 90 65
500 789 92 95 95
500 654 33 59 45
501 526 31 53 53
501 614 18 47 38
503 885 73 91 86
885 34 61 83 73
504 102 17 83 71
507 550 77 80 79
507 44 64 73 65
508 888 41 53 42
508 987 69 81 81
987 467 51 58 54
987 65 13 73 38
512 219 17 72 26
958 823 25 79 58
958 425 48 55 54
938 75 68 98 98
938 183 20 88 64
938 185 42 83 72
938 208 42 78 47
519 387 59 70 68
521 993 77 79 78
521 59 11 91 45
522 408 31 91 55
637 894 53 93 67
637 824 93 98 96
637 185 49 55 51
528 277 53 100 88
530 5 45 65 52
530 644 36 38 38
530 14 34 52 52
531 121 43 82 52
976 186 87 89 87
976 410 32 91 36
534 853 88 98 92
534 902 50 80 52
534 391 83 94 83
853 90 40 72 67
902 814 11 30 21
902 379 51 82 80
537 470 52 71 71
537 316 88 91 91
537 275 51 90 63
538 690 71 100 100
538 357 26 50 48
539 759 28 34 33
543 414 50 58 56
548 423 28 43 34
548 69 84 94 94
548 218 13 20 19
548 569 11 71 54
548 898 11 63 34
898 261 80 83 82
898 307 25 99 70
680 136 43 98 46
552 357 61 95 67
890 95 20 27 21
890 591 95 98 98
890 780 21 67 55
564 383 27 61 56
567 743 68 81 75
567 921 57 61 59
568 970 39 97 95
568 657 72 80 74
568 281 57 68 68
657 172 69 71 69
657 435 78 94 87
657 464 44 96 70
730 820 48 97 62
730 489 54 74 66
730 164 80 99 99
730 905 82 89 86
730 287 62 74 68
790 920 20 90 69
800 434 72 74 73
571 859 53 86 72
573 453 55 98 84
574 708 79 91 79
575 400 62 97 89
576 452 43 48 47
576 932 35 38 38
576 374 91 98 92
577 398 46 67 48
577 379 88 90 89
577 392 35 90 36
577 402 49 91 90
577 296 36 45 38
577 169 58 82 60
577 217 51 95 57
577 590 93 96 93
590 773 68 90 68
590 17 45 56 47
590 372 12 81 36
612 343 37 47 47
612 846 64 71 71
612 165 14 73 24
612 536 45 61 46
581 247 59 94 94
803 800 44 97 54
586 848 40 57 52
586 883 94 96 96
586 72 69 79 71
588 460 17 76 22
588 247 41 42 41
773 441 68 87 80
773 205 91 99 94
773 32 74 90 87
773 457 47 71 56
593 694 46 62 62
594 369 31 75 54
595 699 24 87 37
699 375 88 92 89
699 486 33 66 46
596 934 56 81 73
596 502 46 82 65
934 1 47 96 50
599 792 53 63 62
603 99 30 83 36
603 313 58 67 60
604 334 15 40 30
604 431 24 44 39
604 86 35 84 55
605 575 64 83 65
609 714 84 96 92
846 798 18 84 21
846 963 88 95 91
617 664 88 89 88
617 514 29 54 40
617 429 25 89 40
617 990 66 84 83
619 341 86 100 88
619 411 23 78 32
625 544 15 68 53
627 910 56 73 70
628 872 76 100 86
872 55 30 46 30
872 742 94 99 99
872 190 81 85 85
631 539 62 100 91
631 911 75 83 81
911 725 57 67 61
911 885 33 84 70
632 8 75 92 88
770 732 69 91 72
770 68 87 88 87
770 102 11 27 11
634 427 52 72 61
634 428 38 66 54
636 863 40 78 58
824 332 81 99 99
834 750 89 91 89
834 605 77 89 89
834 986 86 97 88
834 43 69 97 85
641 530 85 94 90
641 326 27 75 29
641 854 55 77 70
854 213 17 95 59
854 742 90 98 98
854 160 30 76 34
751 334 27 92 72
751 97 56 89 73
647 155 17 30 22
648 539 12 57 54
650 847 10 21 13
650 113 81 94 93
652 79 42 89 83
655 537 12 60 47
655 96 15 89 41
655 141 85 87 86
952 144 91 93 93
952 747 77 99 93
952 341 61 68 64
670 739 64 85 67
670 287 78 79 78
670 214 63 80 66
670 645 21 60 58
739 564 35 66 63
739 516 84 93 88
739 817 36 71 64
671 849 26 88 44
671 395 28 91 67
672 910 88 92 90
674 540 73 74 73
674 81 18 45 32
674 253 41 55 48
691 517 91 99 96
678 304 90 94 94
678 912 63 99 68
912 839 69 82 69
912 642 46 64 59
682 470 69 81 71
682 714 53 97 80
682 149 56 78 70
682 602 78 92 91
916 710 29 44 44
916 773 55 57 56
916 837 27 73 32
916 744 47 55 53
687 921 73 95 85
687 170 79 90 89
688 483 81 100 92
688 123 53 94 70
688 99 75 90 83
688 285 37 72 43
697 577 87 94 91
697 16 41 60 58
697 750 49 65 55
697 61 34 57 34
698 445 19 55 34
701 963 53 84 55
701 508 38 96 78
701 189 87 89 87
703 727 38 51 41
703 207 29 67 61
704 114 35 78 40
706 936 60 72 60
706 737 66 85 77
706 522 64 83 78
710 939 73 100 97
715 437 85 90 89
715 307 20 24 23
715 743 47 55 47
717 961 54 75 59
719 302 49 57 49
721 730 90 95 95
724 930 69 79 74
731 626 65 73 65
734 38 47 84 65
734 585 84 87 84
735 675 79 98 94
735 368 51 91 60
735 484 58 73 61
735 199 39 85 41
744 316 64 86 76
747 416 35 42 42
831 131 51 99 57
831 453 94 99 95
831 757 44 87 45
831 301 76 100 88
831 562 50 74 74
752 232 52 54 53
752 622 16 91 26
783 828 18 29 29
755 824 17 18 17
755 202 66 99 94
755 315 74 94 82
755 606 36 38 37
755 540 21 88 40
755 431 81 89 81
762 285 80 88 80
762 448 87 93 89
762 212 16 74 40
763 17 10 86 69
763 734 18 27 22
763 303 17 90 61
763 800 10 16 12
768 904 32 80 65
769 672 36 59 41
769 887 79 96 87
769 860 74 95 93
777 896 77 97 81
777 348 44 84 50
777 505 63 95 75
779 51 27 78 78
780 637 41 62 50
784 181 37 92 41
784 119 16 78 40
787 140 75 94 83
787 106 75 87 75
787 846 85 91 91
920 38 55 96 90
920 983 22 55 40
794 394 51 82 53
798 468 59 70 60
798 739 79 98 93
799 566 66 88 85
799 593 54 80 63
799 101 14 61 28
802 788 36 43 38
806 790 63 82 78
810 495 70 88 80
810 875 72 83 77
942 47 16 76 30
942 478 76 82 77
942 358 11 13 12
815 408 34 83 80
815 794 51 59 51
815 617 26 52 36
815 775 38 56 51
940 429 32 79 39
940 447 79 90 88
924 498 71 90 82
924 148 27 53 29
829 715 61 98 63
986 933 29 30 29
836 453 38 97 69
836 594 42 44 42
836 709 80 87 80
839 94 57 82 70
842 590 79 83 83
842 566 59 71 68
843 747 17 92 39
882 522 45 76 51
895 38 44 81 46
852 637 77 83 77
855 717 42 43 42
856 470 27 94 81
856 116 37 39 38
856 446 38 94 78
856 740 91 94 91
858 830 46 84 79
865 420 20 53 28
865 418 13 49 27
874 393 84 91 91
874 910 83 94 87
874 591 62 91 69
953 379 13 77 52
953 175 54 83 56
953 553 17 95 17
901 781 40 51 45
907 984 52 67 58
907 703 71 81 80
984 90 75 82 82
984 132 91 92 92
909 72 36 78 72
909 836 62 67 66
909 693 60 90 60
913 699 24 86 32
913 3 59 70 61
915 770 68 100 92
918 953 28 99 96
918 264 19 98 22
918 87 28 80 34
918 255 76 88 76
918 436 26 34 31
922 967 41 58 44
922 759 27 93 34
969 495 93 96 95
946 738 62 73 63
946 160 78 100 85
946 974 67 97 95
951 276 48 63 60
951 307 74 87 81
956 282 20 57 32
956 998 54 94 79
968 187 43 48 48
968 155 40 78 46
973 184 93 96 95
973 827 71 77 73
973 798 72 89 73
981 841 32 43 33
988 786 31 100 85
988 837 23 46 29
994 301 10 85 54
994 249 78 96 78
994 140 85 87 86
994 5 44 50 48
996 464 76 79 78
0 1000
