859 3278
0 353 93 96 94
0 295 13 50 18
0 702 83 84 84
0 767 48 97 78
353 315 90 100 100
353 123 54 72 69
353 60 95 99 97
353 570 19 96 96
295 675 13 96 92
295 477 39 66 43
702 200 74 90 76
702 675 91 95 91
702 273 54 92 87
702 841 95 99 99
767 353 47 100 65
767 131 17 60 32
767 798 73 77 75
767 205 33 52 48
767 348 14 68 45
1 204 55 86 61
1 612 47 74 51
204 805 86 95 89
204 675 58 100 70
204 1 53 71 53
612 713 61 95 94
612 141 34 93 64
612 515 66 69 68
612 215 91 94 91
2 10 80 97 88
2 24 25 41 35
2 148 86 93 87
2 244 28 35 31
10 669 13 87 61
10 352 86 90 90
10 24 28 99 69
24 598 89 98 97
24 100 89 98 95
24 538 88 89 88
24 777 65 68 66
24 393 30 44 42
24 731 70 75 73
24 205 55 94 87
24 218 36 68 64
24 228 26 65 40
24 118 31 66 34
148 561 54 74 59
148 660 27 88 71
148 702 91 92 92
148 611 47 52 47
244 553 40 66 60
244 670 11 99 27
244 769 95 99 96
244 819 14 95 80
244 182 43 76 56
244 574 46 64 61
3 106 82 91 83
3 533 71 85 85
3 841 17 41 29
3 399 84 93 88
106 492 72 87 79
106 780 80 97 83
106 814 29 63 47
106 352 71 78 75
533 828 22 28 28
533 296 15 45 35
533 797 30 32 32
533 544 61 92 85
841 94 40 48 45
841 70 86 99 86
841 17 46 65 46
841 678 32 60 52
399 26 19 30 27
4 789 12 62 44
4 590 10 47 35
4 637 29 64 44
789 640 25 32 26
789 178 51 69 57
789 141 93 97 93
789 596 36 96 80
789 852 77 90 84
789 75 43 48 45
789 407 66 92 86
789 221 14 26 17
590 597 73 93 90
590 297 29 91 75
590 636 77 85 84
590 217 28 40 28
637 660 90 94 92
637 408 88 100 97
5 639 75 93 92
5 475 84 91 86
639 93 42 71 54
639 397 39 56 56
639 644 25 55 28
639 542 64 99 86
639 585 24 71 70
475 404 18 90 62
475 187 30 86 77
475 732 33 62 50
475 50 69 96 79
6 715 46 92 46
6 519 42 91 46
6 196 58 98 85
6 139 44 98 58
6 247 91 97 97
6 331 31 95 71
715 357 64 100 81
715 445 70 93 88
519 344 42 75 62
519 807 88 96 92
519 130 37 93 91
519 19 72 95 87
519 24 63 89 88
196 631 51 96 89
196 443 29 71 49
139 773 30 72 54
139 575 81 94 91
139 601 11 94 78
139 280 51 81 63
139 20 42 73 63
139 556 74 88 74
247 382 83 89 85
247 239 85 86 86
247 799 31 71 43
247 100 67 73 71
331 233 90 95 92
331 347 12 18 14
331 51 66 70 67
331 542 64 89 71
7 501 31 96 45
7 517 91 95 93
7 734 12 41 19
7 847 78 92 81
501 202 84 95 92
501 474 57 94 78
501 791 90 97 96
501 577 31 97 89
501 373 64 78 74
517 714 54 91 73
517 768 55 67 56
517 420 62 88 72
734 383 14 17 17
734 160 53 89 69
734 396 56 85 71
847 12 13 61 32
847 428 69 72 71
8 385 27 61 57
8 791 74 92 88
8 444 55 100 94
8 310 58 72 60
8 181 23 30 24
385 439 57 73 69
385 647 53 83 78
791 124 14 55 45
444 703 31 84 38
444 27 62 89 89
444 303 58 98 94
444 173 88 92 89
310 558 10 26 21
310 268 13 14 13
310 758 31 83 70
181 608 40 44 41
181 288 34 73 73
9 535 60 61 61
9 485 91 94 92
9 707 58 69 64
9 840 70 78 75
485 697 56 69 62
485 7 13 38 28
485 112 35 79 68
707 524 73 93 91
707 611 65 66 65
707 423 52 67 59
707 503 42 90 83
707 817 68 73 71
707 119 77 90 80
840 481 74 86 85
840 507 61 82 64
840 423 19 54 48
840 331 24 30 26
840 808 54 61 54
669 42 44 46 46
669 703 29 86 73
669 530 92 100 96
669 828 17 51 30
669 137 63 82 66
669 533 19 98 66
669 110 68 75 72
669 153 71 78 77
352 456 75 94 89
352 396 12 44 32
352 582 49 93 64
352 233 10 50 16
352 349 10 91 88
352 551 59 77 71
11 375 81 98 82
11 644 44 87 84
11 411 68 70 69
375 847 69 87 71
375 556 50 59 59
375 126 54 75 72
375 101 90 94 90
644 579 75 76 75
644 195 82 100 99
644 360 13 41 27
644 816 12 69 31
644 314 33 100 71
411 627 39 97 57
411 536 33 51 42
411 667 63 97 63
411 760 49 86 64
411 810 32 82 53
411 544 72 73 73
411 752 54 86 54
12 788 49 100 54
12 127 79 83 83
12 617 47 74 56
12 493 91 100 94
12 446 93 99 96
788 715 32 98 39
788 728 69 80 79
788 119 72 83 78
788 205 29 38 31
788 104 67 92 70
127 251 79 88 80
127 357 12 80 42
127 524 46 83 48
127 784 21 37 28
127 235 45 75 63
127 592 69 90 88
617 567 76 90 79
493 230 17 21 17
493 343 55 97 76
493 452 52 64 62
493 113 85 100 87
446 700 39 48 40
446 375 74 81 74
446 502 49 57 56
446 469 89 93 93
446 725 44 55 51
13 134 94 99 94
13 149 86 94 89
13 573 94 100 99
13 250 47 72 63
13 450 74 88 87
134 838 94 100 98
134 613 89 98 89
134 595 83 85 84
134 742 54 60 54
134 447 14 20 14
134 577 17 52 27
149 596 49 59 56
149 148 10 90 63
149 539 25 77 40
149 608 95 98 97
573 106 86 94 89
573 42 30 36 36
250 163 45 59 46
250 824 39 76 71
250 395 31 51 33
250 309 44 67 56
450 611 48 73 61
14 207 74 95 85
14 341 13 42 27
14 388 93 95 94
207 320 58 73 70
207 295 14 78 22
207 107 28 53 32
207 95 32 99 83
207 425 39 92 83
341 644 69 98 91
341 679 10 51 30
341 362 75 87 77
341 815 65 73 67
388 528 68 88 88
388 386 81 100 100
388 52 76 79 78
388 310 70 85 75
388 741 68 80 70
15 433 17 100 26
15 50 65 90 78
15 751 57 73 62
15 335 42 87 47
433 118 44 47 44
50 693 15 67 21
50 604 77 90 81
751 256 76 79 76
751 736 75 95 89
751 696 50 83 83
751 407 28 82 72
335 23 55 75 73
335 531 93 95 93
335 95 15 39 29
16 826 73 90 83
16 333 58 85 85
826 328 26 27 27
826 701 84 98 92
826 97 49 66 63
826 293 83 84 83
826 100 20 97 24
826 417 21 26 23
826 563 48 86 51
333 287 56 98 69
333 132 56 71 58
333 663 11 15 13
333 686 50 62 53
17 424 47 50 49
424 526 38 100 84
424 459 21 76 75
424 573 61 73 70
424 173 64 98 81
424 745 68 77 69
18 724 94 97 95
18 694 21 87 54
18 297 29 89 58
18 250 18 46 26
724 384 25 31 30
724 840 18 61 42
724 500 34 70 50
724 645 57 81 77
694 716 34 56 48
694 430 69 100 99
694 463 87 92 87
297 416 92 96 94
297 598 71 80 77
297 476 12 79 36
297 184 15 73 37
297 231 71 81 81
19 331 64 88 66
20 774 52 93 81
774 734 54 60 58
21 174 49 66 59
21 362 57 78 72
21 278 44 58 52
21 569 64 77 70
174 329 91 93 92
174 660 91 97 97
362 75 70 79 71
362 284 64 66 66
362 639 12 79 58
278 683 89 99 91
278 699 72 93 73
278 213 39 63 51
278 52 48 87 81
569 612 95 98 97
569 178 19 43 37
569 484 35 88 45
569 434 54 60 58
22 266 23 51 28
22 608 61 72 65
22 720 24 88 69
22 132 20 57 32
22 517 49 95 56
266 642 58 75 69
266 716 22 83 77
266 711 72 74 74
266 683 11 38 26
266 816 22 25 24
720 591 92 93 92
720 731 94 95 94
720 695 33 53 38
720 817 72 97 79
132 802 65 81 69
132 326 92 95 93
132 746 90 94 92
132 694 29 35 33
132 789 87 96 95
132 685 22 63 54
132 423 90 97 92
23 217 15 73 18
23 493 62 98 86
23 497 54 91 90
217 717 85 100 96
217 667 49 96 81
217 769 95 99 99
217 640 71 84 83
217 460 55 78 66
217 420 11 74 69
497 385 87 99 88
497 397 38 75 63
497 752 51 81 65
497 633 57 63 58
497 662 40 76 72
497 858 74 88 87
497 161 92 98 93
497 128 39 89 73
598 858 81 100 96
598 689 87 89 89
598 58 24 77 49
598 18 72 74 74
598 634 41 69 58
100 188 39 75 65
100 180 32 100 88
100 89 47 84 47
538 256 80 95 82
538 672 16 79 37
538 795 18 54 23
538 844 52 61 60
777 310 19 79 55
393 528 90 96 93
393 609 36 87 63
393 582 25 72 63
393 73 69 100 90
731 229 53 56 55
731 138 39 67 67
731 249 84 95 91
731 55 81 99 83
205 399 54 66 66
205 128 27 87 56
205 294 15 37 21
218 123 95 98 96
218 49 84 97 96
218 687 78 99 99
218 219 35 48 41
218 167 48 99 97
218 105 59 61 60
218 835 54 97 67
228 212 90 91 90
228 516 62 85 69
228 22 53 99 65
228 491 53 77 55
228 173 90 91 90
228 699 39 76 50
118 822 33 93 70
118 94 80 93 91
118 244 12 74 74
25 89 84 89 87
25 253 61 100 73
25 435 50 67 62
89 709 21 40 36
89 723 92 97 92
89 174 32 35 32
253 333 57 84 79
253 749 44 51 51
435 665 18 36 29
435 94 49 67 58
435 61 60 71 60
26 98 84 96 84
26 250 66 77 75
26 246 10 16 13
26 189 23 75 47
26 783 47 79 49
98 250 54 68 55
98 603 46 52 51
98 691 89 94 91
98 711 62 67 63
98 485 65 82 81
246 28 65 84 66
246 237 17 76 68
246 681 53 94 87
246 140 10 99 64
189 624 82 89 84
189 784 67 68 68
189 824 68 93 70
189 109 53 68 54
189 852 38 73 69
783 829 52 54 52
783 526 63 95 95
783 809 62 99 87
783 257 31 63 56
783 639 27 52 41
783 731 75 76 75
27 799 33 90 85
27 195 46 86 64
799 605 93 99 95
799 798 69 87 85
799 39 36 66 59
799 419 55 83 69
195 192 95 99 99
195 749 94 100 99
195 1 45 96 87
195 697 39 48 48
195 782 90 94 92
195 230 22 58 44
28 87 38 39 38
87 441 41 97 78
87 361 78 94 91
29 763 50 69 57
29 287 59 88 80
29 298 60 67 63
29 32 63 65 64
763 210 92 98 96
763 715 32 91 53
763 90 62 83 65
763 426 24 53 24
763 59 78 87 86
763 835 93 94 94
287 376 51 53 53
298 769 50 85 67
298 198 10 83 12
298 83 85 98 88
32 622 85 100 98
30 36 43 98 73
30 345 58 86 64
30 323 32 82 78
30 34 56 78 72
30 363 95 100 96
36 305 28 45 42
36 324 60 100 74
36 385 78 95 94
345 589 57 79 64
345 618 27 47 29
345 248 40 74 69
345 834 59 93 67
345 173 47 52 52
323 33 30 76 72
323 364 87 95 90
323 69 20 39 38
34 250 66 73 68
363 3 19 50 27
363 208 24 69 60
363 300 87 91 87
31 617 80 96 95
31 44 26 97 33
31 655 31 55 41
44 448 19 80 34
44 109 95 100 97
44 548 84 95 92
44 691 92 94 94
655 256 76 87 84
655 469 11 81 18
655 807 60 74 66
655 481 39 100 54
622 49 50 80 51
622 651 79 86 82
33 336 38 61 56
33 325 45 47 45
33 440 58 76 64
336 262 82 93 84
336 199 77 97 79
336 641 91 100 91
336 398 61 84 76
336 449 66 75 74
336 235 35 67 65
325 836 19 66 24
440 824 63 64 64
440 766 46 80 63
440 171 15 66 40
440 398 68 99 80
440 394 35 63 63
35 550 63 81 69
35 416 22 47 34
35 719 34 77 58
35 596 82 86 85
35 372 18 49 36
550 393 84 85 84
550 740 65 92 78
416 169 19 37 21
416 710 69 80 73
416 177 58 94 69
416 103 69 97 97
719 774 37 77 72
719 490 85 100 100
719 302 66 81 70
719 530 25 83 78
596 666 76 92 89
596 4 14 20 17
596 802 71 74 73
372 262 95 99 97
372 699 78 83 83
372 847 25 47 41
372 404 58 66 60
372 785 67 98 77
372 373 51 64 64
372 426 75 77 77
305 627 23 99 49
305 395 49 73 53
305 123 78 80 79
305 43 38 48 41
305 313 59 88 83
305 518 54 85 81
305 397 56 98 61
305 755 36 67 49
305 690 57 88 70
324 258 73 75 74
324 563 61 65 61
37 118 61 84 72
37 292 26 34 32
37 368 83 94 86
292 556 56 96 69
292 404 59 79 59
292 419 70 81 79
368 321 56 66 57
368 548 75 78 77
368 54 92 93 92
38 492 25 47 40
38 524 50 99 91
38 442 95 100 99
492 647 11 76 42
524 520 74 98 79
524 12 72 81 77
524 774 86 98 86
524 629 54 89 60
524 312 56 95 64
524 251 67 73 73
524 554 87 94 91
442 356 44 80 50
442 344 39 98 44
442 474 57 80 60
39 821 82 85 85
39 835 71 83 82
39 400 23 55 50
821 610 67 73 73
821 851 62 98 75
821 134 86 90 87
821 405 35 70 54
821 842 88 91 90
821 753 24 93 47
835 321 58 81 63
835 539 11 65 28
835 510 16 57 56
835 48 51 86 75
400 207 69 84 75
400 608 66 98 98
400 180 10 22 22
40 125 27 68 32
40 529 30 53 37
40 836 10 21 12
40 539 20 99 86
40 396 81 94 85
125 311 55 86 79
125 334 33 90 43
529 742 46 69 66
529 743 88 93 93
529 782 44 74 64
529 612 80 85 81
529 386 14 63 18
529 276 35 83 52
836 393 77 85 82
836 526 57 88 75
539 606 56 96 57
396 244 20 44 32
396 770 42 62 44
396 482 87 100 92
41 665 42 43 42
41 135 31 51 45
41 846 95 97 96
41 275 18 73 69
41 643 32 53 32
41 256 15 98 92
665 429 63 86 81
665 663 58 77 66
665 65 65 77 75
665 773 80 86 86
665 537 32 95 55
135 641 27 36 30
135 10 75 83 79
135 724 89 97 95
846 110 14 26 21
846 224 58 88 63
846 331 27 45 28
846 23 38 42 39
846 813 66 73 67
275 702 22 57 52
275 641 13 39 22
275 229 14 81 53
643 209 42 50 44
643 174 40 96 48
643 531 64 79 76
643 253 91 93 91
643 577 34 69 50
643 348 37 67 64
256 745 41 83 78
256 4 39 49 49
256 558 20 72 35
42 336 59 93 69
42 558 21 57 22
558 567 38 49 49
558 88 16 90 36
558 425 23 40 40
43 167 28 31 31
43 788 84 95 89
43 487 45 90 53
43 74 32 96 87
167 617 77 100 97
167 679 65 92 77
167 141 64 89 64
167 463 35 49 35
167 634 67 87 84
167 584 66 73 71
167 0 81 99 87
167 406 43 74 54
167 279 65 67 67
487 673 19 37 37
487 279 30 40 31
487 197 36 58 42
74 183 44 94 81
74 576 45 75 75
74 849 72 91 78
74 35 59 97 63
74 677 10 51 27
448 578 70 87 74
448 285 41 72 48
448 304 25 71 56
109 416 53 82 72
109 33 92 95 94
109 461 88 99 93
548 195 27 37 32
548 169 82 99 93
691 498 88 99 98
691 40 77 95 88
691 722 55 96 93
45 732 70 85 83
45 644 79 100 88
45 802 39 86 63
45 532 85 95 95
45 817 57 62 59
45 191 23 38 27
45 272 83 88 83
45 101 38 86 42
45 283 88 92 88
732 579 50 75 70
802 305 14 91 70
802 485 71 85 80
802 529 61 79 79
802 357 61 76 68
802 417 39 63 47
802 593 32 53 41
532 721 37 51 49
532 468 61 63 61
532 289 43 83 44
532 120 28 69 56
817 60 66 90 74
817 762 38 64 49
191 816 89 91 91
191 240 83 91 85
272 268 36 65 45
272 396 88 98 90
272 158 51 88 73
101 225 83 89 88
101 668 38 50 44
101 534 58 69 62
283 310 67 83 82
283 584 32 72 37
283 117 45 95 54
46 76 57 69 59
46 836 70 74 70
46 216 65 78 68
76 464 79 84 83
76 22 94 98 98
76 20 50 79 76
76 455 26 53 52
76 822 81 91 86
216 335 72 94 84
216 15 49 90 70
216 168 53 87 80
216 92 91 92 91
47 191 87 97 91
47 265 38 62 47
47 376 71 87 77
47 640 55 64 58
265 303 71 87 83
265 309 68 99 85
265 836 17 47 20
376 615 47 83 73
376 622 49 98 54
640 22 86 99 95
640 755 87 90 90
640 670 39 82 50
640 628 58 71 67
640 114 28 43 39
48 356 75 96 95
48 482 46 99 72
48 351 29 88 43
356 825 52 75 62
356 457 85 99 96
356 710 25 36 27
356 79 58 88 62
482 757 86 93 88
482 169 30 33 30
482 156 15 27 22
351 838 20 24 24
351 472 92 97 92
351 205 70 73 71
49 811 87 94 92
49 438 93 98 97
49 760 19 62 54
49 46 62 76 76
49 300 44 61 59
811 853 82 100 96
811 95 85 87 85
811 146 30 78 32
811 708 28 50 39
811 569 80 94 84
811 643 31 41 34
811 275 62 82 69
811 292 93 95 94
438 428 45 99 76
438 781 64 79 70
438 599 25 54 52
760 637 40 52 52
760 419 48 87 81
760 452 88 91 91
760 389 67 70 67
760 542 19 33 20
760 798 48 50 48
760 590 74 95 80
300 77 80 99 97
300 376 43 65 58
300 791 26 70 41
300 775 38 80 57
693 695 50 55 50
693 829 45 73 51
693 560 50 83 58
604 828 15 68 44
604 674 43 66 63
604 797 56 62 60
604 75 94 98 96
51 320 73 83 73
51 46 37 59 51
51 446 41 46 41
51 33 73 89 82
51 251 94 98 98
51 766 16 88 44
320 607 43 70 56
320 296 77 82 79
320 489 70 81 70
320 622 74 85 80
320 750 78 97 94
320 237 40 49 40
320 772 56 82 57
251 349 25 73 52
251 729 36 95 79
251 120 70 89 75
251 99 20 30 30
251 384 73 86 74
251 789 46 67 47
251 206 23 38 30
766 684 79 92 91
52 278 87 89 88
52 802 28 63 57
53 358 70 77 75
53 162 88 97 96
53 137 40 61 50
53 213 75 94 81
358 204 46 70 49
358 464 82 97 96
358 239 95 98 95
358 230 91 97 92
358 348 70 83 80
162 210 32 50 44
162 766 43 65 45
162 777 41 52 44
162 662 46 96 95
162 26 94 97 96
162 20 51 65 65
162 165 59 87 87
162 852 27 76 52
137 162 27 100 100
137 468 90 91 90
213 54 67 83 72
213 855 95 100 100
54 856 77 81 77
54 166 14 30 22
54 574 55 78 64
856 774 30 49 48
856 234 53 61 59
856 547 55 92 86
856 432 14 40 39
166 650 78 96 95
166 246 14 51 30
166 693 40 54 47
574 268 73 92 86
574 236 17 80 35
574 797 16 75 49
574 470 16 42 34
574 821 33 69 49
574 769 36 84 56
55 301 60 80 66
55 244 78 83 82
55 292 49 70 50
55 342 29 94 88
301 243 80 83 80
301 55 36 73 71
301 23 76 86 82
342 660 22 27 22
342 788 15 20 15
342 560 12 77 23
342 62 45 83 70
56 434 70 72 72
56 342 71 72 71
56 14 51 83 64
56 502 55 87 68
56 483 67 77 74
434 485 24 76 66
434 376 52 55 53
434 229 61 79 64
502 188 23 99 85
502 597 72 86 77
502 300 58 71 66
502 166 21 31 22
502 221 71 80 80
502 160 84 98 90
502 779 76 97 93
483 74 33 99 33
483 376 68 72 69
483 318 26 97 32
483 220 23 28 28
483 678 82 98 96
483 141 19 85 26
483 484 18 56 26
57 273 12 61 18
57 807 71 96 71
57 794 70 77 75
57 466 33 96 57
273 809 93 94 93
807 770 77 83 81
807 563 53 88 84
807 652 60 67 64
807 644 39 53 52
807 61 73 76 76
807 702 63 99 91
807 38 33 35 35
807 328 36 55 36
794 763 28 45 36
794 614 87 92 91
466 771 10 19 12
466 135 31 78 31
466 768 16 56 37
466 243 82 88 86
58 61 13 43 26
58 39 57 93 91
58 451 20 55 25
58 128 69 90 87
61 823 45 64 63
61 754 30 72 69
61 421 43 78 59
61 246 78 96 96
61 538 71 75 71
61 596 51 61 60
451 855 23 69 67
128 244 40 90 56
128 36 63 74 64
59 245 53 75 59
59 834 71 87 79
59 504 31 61 56
59 676 41 65 57
59 508 43 95 54
59 318 42 86 73
245 76 48 86 68
245 626 13 33 25
245 660 62 63 62
834 722 92 99 94
834 575 23 80 26
504 589 91 100 92
676 552 48 61 59
676 36 92 99 95
676 858 55 59 55
508 798 86 93 93
508 23 93 95 93
508 95 53 61 56
508 168 31 80 77
508 253 87 92 87
508 609 76 84 81
508 671 66 99 84
508 383 31 93 73
508 642 74 97 94
508 762 94 98 98
508 283 94 97 95
318 434 79 100 96
318 641 24 95 71
318 539 78 90 88
318 202 23 61 30
318 361 80 94 90
60 830 28 90 89
60 675 63 72 68
60 775 22 59 56
830 673 91 93 92
830 453 83 88 84
830 134 95 98 98
830 481 52 67 60
830 66 94 98 95
675 253 92 98 97
675 174 95 100 98
675 230 95 98 97
675 698 93 95 95
675 766 11 78 71
675 611 80 96 93
775 74 48 80 67
823 217 32 92 66
823 312 33 37 34
823 395 21 54 43
823 786 81 94 88
823 658 52 86 85
754 403 61 75 70
754 428 48 96 83
754 122 79 85 82
754 146 92 94 93
754 424 38 48 40
754 319 65 91 67
754 208 35 68 55
421 3 48 49 48
421 410 26 43 33
421 447 92 100 98
62 333 17 82 61
63 323 83 91 91
63 593 72 90 77
63 125 34 81 44
63 296 19 21 20
63 265 31 49 44
63 239 88 98 88
63 249 63 77 76
593 125 87 98 91
593 65 34 79 38
593 182 21 59 55
593 634 15 33 16
593 553 10 16 12
296 699 33 76 41
239 322 90 97 96
239 62 81 94 85
239 515 10 31 14
239 542 22 45 44
249 480 18 94 67
249 458 84 85 85
249 392 36 63 47
249 502 84 86 86
249 434 66 67 67
249 147 71 90 78
64 422 72 94 85
64 294 38 95 71
64 556 20 97 66
64 78 44 49 48
422 526 16 69 58
422 216 76 94 86
422 56 70 80 77
294 422 45 79 74
294 179 45 46 45
294 335 68 89 70
294 698 17 32 21
294 133 42 96 89
556 334 36 51 37
556 98 14 57 30
78 579 66 82 77
78 363 84 96 95
78 459 76 93 82
78 190 56 99 84
65 118 60 66 60
65 472 95 98 97
472 188 51 54 54
472 325 88 90 88
472 199 86 99 92
472 426 27 57 35
66 65 57 60 60
66 115 56 84 67
66 553 35 87 87
66 189 38 60 57
115 743 63 83 80
115 553 81 93 85
115 655 95 96 96
115 346 48 96 84
115 515 59 76 72
553 361 53 54 53
553 611 41 80 53
553 525 56 71 58
553 467 74 81 76
553 852 31 42 34
553 730 15 70 31
553 839 56 69 56
67 407 12 65 44
67 66 86 99 89
67 263 75 86 76
407 130 30 79 76
407 325 29 100 51
407 511 57 81 78
263 28 37 95 75
263 699 24 98 65
263 753 16 21 20
263 147 64 92 89
263 435 60 74 68
68 417 47 87 86
68 644 21 93 27
68 340 86 99 97
68 737 54 72 59
68 447 91 99 96
68 604 47 85 81
68 13 28 71 53
68 44 43 58 54
417 473 11 15 11
417 733 14 62 55
417 480 29 99 47
417 585 48 91 75
417 358 88 94 91
417 123 25 40 37
417 63 52 67 52
340 49 63 78 65
447 269 52 71 57
447 605 46 72 55
447 710 68 98 70
447 600 95 98 95
447 317 33 95 84
447 130 35 52 46
69 293 34 64 35
69 382 13 80 65
69 117 79 84 79
293 612 65 72 69
382 85 49 68 51
382 351 61 76 74
382 310 85 87 87
117 841 81 87 83
117 25 69 83 75
117 434 22 46 40
117 432 64 69 67
117 720 38 60 39
70 294 42 92 74
70 117 51 61 60
70 122 46 94 47
70 113 29 43 35
70 375 91 95 91
70 841 35 95 85
122 486 42 86 45
122 618 81 99 93
122 210 80 95 91
122 160 19 90 84
122 771 91 100 94
122 759 73 96 91
113 320 84 98 93
113 725 18 25 23
113 204 88 95 93
113 189 12 73 28
113 746 86 90 86
113 527 12 78 50
71 456 94 100 95
71 647 63 87 85
71 407 56 90 68
71 209 26 63 56
71 823 52 79 69
71 189 79 83 81
456 178 14 86 63
456 798 46 95 60
456 174 19 43 42
456 125 45 73 58
647 654 94 100 99
647 302 47 70 53
647 823 18 43 19
209 548 15 70 40
209 649 76 95 82
209 25 36 93 67
209 605 63 83 83
209 371 35 75 71
209 698 61 86 83
209 91 49 85 55
72 657 19 48 31
72 574 28 74 43
657 360 18 54 49
657 515 39 55 40
657 634 23 51 26
657 592 22 36 26
657 263 65 88 86
657 717 71 79 78
657 101 82 96 95
73 551 80 86 81
73 344 70 79 70
73 217 93 94 93
73 687 40 74 53
73 736 37 38 38
73 194 72 96 75
551 280 95 96 95
551 8 71 96 87
551 180 64 69 65
551 138 54 96 64
344 500 66 96 67
344 568 24 28 27
344 789 62 71 67
344 118 74 87 80
344 643 75 98 77
344 512 32 77 46
344 139 86 91 87
687 335 12 93 54
687 0 68 93 93
736 572 21 27 26
736 445 37 75 41
736 58 26 59 26
736 498 36 50 45
736 466 42 98 92
736 415 72 77 77
194 114 94 96 95
194 533 49 92 86
194 126 38 76 53
194 853 86 96 95
183 294 91 99 97
183 199 30 48 46
576 392 24 55 26
576 436 90 93 93
576 179 60 86 70
576 579 34 58 46
576 119 87 96 93
576 54 38 77 38
576 62 69 88 81
849 205 26 78 57
677 750 84 99 84
677 173 35 86 57
677 540 95 100 97
75 194 14 70 24
75 201 28 87 28
201 621 57 65 63
201 161 55 62 55
201 459 17 98 85
201 738 51 81 54
464 823 89 90 89
464 446 35 61 47
464 484 71 95 81
464 362 69 95 83
455 213 53 96 57
455 810 91 95 92
455 170 46 55 51
455 683 51 61 51
455 589 85 90 86
455 705 13 38 27
822 520 93 98 97
822 367 68 70 68
822 841 34 55 48
822 495 47 78 71
822 701 51 80 66
77 646 59 95 95
77 799 48 100 55
77 561 76 94 83
646 48 72 84 74
646 113 87 91 90
646 606 31 88 52
646 795 53 55 55
646 827 58 73 58
646 432 12 98 36
561 360 72 87 85
561 278 66 75 67
579 266 91 95 94
459 725 74 80 78
459 453 92 100 94
459 424 60 62 62
190 59 35 86 67
190 807 40 49 44
190 717 11 17 13
190 261 92 96 93
79 468 72 95 85
79 179 27 66 36
79 290 42 69 52
79 413 94 97 95
79 64 73 92 80
79 127 51 63 55
79 707 61 67 67
79 487 62 89 70
468 173 47 97 93
468 317 80 86 82
468 214 46 48 47
468 280 72 99 99
468 625 17 36 29
468 679 87 93 89
179 110 36 89 48
179 321 66 78 69
179 222 27 44 27
290 541 72 92 76
290 76 26 68 53
413 50 44 88 78
413 491 58 81 76
413 507 95 96 95
413 163 81 99 96
413 341 60 87 75
80 69 90 95 92
80 823 22 26 26
80 42 16 22 18
81 144 77 96 85
81 606 41 75 44
144 250 44 72 46
606 712 87 89 89
606 464 70 89 72
606 356 19 50 45
606 745 74 97 95
606 43 66 83 78
606 469 45 73 60
606 272 48 80 59
82 658 42 71 60
82 855 12 91 41
82 20 51 71 55
82 275 22 54 29
82 708 60 74 71
82 191 41 78 46
658 490 70 83 77
658 841 51 90 90
658 365 84 89 89
658 190 77 80 80
658 536 12 13 13
855 291 34 39 39
855 602 77 92 91
855 153 49 56 55
855 181 11 78 11
855 540 40 72 62
708 325 68 100 93
708 390 15 59 45
708 791 55 95 71
708 26 78 94 82
708 783 92 94 93
83 137 44 53 50
83 670 25 75 28
83 156 17 20 19
670 418 13 86 17
670 1 91 99 91
156 413 45 99 47
156 789 10 31 30
156 543 92 96 93
84 529 11 76 60
84 820 44 49 47
84 166 63 91 70
820 60 63 83 69
820 473 46 90 74
85 685 66 94 66
85 417 79 82 80
85 95 13 52 17
685 207 72 98 97
685 29 90 91 90
685 816 65 95 74
95 505 75 77 77
86 645 39 70 48
86 421 46 90 51
645 804 73 92 92
645 400 54 89 62
645 445 72 93 88
645 835 30 75 30
441 710 10 60 16
441 373 69 81 75
441 842 31 90 60
441 629 41 70 43
441 96 25 43 39
441 73 39 71 60
361 628 88 98 94
361 106 26 63 50
361 643 32 97 35
361 810 55 76 74
361 192 37 72 51
361 621 80 91 82
361 35 36 74 74
361 80 25 63 31
88 803 89 94 91
88 624 16 52 39
88 761 43 52 45
88 400 32 35 34
803 657 52 64 55
803 223 29 80 65
803 807 90 97 96
624 111 25 35 29
624 185 25 55 55
761 762 42 74 68
761 303 52 54 53
761 449 37 86 56
761 226 14 24 19
709 398 91 100 99
709 721 36 55 54
709 56 40 41 41
723 132 94 100 96
723 728 55 66 59
723 487 45 76 45
90 103 13 19 15
90 525 17 25 22
90 834 43 64 64
103 454 84 87 87
103 569 82 93 83
103 744 90 97 95
103 720 15 60 16
525 660 50 78 52
525 169 21 57 36
525 487 45 93 90
525 56 95 96 96
525 825 45 56 45
525 751 35 49 35
91 98 27 56 27
91 532 47 74 64
91 516 71 82 76
91 81 51 85 83
516 649 18 57 55
516 376 24 27 25
516 630 32 76 65
92 448 93 100 100
92 671 52 79 63
92 803 83 98 86
92 405 78 94 90
92 210 74 85 82
671 413 74 99 82
671 355 76 92 81
671 245 76 95 89
405 615 63 83 79
405 489 77 89 89
405 524 92 99 97
210 539 94 100 95
210 665 87 90 87
210 355 47 86 49
210 377 59 73 65
93 129 14 17 16
93 487 31 44 36
93 74 35 91 78
129 761 91 92 91
129 535 30 95 46
129 621 83 94 91
129 604 33 90 88
94 125 71 95 82
94 266 38 79 61
94 314 83 97 89
94 824 72 92 83
94 109 63 75 66
314 620 41 62 62
314 647 69 85 78
824 756 18 61 19
824 351 91 99 94
824 579 94 99 98
505 662 75 95 92
96 21 61 97 81
96 433 19 33 19
96 109 70 73 70
96 173 39 43 42
96 648 93 94 94
96 711 39 79 47
173 228 17 30 26
173 604 32 39 37
173 618 41 48 43
173 241 61 97 71
173 676 18 72 46
648 551 87 99 99
648 656 16 44 35
648 747 73 79 74
648 767 57 75 57
648 400 23 78 36
648 36 28 55 45
711 600 49 90 64
711 649 15 20 18
711 620 95 97 95
711 18 78 83 78
97 87 83 99 90
97 501 28 30 28
97 792 76 77 77
97 343 86 95 92
792 168 58 64 59
792 157 48 59 54
792 748 31 66 50
792 316 36 56 47
343 565 33 60 36
343 18 72 91 88
343 122 95 100 97
603 364 38 49 41
603 558 64 90 87
99 461 46 84 52
99 476 62 68 67
99 567 66 75 66
461 102 67 68 68
461 36 17 39 35
461 366 37 79 71
461 618 89 100 93
476 715 86 94 87
476 333 63 80 71
476 655 80 100 90
476 631 79 90 87
476 367 68 75 68
476 435 92 98 94
567 213 23 98 82
567 829 80 88 86
567 503 93 100 99
188 344 91 99 95
188 131 55 70 58
188 563 90 94 94
180 364 40 42 40
180 132 71 90 76
180 800 17 68 43
180 48 37 44 42
225 260 56 90 75
225 842 45 87 85
225 802 57 73 70
225 668 48 65 53
102 568 56 85 68
102 794 44 90 50
102 576 25 73 43
102 578 16 40 21
102 802 55 90 85
102 198 49 68 66
102 657 91 94 94
102 656 42 94 70
568 134 75 77 77
568 282 82 96 85
568 831 85 99 89
568 79 67 80 71
578 159 12 23 20
578 558 22 27 25
578 219 89 93 89
578 520 24 89 55
578 295 39 82 68
198 618 19 60 19
198 53 68 86 68
198 793 25 73 27
656 674 61 89 71
656 80 89 99 92
656 424 25 61 59
656 610 78 85 80
656 256 67 95 89
656 26 73 82 73
656 58 52 85 53
454 502 51 81 65
744 415 68 79 76
744 709 23 55 45
744 309 68 83 81
104 639 40 53 41
104 31 79 83 79
104 833 19 31 19
104 188 48 60 52
104 93 88 95 93
104 316 84 85 85
833 551 85 93 88
833 51 31 86 68
316 452 26 67 51
316 348 51 52 52
316 115 24 61 43
316 340 62 90 85
105 24 62 96 84
105 369 36 86 37
105 501 54 56 56
105 435 10 100 44
369 529 16 70 55
369 850 83 93 93
780 249 66 95 69
780 754 67 85 69
780 761 10 48 42
780 95 90 95 90
780 339 87 91 89
780 147 64 90 71
780 684 29 83 41
107 176 28 59 44
107 507 30 92 59
107 699 27 59 33
176 520 91 94 93
176 307 54 72 65
176 812 44 67 47
507 498 83 95 88
507 25 75 85 76
699 55 10 16 14
699 529 70 89 87
108 53 67 68 68
108 450 55 85 63
110 559 52 79 68
559 440 93 95 95
559 459 21 32 24
559 103 81 99 95
559 519 31 42 34
559 763 13 34 22
111 162 73 83 83
111 676 13 48 19
111 769 68 100 93
769 536 50 75 68
112 683 63 80 71
112 701 76 80 77
112 85 40 68 54
112 578 37 44 40
112 734 15 97 20
683 610 69 73 73
683 352 11 79 23
683 158 58 78 58
701 106 53 94 68
701 617 73 74 73
701 292 29 34 34
701 4 30 41 31
701 418 36 81 64
725 527 74 82 78
725 272 89 96 91
725 384 75 82 78
746 41 64 76 75
746 694 94 100 97
746 795 71 92 85
746 580 81 95 88
746 204 27 38 35
746 779 29 34 30
746 229 52 80 57
746 592 65 92 73
746 571 58 99 71
746 492 71 89 80
746 143 35 78 59
746 74 78 100 79
527 160 56 58 57
114 833 37 92 58
114 536 95 97 95
536 675 32 43 39
536 755 65 77 75
536 89 34 74 66
743 493 20 85 57
743 330 16 51 18
743 561 77 96 87
743 328 47 64 64
743 497 93 99 96
346 597 59 70 59
346 719 14 40 32
346 487 15 23 17
515 671 16 46 25
515 219 37 87 77
515 791 84 90 90
515 694 72 83 74
515 545 19 31 25
116 838 49 96 76
116 2 31 58 49
116 22 82 85 83
116 784 92 94 93
116 668 75 82 80
116 560 59 79 76
838 45 82 93 90
838 281 19 76 50
838 533 73 86 74
784 854 64 72 69
784 622 72 98 73
784 334 41 59 46
784 250 80 92 82
560 459 13 90 21
560 814 42 100 92
560 130 36 47 36
560 23 89 96 90
560 820 11 29 27
560 253 54 80 59
560 791 35 75 73
432 134 69 85 77
119 315 11 25 22
119 236 70 95 78
119 568 40 55 54
315 218 81 86 86
315 182 16 37 18
315 320 30 46 33
315 165 54 81 63
315 39 77 82 80
315 47 75 88 81
315 490 88 96 93
236 254 74 90 84
236 507 26 40 37
236 368 36 75 39
120 712 89 93 92
120 659 30 98 43
120 683 40 84 74
120 644 71 76 76
120 286 58 95 60
712 694 69 97 85
712 447 40 87 81
712 122 19 28 27
712 541 60 97 64
659 116 50 93 77
659 284 30 70 32
659 98 46 64 53
659 479 33 67 58
659 133 80 86 85
286 311 84 88 86
286 315 69 94 76
286 560 58 81 66
286 269 57 100 65
286 799 52 100 53
286 153 39 74 47
121 471 14 71 49
121 518 48 85 80
121 498 77 98 91
121 589 92 96 93
121 522 47 95 68
471 273 53 95 67
471 853 26 48 30
471 619 55 91 66
471 505 52 66 55
471 172 61 82 66
471 777 84 92 84
518 24 20 61 30
518 281 37 64 59
518 285 72 74 74
498 193 35 49 47
498 513 38 65 40
498 712 87 100 92
589 797 85 90 85
522 782 68 88 84
522 528 75 89 76
486 782 22 47 45
486 768 94 96 96
486 582 65 74 69
486 259 58 62 61
486 345 90 94 93
618 360 68 97 85
618 282 68 84 69
618 390 65 88 76
160 329 91 97 92
771 709 57 66 66
771 161 59 60 60
771 190 45 57 49
771 423 76 84 80
771 371 68 85 73
771 803 31 34 34
759 665 53 68 62
759 618 64 90 88
759 552 23 70 27
759 840 95 98 97
123 846 59 73 73
123 9 37 78 40
123 20 78 87 81
124 396 48 54 54
124 283 40 90 80
124 733 95 100 99
124 399 27 88 47
733 176 12 28 20
733 453 53 71 61
733 231 25 71 59
733 452 29 80 71
733 381 92 100 93
733 42 11 47 42
311 747 16 34 33
311 304 67 84 81
311 539 25 72 71
311 424 87 100 99
311 238 30 79 48
334 326 30 94 39
334 274 40 97 62
126 690 20 76 67
126 852 93 94 94
126 628 65 92 77
126 46 56 63 57
126 648 51 86 53
690 828 75 87 77
690 296 74 94 78
690 510 81 93 82
690 660 77 79 79
690 435 43 80 49
852 556 54 69 57
852 474 86 94 87
852 183 16 31 29
628 196 52 54 53
628 157 93 100 100
357 314 12 37 35
357 108 71 89 88
357 432 86 94 88
357 88 72 73 72
357 10 21 61 42
235 409 56 91 62
235 208 30 50 45
235 573 27 95 31
235 840 94 95 94
592 14 32 36 36
592 650 20 40 32
592 460 88 93 93
621 11 42 45 43
621 188 89 92 90
130 190 93 95 94
130 445 39 70 44
130 436 91 95 94
445 120 43 58 55
445 264 78 82 81
445 638 53 98 84
436 454 62 87 68
436 360 19 93 53
436 35 59 70 68
436 754 12 75 48
436 633 84 97 93
436 0 92 98 97
131 649 35 76 68
131 338 18 40 23
649 461 36 98 46
649 221 87 93 89
338 37 15 54 27
338 428 90 97 95
338 672 89 91 89
338 498 70 100 79
326 826 47 71 62
326 3 52 68 56
326 510 56 73 66
423 24 29 84 75
423 557 15 59 24
423 569 57 64 58
133 79 84 85 85
613 854 46 65 53
613 735 36 98 54
595 348 60 74 64
595 287 86 87 86
742 26 34 57 47
742 329 48 49 48
577 6 95 96 95
577 333 38 67 39
641 727 34 72 69
641 80 32 62 35
641 780 49 64 50
641 291 91 92 92
641 708 94 98 94
641 243 43 78 50
641 613 83 85 83
641 674 79 98 94
136 7 46 95 86
136 502 76 84 80
136 311 84 89 86
136 270 20 80 78
136 20 89 98 96
136 449 95 100 95
136 350 60 100 62
136 585 64 71 66
270 856 85 86 86
270 527 42 92 79
270 795 48 87 53
270 750 89 100 92
449 644 37 45 40
449 233 42 65 48
449 527 11 90 36
449 15 14 32 16
449 36 17 54 22
449 119 90 95 95
350 253 41 80 70
350 645 47 66 57
585 49 72 85 80
585 387 12 91 89
138 122 80 100 85
138 406 58 79 77
138 565 23 57 32
138 422 24 74 39
138 597 58 69 62
406 643 14 25 18
406 293 43 56 45
406 173 45 97 50
406 695 71 78 74
406 188 38 95 47
565 9 43 52 48
565 314 14 69 29
565 34 78 98 87
565 487 79 95 79
597 494 64 67 66
597 433 77 91 81
597 638 27 43 30
597 481 94 100 98
597 461 76 91 82
773 681 67 85 75
773 176 65 83 70
773 577 37 67 62
773 761 93 94 94
575 412 20 80 40
575 12 23 78 40
575 262 90 91 91
575 373 70 84 71
575 434 95 98 98
601 236 75 86 79
601 135 24 93 27
601 327 23 29 26
601 772 46 95 67
601 4 52 74 69
280 210 63 64 63
280 34 30 76 72
280 619 33 37 34
280 559 49 69 57
280 851 92 97 96
140 660 83 96 88
140 700 51 95 70
140 785 81 97 82
140 115 74 91 74
660 453 82 95 83
660 5 32 45 45
660 280 94 96 95
660 756 40 98 43
660 367 70 76 73
660 549 51 69 52
700 32 21 57 32
700 448 39 87 68
785 233 79 96 96
785 612 92 99 97
141 764 95 98 96
141 8 39 90 46
764 842 83 85 85
764 832 66 69 67
764 623 47 98 57
764 628 38 82 54
764 585 34 62 47
142 755 76 85 81
755 164 31 64 48
755 787 39 64 54
143 155 93 99 94
143 634 24 52 30
155 654 15 95 15
155 432 63 86 72
155 3 67 91 90
155 628 91 94 91
155 134 63 94 89
634 260 41 77 49
634 497 24 68 42
145 426 22 37 26
145 397 71 98 87
426 660 90 96 95
397 593 28 44 41
397 322 29 52 33
397 138 68 83 82
397 675 38 96 74
147 215 11 90 24
147 800 61 89 71
147 488 18 57 33
147 724 88 97 95
147 252 64 95 66
215 38 31 85 37
215 804 42 97 67
800 720 71 98 84
800 836 88 96 90
800 655 38 85 80
800 275 88 89 89
800 672 56 57 57
800 75 47 49 47
488 500 20 97 30
488 704 61 72 63
488 459 19 89 54
488 611 12 45 14
252 42 48 83 56
252 47 67 81 69
252 690 78 89 78
252 117 23 83 50
252 659 73 93 91
252 755 32 69 36
252 607 93 99 93
252 614 53 99 82
611 770 48 52 50
611 413 77 94 93
611 600 61 68 64
150 599 34 80 47
150 78 47 87 80
599 43 78 86 80
599 561 56 75 72
151 387 77 84 84
151 167 54 69 55
387 535 10 18 11
387 271 43 78 72
387 280 59 97 84
152 808 95 97 95
152 37 59 85 72
152 723 67 80 70
152 283 59 73 63
152 131 17 56 31
808 182 25 29 29
808 650 34 72 55
808 255 34 93 48
808 286 54 91 56
808 10 69 88 70
153 403 93 96 96
153 640 67 86 70
153 189 62 76 73
403 755 71 73 73
403 308 18 76 40
154 704 83 96 89
154 648 95 100 98
154 113 20 77 44
154 403 84 97 90
654 480 61 85 68
654 319 70 99 76
654 623 58 72 68
543 720 15 91 27
543 115 57 73 67
543 728 77 79 78
543 547 29 35 29
157 461 47 61 59
157 530 70 78 78
157 571 52 74 64
157 71 91 100 93
530 186 49 61 50
530 542 51 63 61
530 377 29 68 61
571 675 11 12 12
571 492 29 34 31
571 96 45 90 45
158 97 56 70 61
158 813 28 71 31
158 217 34 43 37
158 833 12 64 23
158 237 42 73 46
158 605 57 83 81
158 521 21 39 33
158 793 33 77 70
813 543 92 94 93
813 251 49 68 56
813 400 47 92 69
237 26 88 96 91
237 432 36 42 41
237 385 69 75 71
237 307 24 73 68
237 83 42 72 68
605 563 43 85 53
605 494 73 84 78
605 707 35 49 46
605 626 74 88 80
605 346 19 81 20
521 738 87 100 99
521 399 69 94 76
521 458 19 46 37
521 238 59 80 67
521 291 92 100 96
521 226 51 70 59
793 723 81 94 83
793 240 58 76 73
159 365 85 91 88
159 51 27 36 28
159 516 27 29 29
159 235 84 88 88
365 30 46 65 60
365 790 36 91 86
365 108 76 86 83
365 366 10 27 16
365 2 30 58 30
365 431 17 63 30
329 338 39 70 67
329 765 58 95 61
329 607 87 98 97
329 266 88 99 89
329 643 28 69 32
161 385 34 56 56
161 744 73 93 76
662 793 77 80 78
662 625 81 96 85
165 570 51 76 68
165 685 88 95 88
165 102 80 85 81
165 285 37 85 50
165 748 39 94 88
165 92 26 32 31
165 81 66 82 66
163 113 86 93 87
163 540 73 98 76
163 155 44 74 51
163 20 30 81 70
163 51 52 97 61
163 260 46 87 75
163 739 54 56 54
163 106 14 88 49
163 572 66 74 68
540 123 76 87 82
540 48 24 56 27
540 42 85 89 89
540 577 64 87 82
540 332 11 93 58
260 579 63 89 89
260 3 28 46 35
260 59 41 49 41
739 428 66 71 68
739 75 14 74 23
739 788 13 49 13
739 772 86 94 86
572 432 63 95 89
572 850 17 82 19
572 664 38 61 61
572 857 83 86 85
572 784 34 92 48
572 820 12 33 13
164 22 41 84 49
164 38 64 95 76
164 498 46 52 52
164 431 42 97 79
164 608 84 88 84
164 231 63 73 68
164 346 86 88 88
431 719 30 58 43
431 851 12 61 30
231 88 70 93 70
231 300 25 81 73
570 676 17 60 33
570 720 54 81 76
285 190 42 62 49
285 554 54 96 90
748 789 93 99 99
748 480 26 54 49
748 98 16 45 28
748 445 37 45 37
748 209 82 85 84
650 857 69 86 73
650 426 72 73 73
650 181 30 78 41
650 615 81 98 94
679 59 57 73 62
679 505 29 36 31
463 482 21 72 51
584 834 93 95 94
584 539 70 80 72
584 678 31 97 88
584 412 13 62 20
584 360 33 82 47
584 67 27 58 41
584 743 86 89 87
279 520 33 47 39
168 1 58 64 59
168 674 37 85 57
168 292 42 56 51
168 744 79 92 85
674 52 16 18 16
674 168 60 91 72
674 470 28 73 47
674 542 27 30 30
674 153 15 50 35
674 729 70 81 78
674 789 28 51 39
169 295 56 65 65
169 293 45 55 50
171 849 48 94 73
171 278 48 76 73
171 168 84 87 86
171 325 64 87 86
171 811 14 56 47
171 445 95 99 97
172 494 61 94 82
494 56 94 100 98
494 215 82 83 82
494 221 18 53 26
494 565 31 39 39
241 196 46 69 47
241 29 59 64 64
241 435 90 97 93
241 820 91 98 95
241 604 12 82 56
241 742 58 83 80
241 52 83 93 88
241 659 37 90 55
175 300 49 67 63
175 166 47 90 84
175 418 70 86 71
418 391 69 96 78
418 61 72 86 73
418 406 73 79 73
520 5 54 90 88
520 226 19 42 33
520 798 20 77 76
520 162 62 97 88
307 339 14 39 16
812 174 88 98 92
812 833 60 72 66
812 621 67 73 72
812 438 48 75 62
177 355 36 76 54
177 718 34 36 34
177 111 55 63 57
177 780 51 55 55
355 317 78 98 86
355 830 32 61 60
355 87 58 81 58
355 653 52 87 71
355 662 69 80 73
718 214 22 48 29
718 221 49 99 99
718 121 82 92 83
178 86 36 66 56
178 84 43 70 68
321 794 90 92 90
321 431 34 58 41
321 3 90 99 99
321 315 13 32 23
321 286 20 42 42
222 758 56 95 69
222 124 73 74 73
222 233 60 87 71
222 651 69 78 76
222 246 36 73 63
222 589 88 100 88
364 637 71 92 78
364 770 30 100 97
364 754 86 92 92
364 83 86 90 86
364 3 18 27 27
288 74 44 62 61
288 802 68 79 72
182 820 79 84 79
182 407 54 97 77
182 208 48 66 52
182 120 15 33 15
182 106 89 95 93
182 807 44 80 47
208 723 62 84 66
199 358 62 100 80
199 156 33 85 56
199 14 46 62 50
199 437 83 96 95
184 658 74 95 90
184 660 87 93 91
185 528 28 31 30
185 21 90 92 91
185 324 46 87 54
185 345 77 92 90
528 696 23 38 37
528 206 46 59 51
186 636 82 87 83
186 408 48 100 48
186 748 86 94 93
636 38 49 93 66
636 83 76 86 85
636 14 21 73 33
408 215 48 86 86
408 307 29 36 33
187 340 27 67 36
187 693 54 64 59
187 601 58 67 67
187 132 77 98 83
563 105 95 100 96
563 143 45 89 64
563 500 52 90 79
563 186 53 64 61
717 143 76 91 81
717 2 60 72 63
261 676 30 44 40
261 832 41 58 46
261 688 52 59 59
816 420 89 100 94
816 37 41 73 55
816 492 41 86 68
816 383 87 99 93
816 447 81 91 89
816 114 84 89 85
240 192 23 84 80
240 343 19 98 81
240 400 68 93 82
240 614 35 85 84
192 828 60 96 62
192 598 29 41 40
192 418 92 96 95
192 816 59 68 60
828 829 19 95 19
828 802 49 90 70
828 493 11 52 41
193 322 12 24 12
193 845 82 100 98
322 839 80 87 87
322 545 14 28 18
322 219 36 72 36
322 539 13 20 20
322 58 45 78 73
322 176 68 73 68
322 765 22 66 30
845 790 59 84 66
845 223 17 52 25
845 328 46 82 59
845 748 54 79 61
845 6 75 78 76
845 659 63 77 67
845 121 30 98 56
845 734 75 100 81
845 826 69 93 76
853 621 78 98 94
853 380 84 100 96
853 219 87 97 94
749 148 54 95 81
749 260 39 54 49
749 474 95 96 95
697 386 74 87 76
697 383 25 60 46
697 262 41 68 60
697 649 58 96 66
697 834 37 55 55
782 653 26 95 65
782 836 19 84 71
782 73 38 43 43
782 765 58 75 70
230 3 67 95 83
230 721 88 90 88
230 655 67 92 82
230 574 29 79 40
230 231 39 81 39
230 486 24 92 33
631 676 35 53 38
631 728 26 44 33
631 705 58 97 72
631 613 15 48 26
631 340 73 86 83
631 17 51 69 57
443 154 80 89 86
443 671 92 94 92
443 794 44 54 51
437 410 61 82 66
437 386 12 72 59
200 753 95 99 99
200 83 88 100 88
200 191 65 72 70
753 442 67 92 86
753 276 82 93 87
753 661 18 74 69
753 289 51 95 56
753 684 54 93 93
753 341 52 70 52
753 297 35 97 89
753 421 94 96 96
738 654 66 96 80
738 266 13 66 31
202 746 69 90 86
202 365 74 88 77
202 291 88 90 89
202 225 85 93 89
202 656 19 34 30
202 345 52 78 64
291 173 52 85 53
291 802 34 87 47
203 372 15 92 57
203 43 89 92 92
805 608 55 76 76
805 390 39 77 47
805 381 50 91 71
805 450 62 100 91
206 819 18 68 44
206 784 56 66 62
206 584 40 97 56
206 234 14 23 23
206 24 65 97 71
206 476 60 92 85
206 59 83 93 92
819 563 40 63 50
819 402 72 87 81
819 53 84 93 87
819 388 78 100 88
819 853 62 89 70
819 615 46 52 50
819 604 63 64 64
819 173 62 73 64
234 520 43 54 43
234 279 88 99 91
234 404 82 92 84
234 382 15 20 20
425 234 72 73 73
425 674 26 71 31
425 611 63 86 71
425 808 61 70 62
371 410 18 86 80
371 629 16 96 41
371 382 52 93 89
371 186 27 53 53
371 299 18 21 20
698 52 68 98 87
698 460 81 100 98
698 263 92 97 94
698 345 29 100 77
377 552 46 50 50
377 646 54 72 59
377 71 59 79 73
377 830 53 61 53
211 359 70 95 84
211 820 55 63 58
211 565 14 26 17
211 566 71 93 77
359 136 30 63 58
359 854 40 94 88
359 330 58 76 58
359 247 20 38 38
359 682 53 68 65
359 547 70 93 73
566 27 48 73 65
566 111 39 87 52
566 290 53 65 54
566 559 48 98 72
566 612 20 47 25
212 419 33 75 37
212 106 66 85 73
419 196 49 100 89
419 361 38 71 58
419 489 93 99 94
419 479 22 42 27
419 838 71 86 71
419 661 45 69 52
804 337 50 72 69
804 390 43 70 49
804 726 24 28 27
667 185 21 97 73
667 564 54 96 57
460 335 25 85 33
460 792 41 66 57
420 653 78 88 85
420 236 18 25 22
420 37 77 93 77
219 116 89 90 90
219 233 54 82 66
219 472 19 59 23
219 152 49 61 57
219 122 91 93 93
233 596 60 68 64
233 124 17 98 79
220 75 67 90 74
220 140 45 84 73
221 793 80 89 81
221 98 28 96 49
221 602 81 97 93
221 817 50 90 59
221 650 58 95 80
602 825 51 86 83
602 621 49 63 50
602 678 24 95 34
602 499 12 91 39
602 362 26 97 61
602 374 20 71 53
602 637 41 73 63
602 381 36 50 48
758 398 61 94 77
758 270 75 80 76
758 469 92 99 96
758 685 46 47 47
651 390 32 57 48
651 287 42 95 79
651 818 79 80 79
651 225 49 76 54
223 768 13 41 39
223 170 81 82 82
223 32 19 47 29
223 89 70 95 94
223 222 38 39 39
223 117 63 84 77
223 467 46 85 80
768 588 53 81 53
768 626 74 92 91
467 239 78 93 80
467 322 50 74 68
467 847 59 94 81
224 621 60 97 60
224 312 72 91 73
312 21 25 94 70
312 704 20 58 31
312 332 31 99 95
312 723 26 92 89
312 381 78 82 82
842 41 27 41 27
842 456 89 99 91
842 706 69 82 70
842 445 42 52 50
842 176 35 46 42
226 670 23 94 26
227 83 42 70 63
227 730 30 66 61
227 155 77 100 90
227 637 47 93 80
730 512 13 28 25
730 395 49 73 65
730 842 17 19 19
730 522 68 82 70
491 396 84 97 91
491 350 15 67 49
491 661 40 65 57
491 21 53 76 68
491 285 20 79 67
491 493 53 73 68
229 314 50 93 93
229 274 78 98 87
229 522 85 98 88
229 5 51 80 67
229 694 30 95 48
229 684 75 83 78
229 90 69 79 72
274 365 80 98 97
274 373 57 61 61
274 514 35 44 39
274 722 93 95 93
274 221 35 48 39
274 707 66 74 73
274 314 30 77 41
274 526 79 80 80
684 266 33 74 37
684 18 57 83 72
684 822 33 44 42
721 650 80 86 83
721 712 89 100 91
721 780 90 97 96
721 140 51 61 55
232 664 68 76 72
232 749 53 55 53
232 47 24 89 69
232 262 36 79 51
664 533 90 97 91
664 749 25 88 73
664 83 37 67 53
664 571 73 95 84
664 686 74 99 96
664 129 91 98 97
262 351 65 85 69
262 792 87 95 90
262 604 57 74 67
404 211 86 88 87
404 695 85 100 91
404 457 71 77 77
404 80 89 92 90
404 591 65 72 68
409 648 60 87 65
409 250 77 93 91
238 852 62 86 69
238 848 80 98 88
848 255 84 98 97
848 797 57 82 57
542 629 73 77 77
542 288 19 50 43
614 798 36 44 37
614 398 15 87 49
614 347 61 72 61
614 687 29 49 42
614 667 76 93 82
242 434 68 71 68
242 312 19 49 26
242 733 67 79 67
242 198 57 67 64
242 75 68 100 98
243 52 91 96 91
243 727 92 99 99
243 765 27 100 56
243 777 17 78 46
727 220 13 50 25
727 625 26 98 44
727 298 28 44 30
727 687 52 53 53
727 842 50 79 61
765 133 31 78 57
765 414 84 97 95
765 856 62 74 71
626 638 55 69 69
626 436 17 100 76
626 840 51 55 51
626 236 68 69 69
626 297 90 98 93
626 60 55 67 67
626 682 42 60 51
681 568 41 67 49
681 530 62 87 82
681 558 26 74 56
681 349 48 60 48
248 793 19 90 53
248 228 32 59 46
248 824 75 92 92
248 854 52 91 81
854 792 74 97 96
854 2 56 60 57
854 625 78 84 81
480 13 22 68 59
480 765 65 87 65
458 133 61 92 88
458 573 65 82 80
458 223 67 96 71
458 324 33 61 48
392 237 72 95 81
392 523 74 88 76
392 502 85 96 93
392 635 23 42 39
392 841 76 89 89
392 179 67 72 70
392 473 81 98 95
395 819 89 94 90
395 670 65 68 67
395 113 66 100 91
395 167 26 72 47
395 32 58 61 59
395 454 13 98 87
395 596 89 99 96
395 186 16 98 95
395 193 82 91 85
309 517 19 65 58
309 580 84 92 91
349 633 74 97 78
349 291 22 37 33
349 815 93 98 96
349 14 85 99 96
349 168 19 79 49
729 788 95 96 95
729 350 75 85 81
729 389 38 54 52
729 195 11 96 52
729 543 51 84 69
384 273 30 51 36
384 192 30 42 32
384 523 37 66 43
607 45 31 83 39
607 244 50 93 65
607 816 68 81 71
607 699 21 41 32
255 360 66 87 74
255 827 92 94 92
360 739 69 92 82
360 546 10 88 50
360 366 26 43 37
360 515 61 65 63
360 14 25 37 29
360 149 23 97 55
360 121 73 92 87
827 239 88 99 98
827 388 40 72 47
827 122 64 74 74
827 102 64 70 66
827 722 90 100 90
827 324 79 88 82
745 280 67 74 71
745 156 53 58 57
745 683 32 70 32
257 698 57 59 59
257 838 15 61 38
258 452 68 79 69
258 802 71 76 74
452 809 69 83 83
452 761 79 87 84
452 837 81 82 82
259 240 74 82 75
259 562 26 53 43
562 308 50 66 66
562 743 59 61 61
562 756 32 34 34
562 451 89 99 97
562 370 14 87 81
832 329 55 98 70
832 323 53 69 62
832 646 55 64 57
688 99 76 94 93
688 248 55 68 61
688 1 90 97 92
264 687 49 97 90
303 239 78 95 80
303 413 82 84 82
303 792 90 91 91
303 559 43 83 62
303 415 29 31 31
642 329 67 89 85
642 520 17 28 25
642 849 95 98 95
642 581 47 66 65
642 158 41 60 54
716 807 13 22 16
716 391 68 82 74
716 547 11 82 14
716 721 95 100 96
267 809 19 20 20
267 74 32 86 56
267 581 66 86 67
267 811 35 36 35
809 437 16 61 35
809 793 87 88 87
809 502 85 99 97
809 800 55 88 60
581 1 94 97 97
581 574 58 98 59
581 141 29 79 64
581 797 72 90 81
268 656 43 86 79
269 447 95 96 95
269 120 41 100 90
269 521 80 88 82
269 776 65 72 66
269 596 65 87 71
776 129 50 94 65
776 801 83 86 85
795 91 90 97 96
795 485 44 49 49
795 49 46 70 52
795 358 59 90 86
795 404 46 69 63
750 561 39 89 51
271 503 58 74 59
271 172 84 94 93
503 641 44 45 45
503 270 51 84 66
503 486 30 31 31
503 812 47 73 69
503 560 70 87 78
373 223 40 88 62
373 644 85 88 86
514 546 26 88 49
514 195 41 63 50
514 763 56 83 76
722 477 65 99 97
526 248 32 66 58
526 668 53 86 70
526 818 26 50 29
526 722 38 40 39
526 156 83 98 89
276 815 92 99 93
276 123 31 33 33
276 38 12 56 33
276 792 50 61 52
276 267 46 74 53
815 384 52 60 59
815 231 33 93 80
815 81 41 87 80
815 549 27 34 30
277 222 25 30 30
277 49 37 53 42
277 307 57 68 57
277 507 31 97 59
619 819 30 79 72
619 404 41 82 54
619 298 90 98 97
619 5 94 99 94
619 444 47 52 49
619 649 43 64 55
619 659 33 95 65
851 669 87 88 87
851 378 73 91 90
851 767 73 86 86
281 672 47 61 52
281 575 15 54 36
281 712 63 90 74
672 335 62 74 74
672 585 46 100 60
672 824 55 93 72
672 625 22 59 30
672 532 37 62 45
672 225 78 95 79
282 438 87 88 88
282 425 74 91 90
282 822 73 76 73
282 717 68 83 75
284 704 18 30 28
284 372 51 89 81
284 482 60 62 62
284 842 45 80 69
284 827 95 97 95
554 176 84 98 94
554 221 86 99 99
289 575 20 71 45
289 83 85 95 87
541 640 59 76 60
541 786 11 15 13
541 649 53 60 59
541 135 26 94 63
541 342 45 68 45
477 480 95 96 96
477 399 12 78 67
477 731 48 87 72
299 786 91 95 91
299 748 55 85 72
299 126 91 99 95
299 700 17 75 55
299 194 43 59 47
299 545 59 63 59
786 787 40 83 49
786 651 60 64 61
786 71 17 29 19
786 559 61 66 61
786 269 92 95 93
545 430 95 98 95
545 628 11 15 11
545 473 49 69 68
545 324 95 98 96
302 161 33 96 64
302 51 32 41 35
415 780 89 92 92
415 366 29 55 49
415 255 65 86 82
415 165 93 97 93
415 418 20 29 29
415 194 72 78 77
304 574 61 68 63
304 66 19 61 42
304 855 71 80 79
627 484 78 83 82
627 782 32 68 64
627 108 51 60 58
627 467 66 68 67
313 306 68 85 79
313 389 76 88 79
313 270 20 75 59
313 287 56 64 63
313 698 56 96 83
313 838 11 14 14
306 796 88 100 91
306 786 53 85 61
796 151 31 50 42
796 595 11 72 68
339 747 15 23 21
339 355 31 98 58
339 723 40 91 73
308 700 38 58 56
308 768 19 39 30
308 563 58 76 60
308 541 70 93 88
580 668 51 53 53
580 675 34 62 60
580 379 60 92 78
747 448 13 66 53
747 400 92 95 95
747 156 48 89 49
747 511 14 77 47
747 496 86 96 91
747 582 59 65 64
332 180 70 92 80
381 61 26 99 43
381 721 34 51 42
381 609 75 94 76
389 695 16 34 34
389 775 18 42 20
389 623 24 37 31
389 641 25 37 30
389 407 70 90 86
389 26 14 69 31
389 474 10 14 10
620 514 22 85 53
620 88 93 96 93
620 831 67 100 79
490 691 87 97 89
490 654 82 92 91
490 323 12 43 40
490 304 12 46 46
490 718 68 70 70
490 61 55 94 83
348 404 14 50 44
348 674 40 50 45
317 149 70 84 74
317 164 50 95 73
317 386 74 83 75
317 320 52 67 67
317 682 25 57 51
386 406 95 97 95
386 801 38 78 67
386 674 83 94 86
386 334 88 99 89
386 518 46 87 69
386 838 34 68 63
682 340 21 55 26
682 413 94 100 97
682 194 66 94 72
682 333 71 98 89
682 605 91 94 91
682 760 55 65 64
319 30 90 97 90
319 615 18 78 21
319 701 45 58 47
319 475 53 70 55
319 314 22 81 24
615 574 76 77 77
615 627 73 85 73
615 537 94 96 95
489 432 22 87 80
489 405 76 82 77
489 563 47 66 55
489 97 37 86 63
489 829 54 62 57
772 395 56 71 61
772 467 36 55 50
772 782 92 95 92
772 328 91 96 96
772 320 13 21 17
839 29 43 44 43
839 819 61 100 80
839 298 25 98 62
510 671 15 25 25
510 257 64 86 66
510 560 34 58 51
510 279 77 94 88
510 184 56 59 58
510 98 45 92 58
510 733 65 99 92
327 762 47 73 57
327 202 84 90 85
327 507 20 23 23
327 705 66 92 77
762 841 41 94 46
762 604 12 13 13
762 122 48 96 81
762 681 69 92 89
762 350 79 88 88
762 541 48 86 82
762 529 91 96 95
705 395 41 100 61
705 667 50 85 55
705 231 95 96 95
705 163 68 74 70
705 335 70 89 72
705 304 63 79 75
328 649 88 98 97
330 745 21 67 65
330 575 67 83 73
330 446 86 91 86
330 367 28 89 55
367 189 75 80 78
367 211 16 95 49
367 326 25 100 43
367 246 27 80 63
347 90 20 69 49
347 300 61 100 94
347 514 51 95 93
347 323 15 36 15
663 290 86 94 89
663 707 15 100 15
686 854 36 83 77
686 503 59 80 68
686 768 12 46 39
531 294 43 69 56
531 830 45 55 45
531 209 66 87 67
398 477 24 67 45
398 490 28 77 29
398 483 75 87 79
398 38 19 97 36
398 104 39 74 51
337 424 59 97 73
337 310 21 76 58
337 835 80 92 90
337 536 95 100 95
337 667 73 94 79
337 689 49 54 49
337 84 82 98 97
689 763 25 76 27
689 556 19 28 20
689 810 31 72 31
689 96 30 54 41
689 542 75 97 76
689 528 52 87 57
689 344 91 97 92
428 448 23 50 49
428 10 11 46 46
500 193 89 93 89
500 307 10 62 18
500 631 76 95 91
512 389 91 94 92
512 815 65 88 79
512 411 67 98 73
512 446 20 47 29
512 139 29 97 42
512 829 23 38 27
633 404 18 99 65
633 458 13 43 39
633 760 28 35 28
633 537 37 43 38
582 645 84 86 84
582 333 65 78 75
582 408 80 98 93
354 525 44 95 79
354 540 52 80 79
653 278 92 100 100
653 798 45 68 60
653 772 75 77 76
653 659 72 79 78
653 409 19 35 21
825 761 33 93 53
825 379 43 87 72
457 424 69 77 73
457 156 32 46 44
457 245 38 76 60
457 853 52 66 62
710 774 11 31 29
710 376 72 83 81
710 277 51 87 76
710 581 13 99 32
547 47 37 67 56
547 367 95 99 97
547 124 63 79 75
547 818 69 90 86
546 349 56 61 58
546 90 88 98 97
546 667 90 96 93
546 6 41 78 60
546 698 51 78 52
546 637 77 97 90
546 819 20 56 30
546 103 38 76 67
546 435 47 48 48
546 481 12 73 30
546 655 55 62 55
366 819 83 92 91
366 477 53 99 82
366 406 30 71 54
810 193 51 100 80
810 477 71 86 71
810 129 81 85 82
770 70 32 63 36
770 215 88 92 90
790 397 18 81 40
790 590 13 45 18
790 162 66 69 66
790 405 82 85 82
850 182 85 95 89
850 797 58 100 87
850 5 18 42 18
850 311 92 100 94
370 840 64 94 89
410 311 18 32 27
410 472 50 54 51
410 645 41 77 46
629 438 86 99 96
629 139 11 90 36
629 746 14 72 64
374 85 59 77 71
374 169 51 94 54
374 783 63 76 63
374 402 33 58 40
374 196 78 96 85
374 174 52 99 65
374 225 32 33 32
374 76 40 51 45
374 636 76 82 82
374 648 44 74 51
402 713 55 64 62
552 26 49 56 50
552 420 17 82 23
552 635 43 67 59
552 298 50 88 88
378 562 28 42 37
378 227 83 88 86
379 709 31 71 52
379 412 41 66 57
412 235 49 78 69
412 520 20 73 61
412 570 65 86 79
412 439 63 93 69
380 557 67 92 71
380 36 20 65 44
380 196 64 95 80
557 214 55 56 55
557 448 33 57 55
557 318 10 14 11
557 43 40 74 71
557 681 48 99 56
557 277 60 97 90
609 623 18 41 37
609 92 33 98 74
609 447 83 92 92
383 31 17 71 36
383 589 35 69 57
383 826 85 94 93
383 621 69 73 73
383 643 13 37 16
523 374 13 14 14
523 516 30 69 51
523 116 80 98 82
523 318 46 64 53
523 225 51 60 60
439 744 89 91 89
801 431 80 94 84
801 684 55 67 66
801 81 71 95 81
801 648 58 98 90
741 203 44 58 45
741 94 90 96 94
695 459 10 47 22
695 64 65 76 76
623 661 90 100 92
623 677 57 72 58
474 602 88 95 91
474 638 62 91 77
474 696 74 78 77
474 813 91 93 93
474 193 35 36 35
390 676 95 96 95
390 857 63 95 77
390 116 39 48 43
390 613 18 71 57
857 579 30 44 40
857 402 61 96 83
857 824 33 41 38
857 5 54 96 96
857 38 57 84 66
391 587 82 88 85
391 483 60 80 70
391 474 83 88 83
587 743 65 100 91
587 437 39 87 65
587 531 33 80 71
587 241 10 50 26
587 561 61 66 66
587 145 27 44 28
587 78 95 96 95
635 34 56 81 65
635 701 26 47 27
635 761 67 88 72
635 470 87 91 90
635 433 65 96 84
473 105 20 23 21
473 610 28 97 88
473 170 65 98 95
473 478 74 76 76
473 757 17 99 81
394 331 28 81 41
394 824 80 98 84
394 752 65 93 69
394 800 42 100 52
394 760 82 87 87
752 444 18 55 52
752 162 55 71 62
401 40 87 96 88
401 105 26 47 42
401 284 94 96 95
401 764 92 100 95
401 597 31 92 42
401 368 66 97 94
401 341 80 93 80
713 259 53 63 54
713 187 90 92 90
713 706 58 84 79
713 193 94 96 95
713 627 83 100 96
591 793 89 94 91
591 634 23 97 69
591 742 60 79 74
511 396 69 72 71
511 447 61 70 67
511 275 18 34 34
544 104 87 90 87
544 222 42 74 43
544 173 90 100 96
544 606 51 89 77
544 393 75 91 80
414 27 68 85 84
414 83 14 15 14
414 416 42 47 42
414 276 75 86 80
479 336 70 84 76
479 502 55 66 55
479 441 90 91 90
661 651 80 93 80
661 753 76 91 76
661 1 70 75 73
427 340 80 85 80
427 740 11 57 16
427 364 92 100 99
427 374 75 82 76
740 513 94 98 97
740 13 76 90 81
740 258 26 78 65
429 417 34 81 64
429 776 23 71 66
429 301 68 89 72
429 454 20 90 36
429 200 22 24 23
430 0 48 69 67
430 824 63 71 71
430 220 18 63 39
430 368 13 36 20
430 503 61 84 71
430 283 40 55 44
430 150 89 100 94
781 813 56 98 73
781 75 55 89 68
781 765 12 15 12
781 254 56 72 70
703 168 21 67 50
638 70 23 69 33
600 216 27 68 33
600 30 73 84 79
600 620 88 89 89
837 594 45 89 74
453 753 46 85 80
453 146 61 68 64
453 52 55 99 83
798 692 65 99 71
798 233 10 12 12
462 662 46 50 48
462 847 70 98 75
484 349 48 62 53
465 382 87 96 89
465 123 64 98 85
465 699 45 64 61
465 709 42 55 53
465 368 17 88 31
465 583 91 98 98
465 836 80 92 83
583 455 87 94 93
583 90 60 68 65
583 93 55 66 55
625 258 68 94 87
625 447 77 84 79
625 349 37 94 58
625 455 62 96 83
625 180 53 62 62
625 601 40 52 44
625 153 66 69 66
470 156 40 70 52
470 741 26 86 55
610 79 21 63 34
610 519 80 82 80
610 789 54 68 65
478 372 16 36 33
478 408 85 99 86
478 582 14 34 34
478 780 48 70 50
757 263 11 73 70
757 277 30 95 38
757 735 86 95 90
757 232 71 96 88
757 387 16 56 55
696 446 76 77 77
696 699 78 89 82
696 740 90 93 91
696 566 27 93 62
481 53 65 66 66
481 293 56 93 92
481 580 86 92 91
481 370 71 76 76
481 660 90 95 93
481 476 17 34 17
678 427 63 82 71
673 700 41 79 42
673 561 32 69 40
673 31 62 77 64
673 806 41 84 84
673 776 30 40 38
829 532 40 45 44
829 578 23 69 40
495 768 69 75 72
495 360 41 66 52
495 188 10 82 18
496 825 20 61 47
496 260 89 92 90
496 3 34 41 37
858 61 44 89 48
858 588 62 76 62
858 33 60 68 61
858 338 65 69 67
513 752 84 94 94
513 92 17 44 25
513 483 75 80 75
513 451 84 89 88
513 287 46 48 46
513 84 83 100 87
513 109 49 68 55
499 794 89 96 93
779 339 43 81 70
506 488 54 70 61
509 421 54 69 54
509 597 63 93 73
509 93 54 62 61
509 733 57 66 66
630 73 82 87 87
630 611 74 92 78
630 520 40 94 40
714 839 90 95 93
714 7 37 40 39
714 348 61 64 63
714 824 22 43 34
714 30 39 48 43
818 89 34 56 44
818 458 68 73 71
537 536 55 68 67
537 793 74 99 75
844 473 58 67 59
844 675 87 90 88
844 597 50 100 65
844 566 70 87 83
844 409 11 25 25
844 651 60 87 76
728 287 43 82 64
728 474 10 35 22
728 183 39 99 42
728 65 54 86 66
728 300 10 29 13
549 385 76 84 81
549 132 80 85 84
549 661 94 95 95
549 778 46 81 69
778 167 21 44 42
778 569 73 85 76
778 240 80 87 83
778 550 94 96 96
555 458 84 94 86
555 579 72 92 73
555 582 25 92 90
555 630 78 86 84
555 522 95 98 98
555 352 35 75 55
555 247 58 88 75
756 656 51 89 65
756 512 41 72 64
756 234 77 86 83
564 785 27 49 37
564 448 33 54 38
564 584 79 86 80
564 100 70 76 75
831 500 90 100 96
831 478 11 18 11
586 157 23 87 27
586 142 47 82 69
586 425 33 61 43
588 193 36 67 59
588 208 79 91 81
588 67 10 47 31
594 507 20 81 26
594 293 29 38 33
594 613 63 65 63
594 187 47 89 73
666 278 75 91 83
666 177 59 68 61
666 26 77 92 80
735 674 23 91 62
735 856 35 87 80
616 555 85 91 91
632 829 29 87 42
632 343 63 72 70
652 659 34 92 67
652 559 35 90 61
652 556 39 74 67
652 475 26 73 49
806 303 20 23 22
806 528 28 70 69
806 435 45 83 77
806 20 66 97 75
680 278 18 73 33
680 358 37 80 66
680 229 23 39 33
680 316 33 40 34
692 65 27 97 28
692 776 46 69 55
692 565 77 94 94
692 51 35 72 70
706 548 53 89 59
706 349 65 87 68
706 588 60 87 67
706 17 81 82 82
726 839 11 58 17
787 573 37 64 63
787 82 44 76 76
843 718 92 100 94
843 457 66 99 83
843 663 54 96 90
843 419 17 21 17
0 858
