100 270
0 76 86 93 91
0 74 63 81 77
0 20 56 91 91
0 9 78 98 81
0 71 26 37 36
76 37 37 87 87
76 47 83 97 94
76 57 76 84 83
76 54 34 81 50
20 55 45 58 49
20 61 55 91 82
20 89 13 27 14
9 82 76 93 85
9 83 14 75 26
9 20 31 59 55
71 72 44 99 44
71 38 47 50 50
1 59 13 27 13
1 73 11 50 15
59 94 24 40 38
73 6 56 63 56
73 88 75 87 85
73 65 47 94 49
73 29 93 94 93
2 27 31 78 31
2 50 24 63 46
2 12 10 29 11
2 40 94 100 94
27 94 29 30 29
27 93 30 87 46
27 2 16 43 18
50 3 48 95 81
50 66 90 97 91
40 87 66 95 87
40 42 52 95 76
40 89 84 86 84
40 55 48 50 50
3 24 27 76 74
3 16 26 49 28
3 52 51 59 57
3 37 70 98 93
3 93 89 94 89
24 74 62 73 72
24 69 72 99 82
24 19 11 39 24
24 59 90 92 90
16 56 32 66 59
16 67 72 98 74
52 83 62 72 66
52 36 37 82 65
37 22 66 82 66
37 47 27 39 31
37 25 47 54 50
93 65 51 87 80
93 49 82 89 85
4 75 92 94 94
4 78 13 98 61
4 40 92 100 94
75 99 85 97 88
78 71 34 75 43
78 50 23 95 48
5 98 82 92 85
5 10 79 81 80
5 15 34 74 68
5 9 32 35 35
5 52 74 78 75
98 70 64 67 65
98 65 12 66 28
10 84 35 94 71
10 81 20 25 25
10 77 78 95 90
10 36 57 90 83
15 4 60 61 61
15 55 60 91 85
6 91 16 45 38
6 76 23 95 34
6 20 28 85 52
6 22 49 93 50
22 94 46 63 51
22 77 76 90 81
22 79 43 90 83
22 8 39 78 76
7 25 23 61 54
7 28 47 99 47
7 78 88 89 89
25 63 83 93 89
25 19 67 79 69
8 90 85 97 87
8 75 11 93 28
8 19 57 96 74
8 70 31 60 35
8 47 56 66 60
8 83 30 43 40
90 28 24 70 70
90 43 77 94 79
90 81 93 98 93
90 7 18 81 63
90 20 95 97 95
90 88 34 76 75
90 84 72 99 79
90 74 64 92 68
19 99 10 87 31
19 10 81 97 93
19 51 35 36 36
70 45 58 65 59
47 80 44 82 49
47 96 15 44 18
47 74 79 93 89
83 48 45 59 52
83 40 85 100 100
83 0 87 92 92
82 71 21 47 25
82 10 39 41 41
82 76 33 77 56
82 44 55 91 80
82 3 33 85 44
84 48 10 20 20
84 51 22 40 25
84 13 75 88 85
81 47 70 92 76
81 44 82 87 85
81 25 39 51 42
77 61 25 82 53
77 56 91 92 92
77 50 53 79 76
77 82 73 95 81
11 86 24 87 39
11 22 51 92 67
11 84 30 87 47
86 95 61 63 62
13 32 44 58 50
13 93 63 74 72
13 37 23 36 24
55 84 73 85 74
55 17 55 80 55
56 54 10 91 84
67 86 80 89 81
67 79 48 58 52
17 71 64 88 71
17 89 90 95 93
89 86 48 80 49
89 96 85 94 85
89 69 22 89 30
51 68 27 49 40
51 23 70 75 75
51 92 18 51 29
61 48 58 72 59
61 20 13 82 35
61 73 12 61 21
21 26 56 98 75
21 45 35 85 37
21 95 11 44 14
26 54 25 97 47
26 67 28 100 45
26 8 50 85 73
45 83 23 90 55
45 61 78 96 86
95 24 29 44 41
95 87 56 82 79
94 4 88 90 88
94 44 35 85 46
94 23 48 67 61
94 87 55 86 78
79 15 16 22 22
79 62 65 77 77
23 93 12 70 49
23 92 34 80 38
23 12 52 94 83
23 33 35 55 43
23 55 90 100 94
92 82 51 74 66
92 65 63 65 65
92 29 20 52 47
33 39 57 89 89
33 96 77 96 90
69 24 15 69 57
54 60 33 100 44
54 85 55 94 89
29 15 12 50 45
29 18 86 92 86
29 48 21 96 87
29 87 57 80 57
29 56 19 44 26
29 25 15 90 67
29 34 75 83 82
48 3 28 39 29
48 27 52 97 63
48 32 24 93 25
87 94 55 77 66
87 52 39 91 90
87 14 85 91 88
87 53 28 90 70
34 65 46 52 49
34 30 60 78 78
31 82 17 33 21
31 33 46 69 61
39 89 71 88 82
96 34 56 72 69
96 63 85 91 87
96 26 69 73 69
96 42 16 23 21
35 16 59 81 61
35 64 14 46 45
35 47 84 94 90
64 75 15 53 47
38 91 60 91 64
38 28 70 75 70
38 15 86 98 87
38 51 49 58 52
38 21 52 99 86
38 39 68 79 72
42 33 24 95 90
42 51 75 80 80
42 43 14 90 61
42 1 59 87 81
41 58 15 38 29
41 27 90 92 92
41 61 43 62 58
58 86 59 70 59
58 2 31 95 37
43 86 16 91 49
43 70 38 60 38
43 41 81 82 82
44 38 80 100 99
44 78 38 41 38
44 5 91 93 92
46 25 54 57 55
46 64 86 94 87
46 31 59 84 70
46 49 74 94 80
46 50 55 89 73
46 20 53 68 64
49 11 49 66 49
49 74 76 78 77
80 14 10 43 39
66 78 20 53 29
66 41 47 61 56
66 50 41 44 41
68 39 15 92 22
68 62 54 69 63
68 51 23 79 54
68 95 55 74 55
68 96 71 78 77
68 41 18 45 37
68 21 57 86 82
68 32 31 89 54
68 23 46 89 81
53 42 47 80 62
53 35 93 96 93
60 83 16 98 65
60 2 38 80 62
60 74 14 16 15
85 53 22 75 75
85 71 57 93 86
57 87 47 73 68
57 66 10 83 53
57 61 15 20 20
57 90 91 93 91
62 69 86 90 90
62 98 21 28 23
72 90 41 52 51
72 39 74 79 74
72 10 39 83 58
88 15 20 32 22
88 92 62 94 94
88 18 60 65 60
88 34 48 66 58
88 44 77 85 85
97 35 92 97 92
97 64 58 76 60
0 99
