43 96
0 39 42 89 69
0 12 17 53 48
39 32 87 99 88
39 18 84 88 86
39 27 49 86 62
39 29 26 62 39
12 13 40 45 41
12 1 86 95 95
1 27 81 96 91
1 12 24 75 24
1 34 15 61 25
27 16 11 55 28
27 34 59 94 92
27 40 12 90 19
27 2 73 87 78
27 28 71 75 74
34 32 34 49 35
34 7 26 51 49
2 39 70 83 74
2 34 14 36 34
3 17 89 92 89
3 33 44 62 45
3 30 73 99 81
3 19 22 83 67
3 34 37 96 62
17 0 81 96 90
17 10 46 95 58
33 23 69 75 69
33 40 69 97 96
30 42 48 93 68
30 21 39 96 45
30 23 78 85 83
30 10 74 99 99
30 18 65 81 80
30 27 12 25 22
19 4 77 92 88
19 35 27 55 46
4 22 35 91 52
4 13 85 89 89
22 23 47 92 61
22 1 41 42 42
5 37 50 69 54
37 17 26 78 35
37 8 79 92 91
6 17 91 93 91
6 22 47 74 72
7 32 55 97 66
7 18 26 53 34
32 29 29 88 88
18 9 17 40 40
18 38 51 95 65
8 30 94 95 94
8 23 20 48 42
8 9 79 90 89
23 30 27 47 46
23 12 80 93 90
23 1 69 93 88
10 14 48 69 65
14 37 12 85 78
14 39 44 94 86
11 0 34 56 38
15 28 26 45 39
15 9 37 41 40
15 30 22 95 26
15 10 20 65 64
28 15 11 74 72
28 27 38 44 39
16 15 93 94 93
38 41 78 80 79
38 37 62 94 86
38 33 36 89 70
35 9 69 86 73
20 25 16 86 50
20 14 44 77 56
20 5 87 89 89
20 28 95 96 96
25 5 41 98 73
25 41 17 25 24
25 9 70 89 81
21 42 24 75 61
21 23 89 93 91
21 1 45 58 52
42 5 34 52 48
24 7 45 75 58
24 23 87 97 87
41 2 93 98 97
41 4 68 87 76
26 20 49 57 55
26 16 80 94 91
40 31 74 84 77
40 33 26 67 26
40 1 37 38 38
29 30 87 99 97
29 20 65 95 78
29 23 55 62 59
36 29 68 77 76
0 42
