892 2648
0 71 40 68 65
0 41 39 78 64
0 89 23 79 43
0 825 21 51 26
0 578 27 88 66
0 57 22 28 24
0 808 30 72 54
0 612 42 71 44
71 311 25 62 26
71 767 89 92 91
71 781 59 65 65
71 141 13 72 71
71 34 27 52 51
71 644 34 40 37
41 241 41 78 62
89 738 40 99 71
89 635 29 56 30
89 351 63 94 71
89 417 84 89 85
825 567 48 49 49
825 525 35 85 40
825 140 66 85 70
825 281 38 65 49
825 419 20 36 34
825 749 61 93 64
825 124 17 56 30
578 331 64 74 64
578 363 15 84 75
57 203 81 90 88
57 879 26 55 26
57 282 79 90 81
808 273 73 77 73
808 458 22 39 38
612 250 78 82 80
612 562 64 90 68
612 696 51 68 51
612 445 71 74 71
1 307 17 67 31
1 865 23 40 34
1 490 10 39 26
1 409 62 77 69
1 676 67 76 73
1 204 49 100 56
1 788 89 94 89
307 467 26 94 70
307 39 91 93 93
307 824 12 34 22
307 731 87 91 91
307 371 92 95 94
865 556 81 87 86
865 646 65 76 76
865 265 32 79 50
490 465 70 90 80
490 611 13 36 25
409 49 82 85 85
676 696 28 30 28
676 328 22 37 24
676 452 87 98 92
676 803 13 25 25
204 61 44 93 54
204 874 70 71 70
2 415 22 71 29
2 634 32 99 92
2 655 69 96 95
415 127 88 89 88
415 671 86 96 91
415 577 94 100 96
3 787 50 78 68
3 465 79 89 87
3 189 13 53 22
787 33 24 34 29
787 101 62 67 63
787 397 17 49 40
787 307 62 79 78
787 746 16 23 23
787 215 29 48 33
465 858 44 77 60
465 619 11 13 13
465 288 89 94 94
465 660 45 80 71
465 711 15 63 17
189 132 13 36 19
189 619 12 60 13
189 868 57 94 78
189 293 62 67 65
189 621 57 60 57
4 741 34 71 37
4 318 90 98 91
4 284 24 84 41
741 20 24 82 69
741 143 31 36 34
741 629 33 69 37
741 462 36 62 58
741 423 75 94 81
741 654 81 84 84
318 747 75 100 75
284 192 14 96 77
284 847 92 96 93
5 286 57 83 59
5 294 86 91 87
5 646 70 73 72
5 629 85 99 87
286 466 20 49 45
294 126 43 62 57
294 280 85 97 96
294 498 43 78 47
294 253 60 76 72
646 219 63 89 81
646 34 58 77 71
629 833 82 92 89
629 606 38 47 38
629 427 95 100 98
6 808 59 79 73
6 314 55 87 73
6 276 46 55 55
314 143 24 83 57
276 28 42 43 42
276 102 30 79 77
276 568 24 39 26
276 248 66 89 75
276 321 34 85 54
276 64 81 85 81
7 197 28 82 81
7 889 40 64 60
7 435 41 50 49
197 67 30 32 30
197 434 23 77 69
197 465 28 29 29
889 114 35 70 44
889 702 15 36 17
889 117 60 84 77
889 158 33 62 44
889 402 33 92 48
435 92 23 43 24
435 345 17 97 59
8 62 93 98 96
8 859 88 96 95
8 134 59 74 71
8 176 23 98 29
8 131 61 68 65
8 563 89 91 90
62 66 64 98 98
62 585 45 84 80
62 849 35 59 43
62 205 21 51 39
62 785 65 89 69
62 720 60 88 74
62 437 90 92 92
859 481 15 31 18
859 388 68 94 87
134 448 91 99 94
134 860 33 86 51
134 266 16 46 28
134 478 82 83 83
134 665 71 77 77
176 497 84 98 97
176 753 65 95 72
176 397 31 78 42
176 890 48 80 67
131 389 57 88 60
131 129 21 24 22
131 422 62 64 64
563 577 81 88 88
563 441 70 75 73
9 10 13 48 13
9 838 63 93 79
9 277 81 97 89
9 84 81 95 83
10 669 14 55 15
10 232 31 99 54
10 798 95 100 95
10 307 93 100 96
10 101 41 50 46
10 373 70 76 73
838 847 14 68 49
277 393 54 98 90
277 708 43 83 52
277 780 33 96 76
84 6 54 99 63
84 384 41 82 53
84 707 95 98 96
84 23 49 81 55
84 351 10 66 38
84 815 21 64 37
669 637 60 64 64
669 351 77 79 78
232 665 74 83 75
232 38 48 68 50
798 177 59 63 59
101 35 56 60 58
101 885 31 96 62
101 740 38 46 41
373 694 31 74 51
373 408 32 83 42
373 283 37 59 48
373 82 34 69 42
11 228 30 79 73
11 518 80 89 80
228 700 23 36 26
228 276 88 89 89
228 630 73 85 83
518 626 84 97 87
518 386 49 55 52
518 318 48 71 53
12 323 18 48 33
12 580 47 90 84
12 807 72 85 74
12 535 46 75 73
12 493 87 96 91
323 626 92 95 92
323 336 67 93 75
580 50 37 82 64
580 77 18 30 20
807 298 17 20 17
807 642 94 99 99
807 158 20 88 51
807 668 64 80 77
535 85 41 70 47
493 399 45 87 51
493 558 46 73 55
13 700 30 43 39
13 885 53 78 78
700 127 61 84 77
700 881 17 21 20
885 656 25 99 75
885 337 84 87 86
885 295 46 50 48
885 880 83 97 89
885 853 17 87 57
885 675 22 51 27
14 311 75 87 85
14 863 91 96 95
14 890 93 99 99
311 337 68 100 85
311 695 83 84 84
311 887 62 87 64
863 683 18 29 24
863 637 35 76 48
863 729 58 65 58
890 134 91 95 95
890 656 44 63 51
890 517 70 80 77
890 777 65 79 73
15 589 74 85 77
15 255 68 89 70
15 530 32 60 53
589 811 31 41 38
589 351 72 79 72
255 878 53 78 63
255 373 29 72 62
530 738 58 88 87
530 54 68 93 84
530 874 56 78 60
530 770 49 90 86
530 458 69 93 80
530 808 89 93 92
16 238 27 60 46
16 330 59 69 63
16 367 82 93 88
238 292 74 87 77
238 188 84 87 87
238 739 82 87 85
238 518 76 84 84
238 772 41 71 57
330 597 19 97 96
330 810 87 100 96
330 23 71 72 71
367 523 92 93 93
367 245 86 99 99
367 526 32 41 39
367 536 44 83 81
17 93 91 95 91
17 212 74 83 81
17 312 51 78 63
17 463 27 75 53
17 103 56 76 60
17 349 33 76 53
17 495 68 100 91
93 637 12 87 18
93 58 65 75 69
93 839 21 96 33
212 350 13 44 33
212 753 18 94 28
312 770 51 81 63
312 264 75 95 86
312 131 65 92 89
312 127 71 90 82
312 429 10 21 20
312 759 65 76 76
463 453 92 100 94
463 891 77 97 86
463 773 36 42 37
103 246 31 68 36
103 242 38 88 69
349 485 51 60 51
349 430 79 94 88
349 448 31 47 41
349 829 46 66 62
495 359 69 90 78
495 291 40 45 42
18 689 69 75 70
18 711 70 88 85
18 405 56 62 58
689 649 18 70 59
689 314 31 86 60
405 95 82 87 82
405 168 37 99 64
405 275 29 83 33
405 590 19 31 27
405 279 66 89 70
19 854 81 96 89
854 615 72 73 72
854 769 83 99 89
854 470 84 86 85
854 337 30 45 40
20 714 15 82 51
20 847 95 99 96
714 871 40 57 54
714 701 36 93 68
847 574 36 71 68
847 147 40 44 44
21 29 20 36 30
21 618 56 98 78
21 675 34 44 42
21 164 69 90 69
29 784 67 75 67
29 565 32 34 32
675 392 65 94 89
675 577 94 100 99
675 503 17 43 23
675 730 74 84 75
164 266 42 85 83
22 488 33 47 46
488 148 28 37 37
23 144 81 91 87
23 499 51 73 51
23 65 71 100 73
144 670 30 82 65
144 186 51 88 71
144 74 80 96 91
144 632 89 96 93
499 265 12 54 21
499 283 35 55 43
65 874 58 91 58
65 151 40 51 49
65 594 73 97 95
24 803 79 90 81
24 661 60 69 69
24 204 59 91 87
803 55 46 52 46
803 427 74 76 76
661 138 35 55 47
661 242 83 91 85
661 260 23 93 88
661 770 60 94 64
661 49 74 79 74
25 461 34 92 85
461 417 72 79 76
461 404 95 96 96
461 781 90 99 99
461 774 26 87 32
26 35 15 82 54
26 864 62 96 64
35 493 52 84 71
35 290 36 49 47
864 396 59 76 61
864 102 13 31 26
27 238 71 77 74
27 377 15 39 15
377 747 45 58 49
377 164 46 75 54
377 504 17 29 27
28 611 33 52 41
28 565 32 80 71
611 23 42 63 47
611 667 64 66 65
611 808 88 92 89
565 503 74 75 74
784 221 68 70 70
784 1 41 79 78
30 140 86 98 97
30 264 23 63 37
30 259 70 82 76
30 202 63 87 80
30 770 42 58 48
140 273 29 47 42
140 849 91 97 91
140 777 40 68 54
140 590 78 85 82
140 176 17 32 17
140 30 19 60 34
140 492 76 81 76
140 289 16 46 25
140 891 28 80 67
140 28 30 79 30
264 442 35 80 66
264 843 68 69 69
264 32 81 85 83
259 488 18 31 24
259 118 35 36 36
770 130 13 48 27
770 428 56 86 78
770 1 36 98 44
31 656 94 98 97
31 331 90 93 90
31 502 75 96 84
656 21 23 72 42
656 243 82 93 82
331 240 33 86 71
331 222 60 83 83
331 518 23 45 28
502 353 21 26 23
502 812 77 81 78
502 613 81 86 83
502 373 17 46 40
502 158 55 84 55
32 193 88 93 91
32 1 89 96 92
32 889 65 96 73
193 727 19 43 21
193 871 54 68 64
193 789 76 99 92
193 432 59 76 71
193 170 29 57 41
33 380 89 93 90
33 435 29 57 48
33 503 39 49 40
380 789 32 59 33
503 335 24 39 34
34 116 10 54 18
34 870 68 79 77
34 541 47 95 52
34 753 26 65 52
34 465 79 88 82
116 475 91 98 92
116 546 35 82 77
870 15 19 48 38
870 717 57 96 88
870 407 16 75 64
541 80 34 56 47
753 700 24 76 62
290 552 36 74 55
290 233 69 86 79
290 421 68 88 80
290 99 82 95 92
36 344 59 64 63
36 587 16 62 61
344 411 66 75 70
587 543 73 91 75
587 271 34 95 60
587 635 39 62 58
587 739 52 55 53
37 234 38 58 49
37 402 63 78 65
37 718 95 97 96
234 458 89 98 93
234 111 31 83 47
234 90 30 46 38
234 148 54 94 70
402 32 11 92 20
718 574 19 30 26
718 555 88 93 88
38 524 42 51 43
38 716 80 93 84
524 861 54 96 90
524 364 55 78 73
524 887 56 79 79
524 398 59 100 74
524 220 28 90 71
524 286 74 80 75
716 757 82 97 82
39 449 20 59 35
39 440 57 70 60
449 329 80 83 80
449 281 81 97 90
449 808 69 99 76
440 409 23 71 50
440 547 79 100 81
440 888 53 86 77
440 559 57 70 60
440 852 13 14 14
440 121 30 65 52
440 871 95 99 95
40 574 91 92 91
40 872 28 92 79
40 674 18 65 22
872 800 51 89 82
872 197 79 84 83
872 420 74 89 74
872 412 90 93 93
674 192 48 73 57
674 703 40 72 56
241 39 24 36 28
241 690 41 90 58
241 13 45 46 45
241 739 44 66 58
241 376 28 85 29
42 9 36 92 43
42 574 67 73 67
42 136 40 50 42
42 351 12 49 20
136 650 11 100 29
136 46 29 95 43
136 651 46 62 62
136 549 15 70 51
351 731 10 84 54
351 412 28 34 34
351 165 46 83 78
351 82 45 68 61
351 138 28 83 74
43 619 12 41 41
43 195 71 94 78
43 484 84 88 85
619 519 46 47 46
619 555 58 91 66
619 867 39 57 43
619 661 58 68 62
619 166 48 49 49
195 229 92 95 93
484 108 54 85 77
484 437 93 99 93
484 354 72 74 72
484 783 91 95 93
484 100 73 97 88
484 415 77 92 79
484 66 30 92 62
484 310 39 97 93
44 427 49 66 60
427 665 50 75 65
427 303 37 87 46
46 444 85 89 85
46 629 39 71 62
444 432 19 58 36
444 163 42 98 97
444 696 73 75 73
444 348 43 96 77
444 840 95 99 99
444 695 77 94 82
47 853 46 73 50
853 499 55 58 57
853 547 85 99 96
853 418 95 100 99
48 847 53 100 63
48 306 58 70 62
48 387 76 96 79
48 700 45 67 51
48 407 67 68 68
48 59 66 97 75
48 823 38 42 41
306 260 64 74 67
306 741 40 50 45
387 695 78 91 88
407 692 45 75 55
407 247 40 88 85
407 814 52 67 64
407 466 37 66 66
407 123 20 65 28
59 691 82 99 86
59 273 34 98 90
59 379 70 79 74
823 759 69 83 79
823 728 30 82 32
823 550 95 98 98
823 492 17 30 19
49 635 18 92 72
49 563 30 94 58
635 561 69 70 70
635 67 55 93 78
635 760 79 97 81
635 441 82 85 83
50 61 81 100 82
50 381 56 64 59
50 181 87 90 88
61 306 83 84 83
61 100 61 92 91
61 28 83 99 98
381 463 64 76 71
181 427 78 81 79
181 143 11 36 13
181 721 38 70 54
181 295 13 16 14
51 135 47 63 59
51 540 50 66 51
135 507 23 36 35
135 660 24 65 64
135 219 11 58 31
135 424 31 39 31
135 150 60 91 61
540 550 26 81 71
540 254 85 95 88
52 852 77 99 98
52 246 16 25 23
52 283 50 84 60
852 679 18 95 89
852 739 79 82 79
852 353 59 69 59
852 528 39 43 40
246 219 51 66 54
246 528 21 22 22
246 867 71 80 78
246 97 90 92 91
283 15 45 49 46
53 91 83 89 83
53 277 65 95 85
53 43 27 43 34
53 700 22 29 23
53 677 59 99 84
91 248 68 84 72
677 382 41 56 55
677 720 76 98 88
677 799 75 96 84
677 165 15 34 25
54 258 62 78 63
54 101 81 95 91
54 713 16 27 16
258 47 94 95 95
258 64 43 88 56
258 551 75 97 96
713 760 75 96 90
713 431 59 100 66
713 53 70 77 70
55 879 30 57 36
55 681 88 91 88
55 823 28 30 29
879 815 24 30 26
681 391 11 84 19
681 239 38 70 41
681 156 30 92 34
681 29 20 32 21
681 514 22 92 52
56 669 86 98 94
56 72 62 71 65
56 343 25 31 30
56 309 68 99 88
72 587 59 100 84
72 455 75 89 79
72 671 46 87 55
72 214 70 75 72
72 646 12 81 29
343 366 69 91 81
343 526 38 66 39
343 415 80 98 81
309 827 49 81 75
309 451 72 97 90
309 532 40 58 42
309 539 29 73 40
203 212 13 71 25
203 579 31 36 33
203 801 10 50 12
203 208 20 66 59
203 37 43 97 96
282 241 82 98 96
58 151 58 73 66
58 341 78 82 79
151 268 44 46 45
151 471 93 100 98
151 201 52 90 80
341 194 26 90 60
341 222 75 80 80
341 109 37 55 55
341 710 89 95 94
341 164 42 56 49
341 356 60 68 63
691 689 75 95 80
691 569 29 48 45
691 678 69 96 96
273 189 84 97 87
273 537 39 100 96
273 824 95 97 95
379 472 64 82 71
379 324 61 77 70
379 168 56 78 69
60 165 72 83 79
165 303 75 96 82
165 42 91 92 92
165 865 76 86 81
165 214 18 100 81
165 150 53 96 85
100 231 68 75 71
100 361 47 100 71
66 387 67 68 68
66 201 32 37 34
66 498 16 47 23
585 596 49 68 51
585 299 37 70 64
585 751 42 51 50
849 713 23 24 24
205 520 63 94 63
205 82 41 85 63
205 704 92 98 92
205 37 49 72 63
785 584 58 62 58
785 105 33 34 33
720 663 11 57 19
720 459 41 69 43
720 732 17 86 82
720 33 73 100 80
437 303 19 62 34
437 499 31 38 34
437 7 62 86 73
63 25 20 53 31
63 419 14 40 21
63 157 61 77 61
419 780 14 90 41
419 477 35 47 35
157 512 79 93 90
157 598 35 69 68
157 454 12 32 32
157 357 38 52 38
64 183 15 69 28
64 704 44 84 59
64 557 67 99 68
64 766 13 73 24
64 457 10 67 47
64 784 63 80 65
64 163 43 56 53
704 432 94 99 98
704 471 84 100 86
704 613 76 92 78
704 383 54 80 60
766 752 59 86 75
766 387 39 96 57
457 741 25 95 35
163 66 55 72 56
874 712 56 82 66
874 594 73 76 73
874 801 13 43 34
874 213 32 33 33
594 619 48 73 62
594 563 71 77 73
594 324 42 75 71
594 512 51 67 63
594 310 91 98 98
201 872 62 88 64
201 26 94 99 98
67 403 61 77 70
67 571 74 82 78
67 668 20 41 25
67 375 86 93 90
403 484 90 95 95
403 189 18 98 56
403 77 13 51 33
571 12 89 90 90
571 755 44 78 63
571 796 46 75 64
668 0 41 51 45
375 113 34 99 86
375 222 40 63 50
375 495 52 69 54
375 611 15 26 23
375 508 79 83 79
375 392 68 94 78
68 259 82 86 83
69 680 14 46 16
680 252 41 78 54
680 401 35 46 46
680 840 91 93 91
70 454 37 97 37
70 166 61 76 67
70 409 45 91 47
454 850 78 87 82
454 860 40 82 53
454 704 51 97 85
454 305 42 61 56
454 385 17 45 41
454 372 10 78 20
166 495 86 91 90
166 81 49 92 81
166 556 82 97 82
166 379 30 89 58
166 7 67 75 75
166 494 36 41 41
767 94 42 79 68
767 435 83 85 84
767 691 10 91 17
781 141 26 43 26
141 49 11 66 18
141 340 25 92 30
141 276 29 41 30
141 798 77 97 91
141 294 95 96 96
141 266 71 85 75
644 98 81 99 82
644 272 11 80 36
644 238 73 97 87
455 463 67 78 72
455 654 12 96 82
455 233 52 97 91
671 833 59 89 65
671 235 56 98 58
671 531 36 48 43
214 156 21 50 33
214 676 39 72 68
214 107 34 45 41
214 304 42 45 43
73 463 82 90 89
73 299 14 27 17
299 439 67 93 85
299 571 42 55 55
74 343 94 99 97
74 239 74 95 87
239 373 10 84 41
75 236 94 97 97
75 375 28 91 72
75 287 42 43 42
75 717 22 39 39
75 394 42 46 46
236 346 68 90 87
236 464 20 57 23
236 536 25 67 27
287 615 50 69 68
287 523 70 92 72
287 661 12 100 36
717 353 69 84 78
394 763 74 80 78
394 492 29 68 31
394 358 91 92 92
394 183 70 80 79
394 384 71 74 73
394 263 61 99 88
76 81 94 97 94
76 551 65 81 71
81 707 37 92 60
81 758 39 79 65
81 468 41 96 92
551 126 46 54 49
551 867 70 79 77
551 373 14 74 73
551 785 75 80 80
77 164 52 69 61
77 168 86 91 87
77 259 64 75 72
168 437 62 81 81
78 372 87 94 89
372 582 14 99 35
79 706 17 80 56
706 674 47 93 86
706 839 46 55 47
706 366 67 68 68
706 818 89 94 91
80 611 70 93 79
80 369 19 81 37
369 704 36 52 42
369 509 39 87 78
369 236 31 54 33
707 641 83 86 84
707 16 14 76 24
707 336 95 100 97
707 373 83 84 84
758 553 28 42 39
758 452 33 95 35
758 259 88 97 94
758 29 17 98 44
758 118 13 80 18
468 804 57 65 64
468 45 89 91 90
468 581 34 78 68
82 246 38 64 40
82 783 92 93 93
783 188 24 95 87
783 123 59 92 60
783 407 64 85 82
783 330 16 79 35
783 3 25 86 35
783 670 94 100 99
783 62 80 88 86
783 213 72 81 79
83 188 79 90 82
83 165 71 87 83
384 257 71 74 71
384 27 47 61 57
384 483 37 70 47
384 756 72 82 79
85 381 10 31 15
85 345 28 70 64
85 236 87 97 90
345 362 70 91 72
345 115 24 41 41
345 805 40 87 79
86 466 19 25 19
86 774 37 49 47
86 263 90 94 91
466 825 18 42 23
466 753 65 67 67
466 497 88 89 89
466 470 33 39 36
774 490 88 89 88
774 859 20 30 26
774 629 20 54 26
774 380 91 98 96
263 871 48 74 73
263 51 52 69 65
87 532 67 86 68
87 142 67 89 84
87 822 80 95 91
87 229 86 93 86
87 23 11 59 24
87 886 12 24 20
532 387 70 95 84
532 515 36 38 38
532 221 47 98 60
142 722 71 100 99
142 340 68 84 72
142 249 71 77 74
822 887 72 74 73
229 560 79 85 79
229 333 32 84 38
229 109 35 86 70
229 687 50 72 55
886 69 27 76 46
886 5 33 100 37
886 204 14 42 20
886 297 46 60 47
88 575 77 97 79
88 36 43 99 96
88 499 22 67 60
88 413 63 64 64
88 298 44 52 49
575 29 90 94 90
575 749 15 26 21
413 384 69 82 71
413 663 93 97 97
298 886 43 95 57
298 269 84 94 94
738 285 74 85 84
738 492 18 79 47
417 624 81 98 95
90 25 83 95 86
90 351 61 100 76
248 512 59 75 60
248 284 88 92 90
248 306 53 88 79
92 801 31 69 58
92 697 37 96 70
92 677 82 94 87
801 756 93 97 94
801 359 94 100 94
801 121 65 100 82
801 876 73 92 78
801 86 52 88 65
637 404 40 87 79
637 219 82 83 83
839 178 14 32 20
839 767 61 68 65
839 231 54 74 73
839 755 10 41 33
839 812 10 72 45
839 471 83 97 87
839 854 50 95 86
839 364 30 51 47
94 634 85 90 85
94 684 48 53 51
684 407 86 99 96
95 534 55 64 56
95 679 22 26 22
95 861 89 94 92
95 149 64 86 84
534 358 83 90 83
534 415 79 83 80
534 484 43 78 49
534 599 28 98 58
679 545 15 83 38
679 712 83 99 91
679 628 15 25 18
861 542 73 85 85
861 412 83 94 86
861 602 15 68 25
861 22 21 59 59
861 731 56 95 83
149 549 32 42 37
149 674 72 86 86
149 145 78 93 80
149 55 81 97 81
96 301 64 73 70
301 77 84 94 92
301 798 67 71 69
97 725 52 55 53
725 40 13 99 88
725 134 79 81 79
725 304 33 70 38
725 25 18 31 19
725 303 47 74 56
725 667 23 51 37
98 872 69 86 75
98 44 50 96 91
98 267 38 83 70
267 852 32 42 42
267 157 62 70 63
267 606 84 98 89
99 158 69 84 77
99 635 28 31 30
99 380 79 85 82
99 339 58 60 60
158 606 22 56 38
158 479 20 30 30
231 373 43 79 45
231 378 53 78 65
231 380 66 71 68
361 675 84 85 84
361 11 44 72 60
361 867 82 95 89
740 682 73 86 73
740 653 25 90 29
740 676 30 43 37
740 235 50 53 53
740 82 52 55 54
740 81 34 98 35
102 704 13 18 18
102 644 88 94 90
242 342 59 63 62
104 571 79 85 83
106 531 74 87 79
531 475 18 56 18
531 541 65 66 65
531 113 26 46 35
531 814 56 79 76
108 875 71 97 77
108 508 37 85 65
108 708 56 87 81
875 831 24 93 38
875 138 41 75 61
875 859 66 84 67
875 603 47 57 47
508 442 32 66 37
508 714 22 56 42
508 651 39 91 65
708 867 81 90 82
109 883 22 74 66
109 838 44 81 70
883 838 80 94 87
883 409 88 94 91
883 742 21 89 76
883 683 71 97 80
110 497 93 98 94
110 481 95 97 95
497 416 91 94 91
497 722 16 17 16
481 162 34 100 58
481 103 86 96 94
481 14 46 94 53
481 415 68 77 69
481 400 81 85 81
111 20 30 37 33
111 490 25 63 55
111 752 58 97 62
111 733 12 97 21
111 879 60 100 80
752 62 28 87 46
752 414 53 71 55
752 301 52 71 61
733 274 40 72 54
733 484 95 98 96
112 521 16 79 17
112 83 23 43 34
112 57 57 75 73
112 601 44 54 54
112 694 77 98 77
521 635 24 87 26
521 886 11 20 19
521 82 73 99 73
521 487 39 46 42
601 550 62 82 75
601 590 85 99 88
694 742 10 28 25
113 813 24 98 66
113 605 30 50 50
113 172 95 100 100
813 615 82 97 92
813 275 68 79 70
813 114 37 94 76
605 862 35 84 64
605 528 17 18 18
605 524 68 94 75
172 483 21 86 85
172 556 57 82 65
114 597 87 100 87
114 643 50 52 51
114 43 46 85 71
114 11 89 100 92
114 644 94 98 95
597 409 31 32 31
597 475 21 70 65
597 567 46 65 55
643 889 90 99 97
115 890 52 68 62
546 345 41 46 44
117 808 94 100 98
117 466 55 77 76
117 42 94 100 100
117 336 27 79 40
117 403 23 72 39
336 100 93 100 99
336 147 84 90 85
118 314 71 78 77
118 585 14 56 52
118 81 61 95 93
119 537 22 98 53
119 505 53 72 62
119 76 40 94 55
537 143 93 99 98
537 370 14 89 67
505 392 91 100 98
505 318 49 99 57
505 438 66 98 80
505 705 27 54 32
505 70 67 99 75
505 825 72 78 78
120 555 12 15 13
120 271 53 55 54
120 422 93 100 93
422 34 50 64 64
422 826 36 86 53
121 707 69 100 78
121 352 67 90 70
352 681 14 22 18
352 843 88 93 93
352 612 38 92 87
122 697 53 93 65
122 236 84 88 86
123 685 11 97 31
123 721 39 47 43
685 693 27 60 28
685 537 72 94 88
685 45 26 51 26
721 833 44 70 67
721 31 93 94 94
124 30 88 94 90
124 880 55 99 80
124 138 71 77 71
124 885 72 84 75
124 738 74 99 91
124 492 30 68 57
124 888 69 86 80
124 576 61 73 73
880 663 71 77 72
880 540 75 86 79
880 177 52 93 55
138 125 88 92 88
138 461 70 96 95
138 634 35 71 48
138 714 46 88 82
492 425 44 100 68
492 821 92 100 93
492 26 75 88 80
888 450 56 99 99
888 212 23 84 81
888 702 55 96 84
888 630 13 31 23
888 751 41 56 48
125 648 42 60 53
125 808 81 87 84
125 117 20 66 50
648 527 34 84 57
648 537 10 43 15
126 186 12 70 24
126 456 84 99 91
126 674 36 67 55
186 694 95 100 98
186 381 47 57 51
186 231 23 97 63
186 436 38 90 57
456 212 31 58 41
456 797 71 79 76
127 68 15 75 36
127 203 59 91 72
128 716 65 90 80
128 380 17 54 53
129 373 42 77 77
129 188 93 94 93
129 51 44 70 55
129 638 15 38 16
129 94 68 90 84
129 706 24 89 63
129 684 82 93 93
638 318 15 61 46
638 245 73 90 81
130 255 64 97 91
130 300 81 97 92
130 612 61 67 67
300 537 70 94 73
300 687 54 67 54
300 819 55 62 55
300 277 49 90 64
300 298 27 52 42
389 799 95 100 97
389 143 85 99 90
132 432 66 69 68
132 886 76 95 78
132 527 89 95 90
132 817 85 89 88
132 633 70 99 74
132 424 73 83 82
132 690 19 89 48
132 345 24 34 25
432 333 67 86 73
432 364 44 84 57
432 648 87 99 88
527 164 25 30 25
527 858 68 71 70
527 504 63 90 85
527 462 75 83 81
817 638 74 79 76
817 459 34 46 36
817 520 60 85 75
817 515 50 55 53
817 623 57 68 58
633 389 29 50 32
633 486 43 87 62
633 476 86 94 86
424 230 86 92 87
424 123 23 52 45
424 212 56 72 68
690 127 22 66 53
133 826 70 80 72
133 124 80 97 81
826 10 65 86 85
826 42 63 81 78
826 192 57 85 77
448 552 23 98 93
448 387 46 70 52
448 255 80 85 83
448 7 16 29 28
448 569 86 97 92
448 226 71 90 87
860 72 75 92 81
860 611 17 76 50
266 287 85 88 87
266 354 42 76 63
266 480 15 60 43
266 145 80 98 94
478 395 18 44 24
478 0 68 73 68
478 802 79 94 92
665 647 20 84 64
665 821 46 86 60
507 733 17 71 19
507 49 30 85 32
660 632 48 55 49
660 690 14 24 22
660 124 11 97 27
660 37 12 72 65
660 537 25 71 39
219 406 74 95 85
219 756 85 91 90
219 19 66 100 99
219 554 91 97 94
150 556 23 75 46
150 836 69 79 79
650 874 13 35 33
549 806 55 83 59
549 446 66 91 77
549 854 26 82 40
549 337 39 78 65
549 298 21 39 22
549 653 27 37 34
137 27 31 37 35
137 641 58 69 64
137 834 70 85 80
137 703 93 96 93
641 881 57 77 66
641 242 73 99 88
641 361 38 70 70
641 416 76 85 76
834 785 59 61 59
834 796 52 95 70
834 69 16 50 40
703 755 12 20 13
703 24 53 76 53
703 110 71 74 74
139 867 67 100 84
139 674 88 99 97
139 758 20 54 40
139 865 67 74 74
139 580 66 89 88
139 515 81 86 81
867 571 38 86 86
867 738 18 56 46
867 161 32 56 39
867 396 16 81 26
867 622 66 82 74
515 350 67 77 67
515 768 47 75 62
515 578 24 43 36
777 757 12 73 55
777 465 51 70 55
777 87 92 95 93
777 771 61 67 63
777 748 82 85 82
590 683 37 84 78
590 589 68 80 80
289 644 61 64 63
289 352 50 56 50
340 669 10 70 37
340 300 31 85 73
340 674 90 96 93
340 398 26 42 37
340 653 79 85 82
340 314 88 98 91
722 695 69 97 94
722 46 19 41 33
722 877 43 46 43
722 82 64 79 79
722 8 63 82 76
722 399 69 81 75
249 202 27 57 44
143 283 71 73 73
670 44 31 41 37
670 501 81 98 97
670 585 59 99 61
632 883 13 42 36
145 655 73 94 79
145 717 87 97 88
145 565 78 85 84
146 363 87 100 91
146 663 78 79 79
363 249 92 97 94
663 90 48 60 48
663 284 15 16 16
663 50 95 98 98
663 360 81 89 82
663 372 53 79 64
663 659 80 90 90
663 448 62 94 77
147 129 31 68 46
147 122 61 76 72
147 242 81 91 82
147 435 52 99 89
147 657 10 81 18
657 672 14 86 30
657 426 47 59 48
657 636 77 100 89
148 853 94 100 95
148 316 83 94 93
148 654 65 79 73
148 446 80 89 84
316 95 40 51 47
316 48 26 37 27
316 581 52 94 84
316 816 29 78 62
446 889 43 68 53
446 208 87 99 90
556 53 22 56 51
556 755 24 91 67
556 631 52 95 79
556 840 71 99 90
556 217 72 74 74
836 291 76 100 82
268 12 19 82 65
268 736 28 33 28
268 445 94 96 96
268 695 93 99 96
471 526 59 75 61
152 306 67 93 77
152 849 66 74 66
153 693 63 69 67
693 205 64 92 91
693 629 70 77 77
693 349 12 95 57
154 725 47 64 60
154 499 22 92 42
155 100 59 80 77
156 200 78 80 79
156 630 83 91 83
156 335 84 86 85
200 829 42 43 43
200 264 34 62 38
200 719 19 30 23
200 41 11 14 13
200 579 40 90 70
200 153 85 98 91
630 471 43 88 67
630 532 60 66 60
630 692 57 91 89
630 93 10 80 23
630 199 21 93 32
512 167 48 88 54
512 881 78 87 83
512 285 38 70 42
512 562 61 88 74
512 660 68 86 85
512 594 93 94 94
598 353 52 64 59
598 668 10 67 24
598 509 71 99 76
598 619 66 70 69
598 529 11 93 62
357 490 68 81 72
357 721 26 85 38
606 762 66 75 75
606 81 68 69 69
606 455 24 34 25
479 400 26 87 55
159 745 26 80 79
159 279 14 47 24
159 522 90 100 95
159 8 45 70 68
745 697 22 96 80
279 376 80 87 81
279 789 91 96 95
522 554 80 97 84
160 104 81 93 85
160 96 76 86 86
160 645 61 81 71
160 564 53 64 57
645 114 42 67 52
645 705 64 98 68
564 378 22 24 24
161 568 19 56 55
161 282 48 67 49
568 732 87 100 94
568 357 19 82 29
568 745 13 63 38
568 650 17 27 19
568 515 31 52 31
162 744 73 91 79
162 269 64 68 65
162 807 95 99 96
162 326 95 98 97
744 89 50 70 68
744 848 90 96 90
269 404 14 90 19
326 654 19 42 29
303 16 55 96 81
303 558 47 91 77
303 170 69 89 79
303 734 37 96 65
303 603 84 87 85
167 356 44 90 77
167 218 20 78 20
167 317 42 69 50
356 437 86 90 89
356 808 60 65 65
356 785 90 99 93
356 424 69 86 78
218 153 24 86 78
218 869 82 94 92
317 411 65 69 68
317 843 23 87 27
317 322 48 87 81
169 755 72 74 72
755 605 82 90 87
755 715 46 77 76
755 435 36 37 37
170 504 56 62 57
170 769 36 56 51
170 694 68 94 75
170 526 57 72 57
504 384 64 84 84
504 144 53 87 60
504 90 75 79 76
769 274 57 60 57
769 324 29 50 42
769 410 45 61 48
769 401 64 90 79
526 354 81 91 88
526 831 51 68 56
526 418 40 80 58
526 739 71 86 77
171 838 37 54 43
171 667 46 65 60
667 594 55 91 64
483 344 51 61 60
483 216 82 97 91
483 843 29 60 54
483 9 90 93 93
173 710 90 91 91
710 284 19 65 55
710 437 52 63 56
710 796 85 96 86
710 261 75 82 79
710 402 26 53 28
174 882 86 97 88
174 41 64 79 77
174 550 53 93 93
882 825 56 60 58
882 369 56 82 63
882 360 95 97 97
882 823 69 92 84
550 885 64 73 72
397 353 16 32 22
177 730 11 73 20
177 696 15 25 25
730 374 53 76 65
730 16 61 83 61
730 566 93 98 98
730 682 29 98 84
696 77 53 77 63
696 745 92 97 95
696 397 71 96 83
178 481 41 85 68
178 799 21 43 38
178 688 94 96 95
178 669 69 83 74
799 311 78 90 89
799 395 44 89 85
688 394 12 34 16
688 101 32 78 45
688 679 25 40 40
179 41 87 92 91
179 426 90 97 90
426 814 16 19 17
426 839 95 96 95
426 323 16 18 18
426 760 54 69 66
426 288 82 88 84
426 638 58 86 68
426 358 69 89 77
180 461 16 50 42
180 167 49 87 62
180 814 42 45 44
814 455 46 69 68
814 685 16 29 27
814 760 87 96 96
814 534 32 33 32
295 509 91 95 93
295 650 42 93 60
295 5 46 54 48
295 557 20 70 70
295 867 10 45 16
182 255 64 90 65
182 390 69 81 80
182 75 84 85 84
182 354 30 88 41
182 753 88 89 89
390 207 12 75 12
390 34 54 74 56
354 368 24 59 32
354 537 28 52 45
354 108 16 22 19
354 96 89 97 91
354 204 19 76 38
354 694 17 62 28
184 386 11 46 33
386 217 42 67 58
386 198 90 95 95
436 607 68 76 73
436 510 65 95 65
436 659 62 100 94
436 446 24 41 40
187 803 47 59 54
187 83 58 60 59
187 360 15 56 53
187 721 29 73 31
360 794 53 91 62
360 140 47 62 57
360 392 88 100 90
360 471 64 73 69
868 281 42 99 82
868 353 77 88 80
293 890 63 76 63
621 773 12 94 76
621 380 44 68 56
621 292 18 85 68
621 98 43 96 80
621 626 60 96 78
621 560 85 99 96
190 429 49 55 54
190 177 37 96 62
190 226 95 96 96
226 832 69 97 85
226 523 63 73 67
226 670 58 69 65
191 513 95 96 95
191 659 49 86 57
191 51 12 77 38
191 668 44 54 44
513 52 28 55 41
513 373 16 44 34
513 653 55 84 80
513 358 69 82 72
659 810 30 90 90
659 720 47 75 68
659 401 12 69 51
659 6 78 83 79
192 488 10 92 61
192 846 25 76 64
192 693 92 94 94
192 668 49 58 53
846 629 26 85 44
846 220 28 37 33
846 385 28 33 33
846 890 72 79 73
727 31 36 93 66
727 21 35 62 36
871 666 94 96 94
789 394 17 59 53
789 180 77 93 84
789 685 93 99 94
789 623 30 73 61
194 241 88 96 89
194 798 89 92 92
194 128 82 91 90
194 749 58 99 81
194 499 76 93 86
749 844 64 65 64
749 443 50 95 55
749 710 74 79 79
434 605 37 60 44
434 33 29 44 34
434 578 28 31 30
198 789 95 98 95
198 845 13 76 35
198 583 51 59 55
198 267 87 91 88
845 580 67 76 71
845 578 72 80 78
845 671 38 81 45
845 497 10 12 11
845 585 59 78 69
845 754 45 75 73
583 8 60 83 68
583 687 40 68 48
583 26 93 100 94
583 708 72 98 90
583 310 87 97 89
583 432 64 71 66
199 647 46 56 55
199 595 81 93 84
647 94 22 73 54
595 725 33 60 48
595 591 15 66 40
829 198 11 92 72
829 13 37 86 43
829 18 80 86 86
829 782 73 90 82
829 630 58 93 68
829 500 17 95 33
719 888 86 100 94
719 487 67 89 89
579 643 60 73 73
208 195 18 73 35
520 469 46 68 63
520 293 27 51 29
520 172 46 84 82
520 37 42 81 62
520 367 28 77 29
206 262 86 87 87
206 158 34 78 43
262 457 21 74 28
262 817 92 100 100
262 7 45 61 50
262 567 32 49 48
207 777 61 79 65
207 522 38 86 78
209 291 19 56 38
291 37 28 53 31
210 325 79 98 84
210 743 40 63 63
210 558 23 48 37
325 668 69 88 79
325 223 77 97 84
743 60 66 89 67
743 414 54 67 58
743 771 93 100 100
743 486 54 61 59
558 304 64 87 84
558 694 89 92 89
558 738 41 52 43
211 548 56 69 57
211 758 54 98 82
211 472 78 85 83
211 165 52 70 56
211 362 67 90 79
211 793 27 42 32
211 786 31 42 35
548 369 58 62 60
548 482 10 33 15
548 182 73 79 76
472 58 68 84 84
472 181 13 68 54
362 38 17 99 73
362 686 40 42 42
362 642 75 90 79
362 416 32 59 40
793 34 40 51 44
786 413 43 96 88
786 510 59 97 88
786 731 49 96 59
350 327 22 59 40
350 398 38 43 40
213 186 14 77 70
213 589 77 79 78
213 322 94 95 94
213 691 91 96 93
213 686 86 87 87
686 30 45 75 70
686 439 63 70 66
304 167 85 96 94
216 117 90 100 99
216 666 71 90 74
666 299 82 95 93
666 163 84 85 84
666 34 59 100 74
666 585 43 56 45
666 685 10 32 21
666 327 54 82 77
217 708 71 97 77
217 549 36 90 46
217 16 78 95 79
217 649 55 67 57
649 823 72 94 82
649 49 57 64 60
649 14 17 29 19
649 100 86 92 92
649 766 94 96 94
869 860 84 89 88
869 154 39 96 72
756 223 56 72 60
756 197 49 83 78
220 349 43 86 59
220 72 52 64 62
221 210 48 95 48
222 428 70 81 71
222 685 15 99 67
222 489 23 30 23
222 841 12 69 39
222 122 41 47 45
222 465 60 95 69
222 212 82 98 85
428 28 54 91 65
428 814 77 78 77
428 515 62 83 80
489 767 74 79 74
489 835 91 92 91
489 375 39 82 82
841 351 82 88 88
841 465 50 58 58
841 635 37 69 39
841 807 63 87 73
841 200 68 92 72
223 583 60 69 62
224 506 57 92 71
506 673 63 64 64
506 144 78 87 79
506 382 93 95 94
225 821 25 27 26
225 628 79 96 96
225 27 22 46 42
225 380 75 79 78
821 169 82 95 82
821 411 38 90 74
628 198 24 44 41
628 731 47 67 57
832 441 84 100 91
832 499 63 75 73
523 827 27 47 32
227 249 30 88 34
227 487 14 91 60
487 852 42 54 51
487 85 10 22 15
487 702 16 26 19
487 175 83 99 92
560 197 80 88 83
560 187 22 81 24
560 294 41 62 48
333 256 28 56 43
333 858 63 74 64
333 469 51 98 87
333 20 73 86 76
333 418 16 30 17
687 810 18 91 69
687 773 70 94 83
687 282 18 56 41
687 439 52 92 78
230 151 23 100 97
230 677 54 76 72
230 98 75 95 81
230 144 77 87 85
378 235 79 83 80
233 293 32 95 89
233 26 78 93 87
233 533 69 86 76
233 123 45 70 46
233 326 11 18 11
533 448 57 60 59
533 10 26 48 26
533 486 33 42 39
458 822 46 66 63
458 152 21 60 33
458 410 87 91 88
235 846 67 85 77
235 358 33 60 42
235 34 75 99 82
235 142 21 34 23
235 716 61 84 72
235 648 41 47 43
358 728 14 36 16
358 229 83 94 91
358 166 72 97 74
358 660 27 98 91
358 702 74 82 74
358 135 57 79 65
358 375 54 81 81
358 117 57 65 58
346 233 94 100 96
346 415 69 93 78
464 841 58 98 73
464 327 12 91 58
464 193 19 38 21
536 157 58 70 58
536 143 63 100 68
536 62 33 92 70
536 327 68 97 75
536 680 17 46 29
237 306 44 57 49
237 50 15 23 19
292 133 42 84 78
292 95 24 83 61
292 865 42 73 63
739 294 55 62 62
739 821 11 68 64
772 741 58 92 85
240 724 91 100 95
240 428 79 92 87
724 36 85 91 91
724 552 58 93 69
376 128 64 96 90
376 61 65 73 72
376 241 68 97 81
342 58 15 63 54
342 621 72 85 75
342 81 73 79 73
342 620 89 99 98
342 454 70 76 76
243 620 78 84 79
243 639 21 76 43
243 845 51 100 80
243 112 86 97 91
620 350 63 80 66
620 349 78 95 95
639 267 95 99 97
244 137 32 66 39
244 501 55 70 64
501 27 59 92 75
501 310 35 36 35
501 820 19 66 55
245 520 69 95 75
247 713 55 82 55
247 157 51 78 73
247 643 34 72 69
247 292 23 45 30
250 603 28 35 35
250 369 35 43 37
250 727 27 75 70
603 474 42 84 67
603 436 82 92 89
603 772 11 29 19
603 573 56 88 74
252 890 31 71 65
253 396 61 98 79
253 591 47 62 52
396 87 66 68 67
396 289 75 78 75
591 288 11 77 75
254 728 30 85 56
728 661 18 57 26
728 149 27 47 28
728 845 70 77 70
728 443 14 90 71
728 587 34 48 45
878 633 61 80 69
878 95 61 98 71
878 16 56 61 56
878 307 86 99 86
878 794 68 91 73
256 248 78 86 83
256 695 15 90 81
695 115 38 59 38
695 855 54 62 59
695 814 69 93 74
695 599 88 94 92
695 718 73 91 82
695 330 28 82 75
695 757 76 89 85
257 752 73 91 87
257 524 26 97 56
260 93 28 71 56
260 835 73 85 85
260 473 23 72 72
260 487 59 98 97
835 407 45 80 64
835 532 29 53 44
835 408 47 69 54
835 254 25 83 68
473 5 55 86 83
567 829 26 78 32
567 212 19 83 78
567 465 31 67 31
442 773 79 87 80
442 861 39 88 41
442 699 95 100 97
442 357 62 87 83
843 371 19 69 52
265 125 36 60 49
265 729 19 21 19
265 433 93 94 94
729 778 12 94 25
729 399 83 93 89
729 289 14 23 15
729 578 35 36 36
729 744 45 70 67
433 657 61 84 70
433 135 63 100 67
480 872 51 94 79
736 746 62 63 63
736 89 70 74 70
445 177 87 90 88
445 392 56 89 67
445 57 46 62 49
445 839 23 58 27
404 891 68 76 76
404 843 57 78 66
270 830 87 95 93
270 794 11 95 64
270 550 68 71 69
270 214 64 87 72
270 825 21 46 24
830 863 89 95 94
794 612 85 95 86
794 407 85 89 86
794 296 43 86 84
794 376 54 94 84
272 498 93 100 96
824 847 27 85 75
824 165 51 71 57
824 184 24 85 76
274 800 63 98 83
274 334 65 90 90
274 270 11 16 12
275 697 74 100 92
275 839 66 72 71
275 745 79 82 80
275 85 54 70 66
321 66 21 44 44
321 374 22 93 52
321 123 55 63 61
393 426 58 85 64
393 491 41 80 74
780 528 46 53 46
780 154 43 86 82
780 32 56 95 61
780 650 63 88 72
780 37 85 99 94
278 115 65 68 67
278 428 63 86 83
280 728 51 72 71
280 629 76 77 76
280 181 26 57 26
280 568 90 94 93
280 472 75 94 92
281 585 52 53 52
281 731 41 57 41
281 767 53 67 57
285 442 37 57 51
285 644 67 91 84
285 369 58 82 77
285 759 95 99 99
285 765 56 61 60
759 834 40 97 63
759 348 35 36 36
759 690 70 73 73
759 295 39 99 62
759 123 72 95 85
765 782 20 64 37
765 815 27 41 33
765 253 38 74 60
765 814 18 66 64
765 509 84 100 99
615 449 60 100 100
615 86 57 77 67
615 491 60 65 64
288 483 57 61 58
288 880 78 90 88
288 846 79 89 80
552 124 35 42 40
552 799 58 98 82
421 432 27 64 45
421 277 58 91 83
421 427 15 77 72
421 346 50 62 52
509 89 49 80 72
296 774 36 49 36
296 196 79 82 79
296 147 60 99 61
296 82 60 78 75
296 52 66 97 69
296 303 66 97 66
297 787 16 79 65
439 752 48 71 57
439 263 92 100 93
439 289 60 61 60
819 86 84 97 91
302 291 15 67 24
302 448 52 86 68
302 554 21 33 28
302 243 73 95 76
734 500 55 74 70
734 810 44 93 82
734 33 23 54 47
734 805 58 83 71
734 719 41 72 49
305 457 27 52 47
305 274 94 99 99
305 786 92 97 93
305 391 73 96 87
305 626 15 42 15
305 878 84 88 87
305 254 51 63 58
305 609 58 69 61
391 390 26 65 65
391 22 55 57 55
391 179 28 45 36
626 754 74 98 79
626 53 76 85 79
626 793 85 98 98
626 618 94 97 97
609 228 58 60 60
609 324 87 95 90
609 467 74 92 83
609 697 50 90 60
609 193 75 94 88
609 388 18 90 82
467 589 69 95 81
467 820 71 76 73
371 288 15 17 15
371 586 30 34 32
371 701 39 42 41
371 416 93 95 93
371 411 53 75 75
308 24 11 12 12
308 40 21 56 50
308 72 71 85 73
308 875 56 94 71
827 102 83 95 84
827 335 44 45 45
451 113 86 89 86
451 277 27 89 33
451 335 37 58 54
451 125 64 86 70
539 878 16 82 62
539 114 70 74 72
539 756 47 62 56
539 126 57 60 59
310 544 50 52 50
310 148 65 90 78
310 116 76 90 76
310 639 71 98 96
544 200 23 38 36
544 729 73 89 76
337 341 38 44 44
337 680 37 53 48
887 368 17 96 70
887 493 31 68 34
887 608 46 74 67
313 875 77 88 77
313 788 21 64 38
313 394 39 48 44
315 678 92 94 93
678 329 81 98 81
581 884 69 90 79
581 179 34 76 70
581 134 75 86 79
816 201 77 81 81
816 220 84 87 85
411 379 81 89 87
411 130 39 62 44
411 585 45 89 55
747 481 44 87 49
747 524 24 36 25
747 512 80 99 83
320 304 90 94 91
320 21 19 82 43
320 722 76 97 96
374 394 63 97 95
374 546 69 86 79
374 187 57 89 64
374 539 68 75 71
324 788 81 84 82
327 749 57 65 64
327 546 56 86 60
328 835 90 97 94
328 168 87 96 91
328 700 95 97 95
328 480 48 84 73
328 178 57 80 72
328 71 94 97 94
329 74 69 82 74
329 453 66 83 75
453 595 14 97 69
453 131 75 92 79
810 177 61 93 76
332 93 74 94 87
332 641 17 33 31
858 462 53 61 56
858 674 14 40 15
858 644 28 76 43
858 177 51 80 55
469 882 25 67 41
469 439 67 74 73
469 126 72 83 78
469 450 39 53 44
418 815 86 88 87
418 705 46 79 73
418 292 13 90 75
418 422 13 97 30
418 410 82 95 89
338 72 85 94 93
398 628 36 73 64
398 450 65 84 68
398 169 77 89 81
398 860 91 97 94
653 427 93 100 93
653 135 92 98 96
366 520 80 91 90
366 10 55 72 57
366 438 19 75 46
366 859 64 67 67
805 267 24 79 33
805 349 51 87 65
805 819 41 66 44
805 234 80 83 81
347 50 65 77 71
347 470 20 92 35
347 100 76 96 79
470 462 42 100 64
470 502 46 91 49
470 281 14 95 92
348 396 14 29 21
348 873 18 50 47
348 226 39 94 60
873 772 17 44 39
873 121 38 73 58
485 843 24 94 50
485 372 85 91 86
485 519 94 96 95
430 800 32 72 55
412 718 70 71 70
412 396 16 72 48
412 179 74 95 82
412 63 41 54 53
412 771 37 44 38
412 0 40 51 50
412 22 57 92 77
353 761 81 98 81
353 179 87 99 97
761 94 45 50 47
761 669 67 80 71
368 827 45 78 52
368 713 90 95 92
368 655 64 82 76
368 143 56 77 65
355 813 55 98 80
355 229 66 73 68
355 416 12 48 40
416 461 68 72 71
416 462 89 94 90
416 208 48 78 54
702 258 76 81 77
702 90 21 83 62
702 475 95 97 95
359 656 58 73 64
359 709 10 90 54
359 599 43 49 46
359 472 66 93 73
599 677 61 72 65
599 737 32 72 33
599 817 46 100 70
599 182 56 57 56
392 108 85 99 89
642 887 63 90 83
642 803 16 50 22
642 70 19 69 46
364 339 57 66 57
364 186 30 93 43
364 654 93 95 93
364 242 24 31 24
365 586 24 49 25
365 172 61 91 64
365 771 45 47 46
586 118 59 84 83
586 756 65 71 65
771 212 44 77 66
771 764 52 67 59
771 504 33 50 41
771 22 18 72 63
771 693 13 38 15
771 547 86 88 86
438 128 36 81 44
438 785 42 98 73
438 818 92 95 92
438 716 79 81 80
370 325 89 93 92
370 363 83 93 83
370 334 10 93 11
370 95 50 97 66
701 706 36 76 67
582 659 15 99 51
408 395 76 95 82
408 400 13 14 14
382 0 57 72 58
382 837 21 90 60
382 829 44 79 49
382 90 80 85 82
383 428 25 28 25
383 526 17 30 27
383 817 29 49 30
385 83 23 41 41
385 182 55 62 61
388 717 70 72 70
491 714 55 56 55
491 690 91 100 97
491 102 52 67 65
491 42 23 39 39
491 142 24 56 31
763 681 62 90 86
763 300 52 65 58
763 703 79 98 84
763 411 93 98 95
763 671 70 87 87
395 575 65 81 70
395 77 82 88 85
450 849 40 65 62
450 467 50 84 72
450 153 25 54 45
450 157 23 73 59
399 587 15 54 52
399 579 13 28 14
399 316 95 98 97
399 753 29 76 49
400 445 63 99 80
400 805 71 74 73
400 827 50 93 80
401 299 62 81 80
692 645 79 89 86
692 37 81 96 81
692 130 54 72 64
410 239 68 95 71
410 700 89 91 91
414 362 23 94 60
414 574 75 85 79
414 879 18 50 47
414 369 81 98 89
577 312 30 96 49
577 660 66 88 79
577 448 83 91 91
577 804 43 77 69
577 65 77 97 89
577 230 65 88 74
462 232 51 98 81
462 78 73 100 99
462 63 34 54 38
462 858 61 87 70
624 163 15 21 19
624 351 56 89 69
624 423 34 70 52
624 677 64 100 77
705 518 13 39 15
705 701 73 87 85
477 734 11 52 20
477 277 23 86 61
477 754 67 82 79
477 316 34 53 48
420 131 20 43 22
420 454 75 94 90
420 546 62 74 72
420 594 63 73 65
420 624 87 100 96
423 25 70 80 70
423 715 61 66 65
423 79 43 49 44
715 881 11 45 11
715 198 62 90 82
715 268 27 43 41
425 89 42 62 43
425 712 80 88 80
712 133 28 72 36
712 191 17 34 33
712 452 63 65 65
712 245 21 28 27
431 169 68 78 68
431 88 62 82 80
431 177 72 97 76
431 338 94 97 94
431 108 27 48 38
431 708 25 37 30
607 383 73 77 73
607 727 78 81 80
607 705 62 79 78
510 602 82 100 99
510 824 27 79 74
547 154 70 98 75
559 55 70 84 77
559 72 71 77 71
559 778 16 29 23
559 699 53 99 94
559 247 72 76 73
441 220 73 89 88
441 838 75 78 76
773 198 92 99 97
773 639 72 100 78
773 23 76 80 76
773 567 30 34 33
773 54 95 97 97
773 250 22 25 25
699 109 66 99 94
699 799 86 90 86
443 378 12 46 31
443 127 63 74 63
840 582 10 66 46
447 738 55 68 64
447 376 45 57 50
447 826 41 61 54
447 3 74 75 75
569 557 31 90 69
569 793 53 92 84
569 91 50 94 87
569 459 27 100 57
452 271 56 94 71
452 79 52 96 91
452 557 49 77 51
850 26 31 93 67
797 666 43 88 61
797 259 71 89 71
797 372 63 67 65
797 125 70 82 78
797 676 37 75 75
797 200 11 47 47
797 815 92 95 92
459 149 79 96 82
459 648 63 100 99
459 468 76 91 77
460 348 81 96 87
460 285 14 62 61
460 550 45 63 50
820 366 64 86 75
820 531 19 62 35
804 682 23 64 45
804 487 70 99 90
474 358 89 98 97
474 188 36 90 89
474 256 72 86 78
474 496 70 71 70
474 671 76 95 93
474 229 49 69 56
496 630 41 45 41
476 623 81 99 97
476 148 93 96 96
476 499 74 93 81
623 656 37 95 79
623 137 21 58 24
623 642 11 26 20
623 634 36 95 41
623 6 36 94 38
754 702 89 97 90
754 824 48 61 56
802 195 83 96 94
802 711 87 98 98
802 590 46 92 46
482 569 66 81 70
482 876 39 84 56
876 508 71 94 80
876 630 42 71 65
876 534 54 74 71
876 323 68 79 70
876 556 24 55 46
519 835 12 24 23
486 768 64 92 86
486 59 70 93 73
768 594 22 82 32
768 452 88 89 88
768 169 40 47 40
768 377 41 96 72
768 847 85 92 87
768 551 61 82 70
768 330 78 84 78
768 148 56 69 65
500 860 62 64 63
500 7 95 100 98
812 217 75 82 81
812 447 68 86 72
812 518 74 98 93
812 16 58 75 72
812 785 12 97 89
812 317 66 98 70
812 499 16 22 16
613 285 88 99 89
613 2 46 93 85
613 56 94 96 96
613 85 59 81 67
673 874 21 57 54
673 105 27 55 41
673 174 46 47 46
511 656 71 83 73
511 839 78 83 82
511 804 71 91 79
881 63 11 85 29
881 585 38 40 40
881 539 85 97 90
881 875 13 85 53
881 214 20 71 38
881 867 77 92 82
562 365 65 74 67
562 600 31 40 35
514 738 92 98 92
517 833 53 93 75
517 646 86 91 87
833 75 23 37 31
833 584 35 62 49
833 16 47 89 49
831 805 76 84 82
831 86 83 90 85
831 154 12 25 17
831 90 32 69 38
529 434 75 84 84
529 821 78 86 83
529 698 23 34 25
529 580 83 94 88
529 524 52 60 53
529 876 74 84 74
698 824 70 79 71
698 426 11 25 19
698 340 14 64 33
698 704 77 89 82
698 674 23 98 87
538 527 64 83 73
538 5 70 94 76
538 474 34 72 48
538 869 86 98 88
543 749 86 88 86
543 491 88 90 89
543 858 80 93 84
543 316 94 97 97
543 100 13 51 35
543 159 90 97 91
543 369 84 91 89
545 206 61 83 62
545 143 35 92 46
545 38 53 78 56
545 566 92 100 99
545 262 57 100 63
545 742 26 82 29
545 209 64 78 78
566 807 53 87 63
566 811 33 99 73
566 267 43 64 45
566 307 20 71 62
566 252 37 51 46
566 678 56 88 64
566 517 93 100 97
742 878 56 82 73
742 685 21 76 35
742 361 51 55 55
742 371 92 99 93
806 2 88 95 90
806 742 90 94 93
553 217 61 93 87
631 329 29 98 51
631 415 76 94 82
631 413 14 27 19
631 707 75 99 95
778 629 21 26 23
778 82 80 92 85
778 127 20 66 27
778 301 36 49 43
778 654 42 84 50
778 661 81 84 83
561 600 29 41 32
561 353 51 77 63
561 480 94 96 96
600 876 19 44 43
600 768 29 54 53
811 50 83 99 94
811 203 28 51 29
811 443 48 93 69
732 766 80 85 80
732 731 42 46 43
732 815 68 97 84
732 402 37 59 42
732 704 32 82 73
732 75 77 81 77
732 825 61 62 62
732 671 54 80 68
570 374 64 99 94
570 416 21 52 28
570 815 19 93 80
572 573 23 67 64
572 719 85 88 88
572 387 17 74 32
572 212 72 83 76
573 604 46 83 52
584 125 91 99 98
584 591 14 99 72
584 559 39 45 40
596 409 54 98 71
596 373 47 56 54
751 451 76 83 76
751 462 80 86 85
751 718 65 71 68
751 874 86 98 86
588 239 73 81 75
588 201 76 98 92
588 853 12 95 69
588 592 27 68 42
588 357 52 79 60
588 325 58 89 58
592 343 75 98 87
592 598 93 95 93
683 756 16 73 35
593 642 89 100 99
593 395 71 96 73
862 326 32 73 40
862 146 29 87 51
762 6 61 68 64
762 852 34 86 48
762 774 60 84 78
762 471 13 94 77
608 204 42 90 53
608 144 61 76 69
608 331 84 85 84
610 115 88 92 88
610 662 28 40 33
610 50 24 73 57
610 765 80 98 93
610 446 36 80 40
662 609 49 74 70
662 857 38 95 87
662 592 70 95 83
614 355 65 68 66
614 829 43 47 44
614 225 36 63 36
614 399 94 99 94
616 140 14 44 41
616 484 50 97 66
616 351 13 91 50
616 211 32 88 60
617 519 62 86 67
617 476 30 77 72
617 582 83 99 99
617 380 23 26 24
617 645 85 91 86
617 79 45 52 45
622 314 87 95 95
622 600 84 89 84
622 564 41 97 60
622 455 41 56 50
622 140 28 39 29
625 23 34 37 37
625 377 31 88 86
625 54 29 69 54
625 713 30 43 38
625 751 49 79 50
627 688 78 100 86
627 784 17 81 76
627 383 72 98 87
627 245 56 97 92
636 592 17 22 21
636 144 32 92 79
636 123 91 98 98
636 812 74 88 76
636 510 26 52 26
636 25 27 85 82
636 852 56 83 63
640 463 51 68 68
652 740 28 37 34
652 854 81 85 82
652 247 95 98 98
652 874 86 99 91
652 856 57 85 80
652 111 66 86 82
672 760 70 74 74
672 832 47 98 94
672 144 82 90 87
672 196 91 96 93
658 809 78 94 94
658 858 75 77 76
658 363 18 96 58
658 544 59 86 77
809 419 54 70 69
809 343 17 40 30
809 441 26 38 38
809 554 13 86 27
857 640 69 78 70
857 763 54 88 81
857 138 27 60 55
857 591 82 93 83
857 463 80 91 90
857 147 79 88 88
664 833 80 84 84
664 639 25 95 65
682 22 43 97 78
855 47 36 77 42
855 849 30 82 75
855 104 76 93 82
757 505 43 78 46
757 407 54 95 92
877 88 83 95 85
877 208 15 46 42
723 538 48 95 83
735 659 81 98 84
735 243 17 71 37
746 296 30 38 31
746 579 84 97 92
848 530 72 82 74
848 766 83 86 84
848 756 50 61 56
748 14 62 98 94
748 176 92 95 94
844 406 19 65 45
844 654 91 96 92
844 378 33 99 35
750 348 94 95 95
750 344 54 68 67
750 774 83 93 93
764 125 46 50 47
764 229 24 55 36
764 137 74 76 76
764 198 62 95 74
782 592 47 54 48
782 803 17 45 25
782 533 11 12 12
782 350 89 98 90
775 371 78 94 83
776 824 36 45 40
776 859 14 53 33
776 713 88 93 93
779 840 49 76 72
779 90 32 80 70
779 650 64 75 69
779 626 13 23 22
790 574 88 100 89
790 818 80 98 86
790 12 54 62 57
790 482 11 78 22
792 26 86 87 86
792 253 28 99 83
792 385 93 97 97
795 753 20 71 27
795 844 16 19 16
795 156 15 99 31
842 823 25 62 53
842 866 76 89 85
842 287 15 77 40
842 436 23 31 25
842 636 62 78 64
866 554 19 41 33
866 26 29 88 44
866 755 42 98 96
851 631 75 94 92
0 891
