475 1335
0 209 51 76 72
0 100 16 79 40
0 453 59 74 74
0 375 91 93 93
209 114 65 89 66
209 339 53 83 56
209 349 70 79 73
209 247 22 69 46
209 72 18 90 19
100 226 46 99 50
100 223 79 84 83
100 130 82 99 84
100 122 48 93 63
453 6 73 92 91
453 96 22 40 28
453 209 19 99 78
453 247 63 98 69
453 251 11 91 74
375 447 16 88 60
375 305 69 78 69
1 263 56 99 77
1 273 41 83 59
263 150 64 73 68
273 46 87 92 91
273 98 13 68 53
273 197 56 68 60
273 254 36 50 43
273 192 93 94 93
2 393 38 40 39
2 218 22 100 59
2 120 11 79 20
2 28 13 96 33
393 276 93 99 95
218 23 20 64 50
120 255 91 92 91
120 1 41 51 42
120 216 22 51 31
28 431 73 86 83
28 433 50 68 57
3 198 41 51 45
3 162 73 94 91
198 474 21 75 64
198 201 35 69 65
198 111 64 91 74
198 17 84 85 84
198 97 74 94 92
198 66 49 66 64
162 102 12 47 46
162 12 94 100 99
4 68 43 86 68
4 192 51 74 69
4 364 11 41 14
68 84 77 92 85
192 235 84 95 92
364 209 63 74 67
364 41 63 97 93
364 134 10 51 31
364 418 21 86 30
5 452 54 82 79
452 231 39 97 95
6 451 64 86 74
6 345 11 91 30
6 13 82 99 92
451 285 16 96 95
451 94 94 97 96
451 283 40 54 51
451 40 20 73 70
345 1 58 66 60
13 158 67 74 69
13 306 50 86 71
13 345 40 94 46
13 224 37 98 98
13 328 16 45 26
13 101 72 88 84
7 403 11 27 16
7 112 70 76 74
403 39 93 99 97
112 104 70 77 77
112 207 73 74 74
8 274 26 93 27
8 53 29 61 56
274 464 33 64 55
53 232 15 86 51
53 293 31 84 62
53 38 79 80 80
53 260 26 59 37
53 420 31 38 37
53 34 86 99 87
53 417 32 97 46
53 391 93 96 96
9 264 59 81 76
9 305 80 97 82
9 200 41 81 80
264 418 42 46 45
264 254 89 98 94
264 189 11 100 93
305 428 66 74 67
305 169 19 81 68
305 261 72 88 82
305 11 81 89 89
200 241 27 55 38
10 54 17 85 58
10 463 52 70 65
54 53 46 72 61
54 213 20 100 88
54 162 81 96 86
463 226 37 54 49
463 221 93 95 93
463 288 46 96 81
463 160 90 96 91
11 438 76 94 87
11 190 20 66 23
438 78 62 77 77
190 124 67 75 74
190 119 83 91 91
190 436 92 98 94
190 25 38 83 76
12 467 40 55 47
12 236 23 89 35
12 361 37 64 58
467 48 64 95 84
467 24 40 64 51
467 272 89 95 89
467 116 87 100 96
236 209 10 26 25
236 263 93 99 93
236 313 21 84 79
236 43 94 100 100
361 308 64 82 77
361 173 94 100 96
361 255 62 64 64
158 347 85 90 86
158 161 14 71 59
158 434 82 90 82
306 77 27 63 39
306 135 58 99 92
224 324 25 29 27
328 169 60 61 61
328 368 13 63 62
328 263 77 93 85
101 77 45 99 89
101 419 13 15 15
101 352 53 61 58
14 456 51 95 63
14 419 25 33 32
14 260 36 85 73
456 144 41 71 58
456 115 69 81 77
456 267 78 91 89
419 162 74 79 75
260 288 87 88 87
260 356 92 99 97
15 121 48 87 54
15 58 20 55 20
15 151 84 86 85
121 355 63 79 77
58 455 59 81 69
58 400 57 73 62
58 32 63 65 63
58 172 24 74 58
58 24 21 80 53
151 74 53 92 72
151 269 18 25 22
151 273 44 69 62
151 355 72 94 93
151 194 49 69 54
16 198 37 46 44
17 303 63 87 77
17 312 35 66 66
303 462 79 91 90
303 17 72 95 78
312 332 41 51 43
312 315 40 97 51
312 84 80 97 90
18 102 54 55 55
18 377 30 61 30
18 116 30 31 31
18 196 11 73 28
102 431 87 93 93
102 198 94 97 96
377 167 28 52 40
377 233 34 46 37
116 344 63 71 65
116 141 90 98 95
116 30 31 84 60
116 194 23 42 33
116 212 25 28 28
196 95 77 78 77
196 332 26 29 29
196 19 64 70 68
19 80 56 58 57
80 15 57 74 58
20 175 79 92 88
20 251 84 87 84
20 449 91 94 91
20 66 12 35 14
175 268 77 99 97
175 195 31 42 35
175 33 38 49 40
175 423 80 86 82
175 362 33 72 57
251 432 11 43 20
251 135 87 89 89
251 303 87 92 90
251 268 15 45 15
251 306 19 99 91
449 307 55 90 72
449 169 53 91 82
66 29 42 70 45
66 304 27 40 32
66 254 70 82 73
66 0 24 77 24
21 377 15 77 73
21 390 11 80 26
21 105 50 93 54
390 143 54 93 69
390 194 25 32 27
390 441 11 20 18
390 187 59 73 70
390 470 95 100 100
390 334 51 73 53
105 191 28 72 34
105 198 58 89 72
105 203 31 39 35
105 385 84 96 94
105 42 16 100 52
22 420 32 96 64
22 15 55 63 60
22 306 42 71 60
420 210 34 46 45
420 235 92 99 98
23 457 41 90 78
23 272 11 51 38
23 307 91 97 93
23 369 24 92 85
457 38 42 43 43
457 447 24 56 35
457 53 13 55 52
272 451 61 96 85
307 86 78 96 81
307 218 68 97 70
307 149 64 69 66
307 37 26 31 29
369 391 12 99 55
369 32 31 71 70
369 450 31 80 32
369 214 38 73 52
369 449 62 95 88
25 252 62 87 87
25 182 49 82 53
25 401 26 47 28
25 385 18 28 25
182 17 88 90 88
401 364 59 71 67
401 271 37 56 40
385 381 79 89 81
385 369 37 70 50
385 309 94 97 96
26 461 93 100 98
26 233 20 65 25
461 196 50 55 53
461 152 15 22 19
461 193 76 92 78
461 170 22 26 22
233 16 91 94 94
233 54 92 97 93
233 329 15 89 44
233 111 16 77 21
27 58 36 56 47
27 356 58 83 74
27 469 71 94 78
27 415 70 90 72
27 422 77 79 77
27 410 90 98 91
27 445 45 46 45
356 8 90 96 96
356 167 11 85 40
356 264 30 40 39
356 336 65 95 84
415 202 17 92 89
410 402 83 94 84
445 398 24 82 50
445 346 66 71 66
445 454 88 96 88
445 57 26 52 27
445 201 84 86 85
431 118 38 52 43
431 43 46 97 54
433 155 23 71 64
433 12 10 42 19
29 307 57 82 73
29 406 45 69 47
406 300 76 97 80
406 301 77 89 83
406 432 70 76 76
406 272 29 89 51
30 366 60 76 68
366 169 75 76 76
366 86 86 98 89
366 25 10 16 15
366 274 28 94 38
31 105 91 96 92
31 168 66 84 78
31 166 82 94 91
31 115 25 79 42
168 181 63 88 88
168 27 23 83 78
168 384 66 95 76
166 186 38 51 41
166 157 30 66 65
166 192 57 79 71
115 401 38 79 60
115 337 39 94 44
32 60 29 84 61
32 267 43 81 43
32 186 71 93 78
60 411 95 99 99
60 9 83 87 85
60 368 40 69 62
60 62 56 99 98
267 380 17 64 31
267 77 89 99 98
267 437 53 65 55
33 465 49 100 69
33 58 85 90 85
33 95 26 39 34
33 299 81 94 85
33 129 46 58 51
465 461 91 99 91
95 224 55 93 88
95 115 89 97 92
95 250 68 89 87
299 396 75 77 77
299 269 60 73 65
129 51 43 93 57
129 177 26 43 36
34 401 77 78 78
34 377 94 100 95
35 43 87 94 87
35 436 30 60 31
43 85 67 77 72
43 42 22 99 96
436 38 62 78 62
436 50 34 47 47
36 442 30 87 61
36 274 61 71 70
36 300 45 66 60
36 348 36 51 43
442 472 86 89 86
442 290 23 28 28
300 79 47 61 52
300 154 64 75 65
348 286 58 71 62
348 46 58 72 63
348 280 41 89 64
39 121 52 94 53
39 449 59 72 66
40 249 51 91 89
40 298 46 92 72
40 261 66 97 76
298 467 90 92 92
298 109 17 83 56
261 385 62 64 63
261 390 77 82 82
261 64 73 74 74
261 425 10 26 17
261 301 41 88 56
41 31 31 51 34
41 113 24 41 26
113 435 18 46 33
42 136 13 46 38
42 2 57 83 76
42 233 92 96 96
42 304 95 100 97
136 116 17 78 25
136 207 26 58 55
304 88 82 88 83
304 47 11 74 70
304 177 27 87 54
304 5 35 62 51
304 375 93 96 93
304 346 68 72 72
85 318 23 28 26
85 386 36 88 74
85 63 18 67 37
85 161 91 96 94
85 201 55 80 73
44 433 37 75 43
44 119 16 42 41
44 94 37 62 46
44 359 31 36 35
94 366 79 83 82
94 359 95 99 99
94 195 79 81 80
359 263 48 57 49
45 315 30 82 32
45 100 79 96 93
45 215 56 70 70
315 284 69 80 77
215 166 18 37 19
215 60 63 64 63
215 356 52 82 71
215 411 60 81 60
215 157 54 55 54
46 342 63 68 66
46 209 68 76 76
46 431 31 88 56
47 364 45 62 55
48 295 43 76 60
48 292 87 93 88
48 351 89 97 97
48 218 30 99 65
48 460 31 79 78
292 406 34 43 37
292 414 44 68 59
292 416 23 36 26
351 440 30 90 62
460 328 23 56 49
460 400 48 91 80
460 375 24 96 69
460 171 55 80 69
460 256 22 36 27
460 228 31 58 44
460 211 83 91 88
50 9 51 80 56
51 454 44 87 66
232 394 93 95 95
232 184 28 53 45
232 317 52 60 60
293 323 48 51 48
417 459 70 90 73
391 98 74 87 84
391 398 74 94 75
213 162 35 99 78
213 322 68 83 81
213 32 59 96 78
213 1 52 73 65
55 389 63 74 68
389 1 22 56 51
389 420 51 100 98
389 325 47 68 65
389 394 39 59 59
56 91 20 39 32
56 471 48 58 54
56 457 21 26 23
56 309 94 99 95
56 214 27 37 33
56 399 95 100 95
91 302 30 78 60
91 104 79 82 81
91 135 15 62 45
91 225 70 91 81
471 72 17 38 31
471 326 70 75 72
471 22 17 29 27
309 12 77 98 97
309 414 89 97 97
214 112 31 42 40
214 189 89 90 89
214 435 66 70 66
214 140 24 66 63
399 55 36 70 58
399 90 51 59 57
399 163 57 75 66
399 34 93 95 93
399 404 15 62 50
399 202 52 83 73
399 136 42 54 42
57 116 38 52 45
57 439 91 94 92
57 278 56 59 58
439 231 35 63 44
439 401 86 87 87
439 352 67 92 89
439 18 18 38 23
439 270 14 31 25
439 267 41 44 44
278 213 23 100 38
278 25 20 89 46
455 56 49 89 83
455 420 17 47 36
400 37 48 86 83
400 313 12 78 48
172 290 27 70 59
172 293 95 96 96
59 474 40 48 45
59 327 49 84 60
59 186 51 88 82
474 455 90 99 94
474 118 72 94 92
474 430 29 48 30
474 437 29 58 48
474 432 35 77 55
327 1 16 53 37
327 54 73 88 75
327 312 85 91 89
327 93 74 79 79
411 392 85 90 90
411 239 67 100 68
411 103 68 96 76
368 150 20 28 28
368 295 30 92 72
61 68 35 93 69
61 387 84 85 85
61 431 16 85 67
61 53 41 77 74
61 221 43 97 65
387 44 46 75 58
387 112 58 95 70
221 419 55 97 62
221 96 69 94 92
63 161 26 80 73
63 125 11 64 28
63 343 73 78 75
161 150 34 40 37
161 39 91 96 96
161 209 79 84 84
161 339 86 100 93
343 235 37 53 52
343 359 59 78 71
64 366 17 58 29
64 48 60 100 89
64 282 46 48 46
282 145 43 53 51
282 437 57 60 60
282 158 83 92 89
65 358 95 99 96
65 438 38 75 60
65 190 18 47 38
358 465 81 88 86
358 270 87 91 90
358 382 67 95 84
358 42 51 65 65
358 225 11 99 68
358 54 11 33 11
254 287 58 63 61
254 50 45 57 56
67 233 85 88 88
67 61 45 84 51
67 450 18 20 18
67 113 14 73 66
67 77 67 80 80
67 204 85 93 86
450 457 20 28 24
450 8 64 98 83
450 72 58 99 62
77 438 65 86 83
77 463 50 75 69
77 328 93 99 99
77 7 93 99 94
204 466 24 53 50
84 50 24 64 30
84 175 83 100 99
84 213 76 89 78
84 428 13 75 43
69 463 47 98 84
70 259 73 88 80
70 375 72 77 76
70 43 34 53 36
70 249 53 76 76
70 378 75 81 80
70 472 50 73 57
70 198 35 96 60
259 343 82 89 87
259 330 32 62 51
259 428 33 49 37
378 231 86 95 88
378 311 60 61 61
378 60 75 94 82
472 318 32 92 76
472 371 90 93 90
71 390 85 98 94
72 469 55 82 58
72 368 81 98 86
73 345 18 100 69
73 224 14 68 55
73 264 40 73 42
73 403 65 75 71
74 69 89 97 94
74 228 88 98 94
228 94 44 56 48
228 311 55 90 74
228 418 79 90 86
228 356 86 89 87
228 380 58 86 63
228 155 61 81 72
228 385 49 71 64
75 319 82 88 83
75 297 43 46 44
75 395 37 74 57
319 65 30 54 40
319 363 27 92 58
319 124 75 77 76
395 68 78 82 78
395 310 87 89 89
395 446 71 91 77
76 323 59 84 82
76 39 91 100 98
76 42 62 83 80
76 372 73 90 83
76 288 12 72 33
288 160 54 99 64
78 423 76 86 84
78 474 15 99 46
78 450 51 94 67
78 35 82 99 84
423 33 94 99 99
79 163 77 89 80
79 81 24 26 24
163 64 42 46 44
163 169 67 74 72
163 49 43 94 66
163 227 14 31 16
163 224 35 60 43
81 49 37 97 66
82 467 40 87 47
82 459 74 94 82
82 358 93 100 96
82 222 13 15 14
459 396 35 89 75
459 295 80 87 82
459 117 57 70 58
222 417 52 63 56
222 175 23 67 36
222 471 48 88 77
83 7 11 69 52
83 104 29 50 30
83 177 47 99 59
83 193 54 80 75
83 208 42 74 68
104 264 70 93 73
104 9 68 95 76
177 354 73 86 79
193 15 53 90 67
208 135 90 95 93
208 377 86 97 95
208 44 34 62 35
428 68 72 95 75
428 314 26 46 38
428 142 15 37 21
428 24 67 93 76
428 100 46 78 58
318 89 29 42 37
318 322 44 92 48
386 370 71 97 88
386 428 60 68 62
386 45 94 97 94
201 474 64 79 66
201 84 89 94 94
86 51 27 62 36
86 465 89 95 91
86 187 20 81 44
86 338 43 56 52
187 129 94 95 94
187 93 14 98 98
187 470 73 76 74
187 88 13 38 38
187 309 77 93 85
187 34 93 99 96
187 127 48 56 55
338 98 92 96 92
338 304 66 79 78
87 44 32 100 87
87 295 37 50 45
87 339 12 96 89
87 264 65 79 68
339 61 59 76 62
88 33 75 77 77
88 209 14 58 29
88 229 94 96 96
229 194 47 75 57
229 237 79 89 80
89 288 42 45 43
90 311 53 56 53
90 268 15 27 17
311 474 34 82 35
311 428 15 43 35
311 452 28 77 50
311 464 71 88 84
311 318 56 58 58
268 396 64 73 73
302 354 46 90 89
302 383 33 55 36
302 215 14 69 18
135 75 82 97 96
135 7 22 77 67
135 441 59 98 91
135 193 19 89 53
225 4 60 93 87
225 206 54 93 68
225 226 74 82 80
225 370 63 78 69
225 248 25 71 70
92 399 17 76 65
92 206 22 72 39
92 101 27 39 39
206 30 77 82 81
93 299 38 44 42
93 77 71 72 71
93 191 53 59 54
93 280 36 62 46
191 93 34 74 64
191 65 27 53 40
191 151 30 85 51
191 433 40 72 70
280 358 10 19 18
195 411 14 57 44
195 266 60 93 92
195 109 68 89 77
97 332 49 61 56
97 120 66 88 86
332 158 61 62 61
332 353 14 50 42
332 266 81 85 82
332 152 53 60 58
98 298 73 93 81
98 454 33 72 49
99 183 13 78 50
99 312 22 71 34
183 265 25 36 27
183 466 26 35 31
183 290 30 36 34
183 19 13 60 31
226 364 27 51 39
226 128 35 89 77
223 303 73 96 73
130 95 81 95 81
122 355 73 86 81
122 36 12 27 12
122 309 84 95 94
352 444 69 95 80
352 160 46 63 55
103 190 19 49 38
103 268 19 69 54
203 169 86 98 89
203 261 49 51 49
203 53 72 78 73
106 304 39 95 86
106 157 56 94 74
106 333 49 92 59
106 274 51 73 61
106 191 85 99 89
157 183 52 98 97
333 320 89 90 89
333 421 71 86 76
333 78 90 100 97
333 313 81 91 87
107 332 30 32 32
107 64 94 100 95
107 8 81 97 84
107 39 39 59 53
107 157 43 68 59
108 2 60 93 64
108 65 74 82 74
108 377 55 95 62
109 2 19 89 23
109 191 84 88 86
110 326 46 79 66
110 459 43 89 81
110 31 13 30 23
110 395 43 65 48
326 337 36 99 74
111 310 77 85 83
111 319 54 88 67
111 90 78 100 96
310 395 39 88 74
310 381 86 87 86
207 76 40 41 40
435 263 19 44 19
114 67 77 81 80
114 299 70 95 93
114 174 34 81 78
114 437 12 91 68
114 341 33 50 47
114 54 54 91 80
174 8 46 69 64
174 51 78 95 92
174 452 55 100 100
437 172 92 97 96
437 384 85 95 90
341 75 58 63 60
341 306 39 75 65
341 324 31 70 42
341 182 82 88 84
337 311 11 49 41
337 133 27 37 35
337 388 13 39 22
337 147 63 93 90
344 15 35 97 43
344 117 81 95 89
141 357 83 87 86
194 127 82 92 89
212 91 50 57 55
117 308 83 84 84
117 257 80 94 81
117 349 10 88 26
308 116 55 56 56
308 469 93 100 93
257 160 80 81 80
349 214 84 85 85
349 365 72 97 77
349 154 31 46 34
349 78 39 84 55
349 186 86 90 89
118 80 31 95 53
118 292 31 54 40
118 274 10 97 75
118 460 52 88 87
255 245 92 93 93
255 296 47 54 53
255 133 60 93 68
216 47 92 93 93
216 192 29 39 36
216 253 30 48 48
355 257 21 96 67
355 226 31 37 35
355 295 31 42 35
123 70 69 87 83
124 287 64 94 69
124 138 66 95 66
124 337 30 94 91
124 2 31 54 51
124 152 66 88 84
124 258 94 98 96
287 323 95 100 95
287 473 32 40 33
287 101 53 63 57
287 152 17 41 31
287 259 29 66 51
138 418 76 80 77
138 470 17 93 20
152 296 89 95 93
152 468 83 96 88
258 285 20 36 26
258 219 91 96 93
258 102 43 98 77
258 372 12 99 86
258 116 81 87 86
258 121 54 93 57
126 200 35 58 55
126 294 89 94 93
126 117 36 55 39
294 198 15 35 25
127 258 55 58 58
128 179 92 94 93
128 432 76 89 86
179 62 41 84 58
179 372 65 85 72
179 98 63 98 71
432 309 15 19 17
432 143 16 30 29
432 314 57 58 58
432 167 54 96 65
432 367 60 90 90
131 190 51 92 88
132 153 13 84 48
132 402 71 80 79
153 447 18 86 75
153 103 91 93 92
153 219 56 57 57
402 281 12 27 16
402 296 92 95 94
402 34 44 63 57
402 282 85 89 88
402 240 78 86 86
402 185 43 76 48
133 105 84 88 85
133 216 94 98 94
134 363 11 48 16
134 169 45 79 53
134 440 59 97 75
134 398 11 57 55
134 38 81 94 81
363 234 94 99 98
363 440 12 61 57
169 363 48 99 48
169 332 23 66 32
440 320 36 57 42
398 440 16 68 19
398 248 12 37 32
398 267 20 39 32
441 349 34 49 46
137 424 77 81 80
137 87 69 87 75
137 144 63 76 65
137 312 69 71 70
137 294 63 76 76
424 342 49 51 49
424 204 87 96 90
424 460 82 99 98
144 423 94 96 94
144 243 44 55 44
144 387 79 84 82
144 10 63 85 78
418 457 44 92 50
418 168 47 96 86
418 180 27 66 64
470 122 31 68 58
470 465 31 98 88
140 100 42 85 52
140 223 77 89 86
357 191 80 96 81
357 199 92 97 92
357 297 66 73 66
142 32 13 74 40
142 6 69 91 70
142 8 33 97 43
142 443 38 92 76
443 49 87 97 88
143 110 54 82 59
143 348 17 74 25
143 370 39 69 55
370 456 38 87 79
370 32 51 60 53
370 278 81 100 91
370 34 83 86 86
243 117 59 62 61
243 403 71 91 72
243 430 34 88 75
145 199 81 96 83
145 93 70 89 76
199 198 62 75 66
199 351 86 89 88
146 128 19 46 23
147 236 86 95 88
147 8 34 92 66
147 310 17 72 30
147 317 63 68 68
317 217 76 94 87
317 22 13 48 14
148 450 10 59 39
148 401 63 100 80
148 460 29 90 62
149 230 55 58 56
149 96 54 55 54
149 218 42 92 88
230 331 57 65 64
230 126 72 95 77
230 295 77 79 78
150 285 53 69 58
150 450 10 45 43
285 113 23 33 33
285 131 42 76 64
285 228 17 34 33
285 11 80 84 80
285 24 43 96 48
269 328 65 66 65
269 64 94 96 95
269 428 86 94 88
269 156 55 56 55
296 383 77 92 84
296 473 54 68 68
296 213 87 96 88
468 249 15 98 21
468 191 84 98 84
447 339 71 79 77
447 438 81 97 83
447 317 47 88 57
447 58 44 73 57
447 98 46 92 67
219 69 66 94 88
154 103 73 87 86
155 363 28 37 33
156 348 23 92 24
156 351 23 100 93
156 118 59 81 79
347 328 76 100 93
347 424 46 72 51
347 320 12 82 12
347 404 72 79 79
434 341 57 65 60
434 450 50 67 57
159 47 65 76 66
159 293 46 75 63
159 135 86 90 86
227 226 86 88 86
227 182 41 43 41
227 315 36 63 60
227 21 43 64 49
227 85 56 85 57
227 1 72 100 89
227 410 15 82 39
164 424 73 97 74
164 166 39 93 53
165 398 48 79 66
165 157 32 49 41
165 267 90 95 93
165 45 31 42 32
165 295 66 92 66
181 271 60 70 62
181 363 50 75 68
181 143 89 97 94
384 421 89 95 90
384 82 20 32 32
384 324 39 67 53
384 108 54 73 67
170 298 16 74 19
170 403 38 92 65
170 471 36 62 44
170 61 39 48 46
170 199 68 72 72
171 37 41 43 41
171 47 33 75 61
171 238 15 19 15
238 443 19 43 23
290 171 61 72 65
290 104 50 99 84
290 400 77 97 82
290 178 43 71 63
290 291 62 67 64
290 297 86 89 86
173 394 11 24 17
173 408 21 98 97
394 265 71 74 71
408 452 89 97 97
408 439 75 99 91
362 306 30 37 31
362 369 82 94 90
362 343 93 99 98
176 168 78 97 81
176 16 70 71 71
354 301 41 80 60
354 265 82 95 95
354 48 76 87 77
354 147 72 81 81
354 20 62 97 83
178 27 52 73 56
178 41 12 94 57
178 361 55 79 78
178 272 44 99 99
178 256 82 93 93
178 251 43 64 63
256 41 32 100 93
256 282 28 35 28
180 405 15 56 48
180 94 66 85 77
180 431 17 79 69
180 184 60 87 63
405 368 48 55 50
405 113 92 99 93
405 152 62 64 63
405 237 92 93 92
405 17 93 100 94
405 120 46 67 53
405 198 50 51 51
184 463 71 89 73
184 206 55 64 56
184 270 24 37 32
184 241 83 86 83
271 142 68 80 70
271 411 25 68 59
271 445 41 94 43
271 59 66 84 67
265 227 72 79 74
265 204 85 97 96
466 115 52 96 74
466 18 43 91 49
466 458 28 39 36
466 78 34 88 65
270 287 63 88 64
270 55 73 81 81
270 363 50 93 91
270 205 14 66 26
241 275 46 92 60
241 366 59 98 71
241 49 67 80 78
241 257 32 45 43
185 284 11 66 61
185 320 35 99 36
320 438 82 90 90
320 233 63 85 63
188 294 53 72 55
189 467 26 67 66
189 135 35 38 38
189 378 50 96 69
189 359 58 91 75
235 392 35 94 61
235 346 88 97 90
235 351 64 92 85
266 281 26 87 32
266 262 42 43 42
266 289 94 100 96
197 383 62 70 62
197 166 16 100 61
197 468 24 92 60
383 101 29 39 37
383 239 80 95 82
202 98 17 62 49
202 425 44 84 61
202 428 17 36 22
425 43 70 89 84
205 230 53 57 57
205 83 94 98 94
210 394 88 95 95
210 423 36 88 79
210 212 24 89 66
211 424 62 64 63
211 268 15 60 51
211 60 44 87 50
211 386 23 58 38
211 54 16 52 31
322 234 57 77 57
322 282 34 40 40
253 49 36 66 65
253 213 79 95 91
217 126 86 94 88
217 88 94 98 98
217 202 90 95 95
217 466 40 56 46
220 123 45 68 67
220 449 46 72 71
220 331 29 80 76
220 68 30 68 68
220 436 47 70 51
220 342 69 71 70
331 5 41 68 62
331 402 38 46 41
331 391 89 98 90
331 207 43 60 44
324 288 81 98 86
324 365 43 96 92
248 144 67 100 96
380 148 90 100 92
380 419 77 100 84
380 395 60 80 70
380 161 65 82 65
380 39 18 82 45
380 235 91 100 93
237 110 19 86 50
237 102 69 79 69
237 337 32 54 35
231 355 20 41 27
231 407 72 92 73
231 434 66 79 71
407 368 38 69 59
407 214 50 59 58
407 406 27 63 45
407 99 49 57 50
329 431 83 87 87
329 221 61 69 68
329 399 81 88 85
329 87 49 71 50
234 238 65 70 67
234 73 24 97 94
234 24 92 96 93
234 432 26 33 26
234 174 58 93 61
392 400 40 71 61
392 247 95 96 96
346 0 51 65 51
346 121 60 63 63
346 123 24 52 38
313 246 91 100 98
313 27 23 66 36
313 128 10 70 52
239 238 22 45 44
239 147 45 47 45
239 155 22 56 54
239 178 61 69 65
240 407 69 74 72
240 49 55 80 72
275 152 26 55 41
275 134 37 49 48
275 24 53 55 54
275 438 56 96 63
275 284 17 93 92
242 8 92 100 100
242 383 72 97 78
430 98 34 89 75
430 49 95 97 97
430 272 16 80 80
430 228 12 56 44
430 207 42 52 52
430 355 58 100 92
430 455 46 78 75
244 34 27 40 30
245 328 76 90 78
245 251 89 96 90
245 104 42 54 48
245 170 94 97 94
245 282 48 69 53
246 290 21 70 69
246 270 78 87 79
246 324 14 71 64
330 394 94 98 94
330 308 43 91 69
330 412 16 95 39
301 13 93 98 97
301 295 35 39 38
301 177 35 59 37
262 43 26 78 41
262 135 62 74 65
262 289 50 78 62
262 318 57 71 57
262 221 61 65 61
262 408 25 48 42
289 390 72 89 82
396 72 55 96 82
464 200 74 96 86
464 313 70 74 70
464 342 29 53 33
464 348 25 67 52
276 189 24 53 44
277 412 90 93 93
277 213 58 96 86
277 332 45 55 54
277 225 68 87 85
277 333 64 99 94
277 210 79 86 82
277 284 21 46 39
412 209 18 82 79
412 425 38 49 39
412 292 16 92 89
412 243 17 47 18
279 213 15 25 25
279 327 93 97 93
279 339 52 94 79
283 152 38 52 40
283 267 38 77 75
283 400 45 98 83
283 228 68 89 77
286 197 86 88 86
286 273 12 19 16
286 380 35 58 35
473 372 70 74 72
473 319 82 98 96
473 130 28 41 34
291 209 87 100 96
291 256 34 80 61
291 302 11 38 28
291 197 46 84 68
291 447 21 88 51
414 106 46 78 63
414 453 11 49 41
416 306 40 60 48
416 417 17 31 30
416 361 50 57 57
462 434 55 68 56
462 319 38 45 42
462 372 13 100 95
381 14 46 81 50
381 435 68 88 73
381 43 58 85 59
314 474 63 94 92
314 51 20 66 44
316 48 93 94 93
321 243 24 96 73
321 118 73 98 94
365 220 75 87 76
365 414 73 98 95
365 319 68 90 80
325 416 71 77 73
353 16 82 85 82
353 240 15 22 22
353 164 49 91 65
353 237 76 77 77
421 107 61 71 65
421 65 67 89 87
421 349 52 75 65
334 130 53 63 62
334 28 75 96 75
335 360 30 84 33
335 106 41 94 87
335 97 26 79 57
335 291 88 99 97
360 408 91 92 91
360 103 79 92 89
360 56 10 23 18
360 33 70 81 74
336 186 58 96 81
336 131 30 95 66
336 413 74 78 77
336 285 40 89 44
413 31 92 100 97
413 101 58 63 62
413 199 56 78 62
388 57 59 92 84
388 397 14 82 64
340 127 61 67 64
340 255 55 90 75
340 179 90 100 92
340 95 59 86 66
404 292 21 71 31
404 207 87 95 90
404 108 48 84 53
404 34 23 80 45
350 232 49 84 53
350 300 31 58 54
350 417 18 94 78
350 414 70 93 86
350 142 82 92 88
444 10 30 61 44
444 358 20 38 25
444 359 19 46 30
444 188 17 36 17
382 66 38 50 44
382 239 57 71 69
382 280 22 39 29
367 265 75 82 77
367 129 21 24 21
367 210 26 30 27
367 255 10 27 25
367 143 55 58 55
367 247 57 61 57
371 41 40 86 62
371 452 15 85 63
373 219 42 58 49
373 314 63 76 63
373 302 72 73 73
373 353 10 37 29
373 51 44 80 45
373 184 71 75 75
374 153 42 58 46
374 152 77 90 88
379 102 93 99 95
379 96 25 67 57
379 441 26 72 39
379 184 21 71 47
397 386 45 64 57
446 322 18 85 19
446 77 15 90 20
409 138 14 68 26
409 37 21 90 60
409 224 75 91 90
426 415 56 95 61
426 43 30 35 30
426 226 46 54 52
427 399 45 55 54
429 10 52 86 83
429 181 45 57 50
429 95 38 52 38
448 48 31 36 35
448 450 53 70 63
448 156 53 91 59
448 243 46 58 47
0 474
