51 159
0 8 73 99 91
0 48 44 94 86
0 18 92 98 98
8 11 27 84 84
8 25 30 41 39
8 47 61 96 66
8 19 94 97 96
8 37 69 94 92
8 29 12 63 24
48 7 34 75 41
48 21 42 47 44
18 13 95 99 95
1 46 48 75 51
1 8 80 99 80
46 47 28 29 29
46 27 27 53 43
46 9 44 71 69
46 32 77 92 82
46 10 27 55 48
2 36 61 94 94
2 49 35 67 49
2 3 60 83 80
2 43 36 92 80
2 50 51 73 63
2 15 29 90 49
36 38 72 84 76
36 16 49 77 59
36 15 16 90 86
36 6 59 97 76
49 27 44 80 59
49 37 22 39 27
43 24 78 84 83
43 4 20 77 77
43 0 12 89 49
43 27 35 100 68
50 6 48 60 59
50 48 34 68 63
50 42 25 27 25
50 19 94 100 94
50 14 49 85 49
50 32 20 81 78
15 4 56 72 66
5 39 66 88 79
39 26 68 77 75
39 18 81 88 85
39 12 37 71 56
6 49 93 96 95
6 7 26 37 28
6 25 21 99 29
6 39 50 62 55
6 21 13 81 42
7 33 89 98 92
7 11 65 66 66
7 23 47 78 72
7 50 75 93 75
7 38 49 97 97
25 46 34 65 46
21 24 32 51 49
21 37 70 80 76
21 14 47 70 57
33 46 29 97 38
33 24 53 75 75
33 28 92 97 97
11 50 39 100 58
11 36 95 98 96
11 47 92 94 94
11 14 89 90 90
11 35 16 80 20
23 2 52 100 52
23 29 21 76 55
23 48 19 46 43
23 27 74 75 74
38 6 45 97 80
38 18 52 97 75
47 24 76 98 76
47 0 90 93 92
47 16 39 68 56
19 7 74 77 75
19 38 39 54 50
19 18 86 99 93
37 25 63 64 63
37 50 39 90 75
37 44 77 85 80
37 41 13 57 36
37 11 92 98 95
29 45 54 78 78
29 43 51 89 57
29 38 40 67 62
29 28 65 94 93
9 33 38 95 80
9 32 68 77 70
9 20 48 65 62
9 36 47 55 52
9 1 87 89 87
9 17 39 44 41
9 8 50 62 59
32 23 51 57 51
32 19 91 99 94
20 23 41 43 42
20 28 67 86 84
20 34 27 100 46
20 10 29 99 94
20 38 56 60 58
20 41 44 72 64
17 47 36 41 36
10 37 70 84 83
10 33 94 95 95
10 50 50 97 65
10 43 45 92 69
14 33 66 67 67
35 3 15 92 81
35 41 78 97 78
12 37 55 63 63
13 34 11 75 69
13 6 75 81 81
13 28 11 61 23
13 16 14 83 78
34 29 78 98 93
34 47 56 85 72
34 1 71 98 95
34 3 37 70 67
28 1 47 52 52
28 49 43 96 53
28 45 43 83 81
16 36 32 57 56
16 15 21 61 30
41 22 58 61 58
41 40 58 100 58
24 4 10 100 46
24 43 58 69 69
24 11 83 93 90
24 33 51 73 68
24 35 18 20 20
22 32 31 89 63
22 48 38 54 38
22 25 84 92 88
22 1 26 60 43
22 23 78 92 86
27 8 69 88 75
27 30 50 77 67
26 39 82 88 84
26 8 59 94 83
26 5 33 91 80
26 4 24 49 25
26 25 74 77 75
26 32 77 89 86
26 21 83 89 84
30 3 21 89 72
30 18 17 60 40
30 16 59 78 65
45 8 24 36 32
45 41 10 73 52
45 9 45 50 48
31 4 45 68 51
44 17 46 100 89
40 4 58 91 80
40 30 76 94 88
42 23 16 48 48
42 32 32 87 32
0 50
