806 1964
0 442 49 51 49
0 408 82 90 85
0 515 91 99 95
0 418 25 49 44
0 335 83 90 90
442 792 31 47 35
442 168 67 92 78
442 297 41 82 77
408 772 83 94 87
408 296 13 36 17
408 474 38 59 54
408 314 71 92 92
515 538 35 92 92
515 147 23 32 30
418 740 85 100 90
418 529 39 94 89
418 133 54 57 55
335 223 93 95 95
335 530 91 98 98
335 323 70 94 94
335 508 67 73 73
1 269 57 98 65
269 78 59 80 66
2 713 88 91 91
2 636 38 71 51
2 505 29 40 36
713 158 22 69 27
713 385 59 67 67
636 564 68 84 81
636 50 66 99 68
636 723 44 55 52
505 91 86 97 92
505 67 86 94 94
3 168 80 98 82
168 490 64 88 84
168 20 81 95 90
5 165 28 64 29
5 683 58 72 61
5 451 53 77 70
165 784 47 99 69
165 557 31 73 69
165 156 46 98 89
165 112 44 88 57
683 369 44 70 46
451 249 40 89 89
451 511 59 65 59
6 19 18 62 26
6 603 19 43 32
19 221 23 73 38
19 608 85 97 92
7 322 11 17 12
7 218 52 90 68
322 752 15 94 61
322 347 17 49 41
218 731 12 79 76
218 95 29 32 29
8 528 23 79 41
8 723 78 82 81
528 458 91 93 93
723 358 95 100 96
723 378 34 35 34
723 163 15 62 50
9 399 94 95 95
9 107 54 95 88
9 660 26 88 52
9 232 15 45 39
9 739 23 40 36
399 337 18 35 25
107 197 22 45 29
107 454 34 54 37
107 268 31 64 62
660 598 54 72 71
232 798 56 100 86
232 672 36 49 48
739 363 92 96 96
739 338 84 89 86
11 675 69 83 75
11 566 61 99 85
675 372 69 82 75
675 762 63 76 76
675 105 77 95 91
566 275 46 73 50
566 218 16 63 59
566 422 78 88 87
566 363 32 76 51
12 169 51 77 73
12 441 36 37 37
169 714 16 96 26
169 53 82 89 85
169 35 41 48 47
169 547 71 92 79
169 502 68 75 70
169 576 29 42 35
169 396 75 86 85
169 697 63 99 83
441 632 93 96 94
441 29 39 92 55
441 257 67 97 80
441 255 70 95 80
13 456 64 94 89
456 252 58 82 72
14 214 34 55 35
14 26 65 97 89
214 301 31 80 56
26 782 63 92 75
26 641 83 99 87
26 301 79 98 80
26 526 78 97 83
26 766 17 98 67
15 719 10 55 32
15 64 87 100 94
15 234 66 84 66
15 66 69 99 69
719 436 29 40 39
64 263 27 70 59
64 106 88 100 93
64 801 35 100 78
64 122 61 95 74
64 757 31 74 65
64 379 22 74 29
234 180 19 45 29
66 655 72 76 74
66 233 72 74 74
16 579 31 81 40
16 267 38 60 52
579 218 59 72 59
579 91 74 96 92
267 275 26 42 27
267 318 77 79 78
267 283 58 80 66
267 556 67 99 71
17 161 70 97 79
17 187 36 99 67
17 389 64 89 75
17 148 30 58 33
17 542 71 98 73
161 251 47 79 49
187 329 74 88 79
187 760 73 90 83
389 120 16 48 19
389 289 24 83 81
389 163 31 73 47
542 116 89 93 91
542 175 26 46 38
18 181 63 72 63
221 652 68 82 72
608 136 48 77 48
608 335 53 75 65
20 552 64 72 67
20 577 80 87 82
20 773 37 65 50
20 193 81 92 83
552 730 85 99 88
577 243 92 100 95
577 297 11 89 71
577 391 84 95 94
773 291 90 94 93
773 63 43 64 51
21 603 59 84 78
21 187 76 87 76
21 208 20 37 34
21 386 35 42 39
386 395 93 95 94
386 785 19 72 58
386 381 86 98 86
22 741 11 24 24
22 452 50 97 72
22 395 73 80 75
22 680 93 98 98
741 173 39 82 68
741 350 43 65 43
741 426 33 98 56
452 485 24 79 29
452 82 78 94 82
23 628 79 98 85
23 12 83 96 85
628 431 25 46 33
628 784 10 12 12
628 149 92 96 92
628 364 15 86 23
24 243 88 100 97
25 567 89 99 90
25 279 65 68 66
25 45 31 49 31
567 570 45 57 52
567 783 94 97 94
567 372 18 55 55
279 623 65 72 66
45 117 61 78 63
782 623 65 70 69
782 179 87 100 93
782 690 76 84 76
782 38 88 89 88
641 430 61 78 64
641 128 93 100 98
301 658 13 15 15
301 358 90 94 94
526 767 26 42 29
526 583 44 87 71
766 12 61 73 69
766 435 60 83 71
766 692 70 76 74
766 92 47 80 75
27 76 68 94 88
27 444 27 83 49
76 452 40 76 61
76 627 60 79 71
76 424 86 94 86
76 122 62 87 71
76 53 83 99 87
444 349 69 72 71
444 60 44 52 45
444 253 91 93 93
444 399 74 100 77
444 215 18 48 30
28 422 27 44 33
422 131 94 96 96
422 476 43 47 47
29 378 66 93 79
29 665 41 96 62
29 141 20 59 21
378 530 51 64 59
378 400 39 79 65
665 228 11 33 22
141 587 15 50 31
141 261 43 66 60
141 761 14 40 15
141 203 36 95 51
141 781 27 60 30
30 226 92 98 92
30 318 45 88 75
318 315 73 83 75
318 762 79 90 83
318 238 27 75 51
31 246 78 80 78
31 725 10 38 25
246 309 69 78 78
246 520 89 92 92
246 400 15 91 79
246 639 84 85 84
725 27 47 89 50
725 42 75 90 75
725 318 87 91 87
725 477 95 99 98
725 183 14 54 45
725 671 91 93 91
32 745 75 81 78
32 624 69 72 70
32 119 82 83 82
745 205 94 96 95
745 265 19 76 42
745 379 12 65 27
624 792 59 84 69
624 41 57 91 64
624 131 12 42 18
119 52 10 71 56
119 320 57 96 89
33 662 13 61 56
33 132 25 91 56
662 281 48 50 49
132 96 45 70 60
132 749 58 79 68
132 695 61 71 68
132 582 45 88 86
34 464 62 90 69
34 296 91 96 93
34 128 55 68 65
34 803 91 95 94
464 786 30 53 39
464 567 64 66 65
464 425 94 96 95
296 90 59 89 74
296 774 22 28 27
296 108 82 88 88
128 384 69 87 86
128 489 26 81 62
128 327 11 96 87
128 677 12 44 43
803 190 66 67 67
803 420 53 56 54
35 582 67 88 67
35 152 36 39 36
35 537 13 98 33
582 476 34 35 35
582 566 61 93 69
152 339 17 43 43
537 699 27 98 75
537 296 37 52 47
537 133 17 94 46
537 100 73 83 75
36 147 32 83 33
36 805 77 83 78
36 740 54 70 59
147 733 36 94 74
147 171 80 88 85
805 164 24 50 40
805 567 91 98 91
805 540 47 65 63
740 268 76 83 78
740 127 82 91 83
37 19 30 50 32
37 318 24 91 31
37 499 40 51 45
37 606 75 82 77
37 277 46 78 57
499 738 20 51 42
499 271 78 88 78
606 363 84 91 89
606 347 56 64 59
277 417 69 75 70
277 429 16 76 20
277 650 15 80 16
277 502 79 85 82
38 529 79 88 84
529 387 85 93 86
39 716 62 77 74
716 552 90 100 90
40 82 88 93 90
40 68 64 98 80
40 348 18 63 26
40 550 21 30 25
82 634 90 92 91
82 79 64 80 64
68 793 25 68 34
68 226 95 98 95
348 85 36 44 43
348 11 90 91 91
348 567 93 94 94
348 613 82 89 87
550 352 39 86 63
550 89 37 51 48
41 580 19 53 44
41 37 62 87 73
41 279 16 78 40
580 622 85 95 94
580 330 64 98 94
580 600 74 89 77
42 198 63 75 67
198 468 38 62 61
198 786 51 86 85
43 595 12 20 16
43 410 57 79 77
43 478 38 44 40
410 633 39 68 59
410 353 50 92 91
478 551 24 61 60
44 343 15 32 22
44 206 91 94 94
343 375 15 34 16
206 331 78 100 80
206 445 51 67 53
206 270 80 86 81
206 510 74 94 83
117 556 65 95 94
46 287 72 74 72
287 89 90 98 95
287 529 59 63 61
287 94 68 73 70
287 290 67 76 67
287 191 36 51 49
47 365 53 63 63
47 240 35 40 36
47 713 88 97 93
365 439 50 66 54
365 803 30 54 45
365 659 32 34 32
240 600 92 94 92
240 114 67 89 73
48 443 19 87 67
48 564 52 86 63
443 312 43 93 56
443 369 52 61 53
443 15 71 73 73
443 472 42 62 59
443 308 42 44 44
443 178 74 98 81
443 356 11 40 34
564 622 10 78 22
564 411 60 93 93
564 645 30 32 30
49 257 33 46 34
49 109 12 49 33
49 98 39 59 55
109 345 26 62 27
98 734 68 95 73
98 577 28 58 58
50 484 74 91 88
51 738 11 35 12
51 314 45 63 53
51 700 61 83 73
738 230 52 100 86
738 799 55 69 56
700 415 80 92 86
54 462 87 91 91
54 507 69 77 72
54 579 12 85 37
54 252 28 90 59
54 799 77 80 78
54 604 80 89 84
54 653 92 98 97
507 25 87 95 88
507 603 10 13 11
252 556 37 72 63
252 61 76 81 78
799 48 72 99 96
799 248 60 80 65
604 708 27 87 34
604 300 66 73 70
653 66 11 95 82
653 714 54 92 88
653 162 36 66 61
55 492 48 77 49
492 332 79 82 82
492 147 81 94 83
56 260 28 67 37
56 669 51 77 64
56 321 48 97 48
260 136 89 96 95
260 442 14 56 54
260 206 35 89 47
260 569 94 97 94
260 36 30 89 80
260 126 24 82 69
669 626 25 39 27
669 481 64 93 70
57 275 11 93 51
57 21 30 98 64
275 762 35 68 45
58 557 58 74 70
557 628 22 48 26
557 141 51 83 64
59 333 31 89 34
59 740 90 100 98
59 427 48 78 58
333 697 10 100 12
333 284 60 75 61
333 15 14 88 18
333 757 17 73 67
333 16 76 88 88
427 212 55 56 56
427 181 21 95 77
427 537 18 20 19
60 486 69 75 73
60 413 12 17 13
486 100 16 91 51
486 272 45 74 51
486 622 56 59 56
413 766 56 95 61
61 691 19 21 21
61 367 44 47 47
691 177 11 42 27
691 557 72 87 74
691 34 15 44 15
691 201 35 83 72
691 696 62 70 67
367 136 12 15 13
62 167 59 62 62
62 763 81 87 84
167 321 14 47 29
167 270 44 60 51
167 771 29 100 34
763 126 26 54 53
763 582 50 57 50
763 800 47 57 52
63 188 83 96 88
63 598 45 65 49
63 148 89 95 93
188 613 21 37 24
598 671 35 50 37
598 715 57 91 90
263 223 27 64 53
106 121 82 89 88
106 471 58 62 59
801 536 94 98 97
122 5 46 95 60
122 190 24 76 70
122 28 81 97 83
122 489 23 38 23
757 789 88 90 88
757 468 21 39 37
757 545 68 92 72
757 411 25 100 66
379 311 76 81 81
65 207 86 97 95
65 617 95 98 97
65 182 29 53 49
207 477 60 83 64
207 742 89 99 95
207 642 77 82 79
207 638 49 100 56
207 407 55 70 61
207 775 18 88 47
617 313 35 97 58
617 557 21 84 22
617 151 53 68 67
617 205 71 84 74
182 153 89 100 96
182 717 92 94 92
182 406 27 80 50
655 446 90 91 90
655 127 85 93 92
655 179 80 83 80
233 58 92 99 97
67 180 18 72 22
67 436 93 95 95
67 0 89 90 90
67 150 69 94 79
180 465 15 38 23
180 88 62 72 69
436 123 57 98 67
436 211 74 90 90
436 724 63 70 67
150 72 69 96 94
150 271 63 78 69
150 477 38 54 38
150 368 73 75 73
793 85 86 90 90
793 606 32 81 75
69 318 67 78 70
69 229 25 88 64
70 47 74 92 74
70 55 42 80 44
70 5 41 66 48
70 186 20 44 36
186 720 74 92 81
186 15 76 89 80
186 104 31 57 47
71 185 39 51 44
185 222 95 96 95
185 699 56 73 70
185 143 63 97 70
72 258 67 93 75
72 398 65 76 65
72 451 32 84 52
72 463 19 98 39
72 476 86 100 89
258 593 88 98 97
258 21 72 83 75
258 753 49 100 82
398 471 95 96 95
398 392 14 74 30
398 159 59 70 60
463 404 83 86 84
463 212 46 93 76
476 99 33 44 36
476 640 51 84 53
476 723 66 82 81
73 260 37 60 49
73 654 37 62 45
73 250 39 87 53
74 168 47 88 69
74 330 12 74 53
74 52 76 90 87
330 418 76 79 76
330 531 16 23 19
330 483 41 75 55
330 723 40 52 41
75 166 83 84 84
166 785 57 81 59
166 210 23 73 48
166 301 63 89 72
627 156 81 97 82
627 316 48 92 67
424 228 56 72 71
424 40 55 97 84
77 798 94 97 96
77 639 25 44 38
77 198 50 77 67
798 764 42 79 43
798 618 53 95 71
639 336 60 94 89
639 474 94 98 97
639 98 78 95 95
639 340 18 22 20
78 310 52 61 58
78 151 73 99 86
310 649 58 79 73
151 22 31 61 42
151 741 18 87 63
151 309 91 98 93
79 715 81 98 90
79 83 70 80 72
79 778 50 77 56
79 7 46 64 54
715 159 61 100 90
715 258 60 72 69
715 1 53 54 54
715 662 11 56 33
83 130 92 94 92
83 12 66 82 75
778 514 84 93 87
80 324 73 86 80
80 579 13 21 13
324 722 48 49 49
324 220 56 89 64
324 394 49 91 74
81 236 92 99 92
81 41 92 95 93
81 194 58 82 64
81 394 29 33 31
394 733 57 67 61
394 732 22 99 44
394 69 30 97 68
634 601 19 97 73
634 629 35 48 48
130 407 56 65 61
130 158 77 98 97
130 188 80 95 85
84 738 84 96 92
84 206 41 53 46
85 302 12 57 38
85 456 68 89 81
302 689 81 91 88
302 261 58 73 70
86 606 11 61 16
86 343 67 87 68
86 609 22 100 45
609 307 70 96 82
87 416 62 97 92
416 151 89 97 95
90 451 44 89 86
90 439 45 90 50
439 614 46 79 50
439 748 18 83 24
439 261 19 67 39
439 717 83 93 88
92 515 26 27 26
92 486 67 92 92
92 671 65 96 80
92 276 69 76 76
671 154 53 88 56
671 512 16 24 23
671 662 82 100 94
671 152 57 68 67
276 802 50 95 79
276 468 38 78 46
93 15 15 65 40
93 725 20 100 64
93 300 36 72 64
300 493 72 90 76
300 585 14 84 51
300 636 16 45 39
94 547 29 71 65
94 261 69 87 79
547 347 37 44 39
547 142 87 99 95
547 385 41 79 73
261 90 73 83 78
95 213 46 71 68
213 357 57 95 81
213 161 70 79 74
213 269 64 87 75
213 738 52 54 52
96 602 84 95 84
96 274 74 90 87
602 668 80 88 81
602 542 17 69 54
274 609 45 56 50
734 482 38 94 54
100 764 15 43 34
100 632 45 68 61
100 521 27 33 32
764 156 62 74 66
764 470 67 70 67
764 142 37 89 67
632 482 34 63 46
521 86 61 77 69
521 388 18 76 26
101 262 48 91 51
101 108 35 79 52
101 641 40 45 44
108 386 59 87 80
102 271 49 71 67
271 107 48 65 51
103 86 55 66 56
103 76 61 82 79
103 257 77 91 90
103 42 17 59 55
104 532 50 67 60
104 333 45 81 73
104 497 85 97 85
105 686 40 94 48
105 128 22 49 32
105 500 26 96 42
105 507 34 45 42
105 262 58 61 58
105 595 24 67 24
105 629 18 82 63
686 542 13 32 13
629 771 25 96 43
629 293 59 92 73
629 317 12 58 48
629 266 31 46 34
629 614 91 97 95
121 498 95 99 95
121 336 83 100 94
121 595 56 82 75
121 237 40 90 40
121 513 20 84 47
121 690 88 94 89
471 29 35 92 54
471 314 57 73 64
471 326 51 89 71
197 35 78 86 79
197 481 17 78 44
197 442 67 97 76
197 187 69 84 76
454 238 34 88 35
454 299 32 93 41
454 416 34 98 46
268 601 83 100 94
268 805 47 70 63
345 17 14 29 19
345 658 14 82 37
345 628 20 38 22
110 682 92 97 97
110 538 28 81 45
682 137 27 61 31
538 558 58 83 67
538 594 44 68 59
538 280 44 72 55
538 318 79 90 82
538 411 48 76 65
111 673 11 22 15
111 212 28 43 40
111 238 46 78 67
673 575 66 92 78
673 395 86 91 90
673 794 71 79 71
673 693 85 89 87
212 248 73 88 85
212 191 34 98 77
238 708 44 48 45
238 741 22 77 33
112 433 90 93 92
112 138 22 26 25
433 646 10 47 18
138 708 35 39 38
138 795 65 66 66
113 320 81 84 82
113 44 43 60 49
320 421 18 96 84
320 790 61 88 66
114 196 82 85 83
114 747 46 62 61
196 156 47 74 64
747 129 23 97 36
116 189 38 73 50
189 740 46 75 68
189 501 76 80 79
189 712 69 83 77
189 698 10 51 16
556 573 82 90 90
556 253 45 95 77
556 2 26 53 39
556 205 37 89 44
118 587 40 84 67
587 757 27 94 28
120 231 92 97 92
120 30 56 62 61
120 403 13 53 27
120 186 93 95 94
120 440 55 64 62
231 146 28 80 68
231 420 18 68 30
231 723 42 52 52
440 380 78 81 80
440 347 79 91 91
498 467 90 99 94
498 695 25 42 26
336 440 64 77 73
336 267 13 46 18
237 737 43 82 52
513 215 18 88 83
690 365 47 83 66
190 218 28 30 28
190 451 51 65 61
190 43 62 84 74
489 359 77 90 84
489 75 65 89 85
489 260 18 39 24
123 262 63 70 67
123 227 63 95 64
123 251 44 54 47
123 296 77 82 82
227 769 86 95 92
227 12 66 73 70
227 137 77 97 85
227 424 11 17 17
251 207 51 64 58
251 276 24 63 58
251 638 92 96 95
251 727 52 53 53
124 594 34 74 62
124 77 80 85 83
124 485 44 68 50
124 43 31 73 66
124 604 15 42 39
124 659 91 93 92
124 414 36 85 70
594 560 17 94 31
594 670 59 82 66
594 111 59 82 59
594 306 17 75 36
659 381 50 92 55
659 419 68 88 87
659 511 17 47 37
414 401 37 52 46
125 552 49 85 77
125 349 74 81 81
125 732 71 88 75
349 394 40 46 40
732 651 60 94 88
126 707 93 98 95
126 324 15 62 23
707 770 87 98 93
707 689 68 75 68
127 687 79 95 79
127 104 30 79 47
127 189 62 64 62
127 285 95 99 96
127 787 76 90 78
127 8 30 41 37
285 787 74 77 75
787 752 62 97 95
787 107 71 82 79
384 567 66 95 85
327 256 62 94 73
327 423 29 41 39
677 90 22 42 22
129 66 43 88 76
129 805 56 74 62
129 642 67 77 69
129 207 15 41 18
642 140 75 77 76
407 608 87 100 97
407 78 66 94 89
158 797 85 95 93
131 218 71 94 78
131 323 19 53 50
131 166 95 100 95
131 358 35 100 79
131 224 88 90 90
323 637 68 79 79
323 158 12 84 13
323 182 10 96 57
323 107 59 96 85
358 708 61 86 71
358 137 49 74 60
224 79 37 72 52
749 217 70 84 79
749 119 14 20 14
695 84 80 82 80
133 369 57 74 74
133 497 56 91 76
133 174 86 94 90
369 467 84 91 89
369 180 57 84 72
369 588 67 70 68
369 538 46 80 72
369 651 53 77 60
369 29 58 59 59
369 303 72 88 77
174 775 80 87 83
174 25 53 91 54
174 178 38 96 65
134 21 70 83 79
134 389 41 84 73
135 760 69 91 70
135 269 18 54 32
135 732 56 84 60
760 677 60 68 65
760 281 20 100 82
760 166 60 77 77
136 184 47 56 49
136 460 27 81 72
136 191 25 44 38
136 429 18 96 95
136 182 68 91 72
184 477 36 69 52
184 93 92 100 92
184 444 18 66 62
184 450 23 87 82
184 738 75 79 76
460 420 32 86 36
460 44 15 29 16
191 659 10 53 32
429 128 25 69 40
429 164 85 94 89
429 407 71 78 78
137 380 59 99 66
137 466 24 49 31
137 745 60 88 77
380 154 57 70 68
380 392 20 97 35
380 474 92 95 95
466 805 91 95 91
466 254 56 61 58
466 90 30 51 36
708 435 71 81 76
795 464 36 58 36
795 312 85 90 89
795 400 86 94 88
139 667 73 85 83
139 323 30 53 50
139 510 49 91 76
139 267 91 99 94
667 91 55 95 65
667 784 70 90 87
510 268 83 92 92
510 410 90 100 99
510 747 55 59 59
510 643 56 85 72
510 679 18 75 72
140 192 74 95 92
192 516 69 97 88
192 5 18 19 19
203 358 30 65 53
781 441 43 83 43
781 676 41 80 45
142 60 10 14 11
142 436 93 100 94
142 491 69 92 69
142 303 27 40 40
491 1 70 90 87
491 583 94 98 96
303 454 70 92 76
303 793 22 95 59
143 98 65 84 75
143 706 33 99 49
143 418 10 24 21
706 61 95 100 97
144 376 75 83 78
144 774 31 54 47
144 484 22 52 23
376 31 58 69 63
376 787 44 74 66
774 439 48 69 55
145 3 31 35 35
145 122 71 77 73
146 182 18 81 54
146 343 68 94 77
146 577 80 90 86
733 415 89 92 92
171 693 87 100 100
171 588 56 74 67
171 575 76 84 76
171 161 29 79 63
171 565 66 75 70
171 755 17 38 22
149 99 51 80 53
149 524 48 83 70
524 714 70 73 71
524 244 66 92 90
477 26 20 58 37
477 398 33 40 33
477 39 10 51 41
477 757 77 83 77
477 785 59 84 83
368 96 18 39 29
309 13 62 65 64
309 326 87 91 91
339 778 60 75 69
153 63 51 70 51
153 524 54 93 60
153 90 21 84 30
153 413 25 90 68
153 490 69 86 75
490 414 55 95 65
490 560 41 81 80
490 754 41 85 53
154 762 44 48 48
154 176 45 93 83
154 579 84 86 84
154 320 84 86 84
762 800 60 84 72
762 344 91 98 94
762 560 78 85 79
176 590 82 83 83
176 19 70 97 94
176 261 77 82 77
176 340 76 83 79
155 209 69 91 71
155 398 69 72 70
155 283 55 60 56
155 652 26 86 50
155 419 70 90 82
209 105 56 80 63
209 297 25 64 33
209 362 86 99 90
283 375 25 66 65
283 795 63 69 65
283 212 83 86 83
283 464 68 81 71
652 66 51 97 62
419 123 86 87 87
419 325 14 96 58
419 54 42 63 58
156 436 34 82 56
156 219 63 96 93
219 533 49 68 66
797 205 17 75 71
797 261 54 58 55
797 792 12 56 40
797 3 92 94 94
797 137 29 90 64
159 686 87 97 95
159 400 65 97 87
159 412 43 89 68
400 605 71 90 74
400 170 92 99 96
412 708 33 60 40
160 207 85 96 86
160 657 82 94 87
160 610 78 95 89
160 718 29 51 38
657 653 60 78 72
657 678 12 83 32
657 619 11 21 14
657 686 17 23 17
610 137 86 92 91
718 674 93 98 97
718 328 64 95 89
718 314 39 83 78
162 774 20 87 76
162 686 33 39 34
162 431 91 93 92
431 761 22 30 26
431 169 65 92 77
163 166 93 96 96
163 251 25 44 37
163 212 72 88 79
164 573 67 91 76
164 691 89 90 90
164 705 61 62 62
164 28 83 97 92
164 283 39 67 63
573 441 14 33 30
573 142 52 100 55
573 164 44 82 57
573 684 43 98 74
573 671 83 91 83
705 308 58 64 63
705 478 29 71 62
784 567 73 86 77
785 65 69 70 70
785 796 61 81 79
210 94 15 25 22
210 145 50 97 96
210 599 56 83 60
210 724 16 52 29
270 105 37 47 38
771 769 38 83 78
771 194 27 52 43
771 523 63 98 95
714 330 92 98 95
714 765 29 81 61
502 692 68 69 68
576 696 66 100 83
576 500 42 71 45
576 776 52 79 56
396 321 19 26 25
396 625 38 45 40
396 264 44 79 55
697 117 22 91 71
697 656 28 90 44
697 617 56 75 63
170 366 36 61 41
170 511 47 60 58
170 104 71 100 99
170 628 48 52 51
366 563 14 41 15
366 279 32 47 42
511 387 44 80 59
511 772 12 79 43
588 239 95 97 97
588 455 41 77 69
575 704 94 95 95
565 195 47 88 64
565 198 39 67 55
565 693 34 60 53
755 1 68 80 71
755 735 31 67 44
755 724 53 78 56
755 350 89 93 90
755 803 69 77 71
172 469 35 95 87
172 500 52 85 71
172 457 36 60 52
172 781 37 70 67
469 540 79 95 85
457 704 23 56 28
173 259 93 96 96
259 578 21 57 23
259 782 77 96 87
775 60 30 68 41
775 441 47 63 61
775 506 22 55 31
178 533 63 98 69
178 632 27 93 40
590 41 47 87 69
590 96 54 57 56
590 145 95 100 97
590 229 75 82 78
340 346 61 66 61
533 164 42 75 45
533 731 28 33 32
179 114 43 76 49
179 481 48 99 57
179 682 78 80 80
179 499 67 96 78
179 469 18 29 29
179 728 30 33 33
179 510 42 96 63
481 310 67 71 70
481 529 93 95 93
728 640 18 80 60
728 628 66 94 84
465 483 34 86 60
717 312 85 90 89
717 223 20 96 31
717 751 85 92 89
717 430 77 90 87
717 261 63 98 75
406 762 41 63 47
183 113 20 45 44
183 433 47 85 56
183 331 32 65 50
183 701 85 93 85
331 451 20 58 31
331 251 36 44 36
701 798 73 99 85
701 311 83 84 84
701 723 95 97 96
450 614 33 68 37
450 101 76 83 82
222 10 73 93 81
222 44 74 94 78
699 288 67 98 81
720 651 12 86 69
329 728 72 93 85
329 480 60 74 60
329 598 73 83 82
329 79 81 86 86
613 506 78 93 83
501 271 35 65 46
501 75 85 100 88
712 581 56 86 82
712 220 88 96 96
712 687 71 73 73
712 610 29 33 32
712 44 27 33 28
516 488 55 59 58
516 377 72 88 83
195 229 46 100 77
468 736 73 88 84
468 267 62 100 70
786 256 72 73 73
786 539 51 59 51
199 149 18 23 22
200 371 72 83 75
200 703 52 81 61
371 351 68 81 81
371 722 48 59 53
703 519 52 76 70
703 788 24 65 27
201 675 30 68 64
201 170 67 93 83
201 402 35 93 82
201 645 30 44 31
201 95 42 66 59
402 352 64 87 67
402 363 21 48 23
402 105 68 77 76
402 505 46 59 59
402 371 17 79 28
402 669 26 55 35
645 488 24 75 24
204 438 83 87 83
438 413 55 56 55
205 313 54 77 61
205 218 58 84 63
313 300 42 44 43
313 428 70 83 74
313 141 20 64 58
313 373 59 65 59
313 23 83 93 87
445 744 57 68 68
445 716 57 98 69
742 495 75 100 93
742 508 30 81 71
742 376 92 96 95
742 239 62 91 77
638 458 42 95 47
638 451 95 98 95
297 44 71 98 94
362 665 78 83 79
362 783 76 80 80
362 41 62 84 65
362 766 23 66 42
362 227 13 87 45
724 424 72 84 81
724 455 32 95 88
724 352 84 87 85
211 282 48 91 84
211 191 39 69 60
282 718 81 86 83
282 661 86 95 90
282 42 85 91 88
248 273 31 53 33
357 646 52 89 54
357 254 41 93 85
215 61 51 89 60
215 631 84 94 87
215 680 22 58 30
631 80 33 79 47
216 716 22 50 25
216 460 36 46 46
216 547 81 95 83
216 421 34 55 47
421 600 33 37 34
421 38 36 50 36
217 479 73 91 87
217 28 22 41 29
217 104 12 97 30
217 508 13 34 20
479 676 69 93 85
479 430 91 99 93
508 629 77 93 77
508 711 91 99 99
508 307 87 97 93
508 650 65 80 69
508 495 71 94 75
508 34 45 66 55
731 574 70 98 82
731 745 38 83 49
731 790 89 91 89
731 57 83 98 84
220 728 44 83 80
220 43 79 97 97
220 275 30 54 45
223 472 69 70 70
223 431 27 38 36
223 333 10 40 14
223 318 83 85 85
472 135 73 98 79
472 510 75 96 84
472 60 41 76 51
472 765 19 38 37
769 737 83 86 83
769 656 49 79 52
769 343 28 88 65
769 391 29 34 32
228 300 72 96 86
228 194 80 90 84
228 477 81 86 85
228 529 11 18 15
230 520 22 35 28
230 136 31 89 37
520 455 46 92 48
520 621 16 99 52
520 537 66 95 84
420 666 50 94 51
420 73 59 64 59
672 257 31 76 49
672 446 53 87 81
235 263 72 100 75
235 244 63 93 72
235 529 32 64 58
244 162 82 98 89
244 260 72 74 74
737 663 17 56 28
737 698 12 32 12
737 618 46 92 87
737 450 17 35 25
239 777 64 88 86
239 26 33 61 60
239 754 30 41 40
239 353 91 96 94
239 593 30 93 54
777 193 82 87 87
754 100 32 52 43
754 307 52 60 54
754 391 60 71 67
353 626 33 86 56
353 395 84 96 94
593 187 69 95 69
593 55 35 78 50
593 228 76 84 83
593 743 81 100 97
241 648 13 88 79
241 550 66 70 70
648 490 70 91 76
648 285 47 71 47
242 267 12 75 14
242 218 39 72 56
242 161 46 97 80
245 758 31 88 53
245 118 49 92 55
245 436 66 72 72
245 20 30 85 38
758 279 17 94 58
758 375 49 84 70
758 99 80 91 80
758 533 86 96 94
247 229 79 100 90
247 230 31 66 54
247 152 71 83 73
273 32 43 100 47
273 467 75 96 91
273 462 76 86 76
273 158 81 93 88
249 577 92 98 92
249 40 68 73 73
249 534 45 88 83
249 248 11 20 17
249 682 92 98 96
534 126 74 82 74
534 409 80 94 94
534 476 29 96 54
534 756 17 84 17
727 583 37 96 78
253 769 67 78 73
253 475 84 98 86
253 375 50 69 55
253 117 43 57 56
475 227 55 83 67
375 533 84 86 86
254 201 33 83 47
254 315 27 40 29
254 393 70 76 75
315 257 57 74 58
315 169 38 63 40
393 726 77 97 78
393 193 32 73 54
393 353 38 80 64
255 428 13 87 20
428 334 69 82 69
428 146 56 75 67
256 444 18 29 29
256 352 84 100 93
256 400 24 87 50
256 27 79 89 83
352 462 72 83 82
352 9 70 83 72
352 596 91 94 92
352 631 35 96 88
753 437 74 84 79
753 646 27 46 33
753 1 95 99 98
578 63 71 77 77
578 431 52 56 54
569 451 24 90 40
264 760 68 70 69
264 629 76 90 80
264 152 19 37 32
264 89 67 83 72
265 41 53 71 66
265 162 46 80 69
265 286 12 38 12
265 590 76 82 82
286 89 12 59 39
266 534 45 64 53
266 275 78 94 88
266 342 45 93 60
266 439 82 99 95
342 329 12 100 85
342 419 29 54 48
342 60 78 96 89
342 477 10 92 24
601 63 16 23 22
601 452 73 98 90
601 329 60 63 63
272 321 14 37 32
467 633 63 83 72
467 653 85 86 86
467 624 87 91 90
802 528 87 89 89
802 568 95 100 95
802 80 50 93 92
417 737 11 72 69
417 226 82 96 84
417 291 39 71 54
650 135 85 98 95
650 415 34 88 63
650 324 34 46 34
650 200 79 91 82
278 409 56 66 65
278 299 62 81 76
278 370 76 95 91
409 553 65 97 77
409 522 85 90 86
409 549 24 86 80
299 136 92 98 98
299 588 61 94 76
299 267 86 95 87
370 476 71 86 81
370 545 21 68 28
623 126 14 89 56
623 647 52 88 74
280 598 30 62 43
280 655 94 100 98
280 236 15 85 28
281 783 21 23 23
281 275 53 85 75
783 425 16 96 24
783 668 92 93 93
783 556 65 98 66
661 65 35 76 61
661 535 59 92 81
284 159 31 68 40
284 178 79 92 83
284 160 79 97 88
284 328 41 75 73
290 62 63 95 90
290 679 67 90 90
288 492 21 52 28
288 474 95 98 95
288 693 24 77 59
474 448 57 93 92
474 192 94 95 95
474 687 90 92 90
474 232 46 53 52
289 649 48 84 83
289 341 88 93 88
289 143 34 80 38
289 757 72 95 86
289 70 65 79 75
289 784 89 93 92
649 152 92 94 92
649 508 71 72 71
649 229 36 94 80
649 284 54 56 56
341 121 17 100 18
341 706 57 70 65
341 401 87 93 87
679 287 62 71 66
679 181 76 88 88
291 115 40 87 64
292 53 54 80 62
292 722 87 88 87
292 168 57 71 61
293 62 41 89 43
293 738 84 95 90
293 582 16 98 27
294 769 26 35 35
294 193 60 69 63
295 379 19 62 52
295 485 48 89 60
298 198 46 48 48
298 224 90 94 94
298 479 21 73 69
493 162 39 100 58
585 741 68 90 70
689 564 31 34 33
689 126 79 87 87
304 280 56 70 60
304 494 64 86 69
304 432 53 61 55
494 120 10 23 15
494 797 34 37 35
432 43 30 41 38
432 52 20 33 24
432 197 74 80 75
305 128 65 69 65
306 228 24 38 32
308 127 65 83 72
308 48 19 59 33
308 254 17 95 85
326 200 62 63 63
326 703 61 68 67
311 214 40 42 42
311 759 45 51 51
311 323 74 87 79
311 612 17 49 23
759 701 22 46 45
759 220 13 70 42
612 396 67 68 68
612 74 50 64 58
612 111 56 77 56
312 555 38 96 89
555 617 28 29 29
373 538 27 80 70
373 213 31 44 32
316 120 26 49 33
316 557 51 55 53
317 76 78 86 82
317 310 56 82 64
319 470 80 88 84
470 342 58 99 71
470 630 25 46 26
790 403 53 59 56
790 270 26 98 44
752 22 59 83 68
752 226 11 49 31
752 145 73 74 73
347 138 38 62 61
347 578 17 52 40
637 538 33 71 36
637 60 52 96 86
637 476 36 87 69
637 228 22 87 46
325 749 21 57 23
325 609 37 41 41
325 701 22 62 55
325 166 68 91 74
423 248 34 45 36
423 484 87 94 93
480 519 72 94 92
480 227 49 77 50
531 211 46 59 52
531 210 15 95 85
531 510 21 89 38
531 134 18 47 31
332 563 78 87 85
332 572 42 54 50
332 553 92 100 93
563 244 83 88 84
563 29 12 65 28
563 758 85 99 96
572 670 34 86 54
572 58 75 93 93
572 514 88 90 89
334 90 90 97 90
334 454 77 84 80
530 338 21 40 37
530 676 48 66 52
530 721 56 95 79
337 81 25 30 29
337 285 65 91 71
337 46 62 93 80
337 637 91 98 95
338 36 38 84 81
338 642 90 95 92
338 474 45 58 45
338 207 18 31 20
338 35 56 98 74
346 390 55 90 66
401 253 47 73 50
401 265 37 52 44
401 803 29 74 71
344 541 88 97 89
541 372 28 69 44
390 39 86 100 86
390 707 53 81 66
390 216 55 57 55
390 278 95 100 99
350 496 51 64 61
350 457 22 77 36
350 162 83 96 96
350 405 81 93 81
496 61 33 77 37
405 17 94 100 94
405 70 67 77 68
405 0 49 83 83
405 75 36 77 64
405 562 23 44 36
351 782 38 53 51
351 407 62 65 64
351 299 22 51 28
596 581 16 63 22
596 787 18 21 20
596 236 66 67 67
626 711 68 79 72
626 163 70 86 83
626 385 38 68 44
354 513 27 58 54
354 758 18 45 22
354 318 36 53 36
355 679 73 82 82
355 671 48 67 64
356 263 17 89 24
356 331 62 100 85
356 254 29 73 37
356 590 94 95 95
646 526 21 58 36
646 657 54 70 59
360 490 57 85 62
360 520 35 95 78
360 287 18 93 85
361 537 65 94 79
363 87 83 95 94
363 404 37 99 56
404 692 66 78 74
364 565 34 60 51
364 756 46 92 72
756 774 81 97 89
756 96 64 78 76
756 502 90 93 90
756 489 95 97 97
756 484 70 84 75
651 303 23 84 31
651 169 36 77 65
651 526 34 42 34
651 750 38 79 62
651 103 86 95 95
651 752 57 79 78
545 481 50 70 62
545 519 16 30 17
545 181 67 100 78
372 203 73 81 78
372 662 45 53 45
372 164 53 87 77
374 241 71 75 71
377 279 37 80 67
377 442 83 87 86
377 368 79 83 82
392 366 13 40 14
392 484 46 68 56
392 252 32 93 64
392 304 95 97 97
381 604 58 83 60
381 617 29 97 75
381 753 29 69 46
381 360 77 99 97
381 148 48 81 77
381 653 80 89 86
382 675 61 87 72
382 683 50 60 54
382 83 93 97 97
383 711 70 76 75
711 446 53 62 58
385 788 91 98 92
387 644 56 90 81
387 662 79 93 92
387 782 81 96 96
387 788 30 32 30
387 94 83 88 87
644 533 36 85 63
644 519 57 74 58
391 34 20 44 33
391 228 90 100 95
391 437 80 94 93
391 438 90 99 99
437 410 22 67 28
437 450 22 36 28
726 181 12 24 18
726 237 86 88 87
726 629 51 100 82
726 495 49 67 52
625 668 61 88 74
625 420 90 92 90
397 426 93 100 97
397 713 64 75 70
397 798 29 41 29
426 205 67 74 74
426 544 10 57 29
605 360 60 99 67
692 760 38 62 45
692 172 26 72 37
692 657 44 69 47
692 762 29 96 79
562 363 71 88 80
562 175 62 73 65
562 453 62 74 70
562 67 86 94 93
562 128 34 46 36
562 628 74 81 80
772 105 38 52 39
522 338 49 88 88
522 5 22 24 24
522 27 82 97 95
522 292 87 94 90
549 750 64 72 68
633 73 95 96 95
633 693 26 81 77
633 760 25 60 44
411 26 89 90 90
411 138 18 95 75
415 49 89 90 90
415 487 19 72 29
415 215 24 39 34
415 583 73 82 82
415 461 88 93 90
487 335 64 70 66
487 56 57 62 58
487 493 82 98 83
487 446 59 78 66
487 733 31 68 65
583 227 80 97 97
583 333 82 98 97
583 647 19 48 29
583 92 93 96 93
461 101 34 79 70
461 14 57 95 62
666 18 49 88 82
666 429 37 57 52
666 301 59 70 63
544 516 70 75 72
544 656 86 98 87
430 578 10 25 12
430 550 19 24 19
430 164 40 52 48
434 442 20 100 21
434 567 92 100 93
434 426 60 81 69
434 35 70 94 87
434 580 44 50 50
435 694 37 62 60
435 331 56 72 61
435 61 30 94 34
435 200 58 67 62
694 417 59 66 62
694 364 26 80 61
694 586 24 99 43
614 738 44 56 55
614 292 18 87 26
614 190 18 69 24
614 398 88 100 99
748 686 49 58 53
748 436 47 72 57
792 360 32 44 42
792 335 26 68 34
792 728 42 74 46
792 695 52 68 68
744 80 59 62 59
744 194 17 100 32
446 775 34 35 35
446 635 49 51 50
446 476 83 90 84
446 629 73 85 82
447 774 11 49 26
447 472 40 49 40
447 10 85 90 86
448 183 87 97 87
449 57 93 99 96
449 431 22 87 82
453 654 71 85 74
453 44 91 100 97
455 466 41 74 62
455 774 71 80 75
455 218 52 70 53
455 517 29 63 36
455 125 77 89 82
517 690 13 15 13
517 422 67 90 86
704 556 47 73 60
704 348 82 95 92
704 26 29 60 49
458 299 29 46 44
458 1 23 94 25
458 668 73 99 97
458 527 71 78 78
668 685 35 51 48
527 597 77 94 92
527 429 84 95 94
459 617 30 72 69
459 614 49 69 65
736 320 42 65 54
736 522 23 62 48
736 779 56 98 69
736 220 31 69 63
736 194 13 66 43
540 128 61 97 84
540 130 43 98 98
540 398 45 64 50
630 73 81 84 84
630 22 35 90 80
630 664 67 87 83
473 445 72 94 81
473 258 71 85 80
473 62 49 51 51
640 483 22 54 44
640 39 20 28 28
640 667 16 85 84
676 626 54 82 56
676 227 74 88 81
519 181 88 99 93
519 432 43 46 44
519 282 13 54 18
482 495 82 90 82
482 506 91 94 94
482 253 94 98 95
495 302 16 48 18
495 257 40 94 57
506 19 51 92 92
622 778 18 45 19
622 753 87 94 91
622 11 53 86 67
622 720 49 90 51
488 354 29 92 52
488 370 10 82 67
488 623 67 77 70
488 515 56 96 88
560 633 25 87 42
560 649 25 45 25
503 43 57 76 75
504 235 88 95 92
643 281 40 47 43
643 367 10 54 24
512 500 90 96 91
512 664 36 56 47
512 460 61 70 67
512 81 42 87 45
664 31 95 97 96
664 306 27 98 47
514 408 80 92 89
514 163 34 35 35
514 224 85 88 87
518 87 88 91 88
518 319 45 48 47
518 562 32 74 63
518 669 76 93 89
621 656 22 85 69
621 674 48 64 54
621 623 26 35 29
523 147 38 97 58
523 43 19 98 94
525 264 66 73 72
525 658 44 46 45
525 329 82 89 88
767 330 20 90 75
767 180 26 77 73
767 398 77 92 87
597 135 37 64 39
597 26 35 56 41
721 123 34 61 53
721 273 75 95 76
535 541 26 88 44
535 616 70 90 84
535 170 47 69 64
535 190 28 89 66
616 105 51 85 54
616 637 69 83 72
616 337 27 37 34
616 130 23 26 26
616 452 72 91 81
536 253 29 46 32
558 42 68 87 76
539 670 18 67 29
539 785 36 55 41
670 136 40 75 43
670 304 43 79 75
543 194 94 98 96
543 201 69 80 73
543 747 47 48 48
543 127 57 72 58
656 366 80 86 84
546 308 45 86 46
546 359 41 64 54
546 213 81 96 94
548 333 30 92 74
548 256 21 87 21
548 94 69 99 97
750 593 59 66 59
750 339 62 64 64
750 295 47 60 53
730 100 90 95 94
554 60 49 67 66
559 583 33 100 60
559 599 52 64 60
559 666 41 65 50
559 405 74 94 89
561 374 62 65 62
561 752 88 95 88
570 7 35 98 43
570 73 73 88 83
570 494 86 100 95
570 594 77 97 94
570 259 20 75 47
568 184 65 70 70
568 295 83 96 89
571 745 52 88 59
684 280 66 79 67
684 652 58 64 60
684 763 49 57 53
684 536 82 83 82
574 332 93 98 96
574 407 35 53 35
574 794 72 90 82
574 570 39 67 53
574 376 62 74 64
794 68 61 95 61
696 693 81 92 86
696 249 74 90 74
696 318 41 90 68
696 5 35 53 39
776 629 74 99 76
776 438 37 45 39
581 430 28 44 37
584 71 87 100 93
584 214 51 75 60
584 582 78 94 78
584 561 75 82 77
584 640 69 97 89
584 227 64 84 84
584 377 92 97 96
586 685 87 94 92
586 610 62 78 64
685 698 44 73 62
685 548 81 91 85
589 2 51 94 87
591 594 81 98 90
591 324 74 83 82
591 356 61 88 68
591 508 41 74 54
592 126 22 34 33
592 649 91 99 92
607 28 40 97 70
607 504 18 57 53
607 177 71 98 89
607 536 76 83 80
611 97 59 96 92
611 237 93 94 93
615 508 13 40 21
615 454 16 26 26
615 618 48 94 61
618 106 67 68 68
618 769 44 56 47
618 627 90 91 91
619 721 15 96 49
620 153 52 97 68
620 116 51 87 86
620 197 66 68 68
620 680 95 96 96
674 355 59 61 60
678 668 47 94 55
678 129 21 94 75
663 560 13 49 39
663 748 14 31 23
681 137 34 55 52
688 108 20 70 41
688 683 93 95 94
688 399 34 58 39
702 99 32 61 56
770 803 62 64 64
709 460 94 96 94
709 90 87 94 89
709 88 72 90 77
709 714 47 98 74
710 757 75 99 79
710 231 71 79 79
751 509 29 89 49
751 532 53 60 53
751 619 12 13 13
751 377 42 50 42
729 183 22 93 76
729 613 17 22 17
729 611 12 70 37
729 218 18 67 54
729 180 48 67 48
735 305 63 70 69
735 475 28 39 31
735 701 74 85 75
779 536 27 47 32
746 306 12 61 49
789 427 22 93 66
789 781 56 87 82
800 215 19 79 45
800 50 62 63 63
800 667 45 80 55
768 594 11 69 21
768 126 11 90 71
768 155 61 99 69
768 541 52 66 66
780 230 15 59 19
780 577 18 67 42
780 334 47 62 47
780 716 66 86 76
780 166 16 35 24
796 317 60 89 68
796 350 27 37 34
791 315 84 97 87
804 498 38 86 42
0 805
