976 2887
0 912 84 93 90
0 634 48 57 57
912 818 54 63 61
912 777 28 50 41
912 571 68 88 76
912 773 30 69 49
634 793 59 89 65
634 681 78 80 80
634 591 80 95 83
634 878 21 39 30
1 944 14 57 20
1 39 40 81 76
1 394 10 90 42
39 569 33 93 39
39 630 30 78 50
39 75 86 98 94
39 633 34 46 43
39 632 63 99 73
394 274 92 98 96
394 247 21 94 60
2 697 63 88 71
2 693 84 95 93
2 268 16 86 84
2 362 80 98 83
697 962 62 85 82
697 173 91 96 93
693 231 83 87 86
693 791 70 87 73
693 571 51 76 72
693 36 79 92 90
268 806 16 46 33
268 115 33 57 33
268 87 36 49 36
268 440 10 14 13
268 62 83 89 84
268 73 73 80 78
268 439 64 70 65
362 253 56 75 69
362 86 30 100 49
362 157 76 90 87
362 370 27 78 56
362 48 76 98 92
3 788 89 90 90
3 240 64 65 64
3 338 68 93 85
3 914 81 88 84
788 857 70 86 76
788 385 61 65 62
788 153 13 38 36
788 902 89 100 95
788 879 43 50 49
788 834 10 23 19
240 954 23 25 23
240 228 93 100 95
240 801 49 93 91
240 582 24 67 55
240 494 63 100 73
240 270 16 19 18
240 657 65 79 66
240 851 22 42 26
240 704 62 64 62
338 666 71 98 90
338 649 47 90 65
914 128 84 89 89
914 405 64 85 65
914 446 74 79 74
914 737 76 99 81
4 427 46 67 54
427 81 42 56 49
5 889 91 99 96
5 365 76 87 78
889 466 78 98 90
889 833 51 81 59
365 563 48 78 61
365 829 64 95 73
365 272 93 100 94
6 306 65 87 67
6 141 58 92 62
306 20 90 96 94
306 264 51 74 57
306 127 50 82 62
306 682 71 87 83
306 522 58 93 75
141 870 17 92 32
7 467 45 91 70
7 741 31 91 69
7 649 68 95 87
741 792 38 44 38
741 119 62 70 63
741 337 82 92 86
741 855 83 84 83
649 535 13 42 25
8 647 40 57 47
8 441 92 95 95
8 370 21 81 77
8 672 70 96 74
647 170 75 95 94
647 347 38 93 48
647 765 86 97 94
441 597 48 57 57
441 401 64 85 67
370 302 81 92 85
370 932 93 96 93
370 885 20 51 35
672 241 36 80 39
672 182 84 95 92
672 207 79 96 87
9 973 11 82 33
9 137 93 99 96
9 919 52 80 57
9 675 91 97 96
973 769 48 95 65
137 636 16 65 31
137 410 49 58 56
137 269 62 99 89
919 814 22 99 22
919 332 55 98 87
675 490 17 40 22
675 525 91 93 91
675 7 41 78 63
675 942 43 71 54
675 626 94 98 98
675 960 76 96 86
10 584 73 88 73
10 939 51 73 69
10 15 58 75 66
10 320 62 99 81
10 400 75 81 81
584 930 37 71 43
584 630 71 72 72
584 650 33 100 86
584 431 31 56 54
939 924 64 79 78
15 635 92 94 94
15 382 78 85 78
15 820 86 98 93
320 714 15 87 47
320 736 50 63 60
320 51 41 74 66
320 432 48 71 50
320 372 21 44 41
320 581 72 87 80
11 373 71 94 87
373 28 47 94 66
373 135 43 86 49
373 259 67 98 98
373 514 62 77 75
12 685 84 93 92
12 268 81 95 91
685 757 29 78 35
685 125 35 80 56
13 905 26 76 68
905 103 44 68 50
905 286 43 45 43
14 18 25 85 56
14 814 74 80 79
14 611 21 60 45
14 12 46 58 48
14 437 69 81 69
14 343 82 99 84
14 564 81 100 96
14 261 86 90 90
18 130 77 89 80
18 628 57 90 71
18 32 77 82 79
814 911 75 90 82
814 744 11 89 32
814 428 34 84 80
814 231 51 73 60
814 94 59 63 63
611 58 34 94 77
611 366 66 84 66
437 879 83 95 92
437 970 63 65 65
343 103 16 46 23
343 31 10 72 36
343 776 73 86 75
343 332 15 54 24
343 181 49 60 55
564 323 66 97 96
564 406 75 90 88
564 694 33 35 35
564 368 27 31 30
635 477 45 93 58
635 322 89 94 92
635 626 42 64 62
382 127 32 43 41
382 888 59 96 80
382 580 13 49 39
382 94 35 88 51
382 154 92 95 93
820 607 78 99 98
16 180 50 80 66
16 670 17 91 89
16 866 29 33 30
16 667 72 86 79
16 218 34 86 40
180 534 56 64 64
180 636 74 93 77
670 972 86 91 91
670 818 49 73 66
670 62 27 92 75
670 945 71 82 77
670 759 44 70 54
670 671 82 99 95
866 239 89 90 90
866 917 80 86 86
866 477 12 80 78
866 665 15 57 44
866 64 78 93 89
667 881 77 89 78
667 163 89 97 95
667 444 13 18 16
667 689 12 69 36
667 914 25 31 29
667 500 31 86 80
667 114 61 85 85
218 376 17 26 22
218 893 40 94 85
17 969 61 87 84
17 622 55 63 55
969 28 12 93 85
969 606 20 92 72
969 455 58 75 61
622 917 77 90 78
622 364 35 40 40
622 718 24 57 47
622 527 15 100 81
622 316 93 100 96
622 178 84 91 84
130 107 11 24 22
130 623 34 62 41
130 32 69 76 69
628 285 21 63 30
628 152 65 92 74
628 737 50 78 66
628 403 33 38 34
32 329 15 37 22
19 340 38 91 67
340 486 22 66 29
340 29 58 66 65
340 817 65 93 68
20 0 58 75 60
20 555 36 46 39
20 556 83 94 83
555 159 93 95 95
555 836 67 92 89
555 52 16 100 27
555 546 93 96 93
555 862 59 88 70
556 857 62 91 70
556 706 51 80 67
556 555 74 80 76
556 290 74 79 77
556 767 54 88 67
21 328 12 47 15
21 90 63 66 64
21 658 55 56 56
328 462 13 18 18
328 43 51 68 65
328 318 44 68 55
90 161 21 35 24
90 550 10 52 42
90 344 59 80 60
90 388 53 70 63
658 769 67 87 85
658 163 33 86 51
658 851 58 89 66
22 623 70 87 78
22 174 35 62 48
22 539 72 87 78
623 164 84 86 84
623 797 48 96 60
174 943 60 79 70
174 64 57 66 57
174 120 77 89 80
174 243 37 94 92
174 4 48 79 68
539 204 31 63 41
539 265 15 67 33
539 938 13 28 23
539 478 30 66 56
539 741 88 90 88
23 782 11 59 14
23 942 54 97 77
782 90 77 91 78
942 328 95 99 97
942 279 58 70 60
942 629 56 75 65
942 945 45 84 49
24 553 83 88 84
24 193 46 58 50
24 395 22 49 42
24 610 51 61 52
24 452 55 63 63
553 124 69 91 91
553 776 73 84 76
553 722 14 82 36
193 423 67 94 90
193 34 49 80 80
193 398 50 98 80
395 641 27 52 47
395 700 67 78 73
610 366 49 67 56
610 814 79 80 80
452 633 45 72 47
452 149 39 58 55
25 442 51 96 79
25 89 62 65 63
442 886 60 80 72
442 634 23 45 40
442 824 51 99 60
89 243 92 99 98
89 523 46 87 70
89 40 75 97 78
26 245 75 85 85
26 953 18 59 34
245 205 62 80 71
245 313 28 81 41
953 330 62 66 64
27 806 21 74 48
27 419 19 66 65
27 793 12 76 65
806 842 61 83 77
806 409 64 98 67
806 139 27 38 35
419 2 15 82 59
419 844 33 46 45
419 384 43 100 98
419 6 83 90 84
793 198 68 91 81
793 645 24 30 27
28 539 61 100 64
28 616 28 76 33
28 74 22 99 81
28 291 71 86 85
28 464 38 41 41
28 650 84 88 88
616 546 30 57 46
74 573 40 52 51
74 860 34 93 51
291 482 93 99 95
291 522 19 73 53
291 541 21 95 76
291 146 66 86 74
291 537 67 99 91
291 41 43 51 51
650 428 78 87 82
650 745 85 89 86
650 741 51 93 55
29 703 34 95 44
29 903 82 92 89
703 26 83 85 83
703 535 20 94 81
903 616 11 54 36
903 493 51 57 55
903 726 91 98 94
903 459 53 84 72
30 488 82 100 96
488 956 25 82 51
488 2 46 86 63
488 107 10 28 12
488 302 17 90 21
488 459 36 69 44
31 201 51 52 51
201 650 50 51 51
201 798 59 90 82
201 178 76 91 87
201 545 95 99 96
329 217 11 58 23
329 353 55 70 60
34 169 64 99 73
34 417 15 73 37
34 821 51 92 60
34 906 36 85 79
169 788 35 60 35
169 880 55 60 55
169 883 76 98 77
169 333 81 98 84
417 10 63 94 73
417 253 61 88 81
417 74 31 92 51
906 928 31 55 46
906 675 38 60 55
906 720 47 97 68
35 807 16 96 44
35 729 48 89 73
35 789 37 91 88
35 325 21 47 33
35 149 66 72 72
807 471 87 89 87
807 798 14 38 31
807 285 28 33 33
729 612 95 96 96
729 857 27 88 83
729 132 55 56 56
729 743 93 100 94
729 2 10 33 22
789 3 36 37 37
789 193 85 93 88
789 249 23 93 60
325 695 30 46 35
325 198 28 90 42
325 434 43 97 61
149 588 73 97 91
149 259 54 69 63
149 329 52 86 65
36 938 28 45 39
36 74 53 94 87
36 304 47 72 55
36 262 16 96 71
938 233 42 59 59
938 973 89 92 92
304 884 54 88 66
262 737 17 23 21
262 614 16 95 93
262 889 71 81 75
37 341 14 69 56
37 791 10 45 10
341 302 28 92 91
341 408 42 98 96
341 552 30 34 30
791 689 71 100 90
791 21 21 26 26
791 44 65 73 69
791 416 14 40 19
791 357 83 89 86
38 226 61 84 73
226 243 26 28 26
226 768 66 83 79
226 622 39 67 61
226 641 81 91 84
226 277 40 94 62
226 753 14 17 16
226 480 49 76 69
569 138 47 81 54
569 426 36 89 51
569 549 88 94 90
630 224 59 78 59
630 138 10 86 79
630 633 73 79 73
630 28 21 39 25
630 550 27 35 31
630 368 52 66 54
630 4 55 57 57
75 975 51 60 58
75 872 43 67 60
633 655 19 87 47
633 28 60 63 63
633 30 80 96 95
633 433 27 100 77
632 739 81 83 82
632 478 15 94 92
632 620 62 94 75
632 67 39 80 57
40 709 91 98 93
40 154 10 94 26
154 904 21 29 22
154 596 69 81 76
154 298 68 85 72
41 529 47 74 50
41 516 23 43 35
41 661 55 73 68
41 75 51 66 56
529 248 91 95 94
529 829 39 97 61
516 792 61 98 82
661 831 33 36 34
661 773 84 95 94
661 311 70 75 71
42 464 62 86 65
42 824 84 97 97
42 173 69 91 90
42 647 93 96 96
42 593 20 87 42
42 705 69 99 80
824 745 82 96 84
824 387 85 100 91
824 728 28 47 34
824 56 14 35 33
824 86 45 70 53
824 72 27 47 46
173 64 20 43 23
173 392 64 91 66
173 1 49 53 50
173 818 68 99 79
173 8 15 94 64
173 562 23 100 66
593 152 92 93 93
705 104 83 85 84
705 353 15 57 53
43 88 38 51 47
43 405 12 57 15
43 666 28 36 31
88 774 29 86 29
88 213 76 95 94
88 250 23 86 25
88 278 28 80 35
88 833 38 93 57
405 572 47 97 86
405 14 69 95 89
666 911 84 87 85
666 23 18 100 36
666 893 44 99 55
45 703 68 95 75
45 317 25 47 29
317 865 38 51 41
317 566 21 85 55
46 778 57 77 62
46 927 36 53 43
46 427 81 93 89
46 423 77 99 95
778 84 49 86 52
778 619 20 99 87
778 183 45 78 61
778 540 20 71 65
778 449 23 34 24
778 112 59 91 74
927 856 26 85 54
927 136 11 39 32
927 909 78 85 83
927 206 83 100 97
927 280 91 97 92
423 505 89 98 92
423 267 37 72 64
423 291 28 40 37
423 741 44 74 60
47 268 92 99 97
47 677 51 54 51
47 646 48 85 76
47 910 77 86 83
47 227 85 100 88
677 551 48 81 49
677 193 10 39 29
646 454 70 76 76
646 599 13 29 17
646 769 64 85 78
646 360 24 99 54
646 410 62 93 81
910 925 75 81 75
910 104 28 69 54
227 417 58 81 69
227 683 75 100 89
48 180 92 95 92
48 697 16 40 22
48 745 45 96 94
48 868 65 74 68
48 648 56 80 76
745 171 94 97 94
745 833 22 92 58
745 451 10 89 44
868 96 38 91 70
868 21 44 51 48
868 360 39 98 60
868 570 93 96 95
648 370 38 90 84
648 27 14 22 22
49 673 53 80 62
673 235 42 63 50
673 404 95 100 100
50 219 60 74 65
50 895 69 98 87
50 116 16 86 77
219 917 29 53 51
219 706 55 72 60
219 652 55 95 94
219 320 73 87 73
219 9 77 92 92
895 583 24 51 41
895 512 48 60 55
895 719 74 82 80
895 606 38 97 55
116 560 44 80 74
116 158 30 55 48
51 859 25 31 27
859 33 36 45 36
859 245 14 65 33
859 831 14 45 14
52 97 70 74 74
52 191 30 64 59
52 921 60 74 63
97 879 87 88 87
97 481 59 100 61
921 679 93 97 93
53 5 21 79 48
54 527 32 64 39
54 356 68 98 77
527 452 85 88 88
527 809 33 71 60
527 571 55 62 60
527 494 58 72 70
356 690 65 66 65
356 384 40 43 43
356 849 32 80 79
356 587 13 83 58
356 499 68 87 86
356 524 37 72 49
55 112 88 93 88
55 83 65 84 67
55 734 23 24 24
55 566 79 83 79
55 411 49 100 68
55 744 18 99 35
112 133 87 98 90
112 97 29 66 64
83 627 65 79 72
83 645 75 91 84
83 625 65 86 86
83 524 10 27 14
83 375 15 71 49
83 199 27 79 48
734 166 22 89 84
734 335 77 99 86
566 445 92 100 97
566 218 48 56 55
566 209 24 42 38
566 624 32 44 41
566 861 95 97 97
411 224 52 78 70
411 914 66 84 71
411 868 36 89 58
411 348 13 32 27
744 627 39 71 55
744 594 55 69 62
56 175 84 98 88
175 870 50 73 59
175 923 81 82 82
57 596 42 53 49
57 112 19 84 30
57 873 19 52 49
57 542 66 74 67
596 212 52 100 62
596 642 31 92 62
596 595 38 44 38
596 260 60 74 60
542 202 55 88 56
542 622 36 68 44
542 734 25 32 25
58 559 61 70 67
58 204 90 100 96
58 298 89 93 90
559 369 89 91 89
559 813 34 41 38
204 621 40 88 53
204 561 89 100 89
298 654 92 96 93
298 174 72 80 79
59 314 64 81 76
59 271 15 67 39
59 868 32 66 44
59 414 44 59 52
314 447 17 20 20
271 192 64 84 82
271 742 19 35 25
414 530 60 90 75
414 357 14 56 43
414 349 69 75 73
60 2 69 74 74
60 70 59 68 67
60 71 23 90 62
60 168 24 42 41
70 673 67 98 91
70 838 91 99 98
71 128 78 87 78
71 866 89 99 89
71 278 54 91 77
71 199 47 94 76
168 616 63 98 89
61 750 83 86 84
61 753 70 77 72
61 11 20 64 48
61 51 76 92 87
750 307 58 77 65
753 479 41 68 65
753 968 50 77 61
62 953 80 86 82
62 499 95 97 97
62 183 36 91 38
499 668 56 81 63
499 461 22 76 76
499 137 59 94 92
499 141 24 95 71
499 572 88 91 88
183 143 74 85 78
183 333 31 55 40
63 354 93 96 93
63 157 13 43 27
354 390 81 97 89
354 96 68 100 98
354 679 21 48 43
354 37 31 80 77
354 698 42 77 67
354 838 59 85 59
354 633 94 98 97
157 264 24 76 44
157 469 48 67 66
157 661 34 59 35
157 874 36 51 46
64 794 33 88 49
64 431 95 98 95
64 415 19 23 19
64 619 69 96 80
794 851 47 83 62
794 491 56 82 70
794 227 77 86 81
794 654 47 66 52
794 813 52 84 63
431 100 76 99 92
431 324 35 67 47
431 115 14 37 29
415 551 40 70 52
415 885 18 74 44
619 512 63 83 83
619 261 94 96 95
619 696 31 66 56
619 372 18 100 24
619 475 67 84 69
619 17 41 48 47
65 493 39 44 39
65 681 58 96 66
65 898 70 87 83
65 552 27 50 36
681 842 25 92 44
681 857 75 93 90
681 214 26 46 26
681 794 29 58 30
681 19 65 81 73
898 18 77 89 82
898 145 55 58 56
898 566 76 92 76
898 202 19 100 20
898 379 68 85 75
552 176 85 97 87
552 164 95 98 95
552 892 94 99 99
66 520 67 78 77
66 298 39 76 39
66 971 36 95 70
66 484 89 90 89
520 560 69 97 93
971 62 92 100 97
971 927 13 94 28
971 798 63 99 95
484 60 54 68 64
484 111 18 22 18
484 250 32 39 37
484 567 68 85 82
484 49 66 100 99
484 796 82 93 92
67 709 31 95 77
68 118 11 75 22
68 126 15 78 69
68 501 28 99 83
68 176 86 89 87
118 545 79 95 91
118 946 37 70 66
118 890 90 91 91
501 147 42 90 73
501 192 43 71 55
501 78 27 48 45
501 406 70 84 71
176 938 26 30 26
69 209 41 74 67
209 709 25 61 54
209 576 31 44 39
209 686 58 60 58
209 602 59 73 68
209 887 59 62 59
128 918 54 64 59
278 446 78 80 79
199 58 59 76 68
199 690 43 53 52
199 299 11 100 68
199 267 86 99 91
199 672 83 97 84
199 121 56 63 57
199 551 31 81 77
199 324 78 96 92
72 779 30 79 48
72 908 69 97 91
72 785 14 52 28
72 673 11 91 37
72 24 88 95 91
779 199 62 91 83
779 567 56 57 57
779 543 64 82 65
779 423 71 83 75
908 388 59 92 92
908 213 88 99 96
785 642 56 80 61
785 127 27 52 35
785 558 37 39 39
785 424 50 85 73
785 23 14 64 36
785 481 27 58 41
785 160 29 92 49
73 937 82 100 92
73 555 77 93 80
73 57 25 93 73
73 497 94 100 95
937 950 36 38 36
937 13 39 47 45
937 614 95 97 97
497 191 26 27 26
497 327 32 100 97
497 287 22 58 47
573 292 60 99 93
573 349 63 88 78
573 860 82 89 88
860 743 33 36 33
860 675 39 54 41
975 556 14 69 19
975 206 60 67 66
975 302 54 74 56
975 519 75 97 93
872 683 59 75 71
872 253 71 72 72
872 170 67 79 78
76 100 18 75 26
76 384 55 97 80
76 879 72 96 85
76 911 14 70 34
100 547 65 78 66
100 37 86 90 86
384 224 14 95 23
384 929 54 65 59
384 777 20 93 39
384 868 30 87 80
879 902 87 91 89
911 673 75 88 78
911 689 79 87 87
77 813 53 69 69
77 411 79 85 85
813 971 95 100 99
813 880 64 72 72
813 194 72 99 97
813 651 91 100 93
813 693 36 50 38
813 873 45 57 55
813 319 77 78 77
78 16 43 92 67
78 32 13 98 97
79 950 39 94 48
79 869 52 55 54
79 711 45 83 70
79 390 60 84 76
950 441 18 31 20
950 591 37 95 64
950 190 78 82 78
950 131 72 100 80
869 933 67 95 95
869 383 30 35 30
869 880 28 100 38
869 46 17 64 24
711 60 24 47 37
711 151 32 50 50
711 422 58 72 64
390 436 67 80 79
390 454 44 68 53
390 584 54 67 60
390 598 30 74 61
390 304 77 81 78
80 265 68 84 82
80 237 26 37 36
265 114 78 100 96
265 22 15 42 32
237 264 29 34 29
81 149 29 37 31
81 78 63 84 77
82 723 28 39 34
82 5 43 99 51
82 686 52 59 55
82 703 55 68 55
723 749 42 86 75
723 520 70 76 72
686 727 48 90 85
686 877 82 86 85
686 670 61 90 89
686 207 50 53 53
627 601 66 97 70
627 654 61 80 62
627 5 86 95 91
645 905 13 63 17
625 191 94 96 94
625 912 41 94 90
524 442 84 94 90
524 223 68 93 69
524 900 17 23 23
524 222 28 80 78
524 422 42 45 44
375 187 87 99 93
375 932 65 85 84
375 747 80 89 80
375 466 38 91 46
375 267 59 77 69
375 381 56 88 71
84 622 92 99 98
84 705 58 98 86
84 42 48 52 49
85 201 81 96 86
85 142 74 78 77
85 542 18 76 37
85 319 46 74 49
85 881 47 72 57
85 611 85 92 91
85 455 79 89 86
85 178 46 86 50
142 714 81 82 81
142 316 71 94 87
319 361 83 95 83
319 255 39 93 57
319 764 54 75 63
319 321 58 61 59
881 59 86 94 94
881 744 71 73 72
455 904 18 65 46
455 324 67 80 78
455 78 79 88 86
455 252 37 83 59
178 613 11 22 15
178 958 52 74 72
178 971 94 99 97
86 151 93 98 98
86 254 69 76 74
86 686 50 86 66
86 922 34 65 51
151 624 70 91 76
151 288 49 68 67
151 543 56 87 86
254 320 19 91 50
922 698 50 61 55
87 138 69 92 82
87 531 13 53 39
138 766 32 97 88
138 822 69 88 78
138 183 79 99 99
531 656 44 64 46
531 147 68 75 73
531 247 70 77 71
774 258 42 61 45
213 578 11 31 24
213 894 27 96 44
213 134 28 94 43
250 247 89 92 90
833 551 44 66 60
833 615 59 94 66
833 121 11 24 24
243 951 44 58 45
243 606 57 84 60
243 728 75 80 77
243 286 59 68 59
523 520 84 98 93
161 266 84 89 87
161 608 91 96 91
161 866 38 82 58
161 496 41 77 66
161 837 38 100 79
550 930 53 80 56
550 573 14 43 18
550 179 76 96 96
550 544 70 85 81
550 212 53 54 53
550 104 54 98 60
550 416 38 57 50
550 374 82 89 85
550 942 35 67 57
388 216 26 50 28
388 659 61 72 66
91 515 72 85 72
91 664 50 86 81
91 642 46 96 69
515 723 51 63 59
664 204 30 51 40
642 896 33 42 34
642 590 42 49 44
642 861 31 77 76
642 585 16 32 19
92 412 56 77 67
92 450 55 61 57
92 45 44 45 44
92 665 27 89 54
412 266 84 87 84
412 897 11 98 24
412 191 54 80 70
412 368 95 99 95
450 726 77 92 88
450 325 11 88 86
450 258 25 100 43
450 612 85 99 96
665 440 30 100 64
665 642 20 52 52
665 287 81 95 95
665 952 66 85 67
665 841 88 95 92
93 168 59 93 72
94 562 94 99 99
94 310 50 76 58
94 487 61 69 64
94 635 90 91 91
562 470 36 87 81
562 795 56 60 56
562 154 86 97 88
310 716 39 50 50
310 87 46 47 47
310 965 28 71 37
310 503 72 97 72
487 794 32 71 49
95 26 92 99 92
95 802 31 83 74
95 398 52 54 54
802 26 48 63 58
802 512 68 95 83
802 947 26 37 27
802 639 32 97 72
398 35 17 20 20
398 144 68 73 72
96 9 91 96 94
96 683 77 84 79
96 603 77 92 78
96 160 51 74 73
96 765 48 67 56
96 379 65 69 68
603 510 17 75 65
160 901 62 87 85
160 765 22 26 26
160 541 47 67 47
160 129 63 94 89
160 898 59 91 64
160 544 82 100 84
765 215 15 90 22
765 521 77 89 86
765 650 17 88 53
765 212 46 47 46
765 28 55 72 56
379 965 41 76 58
379 956 31 56 36
379 59 21 22 21
481 911 87 99 94
481 421 10 37 13
98 668 80 81 81
668 47 71 84 74
668 23 27 69 29
668 745 63 77 74
99 530 49 92 58
99 886 57 66 63
530 765 77 88 82
530 184 11 30 22
886 796 68 91 89
886 681 35 76 55
886 851 36 90 75
547 3 91 94 92
547 269 82 83 83
547 447 48 60 60
547 115 50 90 66
547 37 64 89 80
101 244 65 96 73
101 559 90 98 98
101 747 59 70 63
101 352 61 87 61
101 956 49 56 50
244 827 80 97 81
244 779 29 36 30
244 303 91 93 92
747 414 45 92 82
747 258 57 59 58
747 453 93 97 95
352 632 43 87 59
352 878 33 61 58
352 659 52 81 72
352 288 53 98 64
956 481 13 55 31
956 37 32 79 50
956 847 39 76 61
956 859 32 59 56
956 105 67 71 67
102 569 62 90 87
102 846 35 49 38
102 817 80 85 85
817 942 43 74 46
103 241 51 83 51
103 527 76 98 90
241 828 28 93 77
104 604 29 85 51
104 541 67 94 91
104 830 76 99 89
104 926 63 74 63
104 884 55 83 73
604 473 45 55 46
604 435 34 55 44
541 797 68 73 73
541 250 60 62 62
541 681 89 96 91
830 432 78 84 83
830 853 60 98 67
830 189 89 94 93
830 110 82 91 85
926 750 25 75 63
884 218 34 64 36
884 132 66 96 86
105 352 67 90 77
105 567 91 99 93
105 491 19 28 24
105 281 65 83 82
105 459 42 86 48
105 356 84 97 87
567 216 56 83 62
567 237 16 64 39
567 37 75 89 85
567 213 38 39 38
491 57 77 81 81
491 614 90 91 90
491 767 59 82 81
281 382 63 68 68
281 342 61 94 84
281 514 31 56 50
281 224 10 23 15
281 376 61 92 74
281 190 44 69 57
459 100 35 94 72
106 164 85 87 87
106 337 82 89 84
106 525 93 98 95
106 166 32 46 40
106 174 94 97 96
164 115 19 77 73
337 73 32 60 36
337 707 88 93 88
525 788 70 74 73
525 511 33 69 69
166 245 61 69 63
166 415 63 71 68
107 134 79 100 85
107 386 78 96 80
107 138 79 85 81
107 362 43 97 61
107 46 62 72 68
107 457 73 86 78
134 582 24 55 54
134 219 19 94 83
134 684 64 73 65
134 298 82 83 82
134 56 56 70 70
134 371 16 80 43
134 534 48 65 60
386 108 61 100 62
386 516 28 58 44
457 662 38 46 45
108 719 86 96 90
719 902 71 83 80
719 458 91 97 96
719 608 76 97 80
109 93 50 96 74
109 758 47 61 52
109 502 89 98 89
109 459 20 61 29
109 344 15 66 58
109 799 90 100 92
109 46 37 95 92
758 158 68 79 78
758 776 34 91 40
502 783 69 97 97
502 343 56 95 83
502 113 85 94 88
502 945 26 56 50
799 823 48 68 52
110 199 77 98 84
110 226 29 46 35
110 699 58 68 60
110 724 51 75 62
110 747 18 69 28
110 740 18 91 25
110 216 14 30 20
110 599 17 95 21
110 661 87 97 94
699 134 71 93 92
699 911 86 95 92
699 638 90 98 96
699 231 63 80 74
699 195 84 86 84
724 410 13 87 86
740 762 79 90 80
740 309 52 59 56
740 708 75 98 83
216 865 74 75 74
216 866 63 79 68
599 209 92 93 92
599 468 71 89 88
599 370 31 79 51
599 313 19 35 27
111 42 60 71 68
111 311 56 91 87
311 384 64 77 70
311 590 67 85 77
133 95 29 66 29
133 81 30 40 34
113 32 79 96 80
113 36 42 86 85
113 281 29 41 37
114 772 55 82 80
114 915 90 92 90
772 862 92 94 92
915 931 33 59 36
915 832 52 89 73
915 315 31 75 61
915 362 61 72 61
915 161 37 74 49
115 310 19 80 39
115 390 91 100 94
115 256 22 68 36
256 61 10 46 27
560 824 68 90 83
560 697 68 76 73
560 462 51 69 64
158 211 39 71 49
158 232 45 79 52
158 5 42 58 45
158 589 93 95 95
117 155 63 64 63
117 222 37 70 53
155 954 15 77 69
155 22 80 82 80
155 293 31 43 34
155 881 13 24 19
155 362 80 89 82
155 23 85 96 87
222 562 33 34 33
222 24 66 68 66
545 415 21 28 24
545 649 36 42 36
946 795 51 77 57
946 857 18 98 94
946 536 48 87 71
946 670 79 83 82
890 340 59 77 62
890 923 61 77 73
890 251 95 98 97
119 646 23 68 38
119 532 32 47 36
532 576 89 96 93
532 627 65 80 66
532 422 86 95 93
532 712 65 91 90
120 573 49 93 90
120 518 76 95 81
120 265 31 57 44
120 340 16 78 45
120 320 33 76 60
120 255 83 89 84
518 571 61 92 63
255 422 60 69 65
255 65 37 88 69
255 163 83 93 93
121 801 21 69 28
121 539 66 92 88
801 86 45 48 48
122 655 89 98 97
122 642 62 89 67
122 471 52 76 73
655 822 79 95 90
655 323 33 85 70
471 787 10 87 49
471 816 70 79 73
471 378 40 52 42
471 505 57 88 57
123 920 89 95 95
123 725 63 86 70
123 37 50 100 66
123 638 94 98 96
920 868 68 99 97
920 203 93 95 94
920 414 95 98 96
725 730 48 62 51
638 195 70 96 80
125 57 28 77 41
125 769 33 84 56
769 914 18 57 48
769 722 59 61 60
127 549 32 83 40
127 417 73 93 91
127 747 13 98 37
549 538 53 82 68
549 137 13 42 36
918 182 70 99 76
918 626 26 34 33
918 555 66 81 66
918 588 24 56 24
918 66 68 74 73
129 595 36 80 70
129 259 95 97 97
129 704 12 98 29
595 109 88 95 94
595 190 12 63 32
595 439 66 85 75
595 852 30 32 31
704 221 39 92 77
704 629 38 99 83
704 685 29 33 30
131 352 44 55 50
131 862 33 98 85
131 726 39 86 51
862 803 81 87 87
862 883 24 68 29
862 720 75 91 87
726 220 50 76 54
726 171 74 91 89
726 383 13 78 29
726 149 26 61 35
132 427 38 92 40
132 144 16 22 20
132 47 95 97 96
132 784 32 50 46
144 911 85 97 97
784 778 89 98 92
784 192 24 42 42
582 676 13 37 33
582 529 67 98 72
582 36 53 66 61
582 832 70 74 74
582 694 33 80 50
582 442 26 67 53
684 398 56 64 58
371 766 54 94 84
371 613 37 96 56
371 469 23 68 61
371 963 67 86 81
534 21 46 64 57
534 558 12 96 19
534 85 89 100 96
135 364 48 55 55
135 927 77 99 79
364 547 38 96 93
136 101 57 95 89
136 261 23 98 75
136 363 73 86 81
363 918 65 92 79
363 850 53 87 78
363 81 30 46 34
363 735 86 89 88
363 326 34 47 40
636 718 37 93 55
636 943 94 96 95
636 629 87 88 87
410 179 26 73 28
410 585 89 93 90
410 471 95 98 97
410 662 68 84 69
269 49 10 57 34
269 761 52 88 54
766 844 48 53 51
766 547 51 56 56
766 613 48 95 53
766 878 45 97 63
766 462 12 92 55
766 161 24 69 49
822 799 63 98 76
822 307 72 74 72
822 506 23 39 37
139 569 59 92 75
139 814 25 47 34
139 83 70 96 73
139 74 85 100 96
140 40 79 85 84
140 178 82 87 86
140 697 84 96 96
140 542 59 78 65
140 98 55 76 55
870 480 17 23 19
870 782 51 88 67
714 31 12 61 16
714 840 23 63 33
714 781 91 97 95
316 532 35 38 37
316 673 64 93 67
316 71 30 89 83
145 781 17 57 41
781 85 16 93 32
781 662 46 74 49
146 861 13 40 22
146 969 88 93 88
146 697 81 88 86
146 701 42 70 62
146 800 91 96 91
861 855 62 82 63
800 550 69 73 71
147 904 88 95 91
904 954 92 93 93
904 10 91 98 97
904 664 21 59 50
148 741 13 90 25
148 806 53 76 64
148 209 52 86 76
148 180 40 83 73
588 242 24 48 36
588 888 22 66 35
588 497 12 13 13
588 272 32 66 55
588 782 89 93 93
150 866 56 64 64
624 332 20 93 71
624 901 88 94 92
624 697 72 93 87
624 406 58 96 62
288 395 77 95 94
288 409 16 28 28
543 328 55 76 64
543 57 22 47 43
152 592 50 99 91
152 775 44 50 45
152 416 25 89 46
152 133 43 64 57
152 435 17 92 51
152 273 90 98 95
152 921 78 84 84
592 743 41 77 71
775 187 83 90 87
775 396 95 99 98
775 512 75 83 83
775 804 75 91 88
775 650 83 94 86
775 16 65 67 66
775 33 51 67 63
775 705 12 79 21
416 266 69 92 77
416 384 34 53 43
416 810 71 98 91
416 192 24 95 77
416 216 69 97 92
416 842 21 80 72
435 121 89 96 92
435 562 11 17 12
435 363 29 41 41
435 97 26 55 50
273 312 60 91 68
273 722 55 97 95
273 734 30 38 35
273 841 17 83 53
153 657 73 85 74
153 152 62 76 72
954 47 89 92 90
293 349 15 37 36
293 843 80 88 82
293 324 76 78 77
293 165 81 90 90
156 757 28 60 57
156 55 35 68 36
156 800 44 79 77
757 62 48 67 57
757 871 27 51 46
757 948 88 96 88
757 730 12 48 28
757 353 11 54 34
264 813 82 92 88
264 714 91 99 95
264 923 76 98 92
264 838 45 55 46
469 500 78 98 97
469 394 53 86 69
469 321 71 97 88
874 368 10 86 62
874 621 15 49 36
874 376 64 95 87
211 30 13 48 46
211 117 19 56 54
211 104 78 89 87
211 636 50 73 71
232 57 22 64 56
232 452 68 84 74
232 95 13 59 22
589 74 62 77 68
589 835 28 61 56
589 871 83 89 85
159 646 68 73 68
159 752 75 78 78
159 502 73 99 82
159 453 88 90 88
752 339 69 80 77
752 746 10 34 12
752 85 34 94 88
752 793 17 52 18
453 800 72 77 73
453 602 69 84 83
453 148 72 94 76
453 185 27 57 56
453 799 92 100 100
901 253 39 58 55
901 891 18 74 64
901 866 81 98 85
266 624 32 37 34
608 558 25 93 56
608 657 49 66 49
608 892 69 76 76
496 402 20 47 31
837 236 54 87 81
837 758 83 91 90
162 585 74 98 98
585 370 60 67 64
585 847 53 87 86
163 794 28 39 31
163 105 72 88 82
163 944 83 95 95
163 208 40 69 54
208 328 29 68 30
165 735 74 90 85
165 970 82 90 83
167 824 10 33 17
167 474 10 28 12
167 778 51 70 55
167 805 88 92 88
167 345 86 91 88
167 605 86 93 92
167 285 78 84 80
167 849 74 91 84
167 909 37 84 52
474 615 32 48 41
474 178 44 65 47
474 844 85 93 86
474 27 83 84 83
474 9 44 59 51
474 748 52 87 69
474 560 75 88 77
805 302 55 56 56
805 503 95 99 96
805 413 21 97 29
805 959 22 29 24
345 667 14 61 39
345 651 62 76 69
605 313 81 83 81
285 1 71 100 97
909 403 13 91 69
909 706 23 92 42
909 734 93 97 95
880 260 60 99 91
880 464 71 92 89
883 87 37 57 42
883 258 93 99 98
333 222 34 43 41
333 210 83 99 92
333 436 71 78 73
333 941 61 86 75
170 322 60 84 82
170 631 58 99 82
170 438 30 35 35
322 449 39 58 51
631 154 25 41 35
631 138 36 50 37
631 866 69 83 74
438 492 26 37 36
438 467 92 96 92
438 597 42 53 47
438 30 12 86 60
171 476 11 90 30
171 541 87 88 87
171 441 27 65 27
171 253 78 93 80
476 180 89 94 90
476 256 40 81 44
476 662 77 88 85
476 855 92 96 95
476 352 78 90 79
253 560 41 80 68
253 774 27 69 40
253 743 15 61 43
253 898 94 97 96
253 196 78 95 94
253 733 39 68 61
172 930 44 98 94
172 815 47 85 48
172 922 88 91 91
172 680 85 99 87
172 959 95 96 96
930 557 87 91 88
930 42 83 97 88
930 329 71 99 72
930 153 30 84 57
930 908 20 74 56
815 818 83 99 96
815 107 89 99 89
815 139 22 86 22
815 491 52 99 99
815 366 78 90 81
680 313 34 90 73
680 796 58 97 64
680 284 30 63 41
680 597 85 89 88
959 280 13 75 70
959 787 18 22 20
959 125 56 79 72
392 541 36 100 92
392 964 31 95 54
392 859 18 41 21
392 571 24 27 25
818 72 26 52 37
818 121 20 39 23
818 527 59 96 59
818 794 85 94 90
943 506 52 75 59
943 917 57 66 62
943 822 94 98 95
943 449 73 78 77
923 49 41 52 43
923 53 33 98 81
177 155 71 85 71
177 351 27 51 31
351 436 35 48 37
613 934 70 84 74
613 406 68 100 72
958 90 83 89 83
179 444 71 80 71
179 577 79 93 81
179 392 11 21 13
179 740 90 95 90
179 447 42 88 55
444 710 61 93 77
444 292 48 75 67
444 103 70 83 81
577 284 12 66 12
447 799 37 42 40
447 440 49 66 50
447 865 30 40 30
181 415 58 84 63
181 273 10 30 17
181 646 65 99 96
182 11 92 100 100
182 370 77 99 86
184 203 44 74 56
184 585 95 100 97
203 384 29 76 34
203 920 28 51 43
185 399 75 92 84
185 559 74 95 84
185 404 89 93 91
185 807 45 84 69
185 953 29 71 60
399 414 15 62 15
399 28 64 68 67
404 779 78 97 81
186 489 82 89 83
186 575 24 72 44
187 928 66 96 81
187 798 27 57 52
187 442 87 90 87
187 11 49 84 82
187 939 25 96 85
928 170 43 86 64
928 734 85 94 85
798 276 50 94 59
798 1 86 99 90
798 824 13 87 53
188 567 13 73 33
188 516 32 86 70
189 495 74 87 83
189 368 22 88 25
189 305 58 100 59
495 12 77 93 82
495 462 90 96 90
368 969 78 86 82
368 693 26 59 46
368 871 24 53 41
305 899 93 96 93
190 742 16 41 27
190 892 68 81 75
190 442 79 83 82
742 762 66 85 67
892 210 28 46 31
892 220 62 82 82
892 187 64 98 76
892 675 17 89 33
192 745 45 50 47
194 173 38 55 49
194 463 45 75 69
194 415 41 74 56
463 172 89 95 93
195 62 32 69 42
195 836 83 89 85
836 866 80 95 83
836 747 43 69 43
836 58 16 24 24
196 791 42 86 63
196 275 51 80 64
275 958 74 99 79
275 539 47 90 57
275 203 53 100 95
275 107 54 83 59
197 855 85 95 95
197 665 57 87 65
855 525 47 68 63
855 884 92 100 97
855 302 81 86 86
198 114 10 90 75
198 553 11 35 16
690 187 84 88 87
690 147 71 80 74
690 587 11 30 18
299 450 82 99 90
299 510 66 88 82
299 634 88 97 91
267 98 27 44 35
267 37 53 90 88
267 413 57 67 58
551 56 34 93 53
551 586 11 41 13
551 888 77 98 96
551 625 29 76 66
551 861 12 68 48
324 436 51 68 52
200 269 82 95 92
200 680 76 97 96
200 450 57 65 60
202 139 31 84 47
202 173 34 42 38
202 819 40 72 56
819 743 17 20 17
819 310 11 24 19
819 849 83 96 87
819 787 47 66 64
621 547 82 96 85
621 739 20 36 32
621 296 15 40 32
621 490 42 77 55
621 882 31 98 81
621 919 55 56 56
621 738 83 91 91
561 163 22 85 82
561 701 66 88 79
561 622 55 86 57
205 595 45 55 53
205 229 11 82 19
205 489 70 75 70
229 364 11 42 17
229 852 88 96 94
229 325 80 89 85
229 112 70 99 83
206 43 74 76 74
206 851 84 88 88
851 146 82 93 86
851 777 35 43 40
851 343 84 97 92
851 877 85 87 86
207 359 55 99 64
207 119 36 70 58
207 232 95 97 97
359 302 32 40 40
359 76 18 86 81
359 886 63 66 64
576 108 72 89 75
576 119 19 68 38
576 128 16 32 16
576 238 39 88 45
576 435 85 95 93
602 85 69 100 73
602 763 77 93 80
887 505 80 94 88
887 791 25 32 29
887 54 94 99 94
887 603 54 88 80
210 713 30 64 46
210 578 49 95 70
210 26 49 73 62
210 459 48 71 71
713 461 51 64 61
713 42 63 95 78
713 143 73 86 81
578 745 50 84 81
578 444 15 85 24
212 331 90 97 95
212 664 37 99 54
212 891 72 92 82
212 256 77 96 89
331 774 56 90 57
891 969 92 94 93
891 126 48 56 51
894 368 76 90 83
214 952 54 100 57
214 185 81 87 81
952 778 65 68 67
952 797 92 97 97
952 343 89 90 90
952 512 66 81 81
215 852 38 92 69
215 964 41 45 42
215 544 29 78 29
215 785 27 42 27
215 428 84 98 89
852 79 29 49 49
852 342 78 92 78
852 574 12 33 24
852 726 14 35 30
852 392 46 66 52
852 637 93 100 98
964 327 54 90 84
964 294 38 95 75
964 78 69 83 80
964 144 55 73 62
964 289 29 99 61
964 39 41 99 49
964 395 30 49 41
428 541 66 67 67
428 525 12 21 19
428 823 81 99 91
428 150 16 83 51
865 357 77 92 81
865 63 91 92 92
865 13 67 94 69
217 326 14 43 42
217 548 20 90 38
217 867 16 97 42
217 930 50 86 57
217 92 79 95 93
326 222 19 40 39
326 396 52 64 55
326 765 57 99 59
548 247 75 88 75
548 383 21 74 70
548 868 41 53 42
548 36 41 61 42
548 910 60 97 83
867 155 49 75 67
376 193 24 58 51
376 278 35 60 40
376 322 33 59 35
376 631 41 87 49
893 134 47 84 50
917 151 31 89 32
706 616 32 63 46
652 407 23 48 46
652 185 46 99 69
652 396 87 93 88
220 433 22 70 40
220 276 19 67 46
220 674 21 34 28
220 596 57 97 76
220 412 53 73 61
220 712 41 77 58
220 756 76 83 83
220 164 32 48 36
433 441 88 97 91
433 740 52 62 53
433 588 40 55 51
433 212 39 67 54
276 426 90 96 91
674 53 45 51 51
674 335 91 92 91
674 661 81 100 87
674 300 60 79 61
712 608 60 65 60
756 112 54 66 54
756 966 42 48 43
221 972 10 31 11
221 830 32 81 78
221 770 24 77 33
972 233 75 78 76
972 686 21 76 53
972 269 69 76 71
770 148 27 69 60
223 350 18 45 22
350 462 40 43 40
350 282 17 92 43
224 868 31 37 36
224 120 87 91 87
224 803 91 99 95
224 947 10 56 26
803 798 18 93 63
803 951 90 95 91
803 413 43 66 46
803 153 28 100 74
803 483 57 69 66
947 30 75 79 79
947 670 59 65 61
641 558 54 55 55
641 458 35 53 43
277 782 87 90 90
277 789 37 72 41
480 520 91 96 96
480 795 33 86 60
480 307 38 94 85
480 235 48 79 74
228 453 19 84 68
228 211 73 88 83
228 503 83 95 86
503 462 14 80 23
503 418 95 96 95
230 782 87 93 92
230 472 33 78 77
472 829 77 85 82
472 847 11 20 13
472 773 56 62 58
472 737 15 76 47
231 923 87 92 90
231 469 76 94 90
231 149 13 51 18
233 646 30 63 63
233 112 51 88 68
233 120 92 97 93
234 454 55 65 63
234 633 59 92 62
234 412 45 89 68
234 244 18 70 57
454 828 44 93 66
454 618 24 41 34
454 24 22 27 24
454 582 49 87 70
454 292 48 76 74
235 199 69 79 73
235 217 91 96 94
236 316 40 96 40
236 153 77 97 89
236 122 85 96 85
236 883 40 94 79
236 159 87 98 93
236 188 47 66 59
238 487 47 84 64
238 770 91 98 91
239 969 80 98 85
239 252 59 75 60
239 474 44 67 63
239 745 61 87 81
239 452 86 93 92
239 501 90 99 96
239 646 31 62 51
494 510 42 99 65
494 882 27 92 92
494 880 36 65 43
494 670 25 31 30
494 26 88 91 91
270 496 51 85 78
828 216 27 80 56
828 603 73 88 74
828 97 89 100 100
242 890 48 96 64
242 716 65 66 65
242 815 74 95 81
242 222 47 78 49
242 21 40 45 45
716 260 34 98 45
951 965 36 46 43
606 385 91 92 92
606 124 13 71 46
728 972 94 96 96
728 11 71 79 78
728 507 14 36 20
728 368 42 68 51
286 813 14 71 69
286 867 23 86 71
827 449 74 78 74
303 397 14 44 22
303 851 55 58 58
303 970 68 97 79
303 177 42 75 67
303 869 86 90 89
313 131 20 26 23
313 508 41 72 72
313 18 62 92 75
246 646 54 74 57
246 866 64 99 76
246 146 18 73 26
246 382 17 42 18
247 436 92 99 92
247 311 46 48 48
248 122 61 66 62
248 961 20 47 40
248 271 82 87 82
961 353 29 51 38
961 185 39 60 39
961 329 47 96 51
249 367 94 99 96
367 31 64 87 72
367 786 10 14 10
251 174 63 70 67
251 320 84 92 89
251 646 77 99 90
743 869 71 77 77
743 131 56 85 85
743 92 65 78 71
733 259 81 88 87
733 428 28 34 29
733 820 81 87 85
422 438 53 98 80
422 747 86 87 87
422 356 69 77 77
257 473 51 88 58
473 777 72 76 74
473 114 29 39 33
473 948 34 50 41
473 162 31 96 46
260 521 60 83 73
521 232 86 89 89
521 66 75 98 82
521 848 33 86 62
737 815 61 80 74
614 448 79 84 83
614 68 45 97 72
614 380 95 97 95
614 633 75 80 78
413 966 79 81 81
413 347 76 93 86
413 716 48 55 48
413 867 32 83 33
413 655 28 84 66
413 294 80 97 97
440 61 10 75 56
440 830 95 97 95
439 225 81 93 89
761 321 54 65 59
761 494 70 84 72
761 839 92 99 95
272 760 60 98 62
272 358 49 84 71
272 158 29 36 35
272 815 32 65 41
760 409 74 94 90
760 933 59 73 65
760 284 10 43 15
760 125 71 93 79
760 44 74 91 79
760 4 14 77 34
760 679 43 94 61
760 766 17 61 53
358 546 74 85 83
358 828 89 95 93
358 348 60 75 70
358 769 37 59 37
358 535 17 71 56
358 60 21 63 33
358 467 92 99 94
312 21 36 57 56
722 195 33 53 50
722 829 51 65 55
722 201 51 68 58
722 196 89 92 90
722 538 19 46 39
841 220 75 100 86
841 228 12 54 12
841 784 81 87 83
274 331 79 82 82
426 465 88 97 96
426 879 22 57 43
426 401 27 38 36
426 307 75 88 82
426 113 31 45 40
426 427 45 72 64
446 242 23 48 38
279 152 55 88 84
280 59 69 70 70
342 284 36 88 87
342 634 21 39 35
342 949 19 80 64
342 853 32 42 37
514 9 91 94 93
514 434 23 51 33
282 70 62 65 62
282 533 35 89 58
533 265 83 91 83
533 629 92 97 97
283 325 67 97 87
283 367 52 69 68
284 338 83 86 85
284 416 62 85 83
284 401 33 49 41
401 646 24 98 39
287 567 76 99 98
287 247 45 47 47
287 74 82 86 82
287 806 16 78 74
287 639 68 74 72
287 371 56 94 59
639 583 88 99 91
639 522 63 78 71
639 434 90 94 91
639 452 62 75 72
639 847 48 80 80
409 466 33 72 58
409 340 32 74 47
289 5 91 99 95
289 926 89 94 92
289 449 84 92 86
289 141 23 31 28
449 849 37 87 70
449 595 79 84 84
449 447 51 96 53
290 665 24 52 24
290 549 60 72 68
522 587 55 84 63
522 501 49 73 49
537 917 37 98 90
537 262 74 78 76
292 694 86 94 94
694 707 27 90 31
694 621 19 65 22
349 88 18 49 35
349 324 91 99 93
349 895 22 92 88
349 359 27 88 56
349 576 71 99 80
843 944 87 90 89
843 593 28 85 66
843 732 18 88 37
843 614 13 56 40
843 330 32 40 40
294 654 51 83 68
294 536 75 87 82
294 519 28 98 43
654 20 29 55 47
654 783 63 69 63
654 12 25 96 38
654 909 93 100 94
519 966 35 66 45
519 84 89 93 89
519 301 83 89 86
519 121 69 86 85
519 826 49 64 50
295 357 58 60 59
357 732 33 92 65
357 67 78 82 78
357 433 80 98 88
357 34 56 95 71
357 386 21 49 31
296 133 12 39 15
296 229 36 44 42
297 108 22 61 43
297 1 13 99 92
297 550 84 87 84
510 379 77 87 86
510 231 33 78 61
510 75 73 83 82
300 404 64 100 97
300 722 47 80 50
300 810 34 51 35
300 632 42 72 66
810 574 53 73 70
810 630 78 91 83
301 59 62 88 69
301 139 75 83 76
302 794 18 55 29
302 12 68 88 76
397 215 25 87 25
397 259 39 100 91
397 754 28 65 61
397 413 57 68 67
397 310 83 88 84
899 483 25 47 35
899 12 28 78 45
899 709 91 94 93
899 875 10 90 85
682 435 50 68 67
682 268 88 91 88
307 466 30 32 31
307 472 86 94 93
466 44 64 86 75
466 203 67 79 69
466 850 57 67 67
466 485 33 73 42
308 553 50 91 71
308 490 85 91 90
308 109 37 65 48
308 734 74 89 88
490 825 50 97 80
490 522 83 85 84
490 800 14 15 15
490 642 25 89 32
309 655 44 72 70
309 665 75 84 83
309 792 75 97 82
309 544 54 66 59
792 860 47 86 74
965 678 84 99 93
965 239 71 88 72
965 481 28 94 51
965 273 53 71 67
965 440 13 35 27
590 138 32 54 36
590 752 31 50 42
590 260 86 95 89
590 109 61 62 62
590 640 57 79 66
590 200 69 74 73
508 745 55 95 58
315 207 56 58 57
318 847 59 78 59
318 166 32 52 43
318 534 75 95 89
847 358 73 94 84
847 347 27 40 36
361 922 43 71 66
361 558 62 84 78
361 541 22 55 47
764 492 21 33 21
764 563 48 80 63
764 758 77 80 79
736 414 18 22 21
736 862 20 54 42
736 442 36 64 60
736 362 54 78 59
736 115 28 38 33
432 24 34 42 35
432 760 66 78 74
372 268 75 93 83
372 200 73 98 90
581 423 78 80 79
581 200 50 73 71
581 390 42 66 50
695 321 65 68 66
695 490 22 94 35
434 469 20 86 40
434 802 25 45 37
396 854 48 76 53
396 507 38 68 60
396 922 68 94 86
327 823 24 84 38
327 896 64 88 85
823 630 59 85 85
823 243 87 90 90
823 473 33 38 33
823 302 32 79 33
896 373 57 93 72
896 561 41 92 63
896 63 29 36 30
896 537 34 39 39
896 261 36 90 70
896 291 54 96 74
896 154 86 91 90
896 810 32 69 43
896 442 18 41 18
462 746 72 91 77
462 374 86 91 90
462 469 52 80 54
353 95 20 70 43
353 244 64 76 73
353 895 21 34 26
353 857 62 70 67
353 549 90 97 97
353 470 94 95 94
353 413 61 94 79
330 251 87 92 89
330 72 37 59 57
330 735 68 96 71
330 363 16 32 32
332 668 79 98 94
332 266 39 72 59
332 161 74 84 76
332 307 23 66 39
941 384 28 34 29
941 565 53 65 64
941 460 30 84 37
334 490 68 82 79
334 440 74 91 78
334 465 56 92 58
334 115 84 86 86
334 82 70 77 75
465 647 44 46 44
465 595 51 66 59
465 826 51 60 57
465 10 90 95 91
465 735 91 94 91
465 848 49 63 50
335 620 49 56 49
335 687 71 78 75
335 774 12 41 35
620 459 45 67 63
620 673 72 86 78
687 159 40 91 54
687 368 32 85 81
336 520 11 58 23
336 960 66 75 73
336 162 32 42 32
336 632 13 82 39
336 366 68 86 68
960 123 49 66 51
960 759 91 97 93
366 951 53 87 56
366 675 48 93 79
366 147 34 68 52
366 512 55 71 63
339 665 65 73 69
486 659 60 94 92
486 593 58 90 73
486 789 53 63 60
408 163 70 78 71
949 596 27 72 33
949 97 89 96 91
949 612 43 61 60
949 921 67 98 94
853 382 42 79 53
853 193 59 82 79
776 725 53 98 62
776 291 31 80 65
776 673 69 100 89
776 523 73 79 73
651 839 80 84 83
651 573 52 83 64
651 473 71 78 78
651 162 34 48 35
346 764 81 83 83
346 89 60 61 61
346 410 45 55 50
346 318 81 95 90
346 608 34 66 50
347 422 53 63 63
347 780 76 95 89
347 895 62 75 74
347 792 22 72 61
780 300 13 58 45
780 892 10 24 23
348 831 80 89 83
348 546 32 60 52
348 891 11 92 18
348 934 34 61 47
348 968 33 43 37
348 145 83 97 87
831 302 92 93 93
831 503 84 100 91
831 689 36 94 84
934 401 52 98 78
968 724 34 51 42
968 117 64 95 72
968 80 64 80 75
878 768 89 95 92
878 411 92 95 95
659 714 80 99 99
659 584 18 99 24
659 179 22 32 31
857 736 33 96 81
857 469 82 93 91
857 505 39 86 50
857 110 41 75 41
857 154 25 48 48
470 599 55 70 67
679 103 18 72 22
698 157 32 69 66
698 690 49 56 53
355 586 43 68 44
355 701 24 78 78
355 132 93 96 96
355 408 36 62 44
586 39 84 97 97
586 367 62 82 64
586 966 43 62 47
586 131 51 83 65
586 593 71 97 86
587 608 36 65 65
587 884 25 36 25
732 160 89 92 90
732 578 31 63 63
732 398 31 45 33
732 223 77 81 79
732 595 92 95 94
535 693 78 88 79
535 143 77 98 85
535 351 62 73 64
535 885 10 42 38
535 138 71 94 93
360 860 44 80 78
360 764 23 72 26
558 502 28 66 65
558 237 92 96 94
558 291 92 97 92
558 513 66 75 73
558 7 54 68 64
850 444 29 40 36
850 643 35 40 36
850 893 24 62 38
829 213 72 87 77
512 283 61 95 65
786 436 48 99 66
871 141 32 74 74
871 8 33 96 89
871 820 43 53 49
871 616 18 74 31
369 728 79 97 86
369 782 70 98 90
369 516 65 91 77
932 621 42 71 69
932 489 51 80 65
932 552 38 85 74
932 11 59 64 61
932 106 20 68 61
885 0 69 99 88
885 264 90 95 95
885 662 21 25 24
885 972 62 76 75
885 536 15 94 81
885 408 50 69 66
963 222 62 79 66
963 111 13 28 26
963 966 47 97 78
963 434 25 70 32
963 705 71 98 86
374 751 44 96 65
374 329 74 75 75
374 803 43 52 49
374 22 66 93 89
374 147 42 100 53
374 310 63 96 77
374 186 11 44 36
751 953 67 90 81
751 295 90 96 91
751 928 79 82 80
381 808 79 97 96
381 606 77 98 96
381 780 94 100 98
377 382 78 90 87
377 699 45 51 48
377 561 45 69 65
377 201 78 86 82
377 327 68 97 73
378 159 90 100 91
378 822 77 81 79
380 456 39 95 40
380 971 80 90 88
456 377 57 78 57
456 320 34 45 39
808 590 85 94 92
808 542 25 40 25
808 639 29 60 37
888 355 27 34 32
888 969 44 50 47
888 410 84 94 84
580 56 41 78 43
580 733 77 80 79
580 513 76 88 88
580 888 10 80 15
383 566 92 98 92
929 426 82 91 91
929 831 27 98 61
777 865 53 88 60
777 897 30 99 78
777 875 81 85 82
777 890 47 53 51
385 421 79 80 79
385 262 29 95 55
385 810 17 33 23
421 537 93 94 94
387 21 50 69 62
387 297 87 93 90
389 600 94 98 98
389 894 12 16 13
600 67 19 23 21
598 322 11 88 88
598 633 32 78 50
598 84 33 78 47
598 100 81 82 82
391 263 26 96 90
391 46 81 82 81
571 881 64 98 65
571 112 54 97 65
571 16 40 88 45
571 290 63 95 63
700 233 67 87 87
700 427 26 69 51
854 787 49 67 53
507 943 94 97 97
507 528 39 77 62
507 892 34 42 38
754 23 24 90 62
402 422 59 65 64
402 228 75 86 80
403 154 64 84 74
403 137 83 90 87
403 854 47 74 69
406 742 77 95 77
407 46 53 82 62
407 742 90 96 94
407 251 86 91 86
407 699 54 95 94
662 781 37 75 45
662 215 85 87 85
662 659 54 84 59
662 750 75 90 78
662 942 70 86 71
897 711 10 53 45
897 917 90 98 96
897 353 67 99 88
897 76 46 76 52
897 49 59 93 87
897 858 29 43 29
966 935 74 76 76
966 65 34 46 46
966 123 89 95 91
842 395 44 52 47
842 192 76 95 85
842 926 41 55 47
842 873 74 94 78
418 226 23 32 24
418 168 71 85 73
844 252 30 78 78
844 302 93 95 93
844 582 94 98 96
844 783 78 98 95
420 838 32 52 42
420 760 68 99 97
424 543 52 62 53
424 633 23 78 45
424 183 61 92 67
424 389 82 87 83
425 928 75 78 76
429 401 51 95 58
429 135 12 84 81
429 34 83 95 87
430 40 77 96 88
430 86 75 76 75
597 332 76 100 93
597 503 80 89 80
597 1 70 96 96
597 649 63 86 74
443 471 64 70 68
710 442 82 95 93
445 364 16 20 17
448 429 28 38 33
448 222 60 62 62
448 322 79 95 95
448 201 65 97 79
612 139 28 99 51
612 457 22 88 65
612 2 16 70 48
451 631 82 85 83
451 975 74 82 81
451 450 70 77 76
451 787 75 80 78
451 371 46 66 65
451 676 73 84 84
787 16 67 84 71
787 313 68 76 75
787 348 68 72 69
676 975 43 68 58
676 54 27 32 31
676 815 21 96 39
676 625 38 93 52
676 716 59 69 67
618 779 63 69 66
618 253 15 97 89
618 757 45 78 57
618 789 51 82 82
618 46 42 94 75
618 114 30 59 51
618 171 11 33 28
458 765 13 51 38
458 766 16 63 27
458 423 19 94 40
458 609 15 38 38
609 527 55 67 55
609 114 86 92 86
609 474 91 93 92
460 318 43 51 44
460 367 92 97 94
460 694 32 58 57
460 567 33 38 37
460 445 85 97 94
461 900 77 80 77
461 295 93 98 94
461 843 35 92 82
900 611 46 55 55
900 632 74 86 76
900 226 17 82 80
746 642 57 86 84
746 520 35 76 62
826 312 53 66 58
826 710 43 80 78
826 745 69 72 71
826 520 22 37 33
848 629 11 99 67
848 801 94 100 100
485 225 80 99 92
485 187 25 32 30
485 72 61 95 80
468 945 70 75 73
945 253 37 89 85
945 775 79 100 100
945 815 71 90 82
945 407 75 92 80
945 194 92 99 95
945 585 58 88 80
945 23 68 91 86
500 647 32 38 38
816 480 19 81 75
816 884 59 91 88
816 953 44 71 46
816 765 89 94 90
816 479 14 40 30
816 800 75 90 84
773 764 60 87 60
773 1 30 38 35
773 790 10 66 33
948 569 53 58 56
615 447 88 89 89
615 521 93 96 93
615 293 56 82 60
615 346 17 79 39
475 222 77 84 81
475 139 24 92 54
475 142 65 66 65
477 689 91 95 91
477 47 30 72 65
477 835 30 64 54
689 954 15 54 42
689 38 73 79 73
835 129 82 89 85
478 407 14 89 45
478 648 61 64 64
478 595 88 91 89
478 373 73 88 83
479 798 76 94 82
479 226 55 83 69
479 300 65 87 73
479 602 35 79 54
795 567 27 68 61
795 902 27 100 45
795 900 75 83 80
483 241 69 77 76
796 237 21 96 58
796 181 90 100 97
796 70 36 87 69
796 371 11 74 36
825 199 61 95 80
825 818 56 96 64
825 706 73 92 83
767 768 61 75 65
882 263 36 90 38
882 321 80 97 91
882 353 83 93 91
882 651 76 81 79
498 776 37 57 37
498 963 71 72 72
498 652 13 33 29
498 587 78 89 89
783 352 75 99 77
783 128 35 90 53
783 754 64 90 77
783 22 84 87 87
783 922 60 93 67
783 613 47 79 59
783 831 24 69 66
783 609 63 87 81
504 412 58 59 58
504 910 47 60 54
504 757 27 39 37
506 189 60 86 60
506 835 27 90 50
506 382 94 98 94
506 142 66 70 70
528 81 61 76 76
528 540 84 85 85
528 137 27 85 65
528 371 11 26 20
509 286 92 94 94
513 780 12 38 27
513 502 30 79 41
517 968 71 82 73
517 475 60 67 65
517 220 94 99 95
517 385 44 91 63
517 418 56 92 63
526 595 53 85 68
809 371 35 74 64
809 288 11 89 31
809 726 38 43 41
809 570 64 67 64
809 4 58 89 59
809 387 74 85 84
540 552 21 32 21
540 614 16 43 20
540 768 44 72 51
656 745 55 72 56
656 506 92 96 93
656 906 75 93 91
656 401 63 69 63
656 188 54 58 58
656 123 89 93 93
629 340 37 58 56
629 142 67 68 68
629 914 10 42 36
629 416 34 78 59
538 801 15 77 65
797 367 32 89 40
797 291 20 44 36
797 929 94 99 96
554 118 20 86 47
554 419 15 65 54
554 515 71 77 76
557 380 85 86 86
557 735 17 35 33
557 345 49 64 49
565 456 90 99 98
565 909 93 97 93
565 964 44 49 44
568 838 57 99 58
568 412 80 92 88
568 948 32 66 34
570 904 32 97 84
570 177 80 100 90
570 522 27 96 57
570 695 92 93 93
570 918 68 95 80
570 92 85 90 88
570 472 30 68 67
574 177 70 91 80
579 580 35 92 35
579 338 33 44 33
579 449 35 86 62
583 53 84 89 84
640 808 13 18 17
640 222 73 91 74
591 324 49 71 58
594 782 86 87 87
594 99 76 88 82
601 791 31 66 51
601 855 55 68 62
601 92 65 82 70
763 904 85 86 85
763 649 17 46 26
763 53 62 85 64
763 975 60 96 63
607 75 83 92 88
607 900 56 67 64
617 915 94 98 96
617 396 60 87 60
617 561 69 99 85
617 409 29 60 54
617 102 67 74 70
617 454 44 63 48
617 417 79 96 96
617 681 39 97 65
696 23 66 79 68
696 275 50 61 50
739 14 95 100 97
739 893 53 68 66
739 113 25 97 45
739 809 19 21 20
739 521 20 36 22
738 590 86 97 97
738 557 57 72 61
718 713 85 87 86
718 605 77 88 84
718 858 62 82 76
626 182 39 60 52
626 644 68 71 71
644 379 14 31 31
644 538 39 49 42
644 46 81 91 89
644 4 91 97 96
644 699 75 81 79
643 693 63 74 73
643 527 61 88 82
643 933 48 86 65
643 540 61 78 65
643 585 33 49 44
933 512 66 91 90
933 831 26 32 30
839 630 51 84 78
839 971 10 98 22
839 521 91 100 99
839 14 66 73 68
653 114 12 79 65
653 434 78 82 79
653 256 41 92 82
653 947 37 39 37
660 554 66 83 77
663 939 28 42 35
663 941 36 95 50
663 196 15 72 66
663 399 92 98 97
669 58 22 82 41
669 242 88 98 93
669 198 51 89 76
669 590 38 76 42
669 401 82 88 84
669 961 71 75 75
759 868 87 93 89
671 439 34 64 50
671 896 58 68 67
671 17 70 87 83
671 875 84 92 90
875 556 19 71 34
875 2 40 43 42
875 225 30 97 60
875 933 13 20 20
678 737 78 93 90
678 691 25 27 25
678 713 90 100 98
678 739 66 73 66
678 487 40 67 67
727 289 93 98 98
727 94 64 87 82
877 595 95 96 96
877 601 42 82 67
877 617 87 91 91
877 836 44 75 75
877 574 47 50 48
692 236 41 98 43
692 96 74 80 77
692 944 49 50 49
692 822 58 79 75
692 874 67 95 75
702 684 35 38 38
702 445 36 45 39
708 634 11 42 13
708 791 10 41 17
708 188 77 93 82
708 664 72 74 72
708 269 91 95 92
840 11 40 84 77
840 219 35 100 95
840 847 32 57 49
715 53 80 88 83
715 666 44 65 57
715 524 93 97 94
715 967 17 98 64
967 839 43 61 49
967 37 75 96 95
967 11 50 55 50
858 566 15 41 28
902 223 10 85 37
902 39 12 83 18
902 56 67 90 89
720 81 17 94 83
720 887 40 47 47
721 284 45 94 57
749 947 94 97 97
730 373 65 75 66
730 733 95 97 97
730 843 47 87 49
731 642 17 89 69
731 588 23 100 61
762 3 57 69 66
762 851 67 72 70
755 231 52 71 60
755 120 78 82 79
755 946 84 90 84
755 671 74 88 77
755 384 79 90 88
771 332 29 47 44
771 667 74 90 80
771 55 83 87 85
771 188 14 89 77
790 376 83 91 88
804 618 10 71 21
804 420 14 72 31
834 584 70 91 77
834 13 11 66 35
811 287 12 37 23
812 557 65 93 84
812 334 68 91 85
812 665 24 90 78
845 108 41 80 64
845 132 30 49 49
845 410 57 71 68
845 707 37 81 65
845 405 76 100 84
845 453 55 80 68
856 110 22 87 42
856 437 19 76 69
856 882 12 83 34
863 740 40 67 46
863 317 81 89 83
864 899 90 97 95
864 142 53 71 58
864 769 64 97 87
876 650 20 40 26
876 410 83 85 85
876 161 32 61 53
876 562 33 43 39
907 965 30 53 53
907 25 12 69 32
907 747 69 71 71
925 799 68 76 72
925 490 77 97 90
913 833 11 44 36
913 541 65 86 86
913 80 89 95 95
913 504 77 99 81
913 200 46 66 56
913 693 12 53 20
931 360 91 98 95
931 196 20 26 24
931 397 94 98 96
916 76 45 80 63
916 95 43 53 48
916 99 49 91 64
924 121 61 75 61
924 252 70 98 97
924 680 53 91 85
935 26 47 78 56
935 378 94 99 98
936 588 10 24 18
940 19 81 88 87
955 540 45 63 55
955 914 36 75 67
957 892 22 30 22
974 405 69 77 74
0 975
