397 1267
0 217 75 77 75
0 347 10 48 44
0 366 28 99 61
0 84 76 97 82
0 7 44 47 46
0 322 34 58 39
217 281 53 98 94
217 256 83 100 94
217 250 32 100 43
217 347 87 95 94
217 11 37 61 56
347 152 81 99 93
347 259 19 37 35
347 0 44 68 49
366 20 71 82 80
366 109 88 94 93
84 115 40 58 46
84 243 35 75 71
84 135 20 50 24
84 201 28 90 30
84 98 78 91 80
84 266 31 90 68
84 176 81 82 82
7 155 36 59 50
7 222 31 37 34
322 381 80 96 81
322 288 76 77 76
322 333 18 79 25
1 366 77 78 78
1 248 29 65 57
1 264 43 59 52
1 86 72 76 76
248 218 23 67 26
248 100 68 95 79
248 310 40 51 51
264 39 54 73 73
264 314 95 98 96
264 72 55 73 70
264 55 76 79 78
264 175 88 91 88
264 256 76 95 93
264 58 52 99 63
264 375 20 37 36
86 232 54 78 61
86 222 64 65 65
2 165 89 93 93
2 379 42 57 44
2 114 29 53 47
2 374 11 16 13
2 140 67 69 69
2 112 31 46 36
165 34 23 33 25
165 114 65 96 89
165 213 67 74 71
165 373 61 62 62
379 354 75 89 83
379 309 57 88 59
114 227 54 74 65
114 267 50 86 76
374 244 32 70 43
374 382 13 78 65
374 251 87 89 88
374 241 54 83 71
140 163 25 70 49
140 267 42 85 76
140 322 53 85 81
112 114 37 97 77
112 321 42 73 64
112 42 42 63 59
3 260 80 99 88
3 341 79 97 94
3 156 20 82 72
3 149 83 86 83
3 342 18 43 29
3 282 60 83 60
3 40 48 95 56
260 38 89 99 93
341 207 38 54 40
341 45 21 28 24
341 270 50 53 53
341 176 59 77 76
341 170 21 84 42
156 306 50 66 63
156 258 94 100 100
149 51 49 62 55
342 160 93 97 96
342 349 17 30 28
282 269 70 71 71
282 50 16 33 33
40 268 81 92 88
40 255 38 86 52
4 119 16 58 31
4 0 43 96 82
4 396 63 90 84
119 275 41 90 49
396 143 32 74 71
396 247 45 57 54
396 201 42 77 65
396 256 64 70 70
5 45 62 79 66
5 71 74 93 88
45 103 55 90 76
45 123 48 93 67
45 305 12 50 44
71 325 46 61 56
71 292 55 76 73
6 64 63 99 76
6 236 87 100 87
6 231 73 88 74
6 19 57 72 68
6 142 50 71 69
64 370 90 94 92
64 378 71 80 75
236 269 39 48 41
236 287 50 74 51
231 180 59 82 63
231 155 90 100 93
19 45 77 91 86
19 124 85 87 87
19 50 88 98 94
19 71 41 73 52
142 245 84 92 89
142 185 71 84 82
155 252 91 92 92
155 93 67 68 68
155 164 75 88 88
155 330 94 98 97
222 95 10 83 34
222 388 45 78 47
8 76 81 97 85
8 348 23 25 24
8 329 29 58 41
76 95 78 88 80
76 254 41 54 41
76 126 27 68 58
348 102 48 71 59
348 157 63 66 66
348 119 89 96 93
329 347 17 61 26
329 348 54 83 57
9 72 88 94 88
9 386 35 40 36
9 160 12 70 25
72 267 24 32 31
72 68 72 96 89
386 178 76 99 93
386 373 58 60 58
386 79 71 98 97
160 346 89 94 89
160 122 31 38 34
160 51 62 78 74
160 35 49 62 54
160 359 89 99 89
160 274 39 89 50
10 387 56 95 57
10 269 37 87 56
10 308 69 96 91
387 44 50 96 90
387 38 81 90 87
387 122 60 85 81
387 127 82 94 92
387 194 65 74 74
387 51 73 83 79
269 254 51 89 62
269 229 86 92 86
269 81 57 86 83
269 374 31 97 93
269 293 59 90 81
269 36 93 94 94
11 330 45 53 46
11 106 26 55 48
11 241 18 22 21
330 5 16 49 17
330 326 32 96 65
330 187 83 89 88
330 2 76 95 93
330 321 61 93 76
330 201 28 83 66
330 142 74 88 77
330 198 31 97 65
106 124 83 96 90
241 82 11 68 45
241 290 91 100 98
241 45 25 44 29
12 295 80 93 90
12 255 40 63 55
12 175 23 47 42
12 149 61 94 87
295 144 90 98 96
295 37 49 67 58
295 389 17 18 17
295 76 83 92 88
295 232 44 72 52
255 373 21 90 46
255 189 91 92 91
13 300 94 97 96
13 166 93 99 96
13 76 92 99 92
13 334 59 99 74
13 221 95 96 96
13 366 44 88 53
13 337 91 99 93
300 254 56 65 62
300 376 50 65 57
300 73 28 44 41
300 96 53 79 53
300 11 89 94 94
166 162 79 99 99
334 4 31 85 65
334 90 42 58 45
334 20 19 52 36
334 329 56 80 70
334 215 79 100 80
221 234 40 68 61
221 308 22 96 70
337 74 52 64 56
337 36 24 55 38
14 327 64 76 69
14 354 50 94 56
14 152 12 82 37
327 123 67 91 75
354 330 88 99 88
354 155 76 98 81
152 269 12 39 20
152 69 21 46 31
152 240 72 99 76
152 2 41 87 82
152 368 47 65 47
152 323 60 73 72
15 393 65 81 77
393 138 85 95 89
393 235 57 70 70
16 202 55 61 59
16 10 70 72 71
16 187 95 98 98
202 11 44 71 61
202 101 51 76 63
187 224 46 66 46
17 376 24 97 69
17 282 61 94 85
376 215 83 91 83
376 273 18 32 29
376 88 39 69 41
376 324 75 86 86
376 224 14 64 24
376 130 41 96 52
18 259 68 82 71
18 135 35 42 41
18 53 15 38 36
18 342 88 89 88
18 138 66 67 66
18 286 74 96 79
18 248 68 87 74
259 152 85 97 96
259 36 90 99 98
259 130 47 70 66
259 265 74 93 76
135 183 42 49 43
135 113 86 95 94
53 54 27 36 30
53 95 39 82 49
138 49 52 92 62
138 277 41 62 42
138 155 60 83 72
286 270 36 43 41
286 375 67 80 73
124 34 16 89 42
124 302 91 96 92
124 82 20 26 22
50 145 23 25 23
50 179 31 51 36
50 172 19 23 19
20 346 64 88 72
20 358 35 60 35
20 108 37 41 37
20 206 27 64 35
20 320 14 41 24
346 84 92 99 96
346 149 94 95 95
346 207 94 100 96
358 81 37 44 39
358 83 31 79 42
358 324 34 48 45
358 307 28 79 69
358 218 45 52 46
108 259 77 95 90
108 174 35 80 71
108 185 30 92 60
206 118 70 87 83
206 324 72 84 83
320 388 12 13 12
320 94 14 93 65
320 63 93 98 97
320 373 71 86 74
320 272 59 85 81
320 182 21 97 89
320 311 52 84 60
320 179 38 39 39
21 239 66 71 71
21 155 72 73 72
21 7 40 42 41
21 75 34 70 41
21 34 57 73 60
21 262 58 91 65
21 89 68 81 77
239 329 25 89 72
239 59 11 53 12
75 247 18 89 18
34 79 56 72 62
34 50 18 61 41
34 305 32 83 51
34 171 24 40 31
34 328 88 89 88
34 273 72 80 74
262 386 69 70 69
262 128 69 80 73
262 131 54 79 72
262 154 79 85 83
89 107 78 95 82
22 123 56 84 80
22 141 90 96 95
22 171 53 54 54
123 5 24 55 34
123 40 50 68 57
141 84 10 68 53
141 122 37 47 40
171 127 21 62 25
171 375 41 90 86
23 239 53 55 53
23 193 67 91 83
23 33 59 84 76
193 46 66 93 82
193 5 93 98 95
193 176 44 83 79
193 319 87 93 92
193 368 84 92 84
33 243 14 80 61
33 285 33 97 35
33 378 84 95 89
33 130 60 83 76
33 41 92 100 95
24 154 50 99 93
154 101 63 93 64
154 254 33 90 68
25 237 75 100 88
25 8 18 79 48
25 192 73 83 77
25 261 67 68 67
237 98 58 98 76
237 126 19 29 26
192 218 86 93 87
192 388 88 99 88
192 162 78 90 79
192 29 63 85 81
192 386 38 80 42
261 26 29 41 30
261 253 20 64 25
261 135 55 94 78
26 363 31 85 84
26 198 32 38 35
363 82 17 40 39
363 379 79 90 87
363 246 65 78 77
198 292 91 92 92
198 254 16 46 24
198 108 94 98 96
27 290 66 95 74
27 136 56 74 73
27 261 31 87 51
290 111 67 86 71
290 242 49 83 71
136 24 87 93 93
136 367 61 89 63
136 82 42 61 55
28 375 42 58 50
28 48 91 96 93
28 354 34 84 83
28 392 18 52 22
28 350 51 77 62
375 135 83 86 86
375 327 93 100 95
375 70 54 88 63
375 204 19 41 27
48 295 14 78 19
48 63 18 30 30
48 297 37 64 46
392 54 77 82 81
392 95 31 41 35
392 69 25 59 50
350 40 27 68 42
350 200 94 99 95
350 184 66 78 73
29 2 35 48 44
29 344 70 92 77
344 182 31 79 53
344 242 17 45 32
344 109 37 38 38
344 151 76 88 88
344 88 62 93 90
344 73 23 99 57
30 331 57 79 64
30 272 10 65 26
30 289 12 91 18
331 56 54 99 54
331 35 90 92 92
331 271 29 86 81
272 293 15 63 45
272 129 71 90 89
272 54 85 94 91
272 344 44 79 44
272 311 63 78 69
272 280 69 85 72
272 231 87 88 88
272 226 66 88 75
272 75 31 35 35
272 139 50 54 51
289 17 35 56 37
289 45 94 100 99
289 288 18 76 29
31 63 49 75 56
31 111 59 79 79
31 248 78 80 79
31 128 52 87 55
31 108 39 76 68
31 386 57 94 84
63 354 56 68 67
63 266 34 98 77
111 29 42 100 45
111 288 25 50 36
111 85 42 73 57
111 139 76 87 86
128 61 34 77 42
128 24 67 69 69
32 352 75 92 80
352 151 92 97 96
352 143 12 15 12
352 46 84 94 89
352 274 17 23 21
243 316 54 92 66
243 80 58 83 70
243 254 63 97 82
243 334 26 76 59
378 135 94 100 97
378 255 40 71 68
378 314 33 65 58
378 77 81 87 82
130 14 67 99 79
130 276 81 90 88
130 303 60 83 67
41 236 78 81 80
41 278 56 90 90
41 309 81 82 82
41 117 59 85 85
79 297 83 93 90
79 82 20 89 73
79 3 26 74 62
305 334 51 57 52
305 3 95 97 96
305 112 19 46 24
328 95 92 94 92
328 315 32 40 35
328 354 73 88 75
273 16 80 83 83
273 283 25 72 71
35 94 92 99 99
35 96 63 94 65
94 229 77 92 85
94 30 30 58 34
94 292 39 97 45
94 17 35 95 70
94 200 87 88 87
96 216 61 86 80
36 153 27 48 33
153 60 73 79 79
153 284 59 76 74
153 43 64 80 69
153 345 55 57 57
37 193 75 100 75
37 357 30 69 44
37 255 19 44 24
37 43 76 80 78
37 39 70 87 78
37 111 16 33 25
357 88 12 84 57
357 349 80 98 82
357 3 70 99 80
357 260 35 88 83
357 185 69 93 81
357 190 12 71 42
357 248 63 68 65
43 147 53 60 54
43 337 92 96 95
43 146 16 83 73
39 395 18 81 65
39 137 57 66 66
39 102 13 80 28
39 301 88 98 96
38 39 10 62 41
38 192 88 100 93
38 312 35 100 90
312 186 68 90 87
312 114 80 86 84
312 305 20 66 46
395 72 77 98 94
137 184 19 34 20
137 130 16 78 74
137 395 36 80 73
137 237 12 77 58
102 38 86 93 93
102 149 34 62 59
102 340 73 99 74
268 226 20 35 34
268 366 92 98 96
268 199 81 88 85
268 359 36 42 38
268 78 83 85 84
268 204 38 40 39
278 112 42 91 47
278 38 35 90 53
309 257 22 96 82
117 287 61 94 73
42 263 46 89 60
42 273 65 72 69
42 277 11 43 25
42 250 57 89 74
263 219 23 68 66
263 346 94 96 94
263 364 54 85 66
263 318 83 95 92
263 203 25 73 58
277 253 16 95 65
277 93 74 85 80
250 390 45 58 45
147 272 16 30 17
147 112 90 100 92
146 127 43 82 54
146 139 72 100 84
44 54 10 52 27
54 262 17 28 28
54 169 16 67 50
54 242 42 44 44
54 335 12 98 50
103 229 36 38 36
103 245 71 73 72
103 168 68 100 74
46 220 89 99 97
46 144 84 98 86
46 187 67 99 76
46 119 92 97 93
46 228 44 50 44
220 165 16 51 38
220 4 24 85 37
220 16 22 27 24
220 102 89 91 90
220 74 87 98 88
144 150 80 100 84
144 343 42 68 45
144 251 87 96 93
228 169 64 96 96
47 210 93 97 95
47 152 77 95 91
47 226 94 100 96
210 310 82 92 85
210 363 21 99 57
210 396 72 93 72
226 371 90 94 93
226 292 74 97 83
226 43 68 91 89
297 55 52 71 69
297 322 84 93 89
297 365 26 68 49
297 228 74 95 92
49 208 31 79 32
49 42 41 93 70
208 225 10 41 16
208 36 10 48 31
208 25 63 89 89
208 194 12 47 19
208 103 16 74 37
208 19 17 38 34
145 0 40 46 46
145 149 59 63 61
145 174 68 85 84
179 382 77 92 85
179 25 62 64 64
179 301 18 41 21
179 286 46 97 70
179 311 12 27 24
179 202 28 81 43
179 60 28 94 91
172 22 15 39 22
51 116 33 39 38
51 67 29 80 54
51 297 61 65 64
51 374 82 100 85
51 144 54 96 69
51 50 41 71 49
116 153 70 80 75
116 52 24 79 40
116 382 77 95 77
67 324 86 93 92
67 175 79 81 81
67 166 75 86 79
52 297 11 34 25
52 23 85 87 86
52 76 54 83 62
95 145 43 58 51
95 86 73 80 77
169 226 43 88 61
169 64 12 50 46
169 135 40 61 47
169 244 38 55 54
169 5 30 94 72
242 106 80 90 90
242 18 19 34 22
242 354 75 91 89
242 14 31 47 44
242 394 29 57 35
335 132 25 85 52
335 388 66 93 93
335 271 90 92 91
335 349 23 52 42
55 105 87 97 87
55 254 80 90 80
105 383 39 83 56
105 164 77 92 78
105 265 70 72 72
105 201 73 82 82
105 241 17 20 18
105 52 25 43 42
254 338 61 89 78
254 124 25 69 63
56 318 41 72 41
56 226 19 66 21
56 47 26 45 34
56 310 56 80 68
318 228 34 38 35
318 332 59 90 63
310 165 86 92 90
57 8 76 83 77
57 255 39 63 45
58 176 34 94 71
58 225 54 100 62
176 396 56 60 59
176 359 82 84 82
225 71 44 56 46
225 244 55 60 60
59 96 26 100 50
59 310 79 84 82
59 248 95 97 95
59 285 11 24 13
60 138 92 97 95
60 314 67 90 83
61 250 65 78 67
61 363 94 99 95
61 135 32 63 48
61 294 13 48 16
61 334 13 15 14
294 380 83 96 83
294 226 53 60 56
62 360 17 66 20
62 99 58 78 76
62 118 85 86 86
62 116 56 78 59
62 372 85 88 88
62 222 32 38 33
62 181 53 94 72
360 392 55 63 56
360 226 90 97 91
360 151 91 97 94
360 41 52 82 71
360 262 28 40 28
99 347 10 80 79
99 221 63 72 69
99 255 50 53 52
118 149 56 86 59
118 104 53 96 88
118 8 44 47 46
118 393 34 49 43
118 29 34 73 66
118 114 60 73 66
372 113 15 35 28
372 95 37 73 73
372 187 68 84 76
372 267 32 41 37
181 359 10 28 16
181 225 69 97 80
181 293 15 91 44
181 202 51 52 52
266 368 59 89 85
266 48 19 43 34
266 198 87 93 92
266 286 81 95 94
370 386 65 76 75
370 200 25 89 67
65 213 18 72 38
65 271 88 91 88
65 84 74 82 75
213 312 73 99 79
213 327 89 97 92
271 167 72 88 81
271 156 71 90 81
271 260 13 59 57
66 48 14 22 19
66 161 53 63 62
66 209 66 83 74
161 0 40 52 41
161 13 43 66 61
209 187 15 81 68
209 350 12 17 13
209 307 26 54 27
324 178 55 87 73
324 340 76 98 94
68 371 78 95 95
68 231 13 59 21
68 150 42 49 49
68 157 94 96 95
371 263 28 79 63
371 355 83 96 94
150 12 36 77 50
157 39 50 62 57
157 173 71 86 77
157 102 19 20 20
157 12 38 80 78
70 195 89 95 92
70 249 58 62 60
70 383 69 78 71
70 32 21 56 48
70 213 89 92 89
70 341 53 91 60
70 43 74 99 78
195 62 69 87 80
195 53 48 90 51
195 108 87 95 89
195 118 87 98 96
249 242 36 64 55
383 83 26 88 76
383 315 90 96 96
383 352 30 93 85
383 201 19 73 44
383 111 87 99 93
325 182 36 62 42
325 220 25 30 26
325 250 34 92 54
325 0 24 52 26
292 395 40 99 67
292 194 66 67 66
267 64 24 68 60
267 150 76 88 81
267 235 37 39 38
73 216 79 81 79
216 2 85 90 88
216 279 57 90 61
216 350 39 53 46
216 291 11 95 17
216 221 20 32 28
216 224 21 39 21
74 300 42 79 50
74 235 24 71 31
235 103 17 20 17
235 351 33 58 35
247 254 89 94 90
247 220 91 94 92
247 115 49 54 54
126 186 78 85 84
126 45 54 72 54
126 118 15 43 26
126 268 88 94 93
126 58 76 79 78
77 322 89 95 94
77 171 86 97 91
77 321 80 99 98
321 210 51 76 61
321 208 10 15 13
321 157 49 59 53
321 20 13 71 50
78 75 78 94 85
78 121 66 73 72
78 199 64 84 72
78 244 37 86 80
78 250 70 98 97
121 316 20 88 36
121 300 10 57 36
199 291 10 20 11
199 113 51 75 72
199 315 73 91 77
199 161 90 91 91
244 152 55 77 63
82 294 60 85 67
82 130 76 90 88
82 70 87 96 87
82 320 57 91 61
82 174 94 97 95
82 189 90 95 93
82 195 79 95 82
80 55 79 83 82
80 179 69 84 77
80 388 39 68 54
80 215 63 98 82
80 163 82 89 83
388 177 90 93 93
388 363 27 57 33
388 29 78 92 91
388 92 11 69 40
388 98 18 74 36
215 136 66 81 79
215 292 73 98 79
215 207 71 96 85
215 143 55 65 59
163 16 27 42 34
163 89 72 79 79
163 303 38 63 45
163 348 48 67 65
163 276 48 80 68
81 337 14 72 67
81 354 48 61 60
81 364 17 62 56
364 363 12 53 35
364 139 16 27 25
364 105 30 75 42
364 231 43 66 48
364 21 12 67 20
174 124 62 68 67
174 353 39 90 82
174 129 70 80 71
189 345 73 77 74
83 52 61 64 64
83 353 91 95 93
83 391 65 69 69
83 176 55 86 73
353 225 58 91 68
391 51 34 44 42
391 239 25 32 30
391 95 19 25 23
391 72 89 90 90
391 318 59 84 72
115 167 63 92 63
115 209 34 90 38
115 357 47 86 82
98 366 53 83 79
98 267 84 93 88
98 393 16 48 30
85 90 47 56 52
85 391 28 79 64
85 22 54 96 63
85 336 49 89 62
90 88 88 99 95
336 302 84 91 87
336 306 85 87 85
232 2 50 79 66
232 266 75 91 85
87 288 27 99 39
87 393 62 97 65
87 133 12 46 29
288 348 47 69 64
288 339 89 91 90
288 369 95 100 98
133 184 83 89 88
133 67 65 82 72
133 238 59 83 64
88 59 53 84 76
88 266 27 50 30
107 86 30 51 30
107 287 43 44 44
107 226 41 75 74
91 152 94 100 96
91 237 20 88 38
91 182 45 75 56
91 40 93 99 93
91 324 66 100 80
91 298 31 58 44
182 108 86 88 87
298 114 40 85 43
298 261 86 92 89
92 384 90 92 91
384 122 35 58 50
384 212 58 60 58
384 75 57 87 81
384 123 56 99 98
384 373 46 95 66
384 230 88 94 93
93 235 46 50 48
93 320 90 98 97
93 241 52 80 66
229 262 43 49 43
229 25 85 100 94
229 248 82 96 86
200 194 61 84 74
200 151 93 95 94
200 33 19 57 28
200 49 44 77 65
97 220 86 98 88
97 364 74 77 74
97 322 78 90 84
100 202 75 77 77
100 342 73 89 85
100 344 37 60 60
101 134 78 94 94
101 58 50 95 90
101 310 85 88 87
134 191 78 81 79
134 267 37 54 47
134 74 48 62 58
340 108 73 100 96
340 129 24 56 54
340 231 57 58 58
340 66 95 96 96
245 175 69 94 72
245 87 30 82 46
245 143 41 46 43
245 104 32 73 69
245 220 62 72 69
245 105 82 89 85
245 63 33 66 63
168 195 67 75 74
168 124 88 99 91
168 173 57 81 71
104 258 48 50 48
104 46 37 50 49
104 2 15 39 31
104 22 89 93 93
258 17 90 94 93
258 1 60 75 62
164 41 55 60 58
164 228 57 92 61
164 155 67 96 70
164 233 25 40 34
164 126 91 95 94
164 43 75 98 80
265 264 95 100 100
287 0 53 89 72
287 101 83 88 84
287 248 14 41 34
287 138 39 47 44
287 290 78 96 89
185 319 30 44 32
185 107 67 84 72
185 67 45 54 47
185 262 63 66 65
109 52 33 53 33
109 242 56 75 73
109 58 40 84 76
109 296 70 77 76
109 106 66 68 68
296 112 28 95 46
296 244 38 96 58
110 9 15 29 16
139 80 14 56 21
139 49 63 70 65
139 184 64 100 96
139 311 42 84 68
113 180 73 75 75
113 18 19 60 46
113 97 81 89 81
180 166 79 84 81
180 306 53 79 67
180 91 32 88 50
180 72 91 92 91
180 139 63 68 65
227 307 23 31 29
227 372 80 88 87
227 154 75 95 89
167 134 93 97 94
167 288 46 57 56
382 276 23 86 23
382 222 76 90 85
382 120 94 95 95
275 145 85 90 88
275 83 63 77 77
275 212 68 77 70
275 345 30 97 97
120 156 65 78 78
120 100 37 55 54
120 1 84 98 89
120 38 64 81 75
120 47 18 52 51
316 345 58 90 78
316 321 35 76 68
316 308 39 40 40
316 337 95 98 98
122 189 49 52 52
302 368 90 93 91
302 376 58 61 61
302 223 72 78 72
302 382 94 100 97
125 206 87 99 99
125 93 30 90 82
125 287 53 87 68
125 32 35 62 48
186 179 52 80 62
186 217 32 80 70
127 274 59 88 83
127 211 41 83 59
127 259 72 94 93
274 126 63 82 82
211 225 58 59 59
211 74 50 92 77
211 272 84 86 85
211 156 46 72 57
129 10 57 73 57
129 233 84 99 98
129 254 83 96 83
129 172 29 70 46
233 42 30 44 30
233 309 68 70 70
233 93 41 75 62
233 318 35 68 58
276 290 20 21 21
276 248 54 67 54
276 349 46 68 49
276 81 62 91 81
303 164 83 87 87
303 235 55 91 69
303 203 47 92 54
303 394 52 75 57
132 168 93 100 96
132 362 89 92 91
132 180 76 77 77
362 115 24 82 46
362 186 45 74 70
362 65 66 74 70
362 188 27 94 94
184 249 79 89 79
238 286 77 79 79
238 170 20 67 44
238 208 86 89 86
238 61 19 98 96
238 114 65 99 97
238 84 21 58 43
191 290 78 91 82
191 46 44 49 48
183 209 40 98 68
183 195 36 38 37
183 53 26 86 52
183 327 30 74 35
367 281 39 51 47
367 90 35 90 90
311 319 14 45 31
143 190 71 91 91
143 195 23 41 29
143 168 37 40 39
190 131 55 95 93
343 225 65 73 69
343 316 57 90 75
343 117 10 27 27
251 10 56 69 67
148 37 33 58 33
148 362 66 78 72
148 28 22 50 38
148 392 74 84 75
148 366 26 56 43
151 94 33 85 67
151 172 53 95 72
240 205 12 62 45
368 174 29 57 57
368 150 88 96 96
323 161 88 97 90
323 5 34 79 74
284 95 91 99 93
345 344 42 52 43
345 279 91 92 91
345 224 81 87 81
252 52 30 48 40
252 90 79 100 98
173 114 78 79 79
173 240 39 72 65
173 86 84 88 85
173 81 38 41 40
158 86 69 73 71
158 209 28 91 65
158 173 74 84 79
159 302 59 92 77
159 202 44 48 47
159 361 71 96 75
361 262 48 79 73
361 202 34 56 44
361 217 95 97 95
361 383 71 80 73
361 84 77 98 98
359 28 59 70 65
162 342 41 52 50
162 78 79 91 90
162 211 58 99 79
162 261 27 83 61
162 101 74 82 82
373 111 27 92 30
170 317 14 66 22
170 307 16 57 36
317 98 63 85 63
317 272 76 86 86
317 319 71 100 75
317 157 92 97 93
307 29 51 90 85
307 343 60 67 64
307 143 27 36 28
177 33 72 81 72
177 159 70 99 79
177 166 53 56 53
177 105 27 75 64
178 225 51 79 58
178 357 75 79 76
178 190 93 95 94
178 156 57 85 71
178 262 36 95 68
293 168 66 76 67
293 128 10 40 39
293 152 88 93 88
293 253 89 100 98
293 310 75 79 77
293 340 33 52 52
319 363 56 86 74
319 384 15 95 83
319 264 19 23 19
319 368 85 87 87
319 23 66 70 67
319 251 66 75 68
319 46 13 23 19
224 13 37 99 69
188 89 52 74 68
188 155 15 47 33
218 228 28 49 49
218 165 70 92 70
218 59 94 95 95
194 103 86 91 91
194 269 49 99 72
194 392 17 27 23
194 18 46 76 72
196 148 73 93 80
196 367 92 96 95
196 391 65 76 73
196 171 90 94 94
196 78 19 93 56
196 40 38 83 74
197 27 18 23 18
197 123 28 48 40
197 186 25 34 26
197 130 38 46 45
291 308 89 99 96
291 208 73 91 83
291 139 86 95 86
315 326 46 47 47
203 96 22 52 28
204 40 23 100 87
204 310 40 64 50
205 14 37 55 50
205 323 51 97 65
205 169 62 81 68
205 328 31 99 44
205 99 75 100 80
205 27 88 93 88
207 316 11 42 13
207 285 52 74 55
212 218 30 93 91
212 344 82 97 87
212 64 66 93 83
212 133 35 98 58
214 310 41 99 92
214 221 95 98 98
279 77 84 98 98
279 137 27 81 63
281 176 29 74 48
256 44 48 88 77
256 79 39 84 39
256 236 40 41 41
256 332 57 87 86
256 36 27 57 43
219 240 94 100 99
219 339 69 73 73
339 64 33 94 69
339 147 49 62 55
339 45 81 86 82
339 53 86 97 86
234 377 47 92 56
234 246 35 82 35
234 326 48 96 93
223 184 28 37 36
223 224 48 74 57
230 214 26 41 27
230 169 25 99 54
230 187 53 65 65
377 125 27 71 42
377 374 78 98 98
377 211 84 100 85
246 132 17 34 19
246 242 10 36 21
246 68 17 20 17
246 42 62 85 76
326 312 91 96 96
351 128 59 64 63
351 334 37 91 44
394 20 88 100 100
394 149 24 94 64
394 226 49 79 70
394 285 28 86 80
394 250 50 76 57
253 350 33 49 40
253 391 12 98 42
253 218 63 97 78
253 381 29 66 63
253 66 77 78 78
253 280 90 98 90
381 225 19 46 19
381 245 91 96 94
280 121 27 90 66
280 339 71 87 84
338 72 34 59 57
338 38 88 90 88
338 112 62 70 69
332 3 70 90 90
332 334 84 88 87
257 165 86 95 92
257 4 78 99 89
257 194 93 95 93
270 379 29 74 63
270 244 47 51 48
283 17 44 72 54
349 339 10 47 42
349 135 78 81 80
349 381 82 84 84
349 388 54 87 83
349 351 73 83 73
349 198 87 94 93
349 272 26 34 27
369 320 27 67 38
369 235 78 90 81
369 23 39 41 39
369 362 54 55 54
369 62 12 87 39
369 196 47 76 54
380 29 74 96 89
380 305 10 85 13
380 193 14 38 17
389 91 30 51 37
389 368 15 22 21
389 71 38 52 48
365 22 62 90 88
365 382 68 69 69
365 311 79 87 87
299 259 30 39 30
299 209 90 93 90
299 376 75 86 84
299 367 72 84 82
304 54 84 98 89
304 91 66 91 88
304 31 83 85 84
304 290 84 94 93
313 184 84 93 87
313 349 26 36 26
313 151 63 70 68
313 227 34 82 80
313 9 30 61 37
333 311 12 87 13
355 313 52 68 64
355 57 32 59 33
355 386 42 61 58
355 27 11 51 16
355 349 30 62 50
355 302 65 79 76
356 369 75 95 79
356 27 63 87 79
356 240 86 92 88
356 154 13 54 26
356 349 90 91 90
356 63 22 69 60
385 299 16 55 25
385 144 87 99 96
385 174 18 96 47
0 396
