204 591
0 85 93 97 97
0 28 33 71 47
85 190 74 77 77
85 37 29 52 43
28 73 59 76 62
28 168 65 68 68
28 76 53 91 55
1 203 33 92 42
1 198 69 83 70
203 156 15 30 26
203 62 24 93 32
203 146 71 96 86
203 31 33 50 33
203 73 86 88 87
203 151 20 60 44
2 161 67 88 88
2 191 36 93 75
2 35 39 58 57
161 39 17 96 68
191 198 54 88 73
191 68 83 96 86
191 132 71 73 72
191 72 41 77 67
35 14 12 16 13
35 75 42 67 62
35 91 34 52 41
35 27 90 92 90
3 169 52 67 58
3 39 25 40 33
3 192 44 82 52
3 60 93 95 95
3 152 57 100 64
3 181 32 87 61
169 188 26 52 42
169 167 69 77 70
39 11 84 91 85
39 90 74 93 92
39 116 55 99 63
192 93 59 92 89
192 180 31 83 81
192 115 31 68 50
60 110 89 90 89
60 182 72 91 73
60 15 48 96 77
181 109 58 94 83
181 178 56 89 80
181 38 94 99 98
5 66 53 94 56
5 171 69 96 96
5 158 37 99 62
66 54 90 99 91
66 49 54 58 58
66 161 41 92 47
171 72 73 87 77
171 83 92 93 92
171 145 43 68 46
158 85 57 93 91
158 114 81 84 82
6 1 30 32 32
6 92 10 92 53
6 166 68 78 78
6 44 75 80 76
6 117 37 75 43
92 163 75 80 80
166 10 26 77 37
44 132 95 99 96
44 5 35 47 40
44 144 90 91 91
44 102 29 41 36
117 63 19 38 21
117 110 49 55 54
117 94 62 75 73
117 41 21 39 27
7 110 78 96 79
7 46 65 79 73
7 187 50 77 69
7 133 47 89 70
110 165 73 82 73
46 29 87 88 88
46 198 84 100 90
46 203 21 79 36
46 106 17 68 22
187 119 22 38 29
187 93 50 96 85
187 8 19 29 25
187 95 14 59 40
133 97 34 90 84
8 68 33 42 42
68 185 39 88 63
68 41 24 96 35
9 170 12 100 39
170 111 28 56 54
170 39 71 92 72
170 88 37 89 50
11 65 33 64 43
11 110 94 97 97
11 128 46 67 65
65 79 61 75 73
128 138 78 87 80
128 119 62 66 64
128 163 59 77 72
128 85 72 92 92
13 22 79 84 79
13 127 71 79 71
13 50 20 48 38
22 119 41 44 42
22 93 56 73 59
22 153 44 49 45
22 147 56 71 61
22 132 33 78 51
22 183 86 93 89
127 85 27 84 63
127 81 38 72 48
50 110 57 65 57
50 142 27 80 70
50 74 49 56 56
50 180 77 97 81
14 167 57 77 71
14 21 80 92 91
14 54 95 97 97
14 6 18 95 44
14 122 40 50 43
14 77 53 68 62
167 112 38 71 70
167 109 59 100 90
167 181 62 68 64
167 200 29 38 35
21 12 27 70 42
54 75 24 31 26
54 184 34 81 67
54 30 39 99 71
54 141 51 82 54
77 124 32 49 47
77 163 82 92 82
77 18 77 100 87
15 147 27 41 41
15 97 13 37 23
147 117 66 95 70
147 99 37 55 55
147 139 18 51 50
147 187 41 79 79
97 47 80 89 88
97 101 47 49 49
97 79 17 88 73
16 43 39 44 44
16 80 92 98 92
43 25 67 98 67
43 80 14 36 31
43 171 11 28 13
43 175 12 36 29
43 167 31 52 49
80 98 40 96 77
80 28 22 45 44
80 126 67 90 69
17 149 45 66 49
17 194 45 46 46
149 93 28 52 45
149 173 90 100 94
149 81 44 55 54
149 160 94 95 94
194 58 77 89 82
194 78 77 100 77
194 49 73 90 79
194 161 68 82 80
18 183 89 92 92
18 85 27 52 52
183 118 30 54 45
183 182 77 90 86
183 29 67 88 68
19 148 35 70 55
19 63 47 48 47
19 34 84 89 89
19 143 72 81 74
63 32 25 31 30
63 133 47 84 58
63 93 35 36 35
34 143 81 83 81
34 13 33 76 64
34 19 43 80 51
34 128 57 63 60
34 165 53 92 61
143 179 27 47 27
143 147 60 81 70
143 114 60 74 61
20 156 72 94 93
156 80 37 87 38
156 41 72 84 72
119 111 32 99 46
119 59 30 54 40
93 65 73 98 83
93 201 67 98 77
93 174 10 26 18
93 61 44 70 51
93 54 74 96 76
93 176 93 95 93
93 163 90 99 95
93 68 79 86 82
153 90 42 57 47
153 128 54 56 55
153 46 66 69 68
153 167 53 79 55
153 187 51 90 78
153 130 81 94 91
132 144 36 81 52
23 97 91 92 91
23 49 49 58 50
23 175 33 79 68
23 177 81 86 84
49 56 22 82 50
49 75 93 99 93
49 5 81 89 89
49 43 40 50 41
49 146 33 95 70
49 175 16 64 52
175 149 73 93 74
175 21 42 91 66
175 157 69 80 79
175 147 18 40 28
175 170 20 27 25
175 74 70 86 80
177 197 72 91 82
24 152 35 57 42
24 199 47 93 62
24 178 57 85 69
24 89 42 64 51
24 198 73 79 78
24 34 91 99 98
199 80 27 56 40
199 185 79 90 89
199 45 73 98 90
199 86 87 90 90
199 118 74 97 96
199 11 57 62 59
178 131 39 67 51
178 177 25 85 54
178 117 64 83 66
178 198 30 34 34
178 37 95 96 95
89 57 60 79 73
89 169 78 80 79
89 133 21 34 21
89 176 48 50 48
89 123 57 98 93
89 170 37 82 44
26 169 50 69 65
27 14 13 65 22
27 125 40 64 46
125 103 58 82 70
125 50 71 75 71
125 44 87 90 89
125 159 46 99 83
125 104 90 95 94
125 164 27 93 83
168 156 30 44 34
76 143 63 75 64
29 56 66 92 89
29 157 80 84 81
56 99 87 97 97
56 54 56 88 76
157 2 82 96 86
30 162 49 99 63
30 202 18 43 41
30 154 41 62 59
30 126 14 21 18
162 9 39 43 39
162 106 67 100 76
162 128 30 45 41
202 137 20 37 26
202 51 37 82 66
202 8 76 88 86
154 82 44 71 68
126 25 19 73 68
126 95 95 97 95
126 49 23 60 26
126 60 50 95 65
31 29 45 98 56
31 53 45 47 45
31 89 66 86 73
31 181 89 91 91
31 12 29 65 39
53 157 46 49 46
53 68 64 98 71
53 61 94 100 97
32 137 17 20 18
32 135 90 98 93
32 189 58 78 69
137 69 28 39 33
137 107 42 76 54
135 174 51 80 77
135 117 52 93 54
135 22 70 81 76
189 182 22 28 25
189 51 57 75 65
189 9 77 89 88
189 58 61 81 73
33 128 22 66 29
33 2 56 58 57
165 31 59 69 59
165 198 54 96 89
165 87 87 98 95
165 183 36 66 50
75 24 17 34 28
75 181 85 92 89
75 40 15 58 35
91 85 36 79 70
91 37 82 96 91
36 114 69 78 78
36 129 38 71 63
36 183 72 83 76
36 110 42 59 47
36 177 79 83 79
36 191 92 100 92
36 107 23 74 33
36 168 80 95 84
36 186 42 49 44
36 29 19 44 40
129 137 52 58 57
129 39 84 98 85
129 31 90 93 91
129 176 72 77 72
129 71 83 91 85
107 197 43 73 46
107 77 69 98 94
107 115 52 58 57
107 67 25 26 26
186 52 48 52 49
186 134 80 94 82
186 6 77 80 78
186 174 76 85 83
186 194 64 81 74
186 5 39 93 69
186 105 28 92 79
37 62 84 87 86
62 163 27 65 45
62 97 52 73 72
38 120 39 77 66
38 84 19 98 96
38 116 53 85 61
120 57 22 34 24
120 163 57 63 63
84 122 50 87 56
84 201 31 36 32
84 22 22 100 56
116 104 86 93 91
116 155 31 74 64
116 39 62 92 92
116 37 10 77 28
90 20 18 50 23
40 202 35 49 40
40 29 79 86 79
41 33 78 92 83
41 155 21 87 85
41 62 89 91 89
41 137 70 81 78
155 164 91 99 92
155 87 32 68 55
42 31 20 57 27
42 148 92 99 96
42 94 78 98 78
42 193 35 42 41
42 114 90 97 96
94 192 65 100 79
94 110 33 79 62
94 56 67 72 69
94 194 23 40 29
94 181 89 98 95
94 105 13 63 42
193 174 54 58 57
193 196 19 87 19
144 146 22 44 40
144 68 44 73 65
144 56 88 90 90
144 187 20 74 31
102 154 66 68 67
102 149 36 95 95
102 64 34 47 39
102 61 76 77 77
102 151 84 95 93
106 86 12 63 28
106 114 16 33 17
106 148 87 90 87
47 101 57 82 63
47 186 80 84 81
101 0 85 99 92
101 112 17 64 63
101 157 27 65 65
101 29 57 70 65
101 52 21 78 27
48 203 81 98 94
146 18 74 75 75
146 76 10 65 55
146 72 66 85 77
146 55 54 64 55
146 46 28 97 81
146 15 55 70 57
146 24 29 76 39
142 28 87 93 87
142 115 47 52 49
142 36 15 72 25
142 8 20 59 56
74 162 86 91 89
74 201 67 71 67
180 63 27 82 27
180 194 12 37 22
52 67 90 98 92
52 23 37 73 44
52 47 40 69 43
52 37 51 93 65
67 84 87 92 87
67 157 63 95 72
67 9 18 78 65
61 81 69 88 72
61 26 18 100 54
184 199 73 76 76
184 136 80 86 80
141 114 89 97 96
141 156 46 75 49
55 143 40 53 49
55 162 68 95 82
99 174 72 80 73
99 143 64 84 83
99 73 23 83 41
99 152 57 58 58
99 10 58 76 64
99 156 66 90 72
99 123 49 62 54
57 123 53 54 53
57 163 79 84 79
57 81 44 82 80
123 138 26 98 54
123 15 64 75 75
123 103 29 88 53
123 126 42 92 52
163 88 87 96 92
163 192 57 69 59
163 79 89 100 100
163 164 90 94 92
81 101 66 83 80
81 15 18 100 19
58 4 25 69 37
58 154 12 50 33
58 114 44 96 66
58 108 87 91 88
108 190 65 95 91
108 11 86 94 93
108 174 52 65 64
59 68 69 85 74
182 154 56 63 60
182 135 42 74 72
64 124 32 56 43
64 11 59 67 63
124 79 35 98 64
79 130 73 83 81
79 158 65 87 76
79 24 30 32 30
79 13 25 60 40
79 10 42 83 48
185 157 48 49 49
185 118 63 91 91
185 116 77 94 79
69 47 14 73 71
70 116 82 91 86
70 198 64 76 68
70 44 55 60 60
70 41 32 42 35
71 152 50 62 62
71 147 95 97 96
71 133 70 97 93
72 100 84 90 89
72 167 42 50 49
72 175 39 79 62
72 143 89 99 99
72 65 76 82 82
100 166 32 89 64
100 7 67 83 75
201 46 34 66 35
78 33 28 47 47
78 46 48 67 63
78 74 65 89 66
78 120 93 99 99
130 113 50 72 66
98 97 39 86 58
98 181 56 89 71
98 40 33 73 73
98 81 21 84 22
82 8 35 82 69
82 99 39 88 83
83 31 13 56 50
83 87 30 80 57
83 1 64 72 72
83 156 73 80 80
87 16 40 42 41
87 148 12 89 84
190 203 34 93 53
86 181 14 69 25
86 33 45 63 63
86 184 12 71 21
86 12 88 89 89
86 170 75 83 81
88 184 10 90 57
88 57 21 36 25
88 110 58 80 80
176 44 66 89 82
176 193 43 63 61
176 177 40 72 59
174 19 36 54 48
174 39 51 54 51
174 26 26 63 48
174 176 46 82 75
105 126 77 98 84
105 47 63 95 91
105 13 81 89 89
105 61 38 59 38
95 100 30 65 65
95 83 87 98 97
96 19 70 93 80
112 65 37 94 93
151 169 64 74 68
151 110 92 99 93
103 181 44 82 79
103 89 90 99 91
103 122 59 99 85
103 113 37 71 65
103 85 69 92 75
113 192 91 94 93
113 44 95 97 96
113 29 92 93 92
113 7 50 79 73
113 31 62 98 73
104 117 15 48 27
197 82 10 86 15
197 105 73 84 80
197 124 60 94 80
115 16 92 97 95
115 89 60 100 84
109 186 55 65 61
109 129 88 91 89
109 68 26 74 50
111 69 79 92 90
111 128 93 98 93
111 77 26 54 42
111 145 89 92 90
145 65 88 94 91
118 107 85 89 85
121 120 35 75 65
121 77 18 78 49
138 8 35 38 35
138 20 19 84 58
138 91 43 80 55
138 21 95 96 96
138 88 77 99 80
159 96 55 71 65
159 113 73 83 78
164 185 79 90 83
164 41 51 73 56
131 164 56 80 67
131 75 81 92 88
131 145 82 93 83
131 121 68 93 74
131 46 50 69 61
131 41 48 94 60
131 167 63 65 63
134 118 85 97 88
136 117 37 53 41
136 85 54 68 54
136 38 53 81 61
136 140 36 80 74
140 195 29 54 34
140 159 79 90 87
139 197 71 90 74
139 145 23 26 26
139 198 73 80 78
139 47 90 97 95
139 175 63 81 75
179 25 35 68 49
179 115 58 64 60
179 147 88 99 93
179 119 43 100 96
179 158 22 49 27
179 126 72 89 83
160 203 74 81 76
160 155 62 65 65
160 48 44 94 78
150 158 44 97 55
150 40 24 67 45
188 127 55 80 79
172 118 10 18 17
172 154 73 94 76
172 189 85 94 87
196 137 26 68 32
196 108 75 79 76
0 203
