836 2183
0 348 23 68 42
0 814 41 91 60
0 145 46 57 55
0 245 62 79 76
348 23 85 86 86
348 687 86 96 86
348 294 73 83 80
814 501 19 62 39
814 328 65 95 68
814 5 46 80 73
814 144 10 74 72
145 320 89 96 92
245 308 49 66 54
245 450 26 81 43
1 7 77 96 94
1 52 77 97 85
1 620 14 76 24
1 785 43 79 59
1 155 85 93 89
7 603 39 100 51
7 276 77 83 78
7 721 44 61 54
7 773 23 55 48
52 113 88 93 92
52 485 45 68 45
52 218 64 99 98
785 376 61 83 74
785 29 74 83 83
785 178 67 84 73
155 736 29 48 36
155 27 46 81 59
155 144 16 87 42
155 724 18 19 18
2 260 83 95 90
260 832 13 86 14
3 795 94 98 95
3 14 55 58 56
3 713 45 95 62
795 258 55 76 67
795 416 75 89 88
795 120 73 80 79
14 493 66 68 68
14 211 55 56 56
14 47 35 37 35
14 699 34 98 43
14 681 50 81 63
713 541 92 99 98
713 768 51 96 69
4 275 41 65 62
4 533 32 48 32
4 264 92 97 94
4 801 93 98 96
275 107 66 77 71
275 664 12 31 27
275 544 38 86 62
533 642 51 81 66
533 649 33 93 52
533 651 95 100 100
533 369 76 91 83
533 829 64 92 66
533 574 20 36 22
533 152 19 72 32
533 56 50 56 52
264 289 88 89 88
264 394 27 47 40
264 627 56 86 71
264 623 35 52 46
801 529 75 87 80
801 373 48 89 80
801 185 66 98 94
801 328 48 91 50
5 628 50 90 67
5 702 36 76 43
628 790 20 30 28
628 173 82 90 90
702 246 80 90 85
702 112 87 96 95
702 462 22 94 31
6 48 50 72 71
6 367 60 96 73
6 182 48 78 77
48 211 29 56 34
367 243 77 81 80
367 601 77 97 95
367 692 85 91 86
603 816 40 83 55
276 238 93 100 96
276 168 62 100 84
276 650 51 91 82
276 536 50 55 50
276 732 78 84 78
276 481 68 84 78
721 133 82 89 89
721 455 60 93 80
721 725 34 59 34
721 39 31 96 34
773 610 88 89 89
773 743 53 60 53
773 804 30 97 91
8 372 48 65 56
8 367 88 94 93
8 807 91 92 92
8 145 95 100 95
8 582 18 32 20
372 235 49 89 70
807 138 24 69 40
582 4 30 56 31
582 258 36 77 64
582 431 53 55 55
9 586 70 91 81
9 690 22 71 61
586 357 53 57 53
586 221 13 24 16
690 341 28 64 40
690 204 12 98 14
10 190 91 100 95
10 686 24 64 63
10 514 38 82 62
190 347 59 88 88
686 238 79 96 80
686 713 29 40 30
686 79 77 91 91
11 479 27 58 55
479 441 61 93 61
479 742 69 88 73
479 699 62 99 91
479 80 66 72 69
479 394 66 69 66
12 750 22 89 88
12 256 54 62 56
12 200 23 58 50
750 561 53 67 66
750 337 45 71 49
750 99 52 53 53
750 522 12 36 14
256 402 84 100 95
256 490 81 99 88
200 407 29 47 47
200 515 31 61 36
13 17 36 66 51
13 585 41 54 49
13 361 80 100 94
17 606 48 82 64
585 517 77 89 83
585 454 83 96 85
585 759 83 98 92
361 164 45 68 48
361 494 37 78 55
361 610 64 82 67
493 423 63 92 77
493 156 70 76 71
493 26 29 50 37
211 667 90 100 96
211 65 51 84 81
211 278 34 59 53
699 734 82 87 86
699 162 65 72 72
699 249 77 90 77
699 631 60 82 62
681 466 36 54 43
15 366 55 97 75
15 510 47 49 48
15 58 12 23 21
15 569 93 94 93
15 524 68 76 72
15 600 50 52 52
366 251 56 68 67
510 322 73 91 87
510 268 78 89 84
510 308 46 53 50
58 559 49 50 50
58 39 44 55 47
58 101 94 95 94
58 705 39 96 58
569 495 34 60 36
569 472 46 99 78
569 710 43 70 53
600 594 54 68 55
600 250 82 93 93
16 210 89 100 90
16 201 27 72 50
16 592 46 48 46
16 11 57 63 61
210 232 34 70 62
201 700 69 83 69
201 382 48 79 59
201 620 34 70 61
592 220 64 96 92
592 444 72 75 73
592 710 67 83 69
606 833 64 97 70
18 372 16 78 63
18 120 46 95 51
18 165 21 28 21
18 750 82 98 92
120 217 52 69 54
120 257 25 34 27
165 138 13 29 18
165 619 28 98 53
165 826 67 80 70
19 737 10 18 12
19 825 20 41 31
19 261 82 96 85
737 183 49 97 76
737 229 56 77 68
737 704 23 89 24
825 32 59 67 67
261 826 11 55 19
261 629 19 32 28
20 274 54 100 73
20 799 92 96 94
20 169 77 98 96
20 403 70 97 70
274 248 43 92 84
274 821 50 72 72
799 335 46 96 82
799 658 45 95 83
799 806 89 91 90
799 492 22 76 45
799 367 27 50 31
799 160 50 80 52
169 284 65 94 88
169 602 58 67 66
169 457 46 49 48
169 504 35 44 40
403 809 29 78 58
403 315 17 35 22
403 292 59 66 65
403 609 13 56 36
22 458 37 51 45
22 106 95 97 97
458 128 22 78 63
458 687 91 96 96
458 30 75 86 84
106 65 70 98 78
106 819 81 91 82
106 285 61 65 65
106 10 32 76 50
23 403 71 73 73
23 414 63 83 76
23 653 93 95 93
23 528 80 88 81
23 52 85 98 95
653 278 53 56 55
24 332 91 100 98
24 779 75 85 84
24 539 53 91 65
24 103 22 77 25
332 657 21 89 55
332 697 54 77 63
779 479 28 92 56
539 3 81 93 87
539 33 88 90 89
539 57 61 65 64
539 235 77 83 77
103 465 45 83 54
103 337 83 88 83
25 357 29 71 58
25 172 75 92 84
25 743 35 56 40
25 475 46 92 91
25 439 19 33 27
172 665 89 97 92
172 452 16 58 25
743 206 63 100 81
743 619 12 46 41
743 727 10 75 24
475 461 66 88 78
439 829 61 62 62
439 223 75 82 79
26 397 93 98 97
26 819 35 76 43
26 564 60 70 65
26 263 29 90 51
397 622 51 98 89
397 151 59 75 69
819 721 36 71 41
819 737 40 65 51
564 720 68 100 89
564 297 28 91 49
564 263 25 30 26
564 559 26 71 71
27 82 88 90 89
27 328 53 80 74
82 472 50 59 58
82 233 60 72 72
82 463 78 86 78
328 424 95 100 99
328 401 15 39 28
328 66 48 85 70
328 686 23 70 27
28 59 75 98 80
59 404 35 88 82
29 823 79 91 81
29 175 35 90 79
29 678 79 97 83
823 12 32 79 69
175 320 26 83 83
175 658 75 91 87
678 206 62 98 74
678 144 22 30 26
678 578 52 59 56
31 91 52 69 63
31 96 37 53 44
31 174 83 88 84
91 378 46 63 58
91 111 65 75 68
91 321 45 97 62
96 634 95 100 98
96 108 75 99 79
174 639 22 94 50
174 602 31 59 35
32 812 26 65 43
32 202 31 61 57
32 387 72 86 86
812 530 83 85 83
812 193 11 27 14
812 593 66 89 68
812 675 45 61 58
202 321 28 50 38
202 106 52 72 62
202 520 54 69 60
387 394 18 91 59
387 399 94 99 96
387 320 60 76 71
33 386 79 93 89
33 782 14 48 31
386 704 76 84 84
386 717 36 59 57
782 316 26 50 40
34 247 88 94 93
34 740 70 98 80
34 522 45 52 51
247 803 72 86 75
247 769 50 69 67
247 761 25 32 32
740 407 33 70 43
522 524 90 100 96
522 537 62 71 65
522 20 39 55 52
35 561 41 99 52
35 618 68 98 78
35 545 30 79 52
561 221 93 94 94
618 111 13 75 31
618 208 28 87 37
545 805 28 68 56
545 496 56 83 62
545 3 89 99 95
36 514 93 98 96
37 347 21 94 69
37 710 88 90 90
347 757 63 96 75
710 106 67 75 75
710 835 79 98 87
710 233 17 41 29
38 41 51 79 56
38 123 66 80 70
38 761 95 97 95
38 156 36 41 41
38 512 61 67 64
41 686 13 80 38
41 523 85 94 90
41 283 90 98 98
123 350 24 85 45
123 6 83 94 92
123 626 16 86 38
123 541 86 95 94
123 176 10 57 57
761 754 65 76 72
761 240 95 100 96
761 102 69 98 73
761 167 39 64 44
761 437 66 71 70
156 329 73 94 81
156 827 83 87 87
156 362 51 82 54
156 551 18 23 20
512 86 15 33 26
512 246 11 79 14
39 422 41 71 54
39 171 88 91 91
39 140 52 80 70
39 535 10 41 25
422 586 35 69 62
422 403 17 34 27
422 561 70 73 73
422 408 74 79 79
422 688 40 51 43
171 565 79 81 80
171 600 31 60 55
171 33 28 93 65
171 379 40 64 46
140 613 77 87 80
140 548 38 92 64
535 692 10 43 31
535 634 58 61 58
535 479 81 83 81
535 424 58 61 58
535 771 70 79 72
40 95 52 81 64
40 475 14 31 27
40 66 52 64 52
40 486 23 33 28
40 414 66 71 68
40 822 54 56 56
40 556 12 100 48
95 811 72 85 83
95 5 15 90 55
66 616 84 99 91
66 738 21 54 34
66 113 52 68 68
486 281 49 81 81
822 527 55 87 67
822 443 48 76 50
822 606 20 60 42
283 544 36 81 71
283 270 80 83 83
42 747 73 92 78
42 12 59 90 79
42 784 20 79 63
42 619 89 96 89
42 422 64 87 65
42 539 11 27 16
42 593 72 96 90
42 708 92 93 92
747 787 51 89 69
784 738 33 90 90
784 402 28 87 59
784 73 47 92 92
784 144 22 54 42
593 663 83 90 83
593 705 73 99 84
708 482 83 97 92
45 138 70 92 89
45 117 61 88 81
45 375 20 49 32
45 572 31 98 43
138 27 16 78 42
138 252 91 96 93
138 577 37 56 51
138 507 14 71 55
117 52 32 44 33
117 675 81 86 85
117 489 57 100 88
375 774 93 96 93
375 537 51 95 85
375 93 40 78 72
375 435 12 23 18
375 778 16 56 42
572 20 43 79 64
572 228 10 43 38
46 30 56 67 63
46 800 46 86 63
46 545 11 59 27
800 704 82 86 85
800 818 48 49 49
800 719 77 87 84
800 108 31 64 59
50 660 40 76 48
660 532 53 69 55
660 374 81 89 85
660 637 20 26 25
51 450 79 98 83
51 116 22 24 24
51 132 46 88 64
116 348 77 83 79
132 225 86 89 88
113 286 27 41 30
113 175 88 95 91
113 135 11 83 17
113 814 34 71 43
113 504 70 89 73
218 290 13 62 32
218 156 77 96 92
218 552 92 94 93
218 744 95 99 99
53 121 22 62 22
121 16 89 90 90
121 188 17 97 53
121 355 57 90 80
54 658 77 89 83
54 820 11 12 12
658 161 84 90 90
658 591 70 85 75
820 100 81 91 90
55 318 16 92 42
55 655 36 93 85
318 174 16 98 30
318 272 93 96 93
655 56 82 86 84
56 746 89 90 89
57 21 33 65 57
559 36 65 86 77
559 79 25 68 43
559 591 39 65 57
101 474 12 50 29
705 252 45 51 47
705 57 69 86 72
705 177 10 48 42
404 728 49 87 75
60 452 43 83 74
60 159 56 86 75
452 133 95 96 95
452 42 87 91 91
452 736 39 74 66
452 416 83 88 83
159 362 18 50 46
61 593 29 86 78
61 168 32 63 33
168 98 55 81 75
62 384 80 89 87
384 408 22 73 25
384 267 20 39 39
384 6 62 78 63
63 601 91 93 91
601 570 41 44 43
601 91 60 98 66
64 700 30 87 42
64 773 63 69 68
64 405 28 32 29
700 153 14 24 14
700 538 38 44 42
700 305 16 50 38
405 740 31 44 41
405 388 12 69 26
616 270 35 80 72
616 198 79 82 82
738 389 73 94 91
738 220 49 59 59
67 21 28 95 43
67 674 69 89 84
67 681 65 69 65
674 300 36 77 60
69 255 47 83 48
69 219 57 93 78
255 360 69 85 81
255 739 41 83 62
255 429 45 68 58
255 388 29 89 75
219 794 14 39 36
70 75 76 90 78
70 429 65 88 87
75 245 18 75 66
75 143 12 44 37
75 326 47 88 74
429 164 91 95 95
429 770 76 79 78
71 517 52 99 83
71 553 81 98 94
517 763 77 85 78
553 5 75 88 87
553 89 32 65 33
553 370 77 94 88
553 288 21 64 53
72 249 53 57 55
72 54 25 88 25
72 26 80 82 82
72 651 69 90 88
249 97 32 92 52
249 8 40 77 69
249 146 62 93 79
651 707 62 63 63
73 255 76 94 79
73 753 36 77 47
73 786 68 81 73
753 8 57 87 86
753 121 24 60 41
753 420 44 75 61
753 813 20 44 28
786 357 80 97 88
786 582 34 41 40
786 738 26 41 28
74 139 28 81 54
74 652 71 73 73
74 66 49 59 54
74 459 33 59 55
74 801 67 69 68
139 628 43 85 49
139 477 40 45 41
139 688 87 98 89
652 108 70 81 74
652 695 71 85 85
652 76 84 88 87
652 174 19 88 55
652 31 45 85 80
459 272 72 98 75
459 188 79 90 81
143 381 36 69 40
326 784 33 88 78
326 359 18 95 20
76 493 56 61 58
76 339 13 75 37
77 756 84 94 87
77 249 36 66 60
756 56 94 97 95
756 312 13 55 33
78 311 90 98 96
78 354 75 81 75
78 356 27 90 83
78 44 81 82 81
311 698 72 74 72
311 820 46 71 55
311 360 17 40 20
311 413 40 91 89
311 770 36 83 77
354 48 53 89 79
354 572 36 86 72
356 454 61 84 75
356 188 14 49 23
356 4 55 68 57
80 239 26 34 26
80 663 42 64 48
80 543 10 62 49
239 466 74 83 77
239 295 50 75 58
239 820 73 89 77
239 429 83 95 94
663 257 76 77 76
543 221 27 100 50
543 314 75 84 81
543 571 85 97 87
81 3 83 85 85
81 827 33 76 39
81 237 44 83 73
827 66 71 77 76
237 440 33 84 68
237 607 68 97 96
237 539 34 89 43
472 360 41 56 42
472 456 61 91 75
472 292 50 71 67
472 296 85 91 89
233 674 94 95 95
233 806 55 75 59
233 825 35 64 40
463 449 49 50 50
463 55 88 90 90
463 690 75 82 75
83 157 54 55 54
83 715 69 70 69
157 590 23 82 24
715 834 95 98 95
84 829 63 98 80
84 227 54 58 55
829 144 27 70 55
829 45 76 83 76
829 61 76 80 79
829 402 11 60 53
227 349 24 41 32
227 231 75 86 81
85 607 11 13 11
607 541 74 95 93
607 687 71 79 76
86 509 90 99 92
509 181 95 96 95
87 84 84 92 86
87 428 61 79 63
87 535 63 91 72
87 354 28 50 49
87 323 49 71 67
87 457 50 95 75
87 715 44 69 46
428 516 53 73 59
428 589 61 84 72
428 212 71 91 73
428 367 91 97 91
323 460 72 98 91
323 57 66 95 73
323 470 11 12 11
323 188 32 63 56
457 776 31 60 54
457 165 21 49 24
457 46 37 60 49
88 219 86 97 93
88 675 14 72 54
88 506 76 85 85
88 632 12 79 64
88 309 69 83 76
88 758 89 100 99
88 572 89 97 96
88 646 62 81 66
506 25 42 100 67
506 758 25 26 26
506 214 23 90 48
506 327 33 93 60
632 549 89 98 93
632 43 90 96 90
632 212 63 78 72
309 675 35 67 40
309 13 76 93 80
758 190 63 69 63
758 108 72 89 81
758 559 85 86 85
758 223 31 87 87
758 689 74 96 88
646 396 72 77 76
646 313 61 62 61
646 270 91 92 91
89 13 10 42 16
89 231 72 85 73
89 172 36 95 84
89 340 64 81 73
89 153 77 87 81
231 522 68 84 77
231 819 71 97 85
340 153 65 81 67
340 677 47 49 47
153 560 70 93 84
90 758 54 88 71
90 318 38 52 50
378 240 55 71 61
378 217 31 73 60
378 104 25 60 26
111 346 95 100 96
111 54 16 91 71
111 803 37 49 49
321 689 56 91 80
321 45 80 89 86
92 731 51 95 91
92 783 94 97 94
92 472 53 66 61
731 464 15 78 21
731 505 82 91 84
783 182 91 97 96
783 522 12 81 52
783 346 72 87 81
783 157 67 87 85
93 530 80 97 80
93 494 53 68 61
93 53 74 98 91
93 253 24 40 25
530 383 56 57 57
530 429 46 73 56
530 719 79 97 81
494 562 10 97 20
494 707 12 47 14
253 104 40 91 71
253 113 79 82 80
253 579 51 72 56
94 356 79 96 89
94 138 43 93 71
811 236 26 34 33
811 743 15 24 23
811 661 60 95 81
811 386 79 93 86
811 64 14 25 21
634 140 82 86 83
634 316 63 81 72
108 542 13 29 28
108 608 62 84 62
108 606 79 86 82
108 213 78 86 86
97 753 92 100 97
97 334 31 60 57
97 327 77 100 92
97 680 76 95 87
334 260 62 99 76
334 563 65 95 71
327 778 55 86 71
327 828 52 71 61
327 515 87 90 90
327 213 85 86 85
680 522 59 88 81
680 264 44 72 58
680 242 12 18 15
98 486 17 24 17
98 720 68 86 86
98 757 75 84 78
720 36 59 80 79
720 353 70 80 74
720 427 74 79 79
757 193 87 99 98
99 409 43 77 46
409 565 18 38 37
100 766 67 86 72
100 613 17 59 20
100 460 28 75 61
100 748 87 89 87
766 464 72 85 75
766 151 20 36 23
766 430 46 100 67
766 260 72 87 84
766 480 51 87 79
766 453 58 80 67
613 778 78 79 78
613 563 63 93 83
460 116 87 95 94
748 761 35 69 68
748 495 38 68 43
748 805 84 92 91
748 105 26 64 49
748 477 43 70 55
474 443 88 96 90
474 265 67 91 75
474 784 91 92 92
474 810 71 77 75
102 88 86 87 87
465 731 76 90 82
465 139 13 31 20
465 380 77 85 80
337 423 58 81 75
337 83 25 49 27
337 330 65 83 72
337 3 18 46 37
104 80 92 98 95
104 547 36 48 38
104 84 44 98 94
104 381 71 75 72
381 215 61 89 66
381 397 58 95 61
381 134 32 69 45
105 632 23 29 25
105 710 34 88 46
105 615 85 88 88
105 307 57 64 64
105 472 65 81 72
615 551 46 87 71
615 621 74 90 77
615 695 64 68 65
615 400 74 79 79
615 167 11 50 39
615 706 33 54 35
307 228 46 63 63
307 777 33 72 52
307 775 63 67 64
107 379 66 68 68
379 141 44 79 67
542 820 68 90 83
542 28 28 56 32
542 336 86 99 89
608 234 39 72 51
608 48 86 89 87
608 386 39 97 69
213 253 17 23 22
213 433 55 80 78
213 471 84 92 91
213 217 10 47 31
213 794 31 38 38
109 8 90 100 92
109 363 90 92 92
363 438 66 85 82
363 274 54 58 54
110 384 65 69 67
110 707 50 65 51
110 722 77 79 78
707 311 76 87 81
707 328 90 94 94
346 213 55 70 58
803 259 21 45 26
803 178 33 84 33
112 509 53 65 65
112 535 18 43 20
112 725 53 55 54
112 188 25 64 31
112 776 23 41 36
725 235 68 88 78
725 78 38 81 42
725 375 24 91 62
188 126 50 87 86
776 637 20 97 47
776 563 46 97 87
776 500 88 89 88
776 545 42 83 46
776 235 63 86 80
776 192 89 99 90
286 561 55 96 65
286 3 53 62 53
286 796 34 47 38
286 496 73 93 73
286 11 20 44 44
135 162 10 12 11
135 297 27 62 58
135 545 59 97 68
504 397 63 90 81
114 613 12 61 36
114 352 47 49 48
114 56 94 95 95
352 209 85 96 95
115 530 91 93 92
115 627 61 96 74
115 340 78 94 85
115 715 14 71 46
115 671 86 91 89
115 816 36 49 47
115 365 67 91 78
627 590 69 70 69
627 354 39 77 65
671 833 91 94 92
671 642 65 77 75
671 162 50 57 57
816 528 40 65 43
365 807 19 87 81
365 742 26 96 40
489 154 74 93 84
118 402 54 89 86
118 664 43 55 48
402 197 95 97 96
402 328 22 78 62
402 441 78 82 79
402 604 42 77 61
402 834 87 91 87
664 739 64 79 78
119 57 44 91 89
119 328 67 71 67
119 404 93 99 95
217 10 90 94 92
217 306 79 91 91
217 668 31 96 71
217 570 60 77 77
217 795 69 98 83
217 809 14 76 66
217 617 63 83 76
257 73 19 38 25
257 654 80 89 89
355 44 17 29 20
355 502 51 56 52
355 118 18 85 34
355 448 87 97 89
355 150 16 98 68
122 623 57 79 61
122 91 35 87 63
122 557 84 95 84
623 175 26 91 59
557 548 40 53 47
557 631 50 88 75
557 447 94 96 96
557 738 22 78 33
557 155 93 95 95
557 582 25 51 38
350 323 44 84 59
350 818 18 25 22
626 612 67 76 76
626 144 31 43 36
541 647 61 80 61
541 139 91 93 91
541 516 51 78 51
541 179 35 52 42
176 183 93 99 94
176 546 21 40 29
176 807 47 77 67
176 229 47 52 48
124 338 36 90 83
124 224 43 51 49
124 258 70 91 90
124 497 59 69 59
338 491 30 91 31
338 734 22 41 30
224 16 93 98 97
224 337 75 85 78
258 657 90 96 93
258 546 83 91 86
258 54 10 12 10
497 587 17 76 50
497 219 89 99 98
497 312 27 72 36
125 736 76 89 76
125 231 93 96 93
736 159 12 82 38
736 236 25 76 65
126 249 25 43 32
127 503 48 87 62
503 16 71 85 78
503 36 31 84 53
503 697 11 17 15
128 549 75 90 88
128 42 63 70 65
128 250 44 100 77
128 346 31 93 61
549 479 54 64 56
549 471 78 91 89
250 7 61 77 63
129 293 41 80 42
293 280 19 41 25
293 90 64 78 77
293 649 18 50 33
130 452 95 100 100
130 267 11 75 49
267 111 50 60 50
267 152 86 89 88
267 585 47 54 53
267 8 72 96 77
131 54 34 71 53
131 391 12 38 24
131 26 67 86 74
391 513 80 84 83
225 164 62 77 62
225 618 95 100 98
225 693 80 81 80
225 229 82 89 88
225 134 44 69 46
225 402 88 93 93
225 510 92 93 92
133 423 55 96 95
133 84 68 90 69
133 406 87 98 91
133 172 76 96 89
133 702 51 58 57
133 112 68 71 70
133 787 85 86 86
423 624 19 70 56
423 349 71 87 74
423 5 31 40 36
406 308 76 96 85
406 697 87 90 88
406 158 87 96 93
406 768 67 94 67
406 179 59 65 59
406 13 55 88 80
787 172 66 79 71
787 764 34 35 34
787 377 35 99 86
134 373 73 83 74
373 826 22 39 37
373 694 93 94 94
162 165 62 79 72
162 682 61 81 77
162 719 79 96 84
297 235 48 72 65
137 401 73 99 94
137 607 65 66 66
401 48 71 90 86
401 651 39 82 55
401 190 68 78 75
252 332 92 94 92
252 453 84 94 85
252 669 44 100 61
252 607 20 68 66
577 725 35 48 41
577 415 84 100 97
577 461 32 91 48
507 682 44 64 64
507 656 56 81 70
507 803 26 88 64
507 538 64 85 73
477 570 90 93 92
688 215 42 83 65
688 715 56 83 56
688 71 83 89 89
548 744 44 49 46
548 557 35 87 59
548 38 54 88 82
548 754 70 89 81
548 408 84 85 84
141 532 82 87 87
532 0 29 60 48
532 697 66 85 78
532 757 10 53 40
142 247 38 83 51
142 620 29 96 67
142 717 33 52 43
142 126 83 100 88
144 274 66 76 71
320 756 36 78 50
146 184 18 70 27
184 360 16 17 16
184 690 93 96 96
147 713 47 78 69
148 621 29 39 34
621 448 94 96 96
621 555 70 99 95
621 608 35 55 46
149 154 87 96 96
149 287 66 76 70
149 200 21 25 24
154 471 59 97 77
287 806 23 80 42
287 703 79 94 91
287 744 31 90 71
150 44 42 72 49
150 645 60 80 67
150 402 54 73 66
150 418 81 93 86
645 366 49 62 49
645 187 73 79 74
645 607 33 47 40
645 744 82 84 84
645 519 54 100 62
418 542 83 89 85
418 493 19 45 44
151 430 48 62 48
151 312 74 94 75
151 384 18 93 55
430 98 91 92 91
430 540 84 88 86
430 795 65 100 66
430 442 82 86 86
312 590 76 80 76
312 513 44 65 51
312 530 79 96 85
560 531 72 73 73
560 45 84 93 84
560 509 91 99 95
560 764 50 76 52
560 344 89 95 89
471 571 27 72 45
471 781 62 63 62
471 629 74 89 75
724 91 43 44 43
724 149 61 62 61
329 302 56 71 71
329 815 50 56 51
329 501 59 72 64
551 614 79 83 80
551 835 57 62 60
551 153 74 92 84
551 413 21 29 23
590 699 41 66 61
590 405 17 66 47
590 751 69 73 72
158 165 43 81 46
160 330 57 68 61
160 575 93 98 96
160 576 78 99 97
160 334 25 76 27
330 119 18 81 36
330 816 92 97 93
330 243 51 90 82
330 549 64 83 83
575 726 42 57 51
575 135 61 76 70
575 832 88 97 92
576 199 71 84 73
576 88 93 95 94
161 423 77 80 78
161 402 36 45 36
161 365 85 89 87
682 96 60 100 87
682 48 54 75 58
719 804 21 99 76
719 331 43 53 46
719 78 40 51 44
719 157 55 91 78
719 228 78 81 81
163 581 24 64 63
163 682 41 79 56
581 20 85 93 88
581 638 41 98 96
164 196 29 50 41
164 588 26 43 37
164 396 33 55 52
196 695 11 57 24
196 604 45 62 53
196 211 48 58 54
196 568 15 71 21
588 617 73 79 77
588 265 62 93 69
588 799 32 79 50
396 665 30 82 47
396 632 22 85 85
396 576 68 74 73
396 414 28 100 94
826 522 19 40 19
826 517 35 52 52
826 591 79 90 82
166 759 23 51 28
166 668 80 96 83
166 727 23 30 23
166 387 28 66 64
759 48 79 84 79
668 659 32 91 88
668 225 16 80 62
668 732 85 89 87
668 567 71 73 73
727 785 56 67 56
167 437 34 45 45
167 45 20 26 20
167 76 40 67 56
437 641 61 64 64
437 622 48 96 48
437 49 36 41 36
437 466 85 93 86
437 583 86 99 93
284 152 56 60 60
602 296 37 90 72
602 222 26 52 50
170 687 92 98 97
170 699 73 88 82
170 664 75 85 81
170 628 30 34 30
687 301 73 96 92
687 8 47 99 50
565 236 28 79 41
565 681 15 82 72
665 239 49 84 63
665 123 49 93 62
173 809 28 59 50
173 669 43 55 45
173 659 65 76 73
809 550 47 52 50
669 689 94 97 96
669 367 21 78 39
669 214 13 41 16
669 4 45 95 78
659 212 15 96 96
659 113 85 91 89
639 792 25 78 33
639 307 81 97 95
639 418 91 99 98
183 268 48 57 55
183 777 39 46 40
546 584 44 85 67
546 616 25 52 29
229 7 53 91 59
229 189 68 92 79
229 625 13 34 25
177 653 47 58 48
177 99 15 95 27
178 44 87 95 95
179 761 86 90 87
180 6 63 100 72
180 58 32 91 52
180 686 81 96 88
180 332 80 100 92
180 643 74 95 78
643 282 63 73 67
181 663 83 85 85
268 437 48 51 49
268 722 61 63 62
268 262 56 57 57
777 532 24 76 53
777 787 18 67 28
777 426 38 39 38
777 526 87 94 89
777 799 67 77 77
777 94 64 85 75
360 536 10 98 90
360 255 75 81 77
360 588 84 86 84
360 510 46 79 78
185 451 39 58 46
185 62 25 28 25
185 321 46 80 70
185 186 11 72 14
185 197 37 71 63
185 602 30 37 37
451 112 65 93 76
186 775 47 72 59
186 832 20 63 56
186 403 81 87 84
186 459 74 98 80
186 326 72 91 90
186 20 25 93 61
186 155 64 91 80
186 707 91 98 93
186 716 84 88 84
197 210 60 61 61
775 729 16 73 54
832 468 50 94 61
716 387 62 87 75
716 88 14 70 21
187 645 69 77 71
189 724 35 71 56
189 476 46 66 48
189 238 91 92 92
476 266 46 90 50
476 285 54 95 61
476 492 63 84 78
238 166 71 97 75
191 672 83 98 91
191 551 75 90 80
191 782 33 87 65
191 227 61 63 63
672 59 68 69 68
672 382 76 92 76
672 696 87 98 88
192 506 84 96 90
192 270 75 83 82
270 98 93 100 93
270 67 55 68 62
193 416 16 23 18
193 716 28 51 46
193 186 34 67 49
416 303 41 65 51
416 70 42 79 76
194 586 95 96 95
194 209 58 98 63
209 611 55 57 57
209 164 84 96 94
209 107 90 97 97
209 678 78 94 88
695 368 79 80 79
695 118 55 90 67
695 440 63 88 86
604 255 54 89 54
604 11 85 99 91
604 42 29 61 45
568 126 69 94 70
568 636 94 95 95
568 708 26 65 35
568 665 37 96 56
198 590 76 85 83
198 249 59 87 79
198 426 71 81 79
198 621 60 97 65
426 671 74 100 97
426 520 95 97 95
426 586 13 93 14
426 86 92 94 92
426 769 30 53 38
199 243 18 75 64
199 759 70 92 89
199 203 32 84 64
199 776 52 77 74
243 482 20 37 26
203 126 72 93 72
407 287 57 79 71
515 662 32 90 32
515 175 88 96 88
382 214 18 57 35
382 167 72 88 84
382 286 25 67 25
520 610 94 97 95
204 730 70 84 79
730 390 77 91 88
730 57 95 98 95
730 636 75 82 80
205 688 90 95 93
206 293 63 81 72
206 224 85 99 95
207 570 64 78 76
207 323 51 91 90
207 815 11 55 18
207 559 93 100 99
570 235 21 66 61
570 657 23 33 32
570 646 61 97 69
815 485 60 68 61
815 804 88 90 90
815 246 55 85 76
208 799 73 85 76
208 491 61 94 64
208 257 41 54 46
208 669 89 91 89
491 43 10 66 28
491 449 58 91 87
611 173 63 91 83
232 769 35 37 35
232 366 17 60 58
232 631 58 91 75
232 818 92 96 96
667 176 52 89 52
667 466 33 35 34
278 636 64 84 82
278 263 47 100 63
212 521 35 65 49
212 115 21 45 43
521 812 89 91 91
521 457 49 69 69
521 488 73 95 90
433 319 65 92 87
433 193 24 87 42
794 96 10 98 25
214 241 91 94 94
214 301 14 62 26
214 393 90 94 92
214 756 63 64 64
241 794 39 48 40
241 187 63 93 85
301 231 72 82 80
393 693 94 99 99
393 402 46 85 75
393 560 20 53 53
393 112 78 95 93
215 503 77 92 84
215 699 23 27 24
215 341 55 57 57
215 735 52 84 62
735 301 47 79 78
735 66 44 93 92
735 99 15 94 94
735 411 10 37 30
735 417 54 70 57
216 829 29 55 39
216 633 79 80 79
216 444 67 98 84
216 542 22 98 51
633 439 89 98 96
444 832 59 85 84
444 284 46 72 67
444 600 45 86 53
306 494 83 98 84
306 383 59 97 97
306 500 60 90 77
306 13 10 24 21
617 806 52 62 57
617 7 50 75 50
290 144 72 81 73
290 380 54 88 87
552 560 82 91 84
552 343 69 70 70
552 382 79 83 80
552 673 89 94 89
552 747 43 88 71
744 322 84 89 87
744 136 56 79 77
220 91 28 42 39
221 417 93 98 95
221 637 25 97 87
221 283 94 97 94
417 527 52 98 80
417 349 37 52 52
417 450 76 94 91
417 291 18 57 46
637 285 18 58 51
637 79 83 94 84
637 585 34 91 81
637 757 47 81 74
637 773 62 79 71
637 769 12 90 36
637 654 85 96 89
637 494 34 61 43
222 259 70 72 71
222 631 28 91 48
222 668 70 72 71
222 413 20 63 32
259 587 75 79 78
259 436 88 98 93
259 239 43 85 80
259 327 55 59 55
631 361 84 87 85
631 148 75 80 75
631 594 83 87 85
413 599 76 81 78
223 204 57 86 63
223 306 16 69 21
223 17 78 93 83
223 698 45 62 50
223 483 21 24 22
698 745 60 62 60
698 59 20 43 36
698 340 45 58 57
483 508 25 74 51
483 514 37 72 46
693 56 47 78 73
693 760 87 98 88
693 127 68 71 69
693 573 26 100 29
226 566 86 97 86
226 44 44 72 48
566 829 16 32 17
566 557 80 84 81
566 514 90 97 92
566 426 21 87 60
566 476 24 91 68
566 370 67 83 75
349 339 58 72 60
228 175 93 96 95
625 505 63 64 64
625 172 13 53 28
230 627 79 100 93
230 452 64 91 86
230 736 15 33 22
769 678 87 96 91
818 488 25 52 46
806 154 35 41 37
234 251 86 99 97
251 75 54 60 59
251 311 59 60 59
251 230 36 43 42
251 485 75 93 88
251 753 17 65 27
235 291 54 83 54
235 508 84 96 88
235 61 31 43 33
235 401 30 89 67
235 50 56 91 76
235 527 31 79 41
235 129 78 97 87
291 443 90 97 94
291 103 50 91 91
508 602 50 95 50
508 512 70 84 84
508 307 15 98 98
508 448 13 91 74
236 295 41 96 78
236 701 84 90 88
236 835 82 87 83
236 190 72 83 79
236 38 82 99 86
295 609 77 95 77
295 585 52 92 76
701 284 75 93 89
701 676 59 72 66
701 115 11 94 46
701 187 26 65 37
835 798 45 74 65
835 172 42 94 60
835 11 29 61 31
835 608 61 77 69
835 401 39 76 73
835 303 11 40 27
835 20 67 82 68
835 80 72 82 74
835 601 90 92 90
835 453 94 97 97
466 235 43 62 46
466 543 95 96 96
466 202 59 79 70
466 305 77 86 80
466 813 17 23 20
242 298 62 100 66
242 336 32 62 50
242 357 63 98 93
298 790 42 94 93
298 417 32 60 42
298 605 42 87 50
336 467 53 76 74
482 537 81 94 90
482 269 94 95 95
482 704 37 99 67
244 327 54 94 77
308 702 68 99 98
308 549 53 88 84
308 771 14 18 18
246 312 87 93 91
246 561 49 94 55
248 662 88 90 89
662 684 57 91 64
662 233 10 48 32
662 204 60 98 83
453 748 67 86 85
453 223 50 90 85
453 384 23 76 24
453 34 53 93 81
453 550 45 54 49
453 570 73 87 79
579 261 22 72 41
579 495 39 56 44
579 11 67 91 79
254 128 56 86 74
254 615 79 81 80
388 213 76 96 95
388 560 90 100 98
388 348 65 76 73
388 480 67 74 70
388 150 60 68 61
388 812 62 74 67
388 42 82 83 82
388 590 32 78 63
490 238 48 70 48
654 832 11 85 56
654 72 57 70 66
654 283 28 46 45
654 761 22 100 72
657 798 53 81 72
587 133 93 100 99
436 245 34 94 50
629 288 44 92 67
262 545 60 71 70
262 444 30 35 30
262 638 94 100 96
638 552 88 97 91
289 585 36 64 41
289 407 77 88 84
289 307 79 96 90
289 456 22 75 23
289 78 93 95 94
289 738 25 36 31
289 723 58 68 68
394 333 49 58 55
394 137 47 50 48
394 743 27 33 27
265 130 88 91 89
265 219 95 97 95
265 485 90 97 94
266 743 10 96 63
266 445 23 85 81
266 334 66 67 66
266 360 38 75 39
266 289 33 73 36
266 549 43 89 85
266 257 15 35 23
266 135 16 30 17
445 803 34 36 36
445 791 94 96 95
445 539 79 95 90
445 627 13 46 43
269 170 90 91 90
269 593 37 63 50
269 97 63 84 79
271 462 31 75 44
462 492 30 78 36
462 19 53 85 61
462 457 64 86 82
462 610 43 49 43
462 14 24 41 32
272 72 41 62 57
273 691 19 87 26
691 684 66 83 76
691 206 92 97 94
821 134 30 66 36
544 24 33 41 38
544 209 16 32 22
544 538 95 99 97
650 249 74 92 85
536 566 41 51 45
536 28 55 93 60
732 764 87 99 96
732 404 66 78 77
481 717 67 87 86
481 344 17 94 86
481 396 49 70 62
481 337 89 95 90
636 736 90 98 95
636 12 63 83 76
279 414 65 87 69
279 311 79 97 80
280 196 30 42 34
280 574 74 85 85
574 70 47 95 88
574 577 86 99 86
281 348 85 94 94
281 320 93 96 93
281 486 61 66 66
281 835 93 97 94
282 267 22 61 43
796 463 93 95 95
796 756 78 92 82
496 309 87 98 87
703 517 54 78 57
703 759 63 91 67
288 529 33 88 39
288 254 32 95 57
529 501 77 91 79
529 331 57 94 70
529 670 47 68 67
456 108 23 27 26
456 124 58 60 59
456 395 41 50 46
456 237 85 97 92
723 441 63 65 63
723 63 75 77 77
723 361 33 75 58
723 94 83 85 83
380 274 84 87 84
380 56 70 79 78
443 143 46 77 73
443 670 90 97 91
443 10 88 96 90
443 63 74 79 74
292 76 90 98 96
649 291 29 78 43
294 186 50 98 57
294 682 65 98 74
294 453 70 83 83
294 690 55 79 66
609 583 68 82 74
609 209 82 91 91
609 586 27 89 47
609 6 41 91 51
296 645 76 77 76
296 148 20 23 21
790 60 42 50 42
790 476 78 86 84
790 154 55 71 71
790 362 65 90 75
605 361 50 90 84
299 180 45 100 90
299 829 48 70 53
300 537 93 97 96
300 661 84 98 93
537 525 20 25 25
537 474 26 97 71
537 55 67 77 74
537 561 29 33 30
661 99 59 80 77
661 782 63 66 65
661 344 92 93 93
661 595 29 56 30
661 289 51 77 57
302 681 35 47 47
302 501 73 90 86
302 167 77 99 82
303 331 36 92 92
331 628 56 75 56
331 84 81 100 89
304 120 12 20 20
304 696 18 58 55
696 31 40 53 50
696 589 82 87 82
305 570 83 93 84
305 440 58 72 59
305 198 22 62 27
383 293 85 95 87
383 606 93 100 96
500 141 43 68 47
500 596 89 90 90
500 157 12 59 59
500 308 45 62 51
771 805 73 95 75
771 34 94 98 95
310 205 49 60 60
310 12 23 28 26
310 626 80 83 83
310 614 70 100 88
614 516 60 69 65
770 138 64 75 72
513 379 70 98 85
313 643 20 92 88
313 277 91 94 92
313 765 83 85 85
765 587 24 83 43
765 519 78 90 85
765 20 19 63 46
765 283 25 38 36
314 294 15 33 15
314 731 17 27 21
315 771 95 100 100
315 835 92 97 96
315 735 91 92 91
315 403 53 100 75
316 712 55 68 55
712 496 35 42 36
712 110 44 74 67
712 482 86 87 86
317 370 52 88 79
317 222 66 75 69
370 408 35 91 45
370 476 13 72 27
370 590 27 96 55
370 650 44 100 89
370 451 49 98 58
370 720 12 45 24
370 575 32 86 77
319 506 18 70 53
319 254 16 30 17
689 142 37 40 40
689 618 68 83 75
322 316 13 47 33
322 692 39 100 91
322 127 91 94 94
322 298 90 92 90
692 194 76 78 76
324 291 44 99 44
325 820 69 77 75
325 830 35 75 61
830 740 21 74 30
830 681 73 82 76
359 301 51 72 53
778 691 51 92 55
778 504 60 65 65
828 94 84 91 84
828 778 34 61 52
424 77 41 76 52
424 455 61 85 79
424 603 54 66 54
697 528 25 35 33
563 226 52 72 71
335 24 90 93 91
335 522 69 81 78
335 118 28 69 64
734 453 78 100 94
734 19 32 93 35
677 387 26 55 36
677 72 50 57 51
677 20 44 82 52
677 762 47 50 49
342 378 59 96 74
342 384 63 67 66
343 23 86 95 95
344 834 56 73 73
344 401 37 52 50
834 826 46 52 48
834 565 69 90 71
834 147 77 89 88
345 713 64 78 68
351 42 25 54 32
351 191 73 99 93
351 62 49 90 86
351 425 41 50 42
351 385 51 63 51
351 818 88 94 88
425 760 88 99 88
385 341 23 68 44
385 685 65 85 80
353 361 15 98 40
353 355 67 100 85
353 639 66 100 82
353 802 33 49 36
353 509 37 47 39
502 334 11 49 33
502 109 51 97 95
502 457 45 97 47
502 260 64 74 70
502 469 90 97 91
448 771 21 95 93
454 516 37 77 55
454 316 78 94 83
454 497 34 35 35
358 146 81 87 84
358 242 24 93 39
610 110 26 97 84
610 132 25 90 82
610 228 79 86 84
438 818 22 42 32
438 65 28 84 32
438 466 77 92 81
438 284 68 82 80
742 275 78 95 91
368 580 73 89 76
368 716 31 92 69
368 101 27 47 36
368 144 44 52 44
580 230 29 44 38
580 375 53 97 97
369 542 33 74 63
369 357 22 86 70
369 621 10 95 81
408 242 26 74 49
408 352 45 56 56
371 652 82 92 91
371 203 57 76 69
371 14 24 98 56
371 188 62 77 68
694 306 43 93 57
374 812 52 71 56
774 238 60 65 65
774 667 24 65 60
774 461 83 92 92
774 460 31 32 32
774 162 86 91 90
774 56 10 96 53
774 97 38 98 77
435 289 66 81 75
376 672 21 53 50
376 204 73 86 77
376 555 77 92 87
376 340 67 95 79
555 455 34 96 73
555 201 15 36 33
555 517 33 66 61
377 376 44 96 87
377 435 31 96 84
377 93 61 69 62
685 833 39 67 59
704 691 30 92 84
704 561 62 91 76
704 555 82 85 85
399 26 19 49 46
399 88 27 94 90
480 205 84 93 88
480 255 22 42 31
480 473 86 88 88
389 198 77 83 80
389 233 60 79 78
389 823 38 63 59
389 763 95 96 96
389 444 43 72 72
389 571 20 45 29
763 816 19 91 42
763 662 66 73 72
763 366 77 90 80
571 34 51 82 70
390 101 19 91 33
390 179 34 99 38
390 807 94 96 94
392 377 40 95 89
395 12 66 87 69
395 16 53 85 68
395 643 91 96 92
622 225 22 89 44
622 829 25 26 26
622 122 63 94 82
398 358 45 63 51
398 740 33 53 33
400 17 27 65 35
400 516 74 90 88
400 503 65 78 65
400 26 87 90 89
516 531 86 89 86
441 508 17 75 74
441 75 18 26 22
441 109 92 100 92
441 139 79 93 92
768 348 25 99 94
768 417 61 83 83
768 803 81 98 93
768 742 40 49 47
768 453 83 90 90
410 704 45 68 63
411 340 54 68 64
411 72 20 79 45
599 750 35 89 40
599 101 11 61 37
415 597 48 53 50
597 32 89 98 95
597 386 76 85 76
597 455 13 48 31
419 540 58 83 61
419 826 47 54 53
419 643 94 99 95
419 429 41 99 70
540 93 15 49 48
540 759 75 100 80
540 507 92 96 93
420 286 62 64 63
420 734 81 94 94
420 365 61 93 70
420 713 95 100 96
421 447 25 92 30
421 445 65 68 66
421 825 22 68 45
447 535 54 96 56
447 824 81 90 81
447 329 75 89 77
447 705 63 97 69
624 487 34 97 69
624 580 58 100 95
455 185 18 60 18
455 554 87 89 87
455 247 34 47 34
760 451 43 55 48
760 662 95 97 97
427 202 88 92 90
427 8 80 83 83
589 295 79 100 87
589 360 40 48 41
589 817 40 50 47
589 246 55 83 63
431 471 56 92 73
431 528 26 51 26
431 559 92 94 93
431 628 56 93 86
431 279 53 55 54
431 526 45 92 57
526 305 38 66 65
526 759 45 68 67
526 488 69 88 74
526 37 90 91 90
526 715 78 97 80
432 56 59 100 95
432 275 49 76 64
434 274 23 35 26
641 733 77 85 82
641 283 68 86 70
641 252 77 88 86
641 585 20 36 33
641 487 25 55 34
641 808 53 55 55
641 773 90 93 91
641 50 17 58 26
583 434 47 87 79
583 658 69 85 78
583 636 77 98 88
670 728 43 44 43
791 52 71 90 76
791 459 80 87 84
446 805 45 59 49
446 293 81 83 83
446 762 37 40 39
805 336 71 95 86
762 663 46 96 65
762 236 74 83 77
762 21 26 91 90
762 550 51 78 66
824 266 66 75 70
824 362 25 80 28
824 381 60 74 71
449 700 22 61 52
550 238 28 31 28
550 631 78 92 87
550 567 56 73 62
554 256 36 86 53
554 627 62 69 62
554 135 32 37 32
554 357 82 86 86
461 768 72 84 78
461 701 24 32 27
461 777 18 88 82
464 64 43 81 70
464 765 21 38 27
468 812 56 58 58
468 483 10 21 11
468 254 81 83 82
469 638 79 80 79
469 435 43 97 94
469 720 29 51 31
469 96 82 84 84
781 792 81 91 91
781 229 19 26 22
781 685 21 29 28
810 141 41 54 52
810 405 56 88 81
810 137 72 96 87
478 57 92 97 92
478 674 21 82 34
478 702 94 96 94
478 462 14 34 16
478 467 37 40 40
478 701 52 87 78
484 187 33 71 42
484 450 34 80 41
487 503 95 100 99
488 640 14 100 75
488 535 71 82 73
488 89 80 99 92
488 768 43 68 45
640 515 21 81 74
640 202 75 83 80
640 445 54 86 73
640 491 61 78 71
640 436 52 92 59
562 225 76 81 80
562 163 23 68 49
562 66 88 91 91
562 791 64 99 97
562 789 92 100 98
562 602 37 43 39
562 412 49 59 59
495 799 56 71 64
495 742 92 99 96
495 776 48 78 71
495 666 34 41 36
495 244 19 98 50
666 805 49 65 58
498 183 37 78 47
498 296 55 61 55
498 73 27 94 67
499 244 74 95 91
499 112 11 84 80
596 538 24 41 24
596 8 70 100 95
596 501 19 47 19
596 211 23 98 57
596 29 75 76 75
596 678 93 96 94
596 262 74 77 74
505 724 32 80 48
505 352 80 96 88
505 207 10 38 13
656 629 39 57 49
656 794 57 97 97
538 762 87 99 88
538 407 27 28 28
538 826 35 49 35
538 170 22 77 41
511 736 95 100 97
511 141 56 63 59
511 546 63 86 70
531 1 46 65 56
531 724 26 61 42
518 233 43 81 70
518 502 19 81 65
518 24 27 84 62
519 84 38 62 48
519 775 53 81 80
519 548 29 79 31
525 486 95 97 97
642 746 24 89 80
642 11 93 96 96
642 361 66 71 71
534 332 29 90 44
534 441 43 50 45
534 372 93 96 93
534 592 84 98 87
647 797 49 77 66
754 835 88 95 95
754 630 17 35 33
567 743 89 92 92
673 524 55 59 58
673 277 70 96 87
673 188 20 81 35
673 179 19 37 37
673 759 45 56 45
673 819 11 90 18
673 69 21 88 43
558 206 24 84 67
591 323 42 89 46
591 367 14 100 30
591 33 41 99 83
591 310 36 37 37
591 663 80 92 89
591 160 92 94 93
764 545 69 91 80
764 693 48 72 65
764 651 73 98 95
764 360 12 18 16
764 160 20 56 40
764 323 54 66 61
764 725 61 98 62
789 470 27 63 34
789 151 57 97 63
789 551 88 91 91
789 585 73 98 83
789 552 51 71 59
573 177 83 93 92
573 780 43 58 45
780 826 32 94 79
780 815 30 67 66
780 166 66 68 66
780 1 68 76 68
578 471 10 65 21
578 583 49 60 50
751 370 90 99 95
751 177 36 85 67
751 306 78 93 92
594 366 73 93 85
594 524 60 84 66
595 146 60 76 61
595 574 92 94 92
595 221 82 96 83
595 587 49 61 60
598 646 82 83 82
598 518 73 88 82
598 638 51 54 52
833 560 35 57 49
833 119 10 33 19
612 525 82 94 90
612 70 34 48 35
612 266 64 87 72
612 377 94 95 94
612 553 37 93 71
706 555 42 69 51
706 454 11 83 62
706 273 18 45 19
630 388 13 63 29
635 691 29 80 48
733 630 14 70 57
733 230 72 77 75
733 488 75 78 76
733 540 90 98 91
733 22 23 92 41
733 792 82 99 88
733 571 22 51 29
808 644 41 84 79
797 473 29 38 29
797 667 34 63 40
797 619 40 67 50
797 153 71 93 87
648 296 30 75 42
648 247 47 81 59
648 337 77 82 77
798 471 90 98 96
798 669 64 92 82
798 173 55 94 75
684 523 52 98 64
684 249 77 86 86
684 297 58 78 62
676 65 95 100 98
679 705 79 100 96
683 157 48 62 62
745 740 42 55 45
745 6 63 95 94
745 254 87 93 88
711 65 83 87 84
711 438 23 26 23
714 498 93 97 96
714 332 72 85 85
714 482 57 69 64
714 242 81 99 85
718 637 29 91 70
804 718 78 89 87
804 411 48 84 49
804 779 57 91 64
804 619 63 66 65
804 637 51 78 73
729 103 64 79 77
729 346 94 97 94
741 758 74 79 79
741 700 16 56 31
749 537 50 64 53
749 200 39 96 62
752 766 91 99 99
752 184 46 48 48
752 55 35 77 55
752 355 42 84 81
755 655 10 14 14
755 762 76 81 78
755 356 56 71 70
755 533 59 90 73
755 801 19 79 63
767 147 23 81 76
767 753 75 100 87
772 78 75 84 81
772 174 34 35 35
788 430 71 77 74
788 579 45 99 89
793 443 23 76 43
793 806 24 37 31
831 326 67 90 68
831 633 69 74 74
831 310 21 96 94
0 835
