529 1036
0 88 77 96 92
0 465 26 79 66
0 319 11 86 30
0 476 69 84 71
0 211 79 85 82
88 156 78 92 83
88 8 79 88 82
88 348 17 78 56
319 469 76 86 81
476 428 37 51 48
476 474 85 87 87
211 347 93 94 93
211 286 79 95 93
1 231 72 99 90
1 125 52 88 56
1 448 15 53 53
231 208 79 93 79
125 166 51 100 68
125 503 15 96 30
125 320 13 40 37
448 351 95 99 97
448 465 94 98 96
2 346 50 99 56
346 472 59 91 89
3 126 38 91 91
3 307 37 51 45
126 430 25 74 49
126 506 36 90 53
126 510 73 77 74
126 155 11 19 16
126 332 88 93 93
307 84 53 58 54
307 302 53 88 85
307 175 64 81 77
4 44 75 84 77
44 362 37 49 43
5 435 86 93 90
5 441 32 92 75
5 180 86 93 88
435 420 85 95 86
435 357 86 91 89
441 34 76 79 76
441 46 55 81 71
441 39 12 85 73
180 132 15 55 52
6 36 44 81 78
6 283 11 32 12
36 171 72 83 74
283 415 85 88 86
8 133 43 83 49
8 210 70 92 86
8 453 47 69 65
133 258 47 70 49
133 354 80 100 87
210 117 17 68 60
210 139 70 88 73
210 15 31 64 36
210 230 65 70 68
453 251 23 50 39
453 277 90 97 96
11 407 17 98 52
407 459 34 63 50
407 90 32 36 34
12 124 61 89 82
12 326 36 62 49
12 237 69 92 69
124 376 47 48 47
237 378 25 90 64
237 245 60 73 65
237 200 38 79 46
237 360 65 86 69
13 223 29 36 31
13 232 87 93 87
13 36 85 89 87
13 300 94 96 95
223 334 56 89 68
223 303 22 50 39
223 260 41 49 42
232 243 65 84 72
232 198 20 25 21
300 357 89 99 89
300 354 80 95 92
14 467 68 89 87
14 415 91 98 98
14 57 94 97 95
467 254 22 94 29
467 158 54 55 54
415 339 42 43 42
415 525 46 55 54
415 72 34 77 37
415 29 44 95 59
57 208 59 81 66
15 16 21 45 44
15 240 18 96 52
16 372 93 100 98
16 388 64 100 98
16 389 79 86 83
16 469 19 34 20
240 457 39 76 42
240 2 64 86 65
388 13 72 83 79
389 40 20 77 39
469 483 76 80 78
469 386 74 83 76
469 32 46 69 66
469 365 88 91 89
469 371 20 41 32
17 254 93 99 95
17 64 72 88 73
17 120 77 84 77
17 13 29 31 29
254 259 72 93 80
254 51 50 96 87
64 34 49 91 79
120 385 80 97 83
120 12 65 71 65
120 438 49 76 71
18 80 16 30 26
18 465 66 96 67
18 414 12 49 17
18 5 88 91 91
18 51 36 50 47
18 270 82 86 84
18 457 30 82 63
414 163 41 70 58
51 393 44 92 56
51 84 75 79 78
51 18 22 85 45
270 35 41 61 52
270 469 75 84 80
270 333 57 82 65
19 249 21 54 23
19 220 21 36 23
249 194 64 86 69
20 33 47 61 61
20 247 63 99 91
20 282 15 53 24
20 268 14 27 15
20 437 15 68 38
20 349 90 96 96
33 32 73 98 85
247 152 47 66 53
247 491 74 91 83
247 297 89 91 90
282 247 76 77 77
282 354 72 90 73
282 124 91 100 96
268 520 77 87 80
268 40 50 67 65
349 2 69 77 74
349 246 30 68 41
22 221 80 85 85
22 155 44 85 54
22 340 14 91 86
22 477 57 58 57
221 495 13 54 38
221 162 90 97 96
221 289 63 83 75
221 458 34 69 61
221 58 45 87 54
155 302 83 99 96
340 355 62 92 90
477 319 33 96 54
477 486 24 72 26
477 68 28 80 79
477 344 12 52 34
23 161 24 31 26
161 222 34 63 41
161 456 75 87 85
24 377 91 99 96
24 451 95 99 98
24 35 24 43 37
377 221 29 89 88
451 76 89 97 96
35 33 22 79 22
35 89 85 93 88
35 94 73 76 74
25 336 14 61 16
336 446 10 43 10
336 156 62 99 75
26 347 23 31 25
26 472 52 88 71
347 258 50 86 51
347 393 27 96 52
347 169 94 97 94
347 211 20 76 32
472 56 24 65 35
472 367 18 97 38
27 452 49 80 78
27 491 85 95 90
27 353 80 95 81
491 454 80 99 81
491 362 16 27 20
353 454 74 91 88
28 242 69 90 76
28 351 79 80 80
28 498 27 39 39
28 512 95 100 100
28 325 34 39 39
242 384 68 99 78
351 419 32 34 34
498 122 37 57 45
498 77 11 24 13
512 174 71 97 87
512 347 64 68 67
325 440 53 76 67
29 130 42 50 43
130 300 18 20 18
130 116 84 99 86
30 320 69 74 74
30 326 69 74 74
30 285 78 96 89
320 388 43 98 73
320 197 93 99 94
320 315 53 56 54
285 56 76 83 77
285 107 92 98 96
31 485 23 74 60
31 312 31 37 34
485 501 38 92 67
312 287 47 97 48
32 112 81 93 85
34 243 53 90 75
34 289 13 40 38
34 23 72 91 90
34 447 32 47 42
34 330 21 100 68
243 66 16 72 45
243 478 32 48 38
243 492 21 76 64
289 231 53 89 55
447 413 49 94 92
330 151 87 91 87
330 110 78 93 91
330 425 56 65 60
330 397 66 73 70
94 112 61 84 70
94 95 12 78 19
94 445 53 87 72
37 486 33 91 81
37 337 81 93 92
486 423 84 92 92
486 449 89 93 90
337 403 57 92 72
38 343 81 93 91
38 203 73 77 76
38 152 86 98 95
343 367 15 92 41
343 420 44 55 55
203 201 94 99 94
203 379 53 88 73
203 232 41 75 64
203 24 33 92 52
152 366 59 76 76
152 96 14 37 15
152 507 88 89 89
39 118 79 84 80
39 213 30 42 36
39 217 45 61 58
39 27 55 81 64
118 387 85 99 99
118 181 33 52 50
118 524 31 37 33
217 452 12 77 72
217 93 59 92 79
40 93 89 95 92
40 489 70 86 77
93 442 65 87 66
489 10 22 41 25
489 335 50 67 54
41 299 95 99 98
41 391 20 25 25
299 385 13 83 41
299 300 68 76 72
299 139 75 95 88
391 179 49 88 78
391 400 46 47 46
42 141 38 52 50
42 299 49 92 58
141 369 65 100 82
43 205 43 79 56
205 32 44 99 75
205 129 28 71 57
362 444 76 92 80
362 301 74 92 78
362 192 61 93 90
45 528 44 75 48
528 87 37 48 38
46 291 47 78 61
46 95 62 94 94
46 412 47 67 49
291 473 17 31 27
95 275 67 70 69
95 228 78 99 85
95 404 57 73 58
47 220 88 100 90
47 337 59 61 59
48 130 33 60 36
48 43 48 53 48
49 499 70 80 76
49 413 76 92 83
49 513 29 45 32
499 407 62 82 64
499 108 33 93 38
513 450 18 35 35
513 319 62 68 64
513 354 54 67 55
50 127 11 41 13
50 511 62 75 63
511 441 87 99 97
393 384 62 66 64
84 33 29 39 33
84 284 34 87 87
52 45 86 89 87
52 473 24 78 62
52 277 80 100 96
52 226 21 81 62
52 167 15 56 51
167 165 73 97 88
167 38 49 92 60
53 294 94 96 94
53 135 43 46 43
53 323 26 34 28
294 72 22 73 44
294 69 41 85 41
294 221 51 71 51
135 312 54 87 66
135 516 29 57 36
135 521 84 96 90
135 245 65 69 66
323 451 48 60 52
54 503 79 92 89
54 38 35 60 39
54 376 66 86 84
54 152 74 75 74
503 185 89 90 89
503 98 37 98 69
376 20 28 47 32
376 418 62 71 68
376 240 70 87 78
376 256 31 35 31
376 342 66 81 81
55 519 67 100 95
55 160 50 75 69
55 35 91 99 95
55 453 60 87 75
55 270 26 62 59
519 301 11 54 30
519 276 59 81 65
160 483 70 85 79
160 243 39 55 42
56 501 36 54 54
501 399 93 95 95
501 419 40 54 52
58 222 65 75 73
58 21 95 96 95
222 317 76 98 88
222 282 20 56 55
59 130 73 96 90
59 485 79 93 90
59 0 16 55 41
60 47 32 71 33
60 77 87 91 90
60 427 77 96 82
427 525 90 94 92
427 272 20 86 61
427 201 49 52 50
61 466 79 89 84
61 95 54 83 59
466 392 58 73 63
466 113 75 87 82
466 95 53 88 55
466 248 55 88 84
466 425 93 100 96
466 499 55 99 93
63 316 21 32 24
316 413 62 68 64
65 164 47 65 51
65 89 73 86 84
164 283 43 96 81
67 112 51 64 51
67 262 70 76 71
67 378 32 33 33
262 465 95 98 95
378 396 61 94 63
378 405 14 24 22
378 351 23 92 84
378 525 56 87 60
68 35 72 94 87
68 313 77 84 81
68 352 13 31 23
68 150 18 94 22
68 251 31 55 34
68 491 18 36 26
313 360 45 56 55
352 481 74 76 76
352 55 62 65 65
150 507 66 87 71
150 163 69 83 82
251 162 44 96 71
251 7 74 84 75
70 287 52 95 89
71 350 65 94 83
71 363 91 95 95
71 447 65 75 72
350 24 60 90 76
363 305 72 75 75
363 343 55 65 58
363 79 81 87 84
72 58 57 75 63
72 65 71 98 94
72 194 65 79 67
194 140 24 63 45
194 149 93 98 93
73 335 62 64 63
73 108 46 80 65
335 497 23 54 34
335 60 13 25 25
108 102 21 77 58
74 381 81 93 83
74 27 90 96 96
74 143 44 93 69
74 304 57 63 58
74 499 55 76 76
74 431 31 58 42
74 427 10 43 38
381 511 16 54 54
381 168 85 92 90
381 269 28 31 31
381 106 62 96 85
143 380 74 85 76
304 34 25 55 42
304 391 35 36 36
431 255 12 68 21
75 352 87 98 92
75 326 75 98 85
75 520 71 73 71
75 450 30 66 36
450 390 39 91 54
450 298 49 75 66
76 47 37 71 57
76 19 84 93 86
76 239 62 88 69
76 271 40 41 41
239 156 16 94 29
239 461 71 100 97
239 22 14 16 15
78 73 22 27 26
79 419 82 92 90
79 118 54 65 60
79 45 82 87 87
419 394 59 69 68
419 391 90 92 91
81 41 73 91 74
81 82 15 56 28
82 203 31 84 51
82 437 69 71 69
82 28 24 52 49
83 444 33 99 51
444 465 59 75 65
284 8 45 63 49
85 234 19 34 31
85 5 20 84 36
86 505 67 76 71
505 480 31 79 43
505 2 52 80 52
87 307 28 96 55
87 484 60 93 89
156 384 69 91 81
156 471 90 91 90
156 332 15 18 15
348 32 34 95 37
348 251 83 92 87
348 87 15 92 22
348 376 41 100 52
90 64 11 97 92
91 72 21 64 63
91 63 73 92 81
92 375 81 93 91
92 301 93 96 94
375 3 79 84 80
375 160 19 49 47
301 513 38 41 41
301 444 69 77 77
442 25 32 93 37
445 125 33 56 39
445 336 59 72 66
445 380 20 88 53
275 50 88 99 88
275 337 32 37 34
404 403 30 67 50
404 325 81 90 87
96 217 66 67 67
97 512 89 95 91
97 357 31 98 31
97 229 93 95 95
357 412 60 91 71
357 161 24 58 25
229 328 17 23 22
229 518 85 87 85
229 109 76 79 76
98 468 52 98 52
98 42 80 85 85
98 74 38 99 59
99 376 16 99 89
99 139 28 34 30
139 347 88 100 89
139 157 34 52 50
100 40 53 55 54
100 368 19 69 27
100 258 57 80 67
368 33 48 76 54
258 430 33 79 38
258 7 65 76 76
101 279 86 88 87
101 394 52 74 62
101 354 39 40 40
279 352 48 97 91
279 474 85 99 93
279 198 34 49 46
394 498 81 93 82
354 118 61 73 70
354 167 13 59 44
354 96 87 95 95
354 416 18 56 32
102 406 91 98 92
102 113 39 81 63
406 241 50 88 54
406 353 79 95 80
406 38 88 94 93
406 9 10 81 73
406 16 89 94 92
406 31 66 89 78
113 223 61 81 66
113 37 53 90 53
103 363 15 59 50
104 178 18 36 32
104 486 15 66 59
104 478 54 59 58
178 231 16 93 93
178 357 88 97 88
178 485 76 99 80
178 185 95 96 95
178 153 11 18 17
178 23 15 42 39
478 172 81 86 85
478 40 25 78 58
105 455 74 82 78
105 517 46 58 51
455 142 42 50 48
455 462 94 95 94
455 470 19 47 42
455 309 71 97 76
455 190 93 99 99
517 417 25 32 32
106 525 65 77 68
106 67 64 79 72
525 402 31 93 54
525 96 48 60 59
107 425 10 52 29
107 248 48 67 62
425 157 34 78 43
248 297 82 88 82
248 353 38 88 70
248 56 43 65 46
248 266 36 98 46
109 162 70 80 72
109 286 65 66 65
109 81 87 95 94
162 396 41 93 84
286 78 11 15 14
286 359 56 96 92
286 21 52 97 62
110 515 61 77 72
515 257 36 62 37
515 136 71 82 82
114 180 87 89 87
114 60 44 71 66
114 504 53 83 77
114 52 42 48 46
504 403 36 86 42
504 324 56 99 90
116 164 35 72 49
116 466 55 91 72
116 12 48 88 60
117 76 63 90 87
387 184 27 87 71
524 486 92 98 95
524 48 40 89 60
385 102 13 22 18
385 207 17 93 24
385 117 78 80 80
438 110 13 57 57
438 485 95 97 96
438 328 12 42 36
438 464 69 95 92
121 240 92 95 92
121 509 79 83 79
121 256 88 94 90
509 147 34 81 56
509 207 17 100 57
509 295 83 95 93
509 498 15 59 24
256 1 23 43 30
122 305 47 94 85
122 303 73 91 85
122 15 55 94 88
122 264 83 97 92
305 204 38 90 45
305 519 23 98 96
305 375 48 55 50
305 456 93 97 94
303 419 65 74 71
303 82 85 92 90
303 208 18 43 29
264 308 45 81 78
264 448 41 68 45
123 229 14 59 41
123 265 91 92 92
265 271 59 96 90
166 411 66 97 91
166 320 64 66 65
430 180 66 78 74
430 123 72 89 72
506 332 11 20 14
506 73 10 32 26
510 317 17 88 45
332 294 36 84 82
128 93 85 96 88
128 77 44 51 49
128 69 17 26 20
131 56 26 89 70
131 306 41 57 53
131 67 46 49 48
131 113 90 91 91
306 30 75 90 79
306 55 55 75 61
132 247 53 82 64
132 402 25 91 34
132 45 29 100 47
402 447 56 83 58
134 476 23 93 64
134 136 67 70 68
134 271 84 93 92
136 67 55 75 59
136 170 48 67 50
516 33 14 78 64
516 508 74 90 76
521 277 59 63 63
521 257 62 74 73
245 440 11 58 35
170 250 93 94 94
137 130 59 76 60
138 315 30 90 51
315 262 92 97 95
315 177 43 77 49
315 483 63 70 70
157 136 11 59 21
157 80 32 69 67
140 272 83 96 86
272 273 53 79 56
272 442 82 94 82
272 217 92 99 96
369 114 68 81 79
369 505 71 95 84
142 151 29 93 34
151 409 62 68 63
151 296 56 89 60
380 140 37 76 49
380 362 54 99 67
144 498 58 62 58
145 343 82 87 86
145 174 80 84 83
174 175 54 69 57
174 391 19 90 68
147 517 66 76 69
147 53 36 77 55
148 272 44 94 91
148 427 89 99 89
149 389 42 78 64
507 171 15 30 28
163 434 31 67 34
163 233 22 39 32
409 26 56 91 85
296 253 10 88 52
296 207 74 81 79
296 12 17 29 21
366 52 11 63 42
366 177 88 90 90
366 381 74 80 80
153 277 33 41 36
153 422 60 84 61
153 286 19 98 33
422 476 37 77 56
422 258 16 21 16
422 25 89 99 91
154 450 32 83 72
154 249 83 89 86
302 194 51 97 81
384 299 55 63 57
471 69 52 85 79
158 191 72 80 73
158 428 29 40 36
191 271 79 83 80
191 175 28 45 31
191 84 87 99 87
159 207 48 55 49
207 458 24 61 52
207 322 52 88 78
483 389 23 54 44
483 523 70 99 88
483 284 47 62 60
483 397 28 79 51
483 499 10 39 11
456 110 32 81 50
396 430 41 86 86
434 264 87 94 94
434 51 51 87 57
434 62 45 93 91
168 478 57 76 60
168 256 45 53 47
169 449 92 97 96
169 229 15 97 61
449 471 14 82 17
172 37 51 86 53
172 411 52 72 59
172 406 28 81 64
173 129 26 91 90
173 222 57 70 63
175 195 74 94 88
175 269 77 93 93
195 320 63 100 70
269 245 88 97 93
269 456 71 85 82
177 401 31 95 71
177 147 30 96 76
401 497 93 96 93
401 232 50 61 52
401 26 90 96 96
185 308 37 74 53
185 416 17 38 30
182 488 56 92 84
182 192 16 61 43
488 99 84 97 96
488 3 41 48 43
488 22 47 90 61
488 343 55 66 66
488 52 23 24 24
192 48 37 99 87
183 322 16 45 30
322 321 16 43 37
184 407 79 87 85
308 436 52 92 63
308 467 44 92 73
416 322 16 32 21
416 238 74 81 75
416 260 88 91 88
416 290 29 54 52
416 334 20 74 51
186 235 33 38 37
186 458 90 97 92
235 434 46 74 58
235 204 29 96 83
458 279 65 79 79
458 344 39 67 54
458 121 65 89 74
458 480 70 91 85
458 369 29 34 32
187 317 53 70 57
187 523 91 93 92
317 310 61 66 62
523 184 29 51 51
523 398 83 90 86
188 61 15 88 44
188 469 25 26 25
188 121 28 37 33
189 23 38 87 53
193 315 57 63 60
193 489 51 98 86
196 325 29 68 61
197 240 66 99 79
198 148 54 87 60
199 261 66 72 68
199 85 88 93 88
200 183 32 88 86
201 200 61 99 83
201 66 95 98 95
201 373 46 93 87
201 251 84 90 85
373 395 37 60 53
202 311 52 54 53
202 112 92 100 100
202 428 31 67 45
202 40 69 86 83
202 489 75 81 78
311 130 56 61 59
311 460 33 58 41
311 368 94 96 96
311 226 14 64 25
379 293 93 96 96
379 44 70 82 80
379 466 16 86 20
206 417 31 50 41
206 435 56 72 65
206 377 15 28 17
417 218 86 95 87
417 287 76 82 82
417 525 89 100 90
417 471 38 56 39
417 141 47 94 79
417 278 63 74 70
209 309 64 84 77
209 230 37 84 38
209 223 35 98 81
309 10 55 68 55
230 39 37 50 42
212 375 58 91 60
212 126 24 89 48
214 270 11 29 11
214 84 91 92 91
214 182 27 34 27
216 165 53 92 91
216 504 21 81 76
218 243 30 47 34
219 2 12 27 26
495 222 37 42 37
334 78 19 45 22
334 490 25 52 46
334 268 58 96 90
260 487 21 99 29
260 345 93 99 99
224 219 24 82 27
224 340 72 81 77
227 245 32 100 40
328 224 93 96 95
360 340 56 67 65
238 54 92 96 94
238 503 38 95 59
461 327 12 13 13
461 325 80 92 88
461 482 62 100 100
241 338 14 39 17
241 158 15 33 24
241 144 19 56 42
338 330 83 91 84
338 520 74 92 84
338 105 21 52 49
492 99 69 79 73
492 508 62 78 72
492 311 62 80 70
244 17 95 100 97
244 285 36 55 55
440 205 47 57 56
246 334 20 30 28
297 201 11 99 89
297 372 16 30 18
266 84 49 87 53
252 374 53 55 54
374 171 34 43 36
374 76 49 55 53
253 251 80 84 81
259 148 26 56 39
259 226 26 40 37
255 289 59 93 78
255 504 46 68 51
255 120 90 97 95
255 65 70 96 90
257 382 76 99 79
257 146 69 88 72
257 58 38 96 46
382 208 76 77 76
345 157 21 26 24
263 267 90 97 93
267 435 75 97 75
267 262 49 66 62
267 71 33 75 33
333 246 45 85 77
333 383 80 85 85
273 371 29 68 60
273 126 10 88 35
274 229 37 81 66
274 133 63 92 83
276 159 54 91 81
474 238 89 97 91
474 0 42 65 52
280 270 13 35 25
280 51 70 80 71
281 517 41 48 41
281 170 33 53 33
288 392 79 97 92
288 101 41 72 68
392 115 13 95 64
290 402 25 57 36
290 444 35 54 54
293 328 73 100 90
293 222 85 89 88
293 166 90 92 92
295 106 73 100 99
298 450 36 45 43
436 133 48 90 48
310 119 49 87 61
310 127 84 87 87
310 90 25 69 65
314 507 25 67 64
314 357 76 93 93
314 308 57 94 65
318 106 43 70 58
318 120 79 84 81
318 209 37 66 42
321 262 20 21 20
321 174 37 85 76
321 9 50 55 55
321 90 49 87 54
324 90 75 87 79
324 52 90 96 92
324 445 90 91 90
324 222 71 78 74
327 105 87 99 88
327 473 10 36 13
397 230 90 94 93
331 173 67 76 73
383 338 78 99 82
383 473 30 63 41
383 97 53 64 57
490 290 37 45 40
490 234 71 91 82
490 301 43 95 63
497 308 51 70 54
497 21 83 93 91
446 24 57 84 64
446 324 34 90 54
446 424 51 91 82
446 102 15 38 33
446 152 48 52 51
446 36 90 100 96
403 81 29 42 39
403 296 24 59 30
403 122 25 50 38
403 405 85 90 90
339 432 25 68 26
339 369 59 85 85
355 433 44 58 52
341 239 20 23 23
341 184 26 83 47
342 45 55 82 74
342 316 91 94 94
342 350 48 67 55
367 134 38 99 98
367 199 37 97 54
367 226 94 95 95
344 144 74 92 82
344 118 44 48 44
481 288 24 59 52
481 193 27 58 53
481 134 74 82 79
481 338 61 76 71
433 303 83 91 89
356 201 49 71 52
358 338 67 87 84
361 414 90 98 94
361 482 82 97 90
482 71 54 63 56
364 387 38 61 42
364 230 74 96 81
365 146 28 47 33
370 11 45 100 85
370 65 58 63 61
370 69 75 93 87
370 57 90 98 95
418 18 58 68 60
405 272 36 67 40
386 164 89 96 95
390 495 14 34 29
400 486 27 33 32
400 160 38 69 39
400 374 31 59 39
398 325 63 86 69
398 259 66 67 66
398 435 12 63 16
399 442 60 66 66
408 83 81 93 83
408 506 50 74 64
408 206 23 84 38
408 343 81 94 87
421 124 43 55 50
421 59 37 100 83
423 125 83 89 85
423 480 67 88 82
423 318 40 77 41
480 75 53 58 58
424 381 32 77 43
424 361 81 91 91
424 139 14 77 52
426 294 48 77 48
426 234 15 74 55
426 477 80 85 84
426 36 68 85 84
426 528 46 63 63
426 58 93 100 94
429 307 66 95 77
429 266 56 65 57
429 356 26 61 26
429 216 58 73 71
464 421 28 87 34
464 308 28 74 52
464 192 44 52 48
464 90 19 54 35
464 383 94 95 95
439 476 72 97 89
439 38 71 92 77
443 112 34 38 38
443 378 72 86 72
443 432 51 96 51
462 447 40 93 92
470 528 31 59 47
470 33 90 95 90
475 308 77 78 77
475 241 75 85 81
479 299 33 52 36
508 420 59 68 63
508 242 91 100 96
493 76 45 95 65
493 496 86 88 88
493 282 27 80 71
496 464 80 91 83
494 23 41 55 49
502 236 23 32 32
514 198 23 90 78
514 11 90 91 91
522 204 79 95 88
522 132 16 34 27
526 85 31 93 66
526 143 14 20 14
527 278 66 77 77
527 409 38 44 41
527 215 89 100 93
0 528
