33 127
0 5 24 75 60
0 29 26 83 30
0 1 56 77 75
0 17 86 92 89
0 32 28 68 48
0 12 24 69 66
0 18 72 76 73
5 19 35 82 46
5 22 59 60 60
5 11 93 97 95
29 19 77 86 80
29 16 17 31 23
29 7 20 29 27
1 17 76 93 84
1 11 32 94 79
1 5 38 66 51
1 30 84 99 89
17 8 50 58 57
17 9 35 78 49
32 30 75 99 85
32 5 54 69 63
32 8 82 92 83
32 1 68 85 76
32 18 75 97 94
12 32 93 95 95
12 10 50 100 50
12 6 66 89 85
12 1 39 87 82
12 22 25 59 36
12 9 25 55 35
18 28 36 97 56
18 16 41 61 42
11 27 94 96 94
11 13 21 74 66
30 21 36 42 42
30 1 17 20 19
2 17 76 100 84
2 4 44 46 45
2 10 27 83 81
2 18 33 60 48
2 31 59 98 71
4 30 85 97 93
4 13 87 95 87
4 0 87 89 87
10 7 26 29 27
10 20 88 94 93
10 5 64 66 66
31 13 81 83 81
31 8 83 88 88
31 21 46 96 58
31 27 57 59 57
31 2 90 94 92
3 26 38 96 87
3 16 38 65 46
26 21 76 82 82
26 23 67 85 68
26 17 34 87 59
26 11 71 96 84
26 24 70 88 79
16 2 78 94 85
13 2 77 90 82
13 32 41 67 61
13 5 30 87 64
19 23 89 91 91
19 21 36 53 47
19 2 67 73 69
19 27 26 65 62
19 26 40 62 56
19 15 32 61 32
19 4 21 54 49
19 25 66 79 78
19 29 48 51 48
6 18 45 58 57
6 9 18 70 38
6 12 83 88 83
6 26 48 56 56
6 24 47 87 69
9 13 32 33 33
9 24 68 87 84
9 10 94 98 98
9 5 36 59 39
24 25 36 39 37
24 11 82 90 86
24 1 16 27 25
24 12 24 86 49
24 16 62 67 65
7 16 43 51 46
7 14 81 98 94
7 1 75 100 96
14 28 22 40 37
14 26 30 95 48
8 13 94 100 100
8 11 83 94 86
8 25 73 99 95
8 17 43 54 54
8 5 58 74 67
8 6 72 76 76
25 5 42 50 42
25 28 36 82 51
25 1 91 99 96
25 12 70 94 75
20 3 11 18 14
20 4 76 96 90
20 32 17 95 95
27 1 36 51 38
27 31 67 88 78
27 3 17 40 36
27 0 28 99 81
28 9 76 85 85
28 25 42 52 44
28 20 74 98 86
28 19 19 71 57
28 12 66 98 73
15 0 74 87 86
15 23 31 55 55
15 19 57 60 58
15 18 39 45 39
15 11 35 49 44
15 17 39 97 97
15 8 50 98 62
23 32 15 93 70
23 22 66 95 75
23 25 85 88 86
23 30 69 86 80
23 19 72 96 93
21 2 56 89 67
21 15 27 91 56
0 32
