35 77
0 21 83 95 85
0 1 67 70 70
0 18 77 86 83
21 34 74 93 80
21 27 87 94 91
18 21 34 60 58
18 10 15 43 39
18 33 76 94 81
2 32 59 100 84
32 26 67 85 75
32 31 75 96 90
32 5 12 90 80
32 16 38 49 47
3 6 35 92 78
6 3 90 98 93
6 14 59 61 59
6 26 85 97 91
6 25 33 52 34
4 24 13 56 28
24 15 66 74 74
24 20 86 96 88
24 23 43 70 68
24 8 68 82 72
24 1 25 80 64
14 22 18 94 36
26 25 93 99 96
25 17 83 84 84
25 11 63 68 63
7 17 58 62 60
7 4 16 88 67
7 34 95 98 95
17 20 16 65 20
34 29 43 80 57
34 17 84 88 88
34 15 94 99 99
34 14 35 79 48
34 11 36 74 39
8 5 23 59 59
8 10 81 85 84
8 34 35 43 40
10 14 48 82 52
10 22 33 65 62
10 3 54 63 54
9 6 47 79 53
9 32 66 92 70
9 15 32 49 47
9 10 47 93 59
9 21 23 35 24
15 21 87 99 93
22 6 51 75 75
11 28 30 67 44
11 14 78 99 94
11 16 32 62 54
11 30 58 76 70
28 13 17 55 36
28 34 68 89 83
28 11 71 88 84
16 24 10 89 71
16 23 52 75 57
30 23 49 75 50
12 9 53 58 56
12 13 87 93 92
12 24 75 99 84
13 6 86 99 96
20 3 25 45 31
20 5 13 75 63
20 22 73 96 82
33 34 30 58 41
19 22 48 95 87
27 10 90 92 92
27 26 39 71 54
29 6 14 30 17
29 21 72 80 77
29 14 15 81 57
31 0 67 81 73
31 14 16 37 29
31 34 46 96 58
0 34
