365 1381
0 158 58 59 59
0 15 19 67 58
0 361 35 60 51
0 176 45 92 57
0 122 58 88 64
0 349 28 47 38
0 316 37 62 51
158 70 43 75 56
158 339 84 97 97
158 133 83 86 83
15 212 28 45 30
15 286 71 75 73
361 121 34 80 49
361 135 22 66 64
176 215 81 96 84
176 179 74 97 90
122 133 27 28 27
122 107 47 57 54
122 132 36 84 48
122 302 50 96 55
349 360 85 89 86
349 229 88 97 95
349 249 53 72 68
349 312 67 100 67
316 346 37 95 95
316 10 77 93 80
316 226 59 97 70
316 55 52 65 64
316 290 16 93 71
1 3 74 98 93
1 284 73 81 80
3 55 62 71 71
3 295 18 43 21
284 53 87 90 88
284 128 32 90 38
284 348 90 94 94
2 251 90 100 100
2 189 44 53 46
251 330 75 95 76
251 271 21 37 25
189 135 25 99 82
189 48 58 98 63
189 184 15 69 67
189 247 49 99 77
55 182 86 98 98
55 236 91 92 91
55 333 20 75 47
295 191 36 57 49
295 210 33 47 43
295 104 82 88 86
295 165 38 75 72
4 265 16 60 52
4 323 31 50 44
4 360 60 90 76
4 87 95 96 96
265 255 94 99 95
265 232 88 99 99
265 248 77 82 80
265 216 78 83 79
265 157 81 90 85
360 263 38 42 40
360 103 42 68 51
360 171 91 96 96
360 274 14 35 29
87 166 10 18 18
87 126 18 80 30
87 286 49 78 49
87 334 78 81 81
5 361 70 79 74
5 140 34 70 48
5 327 64 66 65
5 116 66 72 72
140 181 72 75 74
140 121 87 96 90
140 101 54 56 55
140 19 81 87 82
327 364 50 65 52
327 342 85 98 86
116 114 45 85 73
116 38 77 99 84
116 244 22 28 27
116 179 92 99 92
6 173 26 91 79
6 92 53 82 73
6 157 61 89 69
6 37 33 87 55
173 32 94 95 94
173 241 23 98 23
92 11 50 75 62
92 290 94 97 95
92 102 31 90 61
157 266 12 47 14
157 137 42 58 48
157 46 56 89 62
37 210 45 70 65
37 236 44 48 46
37 342 20 77 44
37 290 77 96 78
7 231 19 33 23
7 281 67 94 87
7 53 11 94 48
7 59 54 64 60
7 56 95 98 96
7 276 76 90 76
7 10 61 85 69
231 268 29 57 48
231 345 17 43 18
231 263 77 95 79
231 300 39 79 78
281 80 71 85 73
281 140 65 74 71
281 106 74 88 87
281 271 95 97 95
281 275 31 83 60
53 156 46 69 54
53 39 65 91 83
53 196 38 91 74
53 136 63 78 63
53 66 22 68 51
59 39 23 42 32
59 253 61 97 91
59 12 92 97 94
59 244 16 48 18
59 154 11 59 50
56 295 18 21 21
56 253 11 88 73
56 101 31 64 53
56 145 63 87 84
56 55 30 47 45
56 231 82 92 83
276 225 72 97 91
10 265 31 47 33
10 360 35 49 49
10 235 51 67 53
10 71 91 93 92
10 259 73 98 84
8 67 13 30 23
8 320 65 90 87
8 36 34 95 95
67 149 87 94 93
67 140 76 92 79
67 329 32 68 58
320 243 68 89 88
320 1 80 92 80
320 186 15 40 20
320 289 70 90 74
320 120 87 89 87
36 90 33 49 46
9 120 14 75 74
9 347 51 66 59
9 163 49 82 62
9 272 90 94 92
120 74 65 69 69
120 3 11 54 26
120 67 32 92 74
120 360 41 60 59
120 207 60 67 65
347 20 53 79 59
347 77 68 71 68
347 204 46 93 52
347 225 15 48 36
163 354 56 82 58
163 269 51 70 63
163 41 57 77 76
272 4 60 99 66
272 228 65 72 72
272 333 27 63 30
272 98 51 60 51
272 17 22 49 34
272 225 31 100 71
235 257 37 39 39
235 176 90 95 92
235 167 24 59 46
71 108 39 57 50
71 34 30 42 31
71 343 49 85 74
71 134 86 92 87
11 211 31 66 65
11 94 34 35 34
211 6 36 88 37
211 216 21 79 63
211 262 51 90 65
211 343 95 99 95
94 229 42 55 45
94 261 77 90 89
94 352 49 74 58
94 177 95 96 96
94 138 47 92 90
12 31 34 83 70
12 193 51 79 74
12 125 46 54 54
12 106 41 85 63
12 166 66 84 70
31 86 21 43 43
31 199 88 97 95
31 224 79 85 81
193 234 28 59 42
193 250 54 100 71
193 356 43 100 71
193 243 10 38 18
125 161 17 96 50
125 240 11 66 41
125 189 77 80 78
125 157 52 88 53
106 141 38 57 54
106 186 89 96 90
106 364 69 71 69
106 83 23 58 40
166 302 72 100 82
166 138 78 85 84
166 199 44 90 69
166 63 65 85 82
13 89 92 96 93
13 356 51 87 65
13 201 30 31 31
13 17 40 70 55
13 169 95 96 95
89 343 67 85 77
356 9 52 95 81
356 241 27 69 36
356 107 36 70 54
356 44 85 93 91
356 57 14 55 14
356 257 35 78 43
201 225 69 95 92
201 95 48 69 64
201 355 52 83 80
201 226 88 99 88
17 65 59 89 76
17 166 66 75 73
17 192 16 20 16
17 363 65 68 66
169 187 25 98 98
169 358 42 57 45
169 294 45 49 49
169 197 42 76 54
169 210 69 94 86
169 120 16 44 42
14 144 59 78 68
14 86 41 60 47
14 309 87 94 89
144 223 65 98 82
144 133 36 39 39
86 324 31 94 61
86 174 45 65 49
86 249 41 80 65
86 196 73 91 76
86 199 61 67 66
309 158 51 90 89
309 215 59 99 78
309 31 77 79 78
309 160 85 96 95
212 273 47 64 48
212 279 27 59 47
212 283 71 74 73
286 70 62 68 67
286 17 69 98 93
286 203 17 78 42
286 225 53 99 92
286 156 28 85 46
286 205 95 98 97
286 243 81 92 92
16 238 76 86 86
16 324 59 85 70
16 164 80 86 86
238 152 31 60 56
238 134 13 99 97
238 228 89 94 89
238 316 92 94 94
238 17 90 93 93
324 83 73 97 75
324 272 61 66 63
324 39 67 92 90
324 144 41 85 70
164 81 11 28 27
164 223 43 99 49
164 363 16 45 21
65 88 48 96 85
65 343 29 32 29
192 27 43 89 51
192 362 66 77 73
192 223 52 60 56
192 253 39 95 78
363 134 85 93 90
363 24 80 91 87
18 77 44 46 45
18 314 86 99 92
77 297 66 69 69
77 175 22 84 61
77 233 23 29 24
314 297 53 65 60
314 29 95 98 98
314 277 13 88 35
314 97 64 100 75
314 118 42 68 51
314 359 56 64 61
314 280 59 89 64
19 217 22 27 22
19 108 41 59 46
19 158 93 97 97
19 313 87 94 89
217 54 81 87 86
217 242 92 95 94
217 74 28 66 44
217 341 88 98 92
108 181 88 89 89
313 213 27 94 73
313 28 88 94 90
313 81 53 93 73
20 230 27 67 28
20 98 88 94 90
20 135 62 63 63
230 277 89 96 93
230 139 38 83 41
230 149 42 67 66
230 140 72 82 75
230 317 79 81 81
230 179 83 98 89
230 10 45 84 73
230 114 17 95 61
230 75 76 89 80
230 307 87 99 95
98 172 61 82 79
98 125 93 99 95
98 289 79 90 89
135 129 45 93 91
21 208 57 85 77
21 294 85 91 89
21 27 86 94 94
21 64 86 96 86
208 213 88 100 98
208 16 13 16 13
208 326 43 61 47
208 230 44 45 45
208 27 61 67 61
208 117 24 43 36
294 159 83 86 84
294 234 54 56 55
294 165 18 59 56
27 257 20 59 43
27 66 51 83 79
27 201 87 91 89
64 53 43 84 84
64 165 15 91 37
64 0 43 51 46
64 58 53 66 64
64 210 69 93 76
22 59 52 62 56
23 330 10 87 56
23 185 93 94 93
23 8 65 74 74
23 339 76 100 100
330 58 24 71 49
330 112 62 86 82
330 350 57 66 61
330 77 53 93 55
330 50 90 92 91
185 326 54 60 57
185 215 35 54 51
185 364 71 81 76
185 138 45 77 67
185 26 65 70 69
185 173 20 72 63
339 150 35 60 47
339 114 79 97 91
339 259 73 77 77
339 147 11 13 11
339 314 82 93 90
24 252 58 77 60
24 88 23 30 24
24 216 63 73 70
252 250 42 97 43
252 328 84 88 88
252 125 90 92 90
252 105 35 39 37
252 94 72 87 74
88 96 64 68 64
88 167 18 83 36
88 151 67 73 69
88 293 72 94 83
88 214 40 61 48
216 33 79 98 88
216 205 42 99 88
25 328 38 94 54
25 68 91 96 92
328 363 73 96 83
328 47 14 96 27
328 242 82 98 82
328 186 92 100 94
68 318 26 64 31
68 244 13 17 15
68 107 40 95 59
26 51 21 90 64
26 359 37 39 39
26 336 32 39 32
26 129 22 45 31
26 217 11 92 27
51 188 74 89 85
51 132 73 80 78
51 37 49 55 50
51 122 42 97 91
359 148 33 45 35
359 259 71 98 94
336 175 30 34 33
336 232 67 70 68
336 320 23 37 29
336 338 59 85 74
336 248 34 94 56
336 283 33 58 34
336 233 57 73 73
336 77 70 80 74
336 280 65 87 85
129 173 23 26 26
129 56 46 69 62
129 84 92 93 92
129 252 63 95 88
129 256 13 51 17
257 345 31 50 39
257 182 30 97 66
257 61 15 36 23
257 55 57 64 63
257 279 95 100 95
257 142 43 57 56
66 210 38 100 86
66 47 94 99 97
66 176 89 94 91
66 337 57 78 57
30 347 54 57 54
30 175 92 95 95
175 204 40 47 43
175 150 77 85 79
175 201 63 73 65
175 76 17 38 23
175 55 42 81 42
175 160 51 63 55
199 321 55 79 79
199 319 12 50 21
199 253 92 94 93
199 343 64 70 70
199 172 51 91 81
199 7 18 43 40
199 114 58 68 67
199 144 39 61 61
199 32 53 74 74
224 156 63 80 73
224 256 68 88 87
224 146 21 84 57
224 5 10 58 49
224 273 91 100 99
32 127 81 98 92
32 222 20 46 21
32 59 53 60 60
32 352 95 96 96
127 136 17 36 31
127 32 35 37 36
127 244 67 75 69
222 187 59 99 79
222 286 45 84 60
352 5 83 87 85
352 309 69 99 78
352 118 91 98 98
33 90 86 91 89
33 290 72 83 83
33 215 17 57 30
90 298 23 66 39
90 354 68 80 72
90 345 50 69 69
290 71 90 92 91
290 347 54 95 82
290 92 94 96 94
290 357 27 37 28
215 348 20 85 70
215 9 78 95 82
215 245 74 95 93
215 20 50 71 58
34 364 84 96 88
34 194 68 99 68
34 23 69 95 75
364 23 75 97 76
364 279 88 92 88
364 186 14 89 81
364 194 85 93 92
364 161 59 93 93
194 326 84 89 84
194 108 12 24 15
194 219 51 56 52
194 156 42 74 55
35 314 28 83 74
35 214 21 62 40
35 256 54 67 65
35 353 30 68 31
35 306 41 73 45
214 180 91 93 91
214 183 25 31 27
256 316 36 38 38
256 326 29 49 29
256 186 22 92 23
256 279 32 49 43
353 316 63 76 75
353 243 36 49 44
353 35 24 89 54
306 351 89 90 90
210 121 56 87 58
210 267 59 65 61
210 288 49 67 65
210 287 24 65 46
210 61 62 70 66
236 87 16 35 19
342 360 76 98 94
38 13 66 75 73
38 231 38 47 38
38 358 82 89 86
358 158 63 79 76
358 269 28 42 28
358 197 41 71 70
358 291 63 93 82
358 363 48 82 63
358 77 13 82 69
358 96 39 100 77
358 337 39 41 41
39 340 28 74 70
39 259 75 99 78
39 352 39 77 75
340 69 61 74 74
340 264 59 67 59
340 75 72 99 86
340 84 26 27 26
340 113 50 93 59
40 340 11 14 14
40 39 77 96 78
40 323 27 49 31
40 56 69 83 76
40 262 34 78 58
40 87 82 88 84
262 230 67 72 70
262 324 74 85 84
41 16 85 98 97
41 1 93 94 93
41 233 25 63 61
233 63 84 95 86
233 42 50 82 53
233 13 33 93 86
233 309 67 96 81
42 170 53 78 54
42 155 52 88 57
42 95 72 100 82
42 118 45 83 57
42 129 65 82 67
170 284 19 59 51
155 42 29 75 59
155 132 75 89 89
155 217 65 99 86
95 29 16 29 24
95 93 20 73 69
95 20 55 83 58
118 135 68 84 83
118 205 78 92 91
118 179 37 98 45
118 72 91 96 95
118 113 62 79 63
43 168 93 100 100
168 278 34 42 42
168 134 12 20 15
168 116 65 94 88
168 129 19 81 40
168 4 54 99 95
168 297 24 27 27
44 14 95 100 99
44 125 54 57 55
44 296 55 79 71
296 66 35 89 83
296 232 66 72 68
296 46 22 66 46
296 322 20 53 29
296 7 44 91 59
45 110 27 33 31
45 85 88 100 100
45 168 49 60 57
45 5 59 95 77
45 54 46 84 69
110 17 45 64 50
110 136 31 68 58
110 191 63 81 74
85 171 24 87 36
85 177 54 79 79
85 345 88 97 88
85 40 39 46 46
54 12 33 95 84
54 342 49 85 70
54 159 63 87 84
54 266 49 77 53
54 78 59 72 67
46 232 35 82 55
46 0 41 57 46
46 47 21 39 35
232 47 37 100 56
232 168 55 90 69
47 195 36 98 96
195 0 46 64 48
195 310 48 62 60
195 291 33 79 33
195 211 27 76 72
195 275 74 75 75
195 334 50 79 59
195 233 26 88 57
195 206 83 95 85
48 206 68 99 77
48 133 19 30 30
48 7 83 94 93
206 146 41 96 84
206 35 19 86 66
206 248 44 71 49
206 225 20 39 29
206 260 39 55 40
206 216 23 38 35
133 72 23 81 47
133 149 73 78 74
133 209 14 99 81
133 276 11 34 33
133 211 15 95 89
133 23 79 89 86
49 4 95 100 97
49 88 61 94 89
49 22 70 73 71
49 115 43 80 46
49 274 57 87 76
49 163 69 70 70
49 90 55 100 76
49 42 43 71 71
49 318 72 98 82
49 327 11 99 27
115 5 73 99 74
115 63 55 75 68
115 347 94 96 94
115 273 94 98 98
274 58 31 59 55
274 127 91 96 94
274 135 95 99 97
274 224 20 98 33
318 222 81 100 88
318 14 77 82 82
318 150 22 87 80
50 77 27 41 40
50 329 50 91 55
329 201 59 91 78
329 79 44 58 57
329 274 52 85 72
188 195 34 88 42
188 194 63 99 72
188 141 71 94 94
188 189 76 82 82
132 348 31 48 42
132 298 42 47 44
132 154 95 97 95
52 239 44 63 63
52 83 42 78 67
52 194 92 97 93
239 76 53 82 74
239 258 74 92 76
239 100 28 46 28
239 191 60 95 76
83 272 47 89 66
83 107 92 97 94
156 114 27 61 46
156 144 69 86 69
156 336 30 70 69
156 290 73 99 75
196 179 31 64 32
196 176 36 72 65
196 90 48 99 51
196 109 34 90 38
136 138 75 80 78
136 179 30 99 92
136 262 83 88 88
136 53 85 88 88
159 253 72 90 87
159 198 19 73 33
266 19 37 48 47
266 179 15 68 31
266 200 73 86 86
78 8 39 87 60
78 104 77 91 90
78 269 91 100 96
78 138 33 87 70
78 288 26 64 41
78 121 44 60 56
78 309 13 32 14
182 95 26 70 36
182 162 54 66 57
333 159 75 89 84
333 60 80 100 86
101 251 25 64 61
145 168 89 94 91
145 21 24 86 80
145 63 77 80 78
145 103 14 17 17
145 258 29 88 77
145 274 19 70 60
57 89 94 95 95
57 132 93 100 97
57 8 62 90 67
57 157 43 49 44
57 12 91 93 91
58 352 17 38 18
58 105 74 97 89
58 317 92 95 95
317 227 16 93 33
317 271 31 75 65
317 279 60 66 62
317 83 50 57 55
244 304 59 97 96
244 248 34 80 43
244 262 36 79 64
244 41 68 89 72
244 65 25 37 36
244 194 80 91 82
154 8 65 87 67
154 123 46 89 66
60 141 68 97 96
60 222 85 90 90
60 15 21 99 73
60 62 40 72 56
60 249 65 83 79
60 137 54 98 88
141 29 40 100 77
141 318 39 54 49
141 241 51 100 90
141 205 52 64 63
141 89 37 85 61
141 273 63 73 71
141 44 28 91 29
62 103 33 40 33
62 178 30 42 39
62 311 62 77 63
62 186 78 84 82
249 192 91 94 92
137 330 82 84 83
137 93 84 85 84
61 331 86 92 87
61 108 56 89 77
61 350 21 44 30
61 26 33 94 74
61 300 56 67 63
61 197 16 43 19
61 125 59 83 61
331 76 41 69 66
331 68 92 93 92
331 279 80 87 81
350 229 12 59 19
350 345 58 88 70
350 218 43 70 56
300 27 90 91 90
300 281 35 68 49
300 127 28 89 49
300 174 89 95 89
300 256 25 27 25
300 327 75 86 78
197 297 55 58 57
197 184 17 58 29
197 66 79 91 88
103 271 66 84 79
103 64 83 90 85
103 120 51 65 62
178 40 40 72 45
178 301 38 89 72
178 198 66 76 75
311 170 93 97 95
311 32 17 32 24
311 56 38 80 69
311 239 71 75 71
311 46 26 86 61
186 214 59 91 70
186 254 47 96 52
186 197 21 94 90
186 39 82 87 86
186 93 15 66 66
63 142 88 93 89
142 209 75 93 75
142 174 37 63 51
142 108 28 34 28
142 237 64 78 66
142 353 66 68 67
142 44 17 98 38
142 289 28 98 87
142 204 38 62 59
165 212 50 58 52
165 6 70 79 77
165 97 13 40 21
343 38 17 42 19
343 248 88 99 99
343 190 12 28 18
343 89 77 90 86
343 16 79 100 98
337 33 22 23 23
149 328 73 74 74
149 109 75 82 80
149 152 22 78 60
149 284 10 29 28
149 283 57 71 63
149 274 66 95 91
107 239 68 88 88
107 48 73 82 76
107 89 63 72 70
107 145 39 47 46
107 80 56 60 57
107 111 14 31 24
69 282 79 88 84
69 14 76 84 76
282 139 47 52 47
282 351 16 43 16
70 185 79 91 85
70 183 80 85 80
70 218 24 46 41
70 187 48 59 49
183 357 46 93 75
183 156 17 41 20
183 315 63 93 80
183 144 50 97 66
218 31 69 70 69
218 187 34 68 53
218 21 44 61 46
218 98 50 83 74
218 299 54 84 74
218 356 17 80 76
218 322 20 67 65
187 233 56 65 64
187 242 70 87 80
187 63 82 92 90
134 287 67 95 92
72 13 17 24 22
72 29 41 65 64
72 111 74 100 82
111 88 39 42 42
111 113 55 75 61
111 306 26 89 68
111 326 11 92 35
111 33 16 48 39
111 34 46 73 65
111 162 72 75 73
73 59 42 56 46
73 298 69 96 85
298 284 86 94 90
298 322 89 92 91
298 215 26 90 48
298 83 70 83 77
298 236 84 99 90
298 57 35 99 84
74 107 89 98 94
74 87 32 65 33
74 13 87 90 89
74 310 67 96 68
310 270 74 100 75
310 144 70 89 77
75 188 75 77 75
75 115 59 69 62
75 194 54 60 58
76 34 91 96 94
76 38 59 78 61
76 30 81 96 84
76 208 58 67 62
76 154 81 95 85
76 353 56 80 77
76 341 73 85 74
341 135 48 70 57
341 87 58 94 63
341 21 42 45 45
341 32 13 59 25
341 124 86 92 92
297 190 63 91 67
297 340 33 53 48
297 209 37 70 67
297 15 44 75 67
297 202 58 88 58
104 296 75 93 86
104 140 52 87 65
104 64 39 68 58
269 7 25 90 32
269 1 67 86 74
269 180 68 77 72
138 20 21 70 57
138 118 38 92 65
138 11 90 93 91
138 61 30 85 59
288 320 73 87 84
288 363 10 25 24
288 357 59 67 60
121 256 87 98 89
121 144 11 71 43
121 18 18 26 26
121 306 51 93 54
121 141 36 37 37
121 92 88 96 94
79 73 23 64 54
79 62 44 57 45
79 123 27 93 33
79 208 59 75 66
123 220 12 48 23
81 213 65 78 76
81 217 52 88 75
81 15 60 83 76
213 199 72 87 78
213 292 31 42 36
213 247 66 100 83
82 13 70 90 73
82 125 91 94 92
82 252 61 67 64
82 193 95 96 95
82 89 57 63 57
84 100 60 71 70
84 249 22 83 53
84 114 16 30 18
84 234 61 66 63
84 53 36 45 37
100 276 30 50 49
100 12 61 94 93
100 79 83 98 86
100 194 67 83 73
114 263 57 69 67
114 256 52 96 81
114 218 16 66 43
114 161 57 96 87
234 181 85 90 88
234 203 33 43 36
234 183 10 21 17
234 209 94 96 94
234 307 70 86 80
234 358 70 98 75
234 51 45 73 57
177 144 87 96 95
177 343 11 89 88
177 262 40 63 61
126 298 67 86 84
126 268 11 87 12
126 112 86 96 90
126 166 11 59 23
126 300 82 90 88
126 105 60 64 61
334 204 17 64 26
334 58 81 89 86
334 99 54 76 66
334 150 74 98 90
334 175 83 89 85
96 100 52 81 74
96 208 10 21 11
96 244 28 56 34
167 74 59 79 75
167 262 73 81 74
167 258 23 77 74
167 217 38 78 63
167 226 42 75 65
167 338 40 59 51
167 103 59 83 74
167 98 51 59 51
167 69 26 82 82
151 177 37 70 60
151 75 11 67 50
151 231 33 71 33
151 61 38 85 55
293 31 27 52 44
293 155 52 70 58
293 82 90 93 90
293 35 61 77 64
293 327 44 75 55
293 105 66 70 66
293 161 85 100 99
354 123 60 95 63
354 336 67 70 68
354 333 41 73 71
354 235 93 98 97
354 146 63 97 71
91 233 60 79 74
91 291 33 42 37
91 46 52 91 54
91 218 84 85 84
91 319 31 48 41
91 64 31 53 36
291 22 50 100 86
291 186 45 76 69
291 283 50 58 52
319 32 54 77 75
319 86 65 80 68
319 3 21 38 27
319 291 24 99 68
102 362 95 100 97
102 178 48 57 49
102 140 82 94 93
102 134 39 86 56
102 84 31 59 51
229 361 94 95 94
229 188 29 97 29
229 95 84 88 85
229 94 11 35 26
261 120 37 41 39
261 339 71 88 71
261 171 31 88 81
97 50 74 86 78
172 128 85 97 96
172 321 70 87 71
172 227 25 58 58
172 166 46 47 47
172 3 87 90 88
172 116 94 96 95
172 313 53 84 57
172 230 77 97 85
172 203 31 43 38
289 175 60 90 67
289 134 66 80 78
289 308 44 88 48
289 278 61 65 62
289 259 12 96 70
289 191 34 49 42
99 55 72 86 76
99 230 13 37 15
362 227 69 87 70
362 51 66 94 80
362 235 83 86 83
362 280 28 69 52
362 8 36 53 53
271 160 65 85 75
271 317 26 84 44
271 2 63 91 87
271 26 22 24 22
271 92 61 64 61
181 330 32 98 47
109 243 81 92 84
109 232 90 91 90
109 278 73 74 73
109 134 18 43 22
109 180 64 66 64
109 300 10 58 22
109 239 84 99 87
109 211 33 88 39
109 120 10 48 28
243 85 59 68 62
243 79 34 65 62
243 22 80 81 81
243 149 79 86 79
243 363 49 75 63
243 217 95 99 98
243 196 46 58 55
278 236 56 84 74
180 282 83 86 85
180 269 61 85 81
180 79 91 94 92
180 198 62 76 72
191 298 83 99 96
191 43 63 93 78
191 333 39 52 42
113 168 22 43 41
113 351 72 89 87
113 46 65 83 70
113 264 59 62 62
113 101 44 93 87
113 112 61 82 67
113 289 36 95 59
113 328 49 79 59
113 262 36 94 76
326 334 60 65 65
326 261 52 93 73
162 328 72 100 80
162 183 39 86 50
162 189 87 91 88
162 161 58 99 69
162 270 47 71 66
162 145 68 87 68
162 74 58 77 75
112 7 69 78 74
112 244 61 70 63
112 9 20 89 32
351 65 40 65 64
351 192 49 53 51
264 130 44 56 53
264 238 16 18 16
264 106 77 87 77
264 168 43 68 48
263 167 78 85 85
263 137 82 87 87
263 225 89 100 100
161 174 32 93 46
161 117 33 41 33
161 321 10 40 36
161 223 89 99 89
161 8 19 20 19
273 308 34 96 86
273 97 66 87 80
273 82 39 68 44
179 275 69 70 70
179 108 58 82 80
179 101 95 96 95
179 116 56 69 68
117 301 73 79 73
117 153 38 41 40
117 182 60 74 70
117 186 42 96 90
117 358 13 69 65
117 160 14 82 22
153 348 13 90 83
153 48 22 52 48
153 216 29 60 31
160 275 75 93 84
160 344 39 83 76
160 170 54 66 59
205 347 10 70 62
205 304 85 90 89
119 349 80 97 93
119 139 65 98 85
119 106 45 51 51
119 264 49 76 67
139 283 13 59 43
139 54 63 91 72
139 144 27 60 56
207 177 48 78 64
207 236 35 82 81
207 321 62 78 71
302 136 65 87 74
302 23 22 28 24
302 326 22 48 36
302 221 68 94 84
302 256 39 57 51
302 191 94 100 99
220 40 55 89 64
124 336 66 85 84
124 139 42 68 45
124 180 94 100 97
124 283 22 77 36
124 322 25 50 37
124 69 59 76 71
283 201 53 99 72
283 249 46 72 47
283 52 12 82 63
283 126 61 81 78
322 360 70 95 73
322 153 70 79 76
322 228 38 82 72
322 325 64 68 65
322 344 64 91 70
240 51 34 79 78
240 137 38 87 66
268 218 91 95 92
268 134 15 62 53
128 242 63 88 72
128 332 23 59 28
128 343 19 93 73
128 364 47 100 71
128 194 58 93 93
242 98 69 72 72
242 199 35 88 86
242 69 18 68 50
242 135 39 78 51
332 14 13 33 30
332 213 52 60 55
332 190 83 94 83
332 319 13 52 23
332 361 15 95 52
130 176 65 93 71
130 314 22 67 58
130 4 81 96 86
131 159 38 66 51
131 358 17 77 28
131 305 46 62 52
131 342 76 99 90
305 123 81 90 87
305 34 17 19 18
305 327 41 65 48
305 242 11 21 20
305 317 63 96 81
348 19 81 83 82
348 272 88 97 88
348 289 26 68 68
348 324 16 84 16
209 9 33 44 42
209 203 92 93 93
287 122 10 61 13
287 223 13 26 20
287 4 14 66 24
287 165 27 70 27
287 268 32 44 44
287 317 91 98 94
287 7 54 66 58
287 167 75 82 82
241 36 84 88 86
241 168 36 69 68
241 18 41 100 72
241 138 62 89 65
241 288 28 71 65
237 213 32 81 41
237 190 63 65 64
237 44 83 86 85
237 310 21 83 54
237 150 80 85 80
237 327 27 99 66
204 308 70 90 84
204 287 55 89 77
204 312 21 96 39
204 217 76 81 80
143 253 73 76 76
143 53 61 80 78
143 317 86 99 87
143 47 37 68 59
143 315 40 41 41
143 79 46 72 52
143 150 33 81 81
143 296 52 99 92
315 104 71 94 81
315 362 68 88 82
315 305 34 92 34
315 197 46 98 91
315 91 93 100 97
150 265 53 65 64
223 145 25 69 55
223 28 62 84 84
223 73 69 86 83
223 185 71 87 84
223 356 32 54 50
258 270 43 49 48
258 30 71 90 77
258 226 68 89 75
258 85 58 87 71
258 190 52 64 57
258 167 21 55 42
258 299 16 25 19
258 21 67 79 71
146 294 54 82 82
147 65 21 79 47
147 97 77 90 80
147 311 82 94 84
147 266 60 61 60
147 327 50 54 53
147 241 72 75 73
148 195 57 81 69
148 362 35 42 38
148 99 84 89 89
148 56 84 93 85
148 272 55 76 56
148 329 16 68 21
152 203 39 83 65
152 64 53 56 54
203 335 77 98 81
203 313 79 95 81
203 152 19 35 24
203 121 19 52 50
203 42 92 99 93
198 127 45 72 72
198 27 48 50 48
198 281 21 69 34
198 282 91 95 92
198 196 45 76 68
275 223 50 77 72
275 217 65 94 67
275 201 35 44 37
344 78 83 98 96
344 84 88 92 88
344 271 72 91 75
344 91 95 100 95
344 208 93 99 99
321 59 95 96 96
321 287 25 50 28
321 252 55 71 57
321 46 71 77 76
321 138 75 94 85
270 124 54 63 55
270 206 73 96 93
226 26 78 99 81
226 294 13 98 51
338 119 66 76 69
338 166 19 95 68
338 188 33 96 45
338 272 84 85 84
227 364 27 79 63
357 326 70 88 70
357 141 10 49 10
357 172 38 46 43
357 343 28 30 28
357 10 84 95 87
184 9 78 80 79
184 191 21 76 59
254 68 70 73 73
254 228 64 89 84
247 50 24 49 39
247 251 34 52 39
190 200 19 24 20
190 169 85 89 89
190 316 73 79 78
190 198 37 58 56
200 273 61 91 67
200 19 11 24 13
200 336 74 98 93
200 56 93 97 93
250 253 68 76 73
250 186 34 48 40
219 197 74 89 83
219 240 84 85 84
219 327 35 64 60
225 240 37 81 47
225 277 10 34 23
355 187 74 99 80
355 117 65 70 67
355 223 50 63 55
202 127 56 80 61
202 75 19 36 28
335 175 10 76 46
335 49 37 81 67
335 72 39 97 39
335 96 19 59 24
308 191 13 29 22
308 94 14 24 19
312 126 45 92 67
312 2 18 96 92
312 338 53 98 77
304 229 79 86 80
304 355 87 95 93
248 129 45 73 72
248 115 75 85 83
248 132 32 99 40
248 343 70 92 89
260 128 85 90 85
260 297 78 96 96
260 92 80 92 86
260 195 42 97 92
260 327 33 52 45
267 341 85 91 88
267 302 35 58 42
267 80 93 99 97
267 300 48 86 60
267 26 74 93 84
267 23 95 96 96
279 197 63 75 63
279 222 71 84 83
279 291 74 88 88
292 108 74 77 77
292 313 86 94 86
245 207 41 75 75
245 178 83 87 87
245 334 24 30 29
245 234 35 51 48
299 44 20 44 31
221 337 46 81 63
221 315 65 73 72
277 56 56 76 59
277 339 79 98 88
277 195 94 99 94
228 172 78 85 81
228 101 53 92 71
228 157 58 80 70
228 220 72 93 75
228 126 28 31 31
307 290 43 86 79
307 111 78 84 83
246 124 15 69 28
246 229 22 70 45
246 16 13 50 18
246 281 39 63 61
246 218 42 69 46
255 346 43 44 44
255 36 22 38 37
255 275 68 69 68
255 306 88 95 90
255 119 40 48 48
255 38 94 97 94
255 294 65 67 66
346 272 72 93 72
346 350 73 80 78
346 79 16 81 39
346 35 49 62 59
346 364 33 100 79
346 9 57 82 58
285 265 71 99 83
285 241 15 56 21
285 136 59 78 77
285 212 12 94 80
303 172 95 100 100
303 227 60 89 62
303 285 14 87 53
303 326 93 100 93
325 321 88 95 92
325 208 91 99 92
325 110 88 99 95
325 219 90 94 91
325 293 45 81 62
325 186 41 81 41
325 109 26 88 86
0 364
