442 1436
0 112 65 95 82
0 133 53 58 54
0 99 22 30 25
112 402 45 55 53
112 252 42 55 42
112 140 61 86 67
112 378 61 95 83
112 89 77 83 77
112 348 91 98 94
112 241 49 78 58
133 105 75 90 79
133 219 87 98 97
133 316 60 80 76
133 201 62 85 75
133 355 48 90 71
99 219 49 83 61
99 89 85 99 87
1 280 62 93 75
280 181 13 79 35
2 33 94 96 96
2 424 23 94 77
2 137 13 79 78
2 331 81 95 84
33 210 66 83 83
33 20 10 30 26
33 29 64 70 67
424 163 71 88 78
424 353 15 37 30
424 209 16 21 18
424 111 11 43 41
137 114 78 88 87
137 72 59 60 60
137 436 38 51 49
137 217 67 77 74
137 267 95 97 95
137 128 89 99 91
137 25 53 54 53
137 55 82 85 82
137 186 44 51 44
331 28 25 82 30
331 326 10 47 28
3 181 91 96 96
3 417 95 96 95
3 13 60 77 65
3 44 69 75 70
417 249 60 90 84
417 234 19 26 25
417 391 59 63 62
417 4 22 88 66
417 167 27 75 30
13 78 26 34 27
13 395 13 23 15
13 105 55 69 56
44 400 14 42 40
44 11 36 53 51
44 361 71 85 72
4 61 65 92 89
4 191 64 90 66
4 232 81 96 92
4 435 80 86 84
4 118 63 85 66
4 378 32 57 32
4 441 44 58 49
4 17 60 75 68
4 432 78 82 81
61 25 52 72 63
61 8 84 92 84
61 287 27 92 47
191 340 56 68 57
191 268 46 80 78
191 288 67 77 75
232 306 71 72 71
232 404 12 37 16
232 192 25 38 33
232 162 33 56 44
435 44 50 91 77
435 6 28 67 30
435 15 43 57 57
118 381 92 95 93
118 5 27 51 29
378 209 89 96 96
378 149 92 96 93
378 20 94 100 99
378 178 95 98 97
441 362 68 99 78
441 122 47 62 56
441 334 32 34 32
441 234 55 89 56
17 138 40 48 46
17 208 23 59 33
17 40 19 33 21
17 191 62 78 71
432 428 55 81 61
432 240 65 70 66
432 405 49 78 68
5 52 75 98 87
52 48 45 94 70
6 18 71 87 71
6 382 28 57 53
6 355 81 90 82
6 342 65 77 77
6 20 36 48 43
6 100 43 98 59
6 130 53 74 74
6 360 77 84 82
18 240 50 93 89
18 304 32 33 33
18 147 87 100 91
18 299 48 69 49
18 49 17 78 61
18 78 73 81 74
18 267 65 85 67
382 323 24 43 24
382 298 51 78 75
382 336 31 53 49
355 223 22 43 40
355 177 31 59 42
355 81 56 94 84
342 12 57 95 68
342 372 18 75 26
342 392 36 89 55
20 107 76 96 84
20 165 65 98 79
20 140 22 86 29
100 330 23 91 73
130 154 67 86 80
130 182 78 100 99
130 387 62 85 63
130 304 26 78 32
360 65 18 30 27
360 307 81 97 96
360 5 30 53 44
7 79 23 80 78
7 22 42 61 53
7 325 41 44 43
7 288 11 53 39
7 86 40 84 44
22 175 85 97 91
22 70 28 92 42
288 192 30 94 79
288 228 40 59 52
288 357 91 92 92
288 104 17 77 42
86 51 46 51 46
86 45 33 83 33
8 22 38 76 38
8 372 64 78 64
8 213 15 34 20
8 120 23 67 23
372 355 90 91 91
120 307 87 96 90
120 98 64 96 80
120 4 22 72 38
120 154 68 71 71
120 26 59 63 63
9 362 39 54 44
9 282 28 82 74
9 318 70 93 93
362 111 87 89 88
362 106 34 53 53
362 176 39 57 46
282 161 71 100 95
282 208 87 92 90
282 214 52 80 68
282 107 40 41 40
282 272 83 86 83
282 338 84 92 89
318 276 65 80 80
318 93 87 94 89
10 332 17 65 24
332 2 74 85 80
332 110 64 94 94
11 161 16 78 73
11 34 52 61 60
11 291 67 69 68
11 219 35 71 58
161 268 69 82 79
161 289 87 90 89
161 231 87 98 87
34 264 62 84 70
34 110 42 77 44
291 253 75 77 75
291 428 79 95 81
291 91 85 91 86
219 191 69 75 71
219 170 21 38 31
219 202 49 88 50
219 209 47 95 59
219 83 88 99 95
12 67 69 84 70
12 99 79 83 80
67 228 15 88 61
67 363 21 37 37
78 123 12 72 47
78 51 27 98 78
395 291 21 82 26
105 57 31 52 38
105 258 81 90 86
105 139 77 78 78
14 113 63 65 65
14 410 60 72 71
14 60 47 64 49
14 68 94 99 97
14 418 29 32 32
14 386 73 95 77
113 139 82 94 83
113 24 85 90 89
113 258 49 63 61
410 10 85 90 85
410 148 75 93 82
60 325 31 100 93
60 225 88 91 88
60 382 74 85 81
60 8 20 65 61
60 177 48 92 73
60 31 34 88 51
60 49 88 91 89
60 236 31 58 38
68 227 54 77 69
68 256 43 100 81
418 97 50 74 69
418 373 78 92 83
418 206 19 37 36
418 371 91 99 96
418 213 69 100 95
418 105 55 66 65
418 188 17 21 19
386 276 89 96 93
386 33 89 91 89
386 439 93 97 93
386 171 63 93 64
15 112 48 76 74
16 158 93 95 95
16 164 63 83 75
16 390 23 87 83
16 427 14 52 45
16 376 78 87 84
16 181 16 35 23
16 209 73 93 91
158 358 72 77 72
158 193 82 84 83
164 179 92 98 94
390 394 22 68 57
427 303 88 94 90
376 244 29 98 92
376 147 40 54 45
209 227 18 100 95
209 334 51 57 57
209 329 69 76 76
209 75 64 92 91
209 440 87 89 89
138 162 85 99 85
208 127 87 88 88
40 127 36 79 61
40 129 59 96 67
40 135 93 97 96
40 270 68 81 70
40 388 55 90 55
40 272 21 75 56
240 124 38 92 87
240 298 16 39 23
240 165 29 44 42
240 13 63 86 80
240 74 11 22 20
304 68 50 79 60
304 206 87 95 88
147 220 46 65 52
147 342 48 68 57
147 74 74 91 86
147 409 68 99 68
299 296 32 54 32
299 244 92 99 94
299 319 25 52 36
49 344 53 74 58
49 430 37 49 37
49 105 69 79 74
267 102 40 49 45
267 44 51 76 59
267 235 84 90 88
19 169 18 90 37
169 384 70 74 72
169 245 54 89 83
169 359 71 86 84
169 349 14 99 66
107 286 36 67 36
107 333 44 80 48
107 161 14 53 29
107 99 46 47 47
107 213 28 75 33
107 174 78 97 97
165 159 59 90 78
165 46 19 43 43
165 424 81 95 82
165 275 82 98 94
140 144 39 88 75
140 352 74 96 91
21 164 62 76 72
21 334 95 96 96
21 264 38 57 47
21 72 42 43 43
21 153 41 52 46
334 419 33 37 33
334 1 33 37 36
334 399 49 91 91
334 352 67 74 70
264 208 72 100 73
264 102 38 44 43
264 324 24 88 77
264 295 73 77 76
72 126 52 67 64
72 201 84 93 86
153 270 38 56 49
175 80 53 73 73
175 284 30 75 41
175 172 42 75 74
175 273 77 95 79
175 395 54 73 71
175 410 29 83 34
70 4 13 77 48
70 343 20 78 51
70 180 43 98 51
23 183 57 77 69
23 198 69 99 88
23 338 84 89 88
183 426 40 69 44
183 11 73 83 82
198 248 27 56 47
198 15 93 97 94
198 176 15 29 15
198 388 57 66 61
338 74 19 66 55
338 164 51 56 52
338 372 84 99 96
24 186 11 23 19
24 289 46 73 50
186 363 30 38 31
186 19 93 94 93
289 153 70 73 70
289 356 63 73 64
289 317 77 82 78
25 190 23 54 24
25 237 27 92 68
25 152 19 66 23
25 337 79 92 81
190 96 40 72 62
190 42 88 94 94
190 191 29 75 62
190 274 43 90 69
237 415 69 70 70
237 431 40 78 63
237 275 34 57 53
237 225 95 97 97
237 2 82 89 86
237 271 18 66 31
237 291 90 100 91
237 371 52 66 64
237 312 51 75 59
337 82 33 47 33
337 163 19 47 20
26 240 42 86 60
26 202 71 98 86
26 420 74 85 77
202 209 58 63 60
202 323 73 83 76
202 428 62 66 64
202 318 53 59 59
420 310 15 68 23
420 281 37 49 39
420 208 47 49 48
420 187 22 74 52
420 409 70 82 73
27 155 46 65 46
27 116 87 90 87
27 385 58 74 60
155 181 22 94 45
116 342 31 47 42
116 430 19 29 23
116 373 41 91 68
116 331 93 97 93
116 52 45 88 83
385 327 79 84 80
385 419 24 86 28
385 167 16 39 28
28 199 75 92 80
28 285 15 40 35
28 43 23 45 32
28 266 45 92 84
28 294 12 56 31
28 191 69 88 75
28 15 79 96 88
199 37 49 71 61
199 223 15 89 46
199 360 42 67 44
199 276 47 60 49
285 158 44 96 57
285 119 38 87 85
285 20 22 40 32
285 436 26 89 79
43 327 73 84 79
43 303 68 95 78
266 337 24 61 52
266 17 89 90 90
266 271 46 92 47
266 238 22 95 53
294 251 43 67 43
294 247 57 79 76
294 353 77 83 83
294 271 44 79 78
294 109 49 92 92
29 109 20 24 24
109 20 28 94 76
109 335 50 71 51
109 58 56 84 56
30 345 55 61 56
30 156 24 89 57
30 253 50 51 51
30 423 68 80 75
30 212 50 74 74
30 220 66 78 78
30 318 64 97 80
345 128 21 76 55
345 83 66 70 70
156 426 66 84 71
253 381 24 27 27
253 154 41 42 42
423 89 53 83 58
423 244 71 75 74
423 237 40 46 41
423 432 17 82 65
423 384 31 72 43
212 29 43 92 74
212 200 43 46 46
212 403 82 84 83
212 51 39 45 42
212 272 73 92 81
220 337 73 74 74
220 67 83 84 83
31 373 49 73 53
31 92 15 90 77
31 415 66 98 84
31 346 29 62 46
373 334 50 63 59
373 158 75 87 75
92 172 91 96 95
92 70 77 84 82
92 351 29 91 70
92 3 75 76 76
92 177 17 98 46
415 208 72 86 76
415 262 88 90 88
415 1 25 63 36
346 437 89 100 100
346 206 94 97 95
346 426 61 71 70
346 440 89 96 94
32 96 63 94 90
32 311 26 53 42
32 177 72 74 72
32 80 32 58 44
32 330 74 99 99
32 1 63 74 65
96 215 21 45 42
96 387 75 86 80
96 119 78 94 92
96 120 45 80 48
96 279 81 90 84
96 75 30 60 44
96 396 33 49 35
96 67 22 83 30
96 89 70 98 90
311 24 20 36 30
311 116 80 92 87
311 231 33 66 39
311 130 55 61 57
177 56 91 92 92
80 398 39 67 57
80 359 78 79 78
80 415 74 79 77
330 63 45 89 88
330 233 74 78 77
330 60 56 77 63
330 192 86 90 87
330 328 86 95 86
210 82 95 97 96
110 295 50 55 52
110 150 77 80 79
35 302 88 89 89
35 299 12 89 81
35 407 65 79 76
35 36 51 95 86
35 45 63 64 64
35 98 54 66 63
302 323 22 42 29
302 385 58 60 59
407 104 87 98 90
407 66 83 88 84
36 214 82 95 92
45 82 26 42 40
98 269 54 74 58
98 60 60 64 63
98 126 60 75 73
98 270 71 75 72
98 437 91 96 92
214 375 10 65 41
214 372 15 39 21
214 16 30 89 57
37 286 57 77 73
286 418 67 73 73
286 197 44 53 45
286 105 38 75 65
286 416 83 100 84
286 104 30 65 40
38 173 14 69 65
38 198 55 92 61
38 93 86 95 87
173 215 11 30 15
173 222 73 87 84
173 134 83 100 90
93 243 83 86 85
93 101 93 97 97
39 283 23 62 48
39 376 69 72 69
39 229 54 63 54
39 251 55 63 55
283 375 13 39 30
229 211 80 91 89
251 287 78 98 98
251 101 20 24 23
251 331 75 83 77
251 194 34 85 41
127 18 33 62 48
127 380 52 66 61
129 287 75 87 86
129 186 69 81 80
135 363 89 98 97
270 333 23 72 70
270 287 11 33 16
388 114 11 41 13
388 133 18 58 53
388 282 31 40 39
388 16 57 74 73
388 219 88 99 93
388 87 88 97 92
272 374 55 95 93
272 79 78 82 81
41 295 59 85 83
295 292 81 88 87
42 10 52 85 60
42 343 24 85 33
42 134 50 71 51
42 421 45 80 45
343 296 81 89 89
134 384 94 97 95
421 378 64 93 87
421 112 66 77 73
421 194 92 97 97
327 402 78 80 79
327 65 90 99 92
303 313 39 87 64
303 150 59 71 65
400 322 54 62 58
400 237 84 99 95
400 109 76 80 78
400 258 90 91 90
400 123 85 92 86
361 146 41 53 48
361 19 26 49 29
361 163 18 85 82
361 142 12 72 67
82 402 20 38 33
82 47 81 96 90
82 228 46 84 64
82 248 82 84 83
82 132 38 56 45
82 429 21 70 50
82 161 40 50 49
46 324 42 93 74
46 386 19 52 39
46 353 59 64 60
46 241 21 83 36
46 183 60 91 75
46 396 54 80 57
324 409 66 98 92
324 164 14 46 34
353 3 37 93 91
353 351 42 57 52
353 396 59 66 66
353 232 38 74 62
353 298 82 93 90
241 292 62 63 63
241 320 13 29 27
241 394 16 76 59
241 307 57 92 71
241 341 93 94 93
47 333 93 98 95
47 304 20 72 47
47 301 94 100 100
47 393 27 77 56
47 293 57 60 58
47 165 51 52 52
333 170 32 87 84
333 295 73 87 75
301 0 86 90 90
301 403 46 62 53
301 230 27 49 34
301 16 53 66 61
301 267 32 64 46
301 76 64 80 74
301 413 68 86 68
393 187 72 73 72
393 381 86 99 92
293 234 29 86 81
293 277 95 99 97
293 148 40 51 49
293 437 50 90 50
48 244 66 84 74
48 398 28 77 36
48 81 60 81 62
244 391 48 50 50
244 126 16 41 28
244 303 65 72 70
398 435 81 92 90
398 172 20 65 64
398 13 48 59 53
81 160 15 97 46
81 289 65 70 70
344 437 55 60 56
344 69 37 45 40
344 49 16 20 17
344 29 54 67 55
430 301 64 82 81
430 418 94 97 97
430 75 51 78 58
50 325 18 46 42
50 78 15 67 16
50 300 27 30 27
300 405 54 55 54
300 352 59 89 80
300 134 63 73 69
300 88 70 79 71
300 122 91 92 91
51 130 72 74 74
51 192 43 100 93
51 429 68 69 68
51 428 56 71 70
192 266 45 50 49
192 331 38 98 68
192 123 68 74 73
192 308 55 59 56
429 369 16 62 61
429 25 12 44 17
429 84 26 56 56
428 138 39 90 62
428 120 59 74 68
428 306 18 23 23
428 422 81 93 84
428 11 11 42 26
428 309 22 33 25
53 41 50 68 64
53 4 15 44 18
53 26 17 30 22
54 259 33 39 35
54 385 92 96 92
54 441 74 88 76
54 358 87 93 88
54 17 25 61 36
259 146 19 88 31
259 264 12 25 25
259 0 34 42 42
259 284 72 77 74
358 419 41 72 50
358 173 79 92 92
55 420 90 95 92
55 126 86 91 86
55 350 18 54 20
55 244 11 22 20
55 295 34 86 82
126 407 68 84 70
126 303 83 92 92
126 74 51 62 58
350 131 37 76 62
350 26 27 74 67
56 280 43 46 43
56 428 27 48 40
58 80 90 97 93
59 179 74 94 91
59 392 95 98 97
59 358 63 92 68
59 394 69 74 71
179 388 30 43 32
179 227 19 49 22
392 105 93 97 97
392 261 60 63 63
392 328 93 99 94
394 97 85 92 92
394 196 41 98 90
394 169 55 94 61
394 244 88 90 88
225 107 64 99 65
225 202 75 81 76
236 373 38 46 41
236 168 81 86 83
236 107 52 73 57
236 406 74 98 80
236 227 25 61 38
287 30 27 29 28
287 192 68 73 71
62 299 72 98 77
62 278 41 75 49
62 268 74 100 85
278 301 52 63 61
278 341 74 80 75
278 330 38 89 85
278 370 24 96 33
268 84 57 76 67
268 182 58 62 60
268 295 36 58 39
268 274 77 90 84
63 323 57 79 79
63 188 21 37 26
63 326 60 84 75
63 146 63 80 63
323 236 87 92 92
323 29 38 99 49
323 294 32 62 37
188 16 77 97 89
188 370 81 90 88
188 354 76 78 78
326 420 17 18 17
326 197 87 91 89
326 70 91 92 92
326 55 21 50 45
326 62 60 84 66
326 33 29 33 30
146 91 34 94 41
64 54 54 78 68
64 61 70 91 81
64 45 52 91 62
64 268 91 92 91
64 120 35 37 37
65 54 15 86 72
65 210 91 97 96
65 287 21 26 25
65 108 53 93 69
65 415 64 73 65
108 204 76 89 86
108 238 19 63 27
108 51 62 68 66
108 229 79 91 90
66 93 33 53 51
66 241 18 86 22
66 50 19 94 83
66 247 90 99 97
247 376 34 62 34
247 17 81 93 83
247 180 62 80 69
247 148 29 49 31
247 9 44 47 47
228 153 50 57 55
363 332 26 54 28
227 371 95 98 96
227 94 62 79 72
227 233 87 90 89
227 1 95 98 95
256 223 30 80 56
256 183 85 99 88
69 336 59 84 76
69 71 69 85 77
69 425 74 91 82
69 245 83 88 83
336 84 67 79 77
336 172 75 81 81
336 361 50 58 55
71 195 26 47 41
71 151 28 86 86
425 420 15 69 54
245 360 45 51 47
245 405 13 76 48
180 112 45 95 93
180 76 47 91 48
180 408 77 88 78
180 301 65 73 73
180 337 68 85 71
180 221 42 45 43
195 166 34 94 35
195 72 38 57 53
195 337 87 90 87
195 112 65 85 81
195 53 86 92 90
151 40 91 92 91
151 248 28 61 59
151 319 33 88 55
201 289 61 97 72
201 225 82 89 82
201 145 32 70 68
73 357 39 56 44
73 323 85 87 86
73 273 51 98 73
357 140 40 81 55
357 239 65 70 68
357 163 89 93 93
357 85 63 90 71
357 281 35 76 60
357 228 39 80 45
357 21 22 26 23
273 91 83 88 83
273 391 87 96 93
273 201 77 91 80
273 302 44 61 60
74 148 22 87 60
148 32 47 88 73
75 216 77 98 80
75 30 28 69 65
216 23 46 60 49
216 111 49 67 66
76 222 24 100 37
76 44 28 56 45
76 372 53 93 57
76 417 62 86 83
222 231 62 73 70
222 416 30 85 39
77 82 88 89 88
77 388 70 99 91
77 96 92 96 96
77 356 68 93 82
356 300 48 86 66
356 232 92 99 96
356 243 69 98 78
123 377 10 68 38
123 271 65 76 65
123 164 82 88 82
123 163 58 97 87
123 347 35 58 49
123 31 29 78 47
123 106 68 69 68
123 172 15 99 85
359 170 82 87 87
359 241 25 76 53
359 379 67 77 68
359 356 25 97 42
359 127 66 74 72
160 142 69 75 74
402 199 22 70 28
402 333 24 30 29
402 422 18 53 37
402 141 62 92 81
248 357 44 69 62
248 392 93 96 95
132 433 84 85 84
132 235 34 77 37
132 362 29 60 43
84 380 34 68 65
84 333 84 96 86
84 319 88 96 91
84 234 30 76 71
380 186 31 74 51
380 422 41 86 44
380 436 93 99 99
380 348 62 92 73
319 59 37 62 52
234 8 44 84 45
234 345 79 80 80
234 189 17 55 46
234 211 63 97 63
85 47 35 79 55
85 252 18 52 47
252 98 68 84 70
252 409 86 92 92
87 321 46 71 62
87 118 54 98 67
87 389 80 92 80
87 165 75 100 95
87 11 93 98 93
87 141 86 92 92
321 171 84 98 89
321 209 19 97 77
389 149 81 86 83
389 178 92 96 93
389 356 58 90 67
389 36 50 76 66
389 369 12 50 32
389 309 83 89 86
141 317 13 43 40
88 115 47 54 54
88 258 78 87 79
88 5 13 27 17
115 257 36 68 47
115 193 42 92 91
258 223 53 99 60
258 259 26 90 89
90 167 31 34 32
90 373 17 83 54
167 435 89 98 89
167 141 78 94 84
167 342 62 88 76
167 133 14 99 27
167 243 19 55 34
167 236 46 96 60
167 386 80 94 80
91 387 26 31 26
91 417 45 67 57
387 88 87 98 97
387 296 59 78 74
172 116 91 92 92
351 80 39 68 67
351 434 55 94 73
243 193 75 87 77
101 342 60 67 64
101 285 64 77 67
94 334 58 98 62
94 34 55 96 91
95 102 78 93 79
95 187 18 59 20
102 215 91 95 95
187 238 47 48 47
187 404 75 88 79
187 251 50 51 50
187 27 89 93 91
215 242 51 53 53
215 117 63 86 67
215 70 32 59 57
215 320 57 60 59
215 437 28 76 74
215 33 35 48 47
215 147 25 89 71
119 436 87 97 87
119 272 13 67 55
119 68 29 88 80
119 378 34 47 39
119 381 11 77 54
119 302 93 99 96
279 175 76 88 83
279 19 93 97 97
279 334 75 95 94
97 258 27 89 87
97 309 91 92 92
97 285 67 75 67
97 52 88 94 88
97 365 89 95 89
309 383 53 60 58
309 283 94 98 96
309 422 70 84 74
365 412 50 100 60
365 334 70 81 71
365 320 18 88 49
365 57 93 98 98
269 151 92 99 96
269 431 59 93 82
269 195 15 92 36
269 285 33 87 75
269 290 26 40 40
269 125 21 44 22
269 218 31 55 53
437 159 15 64 48
437 22 66 74 66
103 334 65 70 68
103 358 15 100 94
104 169 42 86 54
104 288 92 100 97
104 48 82 84 83
104 266 30 79 63
104 185 20 40 24
104 195 57 80 77
185 383 71 94 89
185 409 21 26 21
185 299 46 66 59
185 4 68 72 71
185 418 27 65 43
185 339 69 100 78
185 407 92 94 92
139 271 88 95 89
139 161 80 84 83
139 212 53 97 81
139 130 73 95 87
106 80 87 98 90
106 436 72 89 85
106 317 95 100 100
436 266 14 90 31
436 343 72 78 75
436 348 69 78 70
317 163 46 92 91
317 20 33 73 67
317 119 36 47 44
317 104 24 71 54
317 117 32 62 46
317 387 26 80 33
317 371 27 55 31
174 370 43 69 62
174 387 17 22 21
174 347 36 97 61
174 102 43 85 85
174 311 41 61 53
204 172 51 58 55
204 352 35 40 39
204 47 44 86 49
238 370 74 84 74
238 164 57 86 75
238 359 55 97 56
238 125 55 56 55
335 327 32 57 52
150 188 64 79 67
150 61 12 35 25
150 349 31 57 52
150 438 85 96 96
150 189 60 96 72
111 243 28 41 39
111 145 76 99 85
145 345 82 87 83
145 242 68 100 72
348 107 25 35 31
348 345 51 82 56
348 307 42 84 82
348 22 25 30 25
114 320 67 81 75
114 210 29 75 72
114 173 62 81 81
114 302 47 72 49
114 191 51 68 51
320 146 64 76 70
257 170 50 71 62
257 310 32 65 63
193 294 82 97 92
193 17 76 87 81
193 6 85 96 85
193 49 89 98 95
193 404 77 98 97
193 390 74 100 91
117 121 93 100 97
117 251 21 72 46
121 415 49 94 82
121 300 31 82 74
121 101 49 96 89
121 236 56 85 80
381 359 15 71 32
381 160 40 77 52
381 168 10 27 19
307 337 77 83 81
307 437 77 99 81
307 230 50 59 54
307 425 75 95 85
307 247 61 72 67
307 243 58 92 91
154 342 41 96 94
154 189 68 74 69
154 225 13 16 14
154 375 67 85 69
122 344 42 82 47
377 322 38 48 45
377 20 45 94 81
377 179 21 57 36
271 234 30 66 47
271 100 95 98 95
163 178 35 91 44
163 55 24 53 24
163 214 49 53 51
347 170 44 47 45
347 186 95 98 97
347 194 55 77 70
124 441 37 81 65
124 224 21 57 35
124 404 33 35 34
124 188 26 34 34
124 52 37 46 37
124 192 43 88 87
404 1 48 86 49
404 303 38 55 44
125 368 12 92 77
125 436 21 28 28
125 281 93 100 96
125 30 54 81 57
368 339 39 44 43
368 248 84 99 85
281 188 82 84 82
281 144 21 92 78
281 330 61 84 66
128 379 89 93 91
128 67 22 88 45
128 158 36 48 36
128 136 65 96 68
128 365 13 50 21
128 316 40 54 54
128 157 66 79 69
379 11 30 37 33
379 278 73 94 74
379 401 87 96 88
136 14 94 98 98
136 311 11 23 13
136 149 84 86 84
316 287 40 66 63
316 247 28 68 49
157 438 64 67 66
157 137 63 82 74
182 211 57 61 57
182 116 91 92 91
182 56 89 92 89
182 114 32 97 86
182 228 18 56 43
182 322 59 89 81
131 410 85 100 86
131 13 46 90 65
131 330 79 84 80
131 26 42 55 43
433 242 20 84 46
433 344 35 97 75
433 174 62 97 62
433 206 55 60 55
235 296 59 72 69
235 299 49 75 74
384 70 84 98 91
384 360 69 74 73
384 3 76 94 92
217 338 91 93 92
217 55 30 63 30
162 247 90 92 92
144 8 72 99 95
144 207 15 29 21
144 392 38 86 66
144 272 38 97 96
352 116 34 80 59
352 161 34 44 35
352 202 38 81 70
352 148 38 49 44
352 204 15 22 22
352 365 69 97 83
142 72 54 71 67
142 406 12 94 17
142 105 20 27 21
406 33 85 86 85
406 26 31 81 65
406 315 38 46 38
143 253 71 83 78
143 125 58 71 69
143 328 21 97 66
328 187 46 62 61
328 138 66 70 70
207 357 93 94 94
207 332 76 83 83
207 317 75 88 82
242 98 78 86 85
242 174 25 62 60
242 7 59 99 73
242 251 46 61 47
242 435 74 76 74
349 396 16 96 63
349 333 73 87 74
349 368 20 67 58
438 62 82 88 84
189 259 31 33 31
189 57 78 81 78
375 326 73 93 85
375 49 61 95 82
426 315 75 86 83
426 299 35 59 42
426 193 31 35 33
426 379 77 81 81
426 68 85 86 85
159 297 48 90 88
159 295 64 98 90
159 178 90 97 96
159 380 27 38 32
297 236 68 95 81
297 118 61 100 83
297 359 72 81 81
297 22 52 77 53
178 342 82 83 82
178 332 88 94 92
178 405 84 95 95
231 399 46 79 78
231 309 10 54 34
275 128 40 46 42
275 119 12 99 90
275 303 34 71 47
275 287 21 22 21
275 98 39 95 90
275 277 50 70 58
166 71 36 100 49
166 100 13 30 18
166 413 41 99 71
166 421 15 56 39
166 406 58 88 65
166 155 80 95 85
413 125 50 72 57
413 191 38 70 40
413 213 24 37 27
168 199 63 87 71
168 105 33 46 33
170 330 94 99 94
170 27 32 97 95
170 160 89 94 91
170 427 14 85 36
171 182 12 45 32
171 216 89 92 92
171 262 31 32 32
171 70 21 87 82
262 337 83 100 89
262 331 34 44 37
262 138 79 81 81
370 131 65 86 67
370 321 88 100 98
370 117 64 88 65
284 39 32 95 37
284 138 32 49 37
284 2 95 96 95
176 354 37 71 49
176 172 39 77 77
354 114 27 69 69
354 110 27 75 33
354 153 91 95 95
405 374 52 98 61
405 397 79 87 87
405 128 57 76 75
405 140 66 92 86
405 347 67 74 73
408 310 90 95 94
221 275 49 96 76
221 109 14 25 21
211 17 77 78 78
211 148 70 72 70
322 305 30 42 33
322 226 89 98 98
322 273 20 36 34
322 144 14 52 37
322 287 16 74 53
322 118 60 64 64
322 56 84 99 84
184 242 38 62 55
184 319 93 99 99
184 3 29 46 38
184 278 65 70 65
184 336 73 81 78
184 390 72 75 73
383 427 13 62 32
383 314 42 90 57
383 62 39 48 48
383 70 68 87 85
339 331 19 55 34
339 228 73 82 73
339 26 23 83 34
339 193 32 77 43
339 115 14 52 30
274 317 40 51 45
274 59 61 100 68
340 415 34 55 37
308 314 43 82 52
308 118 13 85 34
308 374 76 81 78
308 41 61 63 61
194 139 26 76 71
194 111 82 99 90
196 432 18 75 30
196 269 90 95 93
196 434 72 90 73
196 89 95 100 98
196 146 68 86 78
196 6 70 99 91
434 156 65 100 71
434 75 69 81 77
434 66 17 71 68
434 346 43 44 44
434 312 62 85 72
197 70 63 67 66
197 407 67 94 76
197 234 31 76 40
197 119 55 81 75
197 419 62 82 71
197 116 75 80 77
197 16 89 96 93
419 271 66 90 71
419 142 77 85 83
419 78 87 100 92
419 34 62 73 72
419 135 51 78 69
419 48 95 99 99
223 16 18 70 59
223 226 24 94 51
276 223 85 90 86
200 230 67 85 73
230 267 87 92 88
230 125 88 93 92
230 28 86 100 92
203 114 39 52 51
203 276 28 91 44
205 262 90 99 99
205 410 13 49 49
205 29 24 47 40
205 344 48 92 71
206 383 23 84 46
206 277 67 97 89
206 6 12 62 23
206 33 31 55 37
277 335 92 96 96
277 437 45 82 72
277 193 84 97 86
329 314 63 84 84
329 411 82 89 86
440 120 35 68 37
440 399 77 86 79
440 29 26 70 36
440 27 19 42 30
440 211 54 82 61
440 181 91 97 95
440 325 52 90 79
403 56 64 81 71
403 342 52 93 60
403 258 40 57 56
403 281 33 46 35
403 112 34 44 34
403 52 42 82 60
218 247 35 90 69
218 32 47 88 87
416 131 75 76 76
416 327 78 85 82
416 437 15 78 24
416 280 35 92 54
226 313 79 99 98
226 395 57 98 61
313 309 24 84 71
313 247 23 96 26
313 3 89 91 91
371 17 94 96 94
371 9 23 74 38
233 182 74 93 93
233 156 61 96 80
233 303 36 52 48
233 349 39 61 39
399 433 41 79 55
306 319 83 86 83
306 112 88 94 93
306 391 45 58 46
306 25 16 74 70
296 251 24 48 45
296 359 38 83 73
431 307 75 77 75
431 122 35 97 71
312 50 59 95 71
312 173 18 93 22
312 193 23 57 39
312 235 23 88 36
312 290 66 68 66
312 171 31 61 38
239 254 86 95 94
254 39 22 23 23
254 428 90 99 94
298 124 57 71 60
298 340 57 72 62
298 205 95 96 96
292 196 79 96 95
292 216 54 86 80
292 436 88 91 89
341 221 38 52 48
341 328 39 60 48
341 211 85 91 90
246 143 62 74 74
246 35 49 70 68
246 240 60 99 64
246 366 48 62 60
246 269 36 57 41
366 329 93 96 93
366 39 46 49 46
366 189 12 93 71
366 317 49 91 51
366 3 26 33 29
249 58 69 94 70
249 410 73 83 80
249 314 36 64 55
314 217 57 76 76
250 389 62 87 77
250 137 17 82 21
250 140 19 43 34
255 375 10 35 33
255 329 93 98 97
255 246 20 50 44
310 351 30 90 38
310 349 51 93 89
310 100 43 96 44
260 248 21 51 32
260 185 34 65 63
260 333 13 17 15
260 422 77 98 88
422 400 24 93 80
422 80 25 82 33
422 129 51 53 52
261 390 49 64 52
261 147 93 100 98
261 272 91 100 91
263 203 94 96 95
265 34 12 78 59
265 240 72 73 73
265 371 12 77 14
265 439 70 96 95
265 13 92 95 92
265 381 30 31 30
265 361 46 63 61
439 225 76 91 79
439 111 62 66 62
290 345 36 84 41
290 284 48 88 63
290 97 92 95 95
374 372 45 75 47
374 368 55 96 88
374 421 41 88 84
305 169 31 59 35
305 343 24 68 56
315 46 18 75 33
315 250 43 62 43
315 419 40 58 42
315 263 23 91 46
411 438 84 90 90
411 312 43 63 51
411 249 52 79 69
411 254 46 48 46
364 397 11 30 18
364 4 62 96 81
364 70 15 77 39
364 310 59 88 63
364 281 60 99 74
364 261 15 79 31
397 140 36 80 51
397 339 59 81 76
412 67 45 50 46
412 107 11 25 24
412 76 69 95 73
412 440 55 75 70
412 310 74 77 75
412 361 85 94 93
412 399 46 62 47
367 268 65 99 90
369 60 14 44 25
369 312 72 76 73
369 120 29 39 36
414 108 95 100 100
414 104 84 96 95
414 255 50 84 81
414 424 24 69 34
414 65 31 75 71
414 265 78 92 92
0 441
