106 295
0 62 16 85 18
0 73 36 59 41
62 92 37 63 50
62 66 31 64 55
62 23 39 64 60
62 4 60 79 76
62 6 73 79 74
73 33 44 53 52
73 28 95 100 98
1 105 36 50 49
1 5 20 43 24
1 82 28 100 89
105 49 45 69 60
105 12 21 35 30
5 70 56 80 75
5 6 69 93 78
5 72 51 96 64
5 35 56 85 73
5 38 32 49 44
82 66 73 78 73
82 29 85 89 87
82 87 67 75 68
82 16 81 88 87
82 23 19 33 24
2 103 67 94 83
2 77 89 92 89
103 65 33 45 45
103 15 75 91 82
103 79 22 94 69
3 95 54 79 59
95 66 56 78 58
95 13 24 58 41
95 93 88 92 91
4 72 12 78 64
72 16 74 98 84
72 77 62 98 88
70 15 70 80 73
6 70 90 95 90
6 76 66 69 67
35 48 22 71 25
35 14 12 73 15
35 97 47 74 64
38 31 61 69 63
38 76 93 100 94
38 60 95 100 99
38 22 70 75 73
76 38 67 75 74
76 19 66 69 69
76 70 93 94 93
7 82 25 44 27
7 21 72 93 91
7 45 48 57 53
7 95 68 76 70
21 77 78 96 82
21 41 52 76 55
21 29 66 67 67
21 79 67 68 67
21 6 35 100 100
45 90 41 87 79
45 67 50 80 66
8 0 74 94 79
8 50 45 78 58
8 31 87 92 88
50 11 48 51 49
50 80 13 54 30
31 79 66 85 80
31 22 79 94 94
31 66 74 91 78
31 86 68 71 70
9 14 48 69 60
14 33 26 87 53
14 49 76 80 79
14 86 26 63 41
14 92 90 98 90
10 25 43 71 47
25 33 30 60 44
25 79 38 61 58
25 38 23 59 59
25 76 58 73 70
11 103 15 82 73
11 83 66 70 67
11 61 13 40 36
83 35 64 87 73
83 56 93 100 95
83 84 66 88 80
61 34 94 95 94
61 91 23 80 37
61 88 35 75 51
12 38 91 100 95
12 92 68 92 85
92 52 25 68 55
92 96 20 73 31
92 40 62 82 75
13 44 58 60 59
13 61 33 78 36
13 52 43 88 67
13 79 33 66 43
13 86 85 99 98
13 0 18 41 26
13 98 56 87 86
52 104 69 96 75
79 1 20 78 25
86 75 86 89 87
98 29 62 64 63
98 101 33 41 34
33 62 73 98 95
33 47 68 88 80
33 30 27 62 40
33 28 70 98 90
49 9 94 95 94
49 47 44 53 47
49 59 57 86 72
49 78 90 96 93
49 19 65 100 81
49 105 87 88 88
49 89 70 94 88
15 59 10 95 71
59 17 54 56 54
59 88 95 98 98
59 89 82 98 94
16 34 33 71 62
16 94 35 63 37
16 72 18 25 23
34 51 26 78 66
34 61 74 85 79
34 73 11 44 38
34 8 13 91 53
94 47 34 37 34
94 75 24 81 79
17 64 56 70 58
17 50 24 60 46
64 58 53 90 74
64 101 62 83 81
64 105 74 86 76
64 88 82 90 84
64 89 57 99 87
64 21 90 100 91
64 0 51 82 66
64 2 27 83 76
18 52 90 99 98
18 69 71 99 80
18 81 74 89 79
18 3 79 97 82
69 23 20 99 93
69 40 61 99 72
69 43 71 99 80
81 98 95 98 96
81 34 31 40 34
19 20 16 26 26
19 69 65 88 77
19 38 77 92 77
19 55 90 98 93
20 92 19 72 59
20 97 53 60 59
55 29 45 94 93
55 62 89 100 98
55 22 14 22 22
55 67 79 98 82
97 93 47 99 94
41 37 32 68 43
41 30 87 92 91
41 18 31 74 53
29 36 73 80 75
29 57 48 92 60
29 100 66 92 77
29 26 83 92 87
22 2 38 54 54
22 14 30 33 33
22 100 56 60 56
22 77 15 24 21
100 21 52 89 87
100 8 36 81 46
100 53 83 84 83
23 76 25 100 75
23 44 31 67 46
23 103 16 22 19
24 43 85 100 95
24 30 43 84 75
43 74 51 71 56
43 37 51 60 57
43 4 43 70 58
43 57 90 98 93
30 58 75 95 92
26 51 64 77 76
26 38 92 94 92
51 38 56 57 56
51 65 26 71 67
51 20 95 97 95
27 98 93 99 99
27 6 72 82 72
28 79 91 100 95
28 11 55 91 59
36 83 79 81 81
36 54 63 97 64
36 38 67 97 97
58 35 57 88 75
58 69 47 80 73
66 53 93 99 96
32 54 38 73 66
32 64 34 56 43
32 80 82 96 84
54 53 42 95 70
54 59 10 22 14
54 3 10 88 38
54 76 73 95 93
54 1 37 71 69
54 86 48 76 56
54 15 14 70 70
80 71 50 53 52
80 70 24 35 27
80 5 67 92 85
47 35 81 92 85
47 88 49 88 63
48 74 14 44 22
48 27 82 86 84
48 55 90 92 91
48 89 91 92 91
37 26 80 85 80
37 66 52 83 58
37 72 73 80 77
60 78 49 77 52
60 91 72 89 80
39 93 56 95 78
39 21 66 98 76
39 19 90 95 92
39 56 58 76 75
93 94 67 87 68
93 48 95 98 95
56 63 30 76 40
56 82 12 26 13
56 26 45 57 52
40 9 92 94 93
42 67 50 89 74
42 64 20 45 33
42 103 61 83 67
67 25 49 94 79
67 41 26 98 74
74 51 81 99 83
74 97 53 86 53
74 55 72 78 74
90 94 62 82 66
90 42 59 76 74
90 6 50 86 52
90 44 12 85 83
90 73 67 74 69
46 0 85 88 86
46 74 55 97 62
88 67 53 73 61
88 51 40 57 54
88 6 24 41 28
89 78 37 90 90
89 29 42 99 43
89 69 66 70 67
89 102 46 61 56
78 39 71 94 89
78 90 30 40 38
65 12 19 53 38
65 34 46 70 50
65 1 13 61 28
104 1 52 78 72
104 49 30 63 36
63 26 42 72 52
91 45 60 61 61
101 17 54 69 63
101 39 88 98 98
101 58 30 84 54
101 0 30 81 33
101 103 36 38 36
68 40 51 87 78
68 23 63 67 67
68 52 28 99 70
71 52 22 73 67
71 61 80 81 80
71 7 49 67 61
71 60 64 77 71
87 34 80 88 84
87 77 64 88 84
84 70 46 83 67
84 10 12 80 29
84 34 53 62 56
84 38 27 82 78
85 28 90 97 90
85 30 31 49 36
85 78 77 87 77
102 86 78 92 82
102 98 95 100 97
102 54 41 68 51
96 91 20 86 21
96 101 73 88 82
96 90 60 89 61
99 21 46 65 53
99 16 88 98 89
99 35 73 74 74
99 101 45 89 73
99 53 55 65 57
0 105
