71 282
0 70 69 96 76
0 64 49 97 83
0 56 77 89 80
0 5 80 84 84
0 67 14 21 14
0 26 64 77 73
70 11 24 62 35
70 7 94 100 99
70 31 29 57 44
70 34 10 56 15
70 3 95 96 95
70 58 75 91 91
64 12 24 49 39
56 69 30 35 32
56 18 53 100 64
56 54 60 72 67
56 39 27 29 29
56 53 39 55 39
5 61 58 76 74
5 29 93 95 93
5 47 10 77 14
5 33 64 84 72
67 56 33 83 70
67 5 61 68 62
67 7 18 67 43
67 19 77 79 78
26 41 58 61 59
26 58 53 90 77
1 18 62 65 63
1 20 48 67 53
1 12 14 67 29
1 16 76 85 83
18 53 13 88 72
18 52 42 54 47
18 42 59 74 61
20 45 72 87 78
20 65 54 57 55
20 57 77 85 80
20 28 54 66 56
20 32 31 76 32
12 30 71 91 90
12 58 21 79 79
12 66 49 90 55
16 70 84 98 92
16 51 34 99 45
16 69 69 97 87
16 10 29 41 31
16 44 94 96 95
16 14 19 79 45
2 32 42 71 70
2 69 90 92 91
2 35 87 94 90
2 48 74 95 80
2 39 14 41 25
32 49 43 58 43
32 38 12 42 12
32 13 40 90 68
32 1 75 88 85
32 61 27 63 54
32 30 60 71 63
32 5 27 100 40
69 33 31 66 47
69 42 44 75 71
69 55 34 84 53
35 0 39 91 54
35 21 58 59 58
35 36 72 94 90
48 14 86 91 87
48 18 73 97 95
48 31 47 86 56
48 0 57 58 58
48 46 63 86 65
48 42 31 92 66
48 37 66 76 71
39 59 72 92 79
3 6 45 97 63
3 60 54 98 73
3 5 61 86 62
3 52 24 34 24
3 8 45 49 49
6 30 52 57 54
6 9 38 65 55
6 28 45 59 53
60 18 86 100 98
60 54 37 86 68
60 8 68 74 68
60 69 21 75 27
60 45 79 95 88
60 47 46 47 47
60 53 17 41 19
52 56 65 67 65
52 51 84 97 92
52 22 69 86 74
52 28 94 95 95
8 65 11 86 31
8 0 95 99 95
8 21 16 97 50
8 43 22 93 48
8 57 38 64 56
4 8 54 79 77
4 22 69 85 80
4 44 48 78 63
4 36 12 69 56
22 32 62 79 65
22 38 34 53 51
22 48 57 76 69
22 42 29 94 86
44 63 94 97 96
44 22 93 99 97
44 31 23 37 35
36 11 86 90 90
36 8 93 98 98
61 28 48 65 60
61 29 45 68 66
61 4 42 67 64
61 27 56 98 89
61 10 22 56 34
61 44 35 55 38
29 20 79 91 80
29 54 20 52 51
29 52 79 98 89
29 8 77 87 84
29 64 17 52 36
47 6 11 24 17
33 18 42 97 70
33 5 79 100 85
33 26 44 62 54
30 15 60 99 83
30 7 81 91 90
30 60 69 75 69
30 5 33 34 33
30 54 86 92 89
9 29 67 77 75
9 31 44 89 83
9 21 94 98 94
9 14 74 85 79
9 43 18 29 22
9 13 54 75 67
28 33 82 97 89
28 10 37 50 41
7 62 67 71 68
7 40 29 53 40
7 69 26 76 53
7 47 86 88 86
62 21 77 82 81
62 54 42 60 47
62 67 66 72 72
62 24 52 81 58
62 28 50 97 56
62 42 42 95 54
40 64 88 100 94
40 53 86 100 92
40 44 79 88 87
40 35 80 98 82
40 52 23 91 86
40 46 32 77 40
65 54 32 51 42
65 68 38 74 69
21 44 13 70 40
21 40 27 33 27
21 56 43 54 51
43 56 90 91 90
43 4 15 91 48
57 68 28 74 43
57 15 45 72 71
57 33 60 63 60
31 41 22 48 34
31 0 74 88 88
31 24 53 60 54
14 59 84 99 95
13 44 76 80 79
13 62 10 64 63
13 63 50 57 52
10 64 17 87 24
10 0 61 96 89
10 53 45 70 70
10 18 13 55 49
10 41 13 100 85
53 19 81 95 81
53 18 17 100 91
53 39 76 86 84
53 28 52 56 56
41 1 53 65 59
11 39 77 79 79
11 26 14 42 14
11 63 33 57 35
63 28 18 81 25
63 46 73 91 81
58 20 67 90 90
58 50 69 71 71
58 26 40 93 77
66 63 58 69 62
66 32 67 96 70
66 43 58 75 71
66 40 43 100 83
66 20 86 97 95
66 64 61 69 61
59 45 92 97 92
59 34 42 52 43
59 35 15 97 83
15 3 58 61 59
15 41 31 86 70
15 30 13 47 27
15 8 71 92 86
15 48 61 79 79
15 59 51 88 57
15 18 44 75 52
15 11 43 55 45
51 39 50 78 54
17 67 82 84 82
17 28 52 81 52
17 7 76 98 91
42 0 87 97 91
42 24 67 86 77
42 70 34 73 52
42 23 93 94 93
42 51 90 93 93
42 67 87 98 96
19 33 15 72 34
19 26 75 76 76
19 61 35 64 40
19 29 43 50 43
45 65 62 96 68
45 28 87 94 90
38 54 67 79 78
38 12 28 51 48
38 0 93 98 95
38 24 85 87 87
38 69 17 79 57
23 44 65 69 69
23 37 92 99 98
23 46 44 96 78
23 36 41 55 52
23 0 70 77 75
23 35 10 38 30
23 16 69 71 69
23 43 27 43 40
23 51 38 70 45
37 21 84 100 96
37 39 15 95 85
37 17 86 89 89
46 67 35 99 73
46 21 90 97 95
46 43 14 34 18
24 49 39 90 72
24 45 64 89 70
49 66 49 59 49
49 57 59 69 63
49 63 35 68 42
49 20 70 98 82
49 43 28 29 29
49 18 38 59 41
49 67 82 89 88
25 60 68 77 72
25 50 29 97 65
25 21 13 54 17
25 33 29 91 82
25 13 17 79 25
25 48 20 45 43
50 42 16 59 34
50 25 73 93 77
50 5 84 100 98
50 46 49 93 91
27 3 80 96 91
27 59 95 97 95
27 21 29 90 88
27 34 81 87 82
27 5 35 58 58
34 0 66 78 73
34 65 19 72 60
54 40 11 77 14
54 51 60 71 66
55 9 56 88 66
55 1 71 96 73
55 52 68 79 70
55 3 21 75 72
55 61 36 97 64
68 59 69 92 75
68 27 40 88 49
68 17 49 56 51
68 12 22 29 25
68 38 68 84 81
0 70
