1881 3231
0 1093 38 87 53
0 409 67 80 71
1093 728 45 48 48
409 352 38 86 76
1 524 84 98 95
1 1357 87 92 90
524 1803 90 98 98
1357 17 90 95 90
1357 1739 74 92 76
3 1698 85 99 87
3 1630 37 38 38
1698 910 47 75 50
1698 1418 61 65 61
1630 308 40 93 92
4 430 64 92 75
430 289 49 50 50
430 1516 71 82 80
5 805 29 73 29
5 1792 14 62 15
5 1596 23 43 30
805 134 95 99 99
1792 752 11 13 12
1792 1730 70 72 70
1596 937 25 71 42
6 85 18 86 64
85 1851 42 57 51
7 1202 81 88 86
7 1830 40 68 58
1202 1769 15 70 44
1202 934 20 43 43
1202 1480 40 98 89
1830 171 49 88 63
1830 1616 95 97 95
8 642 69 100 71
8 1567 82 92 87
8 1493 71 88 83
642 1542 91 100 95
1567 750 83 91 84
1567 1512 44 83 70
1567 960 64 69 64
1493 888 34 67 61
1493 158 74 85 75
9 846 54 94 64
9 921 82 97 93
9 1494 45 78 73
9 691 37 83 57
846 885 69 72 70
846 1682 46 56 56
846 58 81 95 88
846 659 87 95 95
921 988 89 95 95
921 1167 50 76 59
1494 1275 54 76 65
1494 1624 17 64 19
691 1421 25 96 95
691 66 15 62 47
12 1638 51 93 76
1638 1705 63 72 66
13 33 53 79 78
13 1818 17 18 18
33 1350 61 93 68
33 1579 83 84 84
33 1680 40 59 43
14 466 18 75 63
466 891 70 99 93
15 1215 60 76 63
1215 1367 62 97 94
16 1550 19 98 49
1550 547 59 71 62
17 1479 30 46 45
17 1782 25 79 63
17 297 37 49 38
1479 234 72 98 96
1479 635 50 95 62
1479 1408 67 70 68
1782 10 32 88 40
297 1215 17 59 24
297 1477 45 57 57
297 1334 14 73 70
18 562 37 79 62
18 1532 83 90 85
562 843 57 84 61
562 960 30 99 91
1532 940 35 97 38
19 76 35 63 35
19 261 33 66 47
76 1555 69 84 71
261 750 22 45 24
20 290 71 91 91
290 1122 40 56 40
290 301 44 84 65
290 30 77 93 93
21 1542 19 64 48
21 1169 81 100 100
21 1654 77 97 77
1169 6 53 62 60
1169 114 48 89 84
1654 516 12 27 18
1654 440 55 72 55
1654 1602 88 97 91
22 213 70 85 72
22 818 49 55 53
22 1797 33 43 36
213 304 52 81 55
818 989 28 55 31
818 1261 15 48 38
1797 1554 78 82 78
1797 796 66 84 84
23 1300 80 93 89
23 1086 51 98 69
1300 1715 57 63 57
1086 1734 41 70 57
24 385 50 79 52
24 401 31 49 41
385 1350 62 85 79
385 821 61 75 64
385 1598 79 96 91
385 1175 62 85 71
401 1566 46 73 64
25 40 89 100 100
25 1831 74 86 77
25 133 33 35 35
40 292 25 37 37
40 594 62 69 62
40 167 54 87 80
1831 664 28 93 67
133 642 33 74 53
26 1150 25 75 48
26 1315 24 57 25
27 166 48 53 49
166 731 30 43 36
166 80 32 86 63
28 1795 61 88 85
1795 1002 36 99 46
1795 449 37 69 69
1795 1322 36 51 41
1795 541 11 38 20
1795 1758 14 52 34
29 1314 68 81 75
1314 168 10 48 14
1314 448 91 93 93
30 1838 66 96 88
30 1082 30 37 30
1838 1691 28 45 35
1838 1637 56 97 81
1082 1207 21 69 38
1082 1394 21 66 27
1082 360 76 84 77
31 1055 82 85 82
1055 1487 33 60 60
1055 1036 83 95 84
1055 1448 16 32 22
32 1189 85 98 91
1189 1829 25 97 77
1350 315 38 95 66
1579 1619 27 58 36
1680 661 77 82 80
1680 55 31 90 55
1680 14 25 34 33
36 1794 45 76 75
36 44 52 88 62
1794 1758 18 26 22
1794 337 56 74 73
44 258 84 90 84
37 917 88 91 88
37 1403 56 71 70
917 399 16 28 27
1403 1324 24 99 82
1403 1512 45 69 60
1403 1005 90 91 90
1403 371 65 95 93
1403 1545 17 57 21
38 179 78 84 82
38 1400 73 90 89
38 853 52 70 59
38 1184 10 74 57
179 1397 86 98 94
179 551 16 58 37
1400 678 20 40 36
1400 1510 31 75 31
1400 491 47 96 50
1400 771 43 87 70
853 1782 39 80 67
853 1608 63 94 86
1184 771 66 87 68
39 463 48 57 56
39 497 19 69 26
39 704 55 95 90
463 1443 39 92 43
463 140 55 74 68
497 301 73 84 82
292 100 31 72 67
292 700 54 76 58
594 1804 54 63 58
594 1531 27 62 32
594 509 23 83 41
167 93 54 74 70
167 3 92 96 95
167 1605 14 72 23
41 98 80 94 88
41 1629 88 100 90
41 501 76 88 84
98 1322 25 94 90
98 1406 47 56 50
98 1826 51 93 82
42 1124 87 91 90
42 521 18 36 29
42 77 30 57 37
42 1801 73 83 79
1124 1337 46 88 60
1124 1226 10 68 44
521 1357 53 90 89
1801 1543 57 62 60
1801 1757 13 95 71
258 1743 61 92 83
258 626 92 93 93
258 614 87 93 90
46 1603 59 90 71
46 1146 84 85 85
46 389 48 90 55
46 424 93 99 93
1603 1800 22 43 26
1146 1733 29 78 55
389 991 21 47 47
389 1356 89 94 94
389 0 61 87 83
424 1609 87 95 95
424 426 84 94 85
424 1413 80 88 82
47 248 86 91 89
47 1025 65 86 77
248 1047 44 83 62
48 192 40 99 90
49 736 69 81 76
49 1070 77 81 78
49 770 91 96 91
49 1550 41 54 53
736 204 44 92 85
770 1522 30 97 84
770 126 31 98 59
50 723 77 98 90
50 1011 24 69 54
723 158 89 92 90
1011 420 31 88 83
51 1691 59 100 59
51 64 77 78 77
51 1244 58 74 71
51 1013 43 63 50
1691 1495 27 94 36
1691 1786 17 34 29
64 37 65 73 72
64 666 93 97 95
64 1761 50 81 75
1013 737 17 63 34
1013 1528 76 85 76
52 1654 34 38 36
52 569 27 97 29
569 1848 46 58 57
569 515 67 68 67
53 529 52 93 78
53 724 30 44 43
53 292 39 61 40
529 310 78 84 81
529 1436 94 95 95
529 1616 38 41 40
724 1134 84 98 96
724 513 84 94 86
724 383 14 25 15
724 1393 51 76 60
55 937 79 91 80
56 1268 70 88 79
1268 416 47 48 47
1268 1 67 75 70
57 589 84 97 91
589 523 32 82 58
589 1646 78 98 84
589 488 46 95 65
58 560 84 85 85
60 466 66 74 73
60 1222 74 95 75
1222 1507 66 67 67
1222 1058 49 86 64
61 406 54 76 59
61 1770 46 93 86
406 1444 31 39 31
406 962 89 98 95
406 136 45 56 45
1770 1552 85 91 88
1770 1862 54 83 66
1770 396 32 72 49
1770 239 55 89 57
62 148 62 85 81
148 139 73 77 74
148 66 45 71 54
63 1762 25 31 25
1762 599 49 75 67
666 1231 40 49 40
666 867 40 68 49
1761 1401 88 100 95
65 1833 49 69 67
65 1876 57 72 60
1833 202 76 91 82
1833 1343 88 98 98
1876 783 77 87 81
66 1267 31 37 35
66 1435 95 96 96
66 408 92 98 97
1267 1524 26 66 46
1267 710 64 76 67
1435 1537 85 86 86
408 31 82 97 91
68 1717 65 89 71
68 168 94 95 94
68 1366 93 100 99
1717 730 95 97 95
168 951 78 81 79
1366 1149 30 96 91
1366 1127 43 91 44
1366 1652 23 93 33
1366 84 82 89 84
69 1645 14 99 69
69 406 55 78 71
70 237 86 93 88
237 379 83 99 92
73 1418 72 83 78
73 1584 16 42 20
1418 1034 89 91 89
1584 887 61 92 86
74 1839 45 82 55
74 912 73 85 77
74 1096 66 96 85
1839 219 31 94 66
912 1163 16 25 24
912 260 48 86 62
912 124 88 92 89
912 1425 35 47 47
75 1499 29 62 55
75 342 36 56 53
1499 886 78 89 86
1499 167 76 85 85
1499 1665 37 43 42
342 1698 15 19 15
1555 1344 78 85 85
78 1260 64 71 64
78 388 80 86 82
1260 1259 73 85 73
388 108 32 52 36
79 28 36 49 45
80 1576 40 66 55
1576 1331 20 77 44
81 354 80 84 84
81 436 32 34 32
81 978 19 89 21
81 40 43 89 50
436 1227 52 71 69
436 1017 65 84 83
436 1297 48 60 60
978 369 20 44 42
978 243 16 24 24
978 1186 56 87 74
82 876 35 91 54
82 647 28 35 34
876 1275 30 80 70
647 1291 58 91 86
84 354 13 42 38
84 1478 69 95 82
1478 19 30 90 77
1478 875 93 98 96
1851 781 92 94 94
1851 517 10 98 55
86 611 67 97 94
86 437 37 86 73
86 1320 66 94 76
86 397 15 70 55
611 166 15 78 34
437 1672 36 63 45
437 73 70 84 80
437 1862 82 83 83
397 1707 82 97 97
397 314 35 44 43
397 377 40 81 58
87 1560 11 81 18
1560 1278 70 77 70
1560 964 66 83 76
88 931 32 35 34
88 428 57 61 59
931 660 61 80 66
931 1146 20 89 28
931 1775 21 22 21
428 73 32 96 45
428 1331 36 88 64
428 16 90 92 91
89 703 42 46 43
89 1709 89 97 95
703 781 95 96 95
703 361 38 97 81
1709 1107 25 59 49
1709 1672 28 71 50
90 1495 75 84 77
90 1225 16 50 34
90 1301 60 62 60
90 148 72 93 89
90 1101 80 93 92
1495 1167 27 69 40
1225 1098 91 98 94
1225 185 80 89 81
1301 609 28 70 45
1301 1832 55 61 58
1301 862 79 83 80
1301 1229 22 50 39
1301 1278 50 64 62
1301 962 24 40 39
1101 670 53 64 57
91 918 59 75 75
91 992 37 96 50
91 1703 32 54 42
91 1075 40 72 50
992 112 13 47 32
1703 500 68 96 83
1703 759 37 98 93
92 584 57 79 77
584 21 75 76 75
584 286 62 72 64
93 958 56 88 59
93 1225 49 93 70
93 528 88 97 96
93 474 30 96 48
958 657 12 38 31
528 1826 71 80 79
528 1492 95 99 98
474 432 45 89 47
94 1848 13 44 13
1848 1488 15 39 28
95 1711 32 78 70
95 280 85 93 87
95 573 61 73 71
1711 1122 30 76 50
280 886 86 97 86
280 97 24 34 27
573 1546 73 94 75
573 1137 70 84 75
97 811 46 64 63
811 297 22 61 61
811 540 63 67 67
811 377 17 62 30
1406 732 94 99 94
1826 309 26 30 26
99 1751 48 78 53
1751 1011 79 90 81
1751 687 95 97 97
1751 1608 28 35 32
100 1521 43 66 50
100 230 15 35 23
1521 535 68 70 69
1521 870 64 77 69
230 1102 67 92 83
101 334 17 67 42
101 1500 90 97 93
334 1390 93 94 93
334 584 80 81 81
1500 585 55 79 74
1500 1415 32 44 41
1500 966 44 78 70
103 152 92 98 96
152 684 38 60 43
152 970 72 85 81
152 1406 88 94 89
104 1438 65 98 73
1438 870 15 85 50
105 849 20 85 59
849 1631 37 95 70
849 1406 83 97 87
849 1799 21 91 24
849 1571 77 90 78
108 1343 15 67 47
1343 339 83 89 83
110 777 12 82 49
110 1736 19 75 38
110 66 79 99 80
777 701 52 77 55
1736 365 11 82 44
1736 265 16 24 19
111 590 29 62 47
590 576 56 61 60
590 468 39 50 45
590 832 55 60 58
590 1839 49 78 66
590 440 42 59 44
114 845 95 96 95
845 1537 59 86 70
845 158 78 83 78
845 42 47 88 69
115 157 76 96 86
115 1443 21 38 28
115 557 43 45 43
115 570 21 32 32
115 1266 46 52 48
115 1604 46 83 76
157 1193 13 73 32
1443 1548 76 84 80
1443 111 15 67 52
1443 640 48 52 51
557 1005 73 86 86
1266 1055 92 95 95
1266 641 35 73 55
1604 53 21 31 27
1604 1450 39 53 45
116 1880 34 81 80
116 699 19 71 52
1880 382 30 96 95
1880 650 55 90 68
117 53 57 76 62
117 1649 92 98 96
117 1623 37 72 47
1649 1294 78 80 79
1649 302 59 93 89
1623 1674 28 50 40
118 1492 93 96 93
1492 151 36 47 41
1492 3 85 87 87
1492 1258 44 97 85
120 1763 64 76 64
120 735 68 87 78
120 1547 26 80 59
1763 1464 81 90 86
1763 583 39 95 67
1763 634 66 75 66
1763 481 55 93 57
735 700 30 91 61
735 1191 55 60 59
121 78 56 80 60
122 103 69 93 87
122 1788 30 93 57
122 308 60 83 83
1788 452 26 62 31
1788 191 33 38 33
1788 1101 37 58 58
308 146 54 84 78
308 329 42 61 42
123 1846 19 59 23
123 389 16 78 41
123 119 94 95 95
1846 366 54 83 76
124 1177 50 67 62
124 1162 76 92 85
1177 245 84 99 90
1162 1594 29 36 31
125 1163 72 86 74
1163 256 10 82 68
126 1253 26 75 53
1253 1784 13 100 24
1253 1652 84 97 90
1253 747 92 100 100
127 47 38 41 41
127 1508 21 66 33
1508 1849 23 96 29
1508 1297 57 84 60
1508 1516 78 80 79
1508 817 79 97 86
128 582 81 86 85
128 443 52 54 53
582 1504 54 69 59
582 944 41 92 82
582 424 26 60 47
443 1291 88 95 88
129 201 64 87 85
201 683 48 59 57
130 1033 41 94 55
1033 796 52 87 56
1033 636 76 82 77
1033 1013 17 29 29
132 446 32 93 81
132 1401 91 99 96
132 935 90 95 90
446 1600 13 54 46
446 1524 26 53 44
446 830 93 94 94
1401 765 58 79 60
1401 1506 30 33 32
1401 363 31 81 59
1401 778 64 76 64
935 898 62 98 94
935 81 42 88 42
134 1504 91 93 91
134 1521 26 90 81
1504 1702 48 58 54
1504 1214 46 85 60
135 736 95 99 98
136 1046 59 82 82
137 1761 46 57 48
137 1533 76 95 90
1533 373 51 61 57
1533 897 22 48 38
1533 1704 50 70 53
138 1072 23 74 32
1072 146 12 55 46
139 873 75 81 77
139 158 86 87 87
139 1632 48 84 55
139 811 73 76 73
873 20 53 63 62
873 1466 45 73 69
158 1392 33 53 43
158 1292 17 72 19
1632 595 61 73 61
1632 1521 90 98 92
140 1230 77 90 82
1230 1287 19 26 21
1230 1264 41 100 83
141 903 37 87 50
141 1191 29 78 49
903 963 21 69 45
1191 1502 61 89 67
1191 1342 68 89 76
142 1100 16 70 48
142 636 64 77 67
142 992 48 70 60
1100 1660 28 35 33
1100 231 26 90 29
1100 1724 47 80 51
636 189 77 80 79
144 1578 31 95 92
144 594 35 66 55
144 1795 60 67 62
144 1184 28 34 29
1578 1311 44 81 62
1578 209 58 64 63
147 277 70 97 85
147 977 46 90 53
277 419 73 94 78
277 201 28 71 32
277 484 75 92 76
977 53 93 95 94
977 1158 81 94 86
149 561 33 77 46
561 1646 27 50 45
150 1654 54 73 71
150 143 38 51 48
150 996 95 97 95
996 1072 53 54 53
996 991 57 70 60
996 249 93 96 93
151 1409 81 87 84
151 1250 16 85 44
151 1783 22 32 31
151 1854 91 92 91
1409 77 64 71 67
1409 941 66 85 73
1409 528 91 95 95
1409 1145 11 85 25
1409 904 77 95 83
1250 1635 81 100 82
1250 659 65 81 81
1783 22 23 62 25
1854 1177 40 83 83
1854 1697 44 89 57
684 381 87 96 94
684 269 27 44 39
970 856 70 94 73
153 1600 22 74 71
1600 1473 19 32 24
1600 88 80 93 82
1600 625 21 32 26
1600 298 10 12 12
154 590 78 85 85
155 100 68 92 82
155 193 69 75 70
155 868 33 44 40
868 1243 23 92 84
1392 116 84 97 85
1392 635 94 100 99
1392 1575 32 68 58
1292 150 41 94 45
1292 1091 19 98 26
1292 488 51 64 61
159 167 84 95 85
161 1346 49 85 81
1346 527 76 86 86
1346 1433 44 46 46
162 226 66 79 68
226 1537 87 89 89
226 1801 77 85 78
226 1035 27 73 45
163 621 52 62 59
163 531 91 94 93
163 1789 56 75 56
621 81 70 81 70
621 1373 28 87 56
531 1177 53 86 85
1789 833 23 87 55
164 511 73 83 83
164 590 72 81 78
164 580 10 14 14
164 1228 54 98 98
164 966 73 98 82
580 982 23 52 24
580 466 19 30 28
966 1531 50 72 61
966 729 67 87 67
165 129 21 68 51
165 394 84 86 85
165 607 65 89 71
394 1335 55 76 72
394 1827 32 81 69
731 1394 29 61 36
951 438 27 95 41
951 480 55 56 55
951 1030 56 65 65
169 1542 58 77 68
170 1839 73 81 75
171 242 55 75 56
242 305 56 85 60
242 178 34 60 42
173 1309 16 83 74
1309 848 72 76 72
1309 50 49 99 73
175 1716 88 91 90
175 1069 66 81 81
175 1235 23 45 38
1716 1330 24 88 31
1716 275 92 94 92
1716 1586 33 69 46
1069 1310 41 97 66
1069 1721 14 31 26
1069 365 65 96 93
1069 218 41 96 67
1235 1859 73 81 78
1235 1105 75 95 84
1235 1399 18 31 28
1235 1605 29 79 37
176 1383 89 94 94
176 389 24 97 66
1383 1595 46 53 50
1383 1224 78 84 84
1383 186 57 74 61
178 293 29 31 29
178 1052 77 99 81
293 1393 30 36 33
1052 1825 51 90 82
1052 912 95 98 98
181 1287 36 46 41
1287 177 36 61 52
182 1585 85 93 86
182 626 74 83 78
626 957 10 32 22
626 21 10 77 56
626 801 79 83 82
183 724 26 67 29
184 1103 34 40 40
185 625 14 88 74
625 199 24 93 25
625 500 76 89 82
625 75 89 94 93
186 547 55 59 55
186 1810 42 86 50
547 81 90 96 94
187 568 29 68 61
187 625 30 41 40
568 910 53 90 55
568 626 18 40 37
568 1843 55 65 64
568 241 69 91 75
188 128 30 61 45
188 1670 31 96 78
188 89 51 52 52
188 744 44 86 50
1670 393 82 99 87
1670 948 87 99 95
744 643 49 96 56
744 20 19 27 23
189 470 64 79 68
189 1796 16 29 24
470 151 19 43 25
1796 214 14 89 84
190 1724 51 72 61
1724 768 62 72 71
1724 1580 86 98 90
191 575 69 86 71
575 1608 69 83 75
194 1150 28 35 32
195 729 80 87 86
196 1333 80 93 85
196 897 16 43 42
897 1278 28 68 56
897 866 19 40 34
197 647 41 43 41
197 1225 42 43 43
198 672 52 90 67
198 1711 62 98 64
672 632 24 45 25
200 1161 49 90 72
1161 398 14 25 20
683 1632 28 97 88
203 626 39 64 57
203 1171 35 50 35
1171 834 14 56 51
1171 1327 48 83 81
205 1284 59 74 71
206 707 95 98 97
206 845 18 45 36
707 165 51 64 54
707 1681 26 32 28
207 264 49 92 89
207 842 60 96 89
842 1405 27 37 27
842 567 56 67 62
208 1334 69 92 77
208 1516 45 69 51
1334 1007 54 68 62
1516 499 33 92 48
210 1439 93 97 96
1439 905 43 70 43
1439 457 40 96 78
211 1100 78 99 94
211 1643 69 94 69
1643 1834 49 92 58
212 831 34 38 37
212 349 23 84 52
304 139 20 59 27
304 306 47 68 65
304 1172 27 82 79
214 1632 49 69 54
214 1375 14 31 29
214 1409 36 86 36
1375 1172 44 49 47
1375 931 36 56 43
216 5 53 74 61
216 1556 71 98 90
216 1489 85 92 90
1556 1316 42 70 51
1556 1806 28 61 51
1489 1192 31 61 50
1489 629 61 75 63
1489 1112 49 100 64
217 1100 80 84 84
217 1276 68 94 88
1276 151 65 82 74
1276 715 15 19 16
219 1081 35 65 48
1081 1479 54 84 64
1081 830 48 85 76
220 1234 23 87 81
1234 585 60 71 65
1234 1311 57 91 66
1234 1779 61 83 67
1234 844 67 75 72
1234 333 46 78 75
221 434 27 42 32
221 1822 44 73 65
434 1809 85 91 86
434 145 56 97 75
434 1775 45 93 74
222 315 95 99 95
222 1584 49 99 99
222 1275 35 55 41
1275 1507 76 95 88
1275 951 17 85 41
224 810 79 81 81
224 1590 84 88 86
1590 494 93 97 95
1590 1267 88 92 91
225 1630 45 87 75
225 1331 91 100 96
225 1225 71 83 72
1331 294 89 94 89
1331 1645 21 73 39
1537 779 62 83 76
1537 1028 50 75 52
1035 1053 82 87 82
228 483 66 70 70
228 559 21 36 33
483 1739 41 72 54
483 604 28 98 67
559 1667 61 94 88
559 1026 86 91 91
559 735 57 83 66
559 284 29 33 29
229 1188 22 90 60
229 866 47 90 72
866 1835 88 98 89
1102 1029 70 96 75
1102 1194 69 75 74
231 1852 60 67 60
231 694 15 86 25
231 1700 81 92 90
1852 1414 13 56 48
1852 466 77 98 94
1852 193 80 97 82
694 843 42 67 57
694 750 58 59 59
1700 194 43 44 43
232 394 24 52 35
232 1719 45 93 70
232 1332 72 99 92
232 1420 83 84 83
1719 42 80 91 88
1719 250 66 98 94
1332 1455 52 62 61
1332 1655 38 42 39
1332 27 25 34 30
233 784 79 98 98
233 1206 62 99 89
233 221 42 96 75
784 998 41 46 45
1206 1843 29 80 33
234 565 94 95 94
234 1726 61 90 81
234 701 78 85 81
565 1499 76 79 77
565 1625 66 94 91
565 1490 24 38 33
565 1076 41 47 42
1726 1365 43 59 51
1726 1873 28 97 44
701 36 27 97 65
701 1464 43 66 54
701 867 58 86 65
235 814 36 43 38
235 188 84 87 87
235 782 13 93 47
235 1584 22 32 23
235 1298 55 70 68
814 975 45 67 62
814 328 41 62 51
814 610 45 48 45
814 186 43 51 46
814 977 32 45 41
814 891 74 98 89
782 1830 32 63 49
782 231 10 19 11
1298 1709 67 88 69
236 1227 18 63 38
236 1633 10 49 14
236 1865 14 47 47
236 1311 67 100 82
236 934 37 90 87
236 1582 34 60 56
1227 609 25 65 28
1227 1552 72 73 73
1633 1260 58 76 74
1633 1408 58 85 64
1633 1348 63 99 74
1311 120 89 95 90
934 1397 83 95 90
934 826 43 72 51
934 69 83 93 87
934 1394 78 99 78
379 232 35 47 46
238 1126 49 65 52
238 1311 33 35 33
1126 1218 56 71 60
1126 1525 93 94 93
1126 32 29 60 45
1126 1344 30 96 75
240 1044 87 94 94
1044 1451 37 85 46
305 1663 55 99 78
305 702 70 73 71
305 1197 61 80 75
243 1587 27 55 34
243 1473 33 72 52
243 106 78 85 83
1587 1781 81 96 86
1473 50 62 89 79
244 1756 43 93 61
244 103 27 93 63
244 1469 45 95 86
1756 1202 89 98 94
1756 1481 21 41 27
1756 1276 48 69 66
1756 156 94 96 95
1756 1758 89 90 90
1469 1344 27 58 36
245 1775 84 85 84
245 1057 73 93 91
1775 1574 17 18 17
1057 943 21 33 24
246 948 88 97 95
948 570 93 96 94
948 1148 55 73 73
948 1235 85 93 92
1047 431 58 85 68
249 1136 73 90 83
249 1810 67 95 86
249 572 20 57 32
249 517 39 49 48
249 382 71 100 88
517 1634 90 92 91
517 1158 85 93 93
517 1295 36 81 59
382 944 18 57 34
250 1168 62 81 68
1168 911 57 65 62
1168 216 89 93 93
251 1008 13 20 17
251 983 93 94 94
251 612 80 84 84
251 1368 44 93 84
1008 335 61 96 61
983 467 47 91 75
983 1540 37 59 37
983 744 77 86 85
612 108 93 98 97
612 126 62 76 75
252 1273 68 82 79
1273 1870 86 87 86
1273 1374 68 99 83
253 1554 21 55 45
253 1828 20 77 34
253 174 46 57 49
1828 1653 17 36 28
254 132 48 80 64
254 412 31 57 45
254 661 91 97 92
254 981 81 87 84
981 1654 41 100 57
981 1823 35 60 37
255 153 59 72 72
255 221 18 78 76
255 1355 61 75 62
1355 36 19 20 19
256 794 87 92 92
256 1802 35 38 36
794 424 12 98 35
794 281 71 80 71
257 1604 10 47 39
257 1498 39 75 42
1743 854 13 44 19
1743 232 17 24 17
614 135 89 95 95
259 70 14 45 38
259 361 57 97 62
259 104 67 90 73
361 155 63 91 79
361 475 95 99 97
361 266 71 82 80
260 1582 49 89 82
260 859 45 57 50
260 1484 62 94 83
260 1227 53 86 78
859 827 28 93 39
859 1518 73 85 75
859 931 50 60 52
859 893 80 95 88
1484 1149 59 84 60
1484 1506 52 55 55
1484 958 46 90 60
1484 1168 11 68 13
1484 1731 20 56 36
750 1760 21 44 29
265 884 80 83 82
265 621 26 75 39
884 1366 76 82 78
884 604 62 99 72
884 1632 91 100 94
884 711 27 42 35
884 337 73 76 74
884 127 46 55 54
266 610 84 96 86
266 1715 13 90 22
266 844 67 79 74
266 83 53 55 54
610 1503 68 69 68
610 157 95 96 95
844 1818 24 68 24
844 506 18 65 61
844 1184 42 91 64
268 1841 70 95 78
1841 9 44 57 51
269 1120 45 95 54
269 1762 72 77 76
1120 627 93 95 95
270 689 51 96 91
270 1113 65 78 74
271 800 34 77 53
271 1476 87 93 92
1476 1878 61 66 64
1476 280 43 88 77
1476 321 60 87 86
272 168 45 100 75
273 261 15 32 18
274 1065 57 85 77
274 1729 32 69 52
274 1599 44 98 93
1065 1297 13 83 77
1729 352 51 52 52
1729 897 72 87 86
1729 1389 44 95 70
1599 1468 67 83 74
1599 1454 50 90 65
1599 533 89 91 89
275 830 39 63 60
275 842 91 97 93
276 1449 87 94 94
276 1584 61 70 68
1449 960 45 97 89
1449 1834 20 69 40
1449 1251 87 94 87
484 716 87 94 87
278 826 19 96 87
278 648 38 69 39
826 7 52 96 96
826 1769 83 94 90
648 372 11 87 58
886 105 59 62 60
886 1507 13 50 49
886 1200 56 68 64
886 571 78 96 80
281 799 62 74 74
799 1228 60 62 61
283 651 37 58 43
283 1411 71 81 73
651 1221 66 83 66
1411 928 46 84 60
1411 1705 53 71 67
1411 1066 23 53 34
284 1641 61 67 62
284 292 13 22 16
284 48 40 60 60
1641 1137 61 88 68
1641 1653 65 98 78
287 17 41 51 43
287 1438 30 69 50
287 1776 11 50 22
1776 241 58 77 68
1776 1678 12 86 56
1122 242 48 55 50
1122 226 75 79 78
301 448 58 66 63
291 1552 12 62 28
1552 623 74 96 93
1552 1240 95 97 95
1393 503 88 100 96
294 1685 15 86 56
1685 781 75 91 77
1685 1241 83 84 83
1685 1345 10 37 22
295 747 19 48 43
295 360 44 52 45
747 905 95 100 98
747 229 62 91 77
360 1049 61 90 77
360 1432 78 97 94
360 79 84 90 85
360 149 78 81 79
1477 1512 23 77 72
1477 1237 75 93 80
299 1407 56 98 86
299 1583 81 90 86
1407 79 90 97 97
1583 1878 31 54 47
1583 299 30 42 41
1583 187 38 39 38
300 750 83 95 95
448 525 15 44 29
448 994 39 48 39
302 426 55 100 82
302 192 80 97 81
426 435 79 82 81
306 1603 60 77 74
306 673 93 95 93
1172 714 60 61 60
1172 1302 28 65 38
1172 1690 62 90 70
1663 1159 22 97 82
1663 719 33 66 61
1663 1772 92 99 94
702 343 84 88 87
702 1469 34 90 34
1197 1744 75 92 89
1197 296 21 99 39
673 1213 26 72 34
329 1443 13 32 32
329 1309 21 38 24
329 1033 35 81 35
309 655 56 87 82
655 1109 42 62 49
655 1485 49 69 61
655 463 56 63 61
310 1158 86 87 86
310 1270 59 100 77
310 352 50 58 53
1158 714 36 45 36
1158 662 81 96 88
1158 764 70 99 83
1270 555 68 75 71
1270 678 62 67 63
1270 222 51 59 56
352 1490 51 95 79
352 1080 25 94 38
352 465 17 77 63
312 1452 94 95 95
1452 313 80 85 81
1452 1487 41 59 47
1452 902 47 63 56
313 460 59 83 73
460 1076 36 80 78
460 75 29 31 29
460 1338 88 95 95
314 1400 40 99 63
316 1229 14 19 16
317 333 10 22 16
317 963 23 27 23
317 393 33 87 73
333 1729 94 100 100
963 1133 84 85 84
963 1608 85 90 85
393 500 65 90 88
393 1695 63 67 67
393 454 19 98 42
319 1192 58 76 60
319 1010 38 39 38
1192 940 61 91 63
1192 164 70 83 71
1010 748 41 47 47
320 1614 68 71 69
321 1378 58 95 81
321 1029 14 35 20
321 226 93 94 93
321 171 35 52 50
1378 1462 50 97 82
1378 888 87 96 94
322 1168 38 84 47
323 769 38 82 64
323 2 39 56 55
323 1341 95 99 95
323 284 51 58 51
323 1611 60 91 70
769 1028 20 30 23
769 1403 53 80 71
769 871 77 81 78
1611 717 81 86 81
324 1859 78 94 88
324 444 67 72 72
1859 1304 43 50 50
1859 717 12 74 36
326 1114 57 87 77
1114 1655 37 83 73
1114 1407 35 51 43
327 188 90 93 92
327 924 23 58 54
924 1283 17 56 53
924 831 50 95 61
924 1432 55 97 90
924 1632 59 84 77
328 107 40 57 53
328 1781 35 50 45
1781 840 51 85 51
1781 1775 26 68 29
331 1406 89 94 92
331 1425 61 86 65
331 1842 88 93 90
1425 1873 23 48 28
332 825 61 89 81
332 1356 60 93 68
825 1600 88 97 95
825 452 19 85 56
1356 302 17 70 29
1356 882 90 97 97
335 1462 62 78 64
335 859 49 53 50
335 149 56 91 91
1462 1618 95 98 96
1462 105 33 62 59
1462 1699 27 69 52
1462 261 73 79 78
1462 1753 75 76 75
336 599 53 64 62
337 520 76 77 76
520 1581 50 63 62
520 670 44 48 48
520 1478 32 68 46
520 613 13 71 66
338 289 12 64 53
339 165 78 87 79
340 274 49 74 64
341 828 73 87 83
341 480 27 64 43
828 656 89 92 90
343 1317 10 75 54
343 556 62 67 64
1317 658 59 76 62
1317 1719 68 98 84
1317 153 50 61 52
556 587 90 98 92
556 67 48 89 57
344 1457 60 75 75
344 1510 54 64 58
1457 766 31 59 49
1457 1745 36 48 45
1457 11 18 48 42
1457 1734 94 97 97
345 338 91 92 92
345 720 29 93 36
345 1056 10 40 30
345 1372 33 90 46
345 1312 54 89 68
345 636 34 50 46
720 693 40 67 62
720 795 80 87 83
720 157 31 39 34
1056 680 28 78 51
1056 1588 88 94 89
1372 687 70 85 74
1372 600 63 65 65
1312 569 49 95 49
1312 390 14 36 34
1312 1687 25 59 29
346 517 88 91 91
347 1169 69 99 85
348 196 10 90 36
350 1224 89 96 92
350 880 17 67 47
350 70 82 97 86
1490 881 63 81 73
465 631 78 95 87
353 991 13 41 38
353 1632 50 66 56
991 983 20 51 44
991 1029 93 94 93
991 323 73 79 78
991 114 45 52 51
355 1780 39 55 40
1780 1137 79 97 82
356 760 19 62 43
356 1578 43 63 53
356 1588 70 85 75
356 1751 78 89 88
760 94 11 22 17
760 821 16 17 17
760 863 86 93 88
760 204 17 23 17
760 176 42 94 67
1588 1195 53 73 61
1588 1252 23 64 58
357 1248 43 73 46
1248 502 63 68 68
358 367 56 90 73
358 1763 41 47 45
367 502 67 68 68
367 1864 40 82 64
367 1544 32 35 33
367 133 20 48 25
367 641 59 70 68
1049 931 41 53 52
1049 1373 59 86 71
1049 733 91 98 97
1432 1679 47 90 67
1432 134 16 31 25
1432 1643 37 73 49
362 1211 12 53 31
362 240 83 89 83
362 1482 66 82 70
1211 1473 33 93 51
1211 636 19 35 20
363 565 85 86 86
365 1819 49 60 51
365 1798 94 95 94
1819 1599 26 35 28
1819 526 50 56 51
1798 1519 51 92 81
1798 1511 93 96 94
366 450 28 83 30
450 1122 69 77 76
450 1705 14 21 15
502 221 24 87 57
502 1825 52 98 81
1864 1819 63 91 83
1544 637 63 78 69
1544 1785 23 49 48
641 1225 60 85 85
641 59 21 85 81
641 1145 68 88 72
641 1427 64 77 67
368 33 78 100 83
368 756 39 65 60
756 218 80 99 87
756 1634 66 99 83
369 880 49 87 63
369 691 46 79 79
369 1080 35 63 51
370 771 38 69 58
370 212 91 98 93
371 1137 13 21 20
371 1697 46 85 55
371 510 18 98 58
1137 1118 19 59 37
1137 1564 76 77 76
1697 281 58 63 60
510 1654 19 64 26
372 385 89 95 93
373 916 12 55 25
373 875 79 84 80
916 871 49 79 67
916 1693 65 76 74
875 749 10 44 23
875 589 57 60 59
374 1030 19 83 70
374 535 29 44 36
1030 301 74 95 80
535 811 23 70 26
535 144 57 60 59
535 1403 77 89 87
535 1418 14 79 18
535 752 70 85 78
375 1471 33 83 59
375 1651 20 54 50
1471 752 64 70 68
1651 808 12 64 46
1651 1156 57 60 59
1651 100 79 81 80
376 777 61 73 64
378 41 43 48 48
378 59 60 90 87
380 1764 34 72 53
381 318 85 95 87
944 1424 91 97 94
944 231 22 39 23
944 1512 31 96 75
384 249 30 41 41
384 498 79 85 82
384 526 91 96 93
498 1605 35 80 40
498 1763 89 90 90
526 382 71 78 77
821 1316 23 33 32
821 232 31 45 34
821 1036 42 90 42
1598 567 43 87 52
1598 1562 78 79 79
1175 16 63 94 68
386 254 92 99 95
386 1438 36 65 40
386 898 80 90 83
898 1148 46 54 53
898 697 89 95 91
898 34 35 48 36
898 1665 49 88 63
387 293 32 72 69
387 990 16 55 43
391 237 42 57 48
391 538 50 85 73
538 529 65 78 75
392 145 49 85 80
392 218 65 66 66
500 167 73 79 79
500 1104 56 98 71
1695 445 57 59 57
1695 883 29 85 83
454 1159 42 64 42
454 1731 92 99 98
454 1319 27 87 64
1335 265 77 97 83
1827 331 91 94 94
1827 333 23 50 48
395 1206 59 69 63
395 1642 32 67 45
395 699 77 98 79
395 1331 88 95 93
395 1177 93 94 94
1642 320 89 94 94
1642 1699 38 59 53
1642 1623 19 90 62
396 1125 43 66 62
396 34 58 82 68
1125 1232 54 74 74
1707 175 34 83 71
1707 1006 83 89 85
398 1083 66 77 69
398 1733 65 87 84
398 360 92 96 92
1083 1025 59 63 63
1083 1199 17 22 18
1733 961 40 88 73
1733 423 68 76 70
399 1032 58 69 58
1032 745 35 63 55
1032 727 95 100 99
400 1835 31 95 79
1835 565 90 92 92
1835 1238 74 87 77
1566 1696 86 95 87
1566 1861 63 73 72
1566 1035 89 98 98
402 1870 72 86 82
402 179 91 93 93
1870 1020 50 100 91
403 392 57 68 59
403 544 72 98 86
544 1719 23 93 70
544 525 52 61 53
544 128 79 100 97
404 695 15 49 49
404 1148 52 77 77
404 1381 85 87 86
1148 687 66 73 67
1381 951 65 68 66
1381 1069 92 94 92
405 93 90 91 91
405 672 57 67 58
1444 1746 13 93 59
407 1038 13 87 74
407 1712 72 83 77
1038 1599 66 73 70
410 741 95 97 97
410 1359 76 86 79
410 1279 78 100 84
741 204 64 92 64
1359 1661 80 89 83
1359 675 55 60 59
1359 590 63 94 74
1359 1453 78 95 83
1279 1493 57 74 58
1279 233 40 49 47
1279 845 23 74 29
1279 751 62 79 65
411 355 40 92 81
411 435 16 44 42
435 397 73 80 80
435 1766 70 95 79
413 785 33 50 50
785 82 46 86 48
414 613 54 59 59
414 499 11 18 18
613 1326 91 97 91
499 750 69 79 73
416 1568 81 97 95
416 1261 48 74 74
1568 182 95 98 98
1568 879 39 87 63
1261 1007 70 76 73
1261 1160 80 100 90
1261 1632 90 100 96
420 836 11 38 37
836 430 18 57 43
836 1397 65 85 75
421 97 38 76 76
422 1518 50 76 60
422 68 85 95 94
1609 1427 95 99 96
1413 1830 89 90 90
1413 1064 76 90 81
1413 1186 86 96 94
425 1111 42 60 45
425 690 81 88 88
1111 1723 35 38 36
1111 735 69 93 93
1111 1087 22 23 22
1111 1390 53 92 63
1111 524 27 100 55
1111 664 47 50 50
690 204 88 90 88
690 371 30 35 31
427 930 71 77 73
427 1166 19 69 33
930 1646 38 42 40
1166 295 56 60 60
432 590 43 64 46
432 771 17 45 22
432 1421 36 80 47
432 752 87 92 92
433 1425 42 94 48
433 561 57 76 64
433 353 44 56 45
1766 1108 72 79 72
1297 1243 27 49 34
438 626 59 100 69
438 552 76 87 80
438 1317 51 93 63
552 1098 32 34 34
552 1299 59 69 64
440 1782 23 92 81
441 807 31 91 54
807 1126 87 88 87
442 1731 86 100 100
442 1634 77 99 81
1634 1796 77 91 87
1634 1580 50 90 86
445 206 83 100 83
445 1861 56 81 64
1524 1009 56 91 78
1524 492 95 98 98
447 4 76 93 82
447 465 65 76 76
447 129 68 80 76
525 1739 35 89 84
525 1419 55 67 56
994 1319 45 66 65
449 1636 49 69 65
449 752 84 93 91
1636 989 69 75 73
1705 426 47 97 64
451 1496 30 65 53
1496 1044 12 58 41
1496 1597 26 64 47
1496 757 59 65 61
453 1853 79 83 82
1853 1136 33 43 34
1853 429 90 95 92
1853 888 35 53 53
1853 783 67 71 69
1159 792 73 88 83
1159 1291 40 94 58
1159 1107 37 82 82
455 663 59 99 71
455 387 87 91 88
457 1658 68 76 69
457 1153 74 77 76
1658 1847 50 58 58
459 431 17 69 42
459 1323 56 78 76
459 492 91 94 94
1323 1397 84 93 86
1323 326 88 93 89
1323 1114 53 65 57
1076 561 59 66 65
1076 1605 26 85 64
1076 1031 62 99 68
1076 514 22 60 35
1338 162 38 55 42
461 1050 26 53 43
1050 1299 16 100 71
1050 1706 17 62 59
1050 704 92 99 97
462 139 36 65 37
464 974 57 61 58
464 1240 52 81 70
464 1110 11 35 16
1240 657 22 59 32
1110 1463 79 89 88
1110 1170 49 67 60
1110 211 91 100 100
1110 645 51 76 69
1110 1873 32 53 52
1110 420 67 71 71
631 605 76 94 87
631 114 59 90 76
631 683 82 99 96
891 208 39 68 44
891 353 60 74 69
467 1419 64 74 74
467 94 64 71 68
467 483 79 99 96
467 188 74 75 74
1419 864 40 49 46
1419 606 55 96 58
1419 498 39 63 49
468 924 23 61 42
468 1018 87 99 95
1018 1551 83 98 88
1018 1029 49 60 50
469 1434 28 92 57
1434 544 64 100 93
471 1530 53 56 54
471 1233 95 100 96
1233 600 22 52 35
472 1143 23 91 78
1143 304 47 65 49
1143 1750 16 69 43
1143 934 22 56 28
473 741 45 76 69
477 694 35 71 67
477 616 68 100 92
477 1141 54 98 82
477 1466 36 51 50
477 191 55 78 69
616 741 82 84 83
616 612 53 72 68
1466 821 28 60 51
478 1352 86 88 88
478 46 79 92 92
1352 723 62 84 70
1352 183 63 97 65
1352 906 17 58 45
1352 1394 83 84 84
1352 781 47 54 54
479 1279 64 76 65
479 223 78 94 88
479 1590 27 76 60
481 36 36 72 36
481 1400 84 97 86
482 361 83 91 89
1739 1544 46 78 59
604 1758 69 85 80
604 58 91 92 92
485 1370 49 99 77
485 1008 94 96 94
1370 59 69 89 73
1370 1243 70 97 76
486 8 23 28 23
486 499 40 96 84
487 1847 88 96 88
487 291 57 72 61
487 1145 12 72 65
1847 788 75 99 78
1847 1513 20 21 20
1847 101 79 100 86
488 1543 62 67 65
1543 1855 20 66 20
1543 1527 57 99 97
489 550 18 38 23
489 509 78 83 82
550 912 35 82 72
509 1530 13 62 29
490 313 22 66 22
493 1386 77 93 88
493 634 95 98 95
1386 1707 27 86 76
1386 1238 14 66 43
1386 1369 69 74 71
634 1154 55 100 77
634 818 81 90 85
494 818 77 100 100
494 1181 43 61 53
1181 858 32 66 48
1181 752 47 61 57
496 28 10 72 36
496 442 48 70 53
1104 89 79 85 79
1825 1079 53 61 61
1825 323 11 79 67
1825 1022 90 98 98
1825 522 43 50 47
1825 1792 28 61 59
1825 449 37 68 65
503 1857 67 90 76
503 1636 72 100 85
503 1009 64 99 96
1009 780 63 65 63
1009 104 60 92 62
1009 1775 95 96 95
504 1074 27 51 38
504 1190 77 96 78
504 1838 41 64 64
504 1558 71 96 92
1074 1228 70 75 75
1074 1112 78 81 79
1190 128 12 23 17
1558 1729 14 32 27
1558 97 65 88 88
505 1520 79 100 98
1520 1494 76 95 90
1520 178 28 80 54
1520 1041 57 90 66
506 1476 31 35 31
506 282 61 94 76
506 1557 14 56 47
507 1832 87 89 87
507 1243 13 66 41
1832 1058 45 54 49
1243 791 50 81 81
508 1526 57 81 69
508 571 41 66 45
1526 317 71 85 82
571 380 53 59 53
571 683 12 49 29
512 1378 19 39 23
512 84 20 92 52
513 561 60 73 69
514 1094 30 68 59
514 911 21 36 32
1094 1044 13 44 21
1094 706 74 94 78
911 49 47 91 54
515 1750 60 68 66
515 1364 52 98 94
515 166 94 97 94
1750 796 50 90 53
1750 1514 76 95 79
1364 1287 17 41 36
1364 780 18 61 40
516 400 53 86 76
518 1810 95 97 96
519 1266 66 68 67
519 621 12 36 30
519 1526 59 83 67
1581 627 25 46 44
670 954 55 64 63
522 986 86 95 90
522 197 17 81 68
522 1058 32 50 47
522 1204 45 65 50
986 642 39 86 49
1058 1394 29 97 74
1058 1763 44 50 48
1058 1073 50 72 58
1204 1140 73 79 78
523 1636 30 91 71
523 1212 93 94 93
523 1491 93 97 93
523 926 83 89 86
1212 894 27 40 40
1491 1328 29 55 52
1491 15 94 95 95
1491 1046 76 80 78
926 227 82 100 91
926 158 64 71 64
926 196 12 14 12
1803 1438 36 43 41
1803 737 11 41 35
527 695 46 57 54
527 1837 60 80 65
527 1295 83 94 85
1837 1529 54 98 67
1436 1621 50 100 74
530 856 23 38 23
530 706 75 99 87
856 303 79 98 91
706 651 90 91 90
706 1448 95 100 100
706 939 24 71 60
532 1068 32 86 65
532 841 79 99 93
532 709 24 81 76
532 946 30 47 39
1068 7 38 54 46
1068 476 26 77 49
1068 1510 88 96 93
841 135 91 99 93
841 1294 11 50 13
709 232 23 30 23
709 91 67 72 68
709 900 46 63 48
946 1635 44 65 56
946 514 40 61 51
533 271 26 62 59
534 652 79 87 84
652 1649 85 90 86
652 1658 85 98 98
652 154 21 73 73
652 323 39 81 52
536 1370 32 86 72
536 529 84 91 91
536 620 90 93 91
620 0 94 100 95
537 898 12 53 14
537 1185 17 65 25
1185 323 59 87 84
539 156 49 76 56
540 528 73 75 73
540 1568 62 98 90
540 881 70 96 82
540 286 21 91 29
881 1452 65 84 65
881 390 58 60 59
881 1761 84 90 90
881 1361 41 43 41
541 508 84 97 97
541 1211 87 94 91
541 1735 95 96 96
541 284 18 53 30
1735 892 52 100 55
1735 842 27 35 32
542 1514 73 87 74
543 114 16 80 47
543 1804 92 96 96
1804 1456 37 69 57
1804 1657 81 92 92
545 1023 19 54 32
1023 251 87 98 92
1098 551 31 35 33
1299 1411 71 77 73
1299 101 95 97 97
1299 657 69 76 75
553 613 75 91 79
554 20 75 80 75
554 703 30 86 84
554 510 15 37 31
555 725 23 73 56
555 523 63 86 80
725 1032 29 84 54
587 1089 18 86 55
1005 395 32 46 33
1005 168 80 83 80
1667 1341 48 64 55
1667 2 60 73 61
1667 564 38 60 43
1026 260 87 96 95
1026 1045 54 93 61
1646 435 19 97 90
1646 952 26 82 64
1646 683 45 72 49
843 1196 16 90 68
960 848 55 60 58
563 413 35 79 62
563 72 79 96 86
563 1486 62 87 87
1486 1242 13 18 18
1486 464 26 57 55
1486 1210 27 28 28
1486 1567 65 100 96
564 483 60 76 76
564 1011 63 72 70
564 401 58 61 58
564 338 74 100 98
566 606 44 89 52
567 944 34 100 85
910 753 18 62 19
910 1131 16 69 22
910 683 85 97 87
910 339 58 78 64
910 176 60 65 63
1843 935 35 90 40
1843 786 93 100 94
1843 356 41 67 61
1546 1839 28 71 66
574 1408 13 60 32
574 576 53 61 54
1408 1366 92 93 93
1408 1378 52 88 60
1408 1211 79 82 81
1408 1513 44 58 55
576 912 71 79 72
576 1139 43 53 47
576 687 94 99 97
1608 988 75 76 76
1608 1292 72 86 77
1608 683 21 23 22
1139 1140 46 96 81
687 1254 18 70 33
687 233 37 100 65
577 170 82 83 82
578 637 83 96 95
637 277 25 48 45
637 861 88 97 96
579 1372 78 91 79
579 1476 92 100 94
982 1424 60 85 82
581 829 89 91 90
829 447 57 76 61
585 987 54 58 55
987 1823 28 84 36
987 1076 62 66 66
987 559 46 70 60
987 1107 65 88 74
586 1150 75 78 77
586 903 60 88 88
586 1521 46 80 59
586 1138 63 79 65
1138 553 63 70 65
1138 180 34 79 66
1089 881 82 92 88
1089 274 81 98 90
1089 1482 87 98 90
588 800 73 78 78
588 17 32 98 56
832 1030 19 62 40
832 275 33 92 36
591 1602 85 88 85
592 36 22 93 73
592 551 15 90 23
593 233 78 81 81
593 1694 42 45 45
593 538 51 80 57
1694 524 33 99 75
595 1370 76 89 86
595 1477 62 63 63
596 1726 15 32 21
597 1126 63 87 77
597 1666 34 62 47
598 465 45 52 52
600 753 14 92 87
600 1077 73 82 73
600 1604 28 51 44
753 257 52 73 69
753 1461 67 77 68
753 128 41 69 64
1077 607 46 48 48
1077 180 11 57 39
1077 1423 24 42 35
601 388 36 85 61
601 995 78 85 84
601 591 39 63 48
601 190 62 88 88
995 1703 90 98 93
995 310 74 83 77
602 1729 67 75 75
602 182 28 98 98
602 1026 81 86 85
603 1849 51 91 90
603 1386 26 50 40
1849 542 55 80 67
1758 1428 83 100 92
1758 107 91 96 93
1758 1093 91 98 94
1758 1044 62 79 73
605 370 18 69 53
608 244 94 98 95
608 1740 33 92 47
608 47 82 85 85
609 604 54 78 76
609 1510 46 48 46
609 1258 78 83 82
609 105 51 52 51
1258 65 47 85 54
1503 620 93 97 94
1503 1189 31 46 36
1503 1818 70 98 84
1503 215 27 89 73
1503 846 75 97 82
1326 215 84 90 89
615 671 28 43 32
671 1422 32 34 33
617 1636 20 96 31
618 1086 18 96 76
618 1595 94 100 99
1595 910 58 75 68
1595 1513 42 75 55
1595 1578 85 100 98
622 1014 18 36 32
622 1670 37 97 90
1014 59 62 88 65
1014 1774 45 95 72
623 1437 70 84 84
1437 344 81 94 91
1437 1735 44 96 77
1437 1527 36 74 54
624 1478 56 76 58
624 1490 64 92 87
957 1759 92 95 92
957 729 26 46 44
957 355 27 80 47
801 366 27 48 29
628 1281 80 98 98
628 448 84 85 85
629 370 21 33 21
629 1706 67 68 68
1706 476 62 98 76
1706 1787 80 95 82
630 237 54 84 72
630 1734 72 78 76
630 481 21 48 22
630 1237 72 78 75
630 1583 54 64 62
1734 769 53 97 78
1237 750 35 96 37
1237 766 15 68 63
632 704 75 84 75
632 1339 64 76 66
632 1730 89 94 90
632 1682 62 87 80
1339 1451 17 61 40
1682 1385 47 97 87
1682 963 69 76 72
633 1532 92 99 95
633 942 26 82 45
633 1185 61 94 74
633 986 73 89 76
633 336 75 87 75
942 1350 35 63 35
1154 776 70 76 75
635 648 44 78 48
861 645 51 99 81
638 411 47 80 47
638 1801 52 80 69
638 1139 61 93 86
638 1094 75 96 86
639 1151 65 76 67
639 1576 62 91 63
639 1470 58 79 62
639 981 47 70 53
1151 1145 62 92 65
1470 1043 21 47 26
1470 749 86 87 86
1427 1033 84 85 85
1427 871 55 100 63
1427 567 53 97 79
1427 1630 95 99 95
1427 1263 88 94 94
1427 663 24 51 33
1427 1570 60 63 61
643 1737 11 24 15
1737 1687 70 75 70
1737 1749 33 38 33
644 1390 46 92 80
644 186 37 43 37
644 1823 93 97 94
1823 1770 39 48 43
1823 97 84 98 84
1823 124 30 58 49
645 171 74 79 74
645 179 49 67 51
645 144 76 83 82
645 773 76 83 82
773 271 33 83 41
646 1596 65 91 76
649 1768 31 47 40
1768 1433 40 54 49
1768 539 89 100 90
1768 1362 40 79 63
1768 1239 66 97 77
1768 1077 11 40 38
1221 860 33 93 51
653 599 14 82 78
654 1191 66 75 72
654 1589 26 50 49
654 714 79 96 93
1589 919 30 71 55
1589 1327 41 89 65
1589 98 14 83 44
714 873 26 91 31
714 1339 47 61 56
714 1253 52 96 55
1109 1273 62 82 77
1109 10 16 71 48
1109 722 52 92 55
1109 1309 29 30 29
1485 303 43 64 58
1485 1577 95 99 97
656 1004 73 89 84
656 737 33 76 64
656 110 28 72 51
1004 1548 10 90 37
1004 1262 69 83 71
1004 1742 49 57 50
1004 3 59 76 59
1004 1660 68 91 86
737 1179 88 92 91
737 1103 15 59 49
657 509 40 65 48
657 1795 52 81 68
657 1820 13 85 67
1820 200 93 94 93
658 535 18 79 60
658 795 21 65 52
658 1482 10 71 42
795 841 62 83 73
795 928 74 88 75
659 1419 51 69 54
660 280 61 69 68
662 1484 62 70 67
664 818 57 65 58
665 1685 90 97 94
1231 1639 51 91 82
1231 1515 63 87 67
867 1411 68 98 75
867 405 82 86 84
867 179 58 60 59
867 891 63 68 68
667 335 18 74 72
667 263 25 36 29
668 648 28 74 62
668 1416 54 71 58
668 97 13 94 21
1416 1053 24 56 35
1416 1570 31 82 43
1416 1026 88 97 88
954 117 31 32 31
954 108 75 88 88
1422 968 43 96 64
674 4 52 85 84
675 477 82 85 82
675 868 91 99 97
677 656 38 90 80
678 1144 87 90 89
1144 1060 32 79 42
679 88 19 57 37
681 646 73 93 82
682 1275 57 89 83
685 1312 81 91 85
685 19 74 80 80
686 938 69 78 71
686 1319 31 69 57
1254 216 69 95 95
1254 1433 37 61 37
688 1407 56 72 60
688 20 95 99 99
688 347 83 92 89
688 198 79 81 81
692 436 14 22 22
692 423 15 23 18
692 134 53 70 57
692 1765 23 68 50
1765 169 13 41 15
693 673 65 77 77
696 1027 88 89 89
696 332 10 96 78
1027 955 66 67 67
1027 1128 31 56 55
1464 718 92 100 96
1464 1162 77 90 90
1464 1848 35 43 42
781 817 11 41 25
705 58 45 64 46
705 804 68 86 79
804 1064 51 78 54
1448 1592 86 97 91
939 237 39 70 56
939 1281 70 71 71
1681 1279 47 95 69
1681 1690 39 68 39
1681 687 58 98 78
1681 1166 56 57 56
708 837 73 90 85
708 1512 11 37 32
837 1019 67 80 69
837 502 14 62 56
837 613 76 91 85
837 664 40 83 66
1512 1375 89 99 96
1512 93 92 94 93
900 1823 21 37 31
710 497 51 95 76
711 306 63 100 97
712 1179 42 84 76
1179 1570 78 99 80
1179 1142 95 98 96
713 1458 72 97 76
713 1080 35 94 56
713 1051 89 93 89
1458 633 38 79 39
1458 271 35 90 65
717 581 21 24 23
718 730 27 97 63
718 1607 44 80 52
718 555 69 100 99
718 473 91 93 93
1607 1069 37 47 39
1607 1035 72 80 72
1607 1699 84 100 88
721 803 71 86 71
721 51 13 68 55
803 765 70 73 71
722 1403 74 84 81
722 1120 73 82 77
722 656 44 92 88
1134 220 38 93 93
1134 1071 70 72 70
1134 317 76 88 80
1134 447 46 76 58
726 315 69 91 88
726 494 72 99 74
726 1867 26 95 91
726 1551 81 99 89
1867 226 79 100 92
1867 1149 72 88 86
1551 1302 56 84 57
1551 1418 34 59 56
1551 1373 32 41 36
1551 1671 37 82 45
727 1650 21 58 26
728 110 41 83 66
728 1837 67 96 95
728 441 64 72 67
1394 1320 28 65 65
733 1610 29 91 81
733 965 88 94 93
1610 1848 56 58 56
1610 620 40 87 60
965 522 40 44 41
734 1731 42 100 99
734 36 11 69 25
739 1274 94 95 95
739 997 13 40 24
1274 1498 61 97 85
997 1628 52 80 75
740 1589 62 90 81
740 1401 47 82 47
740 1477 18 84 83
743 1186 61 83 65
743 834 21 41 24
834 1525 22 64 24
834 831 82 99 84
834 876 14 71 71
834 192 52 95 79
834 1174 63 78 75
834 1757 48 59 48
745 201 79 93 87
745 1818 60 62 62
746 1724 11 49 30
746 227 36 40 40
905 819 51 53 51
748 1117 57 90 79
748 261 23 47 36
1117 428 82 84 82
1117 806 31 45 33
751 1112 75 86 77
754 611 10 63 51
755 1773 30 89 85
1773 1038 92 94 92
757 1576 58 97 75
757 751 13 57 31
758 1331 62 67 64
758 1286 91 99 96
758 1068 80 81 80
1286 1044 11 62 40
1286 1216 56 57 57
759 1068 71 88 72
863 85 19 39 20
761 236 41 53 48
763 1229 55 95 80
763 1113 93 99 99
764 1827 61 100 99
765 1635 35 96 73
1635 1078 48 77 52
1635 1232 56 90 61
766 1870 75 86 81
766 606 77 80 80
766 837 91 94 94
766 688 87 90 87
768 1871 14 92 59
1871 1076 74 79 79
1028 1066 54 55 54
1522 984 13 73 24
772 296 55 86 65
772 242 32 41 35
772 589 47 62 50
772 612 84 96 86
774 334 15 98 19
774 895 88 94 93
895 146 14 72 71
895 1632 37 45 38
775 1417 30 36 30
1417 1401 29 42 38
1417 1415 72 83 76
1417 200 95 96 95
776 1587 27 72 51
776 413 44 82 52
776 1212 17 73 33
778 1126 54 64 54
779 169 21 63 36
779 1670 53 64 63
779 644 39 74 54
780 1465 57 77 66
780 1764 51 96 93
1465 298 71 82 76
1465 1442 71 99 96
817 589 39 82 74
817 1732 83 91 88
817 384 43 65 53
783 1878 28 92 30
998 172 19 84 79
786 470 82 89 88
786 129 20 58 35
786 1877 10 49 13
1877 1641 69 96 90
1877 747 35 54 38
787 1240 80 92 89
788 1360 54 74 58
788 1602 45 98 45
788 1832 67 84 78
1360 1576 68 97 70
789 1000 90 99 91
1000 614 17 81 50
1000 687 46 73 67
1000 617 57 63 61
792 1008 28 40 36
792 1014 67 82 67
792 242 53 98 88
793 198 53 71 66
793 1120 65 79 67
928 1267 68 77 71
796 1452 85 93 93
796 600 66 70 66
796 1438 75 92 92
796 42 34 56 53
796 1049 15 23 22
797 964 52 54 52
964 825 61 87 63
964 327 52 65 58
798 973 90 99 99
798 366 44 56 45
973 716 65 95 83
802 1033 63 89 86
1064 1351 43 52 50
806 1610 16 69 65
808 1254 64 96 91
809 566 60 94 61
813 864 32 55 40
864 941 15 87 15
864 466 38 41 38
864 202 54 79 55
975 1457 42 87 55
975 1312 87 99 88
816 482 95 99 95
816 1495 29 31 29
816 1096 29 65 42
1732 1120 32 36 32
1732 1713 60 90 80
1732 1238 68 81 78
989 176 56 89 74
989 1769 37 44 40
989 1087 27 39 29
989 1798 73 86 85
819 1376 19 33 28
819 74 22 65 59
1376 1106 87 88 87
1376 1188 74 98 94
1316 839 41 71 47
822 1006 60 62 61
822 1145 55 78 61
1006 1370 50 60 53
823 1734 62 76 72
823 533 44 57 56
823 972 40 88 82
972 1301 50 82 67
972 1527 10 11 11
1769 1574 95 96 96
1769 988 72 94 72
1769 1352 69 99 94
833 679 57 84 81
833 996 84 94 94
833 402 53 87 73
1525 1681 34 38 34
1525 548 43 51 49
1174 244 95 98 98
1174 1566 62 85 69
1174 1805 95 98 95
1757 905 11 73 24
1757 1107 61 88 87
835 1586 69 83 82
835 610 60 88 87
1586 1137 18 73 56
838 283 94 96 96
839 1041 87 89 87
839 1006 52 62 59
839 7 46 89 57
839 1411 52 92 80
1041 1419 61 75 63
1041 1080 89 99 94
1041 1037 42 75 54
1041 1328 14 94 51
840 1779 45 58 47
1779 1345 15 59 35
1779 373 10 46 21
1294 1438 35 50 39
885 345 75 89 84
848 1480 20 82 31
848 1879 70 97 78
1480 530 42 48 48
1879 422 38 97 60
1631 1352 16 60 47
1631 1080 39 71 52
1631 127 91 98 92
1799 185 43 52 51
851 196 55 70 67
852 1397 48 75 61
852 388 86 96 92
854 925 17 22 19
854 328 23 67 46
854 1667 75 88 87
925 1114 94 99 98
925 1607 71 80 79
855 458 11 45 23
855 45 61 75 67
857 849 66 100 73
858 975 60 87 60
893 617 11 42 31
893 385 67 90 78
893 1320 78 100 100
893 794 56 75 66
941 828 41 84 70
941 1717 94 96 94
865 1845 44 45 44
865 368 93 94 94
1845 674 39 79 51
869 1425 87 98 94
870 233 28 50 37
872 1523 79 81 80
872 491 62 97 96
872 1406 46 79 77
872 284 92 99 97
1523 53 75 94 88
1523 725 88 97 94
1523 820 64 100 83
1523 1857 11 77 70
1523 1826 23 66 46
874 1546 56 96 88
874 244 37 93 70
878 1218 51 66 59
878 1287 10 30 11
1218 1418 82 87 87
879 1862 86 91 91
879 358 54 95 69
882 1127 27 77 58
1127 1511 67 93 69
1127 690 84 93 93
1127 814 23 95 66
883 770 25 62 49
883 116 41 90 57
1507 1513 93 99 98
1200 456 78 88 84
1200 16 81 87 81
887 625 71 94 72
887 1839 39 54 52
887 1812 74 79 75
1812 867 29 63 62
888 907 71 75 75
907 816 17 67 26
907 895 10 53 22
907 4 73 86 83
907 180 85 91 91
889 960 48 66 54
889 490 45 84 57
890 1137 16 57 53
892 1735 92 100 93
892 531 47 67 54
892 792 24 39 36
894 237 68 73 73
894 1177 68 92 84
896 1083 31 72 69
1278 1136 72 99 72
1278 1346 68 74 70
899 1745 12 41 26
899 970 60 70 67
899 1832 15 89 45
904 1868 84 85 84
904 1234 79 100 80
1868 655 10 11 11
1868 992 35 78 74
1868 1190 63 92 73
1131 799 71 84 81
1131 554 82 97 87
1131 1334 63 95 67
913 178 14 23 14
914 1843 90 98 90
914 702 60 85 67
914 76 11 100 92
1693 241 91 100 94
919 68 19 62 32
919 1376 76 79 78
920 1198 12 73 44
1198 1131 45 72 47
1198 361 86 99 97
988 1013 23 86 77
988 1848 13 21 17
1167 619 58 69 63
1167 468 34 70 42
1167 1722 59 78 77
1167 1472 79 92 90
1167 250 28 85 58
1167 12 14 89 51
922 538 66 86 84
922 244 68 78 72
922 673 88 89 89
922 284 85 87 86
922 1791 69 89 73
1791 600 55 91 59
923 291 63 86 75
923 494 72 99 83
1283 1133 46 99 95
927 1005 95 98 96
927 879 71 83 82
932 1703 10 50 15
932 1850 69 71 69
932 1014 28 63 59
1850 274 17 97 39
1850 1819 74 75 74
933 102 15 95 50
933 1726 19 53 26
933 604 58 74 62
940 1071 87 96 95
940 1327 68 97 96
1071 1831 16 51 35
1327 731 53 88 53
1327 1487 90 96 91
943 909 63 92 63
1424 1669 71 94 79
1424 1091 46 75 62
1424 737 56 61 61
945 939 31 70 46
945 664 77 91 88
947 1576 36 83 46
947 1560 92 95 92
947 1158 25 98 80
947 1789 56 73 67
950 457 37 79 37
952 1593 76 83 79
952 298 26 71 68
953 486 12 21 17
953 1146 95 96 95
953 1568 24 30 25
953 337 58 78 65
956 158 32 46 42
956 104 69 75 74
956 1544 62 97 74
956 727 50 58 50
956 524 48 69 52
1759 1052 45 89 72
1759 1574 57 78 58
959 555 88 94 94
961 206 19 40 25
961 845 94 95 95
967 1673 41 61 53
967 810 75 89 80
1673 556 86 96 96
1673 307 51 82 73
968 1268 10 41 10
969 793 60 99 86
969 17 33 67 56
971 352 87 97 87
971 394 60 82 71
971 665 30 90 88
971 231 10 19 14
971 1313 40 71 66
971 170 81 91 87
1313 1039 32 73 73
1527 583 50 58 58
976 1177 23 91 50
976 1290 26 30 26
976 455 34 43 43
1290 1255 67 75 73
1290 1080 10 86 36
979 1460 65 77 69
979 1660 48 63 51
1660 1298 38 52 42
1540 1870 17 89 23
1540 1523 41 50 49
1540 781 73 90 81
1540 641 83 88 86
1540 1459 95 96 95
984 966 95 97 96
984 1737 76 78 77
985 209 88 93 88
985 705 28 47 33
985 118 76 90 85
985 1309 30 76 43
1107 644 39 89 70
1107 1674 15 93 40
1087 747 70 72 72
993 1331 29 94 55
1628 1369 14 51 44
1001 1581 45 80 60
1001 347 21 82 78
1003 1331 52 62 62
1548 1134 94 97 97
1548 173 42 72 72
1262 429 91 92 91
1262 1445 90 96 92
1742 207 36 62 47
1742 1853 58 93 89
1528 1543 43 86 78
1528 799 95 99 99
1774 1145 16 51 37
1020 818 34 63 45
1020 132 47 77 51
1021 1157 78 89 79
1021 674 76 99 80
1021 1420 78 84 84
1157 351 71 98 80
1022 1294 48 60 56
1024 232 28 38 29
1045 1524 39 60 47
1045 1652 33 58 47
1045 647 16 43 39
1128 734 26 74 26
1128 525 48 69 60
1128 1271 28 53 42
1128 257 32 65 64
1066 724 87 91 91
1066 1535 19 77 49
1031 1194 45 72 70
1031 1408 14 94 59
1031 697 12 71 40
1194 1541 11 98 98
1037 1526 93 97 96
1037 763 41 63 55
1037 863 32 85 43
1040 345 51 84 62
1328 1351 81 98 92
1328 1163 54 70 62
1042 799 51 90 89
1042 1769 21 25 21
1043 1528 92 95 92
1451 336 88 90 88
1451 560 24 100 92
1451 1380 41 70 62
1652 1872 94 99 98
1048 1562 70 83 78
1048 573 24 92 70
1562 723 58 96 96
1054 162 26 80 44
1054 53 39 53 39
1054 213 16 98 70
1487 1608 34 57 50
1487 112 26 99 47
1487 520 94 95 95
1073 982 40 57 43
1073 763 41 91 71
1059 1559 90 91 91
1059 348 58 77 62
1060 775 83 93 84
1060 561 52 95 71
1060 648 28 37 28
1061 1481 69 75 74
1481 1748 40 50 47
1062 106 85 97 86
1062 313 89 93 91
1063 663 80 92 83
1063 1122 12 76 45
1063 921 54 98 91
1351 543 69 99 94
1351 1537 16 70 45
1351 510 18 33 20
1351 810 75 77 77
1535 1062 48 60 59
1067 763 16 50 17
1067 852 45 55 50
1310 112 55 67 60
1310 1337 16 30 24
1721 902 93 100 98
1721 787 68 87 69
1721 1531 23 67 57
1721 386 65 78 75
1721 1540 15 77 70
1423 1284 47 85 54
1423 1181 28 59 37
1078 1005 56 78 58
1078 1851 14 47 33
1078 1478 49 52 49
1078 690 85 88 86
1079 1226 72 87 81
1079 518 22 67 34
1226 884 30 89 32
1226 25 81 100 90
1226 3 48 70 50
1084 1047 63 77 67
1084 1189 24 28 27
1085 1049 86 100 95
1085 1811 16 100 84
1811 335 16 41 20
1811 1495 59 69 65
1811 1837 83 92 84
1811 1487 26 65 53
1811 1160 25 39 28
1088 1358 21 87 65
1358 642 43 69 62
1090 307 93 99 97
1090 1631 27 35 27
1091 495 13 73 38
1092 1281 19 96 39
1092 1085 30 94 50
1092 552 68 93 83
1095 346 42 52 43
1095 225 94 100 94
1095 965 29 81 77
1097 1087 89 96 95
1099 1323 92 97 92
1099 1498 74 78 74
1105 461 69 80 72
1674 1272 30 53 32
1108 121 86 93 88
1108 1566 65 79 76
1108 1658 27 94 70
1463 599 11 74 17
1170 1875 40 55 43
1170 615 83 93 85
1170 42 46 99 57
1873 1170 70 99 72
1723 1456 58 77 70
1655 1365 90 96 91
1655 65 64 98 97
1115 1383 38 86 62
1115 420 89 96 94
1118 1176 92 93 93
1176 917 55 69 64
1119 198 48 61 53
1121 1356 90 91 90
1123 1631 14 87 60
1337 1816 94 100 98
1232 1236 12 50 41
1511 1082 82 99 86
1271 261 72 84 77
1271 158 35 45 37
1271 629 53 67 56
1130 1449 61 75 72
1132 1481 90 100 94
1135 50 56 67 63
1135 1574 50 95 81
1574 711 23 73 64
1574 12 90 95 92
1574 616 19 91 55
1574 1367 35 91 65
1574 1734 33 70 46
1564 1201 51 63 56
1564 1440 15 99 84
1564 1728 78 97 92
1140 1736 88 98 95
1142 979 51 69 66
1147 460 69 85 83
1147 606 86 96 87
1149 1657 38 91 80
1149 1350 18 74 48
1149 872 72 76 72
1657 685 68 76 76
1657 947 62 63 62
1152 718 79 86 82
1152 760 89 96 89
1155 409 81 99 90
1155 119 64 71 66
1155 288 37 71 63
1155 108 93 95 95
1156 816 48 59 51
1156 1827 31 81 41
1160 811 94 98 94
1594 1350 92 97 97
1164 1450 11 44 27
1164 1444 50 87 72
1164 379 91 98 95
1450 93 28 72 61
1450 1380 32 80 53
1450 108 49 65 52
1165 936 15 82 27
1165 1174 10 88 44
1165 1360 78 97 94
1722 42 10 72 40
1722 220 86 99 96
1722 1117 10 40 14
1472 1489 62 69 68
1472 470 57 60 59
1472 903 14 31 23
1875 1816 68 72 69
1875 899 63 91 90
1875 1781 23 42 32
1302 1531 90 92 92
1690 1370 67 92 68
1173 837 22 52 48
1805 96 63 73 73
1178 816 64 77 73
1178 928 33 40 35
1570 129 80 92 87
1570 91 89 97 94
1180 1391 18 33 31
1180 1509 51 95 74
1180 1178 51 67 52
1391 404 68 69 68
1391 68 48 61 48
1509 860 42 100 94
1509 881 78 94 93
1509 1087 13 84 56
1182 613 91 92 92
1187 1351 73 96 82
1187 1675 88 98 95
1675 1687 86 87 87
1502 367 74 82 77
1502 832 12 31 29
1195 983 92 95 95
1195 1200 64 97 73
1195 676 61 76 66
1195 1628 75 93 87
1203 456 83 98 97
1203 728 70 93 80
1203 236 88 91 89
1203 1124 76 88 84
1203 1008 40 74 53
1205 1651 75 83 83
1205 1331 45 65 47
1205 1222 92 93 93
1208 433 80 94 89
1209 1539 52 72 55
1539 65 54 65 62
1539 1771 70 80 80
1539 1248 67 70 67
1210 1547 63 80 64
1214 572 66 78 74
1367 775 35 60 43
1367 1105 79 86 86
1216 1512 26 67 34
1216 917 27 59 59
1216 989 16 80 46
1217 857 84 100 86
1223 488 73 76 76
1264 795 66 91 88
1264 491 89 100 89
1639 1509 78 97 84
1639 1412 23 40 27
1639 1197 44 65 46
1515 87 27 75 50
1236 224 13 22 17
1399 259 56 65 63
1238 1729 54 67 63
1238 1485 74 96 86
1238 1699 86 92 89
1238 752 53 81 73
1238 491 20 95 41
1699 1198 11 45 20
1699 577 68 77 73
1239 11 34 38 37
1241 668 40 88 48
1242 1412 94 100 95
1412 1639 82 99 82
1245 1377 79 85 81
1245 1804 30 99 65
1245 426 27 78 49
1246 796 92 94 92
1246 1715 84 87 85
1246 356 13 94 85
1247 226 24 59 38
1247 1466 91 98 91
1247 830 51 77 69
1249 1361 57 60 58
1251 574 20 99 71
1252 412 26 32 32
1252 707 92 96 95
1784 445 52 68 56
1255 997 95 98 95
1256 401 82 97 86
1256 1848 23 75 71
1256 253 56 89 65
1256 648 75 85 84
1257 795 24 33 33
1257 536 69 92 82
1257 869 95 97 97
1259 1380 62 77 69
1259 1778 38 68 68
1259 514 91 95 92
1380 1656 27 91 34
1778 833 42 86 63
1778 1742 24 82 29
1445 860 11 24 16
1445 756 56 72 58
1445 748 33 40 37
1263 1444 50 98 88
1263 1325 76 87 83
1265 883 74 90 85
1265 546 43 63 45
1265 361 38 79 52
1272 1149 43 53 51
1272 1075 76 79 78
1272 1653 45 86 58
1272 986 40 93 80
1277 129 31 33 32
1277 438 54 57 55
1280 567 66 74 67
1280 891 63 98 80
1280 847 80 96 90
1282 233 93 94 94
1282 386 50 100 79
1285 855 25 85 38
1288 1713 16 42 18
1288 468 36 88 39
1288 336 48 49 49
1288 871 42 87 61
1288 826 34 37 34
1288 247 74 89 77
1713 638 90 99 93
1713 1036 73 85 83
1713 59 76 97 82
1713 774 83 98 98
1289 1719 27 95 42
1289 756 22 28 27
1303 846 56 94 79
1303 735 79 89 83
1303 472 41 64 62
1304 1010 91 97 93
1305 736 37 85 43
1307 816 89 94 91
1308 805 78 93 82
1687 1598 28 74 57
1687 9 25 94 42
1687 921 59 94 81
1687 1302 14 26 24
1687 1447 88 92 92
1687 251 52 61 55
1318 1254 29 98 96
1318 1388 50 51 51
1318 390 72 73 73
1321 1719 44 82 61
1324 712 60 98 91
1329 147 60 96 73
1330 1195 76 92 82
1330 1748 79 97 87
1748 626 82 91 82
1748 1294 32 56 54
1748 1460 40 60 58
1336 1719 19 32 20
1336 1396 87 100 89
1336 341 47 64 64
1336 1634 19 93 24
1336 1105 85 94 91
1336 779 55 76 63
1816 287 21 29 23
1816 289 59 73 73
1816 542 59 100 83
1347 563 71 78 77
1348 935 44 64 60
1348 1203 17 36 27
1349 659 36 65 63
1353 99 14 64 43
1354 841 74 89 78
1453 255 24 72 43
1453 249 21 40 34
1453 1528 65 71 68
1362 761 86 93 91
1362 1625 43 45 43
1363 729 64 89 73
1363 1237 95 98 95
1365 215 50 66 51
1365 643 86 97 97
1365 787 51 57 56
1369 1677 43 47 44
1677 1590 11 18 15
1677 808 93 95 93
1371 1269 60 64 61
1371 1482 30 63 63
1379 1096 93 100 96
1656 1825 38 89 72
1656 875 25 27 25
1382 102 38 43 39
1382 485 48 80 72
1384 1244 36 56 47
1384 1069 80 100 89
1385 395 36 84 55
1385 1631 59 100 60
1385 734 30 71 30
1385 384 32 51 48
1387 1518 41 86 78
1387 541 15 48 41
1389 1538 17 21 19
1389 9 70 75 73
1538 1677 64 71 70
1575 1775 10 75 22
1398 150 17 83 37
1506 1228 80 81 81
1402 484 70 99 71
1402 1448 53 88 71
1545 1002 21 100 100
1545 1591 67 83 82
1404 1836 25 67 36
1404 61 57 72 59
1404 1256 29 92 75
1404 1280 10 53 21
1836 1340 62 98 90
1410 1256 54 55 54
1410 474 28 42 41
1414 835 85 94 88
1414 1339 37 89 80
1414 89 84 86 84
1415 223 10 30 10
1415 191 74 92 87
1669 1014 72 83 75
1669 922 53 88 61
1426 502 88 91 88
1428 1132 91 99 99
1428 1640 49 72 53
1428 231 28 35 28
1640 1287 63 85 76
1640 499 29 65 30
1640 1201 19 30 19
1430 1297 27 88 74
1430 944 52 53 52
1431 866 52 60 56
1431 975 70 97 90
1679 1683 63 95 92
1679 314 44 46 46
1621 200 26 49 26
1621 73 80 93 93
1440 148 12 99 54
1441 601 32 56 56
1441 1796 20 88 43
1441 10 85 97 93
1441 721 72 78 76
1442 1345 39 82 49
1746 458 85 88 88
1446 1331 52 53 52
1447 419 89 92 91
1592 1359 91 95 92
1592 1838 27 74 47
1592 342 24 84 61
1592 453 43 50 45
1592 153 40 88 51
1834 789 36 48 43
1834 1634 27 73 38
1454 1187 48 85 60
1456 589 94 95 95
1456 552 73 80 77
1459 21 92 96 92
1618 479 43 75 43
1618 1497 41 73 51
1618 486 73 84 83
1618 1856 41 64 62
1618 825 14 95 59
1753 1025 26 77 75
1467 251 15 49 22
1468 1132 61 100 98
1468 405 83 98 95
1468 1447 23 62 53
1474 1695 36 67 55
1475 1815 57 77 71
1475 455 16 70 57
1475 605 70 91 88
1815 1764 62 72 68
1483 588 74 87 77
1577 424 75 80 76
1488 432 89 98 89
1624 637 38 71 54
1597 194 84 97 94
1597 1795 57 84 60
1597 1287 10 95 23
1497 1078 10 85 79
1497 1085 65 97 90
1497 925 26 68 34
1497 260 31 64 59
1702 1336 43 73 62
1702 27 14 16 16
1702 1415 87 89 87
1505 1809 70 84 72
1517 99 47 71 68
1519 609 31 59 51
1519 1010 36 60 36
1529 161 11 20 16
1704 539 95 100 97
1534 1393 18 39 31
1536 1405 78 81 80
1771 65 60 84 74
1855 1509 16 88 28
1855 626 92 93 93
1855 547 71 99 80
1855 782 91 97 91
1855 952 11 85 51
1855 1423 18 52 43
1785 614 32 99 85
1785 1739 54 78 57
1591 533 14 82 19
1591 1308 29 93 34
1549 201 21 98 57
1553 665 79 88 84
1553 285 85 90 87
1553 1052 44 52 47
1553 1743 78 82 79
1806 1611 14 47 17
1563 944 81 97 85
1563 1146 12 25 24
1728 1143 27 52 32
1728 586 27 42 30
1696 719 79 97 84
1569 638 73 88 85
1569 849 67 73 67
1569 1042 56 57 57
1569 1098 90 93 90
1569 722 22 27 24
1572 377 56 69 57
1573 1296 67 80 68
1573 306 73 87 76
1573 1367 20 88 35
1573 462 50 56 53
1619 1739 44 47 47
1580 340 17 31 26
1601 278 34 80 57
1601 794 32 49 40
1800 1733 71 76 75
1800 1080 60 65 65
1800 106 91 94 94
1612 773 83 87 86
1613 1514 37 96 72
1613 819 47 50 47
1613 344 66 96 80
1617 107 45 93 47
1617 1196 68 94 75
1856 1525 34 63 38
1856 421 67 95 89
1620 43 89 95 93
1622 1183 76 93 82
1622 1184 63 78 64
1626 306 68 89 69
1626 339 87 97 97
1627 866 29 34 30
1637 187 41 47 47
1647 816 41 77 44
1647 1710 78 80 78
1647 1644 81 97 88
1647 628 23 92 90
1648 148 69 78 72
1872 1261 42 97 61
1659 343 86 93 93
1662 1556 55 97 59
1772 1169 32 42 40
1772 1327 69 70 70
1772 789 15 45 38
1668 484 11 22 20
1676 1379 40 65 60
1678 32 88 92 89
1678 1372 74 77 76
1678 816 47 96 84
1683 1637 58 63 63
1686 342 79 80 79
1688 448 71 100 99
1786 51 23 70 29
1786 181 40 57 57
1692 390 35 48 38
1692 1830 42 76 53
1692 1289 38 96 84
1701 818 31 45 45
1701 1170 79 99 95
1708 176 34 91 41
1708 307 41 70 46
1714 1324 65 70 69
1714 836 91 98 95
1714 449 92 100 92
1714 1587 27 32 27
1718 315 91 94 94
1718 868 79 91 84
1720 486 86 95 92
1720 423 58 89 82
1725 877 49 100 94
1725 112 58 67 60
1725 488 91 100 98
1725 313 12 86 29
1738 1594 53 62 58
1738 59 58 93 73
1747 1533 46 89 78
1752 1583 15 72 42
1755 114 55 98 92
1755 488 61 77 68
1755 1605 24 85 36
1755 1366 60 65 63
1767 1815 14 66 61
1777 1071 18 30 29
1777 1479 87 93 89
1777 724 19 28 24
1790 197 16 85 71
1793 8 45 50 47
1793 1181 70 87 77
1813 830 74 89 76
1813 1367 28 66 43
1817 415 47 91 58
1821 1402 57 73 60
1821 930 43 69 55
1824 1038 91 98 94
1824 773 11 68 31
1840 720 82 91 83
1840 1761 67 82 72
1844 657 92 95 94
1858 720 52 92 54
1858 1835 46 68 54
1858 1662 70 89 72
1866 736 46 99 85
1866 369 10 77 66
1869 329 46 83 79
1869 382 73 92 91
1874 1871 86 100 86
0 1880
