341 992
0 84 77 82 78
0 113 73 90 87
0 302 30 98 49
0 252 89 99 97
0 240 93 94 94
84 24 82 94 87
84 249 72 82 73
113 12 64 67 64
113 44 67 71 68
302 197 83 87 85
302 230 31 68 64
302 28 13 65 45
252 143 23 26 26
252 331 36 67 52
240 127 31 34 32
240 71 54 64 63
240 28 24 67 56
1 235 75 83 76
1 102 70 71 70
1 310 88 100 88
1 62 33 89 72
1 176 86 88 86
1 95 94 95 95
1 262 18 87 84
235 105 41 96 84
235 41 14 54 18
102 241 63 73 68
310 216 55 99 88
310 294 89 97 95
310 327 19 82 22
62 201 95 100 98
176 215 94 99 94
176 311 38 73 38
176 180 53 90 53
176 183 45 92 59
95 338 75 96 78
95 289 46 93 85
95 203 75 83 80
95 218 58 68 59
95 325 67 91 74
262 122 65 83 82
262 137 36 86 75
262 152 35 89 42
262 239 49 85 60
262 338 63 78 77
262 16 94 95 95
262 246 29 37 33
2 132 78 90 90
2 46 37 88 71
2 250 48 61 48
46 5 12 77 72
46 210 67 74 69
46 85 61 89 80
250 15 66 95 90
250 228 50 69 51
250 332 29 38 36
250 94 73 89 83
3 232 79 84 84
3 279 49 96 50
3 70 47 78 53
232 57 80 94 83
232 192 39 57 52
232 62 45 49 49
279 38 82 96 91
279 29 85 99 99
279 293 41 95 58
70 137 42 79 77
4 129 59 68 63
129 53 88 94 89
129 157 44 92 53
129 18 36 85 51
129 274 33 59 54
5 166 16 55 23
5 0 20 94 20
5 110 54 92 73
166 32 80 84 80
166 58 75 98 90
110 39 66 90 70
110 249 73 80 80
110 210 85 86 86
6 152 41 97 79
6 194 46 58 51
6 24 88 94 90
6 158 41 71 66
152 326 18 22 20
152 18 68 73 69
152 307 62 67 63
152 178 62 78 64
152 314 95 98 98
194 333 46 66 56
194 64 21 41 32
194 188 46 95 54
24 328 18 38 36
24 186 37 83 53
24 40 85 94 85
24 325 52 92 55
24 184 71 91 84
158 336 84 85 85
158 286 55 62 59
158 252 27 94 56
158 97 36 65 54
158 112 29 47 29
7 42 80 95 85
7 68 56 86 59
42 39 93 99 97
42 325 52 65 53
42 145 15 87 25
42 11 32 49 33
42 214 35 100 56
42 86 60 81 81
68 33 78 89 78
68 174 77 84 83
68 86 82 100 87
8 213 11 49 11
213 153 27 68 68
213 173 53 89 56
213 320 27 41 30
9 114 89 97 90
9 143 70 96 79
114 41 80 96 93
114 73 86 96 90
114 101 53 62 62
114 270 65 92 85
143 275 30 88 69
143 24 66 82 76
143 137 67 70 69
10 102 85 88 85
10 123 23 28 23
10 137 27 72 43
123 13 34 67 47
123 171 46 99 62
11 245 24 53 26
11 53 86 97 94
245 61 17 73 61
53 251 62 92 79
53 179 68 69 69
53 303 34 37 34
53 118 16 41 28
53 20 93 95 95
12 329 38 62 57
12 47 70 76 70
12 192 87 89 88
329 162 38 41 40
329 195 63 94 67
329 247 20 93 35
329 26 22 42 40
47 115 94 97 96
47 9 20 35 29
47 57 56 73 66
47 256 61 86 83
47 305 44 87 56
47 64 44 54 51
192 161 62 95 75
192 55 17 100 55
192 311 55 59 57
13 251 29 33 31
13 56 12 80 79
13 128 40 85 85
251 228 34 40 39
251 62 34 73 52
251 87 86 95 94
251 300 29 47 35
251 190 41 63 63
56 206 94 97 96
56 307 58 67 60
56 148 79 81 81
56 218 30 72 72
128 237 53 76 69
128 274 35 43 41
128 208 27 52 28
14 188 66 71 66
14 336 81 82 82
14 61 72 77 77
188 164 77 100 99
188 182 23 77 68
188 318 77 92 79
336 179 85 98 94
336 148 12 42 18
336 47 25 46 39
61 125 74 90 80
61 203 65 66 66
15 22 70 77 75
15 51 84 96 87
15 174 16 44 38
22 237 28 100 70
22 166 75 87 83
51 39 10 87 83
174 119 24 85 55
174 324 72 77 74
16 29 65 88 67
16 33 28 75 28
16 325 86 98 93
16 303 53 98 81
16 143 14 83 24
16 47 23 35 31
16 53 82 96 89
29 328 80 92 87
29 277 51 56 53
29 138 86 89 88
29 149 29 41 40
33 325 54 86 73
33 183 25 46 45
33 151 85 97 93
325 68 58 68 67
325 36 77 88 78
303 178 85 98 91
17 245 51 100 71
18 287 40 47 41
18 119 88 100 89
18 310 95 99 95
287 20 90 91 91
287 325 29 67 51
287 143 41 75 55
119 179 77 89 82
119 19 79 88 82
119 61 57 74 66
19 39 86 91 91
19 233 89 97 94
39 17 50 54 52
20 66 73 84 84
20 333 30 78 66
20 153 95 98 97
66 27 10 14 10
66 195 30 69 42
66 285 92 93 92
66 219 39 88 56
333 153 91 97 92
333 245 44 66 58
333 8 19 84 75
333 286 56 70 63
333 96 95 97 95
153 68 55 92 72
153 101 25 81 64
153 136 90 100 93
153 176 45 87 85
153 81 92 95 94
21 61 90 98 93
21 67 76 86 80
21 214 55 82 81
67 305 72 100 81
214 264 93 96 95
237 158 64 89 68
237 77 21 28 27
23 251 16 19 19
23 64 48 96 95
64 122 64 76 76
64 121 42 45 45
328 208 62 88 79
328 231 44 50 50
328 112 14 35 27
328 332 86 90 87
328 4 34 70 35
328 243 95 99 97
186 4 71 93 84
40 147 77 79 79
40 234 92 100 98
40 286 79 87 79
40 122 32 48 44
184 312 45 99 94
184 177 60 85 81
25 133 12 88 17
25 203 76 96 81
25 273 70 77 70
203 93 70 98 84
203 74 43 88 50
203 305 34 85 64
203 330 34 56 44
273 196 22 29 28
273 187 66 78 75
26 194 30 70 58
26 127 84 95 85
26 50 48 68 59
26 325 54 83 62
26 197 35 71 71
26 7 20 36 36
26 73 85 87 87
127 9 51 79 73
127 297 30 77 56
127 64 19 34 30
127 54 23 68 61
127 211 93 100 96
127 310 92 97 95
50 169 48 93 72
50 39 92 96 92
50 43 60 82 64
50 265 12 66 61
197 191 71 92 84
197 141 79 85 84
73 49 88 95 92
73 52 20 68 25
27 139 15 99 94
27 24 78 89 84
27 71 16 27 24
139 221 17 49 23
139 268 82 96 91
139 127 31 99 79
71 48 85 99 87
71 82 89 95 94
71 52 54 92 86
28 230 63 94 83
28 149 59 87 78
28 321 86 95 95
28 164 12 16 12
230 70 20 51 20
230 182 25 65 37
164 80 77 87 84
164 231 59 67 67
164 308 79 89 81
164 300 32 96 35
277 170 12 14 12
138 201 79 88 80
138 309 46 75 74
138 214 21 74 25
30 84 75 90 79
30 250 23 71 38
30 318 93 99 93
30 285 23 70 39
318 72 83 96 86
318 291 21 35 26
318 213 23 100 46
318 28 11 23 12
285 11 72 96 90
285 313 33 91 78
285 156 15 57 50
285 163 58 87 82
285 36 61 80 67
285 330 83 87 86
31 275 51 55 53
31 335 65 71 68
275 282 13 74 19
275 224 48 99 81
335 132 40 65 64
335 68 92 99 99
32 277 52 99 59
32 307 34 49 39
32 146 15 59 47
32 207 61 78 61
307 19 46 82 79
307 266 30 83 69
307 43 23 61 61
307 150 25 71 26
146 285 76 86 82
146 114 63 75 72
146 206 64 84 81
207 257 63 81 78
207 222 86 88 86
207 105 84 95 93
183 198 64 67 66
183 304 78 82 81
151 120 42 50 49
151 136 33 94 59
151 187 29 63 34
34 323 81 94 94
34 9 92 98 95
323 334 11 18 16
323 141 78 100 99
323 120 92 99 96
36 54 68 72 70
36 270 76 96 78
54 59 18 82 44
54 53 30 57 52
270 257 91 100 98
270 272 70 73 71
270 132 48 70 69
270 180 36 62 62
270 15 44 53 52
37 125 13 88 75
37 20 32 82 71
37 128 76 89 77
37 278 79 96 84
37 137 71 87 75
125 16 44 95 52
125 323 49 68 57
125 66 11 86 23
278 111 91 95 95
278 231 13 46 34
278 253 84 95 89
278 292 53 77 62
38 97 82 94 90
38 180 17 24 24
38 118 35 39 36
38 304 66 94 92
38 3 32 78 48
97 77 79 85 80
97 184 72 79 77
97 276 18 72 22
180 66 62 84 68
180 238 46 47 46
180 98 42 54 44
180 331 34 90 56
180 90 70 97 75
180 32 78 81 78
180 339 63 89 80
118 4 37 73 59
118 169 22 59 58
118 167 55 64 57
304 105 45 48 48
304 197 19 61 53
304 226 58 63 62
147 138 72 100 72
147 292 81 88 81
147 316 44 76 45
234 247 67 88 77
234 311 10 35 35
234 301 29 88 38
234 308 62 91 76
286 102 20 33 30
286 54 92 93 93
286 16 49 56 50
122 267 86 89 86
122 102 12 39 33
122 280 71 100 85
122 327 34 70 39
41 113 10 40 30
41 244 43 77 53
41 115 16 49 41
41 206 86 88 88
41 26 18 53 48
244 179 57 64 63
244 73 21 71 65
115 107 78 89 89
115 317 34 60 50
115 74 37 52 42
206 186 33 46 33
206 302 24 98 93
206 142 14 68 44
145 91 18 39 29
145 172 88 90 90
145 158 68 93 88
145 189 22 27 24
145 3 35 71 54
145 151 62 78 62
43 274 92 100 98
274 229 68 80 70
274 125 92 96 95
274 253 27 79 30
274 116 83 84 84
274 269 35 40 40
274 79 53 98 84
274 46 71 96 79
44 193 81 98 81
44 328 82 88 82
44 104 36 58 53
44 338 10 23 18
44 142 29 34 31
193 13 49 61 57
104 88 65 92 74
104 30 41 70 50
104 124 65 76 71
338 245 26 86 64
338 220 65 69 66
338 117 16 63 23
142 26 47 53 51
142 133 21 38 37
45 290 26 100 29
45 301 35 53 46
45 86 26 71 55
45 266 63 79 63
301 123 42 71 54
266 21 45 46 46
266 116 69 91 74
210 132 50 67 57
210 285 41 88 88
210 181 16 95 50
57 70 25 73 37
57 339 29 37 29
57 105 90 98 97
57 31 68 95 91
57 25 13 70 36
57 337 21 33 32
256 58 70 86 70
256 131 83 84 84
256 96 73 74 74
256 304 82 93 82
256 227 49 51 49
305 165 83 95 85
305 13 26 27 27
48 307 16 26 21
48 297 33 81 44
48 58 49 52 52
297 22 57 67 66
58 272 40 81 60
58 92 14 29 26
49 73 73 78 78
169 236 71 99 95
169 93 83 87 85
169 335 52 74 62
169 19 39 88 68
265 224 50 52 52
265 77 12 66 38
265 326 57 79 69
265 260 15 40 19
265 137 90 93 91
52 50 81 89 86
52 276 90 100 99
52 100 18 51 47
52 164 11 77 12
276 282 25 83 66
276 239 50 100 83
100 73 32 45 43
100 106 74 81 77
179 170 34 95 61
179 9 40 71 53
179 140 19 62 61
59 166 41 75 54
59 216 65 93 75
59 278 66 80 67
55 154 51 77 60
154 284 33 37 34
148 221 92 100 96
148 151 89 90 89
218 143 45 48 48
218 6 71 83 80
218 96 16 76 26
218 251 56 61 57
218 321 61 89 85
218 26 66 89 78
339 152 44 85 83
339 253 56 78 67
339 182 33 56 40
339 78 10 76 45
339 124 24 90 88
105 165 24 44 40
105 88 25 76 42
105 136 74 93 85
272 111 91 94 91
272 314 31 76 65
92 262 93 97 97
216 116 28 44 37
216 308 56 86 82
216 340 79 84 84
216 100 81 82 81
216 279 13 20 16
60 168 55 60 59
168 323 29 83 39
201 89 42 91 84
201 0 11 16 15
201 119 29 65 33
63 167 11 79 20
63 155 93 95 95
63 44 30 87 75
63 330 14 26 24
63 252 89 100 95
63 273 25 65 64
167 13 88 92 90
155 83 23 43 28
155 106 24 70 26
155 130 20 76 55
330 64 41 50 43
330 182 92 94 93
121 305 93 96 94
65 207 29 71 53
65 9 87 98 93
195 103 66 88 67
219 330 84 99 99
69 218 33 66 39
69 162 64 75 74
162 300 23 59 51
82 166 66 78 76
72 119 86 90 89
72 43 81 96 92
74 113 64 95 69
74 254 82 90 89
74 265 49 68 60
254 194 54 95 65
254 337 41 91 83
254 63 26 74 39
254 189 95 100 99
254 179 20 82 48
254 247 83 89 86
75 282 57 92 69
75 239 22 38 24
75 325 12 68 38
282 306 92 97 95
282 169 14 90 44
282 100 53 56 53
282 65 59 93 91
282 310 54 78 60
239 335 53 87 83
239 282 68 77 68
239 227 10 100 15
239 48 79 90 88
76 14 88 91 90
76 194 60 99 87
76 310 61 82 73
76 182 23 100 90
76 4 16 33 33
76 69 32 37 32
182 289 65 89 78
182 21 77 96 90
182 18 67 80 71
77 290 39 70 61
77 93 86 96 95
77 13 48 51 50
93 246 69 100 98
93 96 76 94 81
79 235 51 54 53
79 135 54 63 56
135 109 88 90 89
80 189 77 90 87
189 293 72 94 87
189 77 82 92 83
189 324 10 28 17
81 31 24 54 27
81 262 16 77 77
81 240 51 53 51
83 104 56 75 67
249 81 23 38 23
249 74 84 87 87
87 273 93 94 94
87 108 86 91 87
108 120 73 84 84
108 262 13 57 35
88 322 52 89 53
88 120 70 71 70
322 267 78 100 81
322 336 13 47 47
120 192 17 75 73
89 238 36 60 58
89 117 33 61 44
89 309 16 86 64
89 164 91 94 94
238 308 64 99 94
238 242 74 91 78
238 300 59 65 61
238 151 32 55 34
238 15 44 60 47
117 138 33 60 56
309 259 66 86 82
309 138 38 78 51
90 93 70 84 82
90 76 80 87 85
90 157 25 73 67
157 112 48 54 52
157 206 25 39 30
157 204 85 100 94
157 335 18 37 23
91 247 84 91 87
91 14 10 14 12
247 105 38 59 59
247 333 79 88 82
247 188 42 78 49
247 230 20 46 40
247 215 34 42 41
246 232 85 86 85
246 287 60 63 60
246 130 12 90 19
246 11 35 89 80
246 12 17 48 40
96 233 95 97 97
96 229 88 95 88
96 156 77 88 83
94 253 35 41 41
94 129 39 55 54
94 57 43 87 72
253 40 73 96 83
253 4 32 44 38
253 263 91 93 93
253 52 19 70 26
253 164 46 97 77
253 279 40 55 48
289 336 95 100 97
289 128 62 96 89
289 262 76 89 87
229 340 15 61 29
156 213 12 37 27
98 181 53 56 55
181 245 60 92 77
99 297 63 92 73
99 53 31 71 63
99 106 94 99 99
106 240 18 88 43
106 152 60 63 62
106 174 66 72 68
101 102 14 88 47
101 204 14 23 17
101 322 77 79 79
204 226 31 79 42
204 10 58 100 93
241 130 63 99 73
241 95 62 87 82
241 259 32 49 42
241 128 90 94 93
241 74 56 92 91
241 220 52 71 61
103 327 72 87 79
103 8 40 68 56
103 255 84 87 87
103 252 49 72 62
327 26 60 96 83
327 243 85 94 89
255 129 61 97 95
255 319 30 68 63
124 1 33 46 33
124 246 87 98 94
124 221 31 55 45
165 190 60 84 63
165 269 61 70 65
136 125 63 94 75
136 338 76 86 83
107 269 86 100 98
107 93 20 95 78
269 296 53 100 85
269 32 34 51 47
269 202 31 64 52
269 220 10 96 94
109 90 23 86 71
109 76 81 96 95
109 284 30 59 57
109 45 56 73 67
284 2 83 96 96
284 30 54 87 75
284 304 82 100 99
284 159 16 92 70
284 247 19 69 60
284 205 43 84 59
284 218 67 72 67
284 278 91 99 93
111 191 40 84 61
111 222 48 54 54
111 267 84 98 85
191 312 66 86 72
191 275 27 88 60
191 72 89 99 91
191 252 36 82 41
222 78 89 93 89
267 112 74 81 78
267 63 62 85 70
267 119 25 97 84
267 287 86 98 95
112 233 83 85 85
112 41 49 62 55
112 116 88 96 92
116 240 41 45 42
116 65 66 82 82
116 324 73 75 74
317 74 25 69 40
317 89 88 93 90
280 191 95 100 97
280 155 85 88 88
280 159 92 96 95
280 19 85 100 89
280 290 78 92 86
171 337 77 90 88
171 206 16 29 26
171 101 21 48 22
171 16 79 88 86
221 108 64 71 71
221 154 24 29 26
221 304 89 92 90
126 49 58 86 81
211 41 57 84 68
211 47 30 50 49
208 43 42 46 46
208 301 25 68 68
208 284 95 100 96
130 8 64 92 87
130 119 57 77 59
131 83 18 57 49
131 324 80 94 85
131 81 22 82 43
134 166 61 87 61
268 93 22 54 52
140 113 61 99 76
140 152 25 87 56
140 35 34 50 39
140 227 11 42 11
141 288 89 96 89
141 210 85 97 93
141 154 77 100 85
141 89 50 97 56
288 90 79 80 79
288 181 58 82 74
288 212 48 52 48
288 174 63 73 72
144 290 18 33 33
172 124 74 94 74
172 254 54 95 64
172 16 29 94 30
172 296 27 87 78
172 36 64 93 91
292 61 72 86 72
316 52 40 51 45
316 208 46 53 52
316 67 13 71 45
150 96 40 78 52
187 198 58 80 66
187 258 87 100 87
187 158 80 96 96
187 249 42 81 69
187 88 11 72 35
326 166 54 94 84
326 162 77 84 78
326 62 59 71 60
326 119 20 65 20
178 133 31 96 79
178 88 43 84 65
178 212 82 92 84
159 200 15 77 62
200 72 69 95 74
200 199 60 80 70
200 272 21 27 21
200 13 51 100 85
200 282 19 32 27
200 294 84 87 87
160 291 32 79 47
160 107 33 57 33
291 121 34 58 49
291 204 35 89 81
291 319 51 86 70
161 331 20 30 28
161 311 68 76 76
161 63 91 100 93
161 143 71 99 99
161 337 84 85 85
331 134 57 77 70
331 278 15 54 51
331 66 89 94 89
331 263 43 60 59
311 336 15 30 17
300 135 60 73 72
163 226 52 69 66
163 113 44 59 47
226 196 89 93 90
226 9 89 94 92
226 334 76 78 78
231 237 85 92 88
231 95 41 44 41
231 268 70 80 72
231 14 84 91 88
308 305 65 80 76
308 146 41 60 44
308 50 29 37 31
308 118 36 58 57
190 143 89 93 90
236 148 35 96 64
236 62 13 94 24
236 111 70 100 85
170 116 36 38 38
170 276 81 93 83
170 301 66 99 86
170 115 29 32 32
170 246 62 85 64
296 141 75 83 79
296 325 79 99 79
296 145 44 50 44
173 189 32 36 33
175 8 45 63 49
175 114 57 78 77
175 316 87 95 90
215 20 62 92 65
177 159 24 97 79
177 0 86 88 88
212 167 28 30 30
198 340 84 91 90
198 297 45 88 83
312 275 18 58 58
312 252 23 94 84
312 290 80 81 80
312 272 11 15 15
312 138 92 99 94
312 155 60 94 74
312 72 18 89 85
312 52 11 89 30
185 335 51 64 54
185 99 95 98 95
258 29 61 72 66
258 55 48 51 49
258 128 87 93 88
293 121 87 91 89
293 250 72 88 81
293 288 17 66 44
196 105 79 97 95
196 209 50 67 61
196 336 79 86 81
209 212 18 47 30
209 14 30 86 40
209 271 58 97 87
340 194 76 98 88
340 92 80 93 80
340 60 36 52 40
340 69 40 60 57
199 266 83 95 92
199 6 51 52 51
199 159 46 52 49
199 83 37 56 51
199 260 93 95 93
260 174 35 77 73
294 160 49 67 66
294 78 86 93 90
294 246 79 81 80
294 46 56 89 68
294 37 39 42 39
202 136 80 95 82
205 182 20 43 27
205 322 85 95 87
205 195 18 42 19
205 302 26 72 56
205 13 86 94 94
205 210 33 85 59
205 175 66 80 71
257 164 47 65 62
257 282 56 80 78
257 3 33 97 78
271 48 31 88 45
271 187 62 97 96
271 183 76 93 77
320 184 56 59 57
320 98 47 77 54
320 244 38 43 38
264 120 71 74 71
264 330 34 63 37
217 242 87 93 90
217 34 77 98 79
217 137 57 80 71
217 99 42 77 77
217 248 86 93 89
217 319 58 94 67
217 92 35 98 52
242 127 25 100 53
242 294 16 93 67
242 73 22 83 34
242 76 14 82 69
248 286 28 31 31
248 244 95 99 98
248 134 32 37 34
319 94 11 20 15
319 326 13 50 13
220 57 28 56 47
223 134 10 97 59
223 171 69 70 69
223 87 81 94 81
223 113 27 54 41
224 246 12 77 16
224 245 20 77 75
224 58 30 65 60
224 248 72 84 77
224 281 94 98 98
224 207 81 89 87
281 122 81 82 82
281 45 43 98 98
281 163 54 76 75
281 196 84 97 84
281 116 22 48 38
281 17 32 47 43
225 202 42 50 44
225 320 38 57 56
225 326 24 42 30
225 178 52 89 64
225 58 46 87 46
225 41 91 94 93
225 61 82 84 82
334 210 56 72 68
334 147 67 74 70
334 278 26 82 30
334 95 29 70 67
334 247 71 96 80
334 163 61 75 65
228 77 86 90 88
259 46 79 85 79
259 340 51 94 82
259 335 66 100 99
259 263 80 81 80
243 198 77 81 78
243 274 50 92 68
243 212 92 99 98
243 314 60 74 61
332 17 58 69 67
332 28 93 99 95
332 259 41 93 54
263 119 19 77 53
263 258 31 57 34
263 140 73 89 75
263 241 29 90 54
261 333 57 60 59
283 188 70 92 73
283 208 40 73 42
283 295 45 48 46
295 194 24 30 29
295 189 31 39 33
295 333 39 83 60
295 55 90 94 90
313 163 34 61 44
298 37 83 89 85
298 33 76 86 79
298 73 52 97 95
298 217 87 95 95
299 253 18 75 65
299 91 39 44 42
315 177 15 50 15
315 41 36 62 54
315 32 80 90 81
0 340
