78 251
0 49 12 52 48
0 32 29 55 36
0 39 93 98 96
49 76 19 100 49
49 21 78 93 81
49 53 71 84 79
49 27 57 100 96
49 13 14 19 18
49 63 42 85 79
32 77 79 91 90
32 28 93 99 95
32 45 41 77 62
32 10 50 95 82
32 17 54 76 69
39 52 56 98 89
1 58 77 88 83
1 22 32 35 32
1 54 94 100 98
58 59 51 92 61
58 35 40 69 42
58 61 45 56 45
58 26 56 75 69
22 62 40 48 45
22 31 55 71 61
22 9 39 74 57
22 5 91 97 92
54 34 21 52 33
2 29 20 91 52
2 64 55 96 64
2 20 47 79 71
2 23 15 75 24
2 16 83 94 94
29 66 13 40 17
29 54 30 98 88
29 34 12 87 29
64 60 41 85 63
64 44 73 98 85
64 62 69 90 78
64 56 71 96 89
64 58 90 95 91
20 50 22 84 42
20 63 18 72 45
20 6 95 97 97
20 36 81 94 82
23 36 76 97 78
23 12 81 99 84
23 26 67 77 69
23 6 17 32 20
16 55 87 93 89
16 65 71 77 74
3 36 49 77 73
3 59 89 99 98
36 69 50 60 58
36 6 78 94 91
59 72 74 95 77
59 75 78 79 78
4 60 29 81 77
60 66 62 65 65
60 32 78 95 91
60 19 21 31 31
60 71 54 58 56
5 59 13 77 21
5 60 41 66 50
5 37 46 92 48
37 2 15 97 85
37 16 10 60 39
6 42 20 21 20
6 32 23 82 38
6 43 15 41 38
6 48 29 38 38
6 44 11 23 12
6 74 67 83 79
6 68 86 100 88
42 34 47 77 76
42 20 86 94 87
42 36 22 24 23
43 72 73 94 77
43 22 35 97 95
43 63 16 47 43
43 74 20 80 70
48 39 32 73 61
48 58 43 48 48
44 17 62 94 70
44 73 91 97 95
74 50 67 77 71
74 47 76 100 94
68 48 16 86 83
68 19 65 73 70
68 26 93 97 94
7 5 76 89 82
8 69 63 69 67
8 48 43 98 95
8 68 73 82 81
8 32 53 88 67
8 67 55 97 95
67 46 51 90 54
67 73 71 94 93
67 52 22 87 35
67 15 66 87 68
9 45 94 100 97
9 35 62 91 72
9 12 16 94 44
45 75 48 52 48
35 0 63 72 66
35 50 10 83 30
35 31 44 78 78
35 46 50 95 91
35 18 66 99 96
12 6 30 78 46
12 70 90 99 92
10 23 36 99 80
10 75 29 75 36
75 47 22 40 31
75 48 49 89 88
11 54 33 79 45
11 52 82 96 87
11 74 66 100 67
11 39 31 96 35
52 28 74 93 93
52 56 10 65 59
70 1 83 100 95
70 4 78 96 81
70 32 59 92 79
70 39 41 80 68
70 38 20 85 70
70 26 87 100 98
70 30 69 100 75
13 50 77 92 89
13 4 93 96 96
50 76 13 72 64
50 7 25 91 68
50 32 52 76 70
50 72 42 51 48
50 67 37 39 39
14 31 39 57 55
31 53 22 76 54
31 72 13 65 44
31 75 66 100 94
31 77 45 93 49
31 69 39 97 43
31 35 55 82 55
31 66 86 92 89
15 43 14 53 36
15 40 51 58 53
15 17 80 94 82
17 69 36 41 36
17 22 41 69 61
17 51 91 93 92
17 60 74 99 79
17 34 93 96 94
17 73 92 97 96
55 70 69 96 70
55 72 17 38 29
55 20 73 99 76
55 47 64 70 66
55 57 52 69 68
65 46 77 90 80
65 26 92 97 96
65 37 23 77 24
65 29 31 82 73
51 48 17 19 18
51 1 63 87 68
51 73 33 75 46
51 60 13 79 37
51 49 51 56 52
34 73 58 85 68
34 31 81 100 92
34 8 18 76 28
73 14 34 51 44
18 44 61 75 71
19 34 58 98 91
19 70 29 77 51
63 56 29 95 41
63 60 84 92 89
21 43 90 100 100
62 4 68 73 73
62 45 34 48 35
62 9 17 69 58
62 41 16 31 16
62 51 41 73 68
62 33 78 89 81
62 64 35 54 40
26 30 51 96 65
26 31 40 55 46
24 77 19 56 22
24 11 68 74 69
24 6 67 81 73
24 44 88 89 88
24 42 47 49 48
77 5 84 92 92
25 61 42 44 43
61 32 83 87 87
61 25 69 95 89
61 30 73 77 75
61 29 85 98 97
30 74 12 18 14
30 1 35 71 38
30 59 64 81 65
30 9 80 95 81
28 8 22 61 57
28 58 44 92 48
28 56 59 66 59
28 40 26 90 79
28 76 24 78 59
28 7 86 100 98
56 34 12 79 39
76 24 71 95 95
76 15 91 95 93
76 8 31 99 41
76 67 94 100 95
76 63 63 87 63
76 52 80 98 91
76 31 71 93 89
66 69 24 99 77
66 52 90 93 90
66 36 79 83 79
66 74 13 71 22
53 19 44 80 77
53 3 67 80 74
53 69 83 99 98
53 40 82 97 87
72 77 51 70 66
72 71 41 81 51
72 55 57 74 70
72 50 92 97 94
72 33 19 24 19
72 41 64 86 86
33 35 15 88 85
46 22 69 96 88
46 15 90 98 97
46 41 83 98 93
46 18 63 79 63
46 42 64 91 87
38 4 56 89 89
38 22 58 69 69
38 52 71 74 72
41 53 72 88 75
41 64 77 80 78
41 38 26 32 31
41 22 92 96 93
41 77 73 79 77
47 66 69 91 74
47 71 11 99 70
47 72 38 57 53
47 9 92 97 92
47 24 83 84 84
71 21 86 96 90
57 6 66 71 67
57 40 37 44 40
57 11 50 86 53
57 66 24 33 24
0 77
