545 1246
0 210 16 29 29
0 438 78 83 78
0 86 24 79 37
0 455 32 93 48
0 398 63 94 75
0 187 16 88 17
0 68 53 62 58
0 15 18 37 24
210 82 93 94 94
210 368 78 92 84
438 292 26 90 78
438 268 95 99 99
438 293 75 87 78
438 253 43 46 43
438 478 26 92 92
86 425 21 78 68
86 1 53 91 72
86 459 18 33 28
455 519 67 82 79
455 152 10 51 16
398 527 28 55 35
398 363 36 73 42
398 476 39 85 79
398 259 45 91 90
187 181 28 30 28
68 171 31 63 40
68 304 62 64 62
68 204 42 49 45
68 131 74 89 85
15 12 28 93 33
15 298 90 97 97
1 80 82 99 97
80 266 87 98 91
80 430 24 39 30
80 447 80 83 83
80 362 34 53 40
80 520 91 94 93
2 255 36 92 68
255 179 91 96 95
3 491 15 61 35
3 347 48 60 59
3 458 66 67 67
491 60 82 91 87
491 44 66 67 66
491 173 61 64 62
491 346 82 86 83
347 283 39 74 72
347 357 61 71 67
347 10 79 95 89
347 375 45 67 55
347 153 43 49 47
458 424 11 24 13
458 112 18 21 18
4 173 69 71 71
4 254 72 81 81
4 118 11 81 11
4 171 29 34 31
4 387 17 23 17
173 544 93 97 96
173 253 63 73 72
173 507 89 94 91
173 139 95 99 99
173 259 24 36 35
254 44 88 90 88
254 149 20 45 24
254 497 35 61 39
254 143 22 99 53
118 4 76 86 83
118 178 42 94 94
118 331 66 90 68
387 501 33 50 38
387 65 92 99 94
387 310 41 83 52
387 214 93 100 96
387 191 35 43 40
5 149 11 43 13
5 361 41 44 42
5 479 45 66 54
149 482 25 41 37
149 190 24 77 33
149 193 27 71 55
361 250 47 56 56
361 410 51 80 52
479 336 53 58 58
479 503 38 82 66
479 343 89 93 89
479 477 76 91 86
6 451 54 85 82
6 348 45 61 48
451 184 50 79 63
451 146 51 79 55
451 213 72 97 88
7 42 65 83 66
42 459 22 50 32
42 115 39 72 62
42 141 88 98 96
42 163 45 90 53
8 511 37 68 56
8 520 18 34 32
8 513 30 32 32
8 155 47 55 50
511 303 32 57 33
511 437 70 100 88
511 496 56 82 77
520 42 64 77 74
155 535 43 53 49
155 184 61 72 67
9 471 19 98 39
9 224 54 57 57
9 328 23 65 40
471 67 65 83 82
471 111 15 94 91
471 303 81 90 81
224 99 47 69 68
328 240 94 99 97
328 167 49 79 66
10 110 81 94 82
110 202 61 81 68
110 84 34 40 39
110 89 21 56 41
11 514 26 37 26
11 125 19 45 45
514 330 17 19 18
514 446 55 83 83
514 107 88 98 97
13 108 76 92 87
13 56 52 76 72
13 29 38 98 46
13 57 74 95 92
108 321 25 26 26
108 155 32 98 81
108 277 60 65 62
108 81 72 79 74
56 125 31 58 49
56 251 89 90 90
56 180 73 94 84
56 359 87 99 98
56 367 66 95 95
56 93 47 52 48
56 294 33 46 37
29 498 90 97 93
29 514 68 85 69
29 162 41 78 75
29 30 60 62 60
29 226 26 31 31
29 48 94 100 96
57 59 19 88 82
57 435 87 91 89
14 326 67 87 71
326 36 80 86 81
298 341 37 65 49
298 169 88 93 93
298 528 93 95 93
298 270 51 82 80
17 56 70 77 72
17 429 59 82 74
429 25 45 84 56
18 530 35 99 65
18 67 37 83 37
530 125 25 30 26
67 516 91 100 96
67 503 94 98 98
20 466 81 99 96
20 116 63 70 64
20 98 24 79 69
20 308 27 42 30
466 60 16 41 39
466 240 69 88 75
466 481 43 77 67
466 529 47 98 59
466 150 57 99 86
466 214 47 94 93
116 310 60 85 73
116 319 80 87 83
98 291 44 72 57
98 442 65 83 69
98 382 33 62 34
98 46 25 56 49
308 364 26 34 31
308 407 59 63 63
308 187 38 63 52
21 528 13 93 29
21 313 17 28 26
528 342 20 48 38
528 542 60 85 85
528 3 33 89 85
313 522 55 77 75
22 486 24 80 51
22 228 10 44 28
22 465 28 35 29
486 159 40 98 75
486 482 49 89 76
228 56 75 100 98
228 238 61 92 87
228 111 92 94 94
465 334 80 86 84
23 21 21 96 75
23 259 89 94 89
259 485 74 76 76
24 392 18 69 22
24 480 77 91 88
392 225 59 74 60
480 507 88 91 91
480 158 38 48 43
25 349 62 82 80
25 21 14 76 57
25 9 62 63 62
349 191 24 27 27
349 479 46 55 49
349 503 90 95 90
349 509 35 60 37
26 535 41 80 50
26 379 51 78 51
26 108 55 58 56
379 284 32 74 43
27 89 75 89 75
27 59 26 43 30
89 493 95 97 97
89 526 21 64 45
89 300 33 37 34
89 120 93 98 95
89 242 89 98 95
59 130 18 46 22
28 281 56 92 85
28 155 69 93 83
28 507 46 69 57
28 455 45 68 68
28 508 65 93 68
281 13 71 74 71
281 73 78 83 82
281 146 17 52 34
281 375 70 91 85
281 105 42 66 64
281 286 36 92 54
507 284 82 91 86
507 511 26 41 41
508 2 51 55 55
508 85 78 91 80
498 133 29 78 62
498 395 13 63 17
162 95 69 98 81
162 422 34 92 92
162 478 19 49 24
162 205 37 99 77
226 303 11 61 30
226 177 20 94 46
226 391 82 93 84
226 161 84 90 90
226 482 45 94 89
48 70 42 81 61
48 543 70 77 70
48 301 31 36 32
31 356 32 50 32
31 391 17 76 27
356 458 77 79 77
356 143 25 35 30
356 262 46 77 54
356 366 42 48 48
391 307 41 65 50
391 382 54 64 58
391 256 56 98 91
391 266 23 93 29
391 91 83 91 86
391 430 33 63 61
32 402 19 57 28
402 276 78 93 87
33 301 92 96 94
301 124 90 95 90
301 48 26 27 26
301 87 32 40 37
301 139 19 82 70
301 456 30 63 44
34 156 65 77 77
34 540 82 95 86
34 30 19 77 46
34 371 56 95 89
34 412 90 94 91
156 484 49 100 55
540 491 48 81 51
371 475 32 68 48
371 429 63 98 93
412 434 40 58 54
412 180 58 59 58
35 307 80 95 84
35 523 47 61 53
307 208 65 82 77
307 394 38 69 49
307 293 86 93 92
307 176 60 100 65
523 125 74 75 74
523 391 33 87 61
36 138 80 97 92
36 21 40 63 40
36 399 37 67 37
36 376 70 74 74
138 449 76 77 77
138 183 48 60 57
399 182 46 100 47
399 72 88 91 89
399 539 70 72 72
376 265 38 94 51
38 226 85 97 86
39 533 29 63 56
40 369 25 41 26
40 358 30 45 37
369 21 80 81 81
369 393 76 94 84
41 489 66 94 71
489 13 80 95 93
489 389 32 91 66
459 254 87 100 100
459 70 36 74 48
459 106 44 52 45
459 189 94 99 96
459 33 65 88 74
115 423 12 92 76
115 317 43 62 57
115 139 32 86 59
115 64 31 48 34
115 510 66 82 81
115 487 68 69 68
141 500 84 97 96
163 290 69 76 71
43 264 36 52 40
43 138 24 74 31
264 524 55 70 60
264 323 92 96 94
264 246 67 80 71
44 48 28 51 46
44 382 12 64 31
45 76 57 88 66
45 193 14 51 46
45 48 69 100 76
45 109 94 98 97
76 74 32 93 33
76 494 73 100 100
76 93 81 90 81
76 517 54 62 58
76 192 33 47 34
109 445 45 92 87
109 219 70 100 96
46 501 79 82 80
70 126 86 96 86
70 289 69 84 80
70 296 16 49 23
543 470 80 88 84
543 214 16 20 16
49 319 40 86 43
319 511 32 90 49
50 471 87 91 91
50 538 10 36 22
538 162 37 52 38
538 65 23 28 26
538 489 46 47 47
51 31 76 97 80
51 255 51 81 74
52 37 16 53 26
53 313 95 96 95
53 427 12 98 98
53 338 87 90 88
53 523 38 70 44
427 118 85 89 89
427 101 30 78 44
427 480 15 87 46
54 313 61 85 69
54 391 55 88 63
54 193 17 67 26
54 292 27 77 59
292 198 85 98 85
292 113 23 86 42
292 509 67 89 71
180 197 46 91 69
180 175 38 62 54
359 105 61 69 65
359 93 67 100 71
359 496 57 61 61
359 39 33 34 33
367 513 70 99 84
367 25 35 73 48
93 505 29 63 58
93 249 35 75 59
93 218 90 97 96
93 526 25 47 42
93 140 20 34 32
294 198 53 92 88
294 537 17 49 21
294 45 81 83 83
435 342 55 99 67
435 212 37 57 42
58 71 84 92 89
58 366 68 86 69
71 253 74 83 76
130 34 84 90 85
130 111 95 97 97
130 70 27 47 42
60 66 13 37 26
60 117 20 93 24
66 361 76 80 76
66 41 56 89 72
66 263 69 81 76
66 422 12 80 43
117 41 62 99 78
117 299 51 74 55
117 327 83 88 83
61 497 18 51 50
62 280 20 29 26
62 291 20 84 22
62 343 47 52 47
62 180 84 87 84
280 43 63 64 63
280 169 66 74 74
280 177 90 97 93
291 148 29 31 31
291 401 17 70 39
291 482 76 89 83
291 513 63 71 63
343 506 89 96 96
343 46 52 75 52
63 364 46 74 61
63 88 77 85 80
364 400 59 81 60
364 54 94 95 94
364 12 43 90 77
88 22 53 70 55
88 530 86 88 86
88 442 33 36 36
64 188 91 98 96
64 391 76 90 86
188 150 25 100 62
65 262 57 77 71
65 90 70 84 84
65 300 58 77 72
65 175 54 86 77
262 255 80 84 82
262 376 30 63 52
90 184 85 86 85
300 475 24 69 61
300 28 14 27 15
175 220 75 95 80
175 310 36 44 39
175 403 10 52 51
263 481 57 83 67
422 60 32 62 52
516 492 52 69 62
516 451 53 58 55
503 166 93 100 100
503 422 12 17 17
503 327 92 96 95
503 102 88 93 93
304 167 78 92 84
304 248 42 97 55
204 43 67 81 71
204 149 20 21 21
204 254 59 63 63
131 205 15 47 27
131 461 49 92 84
69 76 81 100 95
69 309 72 100 82
69 70 53 60 53
309 315 68 98 91
309 458 94 98 97
309 179 31 35 32
126 25 70 98 95
126 406 27 34 28
126 266 18 32 20
126 289 89 100 97
126 85 38 79 70
289 372 44 47 46
289 444 66 95 84
296 395 13 90 71
296 235 59 92 62
296 251 67 96 94
253 92 76 100 93
253 296 29 76 68
253 276 89 92 90
72 151 67 97 71
72 513 22 81 32
72 345 89 100 93
151 4 69 77 77
151 35 44 46 46
151 210 74 90 74
345 123 71 92 84
345 460 59 74 62
73 476 57 91 85
73 80 39 53 45
73 21 46 69 62
476 518 26 91 87
476 206 50 70 56
476 78 30 65 64
74 137 77 78 77
74 327 76 98 92
74 418 93 96 94
74 523 60 74 62
74 211 73 91 90
137 350 84 90 90
137 47 95 99 98
137 417 49 60 55
327 71 77 80 80
327 471 80 90 90
418 376 50 59 59
418 443 76 83 83
211 500 13 44 14
211 377 73 87 77
211 100 93 96 94
211 490 95 97 96
211 419 92 100 98
517 67 47 87 55
517 528 63 100 65
517 535 18 87 69
517 462 54 96 83
517 382 36 99 51
192 208 56 99 65
192 41 91 97 93
77 133 67 78 69
133 107 13 41 34
133 254 31 35 32
78 212 64 76 70
78 327 60 89 85
212 329 86 96 96
266 487 39 65 47
266 328 66 98 75
430 205 48 69 60
447 504 30 41 39
447 302 31 61 52
447 453 84 100 93
447 490 87 92 91
447 284 52 72 61
447 212 93 100 95
362 178 44 100 67
362 444 41 61 51
362 61 44 52 52
81 376 30 31 31
81 442 50 77 51
81 319 81 87 84
442 366 67 73 68
442 254 18 65 44
442 440 87 94 93
82 177 57 77 66
82 332 69 97 69
82 390 16 69 69
177 447 24 80 35
177 528 27 54 45
332 62 84 94 90
84 254 63 87 77
84 203 17 34 25
203 381 55 93 62
85 235 85 89 86
85 411 83 93 84
85 236 29 95 32
235 162 52 76 73
235 278 29 58 57
235 459 63 80 76
411 80 65 67 66
425 145 49 97 69
87 246 54 75 65
87 2 69 89 77
493 480 65 98 73
526 149 91 94 91
526 376 12 50 15
526 363 19 21 19
120 465 26 40 32
242 450 74 97 86
242 97 72 78 78
184 15 47 78 50
91 70 82 94 85
505 278 62 89 83
505 86 39 51 40
249 116 28 90 42
218 440 23 74 38
218 10 13 89 77
218 248 29 81 51
140 505 36 87 38
94 60 43 71 69
94 54 79 85 82
95 133 34 98 82
95 134 12 74 73
134 29 81 87 85
134 129 92 93 93
134 139 33 53 39
96 352 46 58 51
96 257 17 83 25
352 226 43 73 50
352 473 43 71 59
352 338 85 100 98
352 58 56 79 73
352 250 22 42 34
352 91 83 99 88
352 451 93 94 93
352 504 63 83 83
257 198 91 98 95
257 438 34 64 40
97 313 50 58 52
97 189 72 78 77
97 200 79 80 80
189 224 46 99 59
189 388 70 78 71
200 526 21 87 40
99 512 49 74 52
512 470 86 97 91
100 347 81 89 89
100 203 67 98 69
100 121 82 90 84
121 202 71 99 84
121 173 55 68 66
121 30 69 78 70
101 428 22 67 46
101 43 66 99 88
101 263 91 97 96
102 378 77 96 87
102 197 51 86 86
378 30 74 95 85
197 465 14 89 68
197 379 74 84 78
197 351 42 48 48
103 247 56 98 88
103 40 16 29 17
104 433 59 90 65
104 266 12 84 36
433 76 68 81 71
433 529 88 89 88
433 493 14 76 59
105 480 25 42 25
105 315 21 85 77
105 97 71 90 74
105 427 34 63 43
315 220 45 55 52
315 483 77 85 79
315 105 24 77 44
106 516 25 35 33
107 268 77 93 87
107 374 48 96 89
268 436 63 67 67
268 490 10 19 17
268 317 42 79 50
268 527 83 95 95
268 257 39 56 50
374 487 37 74 69
374 89 22 83 63
374 83 69 85 78
374 106 11 20 19
321 7 20 64 51
321 332 40 82 65
321 514 19 21 19
277 62 83 86 84
277 153 38 97 43
277 126 26 45 36
219 97 68 79 77
219 74 50 68 60
219 91 61 88 73
202 291 36 62 59
202 98 18 52 23
202 480 50 57 54
111 254 45 94 76
111 290 66 77 68
290 239 36 37 37
290 193 77 96 90
290 174 52 63 60
112 71 66 69 68
113 136 48 72 70
113 226 56 76 58
113 62 18 78 76
136 429 68 81 70
136 89 36 42 42
114 98 31 53 35
114 265 64 84 81
265 141 61 70 67
265 137 90 95 93
265 161 11 78 18
423 277 67 94 80
423 50 48 90 58
423 437 54 69 58
423 300 86 87 87
317 159 66 100 99
317 193 20 87 59
317 160 53 77 70
317 109 18 22 18
139 431 20 82 28
510 187 40 65 46
487 110 43 47 46
487 0 79 97 85
487 214 44 76 47
487 331 72 87 80
487 341 66 80 72
310 75 25 83 34
310 375 71 81 77
299 0 17 97 50
299 61 46 95 49
299 346 14 37 28
299 183 94 100 99
299 531 19 32 21
178 499 65 84 68
178 244 59 88 69
178 375 60 78 61
178 81 40 63 61
178 83 35 97 88
331 20 70 76 75
119 536 34 85 75
119 190 17 49 19
119 196 26 34 26
536 133 45 46 46
536 169 27 87 78
536 9 56 72 68
536 192 93 95 95
536 167 82 86 86
190 518 34 86 47
190 487 49 54 53
190 93 64 84 64
190 357 22 52 43
190 507 72 100 89
196 414 82 88 84
123 407 25 36 25
123 529 25 89 45
123 156 51 71 52
123 201 78 81 81
123 171 57 98 73
123 442 87 93 87
407 248 20 69 53
407 250 56 100 78
407 128 18 51 22
529 370 42 73 73
529 147 45 95 94
201 34 94 98 94
201 536 85 88 88
124 445 77 78 77
124 438 34 74 45
406 88 31 95 44
406 208 89 94 94
406 341 75 92 87
127 1 76 85 81
127 199 57 99 59
199 79 64 65 64
128 60 37 61 40
129 383 37 63 47
129 294 81 87 87
129 30 93 99 98
383 540 74 93 78
205 345 15 78 63
132 268 69 77 77
132 323 13 85 76
132 477 94 98 97
323 8 68 96 96
323 322 69 75 75
323 503 50 83 50
323 341 47 83 68
477 340 55 68 55
135 29 81 98 83
135 100 40 59 49
350 489 72 97 87
350 368 55 58 56
350 413 47 88 75
417 86 47 55 53
417 68 94 96 94
417 2 75 92 80
417 367 51 55 54
449 94 15 21 16
183 74 24 51 49
183 319 93 96 93
431 139 76 80 76
500 261 73 89 81
500 44 30 54 52
500 283 18 23 23
142 528 26 70 42
142 189 43 84 69
143 165 94 100 95
143 178 15 47 42
143 129 93 96 95
143 23 93 96 93
143 45 61 89 82
165 347 30 63 47
165 71 20 39 22
144 266 55 57 57
145 14 91 96 94
145 304 39 43 41
145 137 93 97 94
146 283 48 85 54
146 119 32 78 56
146 348 24 97 68
146 351 28 65 61
283 53 17 98 84
283 415 36 88 57
283 338 53 75 67
283 538 79 96 89
283 461 23 68 31
351 177 62 63 63
147 523 60 78 60
148 213 91 92 92
148 40 13 48 27
213 335 36 70 44
482 374 79 82 79
482 66 68 73 73
482 304 48 80 68
150 464 38 61 44
152 508 66 78 69
152 321 34 39 38
152 397 12 84 38
152 36 36 62 45
152 48 21 86 32
397 37 32 49 35
397 225 71 85 77
397 325 24 84 33
154 360 83 87 87
154 24 40 94 41
154 420 79 86 83
154 202 75 80 75
154 268 94 95 95
360 38 44 48 46
360 264 39 89 40
360 373 86 100 90
420 305 74 94 82
420 119 94 99 97
484 22 71 72 71
484 127 13 70 32
484 256 94 98 96
157 25 51 73 64
157 228 27 47 27
158 419 77 79 78
158 177 25 54 37
158 151 69 100 88
419 40 20 87 62
419 401 50 62 50
419 115 43 52 51
159 457 32 51 35
159 330 66 75 75
457 424 86 90 86
457 125 24 93 46
457 140 17 52 23
457 102 56 84 67
457 298 58 75 69
457 136 50 66 53
330 16 23 53 42
330 319 75 98 96
160 476 85 89 85
160 503 84 97 85
161 186 21 34 33
161 103 87 89 88
186 190 31 56 52
186 519 73 99 85
186 413 62 75 70
478 371 20 28 20
164 514 95 99 95
164 230 30 72 71
230 14 86 93 86
230 308 40 100 69
230 91 56 72 58
166 316 17 57 20
166 464 94 95 95
316 42 49 86 52
316 246 12 82 28
316 457 38 92 68
316 232 34 68 68
167 373 79 86 81
168 113 69 72 69
168 198 20 22 22
168 54 18 68 40
168 58 62 80 69
168 265 69 96 75
168 522 31 46 38
198 87 87 99 93
522 91 27 49 40
169 195 64 89 88
195 498 44 55 52
195 400 89 94 90
195 437 17 55 44
170 327 19 22 19
172 535 59 60 59
172 528 63 84 72
172 159 85 91 90
172 348 85 89 89
172 185 84 85 84
185 467 18 53 53
185 504 10 90 66
174 298 89 92 92
174 494 19 80 43
220 477 16 58 21
220 396 56 94 67
220 271 34 55 45
220 311 10 88 67
403 105 62 79 68
403 439 34 48 38
403 357 88 90 88
403 131 72 97 72
176 349 77 83 81
244 102 82 89 88
244 281 39 83 75
244 209 83 87 86
244 126 65 80 78
244 46 10 89 65
244 342 85 93 90
375 313 43 94 61
375 445 84 86 86
375 116 14 24 15
179 218 28 45 28
181 158 62 86 64
181 448 34 81 64
448 192 80 96 87
182 289 34 86 35
467 481 49 50 49
467 429 71 94 88
504 205 33 40 39
504 441 89 95 94
504 516 82 94 88
519 541 71 75 71
519 262 73 92 73
519 458 87 94 89
413 64 28 81 72
388 499 45 55 50
518 61 48 51 48
518 197 24 36 35
518 449 85 94 87
357 32 65 94 74
191 151 43 52 46
191 353 48 75 71
191 165 52 55 53
191 181 33 52 43
191 192 34 84 52
191 479 45 76 54
353 360 10 47 12
208 73 82 94 83
208 37 62 99 62
208 299 83 94 92
208 216 21 89 39
208 472 73 98 96
208 338 20 68 32
400 503 25 82 50
400 198 91 92 91
437 150 86 89 87
381 72 76 99 89
381 537 67 72 72
381 392 54 67 67
381 488 28 41 31
206 63 33 97 65
207 388 73 78 76
216 401 80 92 92
216 235 59 77 70
216 172 12 21 13
216 4 47 82 71
216 79 11 54 34
216 89 56 97 75
472 166 43 56 48
472 315 79 80 80
472 464 76 84 82
472 66 91 100 98
368 520 31 33 31
377 401 61 88 83
377 475 11 64 64
377 250 15 82 20
377 61 66 97 97
329 250 58 98 83
329 48 46 57 50
329 296 81 83 83
335 490 91 99 97
335 117 93 97 93
335 54 69 79 75
335 266 19 31 25
335 480 30 31 30
335 390 11 48 23
214 501 91 94 91
214 34 69 85 74
215 150 93 100 98
215 142 55 97 60
215 447 47 82 47
401 343 60 97 86
401 96 14 34 33
217 498 49 53 52
217 538 85 100 94
248 183 26 52 50
248 463 82 95 89
396 360 14 58 43
271 182 53 66 57
311 134 30 76 67
311 27 29 89 69
311 224 54 56 54
221 131 48 86 70
221 513 29 59 55
221 510 49 67 64
222 127 33 63 63
223 456 84 89 84
223 323 27 69 50
456 365 11 100 63
225 403 89 91 90
225 544 90 94 94
225 76 71 97 97
303 324 68 85 70
303 514 54 80 58
238 250 32 86 70
229 213 26 55 40
229 269 89 93 93
269 408 81 86 86
269 120 29 30 30
231 500 40 53 49
232 118 23 85 23
232 273 69 80 69
232 265 60 77 63
232 491 91 97 92
273 185 13 27 20
273 109 26 92 64
273 490 30 68 64
233 351 89 94 90
233 122 10 31 28
233 279 36 82 56
279 125 44 86 66
279 290 58 97 86
279 64 18 69 33
279 27 16 89 76
234 342 23 99 32
342 353 12 65 15
342 118 91 93 91
342 170 78 95 86
237 177 75 99 85
237 43 30 34 34
237 78 55 58 55
250 271 48 66 50
250 135 24 40 25
239 481 73 89 77
239 381 61 93 76
481 491 55 92 77
481 167 37 76 75
240 90 55 72 55
241 17 19 79 39
450 259 16 27 25
450 127 44 64 50
450 217 41 62 46
243 102 90 97 90
243 166 43 63 46
243 296 82 96 84
243 424 53 98 58
424 79 81 96 83
424 37 49 81 72
245 18 63 100 70
245 471 10 95 76
245 472 92 94 92
245 456 69 75 74
463 245 52 100 92
463 420 88 96 91
252 39 40 85 57
252 73 80 88 80
252 442 55 63 60
252 287 83 96 94
287 320 20 29 24
287 409 34 73 34
287 474 47 67 59
276 177 33 71 50
276 455 90 97 92
276 14 32 52 51
276 203 21 40 38
256 226 34 96 54
256 230 53 88 84
256 507 13 34 17
256 403 36 49 42
485 340 10 26 11
485 165 44 85 75
485 270 79 94 89
260 390 85 91 85
260 6 89 94 91
261 70 68 80 73
261 442 32 94 56
267 184 46 96 79
436 118 21 93 48
436 3 31 58 49
436 486 68 88 77
436 153 95 96 95
408 219 89 95 90
270 393 14 17 16
270 144 36 86 73
270 479 16 84 42
270 22 69 95 86
393 508 31 39 38
393 348 42 74 63
393 339 73 94 87
272 411 31 98 44
272 338 40 72 46
274 147 80 92 92
275 299 59 88 88
275 280 82 85 85
286 119 81 96 81
286 180 14 41 30
282 220 73 85 73
415 332 36 91 74
415 255 33 81 61
415 102 19 65 39
415 70 56 88 76
285 256 93 94 93
285 62 24 32 31
320 0 31 38 32
320 301 38 50 47
320 306 13 77 76
320 530 23 54 32
320 191 42 75 45
320 72 48 88 82
320 418 62 72 67
409 441 19 39 31
409 467 36 81 71
409 273 60 73 71
474 500 21 59 58
474 303 72 96 84
288 348 12 59 35
372 61 92 100 97
372 347 11 16 14
372 323 89 100 91
372 272 38 71 59
372 537 61 79 63
444 319 65 68 65
444 21 15 100 25
509 377 14 88 67
509 345 91 99 91
293 16 34 46 35
293 492 91 98 96
293 153 72 89 86
492 239 62 88 83
492 428 84 97 93
537 498 32 57 52
537 225 27 78 44
537 123 76 93 84
295 337 42 55 43
295 95 29 91 54
295 55 38 84 68
295 170 28 74 74
337 31 14 85 31
337 329 59 94 64
395 508 64 93 71
297 526 56 83 69
297 169 62 97 70
531 223 31 71 65
531 332 67 74 71
531 321 57 74 67
531 218 70 93 93
302 47 25 43 26
302 127 75 97 93
302 496 22 56 54
302 441 27 46 40
496 214 91 92 92
496 440 37 58 43
324 406 81 100 88
324 147 79 86 85
305 384 80 95 84
305 4 70 93 86
305 9 74 79 79
305 118 80 86 84
384 26 57 66 66
306 534 52 93 78
534 311 94 97 97
394 473 95 97 95
394 203 51 68 67
312 36 47 84 51
312 235 32 58 50
314 109 85 91 90
314 352 90 92 92
314 89 50 68 66
483 65 54 72 55
483 210 26 52 39
318 462 65 72 69
318 306 10 94 41
318 471 50 95 58
462 74 53 98 96
462 150 50 91 81
322 187 57 94 57
322 344 55 85 59
322 192 32 66 62
344 339 88 93 88
344 328 11 41 35
333 446 47 73 65
333 221 54 98 94
446 124 89 96 93
334 437 19 73 29
334 206 59 79 59
334 161 29 94 73
334 530 69 98 72
336 413 38 56 38
339 199 19 92 79
339 89 22 56 56
339 4 10 56 50
340 26 29 58 42
506 304 27 38 33
506 80 73 80 74
506 137 14 43 25
460 109 68 84 79
460 37 41 58 57
460 413 48 92 69
473 290 43 77 67
354 65 45 48 46
354 241 32 55 54
410 543 26 46 39
410 394 72 100 95
363 121 85 89 89
363 77 30 67 38
363 125 41 91 80
370 186 75 97 85
370 375 89 94 93
370 518 95 99 98
380 119 58 67 65
380 297 28 97 86
380 292 31 74 55
380 377 18 86 49
488 520 59 93 59
488 382 16 24 16
488 339 19 30 22
488 542 79 90 90
385 273 56 95 90
386 190 36 100 92
386 66 76 83 76
386 304 73 85 79
389 483 81 85 81
389 95 83 95 93
539 240 71 79 73
539 121 42 96 90
439 33 12 68 29
439 402 86 92 91
404 130 51 97 54
404 442 74 95 82
404 298 17 92 51
434 178 56 71 66
416 40 94 96 95
416 188 75 96 85
443 64 57 90 90
443 44 68 86 76
421 195 69 89 72
421 13 65 97 70
426 139 42 82 58
432 361 65 80 65
453 494 70 81 76
453 375 31 78 34
453 48 76 77 76
453 483 82 100 82
452 453 86 97 88
454 43 55 69 63
454 385 35 48 48
454 42 26 46 27
468 263 44 52 46
470 436 73 79 73
470 429 74 90 85
495 301 16 48 35
495 513 45 90 50
502 119 83 97 90
502 390 73 98 98
515 153 59 75 66
515 361 29 79 29
515 148 83 92 88
541 297 78 93 93
521 332 57 65 58
521 35 55 64 62
521 514 29 97 59
521 246 68 97 76
521 524 48 73 68
521 5 76 89 88
525 451 85 87 86
532 520 10 98 76
0 544
