76 278
0 4 68 85 80
0 2 75 93 84
0 44 69 70 69
0 8 52 77 53
0 25 92 96 94
4 12 29 92 91
4 22 70 82 79
4 53 90 97 95
4 3 12 24 18
4 43 13 84 80
4 29 52 87 79
2 9 47 83 55
44 14 40 84 73
44 35 27 70 50
44 16 16 76 46
44 38 35 82 56
8 43 67 73 71
25 74 21 76 60
25 68 57 91 57
25 69 75 80 76
1 45 88 93 92
1 12 43 99 55
1 2 92 99 98
1 23 67 100 73
1 53 67 99 72
1 71 48 76 74
45 72 17 29 21
45 67 38 75 40
45 36 76 90 78
45 50 79 81 80
45 69 11 92 74
45 11 19 38 19
45 23 85 87 87
45 55 67 85 70
12 52 77 99 85
12 22 26 48 42
12 1 30 86 84
12 34 58 83 80
12 54 12 69 65
12 72 37 56 43
23 70 22 94 56
53 1 23 74 55
53 30 90 92 90
53 16 90 98 95
53 49 34 45 41
71 8 41 51 42
71 39 60 93 90
71 22 24 36 26
71 43 19 54 29
71 35 72 81 81
9 56 40 62 41
9 33 66 96 92
3 5 44 50 49
5 8 38 56 43
5 23 73 95 73
5 17 16 92 32
22 21 23 60 58
22 47 65 92 69
22 63 26 66 52
22 26 64 69 68
43 59 45 68 65
43 16 86 98 95
43 26 52 91 53
43 28 70 86 73
29 56 58 68 68
29 15 86 98 90
29 37 72 95 94
17 57 15 66 46
17 6 78 86 83
17 46 76 79 76
17 69 58 86 64
17 58 17 24 21
17 21 10 42 18
6 64 66 83 68
64 17 53 63 55
64 58 27 58 33
7 23 24 71 52
7 0 62 99 78
7 13 80 96 88
7 38 69 82 82
7 70 82 87 87
13 38 63 67 63
13 68 53 58 54
38 42 85 87 86
38 19 89 99 96
70 62 36 72 60
70 50 40 91 63
70 33 26 81 74
70 71 15 85 24
56 17 12 89 87
56 52 78 98 81
56 15 87 93 93
56 3 42 61 49
56 58 39 98 78
56 6 25 32 25
56 41 92 97 96
56 29 44 100 85
33 58 25 93 44
33 18 17 23 19
33 19 60 63 63
33 1 51 65 60
33 28 14 21 20
33 61 58 87 81
10 47 40 83 47
10 51 10 76 13
10 45 10 41 34
10 24 56 74 57
10 18 12 49 40
10 55 68 70 69
10 65 93 97 97
10 22 60 82 76
47 69 85 90 89
47 3 56 96 61
47 17 49 75 54
47 15 33 65 38
51 4 58 99 91
51 38 84 94 90
51 58 86 92 92
24 73 84 95 91
24 44 31 75 57
24 14 42 95 77
24 5 57 61 59
24 17 28 52 39
18 25 82 89 85
18 9 89 96 95
18 58 37 81 68
18 29 56 96 68
55 24 80 84 84
55 21 48 72 72
55 57 15 91 24
65 9 31 97 88
65 37 67 77 75
65 26 25 55 53
65 2 40 58 44
11 24 49 78 63
11 64 68 100 99
52 63 30 35 34
52 24 59 95 89
52 55 23 71 38
52 38 22 26 22
52 49 42 59 56
52 61 93 94 94
34 73 26 59 30
34 44 11 35 27
34 25 56 99 73
34 60 18 64 25
54 1 14 58 52
54 15 23 63 35
54 57 40 89 85
72 50 61 75 72
72 8 52 98 58
72 55 46 65 49
68 57 58 96 80
68 53 48 94 59
68 62 34 83 82
68 29 61 84 63
14 41 44 85 84
14 65 32 49 36
14 37 72 93 89
14 23 55 94 73
14 48 68 76 73
14 58 34 79 77
41 58 22 34 27
41 74 41 97 91
37 9 56 92 63
37 10 51 56 53
37 71 37 60 45
37 25 91 99 96
37 8 83 97 85
37 45 80 90 81
48 4 67 90 84
48 65 73 95 95
48 57 81 84 82
48 64 25 41 36
58 44 74 94 87
58 40 90 98 98
15 74 84 90 86
15 43 80 83 82
15 24 58 65 64
74 17 20 96 54
74 51 47 66 57
74 57 43 69 47
16 1 94 98 95
16 14 43 66 45
16 46 33 45 39
16 12 12 84 28
16 75 80 82 82
46 53 31 49 49
46 31 24 61 25
46 25 54 95 62
46 54 21 65 65
46 48 92 100 94
75 42 28 68 62
75 30 20 58 40
75 47 69 84 75
69 75 86 94 93
69 36 32 76 42
21 37 94 99 95
21 50 71 90 75
19 59 15 53 49
19 27 36 41 36
19 9 75 93 81
19 42 78 83 82
19 24 16 98 30
59 16 73 100 99
27 40 61 91 78
27 68 69 79 79
27 44 73 92 82
27 35 32 98 77
27 33 94 100 98
27 60 87 100 87
42 55 22 68 50
42 24 29 83 71
42 48 68 98 81
42 37 89 100 93
20 61 27 43 37
20 18 43 86 82
61 5 87 91 90
61 65 28 78 32
50 7 19 56 46
50 60 82 89 89
50 20 59 62 59
63 75 23 41 24
63 58 15 87 29
63 55 93 100 98
63 36 50 76 74
63 11 39 77 41
26 32 95 96 95
26 37 72 77 77
26 22 35 66 35
26 66 36 46 36
73 7 57 86 76
73 20 47 75 64
73 43 80 84 80
73 49 79 99 83
32 24 89 98 92
32 14 46 47 47
32 21 25 53 31
66 69 87 91 89
66 21 85 97 97
66 8 35 89 73
40 21 45 68 62
40 38 69 78 69
40 74 63 93 80
35 70 77 89 80
35 20 95 99 98
35 31 79 83 82
35 33 23 61 28
60 24 60 72 71
60 26 70 72 71
28 45 94 96 94
28 41 57 92 92
30 35 65 87 76
30 66 74 83 82
31 9 17 69 44
31 28 94 99 94
31 10 60 63 63
31 49 47 59 48
49 23 27 92 41
49 69 52 57 54
49 8 60 61 61
36 61 10 12 10
36 5 57 82 61
36 16 15 44 17
39 47 63 75 71
39 65 13 54 28
67 37 27 86 30
67 44 39 88 54
67 64 15 85 61
67 8 86 94 88
67 42 41 91 55
62 72 53 87 73
62 68 46 58 47
62 7 19 62 32
62 28 64 69 65
62 37 90 91 90
62 30 56 84 64
62 39 24 54 47
0 75
