381 944
0 320 83 86 84
0 240 71 78 77
320 380 80 84 83
320 202 30 83 53
320 126 57 90 86
320 271 24 52 33
320 287 88 93 91
1 205 27 73 43
1 127 18 46 20
1 101 54 80 70
1 207 87 90 90
205 132 21 99 59
205 228 59 99 82
205 117 69 78 70
205 204 68 97 94
205 168 33 67 43
127 111 55 90 59
101 291 70 90 75
101 20 41 85 53
101 19 75 82 76
101 81 39 90 47
101 177 39 67 46
207 218 34 74 47
207 146 23 49 23
207 378 30 52 30
207 358 73 88 79
207 131 61 63 61
207 380 78 81 79
2 323 78 88 85
2 14 18 90 77
2 369 68 76 70
2 162 34 60 55
323 340 20 46 28
323 334 25 47 26
14 153 15 86 17
14 126 36 100 94
14 265 12 96 25
14 196 59 62 62
369 11 73 87 86
369 168 78 92 84
162 17 81 88 88
162 222 54 57 56
3 249 39 44 43
3 159 74 76 74
3 371 29 99 37
249 178 62 72 72
249 231 68 100 78
249 274 46 58 48
371 16 46 89 49
371 210 62 64 62
4 228 56 66 57
4 79 89 99 94
228 287 11 63 63
228 56 10 61 12
228 157 92 96 96
228 158 47 80 60
228 23 84 85 85
228 199 23 58 30
5 0 18 57 40
5 191 55 96 75
5 332 14 25 17
5 288 58 80 80
332 156 21 79 54
332 346 14 39 18
332 196 55 83 80
288 350 95 98 97
288 264 18 91 70
6 251 25 37 32
6 12 34 97 57
251 111 42 90 57
251 0 19 25 23
251 272 71 81 71
12 359 18 22 18
12 304 44 88 47
12 342 62 83 62
7 205 34 70 44
8 268 88 99 89
268 31 25 43 28
268 222 33 62 52
268 271 85 95 93
268 45 19 69 32
9 296 32 75 49
9 331 83 88 87
9 292 54 85 73
9 227 82 92 89
9 321 21 78 75
296 9 47 53 50
331 303 32 63 34
331 369 33 49 49
331 328 50 55 50
292 168 48 72 71
227 352 34 73 64
227 226 18 69 59
227 268 44 46 44
321 316 13 52 14
321 323 37 70 49
321 314 20 27 21
321 67 72 78 78
10 18 76 99 87
10 65 92 98 93
10 26 52 93 66
10 117 64 67 65
18 286 86 92 87
18 88 62 85 71
18 296 54 74 60
65 137 73 92 91
65 36 41 74 71
26 271 75 80 78
26 313 76 83 82
26 12 63 89 78
26 302 58 99 87
26 377 80 88 84
26 41 37 85 84
26 171 54 88 77
117 23 52 67 66
11 338 84 89 89
11 310 23 44 24
11 115 39 73 73
11 43 30 96 51
310 297 66 72 71
310 291 40 92 55
310 13 81 89 83
115 213 95 100 96
115 112 12 37 12
43 144 63 91 67
43 101 45 76 48
43 99 85 94 85
43 235 59 80 66
43 333 55 69 65
304 177 37 68 67
342 72 69 78 72
342 370 44 47 46
342 300 53 88 53
13 108 82 85 82
13 332 40 91 62
13 48 66 71 67
108 231 87 93 92
108 109 68 79 75
108 175 51 66 54
108 271 37 82 65
48 284 23 86 70
48 361 27 39 35
48 225 80 82 82
48 95 85 94 90
153 152 64 70 66
153 200 31 46 36
126 259 15 38 28
126 220 56 89 88
126 101 11 61 61
265 323 21 31 21
265 112 94 99 95
15 276 83 85 83
15 322 73 96 87
15 271 40 86 80
15 85 11 98 67
276 58 33 64 42
276 268 89 96 89
276 217 86 92 91
276 109 11 28 26
322 155 61 97 93
322 260 25 94 86
322 53 79 89 81
271 260 32 33 33
271 51 17 25 24
85 280 32 96 90
85 341 43 76 57
85 6 65 92 74
85 351 11 36 16
16 329 39 52 42
16 14 83 94 90
16 98 10 95 92
16 115 19 23 21
16 32 17 90 75
16 246 68 96 72
16 180 18 40 33
329 378 20 100 52
329 34 80 95 82
329 198 36 45 40
329 365 58 100 87
329 87 93 100 94
329 218 48 76 67
329 341 72 87 74
329 373 39 50 41
329 170 66 84 74
98 338 69 80 75
98 58 74 79 78
32 164 85 91 85
32 327 30 100 96
32 145 68 77 72
32 265 88 99 99
246 309 80 91 84
246 69 39 43 40
246 88 19 85 78
246 62 23 73 67
180 80 67 85 74
17 59 45 69 54
17 110 42 71 55
59 366 71 81 71
110 14 65 93 82
110 136 13 74 42
110 235 88 100 90
110 102 38 57 49
286 190 47 51 51
88 275 30 43 34
88 300 16 99 68
88 241 50 91 88
88 315 67 93 90
19 241 52 100 84
19 2 66 88 78
241 330 62 97 84
241 266 13 39 35
20 118 35 99 89
20 2 52 92 56
118 363 26 76 60
118 329 85 96 94
21 361 32 49 43
361 313 87 98 88
361 273 48 95 48
22 5 16 44 41
25 38 41 73 73
38 1 86 92 89
38 315 95 98 97
313 80 46 51 47
313 346 86 96 96
313 75 91 93 93
313 76 29 61 59
302 4 83 87 85
302 245 37 94 40
302 330 94 100 99
377 136 70 88 74
41 365 23 69 62
171 91 39 96 79
171 152 72 98 91
27 296 20 71 46
27 119 34 45 44
119 33 13 65 54
119 227 91 95 93
119 282 82 93 86
119 90 72 73 73
28 293 95 100 97
28 318 50 52 51
28 250 87 93 93
318 100 15 39 20
250 111 61 76 65
250 114 23 64 58
250 92 72 87 80
29 5 26 28 27
29 316 25 35 34
316 87 10 59 59
316 28 49 74 73
316 62 74 89 78
316 198 27 61 34
316 126 90 92 92
30 20 89 91 89
30 343 13 22 15
30 51 81 97 96
343 49 20 26 25
343 29 65 99 85
51 263 53 59 55
51 189 80 87 83
31 211 76 82 80
31 148 70 81 72
211 74 16 54 37
148 326 73 98 87
164 191 85 98 94
327 94 59 92 59
145 258 83 98 87
145 166 56 58 58
33 95 56 80 63
95 294 68 98 78
95 280 34 94 58
95 198 87 97 91
34 277 40 54 40
34 0 55 60 58
34 324 72 99 72
34 126 59 95 61
34 124 69 96 87
34 100 78 91 86
34 120 21 73 26
324 125 68 93 77
324 236 34 99 35
124 198 71 76 75
124 286 36 67 59
100 70 61 100 90
120 46 51 69 51
35 365 13 19 14
35 287 73 93 80
35 25 75 85 79
365 131 57 80 61
365 72 25 49 36
287 276 72 90 78
287 366 18 65 28
36 161 89 99 93
161 228 51 69 67
161 321 20 75 39
161 93 88 97 93
37 45 80 96 91
37 256 19 30 29
256 189 76 85 82
315 372 76 99 97
315 247 34 36 34
315 100 24 78 50
39 159 85 95 95
39 80 94 100 95
39 166 30 36 31
80 185 63 67 66
80 93 53 89 70
166 268 27 41 40
166 329 19 73 33
40 101 33 34 33
40 346 41 53 53
40 105 82 100 99
40 114 48 66 48
40 244 16 69 60
40 195 59 63 61
114 13 85 95 88
114 376 28 48 34
114 172 28 29 29
114 362 58 76 64
114 341 16 71 65
244 374 40 61 56
244 336 58 93 89
244 170 32 77 45
244 260 70 87 85
244 41 50 91 77
244 304 16 64 42
195 3 69 78 76
195 348 19 38 25
195 262 84 97 95
195 370 81 94 90
195 283 35 55 41
195 173 43 85 51
195 40 56 60 58
42 165 33 50 45
42 174 60 67 66
165 370 89 97 95
174 66 82 86 86
99 375 39 76 55
99 264 75 77 75
99 347 46 93 93
235 133 65 98 88
235 86 52 83 78
333 189 43 99 91
333 107 77 87 82
44 21 59 75 71
44 323 56 90 83
44 207 90 100 91
44 324 19 75 45
46 39 68 80 73
46 161 32 57 44
46 129 69 89 81
129 40 90 97 93
129 16 68 88 82
129 183 21 71 65
129 245 59 73 69
47 257 35 78 36
47 245 31 100 81
47 105 76 86 86
47 29 37 44 40
257 231 37 83 51
284 146 14 63 52
284 30 19 67 37
284 23 64 65 65
284 201 77 89 78
225 289 26 79 28
49 374 73 96 96
49 249 13 47 24
49 113 93 98 98
374 178 21 23 23
374 315 86 95 95
113 307 21 82 62
113 217 40 78 45
113 80 20 84 81
113 284 16 39 37
113 90 82 99 85
50 196 34 80 44
50 212 78 88 85
50 81 20 82 79
50 62 74 81 75
50 128 20 31 28
212 350 14 24 20
212 236 11 56 12
212 65 80 90 82
81 261 50 88 65
81 312 29 43 37
62 372 74 77 74
128 243 39 72 63
128 3 11 94 34
128 181 38 90 84
263 210 48 94 86
189 148 33 69 51
189 210 51 83 64
189 253 54 64 62
52 268 10 97 73
53 224 35 63 39
53 10 76 99 86
53 222 36 73 48
224 45 72 88 82
222 370 60 62 61
222 236 51 79 51
222 265 26 97 27
222 137 28 48 48
54 343 28 80 67
55 176 52 87 73
55 272 85 94 92
176 232 74 95 92
176 359 80 94 86
176 108 47 64 57
272 357 95 100 99
56 110 13 21 17
56 7 59 88 75
57 227 75 80 79
57 56 55 94 63
58 361 17 96 76
58 355 11 93 50
366 316 80 100 90
366 286 24 72 68
366 328 73 81 81
366 40 11 82 70
60 141 38 49 45
60 200 79 92 92
60 27 71 97 89
141 58 55 75 71
141 18 39 56 52
141 374 88 94 90
141 54 25 64 45
141 159 56 76 60
200 250 17 60 41
200 182 21 33 27
200 230 51 89 76
200 20 15 90 85
200 167 26 89 85
61 200 71 84 75
61 159 52 82 75
61 371 30 73 73
372 332 48 92 48
63 85 33 62 43
63 46 55 57 57
63 152 46 87 66
152 15 18 44 35
152 154 49 62 50
152 60 24 52 48
152 251 57 83 79
64 151 46 97 48
137 139 45 71 63
137 246 27 62 44
137 330 91 94 93
137 39 60 100 73
66 252 10 51 11
66 137 91 92 91
66 47 42 52 42
66 314 43 99 54
252 90 76 78 77
252 60 38 55 40
252 203 77 94 91
314 63 70 99 96
314 219 43 51 43
67 216 91 92 91
67 226 30 88 48
67 57 84 92 86
216 202 73 77 73
216 281 38 91 90
226 149 13 55 37
226 227 60 63 60
226 233 21 71 36
226 248 67 68 67
68 102 68 90 78
68 10 68 93 69
102 205 67 89 80
102 174 34 44 38
102 359 85 93 93
102 302 58 60 58
69 19 89 91 89
70 309 60 81 73
70 326 69 81 76
70 177 61 80 80
309 86 91 96 93
326 280 40 78 49
326 143 10 66 18
177 283 37 65 63
177 147 77 90 90
177 128 93 99 93
71 364 16 47 25
71 292 22 95 51
71 35 30 84 84
71 285 82 90 83
71 309 69 96 71
364 42 16 96 42
364 113 48 54 54
364 267 70 97 86
364 176 87 89 87
364 351 50 70 52
285 300 48 75 70
285 4 22 58 37
285 21 66 100 79
285 112 25 86 55
285 170 41 69 62
72 216 92 99 94
72 39 80 83 81
72 380 17 37 17
380 217 61 76 65
380 310 28 74 38
380 324 55 56 55
73 259 40 59 58
73 14 56 89 67
73 328 59 79 64
259 49 13 100 36
259 296 93 95 95
328 369 19 43 32
328 92 65 99 77
74 119 20 97 78
74 273 91 99 96
74 338 44 54 51
273 162 90 92 92
75 257 62 79 79
75 343 34 61 36
75 66 31 49 40
77 25 37 69 50
77 128 55 88 83
77 46 11 65 16
77 312 72 87 86
77 123 73 96 89
77 307 26 82 68
312 139 45 51 46
123 345 87 99 98
123 378 21 56 30
123 119 79 100 98
307 188 83 84 84
307 56 39 61 43
307 182 65 75 73
78 106 84 93 85
78 49 95 98 95
78 57 32 62 34
185 90 63 81 81
185 49 39 62 50
185 232 83 97 88
185 347 47 60 51
185 197 37 59 50
93 332 14 34 26
93 374 95 100 100
261 181 64 93 75
261 368 56 81 58
82 316 52 77 57
83 33 16 73 54
83 305 42 54 49
83 302 52 79 63
83 327 95 96 95
305 41 86 99 91
305 130 83 90 89
305 245 69 86 86
305 194 28 100 73
305 370 20 52 26
305 292 72 80 75
84 43 77 80 80
280 96 20 71 55
280 278 24 71 55
280 37 40 41 41
341 229 94 99 98
341 44 55 76 64
351 345 80 87 85
86 117 56 89 65
86 39 56 73 58
86 190 19 43 33
86 347 26 46 28
190 338 22 95 88
347 377 28 42 38
347 67 19 41 19
347 326 70 99 97
87 295 67 81 81
87 289 65 82 67
87 219 35 88 76
87 77 86 87 86
295 264 53 62 55
295 211 46 86 76
289 263 27 81 47
289 22 18 26 25
289 269 18 88 34
219 9 41 60 58
219 43 38 75 47
219 352 71 87 80
219 207 38 79 66
275 29 74 76 75
275 318 27 93 85
275 72 92 94 93
300 331 58 69 61
300 133 95 97 95
89 355 88 98 95
89 361 60 70 66
90 53 94 100 95
91 235 54 70 66
91 338 71 81 77
92 153 85 93 87
92 38 69 89 77
94 323 83 93 83
94 325 71 90 90
94 57 13 83 78
94 203 75 80 76
94 310 85 94 93
325 199 42 73 60
325 361 82 91 85
325 31 75 98 82
203 145 26 56 38
203 260 81 88 87
203 367 24 32 28
203 134 30 52 46
294 107 23 48 32
294 144 34 48 37
294 85 24 52 46
294 363 15 97 23
294 111 29 72 42
96 173 39 76 42
96 378 40 46 45
173 86 64 78 70
173 83 91 95 95
378 234 16 30 30
378 174 23 45 38
378 157 66 87 69
378 121 71 87 78
375 121 49 76 65
375 91 74 100 79
264 8 65 93 85
264 21 12 99 86
264 61 18 22 21
264 283 85 95 88
264 325 58 74 65
291 252 21 91 41
291 233 56 84 72
291 41 15 87 55
291 223 79 99 82
291 313 29 53 52
103 255 17 83 28
103 39 19 45 39
103 194 23 51 37
194 294 50 64 51
194 330 53 62 53
104 344 37 77 47
104 53 49 55 50
344 151 59 75 67
344 71 13 96 40
344 163 42 55 49
107 163 28 51 37
163 259 12 68 34
231 296 49 91 91
231 212 12 77 69
109 349 40 54 45
175 159 80 97 95
175 290 73 93 85
175 115 38 77 40
175 195 86 98 95
349 132 15 51 34
349 47 75 99 98
349 282 90 97 97
136 217 21 60 28
136 15 47 84 62
136 120 35 89 51
111 120 16 40 30
112 137 44 91 69
112 268 62 70 62
112 309 31 84 84
217 208 56 91 84
217 374 60 69 67
217 200 71 87 85
217 222 47 73 64
217 265 26 83 53
376 1 42 95 58
376 250 69 77 77
172 350 69 71 70
172 334 33 96 80
172 28 27 82 66
362 112 17 18 17
362 35 10 79 37
213 179 40 85 76
213 217 92 94 94
213 309 55 90 63
213 244 62 95 84
213 359 66 67 67
116 281 78 100 79
281 293 39 50 39
281 114 75 86 77
363 146 31 41 37
363 109 27 83 37
363 316 24 37 35
363 233 58 69 60
282 132 22 81 39
282 218 61 97 88
282 320 37 68 57
121 153 21 44 37
121 304 50 58 55
121 297 12 26 18
297 200 32 72 60
297 347 57 70 68
297 371 80 82 82
297 278 71 82 76
122 211 21 41 37
122 68 52 69 58
122 63 22 35 33
345 184 75 88 82
345 360 81 97 87
125 74 49 99 92
125 9 82 95 85
125 99 39 95 46
125 377 66 91 89
125 376 69 84 75
220 245 64 74 64
220 105 49 94 78
181 240 92 96 95
181 8 47 80 62
183 81 55 98 92
130 169 21 51 22
169 200 86 98 90
169 82 75 87 76
131 341 35 50 35
132 147 82 98 83
147 223 86 91 88
133 102 57 68 63
133 148 63 69 69
134 15 92 95 93
134 47 89 90 89
134 252 61 91 63
134 33 74 84 79
134 335 56 78 76
134 37 14 49 31
135 193 15 94 77
135 341 62 81 81
135 347 58 74 61
135 247 67 76 67
135 35 65 97 87
193 4 73 82 82
193 165 80 90 81
193 2 21 72 58
139 367 50 52 50
139 238 93 94 94
139 347 92 96 96
139 316 43 89 75
330 246 34 89 89
330 323 35 73 71
330 139 92 100 100
138 272 35 42 41
138 44 43 45 43
367 22 25 26 26
367 262 73 88 76
238 82 80 86 83
238 155 76 79 77
238 332 39 67 43
140 182 69 72 70
182 223 61 78 76
182 10 92 99 92
142 27 26 53 48
142 61 51 82 66
142 183 61 94 66
143 204 57 91 91
143 3 92 95 94
143 209 14 37 37
204 370 10 80 69
209 26 79 86 81
258 36 85 99 85
223 300 82 96 87
223 186 49 71 62
149 143 37 55 41
149 218 21 23 21
218 41 91 94 92
218 87 53 59 56
150 223 41 92 66
150 155 16 35 23
150 51 34 51 48
150 123 90 95 92
154 39 16 37 22
154 216 29 89 57
154 98 95 97 95
156 207 73 92 82
157 90 50 87 53
158 230 94 100 98
158 62 91 92 92
230 174 92 97 95
230 17 33 90 74
230 172 17 68 50
160 189 49 85 53
160 355 52 66 65
160 152 65 70 66
370 159 30 89 51
370 18 54 74 66
167 162 40 72 68
168 375 95 98 96
168 349 40 64 40
170 159 19 42 27
170 43 72 91 77
350 366 32 51 50
334 380 91 99 98
334 174 44 79 48
290 119 39 65 47
290 202 77 99 98
290 295 88 99 90
232 142 87 89 87
232 202 59 83 60
283 114 60 87 73
178 181 95 97 96
178 170 90 97 92
178 139 12 37 37
178 25 64 99 98
179 247 60 63 60
184 43 86 96 89
184 364 79 94 93
184 143 50 71 66
184 102 13 54 45
184 223 90 97 96
197 165 80 97 94
186 227 17 94 64
186 179 17 29 17
187 142 66 72 68
187 81 17 36 35
210 327 67 72 70
210 290 41 98 65
210 214 93 100 95
210 314 33 79 44
253 292 89 91 89
253 202 82 85 84
253 69 64 71 66
253 67 15 23 23
192 333 88 97 91
348 67 30 66 37
348 210 91 99 99
262 222 13 73 30
199 374 61 92 66
199 135 85 90 85
201 177 48 53 50
201 290 91 98 93
201 15 73 100 97
202 366 52 70 70
202 242 13 48 44
202 37 84 98 90
242 140 23 96 84
242 195 92 95 93
242 139 32 95 92
242 59 93 99 99
260 116 15 64 37
260 160 54 91 89
260 204 64 86 71
260 17 75 92 82
260 351 52 72 58
260 227 49 55 50
260 252 47 100 93
206 285 40 42 42
206 4 34 72 46
358 47 55 95 89
358 370 93 100 100
358 233 44 53 44
208 10 29 38 31
208 315 52 94 91
214 152 66 100 91
236 45 58 94 72
215 58 40 64 57
352 156 88 90 89
352 73 77 96 79
352 198 78 90 78
352 9 36 48 37
221 71 14 22 14
233 362 53 78 75
233 320 36 60 39
233 57 42 60 48
233 6 94 100 97
233 167 91 98 96
248 357 67 97 83
248 206 18 24 23
229 349 13 89 45
234 285 71 96 82
237 308 47 72 48
237 377 51 97 72
308 146 54 66 54
308 233 49 92 52
308 304 25 54 48
308 265 73 79 75
239 13 67 88 82
266 190 19 83 70
266 160 13 44 17
266 70 59 61 59
357 5 80 94 83
357 180 49 67 53
274 287 83 99 83
274 34 40 59 40
274 330 91 100 94
254 309 48 69 62
254 204 81 100 85
368 204 93 98 97
368 307 83 84 84
368 352 11 13 13
368 191 84 95 87
267 307 82 91 88
269 257 15 38 36
269 278 28 75 54
269 26 22 36 33
269 376 22 84 72
278 339 89 94 94
278 255 10 85 82
278 331 81 100 86
270 94 36 87 48
270 378 61 73 71
279 28 82 84 82
279 290 58 67 67
279 72 41 61 51
279 302 35 64 56
298 303 55 69 65
298 111 22 62 27
298 236 22 23 22
298 115 26 41 29
298 72 65 98 75
303 93 51 98 84
303 262 49 51 49
303 119 46 49 49
299 240 49 61 53
299 357 95 99 98
299 56 41 88 71
299 153 25 91 55
301 62 22 44 39
301 144 18 70 60
301 63 37 82 79
306 159 73 95 84
306 307 92 97 94
311 152 23 73 45
311 175 48 73 52
317 226 39 57 50
317 94 52 93 74
319 195 72 86 86
340 354 12 93 69
340 64 94 98 94
373 152 26 49 36
373 347 76 98 89
373 75 70 98 95
373 282 66 94 92
337 90 43 77 60
337 81 64 97 86
337 106 54 64 61
337 109 95 97 96
337 312 68 97 75
354 65 58 72 61
360 21 78 88 84
360 3 78 80 78
353 115 45 87 78
353 181 43 46 45
356 65 37 85 39
356 373 65 69 69
356 329 19 77 30
356 123 29 84 69
356 258 55 69 60
379 178 51 93 91
0 380
