415 1637
0 340 87 98 95
0 335 72 73 73
0 74 64 91 82
340 354 21 66 43
340 159 90 93 92
340 84 87 94 91
340 351 53 58 55
340 251 30 96 82
340 101 70 75 73
340 50 19 49 20
335 311 22 48 36
335 205 43 50 48
335 10 53 75 60
74 328 70 100 95
74 324 93 96 95
1 9 33 38 34
1 4 59 99 95
1 70 58 99 71
1 117 47 64 60
1 129 57 77 65
9 311 12 80 64
9 171 80 84 81
9 282 86 89 89
4 263 90 95 91
4 336 27 74 35
4 24 62 69 63
4 221 79 100 97
70 64 41 82 78
70 167 88 97 90
70 183 81 82 82
70 120 13 37 18
117 394 12 51 20
117 313 32 75 38
117 384 11 27 21
117 407 65 98 80
129 194 55 59 57
129 260 44 78 62
2 234 84 100 92
2 72 81 92 86
2 296 54 67 59
2 317 18 40 27
2 99 11 38 24
2 294 78 98 96
234 52 64 91 78
234 292 75 84 83
72 143 24 51 26
296 118 11 78 20
296 337 45 94 54
296 317 79 87 80
317 60 86 96 86
317 137 36 92 37
317 72 84 85 85
317 320 31 33 33
99 115 26 53 35
99 276 42 82 52
294 277 54 75 57
294 139 23 65 56
294 352 92 94 92
3 279 31 80 78
3 169 25 71 60
3 46 19 32 26
3 70 70 89 72
279 162 46 65 63
279 285 29 98 56
279 194 79 95 82
279 88 49 89 72
279 158 45 79 56
279 278 24 83 63
279 239 80 87 82
169 171 68 97 81
169 236 38 41 39
169 71 33 62 52
169 141 38 41 38
46 393 42 72 56
46 14 46 76 71
46 114 94 98 94
263 375 68 70 69
263 382 55 62 60
263 81 58 60 58
263 305 89 94 93
263 376 41 83 47
263 402 25 47 38
263 233 76 98 94
263 221 18 48 21
336 118 21 52 23
336 412 60 95 92
336 308 31 71 37
336 180 71 100 76
336 233 43 65 43
336 295 26 53 49
336 296 83 94 88
24 214 63 98 78
24 138 59 93 64
24 362 12 100 47
24 252 29 36 36
221 370 37 87 67
221 165 20 51 23
221 289 34 83 65
221 290 85 92 89
221 376 75 78 77
221 213 70 83 81
5 262 92 97 92
5 238 26 37 30
5 128 29 34 29
5 310 20 24 22
262 222 23 48 48
262 336 95 99 99
262 357 29 63 48
262 259 91 93 91
238 21 35 82 72
238 205 24 41 39
238 51 58 76 71
128 251 27 64 52
128 290 92 94 92
128 392 83 90 88
310 247 13 69 30
310 407 11 46 21
310 405 88 90 89
6 220 30 58 30
6 306 30 62 42
6 7 81 97 88
6 348 57 73 70
220 255 14 57 41
220 244 35 72 52
220 174 36 57 41
220 7 53 98 77
220 83 10 92 39
220 171 14 30 14
7 369 75 79 75
7 348 82 91 84
348 246 13 30 19
348 203 35 70 64
348 7 94 100 94
348 75 22 98 97
348 158 35 59 57
369 413 38 77 54
369 54 26 37 30
369 291 86 96 96
369 298 91 98 93
369 273 64 95 66
8 230 73 91 81
8 396 44 78 72
8 321 12 13 12
8 87 31 87 76
8 286 95 98 98
8 268 70 83 83
230 309 65 84 67
230 91 25 65 65
230 161 39 81 46
396 331 15 54 16
396 15 56 66 66
396 329 71 86 75
321 47 29 65 31
321 215 16 19 19
321 170 81 83 81
87 245 53 62 62
87 376 33 70 64
87 105 24 85 49
87 148 83 87 87
87 395 44 61 51
87 139 77 99 92
87 385 68 82 78
87 338 76 89 84
268 413 38 91 65
268 184 71 86 81
268 144 37 45 44
268 269 93 95 93
311 397 20 83 63
311 333 62 69 62
171 163 29 42 40
171 66 17 67 30
171 62 32 90 51
171 32 53 56 54
171 136 16 23 19
282 411 41 74 69
282 234 53 85 54
282 347 63 87 66
282 310 29 80 55
282 364 71 76 74
282 128 81 94 82
10 37 66 94 67
10 231 41 82 67
10 303 49 92 65
10 154 67 87 75
10 213 19 66 46
37 42 45 67 57
37 16 19 62 43
37 356 56 95 78
231 413 53 66 53
231 310 74 89 84
231 230 16 32 18
231 208 19 84 37
231 89 78 83 79
231 203 44 81 45
303 46 29 56 35
303 90 70 94 88
303 148 17 26 19
303 408 89 99 99
303 214 92 94 93
303 166 57 100 71
303 317 24 51 29
154 302 88 91 90
154 26 12 74 68
213 31 12 81 51
213 182 43 49 46
213 201 56 86 63
213 277 68 74 70
213 256 82 83 82
11 383 86 94 90
11 293 24 65 31
11 71 87 95 87
383 63 81 91 86
383 111 25 49 41
383 156 64 96 67
383 389 30 99 60
293 352 19 73 30
293 277 31 98 85
293 76 60 84 68
293 210 87 100 95
293 363 49 69 59
71 328 56 85 64
71 160 47 65 50
71 348 70 71 71
71 161 87 90 89
71 103 50 100 58
71 80 94 98 95
12 289 48 84 49
12 2 27 44 29
12 37 14 52 26
12 375 23 86 84
289 213 76 96 83
289 392 49 81 53
289 58 21 48 27
375 289 62 85 73
375 98 84 94 91
13 273 13 82 29
13 137 87 99 89
13 254 38 69 64
13 404 20 44 33
13 378 33 83 78
273 45 41 51 43
273 244 60 78 74
273 171 69 88 69
273 182 44 83 61
137 254 66 99 84
137 245 16 57 17
254 298 64 80 68
404 82 47 86 85
404 370 18 40 29
404 119 67 72 70
378 61 35 41 36
378 175 43 73 62
378 148 82 97 84
378 287 66 70 68
378 181 41 65 57
14 157 55 85 83
14 397 42 69 66
14 321 78 97 91
157 187 25 34 28
157 55 46 73 57
397 10 88 97 93
397 169 13 36 23
397 112 17 22 21
15 400 24 64 58
400 58 23 72 40
400 152 89 91 91
400 18 80 100 97
16 2 65 89 81
16 347 83 98 95
16 114 19 84 45
16 360 42 96 63
16 115 43 48 46
16 304 88 93 93
347 229 81 92 85
347 238 25 84 36
347 31 29 91 58
347 141 61 96 91
347 148 78 86 84
114 380 40 67 42
360 195 27 91 54
360 335 81 91 84
360 395 24 53 42
360 164 40 81 53
115 197 60 61 60
115 68 60 76 68
115 138 28 99 54
304 227 77 86 85
304 76 66 88 82
304 37 10 85 30
17 38 52 73 73
17 26 21 50 49
17 252 39 99 98
17 348 69 100 86
17 113 88 91 88
17 134 56 74 65
17 395 67 98 90
38 378 72 83 80
38 181 60 81 63
38 344 73 91 89
38 245 76 92 92
38 67 78 80 79
26 117 33 47 40
26 69 54 75 69
26 333 48 49 49
26 154 42 64 56
26 91 44 83 63
252 311 24 68 58
252 360 23 51 36
113 181 23 58 25
113 390 47 77 54
134 42 45 72 71
134 96 61 77 76
134 113 14 72 37
134 339 74 84 84
134 409 17 83 52
134 178 18 54 20
134 185 48 50 49
395 162 64 89 77
395 201 31 93 71
18 93 42 73 43
93 160 16 92 68
93 31 72 100 95
93 230 35 82 74
93 235 24 75 67
93 25 23 66 24
19 107 23 41 31
19 90 87 99 92
19 352 73 97 81
19 78 93 94 94
107 282 15 77 23
107 77 47 55 50
107 367 38 100 81
90 368 60 85 84
90 176 30 53 30
90 377 60 95 72
90 320 35 48 45
352 99 95 99 99
352 80 23 90 61
78 253 55 61 60
78 185 83 97 91
20 217 20 69 40
20 65 35 47 39
20 227 85 95 86
217 38 10 30 16
217 233 90 96 96
217 77 22 86 72
65 178 57 75 74
65 392 32 79 46
65 20 68 70 68
65 314 58 88 82
227 75 62 64 64
227 283 62 95 95
227 269 55 98 72
227 199 34 57 41
21 141 81 97 85
21 357 88 100 94
21 81 78 94 80
21 406 93 95 94
21 90 61 72 61
21 135 11 96 13
141 18 10 48 12
141 315 60 84 69
141 216 65 68 66
357 98 57 80 78
357 151 43 83 48
357 325 15 42 20
357 341 91 93 93
357 225 57 89 88
357 237 27 33 29
81 142 69 88 69
406 169 53 63 61
406 91 62 100 92
406 302 69 85 79
135 21 43 95 68
135 231 41 71 47
135 385 42 77 70
135 22 10 24 18
22 225 72 93 73
22 304 81 100 95
22 7 51 54 54
22 215 30 88 44
22 328 42 75 55
225 136 54 59 56
225 312 44 98 92
215 170 90 91 91
215 118 80 87 84
215 269 14 40 34
215 398 67 98 93
328 332 18 71 61
328 143 36 83 82
328 181 38 60 55
23 159 14 72 30
23 307 67 88 71
23 208 71 82 78
159 310 89 95 92
159 304 12 48 47
159 157 44 83 79
159 325 19 54 31
307 322 82 94 88
307 319 61 88 61
307 413 55 65 63
307 40 22 52 51
214 181 59 63 60
214 14 87 94 87
214 94 74 95 93
214 372 79 83 83
214 1 94 96 94
214 81 83 93 84
214 9 35 96 49
138 400 22 36 29
138 208 75 92 75
138 152 53 95 53
362 73 11 31 21
362 236 46 51 47
362 109 37 38 37
362 184 80 93 80
362 365 43 67 66
362 99 63 83 75
25 75 72 84 74
25 227 65 77 73
25 34 69 90 86
75 268 73 80 75
75 206 22 85 59
75 41 58 86 65
75 238 88 89 89
75 272 89 90 89
75 22 23 68 56
75 314 49 65 54
75 315 11 71 59
34 390 77 91 90
34 319 75 89 75
34 81 66 90 76
34 373 54 82 75
34 195 82 100 93
69 377 30 94 75
69 166 74 80 75
69 318 62 73 71
69 106 79 92 91
333 377 13 38 30
333 237 78 96 85
333 316 86 93 90
91 10 22 93 35
91 401 42 98 95
91 246 68 99 92
91 229 43 97 89
91 382 14 76 50
91 107 65 66 66
28 62 26 70 29
28 236 40 42 42
28 375 18 99 23
28 371 20 30 23
62 22 76 89 85
62 259 23 83 82
62 144 64 88 68
62 57 49 95 57
62 201 37 42 42
62 240 31 80 54
236 84 82 92 89
236 215 16 80 72
236 53 56 83 59
236 121 61 89 88
236 62 71 82 71
236 184 56 60 57
236 277 79 83 83
371 1 86 97 87
371 401 39 75 56
371 214 79 100 97
371 395 63 76 74
371 185 85 95 91
371 27 31 80 78
371 225 89 99 95
29 159 58 75 63
29 331 50 90 80
29 372 38 55 43
29 191 33 42 33
29 305 87 96 87
331 244 56 100 86
331 392 34 68 56
331 196 31 37 33
372 189 55 88 86
372 373 12 31 20
372 330 76 81 76
372 110 35 66 36
191 283 40 71 63
191 313 27 83 64
305 250 21 55 24
305 275 57 70 69
305 63 68 77 70
305 254 43 86 71
305 344 58 64 62
305 46 80 83 81
30 399 34 49 47
30 31 23 53 46
30 279 25 32 25
30 85 54 96 81
399 38 76 83 83
399 276 79 94 92
399 389 43 70 48
399 314 25 43 40
399 14 70 92 78
31 186 87 97 94
31 300 41 83 60
31 124 72 98 88
31 283 62 65 62
31 351 46 85 85
31 345 76 83 79
31 150 29 96 49
31 336 18 54 45
31 15 57 71 64
85 315 78 85 81
85 322 76 100 91
85 345 27 88 56
85 2 71 85 80
85 272 28 60 54
186 33 70 90 72
186 307 70 91 81
186 252 48 54 52
186 286 26 82 26
186 253 26 42 35
300 353 14 56 36
124 311 71 76 76
124 154 42 65 64
283 384 80 86 82
283 66 79 96 95
351 231 40 80 53
351 267 23 57 29
351 49 92 95 94
345 346 23 80 74
345 366 89 99 92
345 396 35 41 41
345 337 55 85 68
150 349 32 96 68
150 411 64 89 76
150 218 10 48 30
32 308 29 84 59
32 99 61 87 85
32 380 67 76 69
32 153 89 99 94
308 136 76 89 81
380 359 11 75 34
380 395 31 73 39
153 376 37 41 40
153 246 61 69 64
153 19 95 100 97
153 239 81 95 95
33 84 59 72 71
84 260 38 71 68
84 355 32 50 36
84 401 34 83 45
84 317 77 94 91
84 400 57 65 65
84 52 95 97 96
84 161 89 98 93
84 341 33 72 63
390 195 29 38 37
390 333 75 82 82
390 215 62 100 82
390 139 87 88 87
390 312 71 72 71
390 184 61 65 63
319 403 55 92 81
319 313 24 36 27
319 293 13 26 15
319 165 83 99 92
319 298 63 83 64
319 391 19 68 51
373 159 15 24 24
373 60 92 97 92
195 401 19 75 73
195 18 34 96 49
195 163 73 87 77
35 207 72 92 88
35 106 33 82 71
35 390 48 58 57
35 178 73 99 90
207 117 89 99 98
207 405 78 99 92
207 382 94 96 95
207 286 78 88 81
207 257 77 87 85
207 210 80 88 87
106 153 81 89 83
106 344 79 81 80
106 311 69 93 92
106 14 53 66 60
106 192 75 94 90
106 232 39 86 82
106 376 81 96 87
106 105 42 57 48
106 154 27 32 32
178 271 21 52 33
178 48 27 74 49
178 124 10 98 95
178 263 29 48 37
36 139 24 31 27
36 290 82 84 82
139 38 35 60 55
290 96 60 71 60
42 153 46 83 69
42 122 32 77 57
42 271 61 90 89
42 364 11 83 58
356 135 62 77 71
356 33 49 60 52
181 86 66 80 76
181 178 43 64 59
181 117 88 92 89
181 63 31 62 44
181 187 63 69 68
181 264 21 24 23
181 398 35 41 37
181 112 82 98 86
181 73 89 100 96
181 357 23 26 23
344 57 13 38 37
344 136 21 71 66
245 318 27 64 56
245 283 69 92 79
245 185 20 72 42
245 292 47 55 55
245 39 84 88 86
67 266 36 59 39
67 407 49 54 54
67 258 47 66 51
39 13 11 12 12
39 401 54 84 54
39 12 74 95 78
39 273 73 75 74
401 199 28 87 74
40 278 48 100 100
40 355 49 97 50
40 184 29 36 36
40 116 22 69 44
278 304 55 95 91
278 166 64 97 85
278 172 58 84 72
355 367 47 81 75
355 259 67 82 69
355 56 81 89 81
355 384 61 67 64
355 376 67 69 69
184 253 73 86 85
184 93 36 43 38
116 159 35 58 36
116 313 56 89 66
122 20 78 90 79
122 292 37 58 53
122 368 38 89 50
271 95 51 61 56
364 270 57 92 62
364 81 86 87 87
364 410 48 71 63
364 23 59 64 64
364 332 62 70 70
43 182 48 67 48
43 233 67 99 80
43 93 61 63 61
43 187 46 82 78
182 4 20 32 23
182 129 48 54 48
182 409 65 98 67
182 407 92 97 97
182 7 67 82 67
182 119 31 36 33
182 152 16 18 16
233 134 62 67 65
233 197 85 98 92
233 281 89 90 90
187 23 62 79 68
187 301 72 84 77
187 180 24 67 62
44 320 56 99 58
44 261 33 49 43
44 363 32 43 34
320 296 32 83 46
320 148 11 70 49
320 129 66 82 67
261 369 17 88 80
261 97 92 98 92
363 2 13 45 15
45 1 57 62 59
393 147 65 100 72
393 156 80 96 87
393 41 15 83 61
47 277 50 57 56
47 199 84 97 95
47 57 28 29 28
47 223 38 85 64
47 34 83 95 90
47 271 48 68 63
47 151 42 89 71
277 319 12 51 37
277 79 23 31 25
277 131 46 80 47
277 406 89 96 89
277 158 91 100 98
199 339 77 79 79
199 21 90 92 90
199 233 56 60 56
57 95 48 86 61
57 347 11 73 65
57 358 75 96 88
223 225 57 61 58
223 72 63 66 63
223 380 70 94 81
223 355 75 95 88
223 393 16 50 18
223 115 83 87 86
223 348 45 98 82
151 7 82 85 82
48 371 73 75 73
48 52 65 76 65
48 281 30 31 30
48 272 55 62 61
48 274 39 56 47
48 260 82 83 82
48 165 72 88 82
48 163 72 88 77
52 209 46 94 63
52 368 64 68 65
52 305 16 20 17
52 306 67 69 69
281 122 18 47 24
281 175 32 99 85
281 187 48 68 51
281 265 68 99 86
272 60 19 86 20
272 56 32 63 47
272 362 24 76 45
272 391 94 95 95
272 71 60 61 61
272 395 86 94 94
272 189 38 97 94
274 336 40 93 49
260 259 58 61 58
260 247 24 92 31
260 31 72 80 75
260 10 64 84 75
260 223 74 79 79
165 140 68 70 68
165 129 52 79 64
165 337 94 98 94
163 222 26 54 54
163 373 88 99 88
49 46 31 66 57
49 296 36 83 58
49 349 86 95 94
49 163 53 66 55
49 329 77 80 77
349 39 46 86 55
349 381 38 97 94
349 325 40 51 44
349 73 78 98 79
349 130 17 34 30
329 290 75 87 78
329 87 18 59 51
329 8 55 95 58
329 161 40 58 58
329 2 87 91 91
329 190 95 98 97
50 66 81 96 84
50 25 65 70 69
50 206 88 91 91
66 211 41 49 48
66 167 45 71 64
66 189 34 76 52
66 108 20 57 34
66 405 67 80 80
66 3 37 47 45
66 45 86 87 87
66 55 31 46 44
206 354 66 77 69
206 32 55 63 57
206 341 12 28 22
206 291 89 96 95
206 257 63 74 68
206 245 64 76 73
206 256 68 100 97
206 326 38 50 49
51 260 76 85 83
209 115 43 83 82
209 170 82 89 82
209 86 68 73 72
209 387 65 89 85
209 102 27 52 39
368 140 19 97 41
368 232 41 44 42
368 222 59 82 68
368 249 25 65 32
53 297 21 96 21
53 263 61 98 62
297 152 23 47 40
297 380 90 91 90
297 30 21 62 29
297 78 82 93 90
54 412 22 80 38
54 270 73 75 74
54 50 65 69 67
412 151 95 98 97
412 340 29 75 45
412 235 13 86 42
270 10 64 82 74
270 381 17 71 52
270 91 69 77 73
55 314 76 85 80
55 362 53 85 56
314 383 53 65 65
314 211 95 99 97
314 305 92 100 94
314 243 20 88 42
56 346 83 88 86
56 162 92 100 98
56 229 61 78 62
56 228 47 51 50
56 157 84 97 84
56 118 58 76 61
346 414 55 68 68
346 69 89 93 89
346 95 16 25 20
346 94 68 78 73
346 250 95 98 95
346 298 73 97 73
346 256 73 74 74
346 104 76 88 86
346 177 24 76 51
162 105 55 73 68
162 22 35 85 64
162 275 69 92 89
228 22 81 88 86
228 90 11 35 24
118 41 83 87 87
118 316 14 82 59
118 53 42 74 66
118 16 35 55 52
95 15 30 32 31
95 45 52 94 72
358 363 57 59 58
358 250 74 91 86
358 227 63 76 74
358 211 77 97 92
358 399 55 100 69
358 73 41 98 74
358 203 78 91 82
58 207 75 80 79
58 215 31 33 33
58 54 14 21 15
59 95 43 92 80
59 280 39 77 52
59 126 47 66 52
59 349 29 80 76
59 76 65 98 67
59 62 13 24 21
280 317 56 94 88
280 14 93 97 94
280 331 59 64 61
280 409 91 95 92
280 231 34 64 61
280 336 30 76 44
126 171 62 91 91
126 120 49 76 51
126 412 49 78 70
126 271 39 47 40
76 42 38 42 39
76 185 67 94 67
60 340 80 89 84
60 113 42 43 43
60 118 47 80 75
61 117 35 56 38
61 26 10 28 11
61 69 75 86 75
61 230 31 57 49
61 323 83 90 83
61 264 84 91 89
61 181 80 96 94
61 17 74 88 74
323 29 18 82 51
264 309 56 84 75
264 193 88 99 91
259 380 36 97 36
259 15 50 84 70
144 154 49 97 84
144 198 12 95 85
144 63 77 89 88
201 379 40 81 63
201 364 55 67 66
240 312 85 95 85
240 23 59 99 90
240 51 33 50 36
240 298 70 86 72
63 119 42 66 62
63 208 43 44 44
63 237 47 88 60
63 399 27 49 49
63 28 34 75 60
63 350 42 86 54
63 321 90 97 94
63 193 41 65 56
119 47 93 95 94
119 176 56 57 56
119 59 43 54 43
119 142 53 88 70
119 305 89 100 91
237 180 21 41 40
237 402 24 55 49
237 368 50 88 79
237 151 51 85 58
237 47 84 91 87
350 394 21 45 45
350 189 32 63 61
193 303 38 73 63
193 307 51 73 60
64 367 90 93 90
64 199 85 89 85
367 53 27 68 44
367 85 77 78 77
367 264 38 77 63
367 276 81 96 88
367 10 48 52 50
367 214 29 76 30
367 33 78 88 83
367 149 91 97 92
367 24 84 85 84
367 117 56 90 84
392 349 20 30 30
392 23 21 84 77
392 232 89 97 92
392 316 79 95 94
392 254 27 45 34
392 76 20 48 28
392 268 68 70 69
392 277 26 96 90
392 306 58 70 59
392 229 86 97 87
211 393 42 67 45
211 129 90 92 92
211 304 57 86 83
167 198 75 87 77
189 401 67 84 74
189 178 39 81 71
189 310 36 65 46
108 105 74 87 87
108 371 55 77 72
108 222 90 93 93
108 149 23 62 25
108 311 85 98 97
108 144 60 83 67
405 26 80 98 90
405 174 39 75 64
405 61 87 90 87
405 140 89 100 99
405 245 83 98 85
405 367 19 61 20
266 27 32 62 62
266 39 23 97 43
266 414 70 97 94
407 367 94 96 96
407 318 71 84 72
407 262 51 54 53
407 74 71 79 73
407 118 61 66 61
258 298 42 90 69
258 65 61 64 63
258 230 36 59 41
258 327 58 64 58
258 358 43 44 44
68 289 20 76 40
68 414 75 89 87
414 173 56 96 81
414 103 65 99 92
414 298 37 99 42
377 143 82 86 82
377 31 76 80 76
377 86 68 90 86
166 250 59 79 60
318 182 29 71 66
318 27 26 91 44
318 80 56 96 68
318 189 90 99 90
318 139 41 46 42
318 12 70 90 90
183 226 67 88 78
183 126 27 82 53
183 227 95 100 96
183 358 34 37 37
183 159 25 93 48
120 93 58 60 59
120 378 92 95 94
160 347 93 95 95
160 213 42 92 72
160 350 33 90 50
160 297 85 99 98
161 15 53 60 53
161 355 57 97 58
103 397 50 63 52
103 203 18 56 31
103 388 54 66 64
103 100 71 88 79
143 20 88 99 88
143 197 48 81 54
143 69 27 77 74
143 161 84 94 84
143 200 75 78 76
73 270 38 47 47
73 307 60 61 61
324 114 17 32 20
324 46 14 94 77
315 4 22 43 35
315 310 42 96 73
315 28 16 42 30
315 295 52 91 55
185 289 45 70 62
185 110 64 91 72
185 380 50 61 56
185 414 89 98 98
185 200 91 100 93
185 245 60 88 83
185 388 61 90 76
77 390 78 99 99
77 76 29 77 31
77 63 12 61 13
253 53 72 87 80
79 270 71 73 73
79 128 60 87 76
79 181 26 29 29
79 110 74 86 77
110 324 12 35 21
110 139 59 88 69
110 235 20 38 35
110 5 31 61 44
110 196 11 72 51
110 37 77 82 77
142 89 18 19 19
82 213 68 96 80
82 116 22 43 41
82 63 55 83 82
82 160 71 99 82
82 252 30 32 32
83 187 39 100 78
341 330 31 39 39
341 237 77 91 80
341 409 41 67 52
322 65 39 77 69
322 157 78 96 81
322 300 70 80 79
322 266 25 93 27
86 26 76 81 81
86 23 91 100 91
86 361 28 41 37
361 44 53 81 67
361 49 70 91 86
376 308 41 78 49
376 95 64 81 76
105 249 64 73 70
105 76 39 95 56
105 166 82 84 84
105 195 67 86 68
105 173 31 73 60
148 171 47 75 75
385 132 25 97 52
385 352 72 86 80
385 26 92 97 97
385 388 27 95 68
338 411 95 97 96
338 231 80 88 85
338 50 92 99 99
338 102 23 77 56
338 330 31 88 70
88 6 89 99 89
88 367 44 64 51
88 354 51 95 75
88 311 48 49 49
88 314 66 96 70
88 139 40 83 42
88 84 17 26 18
354 38 35 94 67
354 144 23 58 23
354 364 21 98 43
354 178 74 93 80
354 193 61 99 79
89 194 40 41 41
89 300 61 71 69
194 11 66 69 68
194 123 80 90 82
194 53 94 97 94
194 184 60 93 93
194 129 51 54 53
194 252 40 60 56
194 375 68 74 68
194 264 24 59 56
176 258 62 67 67
176 390 68 91 69
246 400 26 73 43
246 85 61 80 65
246 210 33 100 60
382 393 82 94 86
382 89 81 99 94
382 262 25 36 29
382 230 22 49 47
382 277 85 92 88
382 4 50 84 67
382 404 18 27 25
382 361 52 61 55
382 141 83 84 83
92 143 91 99 98
92 47 54 55 54
92 43 77 90 84
92 101 84 91 87
101 399 89 94 92
101 281 17 47 24
101 195 88 98 89
101 7 57 77 74
101 172 85 92 88
101 21 39 74 73
101 210 19 70 42
101 119 35 42 39
101 166 84 95 94
235 273 37 78 41
235 313 59 63 61
235 224 86 99 89
94 8 19 93 88
94 187 38 74 40
94 50 82 83 83
94 91 39 89 56
96 392 20 42 21
96 410 28 54 48
96 85 78 84 78
96 356 31 90 81
96 231 18 33 21
96 179 40 49 49
96 226 34 63 60
410 187 81 99 98
410 133 28 32 28
410 336 63 69 64
410 311 69 82 81
179 30 54 69 67
179 65 69 97 96
179 102 52 69 54
179 107 83 98 98
179 301 56 69 66
226 54 40 52 40
226 292 69 96 85
226 229 58 78 59
226 135 49 88 68
97 314 67 93 82
97 172 62 89 79
172 208 53 73 73
172 283 52 75 56
172 217 73 94 82
172 380 83 98 94
98 17 34 84 84
98 208 18 34 25
98 209 52 77 73
98 251 35 68 42
98 334 66 100 80
251 248 80 99 83
251 81 53 83 56
251 134 58 66 64
251 229 75 94 93
334 264 54 58 54
334 22 67 72 69
334 98 51 88 55
334 217 64 81 68
334 36 70 100 95
276 123 59 77 62
276 204 48 58 55
276 212 82 96 93
276 97 83 84 83
276 138 65 98 70
276 329 10 65 27
276 144 10 87 83
100 204 22 77 38
100 401 81 87 81
100 318 29 57 41
100 277 30 38 36
100 223 39 81 77
204 95 40 52 48
204 237 35 81 60
204 303 38 66 44
204 146 67 95 68
210 34 72 95 86
210 223 92 95 92
210 200 56 72 66
102 335 86 88 87
102 350 82 98 83
203 358 81 96 87
203 344 87 98 90
203 107 57 91 69
203 70 88 91 89
388 15 31 54 33
388 333 45 81 51
388 110 91 100 94
388 239 68 96 93
104 266 62 70 64
104 306 79 93 79
104 290 88 92 91
104 407 49 92 77
104 359 54 95 60
104 279 12 58 54
104 21 58 77 59
359 232 45 90 81
359 223 69 96 93
359 120 44 77 75
249 414 56 97 75
249 397 17 43 31
249 195 26 32 31
249 69 16 41 28
173 118 71 82 73
173 378 78 99 80
173 251 81 91 83
173 209 16 17 17
192 31 18 63 20
192 198 34 67 48
192 313 81 92 82
192 257 80 83 80
232 5 75 87 85
232 311 64 96 89
232 248 71 83 81
232 331 71 89 81
232 336 34 90 61
232 183 85 94 91
232 148 81 82 82
222 99 56 66 62
222 5 49 85 51
222 387 30 36 33
222 200 73 75 74
222 189 38 48 41
149 192 54 86 55
109 59 84 86 85
109 74 79 100 86
109 212 92 97 95
109 30 59 71 59
109 29 17 50 17
109 57 91 100 97
109 349 20 60 47
212 394 72 80 73
212 77 78 95 94
212 295 57 65 62
196 280 62 84 77
196 46 69 71 71
196 210 25 80 58
196 27 73 75 74
196 303 20 65 22
196 248 10 54 43
196 320 57 77 76
111 313 79 99 92
111 76 33 62 40
111 142 36 99 47
313 374 40 93 91
313 127 25 46 45
313 39 64 100 89
313 119 71 89 76
313 233 16 22 22
313 326 41 99 90
313 199 71 85 78
112 145 77 97 92
112 410 92 93 92
145 83 38 45 39
145 73 64 95 83
145 22 61 94 75
145 203 90 95 95
197 43 66 94 80
197 232 14 94 93
197 108 54 90 69
394 89 15 34 32
394 83 86 87 87
394 258 37 74 57
394 236 62 74 68
394 175 68 88 87
394 304 69 99 98
394 189 59 67 63
384 200 37 83 38
384 117 63 93 76
384 95 51 76 53
316 397 61 78 66
316 268 76 77 77
316 227 72 88 88
121 299 29 65 35
121 47 65 94 67
121 26 22 25 23
121 60 14 62 18
121 381 72 82 74
299 401 65 98 82
299 289 62 80 62
299 138 12 60 24
299 66 71 84 84
381 311 61 68 61
381 8 18 21 21
381 116 22 74 31
381 244 79 92 83
381 370 45 66 55
292 249 84 89 85
292 383 49 60 60
292 160 16 34 20
123 113 77 97 77
123 48 39 56 42
125 378 44 88 86
125 227 60 90 86
125 1 42 95 57
125 158 76 96 94
158 336 16 40 37
158 207 20 25 23
158 388 81 86 84
158 25 69 75 70
158 146 94 97 97
158 126 45 99 72
158 401 67 76 72
158 129 74 92 82
158 31 68 93 81
158 325 79 83 83
158 293 69 91 82
127 152 52 63 61
127 399 81 95 82
127 294 80 81 81
127 389 28 47 30
127 170 46 81 79
127 23 91 93 91
152 218 42 80 65
152 61 48 70 64
152 286 24 27 27
152 70 41 90 68
389 155 42 84 72
389 145 72 85 74
389 191 56 78 59
389 349 77 96 91
389 284 45 82 47
170 251 36 61 59
170 142 60 76 60
170 243 14 39 31
170 200 54 95 77
130 289 88 95 89
130 301 26 89 61
130 266 12 57 24
130 379 38 44 43
130 239 27 31 29
130 306 56 62 58
130 110 57 67 67
130 168 71 78 77
301 178 54 92 76
301 116 16 29 23
379 381 91 93 91
379 76 19 49 35
379 74 55 66 55
379 214 63 91 72
239 212 50 89 85
239 103 63 65 64
168 154 86 93 91
168 221 76 86 78
168 172 65 73 68
168 390 43 81 69
168 408 85 90 87
168 258 50 62 62
131 118 24 40 38
132 226 36 63 43
132 262 77 91 91
133 385 73 75 73
339 203 58 67 60
339 183 58 98 98
339 245 54 60 60
409 371 41 42 41
409 1 24 59 38
409 83 37 85 61
409 155 86 95 91
409 395 41 94 47
409 204 76 97 79
136 294 22 43 30
140 211 35 80 63
140 113 30 93 87
140 385 28 85 41
140 101 94 95 95
216 46 58 73 73
200 62 41 47 43
200 166 64 84 84
200 366 25 43 40
200 362 70 78 76
200 140 25 98 40
200 90 60 81 73
198 370 26 41 30
198 76 24 82 29
198 26 73 75 73
198 153 26 40 39
146 41 85 93 88
146 341 76 82 79
146 152 20 58 52
146 153 72 89 76
146 252 59 97 69
146 236 64 91 71
146 65 77 85 84
147 276 79 92 82
147 90 49 57 51
147 145 14 79 61
147 168 90 97 91
147 346 25 43 29
411 176 68 97 70
411 337 87 91 87
411 360 41 52 46
411 408 47 63 56
411 295 10 73 52
218 72 43 82 73
218 388 49 61 56
302 411 72 81 79
302 363 58 61 61
302 359 62 81 74
302 231 64 84 70
302 357 39 40 39
302 242 29 51 50
155 239 54 88 60
156 171 24 62 33
156 352 86 95 89
156 108 80 94 93
156 297 24 82 76
325 400 54 96 64
325 240 28 83 34
275 74 37 46 40
275 201 21 93 49
275 91 52 70 66
275 155 29 83 78
164 321 79 100 80
164 292 88 96 94
164 342 87 94 93
164 179 77 99 87
164 248 88 97 93
342 217 23 96 51
342 193 14 26 16
342 69 44 57 49
342 397 53 91 68
342 196 52 54 54
248 34 50 100 97
248 64 23 81 71
248 40 78 88 82
248 235 70 98 89
248 357 78 95 80
248 189 68 96 69
337 114 82 89 87
337 338 53 81 71
337 390 82 94 83
250 237 72 77 74
250 353 25 65 65
250 405 28 41 34
250 184 63 95 79
250 303 52 94 86
250 222 16 80 16
250 137 69 78 76
408 129 54 64 59
408 212 66 88 69
408 69 26 45 45
408 146 76 100 79
408 312 66 96 71
243 197 44 76 61
243 389 76 82 82
243 29 20 74 31
174 315 25 49 32
175 96 87 95 95
175 103 82 96 83
175 113 57 97 83
177 412 43 69 45
177 249 16 75 45
177 228 21 68 32
177 369 13 70 56
180 155 26 37 29
180 304 84 98 95
180 398 61 62 61
180 85 11 58 27
398 29 18 98 84
398 304 68 92 73
398 272 77 84 83
398 81 33 45 38
188 411 52 75 73
188 341 10 14 14
188 136 17 59 51
257 193 58 73 71
257 229 60 94 74
257 73 60 67 64
257 210 18 66 33
370 382 35 67 49
370 98 74 90 78
370 92 49 77 70
370 289 58 72 67
366 97 41 82 49
366 59 69 93 93
202 13 54 56 56
202 33 84 90 87
202 408 83 91 85
202 368 38 80 75
202 40 71 97 71
205 159 42 82 60
205 371 47 65 59
291 297 37 43 43
291 339 54 62 56
256 156 30 89 57
256 28 84 87 84
256 335 51 97 62
256 23 30 42 34
326 284 95 97 95
326 321 16 73 72
326 27 67 92 82
326 216 65 92 68
326 14 95 100 95
326 1 10 25 18
387 414 51 54 54
387 113 68 99 87
387 147 46 98 58
387 132 53 80 54
387 362 28 64 60
387 49 31 88 72
387 358 83 94 93
295 99 41 59 43
295 228 89 95 93
295 408 15 61 39
269 29 66 69 69
269 101 34 88 62
269 338 57 85 60
269 261 27 75 59
269 403 21 39 31
269 94 76 80 76
219 281 48 98 48
219 351 62 73 73
219 225 47 61 50
219 136 65 68 66
219 303 91 100 96
219 389 32 99 63
219 49 26 88 85
219 291 82 92 83
219 95 40 74 45
255 40 59 60 59
255 93 33 84 78
244 57 49 87 73
244 7 36 87 63
244 326 91 95 92
224 76 28 31 29
224 55 66 96 93
224 385 45 81 79
224 400 16 84 71
312 395 94 100 99
312 352 84 85 84
309 106 27 70 63
309 229 14 72 42
309 161 75 96 75
309 273 95 98 96
309 236 28 88 55
309 155 24 54 42
309 241 49 53 52
309 256 14 97 46
309 317 43 91 69
309 96 65 79 76
413 206 36 46 37
413 268 46 62 53
413 300 12 100 63
402 225 51 73 71
402 172 37 43 38
402 335 27 66 40
402 246 70 71 70
402 296 95 100 95
298 191 50 90 77
298 255 86 95 86
298 246 47 97 86
298 181 84 99 84
298 241 25 78 71
298 214 46 63 46
241 113 14 82 64
241 184 60 84 66
241 93 17 65 55
241 45 32 38 33
241 42 12 79 73
242 180 78 96 84
242 200 88 97 88
242 179 10 56 50
242 351 25 78 55
247 223 10 45 15
247 349 64 91 90
247 230 38 58 46
247 97 95 100 95
247 405 53 86 56
247 253 14 41 31
353 43 59 71 60
353 47 88 98 97
353 35 62 66 64
353 19 12 82 69
353 366 78 90 86
327 261 40 79 73
327 147 58 97 97
327 63 39 62 54
327 316 70 93 83
327 405 64 92 74
327 250 16 26 26
265 70 22 66 25
265 318 72 92 85
265 304 50 93 78
265 58 84 89 86
265 355 81 100 98
267 128 40 95 61
267 249 38 50 48
403 74 93 94 94
403 91 44 85 77
391 318 30 91 56
391 344 24 68 49
391 34 12 48 14
391 101 19 42 22
391 38 28 39 36
391 306 24 75 38
391 297 15 64 20
285 215 93 98 93
284 282 47 48 48
284 348 16 78 69
284 264 53 82 77
287 317 93 97 93
287 34 67 94 68
287 379 45 55 52
287 133 56 90 77
287 164 35 47 39
288 343 80 90 89
288 257 93 99 97
288 180 36 41 40
288 24 55 91 63
343 345 88 96 92
343 401 13 85 56
343 308 58 95 83
343 192 40 88 71
343 218 89 98 91
343 157 37 58 51
374 4 75 97 89
374 24 27 95 70
332 292 45 92 82
332 93 54 92 79
332 75 76 97 86
332 274 95 98 96
332 344 24 69 45
332 5 72 100 77
332 228 14 100 15
330 405 70 81 71
330 280 23 62 32
330 26 31 46 41
330 266 82 87 84
330 353 57 64 60
365 190 78 79 78
365 238 76 79 76
386 332 94 95 94
386 293 30 69 64
0 414
