46 122
0 36 50 51 50
0 11 64 98 69
0 19 17 72 34
36 21 55 81 78
36 0 81 95 85
11 43 87 97 94
11 45 82 86 86
11 40 15 52 19
19 39 89 99 96
19 45 82 97 83
19 28 46 79 76
1 24 73 77 74
1 4 66 98 87
1 20 22 62 52
4 11 38 92 80
4 20 32 72 38
4 41 90 98 91
4 22 46 59 47
20 35 44 66 59
20 41 78 89 87
20 14 34 49 34
20 6 69 88 84
20 25 28 52 47
2 5 54 87 57
2 7 11 99 54
5 45 23 100 37
5 38 91 97 97
5 23 69 80 79
7 35 27 95 77
7 32 46 76 70
3 26 82 100 98
3 1 38 66 61
3 5 86 90 90
26 12 74 93 78
26 6 59 99 59
41 33 44 69 64
41 20 48 78 71
41 19 79 99 86
41 9 28 56 33
41 10 87 91 89
22 8 58 84 64
22 3 36 100 75
45 43 94 100 95
45 19 22 63 33
45 8 78 94 80
45 12 57 80 80
45 9 59 70 68
45 42 80 82 82
38 14 26 47 28
38 28 19 69 43
6 4 46 89 54
6 35 50 70 52
35 34 59 80 76
35 5 79 81 81
35 36 18 84 49
32 38 77 99 99
8 36 85 95 87
9 18 16 29 24
9 2 63 71 68
9 23 39 99 79
9 19 58 72 71
18 39 32 81 71
18 42 68 73 70
10 17 14 46 29
10 44 48 94 49
17 24 58 77 64
17 0 15 76 25
17 33 44 45 45
44 3 93 97 93
43 41 74 78 75
40 3 36 68 42
40 32 62 72 69
12 3 44 67 59
12 34 43 57 51
12 27 50 92 87
34 26 52 62 62
34 18 77 90 87
27 11 43 65 50
27 14 52 67 54
27 19 86 89 86
27 9 17 82 78
13 41 28 50 32
13 33 79 94 79
13 23 65 79 73
13 19 70 78 74
33 35 67 70 68
33 30 64 73 69
33 15 85 92 89
33 29 10 82 48
14 9 18 58 22
14 11 29 45 38
14 39 65 88 74
39 44 47 51 48
39 41 82 83 83
15 0 92 99 98
16 45 84 97 93
16 37 60 68 67
16 44 84 91 90
16 25 75 92 85
16 3 74 80 79
16 21 38 55 45
37 2 69 89 74
37 10 51 53 52
37 33 82 89 85
37 16 83 96 87
37 39 10 98 53
25 7 65 100 66
21 16 67 97 72
21 0 56 91 73
21 17 84 99 92
21 11 19 58 48
21 28 18 87 56
42 3 33 78 53
42 18 65 82 65
28 25 39 40 40
29 41 20 80 68
29 17 73 95 82
29 37 67 73 69
30 22 15 67 28
30 44 54 90 83
31 38 28 81 49
31 4 69 87 80
0 45
