107 423
0 64 14 16 16
0 47 22 27 24
64 42 43 69 69
64 100 21 70 52
64 21 57 85 81
64 3 58 85 75
64 65 28 88 45
64 83 65 71 69
64 40 48 72 68
64 62 10 36 25
64 97 92 94 93
47 73 71 91 90
47 96 35 91 91
47 83 95 98 95
47 48 28 68 40
1 102 35 82 40
1 87 56 93 91
1 40 81 96 92
1 101 42 72 66
1 53 18 68 21
102 106 51 95 72
102 52 15 37 33
102 87 14 58 40
102 46 13 42 16
102 59 65 66 65
102 80 23 82 23
102 2 18 54 22
102 70 78 88 78
87 83 55 96 68
87 10 59 68 64
87 13 14 98 55
40 91 28 30 30
40 22 13 100 29
40 62 21 71 64
40 49 32 39 33
101 86 44 69 59
101 52 57 64 62
53 99 64 79 64
53 100 13 19 14
53 61 56 62 61
2 53 36 84 74
3 45 10 67 16
3 97 88 95 94
3 59 77 100 86
3 63 73 98 91
3 106 14 32 30
45 19 95 99 99
45 84 89 96 90
45 32 57 62 59
45 56 18 47 30
45 65 42 90 89
45 24 92 96 94
45 92 52 85 60
45 34 52 85 53
59 45 44 56 48
59 10 40 89 69
63 60 68 79 73
106 82 45 59 50
106 90 29 83 44
106 18 64 76 72
4 58 60 70 63
4 105 84 89 87
4 76 92 93 92
4 72 91 99 94
58 77 91 99 91
58 4 74 85 81
58 90 30 85 48
58 40 86 95 95
58 84 92 99 95
58 0 91 92 92
105 57 79 96 86
105 31 55 95 55
76 73 20 21 21
76 83 11 67 61
76 82 93 97 95
76 102 36 64 40
76 7 95 97 96
76 39 84 100 99
72 71 77 93 91
72 21 55 100 56
72 85 63 85 68
72 70 38 87 46
5 30 42 84 57
5 99 56 90 79
5 93 10 33 16
5 25 42 43 42
5 24 78 89 88
5 15 83 94 87
30 96 65 86 79
30 13 72 82 76
30 93 71 91 80
99 91 11 71 40
99 78 84 93 90
99 48 73 96 94
99 3 78 87 84
99 41 57 97 63
99 10 60 67 62
99 104 90 97 96
99 90 17 90 63
93 87 41 66 53
93 20 55 59 55
93 31 83 94 89
25 17 74 75 75
25 24 56 66 59
25 18 24 83 43
25 81 66 69 69
25 16 33 39 34
25 85 23 86 75
25 13 11 75 43
24 48 79 82 80
24 12 82 96 92
15 45 11 87 43
15 95 68 88 81
6 73 52 54 54
6 106 67 99 71
6 24 30 95 35
6 16 66 70 66
6 51 70 91 84
6 76 85 95 90
6 8 91 95 95
73 97 13 41 33
73 61 86 100 87
73 48 34 55 51
73 98 47 66 56
73 101 95 100 95
16 56 56 62 56
16 81 85 96 87
16 69 43 67 61
51 93 30 91 88
51 37 62 85 80
51 74 82 85 83
8 41 74 81 77
8 71 22 71 27
8 90 16 45 21
7 14 89 93 92
7 81 24 100 68
7 88 64 96 92
14 93 10 15 10
14 0 74 83 77
14 104 34 94 49
14 89 59 82 72
14 43 59 90 61
81 31 42 90 45
81 55 59 93 87
81 80 21 51 45
81 68 70 72 70
81 73 49 94 94
88 76 11 39 17
88 59 51 73 66
88 1 76 77 77
88 81 53 72 67
88 30 26 96 63
41 79 88 90 88
41 67 55 98 64
41 42 31 48 31
71 90 41 49 42
71 14 81 92 85
71 26 51 74 62
90 13 66 68 67
90 38 95 96 96
90 79 32 40 36
90 35 40 66 41
9 62 31 69 31
9 99 24 35 30
9 106 10 100 30
62 83 69 72 69
62 75 45 60 51
62 10 68 74 69
62 34 62 76 65
10 100 72 80 73
10 9 13 91 23
10 3 50 67 53
10 33 28 51 42
10 4 25 69 33
10 96 43 44 44
10 54 68 69 69
100 43 50 64 52
100 23 17 25 20
100 56 32 70 63
33 37 75 83 79
33 15 33 38 37
33 29 64 79 71
96 70 83 97 97
96 4 53 62 53
96 78 34 92 58
96 28 46 65 58
96 87 58 70 59
96 98 48 85 56
96 27 85 86 85
54 5 24 78 68
54 13 35 81 40
54 8 74 81 79
11 75 15 76 16
75 9 90 100 92
75 61 13 31 19
75 77 80 81 81
75 39 46 56 55
12 34 12 94 15
34 16 62 64 62
34 11 58 89 84
34 97 16 73 64
34 87 37 85 51
34 56 17 53 36
34 75 79 98 86
13 0 36 39 38
13 92 15 34 23
13 75 84 99 87
92 48 77 99 94
104 74 50 95 67
104 8 61 81 70
104 102 65 100 98
89 41 14 52 32
89 64 34 61 53
89 14 61 94 82
89 63 60 71 61
43 23 85 98 92
43 59 88 89 88
43 28 59 87 82
43 0 61 70 63
95 85 12 45 28
95 13 21 43 43
95 71 41 67 49
56 44 49 72 51
56 62 72 84 73
56 81 15 51 19
56 37 10 57 42
69 78 31 75 57
69 28 62 74 70
69 67 75 83 81
69 99 84 99 96
69 10 60 88 70
17 57 21 72 21
17 100 43 67 46
57 74 50 88 57
57 72 75 90 89
57 21 19 27 22
57 84 60 86 66
57 66 51 100 69
57 33 79 83 81
57 102 54 78 63
18 26 62 86 76
18 102 23 52 43
18 103 58 87 87
18 34 93 99 94
26 21 81 92 92
26 31 66 100 86
26 96 63 70 65
26 77 54 59 55
26 83 12 18 12
103 22 20 68 63
103 66 91 97 92
19 3 93 98 96
19 17 57 72 69
19 70 28 81 33
19 10 28 33 33
19 87 47 52 50
19 35 34 68 37
19 68 48 65 64
19 24 19 59 24
70 62 91 95 95
70 71 19 62 27
70 39 68 71 70
70 10 45 78 73
35 78 30 31 31
35 9 55 86 63
35 81 35 96 60
35 98 35 98 76
68 1 56 72 56
68 73 25 92 42
68 77 45 89 49
68 52 22 70 48
68 65 54 76 71
68 5 51 71 67
20 40 90 95 92
20 62 41 55 49
20 53 85 88 88
20 68 14 89 76
20 73 80 98 91
21 80 76 100 92
21 75 69 71 70
80 60 85 96 90
80 31 10 41 15
80 89 42 51 42
80 24 71 82 78
22 18 58 67 59
22 53 52 89 87
22 43 15 68 58
22 36 53 81 73
22 74 33 98 36
36 82 16 48 34
36 41 69 84 76
36 0 74 75 74
36 20 32 79 67
36 44 45 72 51
36 40 95 100 96
74 84 24 41 38
74 52 63 67 63
74 26 75 86 80
74 99 77 85 83
74 93 54 87 70
74 86 33 82 37
23 54 22 29 29
48 83 21 22 22
48 33 25 60 42
85 96 81 98 95
85 83 94 98 95
85 62 20 84 67
85 106 63 65 63
85 56 30 98 54
85 42 52 60 57
31 9 73 74 73
31 42 95 96 95
31 55 83 100 84
31 81 62 89 65
77 30 65 66 65
77 99 66 69 66
83 27 89 92 92
83 38 22 34 33
83 9 28 66 66
83 14 13 96 44
83 28 57 78 62
27 22 62 66 62
27 48 89 100 98
27 44 33 71 66
44 76 35 46 46
44 15 72 79 74
44 62 21 86 40
44 89 54 68 68
44 102 71 97 83
28 103 26 58 44
28 72 85 98 89
28 31 13 26 13
28 97 44 68 47
28 13 73 85 73
28 106 33 84 54
28 81 14 56 19
28 83 38 74 69
29 64 27 98 37
29 18 81 88 88
29 102 77 84 82
42 55 80 89 81
42 17 62 90 79
42 15 85 94 90
55 67 71 90 90
55 86 70 96 92
32 61 12 24 21
61 36 23 60 25
61 28 47 84 75
61 104 79 84 82
61 47 37 42 37
37 16 25 51 40
37 78 93 95 95
37 40 63 99 77
37 72 54 95 89
37 97 10 11 11
37 27 19 65 48
37 94 89 93 89
37 80 59 66 66
37 69 42 72 65
78 65 48 57 55
78 46 53 60 57
78 62 56 59 58
78 0 54 55 54
98 48 61 79 73
98 60 23 95 73
82 48 94 97 96
94 54 77 88 83
94 17 50 81 66
94 24 81 94 91
38 35 84 88 88
38 43 57 84 80
39 68 68 89 87
39 23 69 74 72
39 69 81 98 84
39 79 53 82 58
79 98 84 97 94
91 1 73 80 76
91 33 18 21 21
91 79 11 17 11
91 86 35 38 35
91 25 52 80 77
91 71 62 95 74
49 13 56 77 77
49 18 68 85 71
67 53 39 77 45
67 32 85 89 86
84 1 88 94 94
84 53 50 61 58
84 36 80 95 92
65 55 56 78 72
65 64 11 61 11
65 13 79 93 87
65 76 82 99 85
65 69 41 82 69
65 29 80 91 80
46 16 59 95 74
46 24 95 99 97
46 75 25 45 43
50 79 45 80 55
50 23 15 40 16
50 14 54 85 59
50 97 82 89 87
50 91 18 80 75
52 92 46 67 62
52 76 55 69 60
52 49 68 95 69
86 66 25 65 60
86 32 53 68 54
86 62 87 89 89
86 36 64 76 67
86 37 41 95 59
86 20 44 73 46
86 42 70 77 76
86 13 53 73 64
66 82 71 75 74
66 31 51 97 60
66 3 45 94 59
66 38 25 92 49
66 42 65 81 79
60 78 63 79 64
60 38 65 85 74
60 93 36 75 62
60 1 54 74 55
0 106
