276 837
0 17 19 41 30
0 238 73 76 73
0 217 54 73 55
0 15 24 90 53
0 232 58 77 77
17 98 34 43 36
17 37 60 72 60
17 104 14 90 45
238 29 88 91 89
238 80 39 87 83
238 170 16 89 41
217 37 30 76 37
217 161 43 75 51
217 179 89 98 96
15 142 22 92 43
15 74 25 66 58
15 231 34 51 45
232 151 11 21 11
232 240 51 88 52
1 152 10 68 52
1 166 29 81 53
1 137 74 100 74
152 248 39 74 53
152 268 91 94 94
152 9 91 94 93
166 187 10 20 11
166 235 61 99 98
166 219 82 95 87
137 33 54 93 82
137 10 83 98 95
2 202 28 85 67
2 248 72 99 75
202 24 23 30 23
248 55 61 62 61
3 209 57 85 68
209 223 14 76 26
209 271 72 87 79
209 30 44 57 54
209 75 13 66 22
4 149 31 74 45
4 161 67 88 76
4 122 57 59 57
4 259 64 66 66
149 75 25 81 56
149 270 28 80 33
149 161 16 54 23
149 121 63 88 72
149 273 23 28 24
161 274 28 49 49
161 52 27 79 63
122 11 35 55 37
122 206 58 89 59
259 112 46 67 52
259 72 62 68 65
259 267 11 96 95
259 117 42 89 55
5 56 15 34 31
5 98 65 100 65
5 43 94 96 95
56 233 10 82 35
56 238 92 93 92
56 151 29 81 78
98 144 36 86 66
98 46 20 59 28
98 22 54 78 78
98 14 23 89 49
43 257 60 80 62
43 232 62 67 62
43 42 69 81 72
6 239 52 94 52
6 102 55 69 60
6 243 14 48 28
6 154 66 98 91
6 212 73 94 73
6 259 87 88 88
239 152 52 62 54
239 143 64 84 75
102 187 48 86 52
102 108 92 98 95
154 119 63 81 75
154 30 44 87 75
212 234 51 63 57
212 6 32 47 46
212 124 23 38 36
7 14 48 67 57
7 40 43 59 43
7 255 29 51 30
14 198 87 100 99
14 228 42 87 72
14 214 34 62 46
40 62 34 72 57
40 48 33 46 34
40 238 49 61 51
40 225 13 70 16
40 92 49 74 68
255 162 63 100 66
255 192 65 68 68
255 109 64 94 76
8 198 74 91 75
8 197 26 40 38
8 213 85 90 88
8 128 76 92 78
198 64 15 51 29
198 48 42 51 49
198 184 17 73 62
197 164 50 66 62
197 19 51 77 71
197 104 31 96 32
213 220 58 88 69
213 187 71 99 78
213 88 22 78 36
213 26 94 95 94
128 96 93 94 93
128 248 20 60 52
128 188 37 81 59
10 6 70 78 77
10 124 44 50 47
10 13 43 76 69
10 180 35 71 42
10 204 19 74 32
124 112 23 34 29
124 8 17 80 74
13 271 33 39 36
13 46 23 64 60
13 80 82 91 85
13 82 31 78 71
180 54 49 71 52
180 131 50 53 50
180 43 33 67 59
180 71 70 82 73
204 4 63 76 74
204 177 44 94 74
204 201 17 78 30
204 159 37 98 59
11 144 69 77 72
11 78 62 74 71
144 110 94 99 96
144 108 93 100 95
144 27 60 92 65
144 4 54 86 78
78 104 63 100 80
78 176 34 80 50
78 177 68 91 72
78 221 11 68 57
78 152 84 100 85
12 196 34 64 55
12 126 95 99 97
12 33 91 95 92
196 136 61 78 77
196 198 61 95 68
196 140 68 100 92
196 120 39 58 53
196 152 86 96 94
196 210 83 96 88
126 194 18 52 19
126 61 64 66 66
126 152 86 96 88
126 81 95 98 96
126 12 35 89 83
33 38 53 71 67
33 3 34 85 49
271 87 50 71 54
271 51 60 66 66
271 148 40 61 55
271 97 86 93 88
271 78 69 91 70
271 186 22 63 53
46 242 17 31 17
46 26 28 94 63
46 265 14 84 31
46 201 81 89 88
80 106 49 81 71
80 15 56 87 60
80 263 37 55 41
80 74 50 65 51
80 162 67 98 76
80 129 66 72 67
82 158 42 71 69
82 138 12 65 23
82 70 86 95 89
82 183 59 90 76
82 235 92 96 95
228 269 50 51 51
228 254 70 78 78
228 221 63 95 63
228 226 85 88 85
214 33 84 94 88
214 192 47 65 48
214 217 19 53 38
214 189 70 76 73
142 134 66 83 70
142 226 12 31 26
142 227 34 98 54
142 255 91 95 93
142 154 16 51 27
142 141 54 82 82
142 32 29 50 36
142 30 67 85 82
142 262 19 77 45
74 240 73 92 78
74 24 75 83 75
231 215 57 70 57
231 36 31 55 50
231 274 44 96 44
16 22 90 94 90
16 248 83 90 83
22 218 21 75 26
22 246 69 94 87
22 259 26 75 52
104 39 12 64 50
104 267 85 87 86
104 151 87 95 92
18 127 33 97 63
18 170 57 75 58
18 82 46 97 97
127 188 93 99 97
127 93 48 70 51
127 173 36 92 85
170 99 26 61 39
19 224 38 64 38
19 210 61 92 70
19 167 32 60 56
224 208 82 96 86
210 162 27 39 34
210 65 54 76 58
210 197 89 93 92
167 92 68 86 69
167 122 62 82 77
167 238 12 72 71
20 63 15 76 28
20 241 55 90 60
20 14 20 44 41
20 67 86 98 95
63 134 58 62 61
63 111 34 94 48
63 82 22 36 24
63 163 23 59 46
241 15 43 60 45
241 250 61 83 63
67 267 41 72 62
67 124 69 97 73
67 122 46 78 69
67 61 55 62 61
21 27 14 59 31
21 73 42 74 47
27 216 36 68 53
27 182 59 64 61
27 139 17 19 19
73 234 90 98 98
73 66 44 59 51
218 162 84 86 84
218 191 42 78 76
246 101 32 100 35
246 105 83 97 86
246 274 11 19 12
23 133 22 61 52
23 33 14 72 24
23 72 26 39 36
23 274 83 95 89
23 161 18 58 29
23 165 42 94 53
23 121 41 88 62
133 183 20 100 46
133 215 25 53 40
133 270 20 34 31
133 195 72 77 74
72 4 16 77 30
72 194 19 92 41
72 211 42 60 53
72 37 52 90 68
274 192 40 42 42
274 218 60 79 71
274 249 64 89 70
165 25 18 51 39
165 247 48 86 75
165 83 48 63 52
165 99 54 93 69
165 93 47 79 74
121 72 67 91 85
24 204 39 100 80
24 136 83 95 93
24 80 50 85 80
24 48 49 82 61
24 233 89 97 93
24 57 63 66 64
48 1 67 77 71
233 29 12 86 35
233 226 88 100 88
233 52 27 65 37
57 83 39 84 41
57 67 93 96 94
57 41 56 94 93
25 168 43 92 52
25 152 18 80 46
168 79 68 85 78
168 118 76 97 96
26 182 64 91 73
26 41 68 76 71
26 143 54 85 64
182 36 50 80 72
182 42 62 75 75
182 258 35 62 37
182 82 24 90 50
41 55 95 100 96
41 191 92 95 93
41 242 60 65 65
41 7 60 80 78
41 54 75 97 77
216 86 47 66 56
216 56 10 99 38
216 103 67 73 68
216 177 73 75 74
216 275 84 97 96
139 251 12 66 44
139 46 91 100 92
139 206 71 78 71
28 224 35 71 47
28 129 35 60 35
28 249 12 66 28
129 62 78 86 85
129 205 83 96 86
129 143 22 51 36
129 17 70 78 74
249 271 87 90 89
249 76 87 97 94
29 13 55 86 55
29 8 36 95 86
29 116 65 84 76
116 170 50 68 67
116 146 33 100 70
116 212 73 78 73
30 174 81 82 82
30 77 44 95 84
30 177 35 93 53
30 107 61 94 70
30 40 91 97 91
30 101 41 76 46
174 264 21 47 43
174 223 46 49 48
174 22 16 19 17
174 92 88 89 88
77 39 92 95 94
77 253 46 49 46
77 35 31 82 37
77 5 39 90 60
177 185 39 55 49
177 273 15 16 15
177 123 70 84 70
177 61 46 77 58
177 97 10 20 20
177 163 31 46 38
177 205 68 75 71
107 121 32 60 58
107 272 21 63 56
101 15 84 92 84
101 269 52 80 59
101 163 71 84 74
101 41 95 100 99
31 105 82 87 87
105 223 68 74 73
105 142 17 84 55
32 91 76 84 84
32 28 21 64 36
91 137 95 99 97
34 139 37 38 37
34 98 87 94 94
34 118 73 89 86
118 193 33 91 41
35 201 19 69 56
201 207 81 93 85
201 21 93 94 94
201 172 37 81 52
36 130 64 78 65
36 165 47 98 86
36 47 18 51 30
36 208 14 55 46
36 259 31 62 43
130 164 28 89 87
130 143 32 79 67
130 73 38 53 39
130 86 57 83 73
47 255 10 91 54
47 226 95 96 96
47 78 25 72 41
47 34 53 58 56
47 222 70 81 76
47 120 67 69 69
208 159 63 97 68
208 15 23 35 34
39 181 66 67 67
39 49 45 98 79
39 124 87 91 89
39 3 60 85 80
181 275 29 33 31
181 200 41 81 76
181 48 35 42 41
181 263 89 96 91
181 93 82 83 83
62 197 72 73 73
62 20 53 66 54
225 177 67 69 67
225 273 28 37 32
225 161 81 99 99
225 200 36 59 39
225 35 70 94 94
225 79 35 78 49
225 38 13 48 19
55 64 73 100 91
55 206 78 81 78
55 36 39 89 78
55 111 11 27 25
191 28 36 58 40
242 75 68 84 77
242 215 42 51 43
242 159 75 94 78
54 184 18 30 26
54 14 15 61 51
54 45 55 96 74
54 235 52 72 56
42 237 82 98 93
237 224 26 34 29
237 81 47 64 50
237 36 77 90 90
237 98 11 44 18
257 162 23 39 39
257 177 78 84 79
257 182 69 96 88
257 240 69 99 94
44 57 35 86 76
44 117 95 99 98
44 59 69 97 78
44 42 79 96 80
117 240 21 23 22
117 71 17 66 39
59 3 33 78 53
59 44 29 81 72
59 80 74 95 91
59 81 87 92 92
59 138 80 85 84
45 1 11 26 14
45 104 22 91 37
45 51 40 63 47
51 65 12 58 58
51 5 21 71 48
51 196 10 17 16
51 199 46 76 67
226 261 74 87 78
226 62 56 75 58
226 30 29 58 58
226 204 68 97 69
226 121 80 90 85
226 211 57 83 74
222 189 88 89 88
222 59 82 83 82
222 229 81 100 96
222 192 18 100 34
120 23 52 88 58
120 46 18 91 23
50 38 79 82 82
50 207 48 96 52
50 59 76 86 82
50 202 22 83 49
207 44 68 76 69
65 273 26 94 73
65 268 44 93 88
65 222 75 79 77
65 119 15 97 17
199 203 52 86 78
52 49 78 95 85
52 19 28 61 45
52 108 62 83 77
53 196 45 52 49
53 188 25 40 27
188 179 34 43 41
188 162 24 71 37
188 255 49 99 54
184 121 80 100 95
184 199 66 78 77
184 61 95 99 95
184 94 32 64 44
235 219 63 92 87
235 71 19 88 37
235 250 21 64 21
64 216 41 54 51
64 273 16 93 28
64 29 30 36 35
64 187 53 78 66
206 104 25 67 31
206 81 42 56 55
206 52 49 74 60
111 28 34 54 54
111 222 58 98 65
151 114 25 50 28
151 208 82 90 86
151 99 34 38 34
151 211 12 25 21
151 42 11 20 16
81 232 69 70 70
81 125 77 82 80
81 182 10 54 34
138 271 46 90 50
138 1 40 71 65
138 20 24 38 25
138 247 21 100 32
138 246 54 69 66
138 171 66 94 68
138 57 29 82 43
60 205 41 99 98
60 37 19 60 57
60 235 56 86 61
60 14 36 93 82
60 109 45 69 47
60 174 51 99 89
60 5 77 94 86
205 73 33 40 39
205 51 88 91 88
205 166 95 100 99
109 273 67 76 71
61 21 28 75 30
61 15 57 75 66
134 10 23 98 29
134 248 65 70 70
134 210 27 55 46
163 27 72 80 78
163 34 46 63 47
273 175 93 97 97
273 81 29 80 63
273 113 72 94 74
187 275 32 33 32
187 215 24 42 41
187 13 68 84 80
268 187 52 73 58
268 36 90 91 91
268 110 91 92 92
268 76 68 88 74
119 205 69 87 83
119 6 59 63 63
119 162 29 54 45
66 72 41 90 43
66 70 25 73 34
66 34 57 89 70
66 22 93 98 96
66 9 57 87 60
66 54 77 99 83
70 48 48 83 59
70 19 34 78 69
70 168 61 83 73
267 244 12 43 12
267 256 79 91 81
267 230 87 88 87
267 270 20 40 31
68 106 15 66 21
68 233 50 99 60
68 261 76 94 85
68 224 94 99 94
68 23 42 43 42
106 149 19 70 21
69 187 81 97 82
69 111 30 85 83
71 259 55 76 72
194 49 85 87 87
194 94 60 68 65
194 168 17 36 34
194 100 29 34 34
211 65 68 99 68
211 60 20 72 66
211 129 53 63 60
211 94 66 98 95
234 200 32 82 54
240 193 16 77 40
240 137 40 74 53
240 96 59 73 65
240 154 83 100 94
240 199 43 66 60
240 164 44 94 93
75 96 47 90 90
75 68 43 95 95
75 237 95 96 95
75 76 44 91 81
96 127 45 58 53
76 175 16 75 23
76 96 32 76 68
76 204 42 78 45
175 64 29 83 67
175 45 30 69 54
253 51 49 65 56
176 205 26 27 27
176 29 74 79 78
176 152 14 22 16
221 246 66 99 66
221 20 61 69 69
221 107 80 83 81
221 249 82 91 85
221 161 44 82 67
79 75 43 84 44
79 120 83 91 84
79 84 92 97 97
79 0 77 86 85
84 169 23 55 44
263 106 79 92 79
263 92 71 75 73
263 133 64 83 77
263 169 73 91 73
263 232 83 100 86
162 264 49 86 65
162 215 31 55 49
162 238 70 82 73
162 273 91 96 96
125 142 32 42 34
158 153 70 79 79
158 157 56 93 86
158 250 31 97 45
183 99 84 98 85
169 77 70 85 75
169 92 16 18 18
85 2 39 64 43
85 171 58 88 83
171 193 49 58 54
171 271 12 19 14
171 8 64 65 64
171 227 17 82 49
171 181 60 82 62
171 269 29 62 47
86 181 79 100 81
86 15 51 100 96
86 270 13 39 34
270 80 71 74 71
270 154 48 91 85
270 157 78 99 99
270 25 39 49 44
87 104 77 82 82
87 223 32 93 39
87 14 92 99 96
87 0 30 69 46
223 143 31 57 55
223 66 50 85 79
223 237 12 97 50
223 209 47 81 65
88 67 15 41 15
88 218 21 52 25
88 116 82 99 99
89 139 27 93 49
89 214 30 40 34
89 145 89 98 90
89 149 19 28 24
89 219 94 97 97
145 189 59 82 76
145 198 78 86 84
90 225 24 81 47
90 170 20 82 42
90 111 44 69 60
90 151 11 23 20
93 226 63 95 73
93 2 13 74 37
93 239 44 88 70
93 107 31 63 36
93 206 12 19 15
94 200 50 51 50
94 265 27 72 33
94 130 31 38 35
94 124 58 60 60
200 238 43 65 57
95 206 52 74 66
95 221 60 96 76
97 213 92 94 93
97 76 39 69 62
97 28 72 100 100
99 47 17 47 46
99 266 91 92 92
99 210 18 50 41
99 73 38 44 42
99 178 39 99 66
266 228 95 97 95
178 153 29 50 47
178 75 21 37 29
178 112 52 75 57
178 274 70 83 71
178 141 12 53 20
100 48 88 89 88
100 163 58 80 77
269 63 61 75 73
269 49 72 96 81
103 217 86 94 92
103 201 90 96 95
103 211 71 84 77
103 9 21 68 51
272 256 26 29 26
110 88 52 89 80
110 198 89 99 92
110 165 94 99 97
110 269 82 91 85
110 137 92 96 95
110 52 63 72 66
110 218 78 89 89
112 180 47 58 55
114 270 38 52 46
114 89 34 100 56
114 271 66 76 73
114 93 17 49 47
114 65 48 82 61
115 66 76 94 94
115 143 94 95 95
115 200 11 50 34
146 221 49 74 54
146 222 77 86 84
146 136 27 40 35
193 24 51 78 63
193 220 13 30 26
193 115 24 42 29
193 153 74 92 89
123 81 42 51 50
123 238 12 43 37
123 73 67 77 76
123 54 84 90 86
123 256 38 48 38
123 120 92 94 94
256 221 50 74 60
256 145 92 100 96
173 226 61 84 76
173 20 92 93 93
164 143 49 74 67
164 133 85 89 85
164 32 34 67 63
164 242 94 96 94
164 67 76 97 85
131 115 52 73 57
131 233 90 94 93
132 72 18 59 41
132 46 31 70 42
132 243 56 94 93
215 216 22 69 58
195 7 33 56 40
195 145 50 91 65
195 53 34 83 45
135 12 49 62 50
135 24 43 94 71
135 182 23 100 74
247 50 41 67 46
247 209 40 94 58
247 42 53 73 64
251 127 21 70 34
251 146 17 34 32
140 92 19 47 29
140 227 56 75 66
140 239 27 62 56
140 224 54 61 60
140 199 44 92 76
227 59 63 84 74
227 22 90 98 98
227 69 64 85 82
227 196 37 80 49
141 197 23 78 76
262 39 73 76 73
262 161 18 68 30
262 255 31 47 35
262 173 24 62 40
189 262 17 86 72
189 202 93 98 95
189 222 57 93 61
147 77 19 80 68
148 177 26 44 30
148 223 66 77 66
148 271 62 79 69
150 149 86 90 87
150 159 30 47 41
159 99 43 46 43
159 33 77 97 90
159 136 47 65 54
159 84 34 69 37
153 149 30 76 70
153 84 79 92 84
155 224 10 47 23
155 138 90 94 94
157 172 10 36 12
157 14 81 84 81
157 167 66 81 69
157 47 63 77 68
157 203 89 91 91
157 264 83 95 93
172 49 32 68 46
203 140 81 84 84
203 145 60 72 71
203 1 94 98 97
203 33 21 23 21
264 55 38 47 38
264 71 12 43 13
264 247 56 86 58
264 178 44 78 44
264 251 52 100 74
250 271 66 96 72
250 143 10 47 30
250 101 75 76 75
160 82 80 90 89
160 109 18 26 19
160 270 94 99 97
160 68 42 63 59
185 171 63 86 84
185 211 12 73 41
185 237 52 74 58
185 248 80 91 90
185 57 14 66 39
275 191 50 72 69
186 248 71 78 72
186 16 24 30 27
186 63 54 55 54
186 99 19 77 48
186 82 21 28 26
186 7 32 94 71
190 199 79 99 83
190 46 43 95 85
192 33 42 88 88
192 129 16 56 43
220 161 66 69 67
229 275 17 49 35
229 30 79 90 90
254 182 13 42 23
254 0 62 94 73
254 150 63 72 68
230 67 70 89 82
230 152 20 25 25
230 12 53 78 62
230 22 36 43 40
236 227 38 57 42
244 23 16 83 23
244 182 36 46 40
244 1 35 48 43
244 73 73 84 73
245 252 67 99 81
245 103 94 95 95
245 249 66 86 69
245 168 20 94 44
252 3 34 65 45
252 21 67 94 84
252 50 23 37 36
252 156 24 100 26
260 106 77 85 84
260 42 51 67 51
0 275
