70 231
0 29 40 99 91
0 28 86 98 89
0 63 82 94 82
0 6 17 96 51
0 40 67 95 74
0 46 16 18 16
0 62 35 71 63
0 10 26 81 34
0 44 20 56 38
29 45 52 71 57
29 6 78 86 81
29 13 21 41 38
29 38 91 98 91
29 24 95 97 95
29 52 75 84 77
29 47 88 97 91
28 32 11 30 27
63 46 67 73 72
63 47 15 42 22
6 47 43 52 47
6 34 35 49 36
6 21 60 93 93
6 45 49 70 67
6 61 25 90 27
40 19 11 39 25
46 23 63 92 81
46 28 92 100 96
62 24 13 56 42
62 26 54 84 56
62 54 33 77 34
62 11 22 92 56
10 42 54 59 59
10 35 33 46 39
10 8 95 97 97
44 32 92 97 92
44 65 31 74 39
44 6 14 57 42
1 45 55 75 62
1 55 95 96 96
1 58 60 95 84
1 41 84 92 90
1 23 62 88 80
45 3 57 78 74
45 57 43 74 63
55 0 73 82 78
55 36 45 76 66
58 33 52 68 60
41 38 18 39 31
41 67 66 80 74
2 20 48 71 54
2 55 70 81 78
2 53 56 94 70
20 39 45 64 48
20 9 62 80 62
53 21 88 96 94
3 69 21 57 23
3 46 20 62 60
3 34 51 78 71
3 0 46 60 55
3 53 18 68 54
69 63 55 99 94
69 15 71 77 73
69 32 59 83 64
69 6 56 68 58
34 60 42 90 68
34 28 57 96 92
34 0 79 98 88
34 62 39 40 40
34 8 19 98 48
4 43 55 84 61
4 49 52 98 61
4 47 17 38 36
4 3 95 100 97
4 52 10 27 18
4 62 61 93 66
43 62 46 98 79
43 52 31 76 47
43 18 24 64 44
43 20 15 81 71
43 59 80 85 84
49 31 42 85 73
49 38 52 87 56
49 30 78 83 81
49 11 77 78 78
49 3 13 76 24
49 24 95 96 96
47 29 64 73 72
52 16 94 99 98
52 61 14 25 18
52 21 69 85 75
52 60 13 20 17
5 26 61 98 75
26 53 79 98 83
26 17 78 96 84
21 13 58 78 58
21 18 64 67 64
21 42 90 96 93
21 64 35 82 74
61 54 61 68 65
61 14 34 46 43
61 31 66 68 67
61 21 49 72 65
61 7 81 89 87
61 43 83 93 87
61 57 34 60 44
7 66 50 64 50
66 9 25 42 37
66 13 29 33 30
66 37 63 97 65
66 33 31 32 32
66 12 37 41 41
8 48 71 100 71
8 17 82 98 97
8 9 91 96 95
48 53 17 98 89
48 18 74 93 84
48 45 23 73 27
17 62 82 99 94
42 10 28 61 34
42 60 35 72 47
42 53 15 97 96
42 25 35 50 37
35 29 94 96 96
35 40 70 90 75
35 9 78 85 79
11 33 35 96 96
11 66 28 100 76
11 10 22 28 25
11 50 37 50 46
11 38 80 89 89
33 0 51 73 67
33 26 10 75 23
33 36 36 88 56
50 51 43 100 99
50 43 62 78 72
50 16 35 56 52
50 40 72 99 87
38 35 10 16 14
38 56 72 80 74
38 1 64 98 90
38 11 55 74 55
12 1 86 88 87
13 59 87 93 92
13 23 34 36 34
13 28 63 71 68
59 63 46 83 64
59 37 50 81 73
59 28 66 95 73
14 59 47 81 71
14 34 51 90 75
15 29 51 92 63
15 61 46 51 47
15 5 44 55 52
15 51 43 84 66
51 26 14 91 87
51 24 63 88 68
16 9 40 65 40
16 35 64 82 72
16 46 93 97 95
16 45 57 96 60
16 60 13 60 58
16 59 82 96 92
60 18 13 52 19
60 33 11 100 98
60 52 44 46 44
60 25 39 82 40
18 40 17 84 67
18 0 26 49 45
18 21 89 93 89
18 19 53 74 59
19 64 95 100 95
19 38 28 50 38
64 7 48 78 58
64 17 22 91 81
64 8 28 39 31
64 50 58 68 62
64 57 44 81 71
64 68 68 71 70
39 30 86 88 86
39 25 43 62 47
39 27 12 62 60
39 51 76 95 92
22 20 17 44 34
24 44 74 96 80
24 54 11 77 63
24 20 65 82 78
24 62 12 32 18
24 26 78 90 88
24 18 10 53 10
54 10 74 94 77
25 27 17 89 19
27 66 54 97 55
27 5 77 93 84
27 61 11 76 73
27 30 53 55 55
30 10 30 47 40
30 25 81 98 83
30 19 60 91 79
30 15 21 98 49
30 44 65 95 95
30 56 89 96 92
32 30 87 91 91
32 24 74 89 84
56 40 26 90 52
56 60 36 48 46
56 44 46 82 48
56 14 56 65 65
56 51 88 92 91
56 28 61 70 63
56 69 94 95 94
31 5 26 86 69
31 52 33 100 98
31 68 19 77 49
31 1 59 62 59
68 65 11 17 13
68 57 86 96 89
68 52 71 99 86
68 2 33 60 46
36 30 95 100 95
37 21 86 90 86
37 63 25 34 26
67 16 37 78 65
67 63 81 84 84
65 25 50 75 74
65 17 40 69 63
65 28 37 72 46
65 14 57 78 61
65 11 38 44 43
57 69 46 90 49
57 59 67 87 73
57 11 24 56 30
0 69
