92 241
0 88 32 44 35
0 22 78 94 79
0 14 61 71 66
88 10 70 75 74
88 41 38 63 60
88 5 77 79 77
88 14 11 17 13
22 16 83 100 98
14 87 63 86 86
14 20 46 50 50
14 64 21 98 56
14 60 68 99 87
14 8 68 99 73
1 89 16 56 48
1 10 34 59 42
1 46 33 53 46
1 75 56 84 74
1 57 71 75 75
89 80 16 57 38
89 26 81 85 84
10 9 74 98 93
10 81 63 69 64
10 39 84 98 93
10 76 23 74 73
10 22 22 57 25
10 32 65 86 83
75 6 75 91 75
75 54 29 33 33
57 4 63 68 68
57 91 79 90 79
57 3 85 92 86
2 65 23 40 32
2 79 22 32 27
2 32 47 81 69
2 68 49 85 67
2 66 85 96 87
2 86 22 34 23
2 78 56 99 69
65 89 83 93 88
65 55 22 95 87
65 27 83 93 88
79 42 86 96 96
79 85 74 84 79
79 7 69 76 76
79 6 14 42 38
32 37 81 88 85
32 11 54 70 69
32 88 89 99 98
68 74 92 98 98
68 35 55 89 69
68 60 72 74 72
68 76 62 93 89
66 70 77 98 84
66 82 75 77 77
66 41 74 97 78
66 26 13 37 19
66 22 61 93 77
86 27 33 34 33
86 79 90 99 99
86 54 38 76 75
78 28 65 88 81
78 3 31 59 35
78 65 78 96 90
3 72 62 88 87
3 58 15 52 36
3 71 50 66 58
3 90 26 70 62
72 75 71 88 86
58 43 85 88 88
58 72 48 71 52
58 12 93 94 94
71 91 18 62 39
71 5 74 91 75
71 40 73 85 81
90 32 62 69 62
90 81 69 98 84
90 28 71 81 71
90 75 76 80 77
4 69 73 99 91
4 66 83 86 85
4 39 68 77 71
69 74 19 86 80
39 36 24 53 48
39 72 63 73 72
39 17 15 52 28
5 56 79 84 84
56 39 68 75 73
56 2 92 94 94
56 72 63 87 63
56 24 87 100 91
56 48 45 87 49
56 33 64 81 67
6 62 87 99 93
6 48 95 100 95
6 37 15 69 45
62 30 65 80 70
62 16 43 50 44
62 56 34 99 66
48 89 73 75 73
37 38 64 69 65
37 76 39 63 53
7 18 92 97 94
18 8 41 52 48
18 74 38 74 52
8 47 43 68 57
8 30 21 35 33
8 24 17 65 19
8 22 24 32 24
8 66 53 82 69
8 61 57 81 73
47 35 16 49 39
47 24 80 81 81
47 91 29 89 89
47 23 53 96 55
30 26 34 61 61
30 85 88 96 88
30 43 42 87 48
24 11 74 100 86
24 59 30 45 42
24 17 16 19 16
61 1 51 95 75
61 66 44 74 66
9 87 27 69 37
9 49 89 91 91
9 15 94 97 97
9 17 92 97 94
87 58 74 88 86
87 28 88 94 91
87 81 69 80 74
49 62 30 57 33
49 70 14 16 16
15 10 91 94 92
17 2 42 63 47
17 54 59 61 60
17 34 92 97 93
76 71 70 78 77
76 21 54 90 87
76 67 89 92 90
11 2 46 56 53
11 65 49 51 49
11 72 59 62 59
12 8 54 55 55
12 77 53 57 54
77 43 88 97 93
13 71 53 81 57
13 63 66 80 67
13 30 70 83 70
13 27 40 51 50
63 67 87 89 88
27 20 21 49 22
27 71 35 81 46
27 55 34 52 44
27 11 74 97 77
27 3 32 51 33
60 11 13 29 29
60 86 36 93 88
60 90 92 93 92
16 57 41 73 64
16 54 67 92 91
16 36 75 95 81
54 76 75 88 79
54 11 41 99 42
36 85 65 92 73
36 26 80 90 88
34 21 45 81 73
34 50 52 85 84
34 56 34 84 49
34 46 87 94 90
34 52 94 100 94
74 47 41 42 42
74 72 44 65 53
74 54 70 88 70
74 4 77 97 87
19 57 82 88 85
19 62 76 91 84
19 43 76 81 77
19 45 36 76 52
19 42 77 97 94
43 52 41 96 45
43 79 85 97 89
45 33 90 92 91
42 33 29 35 31
42 61 15 56 21
21 4 58 87 85
21 34 70 84 80
21 9 72 79 75
23 46 76 86 79
25 2 90 95 94
55 1 61 68 66
55 18 71 94 81
55 90 31 100 99
55 23 47 85 74
55 82 46 77 63
55 54 25 91 58
29 38 71 89 85
29 25 11 24 17
38 85 54 69 57
38 20 69 78 78
38 52 73 81 78
38 59 21 58 51
85 91 63 97 78
85 55 27 51 51
85 84 16 51 23
31 76 61 69 63
31 47 45 76 52
33 18 19 71 21
50 85 57 88 71
50 77 51 78 56
50 37 13 65 42
50 9 59 68 61
52 13 81 92 87
52 41 68 81 74
52 80 90 100 97
35 55 44 79 56
41 22 90 95 93
41 75 45 50 50
41 2 54 62 54
44 67 27 31 29
67 32 76 85 77
67 81 74 83 74
91 7 76 77 76
91 24 40 86 70
91 64 18 66 56
70 43 65 87 80
70 6 80 90 83
70 63 74 99 97
70 58 84 100 99
51 81 78 100 100
51 15 41 44 43
80 47 62 68 66
53 64 74 75 74
82 73 52 69 65
82 78 63 84 63
82 57 48 55 50
82 72 85 88 86
73 32 35 54 54
73 54 73 85 76
73 24 20 23 22
73 34 86 87 87
83 18 70 94 77
84 40 49 60 49
0 91
