39 149
0 7 44 98 73
0 19 29 91 79
0 11 59 61 60
0 18 77 95 88
0 2 83 99 94
7 13 57 80 67
7 37 16 43 42
7 35 76 100 95
7 9 95 99 96
7 10 51 69 66
19 18 20 31 22
19 24 93 99 97
19 3 63 98 82
19 14 65 78 66
19 26 18 72 60
19 27 51 94 59
19 33 86 95 86
19 22 83 97 88
18 29 74 94 90
18 26 80 91 85
18 28 78 92 81
18 30 40 97 43
18 20 44 58 45
18 2 38 50 47
18 34 22 32 32
2 32 63 71 67
2 17 46 49 48
2 23 79 89 88
2 10 71 83 78
2 11 17 40 35
1 27 49 50 49
27 5 84 91 87
27 11 46 93 74
27 19 11 22 21
27 13 16 46 28
32 28 54 71 57
32 31 38 80 51
32 16 53 59 53
32 34 86 89 89
17 37 31 48 46
17 0 45 62 52
23 35 66 91 79
23 13 50 65 53
23 12 86 90 90
23 38 68 83 68
23 21 20 74 67
10 26 18 55 31
10 31 60 90 70
10 37 76 91 79
10 7 86 95 87
10 24 83 84 83
10 15 60 77 65
10 8 51 54 51
10 16 51 91 86
10 18 89 97 93
10 11 72 88 80
3 12 57 87 79
3 11 66 92 80
3 19 64 98 94
12 9 75 85 83
12 30 76 99 92
12 16 52 89 57
12 13 55 87 56
4 21 12 99 70
4 0 41 65 50
21 19 56 86 62
5 24 74 92 90
5 13 49 93 57
5 4 79 85 85
5 12 63 80 67
24 17 65 88 87
24 8 58 93 66
24 1 38 75 42
24 5 11 27 22
24 6 33 62 35
24 32 29 67 33
24 0 56 70 60
13 38 44 54 50
13 23 57 61 57
13 16 20 55 39
13 18 90 98 90
13 36 16 87 68
6 32 48 91 48
6 12 80 86 82
6 11 22 69 26
6 36 18 39 32
6 37 17 39 19
36 19 27 32 29
36 27 83 93 92
36 22 43 81 55
37 25 61 63 61
35 32 12 57 20
35 0 54 93 69
9 34 24 95 84
9 16 29 53 47
9 4 26 93 47
8 3 11 97 78
8 4 51 94 88
8 28 81 93 89
8 33 46 91 80
8 30 38 47 45
33 28 49 54 53
33 6 79 99 85
33 3 65 87 77
33 38 28 42 28
33 11 62 85 68
33 24 11 77 29
33 22 56 91 78
30 13 27 97 91
30 25 17 74 17
30 20 37 83 76
30 38 55 90 85
30 0 78 99 86
34 5 69 98 80
34 36 32 40 33
34 27 19 32 32
34 15 12 73 28
16 4 82 94 89
16 30 26 31 26
16 13 87 98 91
16 21 28 48 28
16 34 56 79 67
16 7 37 56 41
26 29 56 99 95
31 14 28 41 41
31 18 28 99 63
31 23 10 55 32
15 34 71 72 71
15 1 84 100 91
15 35 17 58 22
38 36 71 87 73
38 34 83 98 93
14 2 10 55 33
14 30 29 33 32
14 26 34 97 78
29 10 30 44 40
29 35 66 83 68
20 5 33 61 45
20 12 20 51 26
20 38 53 55 55
20 28 80 100 91
22 13 77 83 80
22 36 63 79 71
22 1 12 43 19
22 26 89 91 91
25 27 44 78 51
25 21 28 32 30
25 10 83 96 96
25 26 88 100 95
0 38
