192 579
0 59 72 93 83
0 160 74 98 80
0 17 76 93 89
0 164 82 98 95
0 180 56 91 91
59 158 70 98 81
59 141 73 95 79
59 71 86 95 92
59 126 45 63 54
160 137 59 79 59
160 174 56 64 63
160 41 57 72 66
17 154 13 71 29
164 110 36 52 52
164 73 34 70 66
180 109 11 98 17
180 114 25 65 31
180 94 88 91 91
180 35 53 94 72
1 0 21 22 21
1 168 89 99 90
1 147 85 91 85
1 159 88 100 97
168 85 12 97 19
168 44 34 76 46
168 26 33 89 64
147 59 23 29 29
159 85 90 92 90
159 17 45 53 50
159 35 47 92 53
159 151 52 100 89
159 62 94 99 96
2 78 36 45 38
78 138 43 85 54
78 62 63 72 68
3 120 14 46 17
3 176 24 25 25
3 32 40 46 43
3 148 60 87 63
3 85 26 39 35
120 76 49 67 67
120 141 51 65 62
120 29 59 79 79
176 125 57 81 68
176 191 94 97 94
176 9 45 78 48
176 30 83 88 87
176 165 65 77 66
32 48 22 42 31
32 24 42 70 55
32 1 25 40 35
32 184 84 91 90
32 108 55 68 55
32 189 39 70 62
32 109 22 31 28
32 104 71 95 80
148 186 68 71 69
85 173 36 42 36
85 83 65 71 65
85 191 52 88 64
85 72 70 84 74
4 180 33 64 43
4 104 15 22 17
104 19 15 80 42
104 50 92 98 96
104 177 84 86 85
104 171 11 40 31
104 98 51 75 68
5 110 62 69 63
110 185 52 74 64
110 121 58 80 61
110 190 82 97 94
110 143 18 96 34
6 120 82 94 89
6 100 38 98 53
100 22 79 93 79
8 53 53 55 55
8 12 93 99 93
8 86 33 39 34
8 136 90 100 90
8 155 93 99 97
8 55 63 83 76
53 155 81 97 93
12 110 73 80 80
12 39 32 69 58
12 187 22 93 38
12 143 31 60 48
86 119 31 55 48
86 110 24 53 47
136 9 38 45 38
136 154 36 89 59
136 161 54 71 70
136 55 81 86 84
155 35 72 75 75
155 82 53 91 59
155 178 63 72 71
155 112 54 85 85
55 151 78 90 88
55 59 29 59 44
55 7 30 83 75
55 19 39 58 40
9 100 54 76 61
9 57 85 87 87
9 131 14 27 21
57 90 75 92 76
57 92 42 54 46
57 59 63 82 70
57 156 23 39 28
131 52 72 89 80
131 135 19 68 20
10 153 72 92 84
10 113 85 92 91
10 13 36 89 79
153 147 52 100 90
113 185 29 71 52
113 70 81 100 85
113 166 50 66 63
113 50 79 80 79
113 60 18 81 59
113 28 51 96 61
13 91 70 71 71
13 176 17 69 51
13 130 72 86 80
13 154 64 79 77
11 77 55 98 76
11 30 29 49 31
11 55 76 94 85
77 161 38 88 66
30 86 39 49 46
30 158 58 84 64
30 66 20 71 46
30 12 81 82 82
39 115 65 81 66
39 135 41 44 43
39 107 78 87 83
39 171 14 68 47
39 21 89 99 98
39 166 76 94 79
39 11 36 53 52
187 138 45 84 54
187 59 27 75 48
187 119 81 94 86
143 46 20 89 52
143 115 86 92 92
143 82 38 56 49
143 27 18 64 20
91 54 33 94 65
91 85 25 26 26
91 97 12 18 15
91 0 18 31 29
130 154 49 87 73
130 51 25 52 52
154 22 49 58 55
154 122 52 94 71
154 31 27 45 31
154 133 20 22 21
154 23 35 89 43
15 46 80 91 86
15 71 57 92 66
15 19 13 96 16
46 72 87 91 89
46 12 15 88 28
46 14 12 78 43
46 112 93 98 94
46 67 65 83 70
46 191 29 37 30
71 44 76 99 79
71 54 13 84 54
71 127 26 75 38
71 164 92 97 93
19 67 44 92 84
19 12 74 90 79
19 103 95 100 98
16 12 60 92 74
16 140 18 69 28
140 147 54 94 94
140 42 42 53 51
140 158 12 15 14
18 117 53 58 54
18 45 11 62 33
18 177 69 89 74
18 62 86 91 90
18 178 62 65 65
117 99 60 84 81
117 158 13 62 17
117 65 62 67 65
117 7 43 56 45
117 78 40 89 81
117 69 83 91 89
117 88 66 70 67
45 21 83 95 91
45 158 79 94 90
177 33 86 98 91
62 174 77 97 90
62 146 42 71 62
178 8 85 90 85
178 123 47 96 71
178 27 36 72 52
178 47 54 71 55
67 46 88 92 89
67 121 84 95 88
103 117 38 39 38
103 85 23 96 88
103 161 68 83 83
20 136 33 75 64
20 128 42 73 50
20 40 52 78 77
20 113 79 100 99
128 50 30 38 32
128 127 50 95 88
128 183 84 88 86
128 40 15 22 18
128 70 15 51 34
40 151 17 58 36
21 40 74 98 89
21 113 35 54 40
21 27 86 88 86
21 33 94 96 95
21 121 53 73 64
27 159 45 80 71
27 75 66 88 72
27 65 67 79 77
33 189 50 74 64
33 190 26 46 34
121 125 71 92 84
121 102 28 38 28
121 110 87 91 91
121 74 20 93 33
121 77 10 69 60
22 64 19 80 62
22 21 27 96 86
22 125 81 87 84
64 102 41 95 51
64 106 63 69 65
64 56 17 32 29
64 115 71 91 71
125 158 71 83 80
125 124 30 65 59
23 188 91 95 94
23 84 70 83 73
23 42 56 64 64
23 106 77 98 85
23 191 43 51 46
23 155 46 59 51
188 123 22 85 72
188 169 26 30 28
188 121 30 73 60
84 133 33 74 60
84 28 54 76 67
84 64 11 24 15
84 60 93 96 94
84 89 84 88 85
84 48 95 100 96
84 32 90 91 90
42 173 90 93 90
42 136 18 68 25
42 48 59 81 61
42 100 71 93 75
106 149 94 96 96
191 38 73 95 81
191 19 64 70 66
191 90 59 65 65
191 165 57 59 59
191 26 72 75 75
24 2 10 29 18
24 91 13 16 13
24 28 24 39 35
28 118 75 81 80
25 178 85 95 92
25 39 45 69 59
25 50 68 97 74
25 63 92 96 92
50 19 59 99 95
50 87 15 39 17
50 112 61 74 63
63 100 44 82 76
63 172 42 47 42
63 140 13 76 29
63 50 19 34 31
26 23 91 94 94
26 189 14 72 59
26 131 82 88 86
26 120 52 100 56
189 173 23 88 32
75 44 27 64 60
75 24 82 95 91
75 49 71 85 72
75 144 68 94 86
65 146 92 95 95
65 6 88 97 90
65 57 24 48 37
65 16 27 76 74
118 26 72 88 87
118 0 74 90 84
118 130 86 91 89
29 145 71 95 75
145 141 40 91 82
145 21 63 67 67
145 78 22 96 71
145 60 30 73 50
145 26 68 71 70
158 46 84 92 89
158 153 81 88 87
158 35 21 50 43
158 75 44 64 61
158 22 44 76 48
66 4 53 97 65
66 30 36 45 39
66 78 67 100 72
66 55 37 40 39
31 120 24 99 66
31 50 53 76 64
31 8 48 74 63
48 71 75 80 77
48 20 65 67 66
184 50 85 95 89
184 167 34 81 60
184 15 42 75 70
184 126 24 56 24
184 124 46 81 53
184 164 33 81 64
184 191 86 87 86
108 32 72 73 73
108 129 23 49 24
108 79 26 43 39
109 95 61 98 72
109 6 66 89 79
190 124 54 96 94
190 131 35 46 46
190 147 17 71 67
190 134 11 57 25
190 19 85 99 92
35 190 46 78 51
35 117 21 84 71
35 42 41 44 41
35 6 85 97 93
35 70 37 83 78
70 177 64 78 67
70 39 24 94 38
70 86 84 90 84
70 112 53 96 64
36 62 58 72 69
36 132 92 95 93
132 123 30 89 81
132 80 44 85 52
132 154 50 75 69
132 24 32 97 64
37 54 34 46 41
38 167 89 99 95
167 135 40 97 81
167 156 60 75 70
167 107 52 98 89
115 126 83 92 83
135 71 41 84 54
135 82 43 61 61
135 186 51 82 58
107 103 69 85 83
107 36 25 82 27
107 10 18 50 21
107 143 65 70 68
171 50 45 47 46
171 96 40 49 46
171 54 62 100 69
166 140 78 83 79
166 169 22 36 24
166 131 75 96 84
41 144 23 43 37
41 128 84 89 87
144 47 86 92 86
173 107 16 73 37
173 130 39 52 51
173 47 89 92 92
173 167 34 98 53
173 1 75 98 95
173 93 22 72 72
43 21 18 72 69
43 65 47 48 47
43 1 67 76 76
44 90 61 83 69
44 174 10 69 47
44 2 33 82 81
44 13 75 97 75
44 39 19 87 63
90 70 83 86 84
90 85 74 99 88
72 27 88 91 88
72 154 76 99 99
112 109 87 97 92
112 169 21 50 37
112 125 45 58 48
112 67 13 91 40
112 90 80 89 80
112 141 43 85 48
47 56 59 87 62
47 190 77 86 79
56 109 69 91 73
56 145 91 93 91
87 67 79 84 79
87 9 22 50 35
87 108 66 93 66
87 15 39 70 68
87 42 42 55 48
87 125 14 30 30
87 1 35 97 95
51 134 11 83 30
51 55 86 97 97
51 79 46 69 58
134 93 65 72 72
134 170 32 100 80
134 61 24 61 43
79 186 30 43 36
79 185 12 28 23
79 49 39 96 64
79 172 95 99 98
52 110 47 53 48
52 106 67 90 79
52 19 18 94 31
92 34 40 99 82
92 118 83 90 83
92 47 20 57 55
92 73 61 89 61
92 126 36 100 36
156 134 39 61 50
156 95 43 96 76
156 9 14 15 14
58 54 17 60 52
58 67 40 85 84
58 82 75 82 76
82 135 73 75 75
141 146 84 94 86
141 162 93 98 94
141 67 31 69 58
141 13 35 84 52
126 169 28 34 34
126 73 69 98 76
126 106 39 80 51
126 83 39 79 49
126 62 42 56 54
126 117 23 80 66
126 30 80 98 91
60 91 80 82 81
146 27 72 92 89
146 13 14 75 55
146 104 41 56 47
146 87 15 46 44
172 170 79 86 83
172 76 43 73 60
172 120 88 99 88
172 118 54 57 55
102 169 10 23 14
68 123 95 98 97
68 182 72 99 80
68 174 41 58 45
68 102 79 99 82
68 188 78 94 84
123 65 63 73 71
123 45 56 68 64
69 94 86 93 93
69 160 58 83 70
69 78 87 97 88
69 189 27 97 69
69 14 43 87 53
94 191 42 78 77
127 69 29 61 34
127 89 40 47 40
127 167 33 75 46
73 101 28 100 80
73 120 40 83 45
73 119 61 87 61
73 36 95 96 95
101 187 81 82 82
101 17 41 97 44
101 44 14 75 43
101 94 13 24 14
119 127 69 80 77
119 136 21 40 28
74 111 89 98 94
74 62 94 95 94
74 119 55 76 63
74 5 35 50 45
74 99 80 95 80
111 162 60 71 65
111 168 56 60 60
99 134 15 98 16
76 32 31 90 85
76 175 22 99 91
175 2 78 87 83
175 94 58 79 62
161 121 46 55 46
138 65 56 96 72
138 25 36 97 44
138 190 83 91 87
138 188 11 63 58
138 91 42 77 67
186 84 88 95 89
186 70 41 49 41
186 137 49 98 90
80 172 18 78 42
80 58 10 100 26
81 56 29 57 49
81 13 86 97 90
81 6 31 91 52
83 68 40 55 44
83 63 84 89 89
133 121 72 86 77
133 35 46 93 92
133 140 84 91 88
133 64 46 55 53
133 91 94 96 94
89 68 25 38 33
88 116 35 75 69
88 151 23 64 30
88 113 47 75 62
88 90 49 98 67
116 73 37 38 38
116 115 84 91 84
116 9 93 100 95
97 152 32 73 43
97 158 82 83 83
97 41 94 96 95
93 127 59 60 60
93 110 45 76 66
95 159 58 61 61
96 160 17 19 18
96 74 84 96 94
152 122 55 81 59
152 33 64 71 68
152 93 14 77 37
98 189 65 80 74
169 140 12 85 21
169 41 22 35 31
105 138 56 97 91
105 71 57 70 61
105 100 47 61 49
105 157 92 95 92
157 14 62 80 77
149 160 26 73 52
149 124 32 91 81
149 71 79 85 80
129 26 27 80 35
129 31 76 84 82
129 0 61 62 62
162 69 68 93 92
162 25 43 71 54
162 142 79 90 82
114 31 13 36 34
114 125 77 97 95
114 138 93 100 93
114 60 69 72 71
122 114 92 97 97
122 103 37 68 55
124 189 37 62 41
124 128 16 40 34
124 75 17 91 41
183 96 56 78 71
183 51 49 51 51
183 84 27 70 67
170 83 68 80 75
170 136 35 84 42
170 30 21 84 77
170 17 38 76 65
137 98 64 73 73
137 85 22 25 22
139 92 13 81 42
139 51 84 85 85
142 21 79 93 84
150 130 89 91 90
163 80 57 79 79
163 96 78 98 95
163 152 53 63 63
163 190 58 83 76
163 143 38 63 38
163 102 45 72 62
165 78 68 88 81
165 47 27 92 87
165 130 10 48 42
179 64 85 99 94
179 87 85 91 86
179 88 75 79 76
0 191
