56 189
0 17 50 74 62
0 41 42 60 47
0 16 52 89 84
0 1 18 27 26
17 3 37 58 49
17 20 94 98 94
41 7 16 17 16
41 26 62 76 76
41 3 52 62 58
41 20 57 86 68
16 30 59 63 63
16 44 61 88 86
16 46 52 97 56
16 20 24 39 27
16 49 81 90 85
16 53 24 65 53
1 5 75 77 77
1 22 44 87 51
1 46 43 82 57
5 36 51 79 70
5 13 40 99 42
5 39 63 71 69
5 31 53 54 53
5 6 20 63 46
22 21 14 49 16
22 43 91 94 93
22 8 16 34 16
46 1 82 91 91
2 29 78 86 81
29 46 40 48 40
29 40 55 60 59
29 44 91 100 95
29 47 61 62 62
3 39 39 59 50
3 44 49 53 49
3 7 67 94 77
3 11 88 90 89
39 12 45 51 46
39 50 86 98 94
39 31 65 67 67
44 8 11 78 26
44 48 90 92 92
44 36 38 86 74
44 55 31 55 31
44 53 77 84 84
44 3 31 53 37
7 14 11 30 21
7 20 57 65 57
7 3 22 49 29
11 32 16 69 36
11 18 93 96 94
11 40 86 88 87
4 52 87 96 87
4 33 54 92 60
4 0 46 53 46
4 55 27 66 33
52 9 38 92 52
52 36 25 68 37
52 0 22 32 23
52 45 57 100 95
52 53 83 95 95
52 26 80 99 94
33 54 58 59 59
33 1 94 95 95
55 38 53 75 61
36 51 29 99 30
36 37 90 96 90
13 9 68 99 73
13 3 56 97 77
13 14 24 61 36
31 16 19 64 26
31 30 78 85 80
31 28 83 92 89
6 53 61 82 77
6 2 58 77 69
6 47 57 78 71
47 1 44 97 96
47 51 37 89 76
47 34 66 93 74
47 36 91 94 91
47 30 95 97 97
14 54 43 99 95
14 11 20 35 20
14 34 40 81 46
20 1 95 100 99
20 53 15 68 67
20 51 41 75 65
8 21 17 81 35
8 25 24 45 25
8 28 12 79 28
8 49 47 69 55
8 14 58 61 58
21 37 17 54 46
21 43 83 90 90
21 28 16 72 41
25 49 23 49 32
28 9 68 95 93
28 47 25 40 33
28 4 21 45 25
28 7 66 94 73
28 33 50 97 61
49 9 29 52 52
49 11 94 100 100
49 20 41 66 57
9 10 59 85 63
9 15 70 79 79
10 18 62 75 65
10 4 19 77 51
10 30 39 71 52
15 36 71 80 76
15 33 71 83 72
15 24 62 91 83
15 27 75 83 76
18 26 55 66 59
18 4 88 95 89
18 48 83 86 86
18 25 73 92 74
30 45 65 97 70
30 24 81 93 92
32 10 23 94 92
32 14 15 42 15
32 0 65 99 94
40 55 54 62 60
40 38 62 95 67
40 22 47 71 57
40 19 22 45 29
12 40 58 93 70
12 39 64 82 75
12 5 35 36 35
12 43 70 76 73
12 53 43 74 59
12 50 78 99 83
12 41 25 39 39
43 47 42 94 68
43 41 58 81 76
50 23 76 86 78
50 38 29 74 43
54 7 34 88 61
54 51 83 98 96
54 3 37 42 41
34 23 82 93 87
34 46 44 92 53
34 49 85 91 88
34 29 57 73 59
34 37 77 88 84
34 51 88 93 88
24 31 42 97 93
24 50 20 57 22
24 12 62 77 70
27 0 76 86 77
27 38 69 87 71
27 46 48 78 65
26 13 93 97 93
26 18 62 75 73
26 21 94 99 97
48 52 77 94 83
48 29 73 100 73
48 46 35 40 39
48 54 91 98 92
48 40 64 72 72
19 31 95 97 97
19 37 13 41 24
19 33 36 62 54
19 9 78 83 83
19 4 93 96 94
37 7 27 52 33
37 6 65 77 71
51 16 70 78 78
51 12 91 96 91
51 55 50 58 58
51 49 29 43 41
51 39 71 95 73
51 14 11 95 16
23 27 57 68 60
23 13 25 40 29
23 30 38 79 73
23 55 14 45 15
23 45 42 64 44
23 48 59 64 60
45 19 28 45 44
38 34 50 91 87
38 13 10 57 35
38 31 22 34 23
38 6 64 90 82
35 25 43 58 49
35 11 76 100 88
35 19 94 97 97
42 22 88 90 90
42 30 94 97 97
0 55
