23 59
0 11 13 68 20
11 12 87 89 89
11 14 88 97 92
11 21 61 81 70
11 3 68 87 72
1 22 57 83 79
1 2 78 83 78
1 20 53 89 80
1 8 78 96 86
22 14 70 96 84
22 20 12 96 14
20 11 26 63 27
20 15 60 61 61
8 21 87 96 95
3 6 82 86 84
3 15 22 35 27
6 21 72 82 75
6 8 90 98 92
15 14 92 96 92
15 19 60 93 69
15 6 91 95 93
4 5 10 30 15
4 2 32 81 33
4 15 82 92 91
4 6 62 94 94
5 19 87 95 90
5 20 53 76 62
19 0 34 35 34
19 4 41 75 48
19 8 42 58 44
19 3 27 33 29
19 7 28 41 30
21 22 91 97 95
21 18 37 56 49
7 6 79 93 81
7 11 64 84 82
7 3 68 97 83
7 19 70 71 71
7 10 28 58 38
10 19 57 73 60
10 12 53 64 53
9 20 29 78 39
9 11 41 94 87
9 13 35 82 53
9 3 53 100 100
9 14 18 95 58
13 16 30 73 53
14 19 19 57 53
12 22 51 74 60
12 18 78 87 81
18 15 70 95 85
18 11 50 91 86
16 9 28 80 76
16 19 65 66 65
16 14 62 92 91
16 17 91 99 97
17 12 29 68 54
17 16 30 34 33
17 5 41 66 49
0 22
