1461 2970
0 313 87 97 93
0 308 24 55 43
0 1398 89 100 89
313 498 36 63 43
313 923 32 91 41
313 955 92 95 93
308 557 50 88 75
308 1145 19 63 29
1398 420 95 96 95
1398 1108 42 100 92
1398 1455 77 83 82
1 449 67 95 85
1 318 26 62 53
1 631 16 23 20
318 682 35 89 81
318 846 40 65 64
631 381 65 77 72
631 1127 75 94 94
2 784 58 74 60
2 149 73 82 82
2 1239 86 89 86
784 1187 67 77 77
784 597 93 100 93
149 158 11 37 30
1239 311 33 82 57
1239 595 89 100 90
4 114 88 89 88
6 1422 10 52 14
6 256 80 85 84
6 1435 89 94 90
6 1106 58 63 60
1422 300 82 91 91
1422 481 65 93 77
256 1330 12 86 76
1435 1443 95 98 98
1435 113 31 53 41
7 895 81 94 82
7 343 64 85 82
7 1386 37 71 48
7 1173 32 68 38
895 897 36 64 51
895 1262 13 86 82
343 1185 70 83 71
1386 1197 62 73 64
1386 216 33 78 63
1386 1031 55 98 68
1386 639 91 94 94
1386 721 93 95 93
1386 549 43 78 65
1173 1093 59 79 67
1173 211 59 93 66
1173 605 32 91 64
1173 108 33 46 44
8 563 10 69 60
8 806 88 91 88
8 774 73 95 73
8 267 33 86 75
563 1357 18 38 24
806 1102 59 66 65
806 862 50 84 70
806 78 26 27 27
774 498 25 86 42
774 70 86 89 87
267 691 81 87 85
267 222 73 75 74
9 373 78 86 78
9 848 33 55 42
848 676 14 20 20
848 167 31 97 70
848 647 84 85 84
848 1184 37 79 50
848 252 76 91 89
10 576 36 89 68
10 486 12 61 38
10 959 79 80 80
10 6 19 45 39
10 1266 28 59 40
576 568 17 52 45
576 1396 30 69 63
576 707 40 46 45
486 139 38 99 71
486 649 68 85 72
959 73 48 90 50
959 365 85 88 86
959 184 95 100 100
1266 1176 10 28 20
1266 1242 54 87 71
11 22 29 75 51
22 27 24 95 52
22 13 17 62 29
22 957 65 73 69
22 1261 64 100 77
22 292 41 99 42
13 124 22 39 31
13 892 30 53 42
13 1321 72 75 73
13 607 77 89 82
892 1236 78 90 78
892 629 19 81 25
1321 1390 33 67 44
1321 963 72 80 76
607 1192 47 52 47
607 36 26 47 42
607 1135 83 93 85
607 100 53 94 87
607 368 93 96 96
14 501 95 97 95
14 593 35 59 36
14 185 75 91 77
593 451 81 97 87
593 759 48 60 54
593 492 19 46 43
593 1217 71 79 78
185 1410 58 83 66
185 1280 30 83 60
185 1082 79 81 81
185 897 28 33 28
15 1309 35 56 47
15 596 33 56 34
15 515 23 68 63
1309 901 32 77 49
1309 325 44 70 59
596 1420 30 64 33
596 120 42 79 63
596 1271 61 88 70
515 1435 81 91 88
515 1230 76 92 81
515 504 95 100 97
515 270 51 63 60
16 769 67 92 71
16 1000 36 100 70
769 302 56 95 76
769 1265 33 90 78
1000 164 72 86 81
17 1069 95 99 99
1069 1140 82 83 82
1069 199 51 68 63
1069 448 35 53 42
18 1121 20 25 23
1121 1241 10 48 12
19 1457 84 89 87
19 122 16 91 65
19 1065 74 97 77
1457 1079 84 85 85
1457 1280 80 81 81
1457 126 43 84 44
122 1396 22 56 45
122 405 43 51 45
1065 1289 37 55 52
1065 1393 71 75 72
1065 1030 17 34 29
20 76 80 85 80
20 1407 29 46 31
20 821 25 33 30
76 122 87 91 90
76 819 56 74 59
76 545 19 70 40
1407 1238 93 99 93
1407 1444 30 78 44
1407 51 17 49 18
821 922 63 73 63
821 779 87 91 87
821 111 40 90 54
821 1272 53 59 56
21 902 62 89 87
902 406 20 60 21
902 893 67 70 68
902 632 47 92 80
27 1438 35 73 58
27 1011 64 66 66
957 629 45 81 79
957 1376 24 94 57
1261 220 14 69 29
23 1385 74 82 75
23 30 35 61 42
1385 50 28 34 29
30 704 72 93 84
30 652 86 94 94
24 746 15 22 16
24 85 45 60 47
24 737 66 80 77
746 730 49 75 51
746 438 54 98 88
746 945 63 86 79
746 1289 29 35 32
85 1242 91 98 97
25 1348 43 100 83
25 807 11 33 23
25 1262 84 87 86
1348 653 10 74 19
807 1005 67 97 75
807 1265 72 81 73
807 857 73 82 78
807 637 34 88 52
807 483 54 55 54
1262 1315 56 74 61
1262 1090 89 95 92
1262 211 84 87 84
1262 885 34 68 37
26 1349 27 60 57
26 918 34 43 39
26 526 55 64 59
26 291 61 65 65
1349 724 81 92 89
1349 992 70 76 73
1438 1361 90 97 90
1438 1153 30 59 57
1438 1237 33 70 47
28 638 14 43 39
638 1125 55 56 55
704 223 28 61 33
652 913 28 32 32
652 50 31 74 33
652 931 82 83 83
652 299 39 53 53
31 1442 23 88 70
31 499 52 58 56
1442 241 66 70 66
1442 1265 74 100 76
1442 272 59 80 80
1442 712 41 76 60
1442 451 56 83 58
499 629 69 74 74
499 90 27 52 38
32 601 61 78 78
32 1408 48 70 69
601 38 68 84 79
1408 1294 81 89 83
33 1099 53 57 57
34 803 85 92 87
34 795 89 95 89
34 839 45 85 64
34 398 84 99 88
803 1231 43 72 66
803 1170 78 80 79
803 380 36 40 36
803 1147 22 23 23
803 118 31 93 43
803 73 70 91 77
35 1288 20 54 41
36 123 63 94 69
123 632 59 97 86
37 599 33 44 35
37 247 30 71 69
37 304 53 77 54
37 881 47 88 49
599 427 67 78 76
599 13 93 98 93
247 1311 78 95 81
247 504 90 91 91
304 308 79 80 80
304 945 11 24 24
304 313 45 87 63
304 236 35 90 65
881 163 66 88 74
881 443 85 95 90
38 971 25 54 31
38 839 58 85 84
38 378 26 30 28
38 947 82 90 88
971 436 33 37 37
971 1068 69 84 73
971 191 61 72 63
971 422 24 70 68
971 1142 49 85 80
378 1050 11 64 63
947 936 19 100 49
39 987 73 88 77
39 1448 33 37 36
987 1430 91 97 97
987 898 67 94 81
1448 548 79 92 86
1448 1041 38 62 45
1448 107 62 74 63
1448 462 47 76 56
40 934 28 45 35
40 1318 34 58 34
40 491 46 84 70
934 758 77 94 85
934 14 51 84 72
491 956 17 63 49
41 422 59 84 79
422 26 25 97 91
422 497 82 97 87
422 842 56 90 75
422 276 60 65 61
42 1452 38 50 43
42 1045 62 86 83
1452 222 92 98 97
1452 1318 25 73 47
43 725 59 69 66
43 271 17 41 38
43 1397 83 85 84
43 523 46 96 92
43 328 72 88 74
725 1144 75 90 90
1397 975 91 92 92
1397 761 70 99 89
523 1424 59 71 64
523 1437 70 99 97
523 1356 13 64 53
523 1021 17 49 18
523 1438 32 55 38
328 978 12 35 17
44 817 72 99 81
44 1303 30 43 33
817 142 76 85 84
1303 989 25 37 29
1303 274 21 72 71
45 1127 55 76 74
1127 217 12 58 25
1127 1124 81 85 81
46 710 38 74 39
46 1344 31 65 53
710 615 65 98 73
710 586 56 89 85
1344 710 23 40 23
1344 877 75 82 82
1344 901 81 88 86
1344 393 33 47 47
1344 927 75 81 76
1344 950 80 81 80
47 1050 34 77 55
1050 1305 30 41 31
48 825 86 87 87
48 1296 65 67 67
1296 103 91 100 93
49 920 94 95 95
49 1113 47 95 72
920 202 47 72 52
1113 594 35 87 84
1113 529 14 36 35
1113 60 50 76 65
50 217 18 39 28
50 105 88 90 90
50 1276 79 81 80
217 298 44 93 62
217 413 24 50 30
217 929 18 66 50
217 176 82 92 92
105 1050 43 82 56
105 912 15 67 43
105 1369 67 93 91
1276 386 14 42 23
1276 493 10 30 29
53 1144 17 40 33
54 767 62 67 66
54 324 28 65 28
54 199 16 37 33
324 588 32 34 32
324 1078 40 50 48
199 391 15 16 16
55 1406 82 100 86
55 860 58 100 98
55 1325 61 98 68
55 1414 81 85 84
1406 1381 71 85 74
860 1322 36 78 54
860 855 24 45 37
1414 583 23 55 34
1414 69 24 55 46
1414 681 38 92 41
1414 834 54 82 71
1414 1432 13 63 43
56 922 65 70 66
56 1005 44 78 52
922 764 78 91 85
922 46 35 99 58
1005 55 15 74 30
57 82 23 33 27
57 1185 78 83 79
82 246 16 73 18
82 686 45 73 53
82 849 91 95 95
1185 315 12 70 68
58 1362 48 70 48
58 264 79 85 84
264 851 32 86 33
264 1096 80 98 97
264 1147 50 81 73
59 417 84 99 91
59 19 61 100 89
417 1379 41 67 52
417 694 36 46 43
417 1372 13 15 13
61 48 84 85 85
61 525 56 80 60
61 1154 34 63 50
61 1271 79 97 93
525 365 47 64 51
1154 94 82 95 85
1154 740 51 88 59
1271 474 70 98 88
62 917 59 85 79
62 983 63 75 74
917 1280 29 60 58
917 755 67 93 80
917 1432 60 77 64
983 176 67 88 69
983 40 27 86 48
983 324 62 86 75
63 610 81 86 85
610 964 32 50 34
66 1236 84 97 87
66 575 91 93 92
1236 91 16 30 17
1236 493 71 82 74
575 649 76 79 78
67 873 40 78 43
67 552 82 100 91
67 1149 80 98 88
67 177 47 74 69
873 474 39 73 46
873 567 91 94 92
873 1164 77 79 78
552 1156 51 75 74
552 1176 49 92 88
552 1002 42 77 62
1149 1045 51 83 65
177 818 83 96 86
177 9 89 97 94
177 410 15 60 43
68 653 54 78 58
653 37 91 94 91
653 1196 41 88 41
69 832 90 99 90
69 680 45 58 56
69 371 30 76 39
832 1338 44 78 77
832 98 78 87 78
832 6 89 96 96
680 522 35 49 36
680 828 61 68 67
371 340 73 78 73
371 997 45 68 53
371 1233 71 98 94
70 128 94 97 97
70 76 69 71 69
70 523 31 44 43
70 610 31 48 35
128 1379 90 100 100
128 1458 94 100 94
128 618 80 93 80
71 774 39 99 64
72 783 16 37 34
72 1074 75 76 75
783 623 59 63 59
1074 1239 90 91 91
1074 1055 43 69 50
1074 553 57 73 73
1074 1424 65 84 81
73 332 14 97 63
73 274 40 85 67
332 958 21 91 52
274 226 72 82 81
274 830 50 86 54
274 1169 60 98 80
74 1179 95 96 96
74 1363 17 81 76
74 587 88 93 90
1179 758 85 97 88
1363 1203 90 93 91
1363 1122 45 51 51
587 1212 57 83 80
75 552 46 100 95
819 438 28 64 57
819 599 20 36 33
819 1232 86 94 92
77 910 49 56 49
77 882 90 93 90
910 786 71 92 88
910 1266 64 80 72
910 189 21 30 23
882 1402 86 98 93
882 1334 88 90 88
78 862 56 83 68
78 591 33 75 36
862 717 44 71 70
591 1245 74 78 76
591 1096 49 51 51
79 422 15 58 20
79 1137 41 55 49
1137 366 60 100 75
1137 1334 57 65 63
81 1093 68 71 68
81 692 63 96 82
81 536 76 99 97
1093 627 59 82 66
692 350 60 61 61
246 355 39 64 50
246 636 15 34 19
246 322 14 40 39
246 1005 86 95 91
686 1113 19 43 38
686 1209 13 55 42
686 582 78 91 91
686 1369 12 15 12
686 265 29 98 89
849 405 37 51 50
849 54 11 81 80
83 109 64 72 72
83 845 22 48 31
83 1232 64 91 79
109 719 74 89 82
109 1341 49 67 63
845 558 20 47 46
845 342 76 98 84
845 666 69 70 69
1232 494 63 76 63
1242 53 75 82 79
1242 829 58 76 63
86 493 13 44 15
86 148 88 99 97
86 1420 82 88 84
86 1253 12 17 15
493 474 64 95 67
148 76 82 86 85
148 890 14 44 28
1420 1265 59 84 80
1420 673 50 78 69
1420 351 46 95 74
87 715 67 80 75
715 778 48 93 57
715 110 20 55 47
715 167 95 98 98
88 1185 44 51 51
88 420 83 90 86
88 981 30 97 51
420 929 64 69 66
420 296 61 82 64
981 1083 72 87 74
89 196 17 83 56
89 383 56 86 69
89 748 73 77 77
196 868 66 78 70
196 689 40 66 52
383 1453 57 84 69
383 1132 34 84 69
748 467 91 93 92
748 1076 55 99 83
90 1417 37 97 66
90 353 20 47 35
1417 968 30 88 35
353 979 93 100 100
353 657 78 90 83
91 698 18 92 64
91 547 93 99 99
91 780 18 26 19
91 39 21 30 24
698 859 55 96 89
698 495 33 89 59
547 932 60 72 66
547 238 35 97 44
547 105 65 77 72
780 433 58 82 77
92 336 66 82 66
92 6 52 91 78
336 104 60 73 66
93 1087 59 88 60
93 326 92 93 92
1087 678 94 95 94
1087 58 73 86 85
1087 443 11 12 12
326 1370 76 94 87
94 946 21 97 90
94 494 68 97 81
94 667 20 37 26
94 601 38 69 56
94 1207 50 85 82
94 963 77 95 79
94 292 86 94 89
946 1045 20 26 21
946 994 22 85 60
494 1344 73 100 96
667 1226 85 100 90
1207 60 35 43 35
1207 836 38 96 84
963 884 86 99 93
963 404 27 99 28
95 195 50 57 53
95 608 56 93 65
95 1089 63 89 85
95 425 11 67 47
195 288 79 86 84
195 1391 63 66 64
608 141 53 73 65
1089 217 60 94 68
1089 1219 66 95 67
425 906 70 80 72
425 1432 92 93 93
425 824 36 58 56
96 590 19 46 27
96 988 70 99 72
96 803 50 83 66
96 516 82 86 85
590 1137 65 67 65
590 511 65 66 65
590 1182 89 92 89
988 612 86 94 91
988 352 16 23 18
516 219 69 88 84
97 1218 80 98 90
97 9 90 99 93
97 1313 26 94 26
1313 471 38 80 55
98 796 30 57 45
796 516 55 78 55
796 1346 46 54 51
796 1024 94 96 94
99 281 44 59 48
99 1071 22 61 50
281 1032 69 93 84
100 332 13 66 37
100 459 51 64 59
100 843 85 86 85
459 1103 38 56 43
459 1312 62 85 75
459 309 77 91 79
459 482 70 78 72
843 1224 19 36 23
843 23 34 46 34
843 613 37 41 37
102 109 39 49 44
102 950 94 100 99
102 701 59 81 59
102 668 95 98 95
950 1072 25 55 36
701 1416 91 93 91
701 1284 53 81 75
668 945 35 43 37
668 734 40 69 54
668 984 33 77 70
104 1323 11 93 23
104 1227 44 53 49
1323 1414 47 48 47
1227 408 15 16 15
912 77 63 91 82
912 386 41 48 43
912 148 53 54 53
1369 600 57 99 71
106 44 62 66 62
107 467 79 82 80
467 435 95 99 96
467 706 92 98 98
467 125 27 52 27
719 224 11 14 14
719 926 75 84 76
719 359 59 79 66
1341 1139 89 91 90
110 684 82 90 84
110 814 80 98 96
110 342 20 68 68
110 533 81 83 81
110 1369 52 94 73
110 1076 78 96 88
684 86 67 92 90
684 705 51 92 65
684 181 35 89 71
814 236 86 88 87
814 281 55 95 87
814 1029 40 94 75
342 864 47 50 48
342 451 12 89 71
342 1209 69 85 79
342 541 74 88 81
533 1335 50 99 67
1076 1087 23 48 47
1076 1346 90 93 90
1076 387 27 54 51
111 1445 28 55 42
111 863 48 83 74
111 802 70 71 71
111 158 48 64 49
111 934 15 54 19
1445 803 42 51 43
1445 296 55 77 65
1445 1296 81 90 86
863 1310 30 40 39
863 1214 81 99 87
863 687 24 49 45
863 1187 52 71 63
802 604 47 92 85
158 68 76 94 82
158 1159 56 83 56
112 83 80 86 82
112 1228 61 71 61
112 99 36 59 46
1228 1460 28 70 45
1228 175 45 100 88
115 495 43 88 78
115 281 91 99 97
495 644 38 89 70
116 855 57 70 62
116 434 83 97 87
855 920 32 96 69
855 38 91 97 93
855 698 84 91 84
434 845 70 80 79
434 1036 19 53 48
117 328 43 71 69
117 1163 44 65 57
117 9 82 91 86
1163 740 50 85 72
1163 624 36 82 53
118 66 23 24 24
118 21 31 72 31
118 1430 82 85 85
1430 1282 35 44 40
1430 1012 45 67 58
1430 1280 25 76 39
119 1002 12 43 40
119 396 72 75 74
1002 584 67 99 76
396 131 65 93 71
396 942 60 81 71
396 639 46 55 50
396 716 15 43 19
120 782 94 96 94
120 12 29 40 34
120 693 95 97 96
120 132 76 83 82
120 1199 93 96 94
782 730 83 92 83
782 1416 57 97 91
782 296 18 68 23
693 1361 39 61 52
693 1087 14 15 15
693 345 44 57 44
132 561 86 92 92
132 309 56 85 69
1199 608 17 33 28
1199 315 72 82 82
1199 1458 21 56 28
1199 1352 69 74 72
121 180 52 68 68
121 1325 41 78 65
180 1180 83 90 84
180 673 26 76 40
180 1167 55 66 58
1396 817 63 76 67
1396 1036 36 98 54
1396 1118 25 34 34
405 303 78 87 87
632 164 59 98 74
632 1124 94 99 98
632 282 10 35 22
125 1250 16 52 48
1250 1228 29 47 45
1250 1096 92 93 92
1250 95 30 42 37
126 908 51 90 64
908 1350 20 54 35
908 318 30 92 54
127 706 92 100 95
127 1299 20 72 35
127 87 11 44 21
127 1115 24 53 37
706 306 31 59 40
1299 692 29 32 30
1299 248 21 57 49
1115 671 22 45 36
1115 153 21 96 55
1379 283 59 95 64
1458 724 83 97 84
618 1098 71 100 95
129 668 71 94 93
129 810 31 57 45
129 819 75 77 76
130 1239 73 96 85
130 768 93 98 95
768 148 91 92 92
768 665 13 64 50
768 146 34 97 55
768 1229 87 98 91
131 676 83 91 84
676 702 18 57 55
676 687 81 89 85
561 317 78 83 81
561 739 93 94 93
561 1148 48 97 61
309 1370 73 98 96
309 383 36 69 69
309 1168 21 95 31
133 1228 38 84 72
133 215 82 99 94
134 366 40 95 78
134 607 89 100 94
134 384 69 70 69
366 1399 86 95 88
366 346 88 94 91
366 62 82 91 82
384 889 42 55 47
384 1318 85 92 85
135 174 33 35 34
174 37 86 92 86
174 532 44 82 61
174 1450 27 76 59
174 546 30 94 63
136 244 29 55 43
136 1438 17 51 29
136 409 44 49 44
409 1095 61 74 71
138 1037 57 82 61
138 1385 62 73 67
138 960 25 52 35
1037 626 51 75 74
1037 930 40 51 40
1037 608 87 96 87
1037 1106 39 86 76
960 591 62 80 75
960 203 41 56 45
139 1167 22 46 43
139 85 55 87 73
1167 595 70 92 92
140 1055 72 96 96
140 107 76 99 90
1055 64 83 85 84
1055 701 77 79 78
141 543 64 93 93
141 163 68 78 71
141 65 86 89 88
141 639 20 73 44
543 889 38 76 44
639 817 89 94 94
639 1168 94 96 94
639 353 42 47 46
639 907 89 97 91
142 722 82 91 86
142 1241 71 86 78
722 754 10 39 23
722 1317 82 90 90
722 484 93 98 93
143 84 33 74 53
143 330 92 93 92
143 364 59 74 70
143 301 95 96 96
143 339 89 97 94
143 918 31 54 33
330 372 41 98 60
364 874 28 83 77
364 200 55 69 66
364 385 36 98 91
364 45 91 94 94
364 1083 56 72 65
364 530 86 100 98
301 487 60 66 64
301 1339 41 46 41
301 21 36 96 81
301 257 49 100 69
301 466 25 97 29
339 943 77 86 79
339 42 38 66 56
144 726 91 95 92
144 143 89 100 89
726 980 35 48 46
145 1409 11 25 16
145 520 50 83 66
145 1039 56 89 82
1409 696 81 84 81
1409 1387 70 76 71
1409 1047 13 34 27
1409 1410 15 59 58
1409 966 56 100 76
1409 693 57 64 58
520 1142 58 76 63
520 1438 28 62 40
520 686 24 96 61
520 183 24 87 53
146 430 87 89 87
147 1204 41 73 70
1204 899 21 34 22
890 1303 23 84 32
890 650 35 51 51
150 375 24 98 28
150 207 54 57 57
150 1407 15 76 26
375 614 66 96 87
375 503 18 49 18
375 103 38 93 73
375 151 15 29 15
207 364 10 93 11
151 533 20 52 24
151 1146 53 78 76
151 814 81 83 83
151 80 14 81 79
151 594 16 94 20
151 877 81 97 88
1146 866 19 35 33
1146 454 88 98 91
1146 42 72 96 91
594 819 73 94 87
594 352 85 95 88
877 866 38 68 54
877 220 83 100 92
152 1383 58 64 59
152 112 94 100 99
1383 175 54 72 71
153 50 40 65 53
153 270 60 71 63
153 732 60 81 75
270 1451 63 70 67
270 875 36 81 46
732 881 42 82 77
732 948 74 78 74
154 882 55 74 74
155 958 36 99 71
958 34 21 48 27
958 1256 50 87 78
958 302 92 94 94
958 189 28 58 47
156 837 58 59 59
156 1261 81 90 84
837 347 15 29 18
157 1369 52 55 53
1159 22 24 91 80
159 227 60 74 60
159 720 31 83 59
159 450 53 93 65
227 1098 63 96 72
227 349 64 65 64
720 860 85 91 91
720 1426 70 90 80
450 818 60 95 85
450 1321 64 78 74
160 1182 15 42 42
160 672 11 33 26
1182 733 83 96 93
1182 302 42 70 53
672 457 42 74 65
672 1151 29 44 29
161 468 20 31 26
161 329 86 89 87
468 317 36 39 37
468 1056 10 64 21
468 1008 31 95 81
468 72 13 85 49
468 1253 56 99 70
329 1196 59 73 70
329 951 76 95 81
162 709 93 96 95
162 1168 16 48 45
162 444 83 95 86
709 714 76 99 97
709 1115 59 98 87
1168 1284 54 71 57
1168 835 90 97 92
1168 433 52 74 62
1168 818 31 40 39
1168 942 50 70 55
444 373 40 61 58
444 337 95 98 97
164 1248 43 85 65
1248 525 31 57 40
1248 795 84 96 93
165 1328 15 99 31
165 324 35 47 42
167 658 13 74 57
658 865 25 73 61
658 353 38 48 44
168 630 40 91 91
168 760 39 98 51
630 437 47 59 48
630 154 12 29 12
630 1244 20 70 36
760 942 73 97 94
169 433 71 87 75
433 662 85 91 86
433 897 47 67 53
433 767 48 93 58
170 638 48 93 69
170 1246 34 77 51
170 812 37 65 61
170 732 61 69 61
1246 534 56 95 64
812 1429 73 95 80
172 621 59 71 70
172 1411 41 42 41
621 811 68 86 68
621 1415 16 75 31
621 243 63 96 63
1411 1351 25 67 65
1411 816 64 96 68
532 350 10 31 30
546 918 56 98 68
546 332 10 73 40
175 1210 79 94 83
175 1309 77 98 77
175 1234 38 58 52
1210 1201 72 85 77
1234 107 63 79 78
1234 606 51 78 70
818 1234 77 89 89
818 1111 41 44 41
178 844 67 90 88
178 680 39 47 40
844 1376 33 92 63
844 610 70 97 94
844 331 11 41 41
179 1314 87 90 87
179 960 14 86 36
1314 1412 56 74 64
1314 849 12 76 61
1314 805 20 41 27
1314 30 29 48 44
1180 933 50 100 80
181 273 49 73 53
273 1416 93 94 94
182 1325 28 76 50
183 629 81 83 82
183 213 54 100 98
183 825 29 98 77
629 177 37 61 41
213 305 80 81 81
213 1279 74 96 81
184 879 83 85 83
184 1241 90 95 92
1410 707 51 55 55
1410 1091 85 92 87
1280 116 44 97 59
1280 345 32 81 72
1280 140 59 77 76
1082 462 76 77 77
897 1330 50 99 98
897 1047 88 93 90
186 307 64 73 72
186 1291 35 78 63
186 1107 55 97 78
307 868 25 92 26
307 437 82 94 94
1291 858 84 96 92
1107 434 24 33 24
1107 1182 28 54 33
1107 246 10 41 29
1107 948 24 44 34
1107 1002 37 78 77
187 7 12 68 61
187 570 28 52 39
187 219 60 89 60
570 832 68 81 73
570 1266 44 87 45
570 562 78 94 94
219 1361 78 86 84
219 1201 81 92 90
219 209 63 73 73
188 99 85 90 88
188 1445 83 86 85
188 237 75 79 77
188 219 91 94 92
188 1379 15 76 31
237 773 68 89 77
237 434 52 77 72
237 51 26 82 77
189 1448 53 57 53
189 1185 44 58 49
189 420 39 56 39
190 1292 88 90 88
190 1181 27 85 30
190 1104 66 82 72
1292 149 53 100 90
1292 852 82 85 82
1292 766 80 94 85
1292 1187 58 59 58
1181 1318 12 18 14
1104 1427 38 87 72
1104 440 64 70 65
1104 654 91 98 98
191 605 66 84 70
191 167 52 53 52
605 465 48 57 54
605 1430 80 84 82
605 290 76 78 78
192 1373 19 66 57
192 670 59 94 83
1373 704 22 67 41
670 95 42 46 45
670 238 13 38 35
193 609 16 52 23
193 291 79 82 79
193 1129 55 75 73
193 1374 79 83 80
193 921 51 59 52
193 531 65 97 97
609 131 16 85 29
609 1273 58 62 58
1129 796 64 92 91
1129 479 33 100 81
1374 1038 92 94 93
1374 924 29 46 40
194 1144 21 61 28
194 530 36 90 77
530 427 37 95 81
530 1356 88 97 96
530 1283 10 99 35
288 480 35 52 40
288 1349 85 98 93
1391 1226 75 82 78
868 862 25 37 31
689 815 71 77 72
689 557 56 90 89
689 811 42 56 47
689 1002 44 61 48
689 125 81 100 85
197 650 21 74 37
197 921 93 95 95
197 339 59 85 80
197 635 23 86 55
650 367 27 67 30
650 730 75 99 91
635 151 84 98 87
635 1453 93 96 95
202 618 54 58 55
204 261 37 86 86
204 269 50 80 75
204 772 42 99 60
261 1460 44 62 53
261 774 49 72 62
261 348 19 75 71
269 1190 89 92 91
772 238 80 98 93
206 828 35 44 36
206 233 82 99 98
828 1052 94 97 95
233 400 80 100 94
208 739 42 50 45
208 1191 46 78 64
739 138 60 88 83
1191 1079 31 49 31
1191 694 52 92 75
1191 574 62 64 64
210 352 14 30 28
352 621 78 98 91
352 506 44 66 49
211 1164 91 93 92
211 133 16 100 73
211 1249 41 45 42
1164 827 82 86 86
1164 514 48 65 59
1249 179 71 100 79
1249 1240 91 92 92
1249 321 13 100 100
1249 10 48 91 82
212 1088 45 54 47
1088 349 66 73 72
1088 245 59 93 72
1088 1328 38 72 49
1088 172 65 93 65
305 373 24 35 30
1279 923 20 88 79
1279 654 33 66 65
1279 1004 30 81 43
214 397 29 75 41
214 773 89 90 89
214 71 20 97 67
214 20 65 88 67
214 1177 68 96 86
214 449 95 96 95
397 153 32 34 33
1177 1351 27 59 29
1177 409 45 82 74
1177 1103 21 88 87
1177 822 22 72 69
1177 1276 58 80 71
216 167 32 84 77
298 520 64 78 78
298 1271 19 72 55
298 994 91 95 95
413 209 73 78 74
413 823 60 98 89
929 953 64 74 65
929 835 74 81 76
1361 637 15 84 15
1201 1350 10 57 39
1201 1059 38 49 45
220 586 38 92 84
220 671 70 87 85
586 1295 28 71 54
586 261 88 92 91
671 1001 48 90 49
671 389 30 61 34
671 1059 88 96 93
221 1359 21 79 31
221 104 33 55 41
222 1115 40 70 45
222 304 44 94 93
222 1152 32 67 55
1152 911 53 73 72
1152 1162 38 54 48
224 1345 45 75 60
224 777 63 99 83
224 1129 14 33 21
224 959 46 57 46
1345 917 10 53 32
1345 1072 51 93 67
1345 702 50 64 61
225 1422 61 76 76
225 361 32 78 41
361 982 72 80 72
361 1210 68 69 68
361 498 53 68 55
361 497 45 59 58
226 981 44 57 51
226 937 58 67 65
1098 685 91 98 91
349 231 73 95 84
349 365 65 97 89
349 1058 84 87 86
228 107 22 90 36
228 978 16 77 42
228 858 35 39 35
978 1100 53 62 57
978 398 66 74 66
858 424 62 66 66
230 91 21 33 23
232 627 74 95 89
232 916 79 95 87
627 66 27 66 35
627 234 17 61 45
916 265 91 92 91
916 608 26 72 55
916 58 83 84 84
400 447 14 100 65
400 795 44 90 61
400 401 53 74 62
234 1400 22 69 53
234 963 40 51 46
234 1249 11 78 48
234 1261 22 45 38
235 602 79 80 79
235 909 22 93 67
235 85 44 95 50
602 1230 67 74 74
909 465 11 52 16
236 860 91 92 91
239 278 36 45 37
239 733 57 99 78
239 528 89 98 96
278 103 10 68 55
733 1001 87 88 88
733 1326 29 82 53
528 1317 34 90 55
528 239 79 91 84
528 324 35 97 92
240 39 23 79 31
241 122 90 97 90
241 892 27 51 29
242 551 74 87 85
551 224 39 43 41
551 1109 29 55 45
243 1199 75 94 79
243 1218 12 89 42
243 664 14 97 76
664 1285 67 71 69
664 612 73 82 78
355 384 93 95 95
636 702 34 56 49
636 442 10 97 88
636 1076 21 97 91
636 218 16 90 51
636 778 35 47 43
636 47 64 77 74
1311 715 56 78 70
1311 939 91 96 95
1311 538 42 49 48
1311 683 56 74 60
504 580 31 42 35
504 545 64 89 78
504 740 95 99 97
504 1092 81 94 94
248 1032 41 76 59
248 348 73 84 81
248 1239 15 97 15
248 190 57 91 64
1032 1322 94 97 95
1032 977 64 75 71
1032 884 52 85 85
1032 731 11 92 67
348 601 94 95 95
348 972 60 66 60
249 217 46 52 49
249 496 94 98 96
249 101 84 95 89
496 1068 42 51 50
496 466 28 95 93
250 173 58 64 58
250 1066 66 72 72
250 1399 78 80 78
250 232 72 79 78
1066 1377 70 72 70
1399 825 32 88 84
1399 450 56 58 56
251 1039 57 81 57
251 1009 71 86 80
252 966 86 95 94
252 802 12 28 28
252 235 11 56 31
966 786 21 85 29
966 1046 32 36 36
966 129 76 82 76
966 174 53 82 69
254 1218 31 86 58
254 613 80 100 97
254 1044 79 92 86
613 1152 48 64 57
1044 1112 93 99 94
255 960 77 81 80
255 275 42 88 56
275 565 91 94 92
275 1265 44 72 62
275 436 72 89 88
257 402 59 67 65
257 934 64 78 70
257 69 90 96 96
402 426 72 86 75
402 484 61 73 69
402 778 49 65 63
402 848 82 87 87
402 358 70 80 71
402 217 61 94 63
258 687 53 89 72
258 111 83 85 83
687 975 34 55 41
260 517 42 47 42
260 749 13 70 20
260 610 63 92 88
260 1397 94 95 95
517 1424 52 55 54
749 191 57 94 72
749 1076 33 62 47
1460 76 56 95 72
1460 581 66 85 70
262 761 56 62 57
262 445 45 91 83
761 1335 90 96 95
761 1164 81 99 88
761 427 52 62 62
445 876 28 37 29
445 903 25 65 64
445 149 45 86 84
263 826 81 86 84
263 781 33 43 41
263 124 57 72 71
826 311 64 65 65
781 214 80 99 85
781 1140 18 81 43
781 882 91 93 93
781 1425 40 96 63
781 1353 16 76 39
851 1300 16 47 24
851 1433 44 45 45
1096 652 69 93 69
1096 1031 63 93 68
265 263 41 73 44
266 372 73 95 82
266 350 34 82 51
372 841 85 88 85
372 486 67 71 67
350 206 31 57 33
350 1434 51 61 56
350 1322 22 47 24
691 1142 27 36 31
691 1234 19 95 84
268 1018 84 85 85
268 850 13 17 17
268 1035 59 97 61
1018 112 65 95 91
1035 749 46 77 61
1035 166 14 45 21
1035 554 92 99 99
1190 1123 26 94 26
1190 946 15 98 33
1190 1375 56 91 63
1451 832 50 89 70
875 591 75 76 75
875 1179 27 100 66
875 741 85 100 87
272 469 45 96 53
469 222 79 89 84
469 347 83 89 84
469 1330 74 90 85
1416 189 66 95 82
1416 359 21 35 30
830 1041 10 61 15
830 945 21 66 34
830 11 24 96 82
1169 1308 46 76 71
1169 787 76 94 83
1169 420 90 95 91
1169 308 11 26 14
565 1003 85 90 86
565 239 43 76 75
565 367 31 61 38
565 1161 65 80 78
1265 492 90 98 93
1265 641 93 95 94
436 547 70 76 74
436 8 67 82 74
276 395 60 71 65
276 1460 92 96 94
395 176 69 84 78
395 1256 87 90 89
395 564 19 74 56
280 61 61 86 81
280 1455 39 63 60
1455 975 44 62 62
282 326 78 82 78
282 1266 18 19 19
282 492 32 100 32
492 1090 58 70 66
492 1140 19 44 19
283 138 35 76 57
283 206 77 78 77
284 523 51 56 54
284 1036 94 99 98
1036 518 21 88 52
1036 650 25 33 25
1036 1207 27 29 29
1036 182 25 62 32
1036 38 68 95 80
285 435 65 77 73
285 1083 27 86 53
435 348 17 74 50
435 625 19 43 36
1083 120 73 95 92
1083 1254 27 92 62
1083 1008 77 98 89
286 1424 92 94 94
286 1212 52 98 92
286 1403 78 95 80
1424 231 57 72 58
1424 31 70 88 88
1212 804 72 98 79
1212 160 56 93 89
1403 1076 33 71 36
1403 661 88 99 90
1403 1408 90 96 90
287 167 92 93 93
287 574 74 95 83
574 356 66 77 66
574 101 70 100 82
574 1150 90 100 98
289 1177 85 89 88
289 1458 89 99 97
289 417 48 87 55
290 1425 50 96 72
1425 1038 10 93 52
1425 199 92 99 95
295 755 26 45 38
295 265 75 79 75
295 801 74 86 86
295 555 79 84 80
295 6 14 70 19
295 962 62 95 93
755 873 72 90 78
755 1110 45 100 100
755 1350 60 76 70
755 1457 16 63 46
755 1310 51 69 51
755 1059 51 68 62
801 592 63 81 80
555 483 81 91 84
555 220 18 70 55
962 1428 43 45 44
962 782 48 97 93
296 618 14 26 17
296 788 39 63 48
296 1247 66 93 82
788 1343 40 80 79
788 731 37 60 42
1247 952 36 61 45
1247 835 88 92 88
1247 477 80 81 80
297 710 21 86 83
297 548 25 67 54
548 113 21 86 65
548 188 39 95 61
548 176 25 56 49
548 134 42 75 59
548 1287 10 15 11
994 557 52 65 60
299 435 25 68 48
299 1396 90 100 100
299 751 47 87 55
299 855 73 97 75
299 637 82 89 87
637 1460 92 96 95
637 1022 67 92 77
637 397 13 24 22
637 1294 31 47 37
637 808 53 78 55
300 594 95 98 98
300 561 47 89 66
487 1248 57 65 57
487 764 34 46 38
487 1396 31 99 88
1339 1021 67 78 69
1339 1450 94 99 99
466 303 69 87 85
302 517 78 85 81
302 663 37 85 54
302 1055 60 89 71
302 1211 88 98 94
663 713 81 99 96
1211 840 70 80 71
1211 130 72 98 88
1211 497 45 62 57
303 960 23 79 76
303 613 45 72 46
945 1382 49 98 49
945 1433 20 52 43
306 788 64 67 64
306 355 74 100 86
306 294 52 58 54
306 275 92 95 93
437 1385 49 61 61
437 803 87 90 89
437 832 29 58 46
437 743 77 94 93
557 1451 19 40 31
557 409 71 96 85
557 1294 92 94 92
1145 173 47 66 57
1145 767 33 48 33
1145 693 19 28 26
1370 144 44 49 45
1370 1206 89 92 90
1370 943 61 76 64
1370 1330 60 87 63
1370 245 14 32 18
310 79 23 38 35
310 963 52 79 70
310 1380 42 58 42
1380 1270 20 49 43
1380 188 33 58 33
1380 864 69 100 78
1380 615 74 84 84
311 1103 86 94 86
311 156 41 97 59
1103 318 43 74 62
1103 503 62 77 68
1103 474 93 94 94
312 650 75 81 80
498 1031 66 87 66
498 483 53 62 59
923 1034 21 22 22
923 1408 33 69 46
923 836 82 92 91
923 189 86 87 87
923 1221 25 48 25
923 241 67 94 81
923 211 86 100 90
955 1438 45 46 45
314 283 62 64 64
314 689 71 91 82
316 1046 30 80 66
316 412 94 98 97
1046 995 12 18 14
412 782 80 92 80
412 846 25 53 39
412 807 65 66 65
317 604 21 66 57
317 660 56 98 71
317 593 92 99 93
604 303 29 78 62
660 1075 44 55 54
660 115 47 92 56
682 1294 29 96 77
846 556 94 98 98
846 430 24 76 58
319 799 20 30 27
319 700 62 84 79
799 798 38 66 45
799 770 80 81 81
320 815 61 79 63
320 214 66 100 82
815 751 15 28 23
321 13 18 23 20
321 913 42 60 59
913 1239 78 97 96
323 1333 90 96 92
1333 1443 28 74 41
588 8 95 99 97
588 930 11 98 90
1078 496 20 83 22
1078 1338 62 79 67
325 1050 85 93 85
327 638 94 99 95
327 995 72 94 79
327 829 55 85 82
995 579 42 80 61
829 1026 15 79 68
829 1130 54 94 65
951 1452 63 67 66
951 1458 16 37 32
951 770 76 92 81
951 1334 71 79 76
331 743 44 55 53
331 1133 65 80 67
331 720 64 69 68
331 553 66 73 69
331 797 72 87 83
331 632 79 99 86
331 49 12 70 54
1133 545 38 66 41
1133 464 61 62 61
1133 678 82 83 82
1133 723 43 82 70
553 370 46 92 62
797 613 33 47 36
797 1087 59 80 74
797 688 39 58 40
333 1223 77 96 94
333 1429 46 59 47
1223 1088 75 100 77
1223 654 10 34 12
1429 700 20 77 77
334 65 82 97 86
334 1064 89 91 90
1064 832 22 99 90
1064 1324 58 70 62
1064 729 74 84 75
1064 1205 49 65 58
1064 1377 86 96 95
1064 1335 47 52 47
1064 192 17 61 24
335 808 57 69 57
335 521 72 80 78
808 56 56 97 59
808 1054 54 60 54
808 253 34 65 43
521 388 21 33 26
337 236 45 66 56
338 1334 27 64 34
1334 1271 83 93 85
1334 825 32 67 64
1334 1444 32 51 47
1334 509 16 53 48
943 588 86 87 86
943 74 73 76 75
340 1340 90 98 94
340 139 14 31 20
341 1388 86 89 89
341 1218 42 48 45
341 656 41 81 76
1388 944 49 54 53
1388 854 50 62 57
1388 344 26 52 42
1388 675 24 99 86
656 363 24 55 51
656 351 63 91 90
864 1275 30 82 60
864 448 11 73 67
864 288 60 81 64
864 1348 92 99 96
451 12 77 82 79
451 492 41 51 50
451 963 11 15 14
451 435 81 82 81
1209 280 47 65 63
541 924 15 38 38
344 1166 86 89 89
1166 759 60 89 76
1166 981 47 63 57
345 233 29 54 46
346 421 32 50 47
346 244 88 99 93
347 593 51 74 63
347 36 62 87 71
365 39 84 89 88
1058 540 59 64 63
1058 592 87 93 89
1058 672 46 94 50
1322 1262 17 100 64
1322 30 30 60 51
506 73 26 63 52
657 796 72 92 74
354 403 66 76 70
354 315 85 91 91
354 821 95 96 95
354 195 89 96 89
354 242 79 93 88
403 940 48 73 49
403 777 48 94 60
403 736 85 95 85
403 766 53 57 57
356 467 43 75 43
356 951 30 47 44
356 1341 53 99 97
357 371 90 92 90
357 251 67 71 69
358 764 70 72 72
764 697 93 97 96
764 829 65 92 77
764 1228 16 22 21
764 1296 57 89 78
359 542 69 90 87
542 565 19 54 47
542 234 93 94 94
542 1419 40 96 96
360 337 17 35 29
982 509 40 76 76
982 1166 17 91 34
982 551 39 43 40
982 591 48 59 50
982 405 70 91 89
497 585 88 89 89
362 555 36 58 42
363 571 53 64 58
571 834 80 97 82
385 951 53 64 57
385 854 62 64 64
385 890 89 91 90
367 492 14 74 40
367 261 88 98 90
367 75 93 97 94
369 1450 42 57 53
369 879 33 62 44
370 1241 91 96 95
370 1135 92 99 97
370 1349 67 76 74
370 17 66 97 81
370 276 15 76 40
1135 1164 26 72 36
1135 611 26 85 26
1135 896 79 91 89
1135 319 58 67 61
997 69 12 14 14
1233 1261 19 62 30
1233 688 55 66 62
841 135 59 100 86
841 1321 17 44 26
374 742 82 90 88
742 296 31 36 33
742 29 36 39 38
742 629 88 96 89
742 207 92 100 98
742 375 81 86 82
614 148 69 92 90
614 323 33 55 46
503 629 77 95 87
503 1269 61 96 63
376 1245 32 36 36
376 587 15 72 15
1245 781 88 99 91
377 667 74 99 78
377 450 35 60 45
377 163 64 92 70
377 1090 61 93 65
1090 1310 92 94 93
1090 1184 83 92 91
380 1054 63 68 64
380 760 90 99 93
1054 1439 51 91 63
1054 1323 90 96 95
381 432 36 53 42
381 164 75 76 76
381 1289 82 97 86
381 730 73 93 89
381 629 84 98 97
432 92 34 53 49
1289 781 36 60 57
1132 1174 84 93 89
1132 0 41 80 57
889 341 66 78 67
889 978 37 90 44
854 288 18 27 21
386 541 71 96 80
386 339 47 95 95
388 824 24 80 66
824 1029 94 100 96
389 1158 51 70 56
389 286 62 80 75
389 78 30 40 32
1158 570 45 70 67
1158 644 81 89 85
390 792 87 90 90
390 3 62 93 91
392 16 40 74 53
392 1088 88 91 88
392 21 43 74 47
393 738 44 64 57
738 1024 23 93 91
738 325 18 28 22
738 25 75 90 81
394 902 17 72 58
394 1294 53 98 60
1294 876 79 86 85
1294 556 28 45 34
1294 935 34 86 79
1294 103 88 90 90
1256 1122 58 74 66
1256 1174 26 92 54
1256 1040 36 75 50
399 898 61 63 62
447 623 73 87 80
447 228 70 76 70
447 461 54 58 56
401 392 88 99 94
484 1440 42 64 57
484 1183 75 93 78
778 117 79 99 96
778 1025 71 88 73
778 1216 27 72 29
940 468 91 96 95
940 895 54 72 56
940 1283 36 92 37
940 1353 38 87 51
736 219 84 87 84
736 1088 80 91 87
736 237 20 71 29
766 866 59 97 96
766 1160 87 88 87
404 281 76 92 78
404 1396 38 51 44
406 84 90 97 93
406 993 37 72 37
406 1400 53 91 61
993 1243 12 68 35
993 1189 18 90 40
407 1435 49 58 56
407 1369 35 60 56
407 1252 30 60 49
407 1220 53 77 61
1252 205 50 65 56
1252 881 18 90 70
1252 320 46 97 90
1252 254 45 81 70
1220 1020 41 55 50
1220 1375 33 48 43
1220 1197 73 84 78
1095 596 91 92 92
1095 193 68 82 81
411 1358 83 96 88
411 116 37 99 71
1358 126 46 84 77
414 1066 21 91 72
414 480 11 68 18
414 704 16 50 30
415 503 23 51 29
415 40 77 97 87
415 679 48 99 53
415 757 18 56 50
679 594 42 69 65
679 1441 86 98 95
679 885 18 24 19
679 399 78 86 85
757 820 39 99 95
416 1330 26 62 58
416 683 18 74 47
416 1168 23 56 24
683 689 15 92 90
1372 939 26 84 79
1372 621 68 75 73
1372 858 61 67 67
418 825 73 89 84
418 1410 19 34 21
842 322 48 71 70
842 6 54 57 56
424 987 77 100 80
424 287 55 84 80
424 1317 18 94 93
424 300 21 45 26
1317 336 23 72 48
906 638 50 100 66
427 1309 83 93 91
428 255 47 93 70
428 1308 23 38 36
428 82 92 99 99
1308 653 69 98 98
1308 560 13 96 94
1308 46 43 69 51
1308 609 84 99 89
429 259 68 81 74
662 551 30 88 40
662 1215 90 98 90
662 1221 17 99 27
625 958 67 73 67
625 213 65 91 76
625 91 64 83 65
438 298 58 76 58
439 1008 92 98 95
440 247 82 86 86
440 434 88 92 88
440 1012 67 73 71
1012 97 74 87 82
1012 1348 32 44 42
1012 303 23 85 47
441 548 64 80 73
441 1246 42 77 62
441 600 92 97 96
600 374 78 86 81
442 161 10 11 10
442 539 75 91 81
539 505 28 58 32
443 987 76 91 85
443 67 81 98 92
443 306 81 98 86
876 180 14 67 25
876 433 21 55 24
876 54 90 97 96
903 1257 35 84 70
446 69 52 70 55
446 622 29 63 50
622 739 81 95 81
622 147 66 90 83
622 78 89 97 91
622 562 36 96 54
622 1236 61 94 81
622 1380 89 96 90
623 261 54 72 62
623 223 81 88 84
461 239 48 63 52
448 96 65 72 68
448 1294 71 82 79
448 307 16 40 21
452 679 33 44 34
452 1357 17 99 47
452 1078 69 96 84
452 636 30 67 38
452 159 83 96 93
1357 194 14 83 35
1357 954 23 76 58
1357 800 45 49 49
1357 843 76 79 78
454 1429 48 82 54
454 549 27 77 73
549 1243 63 90 73
549 439 87 93 91
455 1320 29 98 45
455 1138 14 18 16
455 1092 93 97 96
1320 49 47 79 47
1320 700 55 62 59
1320 527 92 93 93
1320 1055 24 63 29
1138 1069 19 32 19
1138 1157 13 67 37
1138 791 11 60 40
1092 170 76 100 92
1092 992 15 91 38
456 616 26 72 29
456 1166 95 98 95
616 1148 78 79 79
616 913 80 83 83
616 78 59 72 62
457 1324 33 49 42
1324 957 78 100 96
1324 50 79 96 83
458 546 25 27 25
458 248 81 93 87
458 454 12 37 30
1312 897 18 74 56
482 710 75 78 77
482 1028 16 73 30
460 848 45 47 47
460 679 95 100 95
462 856 24 85 74
856 704 68 73 68
856 374 83 100 83
463 949 39 83 81
463 1347 58 71 70
949 1274 63 91 78
949 744 74 87 78
949 150 20 31 28
949 453 21 50 42
949 1395 26 47 44
1347 166 71 77 73
1347 171 18 46 21
464 797 64 99 89
464 912 81 98 94
464 941 55 82 79
941 816 22 57 44
1056 1325 47 66 65
470 67 13 76 22
471 1194 62 86 71
1194 101 26 94 93
472 20 37 86 72
473 1191 61 72 64
473 527 41 93 45
474 588 10 33 31
474 582 33 61 42
474 21 37 94 70
582 1257 37 84 43
582 433 74 89 82
582 1016 57 61 60
475 436 43 72 53
475 576 28 88 83
475 1154 29 63 29
477 1074 72 100 75
478 971 88 98 94
478 69 77 78 77
1028 763 93 99 94
1183 481 54 75 66
1183 756 63 71 69
1183 618 73 77 73
485 208 91 96 93
649 970 29 92 54
649 700 43 78 77
649 368 41 89 46
649 1415 26 74 50
488 126 52 86 70
488 118 30 51 48
489 1171 29 63 56
1171 825 12 59 17
1171 754 70 99 88
490 1438 28 96 81
956 145 81 86 82
1140 783 94 98 98
1140 774 49 87 86
1140 920 43 97 58
644 507 63 86 78
644 297 28 67 29
644 941 33 95 67
1068 157 53 93 85
1068 1322 69 82 82
1068 1231 49 55 52
1068 667 61 70 66
1068 384 11 17 12
1068 725 46 58 46
1031 572 53 70 70
1031 474 32 78 43
1031 793 46 67 54
500 916 23 95 62
500 1000 25 82 68
500 1007 57 73 60
1007 449 58 67 66
1007 1068 69 78 70
1007 1395 54 87 59
502 124 65 91 72
580 1148 19 35 22
740 469 41 93 44
740 1317 50 94 77
740 724 58 64 63
505 645 63 95 68
505 894 10 26 19
894 792 19 36 29
894 1353 27 37 27
894 399 16 88 83
894 128 80 88 86
894 1097 31 73 59
507 464 88 94 92
507 788 21 28 23
508 1002 24 50 28
509 723 64 70 68
723 509 85 95 87
723 588 48 66 58
723 410 50 87 80
510 830 44 51 48
512 1420 15 56 44
512 163 15 18 18
513 1145 15 76 51
513 1068 63 67 67
518 852 46 72 71
518 544 41 65 58
518 474 65 91 85
518 1056 75 97 76
518 493 82 99 88
518 900 50 64 64
852 1402 62 70 67
544 713 60 85 67
544 559 64 83 78
900 190 56 96 77
519 543 93 94 94
519 525 88 95 88
519 1232 95 100 95
519 199 38 70 41
1142 79 25 28 27
1142 905 69 95 75
1142 390 53 62 57
1142 262 61 98 77
522 432 27 64 45
522 336 76 96 79
1356 176 80 100 85
1356 1157 64 92 74
1021 373 65 75 71
1021 149 88 93 93
1021 652 78 86 85
524 8 56 89 64
524 302 74 99 91
524 459 27 80 33
529 1341 95 99 96
1283 238 86 87 86
1335 919 92 97 92
1335 306 14 35 20
1335 73 17 20 19
534 168 30 63 39
537 459 18 35 27
538 38 50 83 54
538 1335 81 99 95
924 732 19 29 27
924 563 56 88 74
1419 780 35 76 39
713 87 49 52 51
559 786 59 97 85
559 247 80 89 84
559 224 25 77 25
932 507 29 86 59
932 215 93 98 94
1287 688 70 89 78
1287 821 69 84 82
1287 1126 67 84 74
1287 1143 95 97 97
1287 1023 55 73 63
1243 117 43 66 47
550 1403 59 67 62
550 1255 44 88 54
550 390 60 71 61
550 1347 22 24 24
1255 950 30 46 39
1255 423 31 47 40
1156 501 48 94 92
1176 377 81 93 86
556 684 28 32 28
556 1344 41 96 59
1148 65 15 45 27
1003 644 32 65 44
1003 1453 23 95 90
1003 1252 25 36 30
1003 1079 61 74 66
1161 697 58 81 75
566 694 41 76 70
566 746 89 93 89
567 870 62 73 72
567 877 14 31 18
870 1311 92 94 94
568 1324 57 66 66
569 45 43 100 95
569 1357 55 92 62
834 1305 95 99 97
834 159 24 30 28
834 21 25 79 45
834 1171 89 93 89
572 1122 42 49 42
572 341 88 100 89
572 892 61 77 71
572 1241 38 44 39
572 650 84 91 86
572 579 71 86 83
572 948 45 54 52
572 7 28 82 37
1122 567 35 100 64
1122 1371 16 48 44
1122 754 15 75 53
579 1185 56 79 75
579 542 91 95 95
579 709 95 96 95
579 1065 30 57 43
573 237 85 93 93
707 1307 52 57 57
707 1409 94 95 95
577 758 48 75 56
577 402 36 87 67
758 1225 63 89 79
758 285 53 76 63
578 1413 24 95 67
581 860 24 76 61
581 263 24 71 53
1257 1340 53 62 55
1257 701 86 95 89
583 1371 54 57 56
583 36 51 63 57
1371 997 11 17 11
1371 95 95 97 96
1371 1339 87 98 90
1371 650 14 59 51
1371 1315 37 56 40
584 1284 83 90 86
584 1449 41 83 61
1284 581 48 72 60
1284 912 89 92 90
1449 1395 64 98 93
1449 557 45 72 50
1449 1299 35 49 48
1295 105 33 49 49
930 306 72 98 91
930 1253 62 72 66
930 1302 90 94 91
589 1280 41 77 63
592 955 84 98 86
592 1333 24 54 46
592 1032 47 81 49
759 1420 38 97 83
759 82 65 67 66
759 1201 58 69 60
759 726 55 74 71
1217 615 54 85 67
1217 688 34 80 70
595 666 86 92 87
666 1348 92 99 97
666 828 44 47 47
666 800 84 98 95
597 1042 68 100 82
597 105 62 68 63
597 1123 34 93 90
597 410 12 79 18
1123 261 80 100 88
598 993 59 66 60
603 1011 65 88 65
603 1248 72 90 83
603 626 37 54 46
603 130 56 99 74
626 278 84 91 91
626 907 68 72 70
626 848 55 70 65
606 754 41 72 57
754 100 62 91 66
1192 696 71 99 98
1192 1401 77 81 79
1192 1004 72 83 83
1273 472 44 93 48
1273 1434 44 62 44
964 1182 67 94 73
612 711 28 78 53
612 734 33 64 36
711 122 64 82 73
711 467 65 70 67
711 611 18 92 88
734 81 63 91 88
734 1000 41 65 64
615 346 32 63 41
617 24 36 86 43
619 487 22 42 30
619 1160 27 51 32
619 1061 27 34 27
619 497 62 75 63
1160 220 52 92 61
1160 590 42 83 50
1160 264 36 76 39
1061 414 84 91 86
620 648 49 50 50
620 73 17 85 84
648 1316 15 77 22
811 1410 93 98 93
811 1204 61 94 83
811 343 30 70 65
1415 450 14 80 23
1415 865 32 53 44
624 1231 80 84 80
1231 354 66 67 67
1231 1288 48 91 88
628 835 49 51 51
1244 811 10 40 40
1244 1413 72 80 74
1244 183 61 69 63
1244 87 56 78 61
1244 829 40 47 45
1244 1394 49 66 62
1244 1314 26 82 38
1124 695 24 56 36
1124 897 50 95 59
1124 1120 95 97 95
633 1393 51 79 76
1393 202 34 46 39
702 319 15 58 20
1022 1082 92 100 97
1022 1245 17 30 28
1125 810 53 69 60
641 1260 28 63 37
641 604 23 37 35
641 1296 66 79 66
641 1238 13 55 34
641 1037 65 67 66
1238 882 27 84 70
1238 1327 70 73 73
642 1074 72 95 89
642 1120 87 99 95
642 1093 95 100 99
1120 208 89 95 93
1120 904 38 64 42
1120 258 42 98 62
1120 18 73 77 73
643 1000 23 30 27
643 131 82 92 82
643 1355 44 54 49
643 702 29 98 60
643 401 42 95 78
1355 83 91 96 96
1355 492 95 99 96
1355 1226 72 81 80
646 621 26 41 27
646 610 55 81 68
646 554 74 93 81
646 581 23 86 42
647 340 74 83 83
647 754 69 100 78
1316 342 60 64 61
1316 667 77 100 86
1316 25 22 85 70
970 286 84 93 91
970 242 49 92 85
651 573 34 98 52
651 961 41 61 58
651 423 41 92 66
961 1309 71 74 72
961 842 81 88 84
931 1160 62 66 65
931 388 33 48 43
931 1432 54 94 72
654 614 92 100 95
654 1381 84 90 84
1381 56 53 58 55
1381 387 51 87 73
865 1263 95 98 97
865 278 37 91 72
865 684 88 100 99
659 327 15 39 27
659 458 29 71 37
661 20 26 30 30
661 1196 25 45 41
1215 841 77 81 78
1215 1225 90 92 91
1215 1427 48 90 84
1221 800 41 98 51
1221 713 32 91 42
1221 687 36 99 36
665 1340 55 75 63
665 1143 92 100 96
665 105 48 98 69
665 892 74 94 88
665 1065 48 73 62
1143 1053 93 97 97
1143 888 89 96 90
800 875 53 94 57
800 277 75 90 82
800 1458 82 87 84
800 1453 29 79 44
1226 879 38 56 52
1226 556 53 73 71
984 336 87 94 88
984 1375 30 79 57
984 1170 71 94 94
669 818 75 76 76
669 1051 66 84 66
669 791 12 34 31
1051 1199 60 67 64
1051 808 21 73 54
1051 526 88 99 91
791 68 85 90 90
791 1121 39 55 46
791 1184 21 35 33
791 1275 23 26 23
791 495 32 46 38
1059 1045 17 36 27
674 1362 27 74 55
674 550 67 97 69
674 266 77 92 90
674 985 17 32 17
674 191 88 93 91
985 1245 83 88 87
985 1411 10 17 10
985 820 11 52 27
678 439 70 80 78
1441 1173 28 73 63
885 745 48 76 67
681 1289 70 76 75
685 853 91 100 93
685 652 46 49 47
685 1024 38 58 40
853 1303 45 46 45
1024 1154 30 69 65
1024 1264 15 27 19
1024 617 61 69 61
975 696 66 77 77
688 71 10 95 32
690 1215 66 80 70
690 1429 54 75 74
695 483 68 88 72
695 105 82 95 95
695 409 37 69 47
695 1004 30 83 56
696 103 54 70 55
696 1301 18 57 26
1301 560 60 69 62
1301 1006 90 93 91
697 1239 63 64 64
697 1282 91 93 91
1282 1211 60 93 92
699 827 27 74 58
699 1219 78 84 82
699 702 68 85 71
827 407 17 27 20
703 1163 51 70 52
703 356 70 78 74
1307 1360 92 97 95
708 969 55 58 55
708 769 35 54 40
714 676 34 88 78
714 870 41 95 67
712 1137 48 71 48
926 645 37 88 65
926 344 76 98 95
926 109 80 97 94
926 562 55 99 89
1426 962 42 44 43
1426 7 25 34 30
721 711 84 87 84
721 1059 39 66 59
721 1053 44 91 69
1053 924 12 98 22
1053 259 26 74 43
724 596 81 85 81
724 1134 56 92 72
724 184 70 71 70
724 741 53 82 62
1134 1369 71 79 77
1134 8 55 80 56
741 659 66 83 80
741 1075 59 97 77
741 965 54 71 71
741 1433 44 57 45
980 751 15 92 71
980 722 12 99 64
727 1274 92 93 92
727 641 48 82 52
1274 1382 68 71 68
1274 1212 45 88 69
1274 1172 21 24 21
1274 204 61 78 62
729 125 28 34 34
729 351 41 46 45
729 1356 41 96 41
729 444 91 97 92
729 1391 53 74 55
731 1351 80 88 83
1351 228 77 87 86
1351 394 67 96 93
1351 1128 46 84 67
735 36 82 89 88
735 391 91 92 92
735 736 72 80 77
965 1213 23 63 28
965 31 20 26 21
965 172 80 85 81
965 1160 62 98 69
1433 11 62 66 65
1433 209 67 81 73
744 76 68 84 82
745 723 79 94 94
747 156 76 81 77
747 1453 22 54 35
750 1167 32 81 61
750 1280 36 76 71
750 28 54 91 87
752 725 48 72 60
752 1111 18 28 19
752 1080 74 81 79
752 1360 75 80 76
752 277 20 99 41
752 291 45 89 89
1111 626 38 72 70
1111 905 31 43 39
1080 95 75 81 75
1080 1206 73 83 76
1360 593 39 62 43
1360 1400 31 89 51
1350 1367 72 80 73
1350 804 52 77 66
1310 809 20 34 23
756 930 89 92 92
756 792 50 91 81
756 830 84 99 87
820 1178 24 27 26
820 1212 17 54 36
820 763 58 69 65
1225 901 95 99 95
1225 199 56 87 62
762 1104 64 69 69
763 316 93 94 93
763 1058 70 76 73
765 181 66 68 68
765 107 19 60 60
765 136 73 100 98
765 116 64 77 77
866 1390 21 47 37
1229 397 26 34 28
1229 834 34 63 50
1229 780 72 92 81
1229 524 41 46 41
770 131 91 93 91
770 1211 88 97 95
770 637 61 84 81
771 6 95 96 96
771 583 77 83 78
771 114 86 94 92
775 573 33 77 62
775 1176 17 93 79
776 549 57 97 79
776 811 83 98 85
1025 517 54 94 83
1216 1222 26 28 27
779 800 27 98 27
779 1379 66 68 68
779 414 92 97 92
779 1036 13 58 35
779 985 84 93 87
1353 587 86 93 88
1353 314 69 95 80
785 1341 83 98 96
785 441 33 36 35
787 24 70 81 79
787 435 35 75 73
787 872 95 96 96
872 1273 69 78 71
872 356 20 71 50
872 7 67 88 84
1343 622 10 28 24
789 913 47 74 66
790 226 17 71 41
790 1052 19 43 24
1052 271 24 55 30
1052 31 78 91 80
1052 185 22 93 68
1184 286 25 48 30
1184 515 93 95 94
1184 732 88 90 90
1275 59 19 71 26
1275 455 41 68 47
793 822 36 69 69
822 1144 84 96 89
794 887 49 68 64
794 1023 20 67 29
794 1373 30 100 48
794 1328 74 75 74
1023 303 91 92 91
1023 1107 50 82 55
1023 1414 26 42 35
1023 1278 54 77 66
1346 397 55 86 68
1346 1367 61 97 97
798 467 44 70 69
1170 1057 58 66 66
1170 1316 89 100 89
804 223 61 95 77
804 132 16 71 28
804 107 46 75 57
1102 1252 43 76 46
1102 991 12 71 23
809 1030 87 88 87
809 514 61 82 80
1030 1079 68 94 75
1030 46 32 81 55
1030 1261 95 98 96
813 759 88 89 88
813 734 78 87 87
816 988 42 45 42
816 1139 11 20 17
1139 1123 77 85 82
1139 313 34 73 67
1139 393 37 99 63
1139 690 88 92 89
1178 620 93 98 94
1178 798 18 95 48
1272 322 62 73 73
1272 1239 26 31 29
1272 769 23 61 46
1026 812 47 99 50
1130 1230 69 87 85
1130 642 30 65 31
1041 749 95 98 95
1041 1129 31 36 36
1041 10 71 90 76
831 850 31 100 70
831 769 15 39 21
1338 166 20 94 21
1338 234 83 89 86
833 526 62 89 75
833 754 26 99 39
833 1082 92 93 92
1305 916 82 89 87
1305 1407 59 65 60
836 1010 52 90 65
836 637 73 94 86
836 1225 45 47 47
1010 317 37 91 44
1010 1313 47 88 82
1224 1313 91 92 91
1224 1308 32 50 33
1224 1311 56 75 56
1224 391 24 67 38
1376 1184 18 86 63
1376 1102 40 74 67
847 1077 47 65 64
1077 208 89 100 89
1077 655 33 36 36
1300 1267 95 97 96
1300 1306 16 78 41
1402 882 94 96 96
1402 769 64 73 65
1402 1346 19 38 33
861 1365 77 79 79
861 593 92 94 93
1365 551 21 81 45
1365 1312 37 64 62
1214 913 34 66 42
1263 1146 38 75 38
1263 842 17 84 60
1390 1290 39 50 47
1390 1353 24 74 73
1390 460 44 46 45
1390 587 25 91 29
1390 570 91 98 92
1390 923 17 48 40
1390 489 11 63 57
869 1035 17 92 62
871 1412 57 83 69
871 1403 27 29 28
1412 748 33 44 39
1412 715 75 92 79
878 813 86 91 91
880 206 49 89 70
880 670 62 86 69
880 737 39 57 41
880 266 33 94 82
880 1163 68 78 77
883 670 45 65 64
883 772 57 85 62
883 1230 83 95 94
884 742 30 47 38
884 1 34 83 81
884 1119 46 82 70
1119 590 44 55 47
888 550 70 96 78
888 1095 16 29 21
888 1268 37 73 64
888 917 77 88 87
888 197 66 90 70
1268 1445 83 90 88
893 892 17 38 28
893 651 50 81 62
1097 1376 63 94 82
896 1050 65 73 67
1047 1222 59 71 61
1047 1365 59 64 63
901 150 75 81 80
901 741 49 81 79
901 602 41 63 45
901 583 49 85 73
901 395 47 94 88
904 164 74 93 79
904 769 41 44 42
904 192 58 69 66
904 1162 69 87 71
1162 900 83 92 90
905 753 70 83 83
911 248 47 98 60
914 1270 45 77 59
914 277 75 88 78
914 1134 50 68 67
915 906 42 62 60
915 1157 47 99 97
915 1034 32 37 32
915 683 76 93 91
1157 294 56 83 73
1034 889 22 66 63
1034 1241 14 82 58
1034 311 80 91 88
919 621 54 87 76
919 905 93 94 94
919 530 41 59 41
925 123 88 94 88
927 614 22 82 66
928 862 54 100 98
953 1199 67 77 76
953 567 85 89 87
953 805 51 97 86
933 658 70 82 72
933 1155 84 86 84
933 179 21 29 27
933 624 71 86 83
935 610 13 22 15
935 796 42 70 64
935 582 49 96 57
936 28 11 29 11
936 1183 36 52 48
938 373 43 100 74
938 713 57 76 67
939 612 15 100 47
939 984 45 51 49
939 572 33 71 62
944 1295 93 99 93
944 287 63 100 68
944 486 13 99 89
1382 950 52 96 66
1382 1220 68 85 82
1382 350 75 85 83
1382 360 65 67 66
1395 1081 72 76 76
1072 1062 82 84 83
952 423 71 76 71
952 1011 17 100 69
952 956 49 90 54
954 159 60 65 63
1428 224 47 95 61
1428 1320 53 98 63
1428 483 84 91 84
1428 914 48 85 76
1213 137 56 88 68
1213 202 95 96 95
1213 527 26 99 58
967 779 81 94 86
967 1100 27 82 70
967 759 38 88 53
967 1296 52 85 73
1100 372 89 97 89
1100 929 31 48 40
968 491 43 70 70
968 841 92 94 93
968 493 12 20 18
968 578 23 74 29
973 1298 58 62 62
973 1416 69 73 73
1298 101 80 92 87
1298 1178 13 30 28
1298 11 83 87 86
1298 341 26 80 39
974 609 25 56 31
974 7 30 42 34
974 714 20 34 33
976 1394 30 44 39
976 858 78 98 97
976 1035 51 95 69
1394 505 47 66 55
1394 1067 13 60 36
977 834 18 78 40
977 1138 36 70 65
977 871 86 95 90
977 244 11 98 35
1375 871 30 100 70
1375 400 17 19 19
1375 270 45 72 64
1375 246 86 93 87
1375 409 25 50 45
986 146 83 97 86
986 839 10 13 13
986 151 36 67 54
989 28 44 78 72
989 33 30 56 31
989 703 49 72 54
989 290 26 73 66
990 131 88 90 89
990 730 73 77 76
990 1354 30 39 38
990 41 29 92 39
1354 1440 33 77 41
1354 191 13 22 15
991 355 43 99 43
992 654 42 96 54
992 215 26 39 38
1189 220 67 90 67
996 886 63 89 81
996 1195 88 91 88
996 317 30 92 33
1195 913 39 55 44
1195 523 68 93 89
998 745 16 71 20
998 7 83 89 88
998 517 95 99 98
999 1408 82 90 86
999 1340 52 64 64
999 1106 25 84 44
1079 1375 80 89 81
1079 121 11 96 41
1006 907 86 94 89
1013 895 48 62 58
1013 908 21 69 33
1014 958 15 22 18
1014 927 75 96 93
1015 218 73 95 90
1019 436 37 65 54
1019 537 71 74 73
1020 669 76 90 85
1020 706 62 68 64
1278 315 79 91 80
1278 989 33 96 39
1278 786 84 86 85
1264 1375 35 99 36
1264 1270 47 100 71
1264 624 27 76 75
1264 469 41 90 87
1027 1241 19 56 42
1027 884 55 60 55
1027 53 89 93 89
1027 68 66 84 77
1027 1398 12 56 34
1033 620 90 92 90
1033 74 72 84 80
1033 633 51 69 53
1038 1223 64 94 75
1038 1424 54 55 54
1038 685 80 90 80
1038 1021 39 79 79
1040 564 84 85 85
1040 740 39 67 53
1222 794 78 87 87
1222 464 70 72 72
1048 1168 82 83 83
1439 965 15 36 24
1057 1025 28 89 82
1057 1432 37 93 61
1060 1235 44 88 78
1060 1088 32 33 32
1062 664 65 88 86
1062 481 67 74 68
1062 986 79 90 79
1063 815 58 91 82
1063 1351 37 55 38
1063 1138 31 96 48
1063 224 87 92 90
1377 10 13 76 42
1377 1312 20 52 41
1067 187 35 63 52
1067 407 84 94 87
1070 535 67 88 69
1070 1338 19 90 77
1073 11 48 71 52
1073 62 40 59 56
1206 401 43 84 61
1206 1226 68 90 72
1081 1344 21 28 23
1254 111 36 40 38
1254 1065 37 59 38
1085 1438 28 44 44
1085 759 65 68 65
1085 1382 83 88 83
1085 1312 46 54 51
1091 838 16 59 18
1094 1039 16 30 27
1094 846 11 50 22
1094 52 89 99 90
1094 1350 41 61 47
1094 425 60 97 86
1101 258 57 71 61
1101 546 80 98 98
1427 18 47 58 55
1105 1419 88 93 92
1108 941 23 59 31
1114 1261 88 94 88
1116 58 13 48 21
1116 1393 40 47 47
1116 917 52 84 53
1116 1175 24 55 33
1116 665 64 79 77
1175 550 11 85 39
1175 1456 36 83 53
1175 452 21 24 23
1117 628 54 89 87
1117 623 17 22 17
1117 2 46 52 51
1117 1342 88 100 98
1342 1169 30 61 41
1342 1306 42 96 79
1118 1190 76 96 93
1126 48 94 96 94
1131 623 57 68 60
1131 375 71 100 79
1174 700 68 71 70
1174 1239 90 93 92
1136 644 58 70 58
1136 611 78 81 79
1136 822 64 96 75
1136 579 95 99 95
1136 76 90 99 95
1141 42 93 100 100
1153 1290 60 73 66
1153 453 50 90 65
1153 1071 32 89 53
1290 345 88 90 88
1290 155 72 86 78
1290 1310 41 89 84
1172 127 25 78 58
1172 494 89 95 89
1456 619 15 93 48
1456 370 62 80 67
1186 251 27 30 30
1186 1282 56 71 63
1188 1081 27 94 80
1188 375 46 67 60
1193 1129 65 98 83
1193 152 74 98 81
1198 689 32 80 62
1198 597 49 62 54
1198 1303 76 90 77
1198 581 64 75 66
1352 755 52 88 76
1200 296 10 24 23
1203 359 38 71 54
1203 248 51 77 71
1203 1433 38 96 48
1208 248 85 91 88
1208 748 78 96 89
1327 1035 54 81 70
1240 527 41 64 54
1240 386 44 75 47
1251 770 92 100 96
1251 364 56 97 79
1258 1414 15 91 24
1258 933 74 88 83
1315 1034 19 33 33
1315 584 57 79 76
1267 105 42 68 56
1267 579 71 89 87
1281 1209 70 75 71
1281 265 77 83 81
1286 381 19 88 55
1293 416 30 62 43
1293 714 27 64 27
1293 373 68 75 68
1297 491 39 63 41
1306 599 15 83 35
1304 220 31 99 74
1319 505 49 78 62
1329 940 42 63 45
1329 1199 61 84 67
1329 740 42 99 59
1331 952 56 65 60
1443 1136 41 50 44
1444 546 54 88 79
1444 1045 18 27 24
1444 105 18 74 59
1444 1365 78 88 85
1336 860 63 98 75
1337 503 67 93 72
1337 831 33 82 68
1337 1024 54 91 73
1337 494 47 91 87
1367 61 28 37 29
1367 365 16 39 20
1367 54 32 61 32
1364 1409 94 98 96
1366 87 41 79 64
1366 247 90 91 90
1366 533 31 61 59
1366 218 62 92 71
1366 580 77 98 96
1366 115 29 53 42
1366 1108 12 52 35
1366 359 79 95 85
1368 779 61 66 62
1368 534 13 50 28
1368 1457 45 73 49
1378 1239 51 75 59
1378 904 44 77 75
1384 124 82 92 85
1384 255 61 99 69
1387 375 72 97 81
1387 1026 78 90 87
1389 767 78 80 79
1389 84 77 85 83
1405 506 54 91 56
1405 5 56 86 78
1405 811 57 74 65
1418 542 72 99 81
1421 236 28 86 65
1421 855 62 75 74
1423 222 83 96 94
1423 776 63 87 87
1423 936 12 16 12
1423 1222 34 38 34
1431 857 50 73 55
1431 203 90 91 91
1431 352 26 54 46
1446 555 64 81 73
1446 687 37 65 46
1446 1040 41 97 63
1447 832 82 100 87
1447 37 66 74 72
1454 1327 52 64 61
1454 18 23 78 38
1459 133 81 95 85
1459 311 29 64 57
1459 1114 87 94 94
0 1460
