807 1370
0 694 45 71 52
694 342 89 97 91
694 610 76 79 77
1 568 50 54 51
568 520 42 76 65
5 387 16 48 19
5 488 73 80 73
387 565 61 89 71
387 462 34 74 35
387 688 40 84 72
488 699 49 78 69
488 472 63 88 79
488 4 80 89 81
488 775 34 83 59
488 654 70 91 74
6 642 13 82 51
642 322 78 98 89
7 225 33 54 45
7 270 42 96 81
7 138 81 94 86
225 84 89 92 90
225 469 55 84 56
270 448 58 63 60
270 696 38 64 59
138 634 38 68 39
138 474 30 52 36
8 644 52 66 65
8 653 87 92 89
644 578 46 79 49
653 368 95 97 96
9 525 93 95 94
10 287 27 56 47
10 606 31 44 43
287 657 10 96 18
287 154 39 82 47
11 83 75 84 78
12 653 64 70 67
12 572 55 89 63
12 777 62 79 67
572 371 50 61 60
777 754 57 71 68
777 186 45 94 79
777 668 20 87 75
14 594 24 31 30
14 516 60 97 71
594 108 75 83 79
516 466 90 99 99
516 95 34 86 59
516 683 47 68 52
516 252 39 56 46
15 597 74 78 74
15 80 63 93 65
597 725 37 74 42
597 507 92 94 94
597 258 74 85 78
80 559 66 72 72
80 552 88 97 97
16 749 23 93 71
17 56 15 34 26
56 680 74 92 83
56 268 62 82 80
18 785 46 93 90
18 85 75 92 85
785 751 40 48 48
785 573 73 79 73
85 242 20 56 28
85 599 51 74 68
19 91 66 81 67
19 312 71 88 87
91 779 65 94 89
91 458 76 78 76
91 397 42 63 51
312 154 53 59 56
312 673 91 94 94
21 769 34 100 53
21 546 28 34 32
769 248 69 93 87
546 279 73 74 74
546 106 46 94 77
22 227 42 69 68
22 472 93 97 93
22 667 76 85 81
22 183 37 69 63
22 319 31 83 36
227 54 71 91 75
227 586 20 86 42
227 450 17 69 64
227 27 18 98 47
227 751 54 85 65
472 252 51 71 57
667 400 55 88 66
667 803 18 74 46
667 339 52 70 61
183 192 12 35 15
319 762 72 97 89
319 460 63 77 72
24 162 26 84 52
24 189 34 71 69
24 67 85 86 86
24 231 88 90 88
24 95 84 91 90
24 280 92 99 97
24 782 27 38 29
162 744 28 77 51
189 796 93 95 95
67 146 50 68 51
67 721 80 98 96
231 44 58 78 58
95 164 14 77 40
280 363 46 85 75
280 131 62 96 67
280 794 41 81 65
280 511 12 50 45
782 57 42 86 84
782 536 26 82 77
782 617 93 96 96
25 44 94 95 94
44 674 35 81 77
44 736 61 80 78
44 712 87 99 90
44 155 74 80 76
27 706 63 97 86
27 343 92 96 96
27 577 54 92 70
27 591 11 97 70
706 319 69 89 87
706 364 77 82 77
591 697 72 100 78
591 273 41 74 69
29 575 61 64 61
29 549 58 65 61
29 375 32 60 49
575 595 84 89 88
575 63 36 38 36
575 793 20 53 53
549 514 44 74 73
549 366 14 21 19
375 95 24 69 44
30 379 92 93 92
30 615 85 87 86
30 533 80 89 86
379 557 62 66 65
379 18 67 74 74
615 134 64 96 84
615 612 21 57 45
533 547 30 100 69
533 128 12 66 18
533 673 64 99 73
31 365 85 90 89
33 340 36 50 48
340 3 93 99 98
34 402 32 92 40
402 372 13 94 60
402 241 65 80 71
36 300 24 35 32
36 513 38 49 47
300 771 24 43 33
513 501 87 100 100
513 666 88 97 90
513 313 26 41 38
37 83 61 72 63
38 192 89 96 92
38 776 68 86 68
192 403 67 95 88
192 276 49 70 55
776 580 43 67 49
776 472 91 98 92
39 187 65 90 65
187 788 14 89 38
187 496 46 79 48
40 4 65 79 65
41 21 24 54 42
42 191 69 87 78
42 236 84 90 90
236 688 31 99 68
236 457 20 51 31
236 187 81 90 85
236 548 46 92 61
43 724 34 97 72
43 619 89 97 91
724 114 86 93 88
619 150 65 93 93
619 326 83 93 83
674 255 33 89 46
674 88 34 92 89
736 647 35 76 43
736 333 74 95 95
712 91 40 61 51
712 314 58 79 69
712 574 12 80 30
155 459 10 81 23
155 354 86 91 88
45 723 32 87 37
723 313 15 52 50
723 731 11 43 20
46 347 42 55 43
46 736 45 59 58
347 393 72 81 77
47 21 40 59 54
47 1 50 99 88
48 312 76 83 78
48 208 61 63 61
48 591 20 38 21
208 786 54 74 67
49 430 31 77 59
49 790 58 86 76
49 50 77 82 82
430 141 54 99 64
790 703 77 90 86
790 696 57 81 68
790 315 18 55 23
50 228 92 93 93
50 723 15 20 16
50 560 31 34 31
228 412 59 82 71
228 151 41 65 54
560 250 49 60 53
51 223 75 98 92
223 372 73 93 91
223 596 30 70 66
223 97 59 91 69
52 268 17 19 17
268 538 43 68 59
53 731 11 73 51
53 427 73 77 73
731 494 72 85 85
731 51 27 94 85
427 649 28 70 48
427 729 29 36 32
427 17 84 91 84
54 726 54 64 56
54 109 27 37 36
726 768 85 98 90
109 772 13 51 19
109 397 52 79 63
55 127 75 81 78
55 467 28 43 43
55 517 75 99 98
55 772 89 91 90
127 130 51 53 51
127 119 34 52 50
127 17 82 99 87
680 696 92 95 94
680 731 91 97 92
57 740 47 72 59
57 721 89 94 94
740 543 26 85 55
740 165 52 66 64
721 764 70 86 85
721 590 94 98 96
721 4 47 60 51
721 677 71 94 77
58 273 56 76 64
273 593 67 68 68
273 96 92 100 97
59 377 41 84 81
59 151 13 22 19
151 365 54 62 60
60 564 68 98 78
564 715 26 97 80
564 591 53 94 77
61 586 52 66 56
61 159 22 100 57
586 597 83 85 83
586 133 55 56 56
586 375 91 92 91
159 304 52 84 64
159 129 53 78 61
159 35 24 40 39
62 70 91 92 91
64 248 91 92 92
64 472 71 73 72
64 133 87 94 88
248 230 36 73 70
248 128 30 58 31
65 429 84 93 93
65 533 42 82 62
65 629 59 93 59
429 777 61 75 67
429 342 74 79 75
629 380 16 91 47
66 329 92 98 97
66 646 19 91 66
66 469 20 66 24
66 480 10 52 12
329 105 90 99 93
329 144 81 96 96
329 141 53 57 54
329 88 45 91 72
329 299 26 40 31
329 713 82 83 83
329 199 90 99 94
646 109 81 94 94
646 540 62 98 78
469 545 26 38 30
480 271 90 100 95
146 578 90 96 90
146 261 42 55 43
146 767 40 86 68
68 731 46 71 49
68 772 18 96 47
68 605 26 88 67
68 423 39 97 47
69 471 45 55 55
71 717 39 73 63
717 13 59 89 80
717 102 32 82 52
72 417 18 49 22
73 443 72 92 82
73 347 55 94 87
74 349 79 97 85
74 773 50 82 60
74 300 85 91 88
773 532 87 88 88
75 83 63 75 64
77 105 37 90 43
77 111 70 96 79
105 555 10 67 42
105 36 72 95 84
105 269 88 99 95
111 80 51 77 68
78 679 68 71 71
78 729 95 96 96
78 804 68 96 82
729 583 95 97 97
804 763 61 96 61
804 742 30 55 43
79 147 20 26 26
559 461 81 95 92
552 408 17 33 23
81 161 16 82 40
84 444 52 73 60
242 357 72 99 80
242 108 67 79 70
599 400 50 83 81
599 371 95 97 97
599 204 68 90 82
86 284 73 74 73
284 415 33 70 70
284 614 15 52 52
87 690 54 92 55
88 366 22 68 46
366 141 57 70 62
366 429 12 37 32
366 477 92 96 96
89 507 90 99 92
89 705 80 100 86
89 465 12 91 13
507 726 65 71 69
507 174 43 44 43
705 619 78 81 80
705 754 67 100 97
465 501 58 83 76
90 46 88 94 90
779 663 72 80 75
779 720 12 22 14
779 471 95 96 96
458 636 49 96 58
92 296 19 85 19
92 649 73 94 84
296 801 23 92 67
94 790 68 84 68
94 480 12 44 27
94 327 77 81 78
94 775 63 75 63
327 15 56 74 60
327 226 34 43 41
775 636 81 92 90
775 342 12 34 25
775 445 78 100 82
775 16 35 75 65
164 305 73 100 84
164 289 89 97 93
96 232 32 44 44
96 312 68 71 69
232 806 31 60 48
232 427 28 69 53
232 244 41 49 41
232 447 30 57 33
97 64 57 94 69
98 480 23 55 25
99 645 77 83 82
99 330 54 57 54
645 281 13 60 53
330 291 58 86 61
330 250 29 99 66
100 125 44 51 46
100 58 72 88 78
100 723 92 99 94
125 197 93 94 94
125 225 19 43 37
101 506 39 59 39
101 426 14 74 14
506 79 92 95 94
426 346 76 79 78
426 745 80 91 88
103 302 15 71 28
103 537 16 56 52
103 477 50 77 56
103 27 90 93 91
302 641 87 98 94
302 593 68 73 71
477 430 47 98 76
477 257 33 64 48
104 457 81 84 84
104 462 34 65 45
457 39 54 57 54
457 357 85 93 92
457 639 23 42 35
457 397 78 97 92
269 316 10 66 31
269 276 17 42 24
269 696 16 92 48
106 667 23 89 58
107 235 43 59 46
235 238 58 60 59
235 134 79 90 90
235 463 87 89 88
235 609 29 54 53
235 331 63 98 68
235 155 45 60 59
108 482 30 78 37
482 736 27 39 30
110 237 56 94 87
237 622 54 90 81
237 678 91 100 96
237 651 49 69 49
237 187 35 100 42
112 130 73 78 76
112 81 33 45 40
112 312 70 91 79
112 642 60 75 60
130 152 25 55 26
114 43 30 46 39
115 506 71 99 89
116 229 77 96 79
229 253 26 94 28
229 582 51 75 56
117 738 84 97 89
117 516 31 75 63
117 322 24 48 39
738 358 93 96 94
322 47 88 91 91
118 64 42 50 42
118 644 23 71 59
119 45 43 63 59
120 435 15 41 22
120 38 26 73 69
435 693 60 72 65
121 437 29 98 76
437 605 44 78 59
122 524 41 72 43
524 393 84 99 94
524 528 62 69 64
524 207 53 82 80
123 617 38 39 38
124 683 88 91 91
683 457 37 76 66
197 167 79 96 89
197 468 42 55 45
126 528 72 89 86
126 42 38 46 42
126 58 10 53 47
128 512 71 83 80
129 287 41 89 70
129 736 22 85 70
129 541 41 70 47
541 526 33 55 50
541 277 82 93 89
152 360 65 87 67
152 84 74 100 98
152 683 13 64 27
131 402 52 55 55
131 781 47 71 50
781 747 34 75 39
781 427 81 99 93
781 618 34 74 65
781 664 22 94 94
132 344 26 57 40
132 646 67 100 78
344 401 39 85 40
344 497 38 88 53
134 467 83 93 85
134 108 50 59 59
135 368 36 97 90
368 337 51 59 54
368 19 89 98 94
368 673 95 98 96
136 292 72 88 78
136 477 62 88 67
136 589 83 92 86
292 555 26 100 85
292 749 55 71 60
292 187 80 87 85
589 58 82 93 85
589 252 53 54 54
137 385 78 97 94
385 779 42 69 49
634 635 93 97 93
634 332 61 62 62
474 377 71 78 72
140 7 36 86 41
140 587 87 91 87
587 755 32 92 82
587 181 93 99 97
141 501 51 55 55
141 495 79 82 82
495 451 61 94 79
143 285 89 95 95
144 667 50 63 61
144 143 74 85 81
144 438 37 100 45
438 397 25 73 71
145 551 90 95 93
145 74 80 96 90
145 230 23 27 26
551 475 24 74 39
230 583 73 74 74
230 442 20 86 23
230 121 60 81 61
578 737 61 80 68
578 63 32 68 60
578 171 71 97 82
261 179 25 52 51
261 352 91 97 96
261 257 36 42 37
261 461 40 94 82
261 220 51 79 59
767 619 52 94 79
148 25 82 93 91
148 744 49 94 79
744 503 88 99 93
744 96 41 76 50
744 750 79 92 90
149 14 40 58 48
149 791 12 82 16
150 289 84 89 87
150 442 52 73 64
289 248 23 92 47
289 624 53 98 83
289 12 80 97 85
442 488 11 22 17
442 788 49 53 53
442 724 86 98 97
442 310 46 95 90
360 317 14 45 33
360 766 93 98 96
360 573 60 75 74
153 561 81 100 95
153 605 57 69 58
153 721 86 98 92
153 106 77 100 84
153 694 94 98 98
153 496 71 76 76
561 635 85 93 88
561 501 59 75 73
496 271 66 99 90
154 46 72 95 86
154 743 38 98 49
743 675 32 37 36
743 334 95 96 96
743 373 55 81 65
459 485 23 48 38
156 270 62 65 62
156 617 81 83 82
157 596 30 76 35
157 740 33 70 61
157 235 76 80 78
157 782 33 93 92
157 588 95 99 95
596 357 26 82 63
596 483 71 83 77
596 504 45 80 71
588 751 50 95 66
158 702 46 71 47
702 554 81 82 81
160 54 19 80 64
163 401 36 52 47
163 431 42 72 67
401 52 19 97 67
401 623 87 93 91
305 273 82 93 92
166 659 58 72 60
166 229 17 20 18
166 514 74 79 75
659 676 71 85 75
659 183 19 54 36
659 602 66 91 69
659 280 93 98 98
514 19 44 99 92
167 38 74 76 75
167 174 13 40 27
167 84 35 85 62
167 737 53 55 53
167 717 91 92 92
737 649 82 95 84
737 470 49 58 53
168 541 49 54 52
168 474 64 84 68
169 681 89 100 95
169 591 53 64 63
169 350 89 91 91
681 54 84 92 87
681 735 71 97 74
681 190 16 71 19
171 519 60 89 66
172 743 29 31 29
173 605 77 82 82
175 760 54 99 60
760 603 19 60 31
176 313 13 61 35
313 163 54 68 66
313 355 33 62 54
313 154 37 46 38
178 623 76 91 82
178 248 85 91 86
179 796 86 95 93
796 98 15 39 16
180 376 89 100 90
180 792 51 97 59
180 573 90 91 90
180 181 19 34 33
792 253 79 81 81
573 45 18 96 87
573 771 58 90 80
573 564 14 17 15
181 449 69 96 71
449 752 67 91 90
182 192 16 48 43
182 696 45 61 49
696 719 93 95 94
184 727 52 65 60
727 800 91 93 92
727 242 52 79 57
185 445 72 97 82
185 165 57 87 65
445 573 10 45 19
445 601 70 84 72
186 537 40 82 71
788 83 54 79 64
788 256 43 78 55
188 230 10 31 17
188 574 33 73 55
188 390 41 85 44
188 377 95 100 99
188 205 57 98 59
188 47 76 100 88
574 13 22 68 30
574 253 45 98 93
390 278 94 97 95
390 165 25 61 45
205 249 92 93 93
205 105 59 94 92
205 430 53 65 61
190 230 72 91 82
190 783 74 99 84
783 709 22 88 67
783 284 48 79 69
403 333 48 52 52
276 574 33 89 56
193 473 91 98 97
473 2 41 42 41
195 1 56 58 57
196 558 60 63 60
196 502 38 43 40
196 49 17 44 40
196 56 59 82 75
558 119 15 30 25
558 289 59 72 60
502 340 66 76 69
502 493 89 95 95
198 399 48 59 48
399 596 53 75 68
399 128 80 92 81
200 285 42 65 48
200 507 45 66 48
200 603 90 98 90
603 257 33 48 37
603 294 10 72 18
201 382 49 86 61
201 774 85 94 93
201 707 68 73 68
382 688 51 65 54
204 458 66 72 71
204 163 70 83 73
204 644 27 55 40
249 56 44 83 67
206 226 73 75 75
206 23 53 89 74
226 497 54 55 54
786 427 64 67 67
209 785 91 92 92
209 634 82 84 82
209 546 68 94 75
210 223 67 69 68
210 567 46 64 53
567 381 68 94 80
567 199 30 66 59
211 450 19 80 79
211 167 75 90 79
211 149 75 97 92
211 223 31 45 31
211 172 38 97 80
212 489 72 75 73
212 68 26 63 58
212 462 40 52 41
212 367 51 52 52
489 741 58 65 60
489 308 59 68 65
489 687 22 85 84
367 55 71 84 71
367 718 51 76 63
213 130 56 69 62
213 704 13 77 33
213 396 45 84 73
396 731 48 51 49
396 782 65 92 85
214 180 15 48 43
216 356 15 63 25
356 805 32 99 56
217 643 36 43 38
217 532 65 69 69
643 102 91 93 92
643 589 62 68 66
532 283 84 89 84
218 263 15 64 25
218 519 88 96 92
218 10 95 96 95
218 17 39 88 51
263 699 77 93 88
219 247 60 88 84
219 151 80 81 80
219 95 58 78 70
219 57 84 100 96
247 756 53 79 65
220 110 85 86 86
220 359 18 99 51
220 271 22 91 27
220 313 18 83 60
220 430 95 96 96
359 574 42 47 42
271 244 21 25 23
271 777 86 87 87
271 261 69 90 75
222 782 63 98 72
372 442 45 98 54
224 231 86 99 93
224 595 93 97 94
595 743 41 87 54
582 460 39 87 66
582 421 22 72 29
583 224 60 78 73
244 65 31 68 61
244 77 37 89 84
244 306 25 69 52
447 191 39 43 43
233 288 54 57 56
288 426 65 70 68
238 613 15 32 15
463 113 19 94 31
609 345 46 81 65
609 394 90 99 97
331 524 52 65 59
331 259 52 89 58
688 458 34 53 53
688 209 30 91 65
688 151 74 98 89
548 18 10 97 45
548 525 80 83 82
622 539 31 77 75
613 694 13 89 72
239 214 37 97 73
239 81 40 90 81
240 272 57 94 78
240 762 38 47 43
272 152 22 70 69
272 213 18 72 33
272 625 16 29 19
272 543 52 97 79
272 416 47 65 55
762 304 36 45 36
241 268 24 97 58
241 790 35 66 50
357 123 13 98 29
357 205 75 89 81
357 687 52 84 81
243 181 24 89 24
243 350 21 30 28
306 182 55 82 65
306 158 63 67 64
245 233 43 54 48
245 528 51 62 62
245 279 44 85 46
279 517 33 47 43
279 148 91 98 96
246 130 50 98 83
246 352 34 40 38
246 44 24 59 33
352 775 29 90 38
352 387 21 89 29
352 679 78 80 79
352 184 64 79 73
756 725 27 49 33
756 404 76 77 76
756 505 52 70 64
252 797 88 95 88
252 266 27 37 28
252 238 81 95 90
266 33 43 76 59
266 675 31 49 33
254 286 59 94 67
254 784 66 67 66
286 701 61 65 62
286 227 20 84 47
286 416 52 80 53
255 372 80 93 91
255 231 23 74 24
256 226 82 83 82
256 731 20 92 51
259 122 86 99 87
461 365 55 68 66
262 160 87 89 89
699 317 43 66 55
699 747 95 100 95
264 331 71 89 87
264 675 24 95 59
264 646 49 79 50
675 475 91 93 91
675 684 78 86 86
675 159 24 68 24
675 150 93 99 95
675 603 25 43 41
675 691 15 90 69
265 38 24 77 60
267 665 88 99 96
267 723 76 100 80
538 25 20 23 21
316 678 41 45 45
448 227 80 90 80
448 313 77 95 94
625 285 42 88 61
543 547 83 87 83
543 665 34 63 57
593 309 81 86 86
593 94 12 42 19
593 357 53 95 61
593 170 14 98 90
593 756 92 98 95
274 792 95 97 97
277 393 54 86 75
393 305 80 84 81
393 729 51 82 70
278 163 12 97 65
278 37 36 99 65
278 642 24 56 35
363 685 43 64 45
363 723 55 75 65
794 68 48 98 72
281 223 80 86 85
281 353 76 88 87
282 87 50 60 56
283 203 41 44 41
283 148 34 100 63
415 217 75 92 92
415 669 27 95 84
614 608 82 84 84
614 469 82 95 92
614 298 73 90 87
614 7 87 99 92
701 16 55 99 89
701 79 47 66 63
701 438 52 66 63
657 17 34 80 52
657 412 49 76 62
624 210 50 74 52
624 417 21 46 31
290 13 36 66 56
290 383 38 81 42
290 515 13 23 22
383 37 25 45 35
515 599 78 84 84
293 410 19 47 43
293 577 22 70 49
410 208 92 93 93
410 640 24 28 24
410 239 24 74 67
294 452 11 81 67
452 14 65 80 66
452 711 59 74 73
295 35 22 86 86
801 756 20 95 47
801 599 91 94 94
297 690 52 83 62
297 114 90 98 96
297 172 19 73 55
297 507 89 91 90
298 715 43 92 75
715 387 67 97 78
715 682 36 72 51
715 789 63 68 63
299 406 54 90 70
299 156 17 96 96
299 493 10 88 28
406 254 86 93 92
406 233 52 74 53
493 48 37 45 42
493 785 28 98 52
771 479 66 70 66
771 506 51 70 54
301 566 12 37 15
301 416 67 81 73
301 543 95 98 98
566 620 67 91 81
641 204 38 79 43
641 318 27 33 33
307 760 39 93 46
308 201 21 58 38
309 85 81 91 81
309 394 84 96 93
309 162 41 78 60
309 804 95 100 98
309 269 46 63 50
394 43 46 80 79
311 305 68 83 73
311 775 80 89 85
673 709 10 33 21
673 716 50 94 59
673 284 15 58 34
673 205 27 70 47
355 656 13 26 20
314 767 60 66 63
314 595 24 60 52
314 423 87 88 88
315 576 25 37 33
317 616 69 98 74
616 779 82 98 83
318 61 19 37 27
460 777 35 73 70
460 147 79 87 86
320 755 61 67 65
320 143 70 77 70
320 442 23 96 85
320 544 29 94 57
320 604 21 55 42
320 631 13 84 72
755 742 82 98 92
544 598 89 90 89
604 122 23 30 25
631 503 17 34 30
321 324 46 90 46
321 310 68 93 78
324 628 64 66 66
324 667 59 97 89
324 677 49 68 52
324 533 25 89 48
323 274 90 98 92
323 631 92 98 98
677 540 23 24 24
677 298 95 97 97
677 711 13 69 36
325 608 70 94 87
608 583 79 91 82
326 730 62 65 63
326 278 62 80 69
326 675 80 98 96
326 144 85 87 85
730 674 53 57 54
328 350 40 97 55
713 490 87 89 89
713 462 85 93 91
713 228 86 99 87
333 619 58 59 59
333 224 52 78 73
333 402 53 91 67
334 356 81 91 84
334 25 89 97 93
334 21 24 27 24
335 436 33 64 46
335 737 49 61 57
436 294 14 87 65
436 618 64 69 65
336 364 47 98 70
336 801 58 91 91
338 799 38 56 56
338 171 93 95 93
338 629 71 100 80
338 233 93 100 99
338 76 13 25 17
799 542 34 94 55
799 309 74 75 74
799 95 56 78 75
799 766 12 25 17
342 541 54 98 97
345 764 74 91 84
345 773 46 76 72
348 326 64 79 66
351 338 85 98 88
351 141 71 91 91
656 122 30 64 39
656 619 82 91 85
656 426 19 71 47
805 773 90 94 90
805 64 18 78 75
687 27 91 92 92
358 176 32 43 43
358 510 19 60 48
510 268 50 65 54
766 18 31 77 57
361 333 83 89 88
361 742 73 99 85
361 380 90 97 90
361 502 91 94 94
380 248 78 100 99
380 806 50 70 68
718 741 59 86 74
718 362 71 82 81
369 420 50 69 67
420 526 75 81 78
370 595 56 75 59
370 86 78 92 78
370 614 85 86 86
370 470 73 97 91
470 212 46 63 55
470 733 94 97 95
373 588 46 75 67
373 275 50 55 53
374 376 32 93 57
374 440 28 44 41
440 223 68 93 93
440 253 68 97 90
440 112 19 82 50
378 342 32 55 46
378 323 21 98 35
378 252 17 21 17
378 724 56 91 83
557 639 15 49 47
557 506 71 82 79
557 800 18 31 19
381 470 45 55 48
384 366 35 65 48
384 406 59 69 63
384 101 51 96 65
386 786 81 94 87
386 784 68 80 80
386 505 64 86 83
505 787 17 53 43
565 351 52 79 57
391 133 66 90 81
391 698 38 84 73
391 491 42 72 47
391 73 20 35 31
491 165 61 84 82
491 786 74 84 79
392 311 61 89 88
392 76 11 46 31
395 4 75 88 76
398 306 66 70 68
398 777 41 46 45
404 801 91 93 92
405 617 33 83 65
405 364 37 98 64
408 64 91 95 91
408 580 52 70 56
408 674 49 74 71
580 221 58 92 75
409 44 55 99 76
640 467 49 92 49
640 166 45 86 61
640 752 59 80 66
640 499 60 97 91
411 793 26 49 39
413 572 59 90 80
413 263 94 95 95
413 432 59 75 71
413 470 67 75 75
432 74 56 76 71
414 610 78 85 83
414 76 26 62 46
610 158 25 70 59
669 478 28 34 32
669 147 80 89 87
418 597 90 93 90
418 783 19 98 33
419 82 33 73 43
419 341 64 67 64
419 169 49 54 54
526 464 24 67 37
526 461 62 97 72
421 406 82 84 83
422 48 59 71 71
422 18 13 51 49
425 497 52 71 71
745 51 23 37 29
428 380 91 93 93
428 739 42 50 44
428 1 55 85 76
428 216 41 46 43
739 725 18 75 53
739 713 56 83 81
434 154 85 98 88
434 151 58 66 59
434 745 91 96 95
434 738 84 88 86
693 783 44 89 64
618 339 40 70 45
618 350 22 29 22
618 658 90 93 93
439 744 61 89 69
439 473 40 81 66
439 219 36 40 36
441 338 57 77 76
441 434 50 97 84
601 122 70 94 86
446 580 21 84 57
446 81 61 84 66
451 494 30 86 75
494 66 75 81 76
494 524 78 80 78
494 107 73 77 76
494 763 71 94 89
711 76 20 84 40
453 154 76 85 78
453 180 88 93 91
454 502 23 61 36
454 312 69 92 85
454 504 77 87 87
454 651 26 60 56
504 363 82 94 92
504 232 48 64 55
455 621 75 92 82
621 100 26 74 31
639 107 95 96 96
636 767 34 65 37
485 38 65 91 89
485 402 59 93 72
464 682 81 97 88
464 512 68 94 78
464 133 34 91 71
464 790 86 96 91
682 60 44 59 49
682 612 71 97 75
466 716 59 75 61
466 682 81 82 82
716 106 62 67 62
545 100 40 79 79
475 619 23 48 29
475 406 77 80 77
476 301 71 85 73
476 38 62 74 74
476 111 45 82 46
478 135 68 75 70
478 356 87 91 88
478 461 48 87 84
479 377 87 88 88
481 104 57 65 65
483 417 26 42 35
483 303 80 97 90
483 29 42 100 59
484 771 67 70 68
486 532 32 74 71
486 505 69 95 77
487 294 48 61 50
487 624 53 76 54
487 309 65 86 83
654 720 54 87 73
741 64 37 84 48
492 683 11 74 41
763 147 94 96 95
763 548 86 100 98
498 234 35 56 53
498 668 88 98 93
498 179 73 80 74
668 379 92 96 93
668 408 73 81 73
499 685 33 63 45
499 340 33 97 86
499 380 53 93 79
499 682 27 41 30
500 83 67 95 72
503 460 15 73 55
787 277 78 99 90
787 344 20 31 28
787 801 83 84 83
508 195 60 77 75
508 540 91 97 91
540 186 23 44 25
540 645 92 95 94
540 574 74 89 85
509 664 32 93 36
509 267 31 88 36
509 309 83 87 86
664 478 67 80 70
664 506 58 72 72
666 691 22 52 27
518 88 77 88 84
518 62 67 94 70
518 254 84 96 93
520 398 44 71 51
520 146 72 81 81
520 568 71 84 77
521 195 36 82 61
522 113 52 64 57
523 63 94 100 97
523 730 43 84 74
523 44 69 80 69
523 302 12 40 26
527 727 50 78 69
529 368 92 96 95
529 199 33 90 57
530 135 69 75 72
531 455 47 83 73
531 740 30 99 99
547 459 28 63 41
547 344 62 68 65
535 717 57 66 61
539 80 14 46 29
542 798 11 95 22
542 242 15 62 53
542 253 11 47 25
542 223 38 81 57
542 489 95 99 95
542 596 34 35 35
798 569 89 100 100
598 243 14 54 28
598 139 47 48 48
598 564 27 51 36
550 614 68 77 72
550 539 27 43 37
553 707 22 52 30
554 412 66 79 75
554 341 18 62 26
800 362 26 79 49
800 153 27 47 42
800 770 15 84 71
800 592 78 91 82
562 532 17 90 70
563 275 74 99 89
563 525 83 100 84
563 182 79 86 79
569 458 60 75 60
569 5 26 36 26
569 340 60 70 61
570 96 84 87 84
570 51 46 56 51
570 289 34 48 38
571 474 60 99 73
579 718 22 25 23
579 537 72 93 88
579 731 32 49 34
581 10 66 71 69
581 80 30 44 32
584 583 45 91 67
584 229 28 91 83
590 796 41 60 60
697 156 25 30 27
697 512 29 94 53
697 582 53 60 53
697 33 21 30 27
725 529 53 87 80
725 801 33 81 64
725 131 91 92 92
600 736 14 81 55
600 108 25 83 52
602 62 71 83 78
602 27 26 38 27
602 286 29 44 29
607 19 44 46 44
611 681 56 75 62
611 373 70 85 80
658 734 70 95 87
658 222 16 22 17
626 356 41 84 72
630 589 54 100 71
630 152 43 60 53
630 130 31 49 48
632 219 52 90 85
637 150 76 97 81
638 14 67 99 95
647 727 23 61 52
647 9 76 77 77
647 617 67 84 77
647 684 32 85 53
647 644 58 96 90
684 735 42 82 78
648 732 47 49 49
648 411 22 47 34
648 721 73 82 81
732 71 30 74 43
650 524 77 92 86
650 309 88 89 88
652 582 44 47 46
652 100 27 75 70
720 183 56 66 60
720 236 88 92 89
655 659 57 82 75
655 773 43 67 55
734 117 43 45 43
676 473 83 98 91
676 29 70 79 73
661 488 15 62 62
661 494 81 97 82
662 119 52 62 55
662 665 81 96 91
663 271 60 100 70
803 197 16 77 53
803 529 83 86 85
670 591 26 63 37
670 301 64 70 65
670 482 75 89 77
671 750 61 94 93
750 274 10 52 47
750 97 49 65 49
750 669 83 89 87
750 311 69 83 74
672 367 90 92 90
709 197 63 92 79
709 140 23 100 99
709 66 20 84 46
709 269 58 96 79
686 241 14 24 21
686 664 28 44 30
686 224 32 89 42
686 54 59 93 93
686 158 28 80 56
689 503 34 68 34
689 395 91 99 92
689 234 56 67 57
695 393 95 100 97
695 717 48 75 68
695 253 80 91 85
747 387 77 88 84
700 410 23 87 77
700 78 82 93 88
703 90 58 86 59
703 123 62 77 77
703 436 26 54 53
754 96 74 93 74
754 221 19 52 48
754 101 25 84 27
708 405 68 77 72
710 232 77 94 88
710 500 79 85 81
714 164 86 92 90
789 286 74 99 82
789 607 16 83 42
789 633 75 89 86
722 792 35 74 72
722 614 63 67 64
722 100 94 97 94
728 696 64 91 71
746 797 12 48 48
746 659 80 96 88
746 575 86 99 96
748 404 58 77 76
753 133 90 99 92
753 534 25 36 33
757 139 33 45 45
758 322 11 15 15
759 16 49 75 65
759 137 62 71 68
761 67 12 49 12
761 569 61 81 63
761 528 50 58 53
765 338 60 76 65
770 204 70 98 78
770 716 74 93 88
780 58 53 70 59
780 544 29 93 30
795 147 62 71 67
795 40 93 99 94
0 806
