40 76
0 32 73 90 88
0 8 71 78 78
32 14 83 86 86
32 34 18 96 84
8 3 29 40 36
2 36 26 51 41
2 9 14 20 16
36 26 38 93 91
36 33 39 73 40
9 30 25 55 32
4 32 33 79 71
4 33 26 74 72
5 14 57 68 65
5 11 34 58 53
5 31 44 52 49
14 7 83 92 85
14 34 68 92 77
31 18 30 52 33
31 14 70 88 74
6 35 71 90 71
6 8 64 85 79
6 33 34 85 52
35 1 74 98 89
35 16 28 95 75
35 14 17 93 39
35 36 36 56 49
7 17 39 46 40
7 4 47 98 92
7 13 67 95 89
7 20 62 69 69
7 8 75 86 86
17 39 13 49 23
17 15 26 30 30
17 33 28 43 36
13 11 29 99 46
20 33 90 92 91
20 4 48 65 64
20 3 69 70 70
20 17 11 97 38
30 13 53 57 54
30 4 87 89 88
10 34 19 45 25
10 27 79 98 97
34 16 35 95 35
34 31 45 55 51
34 37 49 86 85
34 20 26 55 35
12 13 92 99 92
12 35 72 90 75
15 3 91 99 99
15 16 62 92 80
16 20 64 66 65
18 36 42 79 74
18 21 35 58 48
21 37 12 31 13
19 24 54 96 66
24 3 79 93 82
24 17 44 75 62
24 28 68 91 72
37 18 21 86 80
22 39 40 41 41
22 0 22 59 46
22 11 60 89 71
22 9 10 94 27
23 38 44 71 47
23 19 62 73 65
38 3 18 89 21
38 12 82 97 95
28 5 87 99 88
28 30 32 36 34
25 27 83 85 83
25 20 28 39 37
26 13 22 27 24
29 37 86 100 90
29 16 16 74 23
29 4 16 74 60
0 39
