51 120
0 3 81 86 86
0 36 91 97 91
3 46 23 30 29
3 34 79 95 93
3 31 50 99 57
36 18 12 45 32
36 7 59 80 64
1 13 23 35 26
13 4 81 86 82
13 41 92 96 95
2 0 75 81 80
2 33 34 95 68
33 35 13 43 28
33 13 94 96 96
33 26 25 99 35
33 28 42 44 44
33 5 15 66 56
46 11 53 64 56
46 41 85 91 86
46 40 51 89 86
34 32 55 97 87
31 17 83 92 90
31 39 16 28 28
4 24 86 92 90
4 47 52 80 53
24 50 69 100 81
24 39 92 100 96
24 8 49 96 72
47 11 59 92 71
47 6 79 87 82
5 42 58 83 65
5 21 33 68 50
42 47 19 74 67
42 48 59 93 60
42 29 40 46 42
21 20 43 53 48
21 50 56 75 73
7 21 49 68 49
9 18 40 64 43
9 43 10 23 15
9 50 61 85 81
18 28 34 77 57
43 12 15 89 39
43 14 21 64 49
43 50 24 58 31
43 22 25 82 69
50 24 67 70 67
50 19 10 80 64
10 36 80 92 82
10 11 26 51 48
10 27 76 85 79
10 24 16 91 41
11 24 77 78 77
11 0 55 99 56
27 29 63 93 91
27 35 22 91 43
12 29 28 31 29
12 33 47 73 68
12 47 75 93 79
29 12 26 85 59
29 7 67 76 72
29 30 53 62 57
41 3 33 96 43
41 38 88 94 94
41 4 92 97 92
41 22 87 98 92
14 43 56 61 61
14 50 61 73 69
14 42 68 92 87
14 7 77 87 84
15 14 17 74 32
15 18 42 70 65
15 50 55 60 60
16 1 77 94 85
16 30 67 91 80
16 25 63 71 64
30 45 77 82 81
30 18 66 85 66
30 24 55 74 65
30 8 18 22 20
30 7 30 67 34
30 48 41 47 47
25 32 58 100 86
25 47 45 71 56
17 25 11 93 79
17 36 10 42 39
17 40 13 49 20
17 8 68 80 69
28 43 91 92 92
19 45 34 75 49
19 49 43 75 70
45 36 61 79 72
45 7 11 29 14
49 24 39 43 43
49 26 61 93 70
49 20 57 67 61
49 44 58 77 75
20 13 64 75 64
20 4 81 85 84
22 36 85 100 88
23 24 20 88 88
39 5 26 70 37
39 23 86 94 91
32 6 76 89 85
32 11 86 91 89
26 15 81 91 89
26 30 39 84 39
26 6 70 79 71
26 3 24 51 25
26 0 33 67 55
35 32 14 59 18
35 47 12 24 21
35 19 72 80 80
48 47 88 99 98
48 2 30 89 38
48 38 22 89 65
38 46 77 85 83
38 33 14 45 38
44 19 74 86 74
44 30 51 76 62
0 50
