79 303
0 34 52 75 55
0 19 18 90 25
0 64 13 72 26
0 5 40 73 52
0 42 17 80 61
0 20 76 79 76
0 65 26 28 28
34 73 15 38 35
34 18 17 76 51
34 72 42 77 72
34 74 13 15 15
34 6 29 94 94
34 58 68 78 75
19 45 24 80 36
19 51 65 96 91
19 41 47 79 52
19 3 28 50 37
19 6 74 95 82
64 61 76 98 98
64 73 48 66 52
5 30 63 85 67
5 4 63 65 65
5 20 16 61 43
5 41 95 100 95
5 49 11 23 11
42 3 27 35 27
42 65 50 96 91
42 34 84 99 97
20 74 20 94 23
20 71 37 100 94
20 64 69 99 99
65 45 52 84 59
1 64 80 97 81
1 39 19 36 28
1 68 29 37 36
1 56 66 78 66
1 73 61 74 69
39 20 36 70 39
39 15 74 85 79
39 59 30 92 90
39 43 33 61 37
68 25 59 77 65
68 0 47 95 72
68 6 82 90 87
56 11 54 64 61
56 47 21 96 64
56 52 44 59 57
56 77 61 97 61
56 0 92 99 92
56 17 59 99 63
73 18 95 97 97
73 59 84 97 88
73 60 80 84 82
73 32 74 80 78
73 76 76 96 90
73 66 40 68 67
73 14 68 97 97
2 21 86 99 87
21 36 69 70 69
21 41 64 97 74
21 75 58 69 60
21 28 14 36 22
21 56 91 96 95
21 19 94 97 97
3 1 94 97 94
4 75 31 100 48
4 21 39 40 39
75 56 61 63 63
75 47 65 87 67
75 16 13 48 32
30 29 75 92 79
30 50 65 67 65
41 43 81 97 84
41 72 19 89 74
41 64 19 45 19
41 47 68 98 97
41 40 42 57 57
41 27 25 84 40
49 46 37 45 37
49 44 69 81 69
49 61 76 97 76
49 28 62 67 64
49 12 29 94 73
49 65 83 91 87
6 73 22 85 49
6 24 67 93 71
24 4 89 92 91
24 25 91 96 91
24 20 36 98 70
24 6 88 96 94
24 17 48 96 66
7 52 33 80 43
7 68 44 93 64
7 78 17 24 23
52 22 16 66 27
52 11 84 99 94
52 42 43 61 48
52 41 15 23 18
52 70 52 65 59
78 32 57 65 64
78 6 29 40 39
8 32 57 62 59
8 35 87 92 88
8 75 78 92 80
8 45 12 35 26
8 30 88 95 89
8 59 66 69 68
32 49 90 97 93
32 2 78 90 80
32 28 48 68 57
32 30 76 90 79
32 42 59 67 59
32 52 91 95 95
35 18 88 100 97
35 30 68 88 88
35 40 64 85 67
35 62 46 59 48
35 12 74 79 76
45 14 94 96 95
45 17 78 95 94
59 72 62 75 68
59 24 62 74 70
59 65 29 67 38
9 56 30 50 36
9 77 27 84 29
9 60 54 58 56
9 42 14 56 25
9 26 48 89 79
77 76 53 56 54
77 2 61 66 62
77 71 55 95 58
77 53 18 41 22
77 78 82 83 83
77 56 40 52 48
60 74 57 85 67
60 7 28 53 46
60 9 49 88 75
60 24 38 41 41
60 2 28 43 42
10 66 71 93 93
10 7 12 51 15
10 2 24 54 53
10 50 89 94 94
66 41 84 95 92
66 67 44 66 50
50 48 81 89 89
50 17 13 19 19
50 10 37 40 39
50 70 50 92 81
11 15 38 91 45
15 44 37 99 39
15 73 26 64 41
15 78 21 97 62
15 42 15 19 15
15 27 78 95 82
12 34 59 80 71
12 65 90 99 98
12 61 49 81 72
12 18 39 82 78
12 15 47 70 64
12 4 81 85 85
12 58 24 49 42
12 28 58 66 65
61 55 88 100 93
61 73 13 84 84
18 14 13 44 15
18 54 59 89 87
18 65 21 57 51
18 5 31 98 93
58 64 54 55 55
58 63 14 26 23
28 5 91 97 91
28 3 55 89 85
28 14 43 90 52
28 48 23 29 24
28 9 86 97 89
28 22 35 66 47
13 26 60 64 62
13 5 89 95 94
13 31 20 26 21
13 25 17 74 28
31 12 79 86 81
31 25 85 94 87
31 16 38 60 49
31 40 83 89 88
31 45 82 88 84
31 77 37 39 38
31 19 66 69 66
25 73 29 52 32
25 70 33 82 81
25 76 56 78 56
14 20 90 92 91
14 73 27 92 84
44 76 50 66 57
27 76 40 59 49
27 11 49 65 49
27 50 77 79 77
27 75 66 91 86
27 45 86 94 93
27 15 80 93 87
27 26 93 99 93
16 18 33 41 36
16 69 78 97 78
69 62 38 45 41
17 21 53 93 74
54 5 49 92 54
51 20 74 100 89
51 55 35 54 48
51 0 41 83 54
51 73 49 63 63
51 58 39 49 48
51 56 79 96 89
51 57 47 53 47
74 78 53 65 61
74 8 22 45 27
74 52 93 97 96
74 43 91 99 96
74 77 70 98 91
71 37 90 95 90
71 72 46 78 73
71 63 71 92 86
36 43 25 68 38
36 49 51 81 63
36 69 22 45 35
36 20 25 97 78
22 2 82 90 86
22 65 87 100 87
22 74 54 95 80
22 66 80 96 87
22 7 39 40 40
23 7 49 90 74
23 14 55 86 85
23 9 10 15 10
23 62 46 60 59
62 52 57 93 61
62 13 49 84 52
70 37 10 53 17
70 9 37 68 60
70 34 12 29 28
70 72 19 22 20
76 16 29 88 50
76 63 82 99 95
76 72 22 66 60
48 25 48 56 56
48 21 24 59 41
48 32 91 96 93
48 61 60 75 67
48 13 16 25 16
29 19 28 59 39
29 18 43 79 79
40 55 38 93 86
40 69 76 100 95
33 76 65 90 73
33 68 26 84 57
33 0 29 96 55
72 40 88 97 90
72 5 12 65 43
43 78 90 96 95
43 36 83 88 83
37 43 79 97 85
37 40 90 91 91
37 59 35 63 49
37 30 42 51 47
37 55 70 72 70
55 78 45 75 53
55 3 78 89 86
55 25 77 84 81
38 39 11 68 66
38 58 11 43 26
38 47 41 49 45
38 30 34 36 35
38 19 67 71 68
38 14 58 68 64
38 27 66 81 67
38 66 38 81 79
38 21 63 73 66
38 73 78 85 79
38 23 33 93 53
47 73 74 95 85
47 24 46 81 53
47 77 15 92 60
47 44 58 61 61
46 67 84 94 86
46 6 19 42 27
46 21 43 65 62
67 7 39 64 64
67 44 54 60 59
67 77 16 52 19
67 3 64 66 64
67 10 84 99 85
57 24 39 55 53
57 69 49 61 49
57 56 61 62 62
57 14 73 77 74
57 31 89 94 93
53 50 14 80 35
53 16 74 96 83
53 48 23 60 41
63 4 60 73 69
63 71 11 81 63
63 47 48 98 75
63 56 84 99 87
63 36 95 100 100
0 78
