456 1076
0 292 12 63 29
0 369 29 64 36
292 401 53 63 58
292 77 11 47 11
292 210 72 79 76
292 283 39 42 39
292 180 40 72 51
369 88 74 79 76
369 270 44 80 54
369 312 47 96 81
369 10 17 95 52
1 56 66 96 80
1 88 85 93 90
1 417 94 97 97
56 263 58 65 60
56 211 32 76 75
56 417 69 78 76
88 121 14 45 27
88 105 56 94 75
88 273 95 97 97
417 123 37 80 50
417 24 44 93 75
2 450 14 15 15
2 205 40 100 56
2 236 88 96 94
450 348 92 98 98
450 153 46 97 57
205 282 68 86 80
205 278 46 52 52
236 270 71 78 74
236 433 82 88 84
3 370 74 95 91
3 115 84 96 95
370 83 46 52 47
370 318 33 73 57
370 194 13 31 19
115 334 44 88 87
115 249 47 87 65
115 217 59 73 64
115 412 64 90 86
4 211 16 57 51
4 244 39 100 78
244 229 65 81 69
244 357 20 61 49
244 353 36 59 44
5 394 26 93 41
5 54 43 79 73
54 156 61 81 75
6 50 41 90 81
6 192 78 89 86
50 442 71 77 71
50 438 42 60 44
50 120 29 75 68
50 343 81 85 84
7 378 94 96 95
7 294 55 71 59
7 370 30 52 37
7 307 92 100 92
7 229 28 31 29
7 290 85 87 86
378 24 55 84 65
378 144 73 89 85
294 406 69 78 75
294 318 28 55 45
294 432 48 83 58
294 419 82 86 85
294 439 86 92 90
307 393 10 15 12
307 149 79 87 83
307 123 65 70 70
307 202 42 45 45
229 127 44 81 59
229 2 26 60 31
229 396 19 34 23
229 190 18 58 48
229 168 52 54 54
229 337 69 85 84
229 56 72 96 76
290 453 89 93 89
290 325 86 89 89
8 138 56 95 79
8 200 49 93 87
8 435 32 77 37
8 92 52 82 63
8 27 85 96 91
8 372 23 86 28
138 433 88 94 94
138 89 13 38 26
138 289 38 94 38
138 308 85 89 85
200 333 87 91 91
435 189 81 91 89
92 117 64 87 68
92 153 65 74 71
27 326 59 64 59
27 362 19 62 20
27 39 93 98 93
27 120 37 93 73
372 128 13 71 28
372 441 26 58 30
9 388 24 67 47
388 313 87 91 90
388 323 12 80 41
388 374 65 93 92
10 57 44 71 50
10 80 60 77 67
57 197 78 99 95
57 138 52 57 56
57 307 31 80 66
57 271 49 94 50
80 445 60 78 68
11 176 95 97 96
11 372 30 74 72
11 317 53 85 57
176 454 31 72 38
176 321 63 85 81
176 447 73 91 76
317 446 91 98 93
317 297 85 94 91
317 200 86 90 90
317 12 74 77 77
12 337 60 63 61
12 277 30 100 44
12 384 60 91 74
12 117 36 86 42
337 170 78 92 83
337 27 82 91 87
337 93 42 43 43
337 90 58 72 63
277 19 61 73 70
277 158 27 85 60
384 56 57 78 71
384 111 54 81 78
117 152 50 65 50
117 63 11 88 83
117 7 89 97 94
14 254 47 80 58
14 450 58 85 63
14 287 87 100 96
254 184 15 56 34
254 228 37 89 59
287 125 41 56 42
287 101 77 78 78
287 219 46 89 60
15 377 37 44 44
377 433 58 66 65
16 361 16 46 17
16 235 74 81 80
16 451 63 77 69
361 92 49 63 62
235 364 70 79 73
235 292 12 58 42
235 173 59 70 69
451 93 90 99 90
451 187 56 62 59
451 58 86 88 88
451 286 49 76 71
451 73 75 97 80
451 234 73 86 74
17 361 51 79 61
18 23 45 66 46
19 127 68 96 78
19 106 70 74 71
19 437 46 73 72
127 17 71 90 87
106 384 76 85 83
106 397 16 27 16
106 121 29 58 33
21 86 36 56 50
21 353 85 98 95
21 288 26 61 34
86 188 54 97 57
86 84 90 99 98
86 268 75 78 77
353 189 20 36 34
288 321 45 97 55
288 127 40 45 45
22 256 64 93 76
256 426 46 60 46
256 193 28 43 35
24 164 93 97 96
24 208 83 87 85
24 47 76 89 83
26 169 58 73 62
26 356 18 55 21
169 339 93 97 93
169 167 66 96 84
356 174 42 64 50
356 73 23 79 56
356 131 56 93 67
326 71 20 96 92
326 342 15 76 34
362 68 30 85 78
362 4 93 99 96
362 36 91 99 94
362 345 27 79 44
362 306 51 98 82
362 172 66 75 66
39 156 24 68 52
120 420 19 94 93
120 46 80 87 82
120 440 84 90 88
120 256 22 41 39
120 68 74 91 91
28 191 94 97 96
28 56 90 96 94
28 400 66 90 70
28 155 25 78 64
191 366 55 58 58
191 46 93 99 98
400 194 54 98 83
155 267 40 69 47
155 193 43 48 48
155 13 87 100 94
155 359 46 56 46
29 379 90 96 92
29 326 67 68 67
379 45 60 65 60
379 137 13 95 40
379 357 56 82 57
379 191 83 90 87
30 160 38 54 53
160 74 88 92 91
160 183 28 72 64
31 337 58 73 62
31 10 65 88 74
31 369 36 55 38
32 208 84 94 90
32 318 72 80 76
32 324 71 83 74
318 214 72 96 72
324 330 34 96 73
324 12 87 100 87
324 306 30 45 43
324 268 28 79 64
324 196 43 99 59
324 344 89 94 89
324 453 21 88 56
324 193 37 84 64
33 390 49 56 55
33 444 60 72 67
390 455 23 49 43
390 100 72 94 92
390 90 74 86 74
444 259 48 77 64
34 254 57 62 60
34 85 27 62 62
85 345 45 52 50
85 388 24 79 33
35 158 91 100 98
158 89 16 78 52
158 30 87 96 94
158 414 22 25 23
36 365 32 42 32
36 232 85 98 90
36 407 42 62 46
36 376 51 68 59
36 262 92 95 92
365 413 39 50 46
232 11 32 96 46
232 92 45 59 49
232 336 85 95 94
232 52 55 65 57
232 140 29 74 46
407 38 30 47 42
407 198 86 100 96
262 212 12 63 20
262 42 66 71 66
262 21 28 61 32
37 163 85 95 92
37 146 88 93 91
37 116 86 87 87
37 115 75 77 76
37 334 59 64 63
163 117 28 86 83
146 202 13 26 17
146 337 89 93 92
146 186 61 86 77
116 427 27 75 36
116 286 43 46 44
334 377 29 47 44
334 195 38 75 69
334 454 15 71 30
38 302 94 100 95
302 450 36 58 56
302 137 65 87 65
302 70 63 70 64
302 384 68 97 93
302 14 18 61 26
40 16 14 33 22
40 356 29 57 39
41 444 92 98 93
42 266 93 95 93
42 138 34 67 41
42 15 20 38 22
266 415 86 92 86
266 248 65 89 74
43 229 38 86 60
43 80 71 91 87
43 110 74 100 90
43 452 89 96 89
110 29 56 85 67
110 172 56 85 60
110 157 34 87 73
452 373 41 81 52
44 142 87 94 87
142 108 91 97 97
142 129 91 93 91
142 74 40 54 50
45 182 25 85 51
45 455 47 52 47
45 105 79 91 82
45 124 73 87 77
182 397 55 72 67
182 360 74 85 84
455 162 30 98 52
455 39 47 86 80
105 429 24 48 24
105 270 51 99 76
124 399 84 86 85
124 241 87 96 87
46 76 42 95 61
76 420 43 99 75
48 224 18 51 26
48 304 62 66 65
48 98 44 76 46
48 452 49 65 61
224 199 57 89 61
224 258 46 92 70
224 214 29 35 29
304 321 67 84 80
304 358 83 86 84
98 77 30 43 33
98 121 37 77 45
49 10 47 53 52
49 225 85 99 97
442 151 61 75 63
442 183 44 63 54
442 170 17 85 44
442 94 42 95 61
438 48 63 93 71
438 306 92 98 94
438 270 87 98 96
438 407 11 90 54
343 434 31 99 69
343 146 38 82 44
51 221 88 96 95
51 423 77 85 82
51 118 60 79 76
51 83 19 39 19
51 89 34 46 37
221 454 56 67 59
423 390 35 66 50
423 241 75 86 84
118 296 85 96 96
83 292 21 93 72
83 291 73 97 79
89 66 14 100 98
89 336 35 60 37
89 56 72 93 78
89 311 86 92 86
89 62 51 55 53
52 80 83 87 85
52 255 12 38 32
52 55 78 99 85
255 443 77 85 81
255 435 32 93 72
255 34 15 81 32
255 84 25 68 56
255 133 71 81 78
255 278 36 70 60
255 317 38 94 58
55 344 92 98 93
53 4 52 70 53
53 57 75 87 77
344 265 14 24 23
263 414 39 40 40
263 24 23 65 55
263 34 92 95 93
197 168 85 99 96
197 293 58 75 63
271 327 93 98 94
58 407 41 69 42
58 104 46 57 53
58 103 39 49 46
58 239 60 64 61
104 415 43 85 58
104 191 39 78 73
103 419 40 53 46
103 230 58 95 60
103 267 49 85 56
103 21 67 80 79
239 129 38 92 80
239 230 48 100 63
59 401 86 100 92
59 19 20 76 75
59 170 26 27 26
401 210 74 75 74
401 1 32 50 39
401 352 64 68 64
401 219 55 62 55
401 70 68 76 73
401 330 88 89 89
401 387 91 93 91
170 209 36 51 39
60 314 25 32 28
60 246 79 100 84
314 140 79 96 93
314 225 41 43 42
314 133 43 74 61
246 218 79 99 87
246 195 30 55 50
61 144 50 80 56
61 224 62 78 62
61 352 57 82 63
144 172 13 29 19
144 306 46 91 84
352 168 29 93 92
352 358 66 80 71
63 115 18 73 70
63 277 73 94 75
64 418 35 55 50
64 431 84 88 88
64 53 55 65 63
418 91 55 98 73
431 376 87 100 98
431 137 89 99 95
431 171 94 97 97
65 137 20 44 24
65 349 38 44 38
349 435 65 66 65
349 440 44 72 65
349 78 69 85 85
66 341 47 64 47
66 5 90 93 93
66 153 54 93 81
66 94 20 72 41
153 265 41 54 42
153 372 40 79 69
153 181 37 44 37
153 173 16 57 53
153 427 51 60 51
153 17 78 97 90
94 135 48 80 63
94 153 59 93 66
94 27 13 69 58
94 71 51 59 57
67 440 42 91 49
440 394 11 40 18
68 392 79 95 93
392 295 82 87 86
392 100 52 89 82
69 419 66 81 76
419 441 42 46 44
70 244 88 90 90
70 11 42 50 42
71 107 54 58 58
71 170 15 56 24
107 224 92 94 93
72 98 85 99 91
72 132 44 91 53
132 262 84 93 92
132 247 70 94 90
73 316 79 97 92
73 251 85 93 88
73 120 62 93 89
316 58 89 99 94
316 388 14 41 35
251 405 86 97 96
251 316 17 71 36
251 224 76 82 76
75 282 27 39 37
75 350 82 97 83
282 182 63 95 77
282 80 88 89 89
282 168 49 56 52
282 91 29 77 49
350 207 76 89 83
350 164 18 32 21
350 326 12 96 45
350 107 12 56 25
350 3 64 68 64
420 277 65 75 75
420 325 30 99 87
420 8 80 90 83
77 209 36 75 61
209 259 18 72 20
78 267 41 94 89
78 112 94 99 94
78 28 43 62 52
267 417 17 21 21
267 255 62 80 79
267 330 64 70 64
267 53 36 47 42
112 41 59 76 64
112 177 31 76 50
112 273 77 89 87
79 63 24 92 40
79 404 41 98 78
79 397 28 45 44
397 385 68 86 72
397 135 22 57 48
397 35 56 74 70
397 403 12 53 28
445 307 93 97 94
81 393 65 82 70
393 280 30 83 47
393 23 37 45 42
82 165 17 67 40
82 14 54 88 67
165 403 92 95 93
291 181 29 43 31
291 168 10 86 81
84 160 78 79 78
84 446 83 98 84
84 437 49 100 84
446 451 46 85 61
188 42 85 100 86
188 397 18 34 25
268 88 22 69 57
268 191 82 96 82
87 3 71 93 75
87 370 58 63 61
87 169 62 64 63
87 26 84 85 85
87 410 35 46 42
410 101 55 65 55
121 5 89 98 92
273 303 32 92 69
273 268 24 48 44
336 437 16 97 77
311 174 69 78 73
311 241 25 98 41
311 251 41 79 76
90 442 73 99 81
90 99 29 76 45
99 167 44 54 50
91 38 50 81 76
93 97 76 89 87
93 14 11 45 16
93 439 41 57 50
93 41 70 75 70
97 287 90 92 92
135 366 52 54 54
135 30 86 99 96
135 318 19 36 24
95 452 87 89 88
95 258 56 73 73
95 357 25 29 29
95 59 52 76 60
95 63 36 79 63
258 77 93 100 93
357 392 70 80 72
357 379 50 52 50
357 365 83 99 83
357 433 24 71 61
96 416 10 76 20
416 415 39 94 80
416 53 64 69 67
416 305 94 97 97
167 411 77 80 78
100 329 36 55 54
100 393 89 100 99
100 65 94 95 95
100 264 70 88 88
100 425 56 82 70
329 428 29 71 47
329 346 26 30 30
329 34 46 81 78
329 357 35 64 39
264 31 43 97 63
264 424 63 97 71
264 366 62 73 70
264 327 28 42 31
425 316 92 95 92
425 358 14 75 72
425 114 75 90 85
425 315 53 97 58
425 266 92 96 95
425 274 89 98 98
101 35 20 44 33
101 170 65 66 65
101 352 47 65 55
101 108 87 97 91
108 351 94 97 96
108 122 81 90 89
108 148 21 37 33
108 133 48 90 69
102 382 45 93 47
102 188 45 59 49
102 370 72 88 76
102 13 93 94 93
102 351 38 87 64
382 0 13 18 18
382 117 25 29 29
382 19 27 34 27
351 404 54 81 70
230 84 33 75 63
230 13 57 68 59
230 37 61 67 63
415 179 34 52 38
415 267 88 96 91
429 286 78 95 92
270 327 34 74 58
270 65 94 99 95
122 29 75 82 79
148 73 56 69 66
148 179 38 89 58
148 419 67 94 94
148 247 94 100 100
148 124 30 96 80
133 419 64 84 71
133 449 55 82 79
133 240 72 100 92
133 9 90 97 92
109 391 80 97 86
109 259 56 100 93
109 149 80 100 88
109 377 39 81 78
391 236 60 90 79
391 23 11 17 15
259 354 76 80 78
259 404 27 36 35
259 159 61 72 66
259 55 23 58 51
259 403 17 47 46
149 271 71 99 95
149 417 54 93 68
149 243 46 57 46
149 91 68 87 72
172 166 32 46 35
172 272 41 45 45
157 109 70 96 93
157 106 91 92 91
177 231 54 60 55
177 205 83 93 92
177 174 77 85 81
177 313 34 72 65
113 371 19 55 19
371 68 28 86 42
114 367 12 40 12
367 235 72 78 77
367 403 70 89 74
367 116 54 56 56
367 375 50 73 68
249 104 42 95 54
217 211 44 72 58
217 397 88 97 89
217 111 80 89 85
412 188 56 100 76
412 243 36 85 44
427 105 38 76 60
427 186 77 92 81
427 9 18 45 37
286 296 17 99 60
286 427 19 68 52
286 157 72 73 73
296 377 90 98 95
123 359 84 99 99
123 285 19 84 58
123 371 24 34 31
123 131 50 86 73
123 217 67 78 73
359 153 11 61 42
359 309 90 94 94
359 306 57 79 79
359 329 62 89 75
359 37 39 98 49
359 401 62 65 65
359 93 46 93 47
285 128 16 33 21
285 295 26 38 26
285 64 48 49 49
131 64 70 87 76
399 292 41 71 62
399 219 44 46 44
399 40 43 46 45
241 89 88 94 91
126 230 32 86 77
126 455 33 64 47
128 95 41 46 46
128 443 67 76 69
128 194 33 72 58
128 269 61 96 85
443 312 33 59 49
269 293 92 95 94
269 328 20 38 27
269 235 20 34 30
129 130 13 77 27
129 385 73 80 80
129 328 17 68 63
130 288 45 59 52
130 413 33 93 34
385 191 28 43 42
328 261 12 30 21
413 256 71 73 72
247 318 78 83 80
449 390 29 30 29
449 379 39 50 50
449 265 22 38 35
240 32 17 62 39
240 33 13 77 60
134 225 18 40 40
134 263 18 44 44
366 42 69 84 71
366 359 21 53 31
366 16 65 90 73
366 27 45 53 49
136 75 69 82 81
136 244 38 41 41
433 229 13 74 46
433 221 92 95 94
289 194 28 73 38
289 259 11 56 30
308 412 76 86 86
139 274 43 80 52
139 217 68 95 82
139 62 64 99 85
274 425 80 88 84
141 305 37 75 59
141 398 51 63 59
305 85 50 64 64
305 92 67 70 67
305 157 21 79 43
398 95 92 96 96
306 402 52 71 56
306 147 47 54 47
306 316 85 95 89
306 151 55 65 55
145 1 66 86 73
202 418 40 72 50
202 291 92 94 92
202 269 91 97 96
186 24 51 84 64
186 173 30 88 43
186 424 84 87 87
186 48 87 89 87
147 324 90 91 91
147 264 28 33 33
179 151 19 50 19
179 236 56 95 56
179 105 46 77 56
179 258 29 30 30
243 46 40 90 88
243 208 34 50 34
243 439 86 89 87
150 396 50 91 81
150 111 21 85 80
150 235 66 86 82
396 66 29 78 68
151 226 72 83 75
151 18 39 95 83
151 413 65 86 80
226 5 86 100 86
226 387 35 95 36
226 143 67 78 71
265 307 86 93 93
265 118 19 83 22
173 94 84 96 91
154 276 38 59 59
276 426 42 80 68
276 442 31 57 48
276 86 31 68 68
276 391 27 96 92
193 318 33 38 37
193 15 48 49 48
193 415 92 99 96
193 229 52 79 79
414 371 38 53 40
414 405 39 42 40
414 359 78 97 86
159 28 92 98 94
159 72 69 82 75
162 191 75 87 87
162 54 76 82 81
166 428 16 28 25
166 291 30 98 82
166 63 70 82 70
166 133 68 93 90
428 445 75 92 82
428 381 48 90 55
411 418 28 29 29
411 73 88 97 95
411 231 12 88 57
411 236 35 73 61
168 175 68 89 76
175 26 37 58 41
175 430 77 79 77
339 294 74 90 83
339 104 83 87 87
339 226 37 54 54
171 378 58 67 65
171 185 88 93 93
171 299 27 33 31
171 375 59 67 63
171 268 28 67 29
171 430 80 92 82
185 365 64 73 64
185 151 51 89 73
299 315 34 77 75
299 138 89 95 90
299 167 72 75 72
375 26 46 61 46
375 435 63 92 74
375 1 71 86 74
375 238 92 98 96
375 399 41 91 68
375 88 95 96 96
430 51 33 71 46
272 199 61 74 70
272 181 19 46 40
174 196 25 63 38
174 7 67 100 100
174 192 78 85 78
196 202 10 24 18
196 128 83 96 87
321 41 43 95 43
321 130 11 65 19
321 5 91 99 99
321 141 25 56 30
447 433 54 86 82
231 360 14 56 15
231 221 73 98 79
231 273 65 76 70
231 189 11 45 34
313 51 94 97 96
313 44 20 54 27
178 61 83 95 84
180 387 72 89 89
387 450 27 45 39
360 291 12 98 47
360 308 90 92 90
360 321 58 97 93
184 411 50 67 51
424 342 11 45 12
187 216 30 100 88
187 416 81 82 82
187 83 31 86 63
216 59 40 50 47
216 130 85 93 89
216 18 22 60 36
216 33 84 99 96
189 13 46 99 94
189 147 34 37 36
190 54 47 96 78
190 355 81 90 88
190 74 40 90 53
190 319 38 57 40
190 191 79 90 90
355 122 67 74 73
355 130 62 76 72
355 41 32 85 63
355 162 89 93 92
319 92 15 31 27
319 134 44 84 76
319 280 36 61 50
319 243 20 52 32
319 445 23 56 27
319 409 94 100 96
195 10 35 77 60
195 379 75 80 77
195 288 46 83 61
293 204 79 80 80
198 210 65 91 72
198 257 74 99 91
210 218 46 56 55
210 82 16 17 16
210 3 20 34 31
257 113 29 90 42
257 369 59 92 76
199 109 57 73 64
199 266 72 94 85
199 286 29 63 47
199 364 37 40 39
364 193 18 62 28
333 399 16 61 28
333 337 52 58 56
333 231 67 100 96
333 10 69 70 70
201 134 71 89 86
201 177 81 82 81
204 286 95 98 97
204 301 77 93 85
204 242 16 49 23
204 357 25 55 41
301 313 41 54 42
301 209 13 18 18
301 392 70 77 74
242 415 58 95 87
242 155 61 69 65
242 55 15 32 26
278 12 30 98 94
278 243 77 97 79
278 294 46 100 98
207 166 12 24 22
207 205 39 99 64
218 316 21 34 29
212 363 33 85 68
212 408 14 51 49
212 67 64 92 89
212 314 67 71 68
212 385 80 84 80
212 127 84 87 87
408 166 76 88 85
408 350 25 97 85
408 74 71 93 92
214 213 60 92 81
214 374 37 84 57
374 212 43 68 63
374 43 45 75 72
215 319 13 77 14
220 45 88 95 88
222 211 32 94 87
222 339 41 43 42
223 377 64 88 69
223 189 89 94 92
227 265 21 50 49
227 169 24 91 24
227 237 67 91 75
237 190 64 94 78
237 382 30 76 57
237 180 25 68 55
237 262 94 99 99
228 180 23 83 47
228 374 55 82 82
228 185 34 87 82
233 319 77 79 77
238 157 64 65 64
245 38 17 64 42
245 7 62 66 64
245 325 18 61 24
325 20 65 76 66
325 431 83 87 83
325 367 21 45 25
248 79 57 80 67
248 240 68 72 72
248 320 74 80 80
248 315 60 81 74
320 332 31 94 59
320 360 10 89 51
320 186 53 64 54
320 93 94 96 95
320 374 24 65 56
250 121 41 59 48
250 408 26 93 36
250 286 64 70 66
250 141 54 57 57
250 434 31 54 51
434 100 55 85 65
434 19 45 77 56
434 386 35 95 78
434 80 84 92 85
434 55 47 50 49
434 259 21 63 49
434 367 17 28 18
405 202 81 89 82
405 17 26 28 28
405 86 86 89 87
405 375 84 99 92
405 92 63 94 77
252 62 34 60 37
252 333 44 45 44
252 178 62 77 63
253 409 77 97 87
253 366 71 95 93
409 27 82 98 98
426 255 68 84 70
426 205 58 85 64
426 309 10 95 77
426 354 65 100 66
354 279 60 94 86
260 114 33 74 46
260 11 39 97 86
261 117 10 47 46
261 448 67 92 92
261 392 86 97 87
448 175 63 66 63
448 261 21 64 33
327 423 89 97 96
327 97 21 62 26
327 384 70 99 95
330 118 75 99 83
330 279 49 73 62
303 106 46 59 59
303 181 50 76 65
275 162 21 95 44
275 240 40 66 61
275 211 78 86 85
275 372 95 97 95
279 252 81 97 86
279 160 37 87 67
279 133 79 95 88
279 399 62 72 64
280 48 60 69 66
280 207 31 94 46
280 255 49 55 50
283 187 74 80 78
283 152 83 84 83
284 295 90 95 92
284 322 75 76 75
284 402 10 65 35
295 114 90 95 92
295 136 15 96 30
322 201 39 56 54
402 106 95 96 95
402 147 92 95 93
402 410 85 90 85
453 200 54 84 61
453 53 81 83 83
406 88 12 69 54
406 73 62 77 75
406 391 25 57 57
406 282 72 83 81
406 198 37 56 48
432 244 68 86 72
432 152 34 77 61
432 280 55 99 91
432 116 79 85 80
297 126 60 96 76
300 81 81 91 81
358 4 46 87 86
358 46 87 97 95
309 67 38 65 41
309 154 85 92 87
310 274 34 56 46
310 291 12 54 41
312 180 89 92 92
312 44 84 90 90
332 208 71 84 84
332 338 71 75 73
323 106 54 95 57
346 334 66 67 66
346 58 43 47 43
331 364 88 94 94
331 441 90 92 90
338 329 19 67 49
338 123 41 72 72
338 381 37 66 51
335 319 61 96 94
335 72 59 99 86
335 253 10 51 18
381 81 42 62 58
340 353 94 99 97
340 97 75 89 78
347 28 21 67 42
347 373 73 100 86
373 60 22 25 25
348 155 83 92 91
348 361 77 84 79
348 294 72 76 73
348 58 40 62 42
348 340 84 100 92
348 215 32 35 35
348 92 17 51 51
348 198 33 51 38
368 389 46 77 70
368 232 54 82 69
368 137 59 67 65
368 287 45 89 72
389 276 91 95 91
389 181 60 68 65
389 253 53 79 74
389 232 42 49 44
383 190 30 51 51
386 208 87 89 89
386 98 49 88 88
386 390 51 82 78
386 243 22 74 34
386 181 72 88 84
395 247 52 76 64
421 168 45 89 85
422 350 11 74 70
436 305 20 79 33
436 23 88 93 88
436 125 24 28 25
436 189 55 93 78
0 455
