149 308
0 148 82 85 83
0 120 73 95 79
148 83 76 79 78
148 101 45 72 48
148 113 63 99 84
148 17 49 76 55
120 6 37 86 56
1 147 37 83 65
3 43 90 99 92
43 120 52 99 67
4 69 69 94 94
4 92 42 60 60
4 97 13 15 15
69 108 76 94 80
92 64 90 97 92
92 47 35 80 38
97 127 70 92 77
97 28 71 88 87
5 30 46 59 47
30 106 27 78 71
30 147 88 90 90
6 22 32 78 65
6 61 43 54 51
22 98 65 81 70
22 109 59 75 64
61 9 60 90 80
61 48 72 92 73
8 108 80 96 96
8 37 81 91 86
8 49 50 90 87
108 94 47 53 50
108 132 14 37 15
37 27 82 94 86
37 92 35 57 54
37 123 76 78 77
49 41 21 64 33
9 147 54 85 77
9 78 29 92 87
9 54 79 80 80
78 11 68 79 78
78 20 43 92 52
78 18 33 76 43
78 42 16 56 24
54 129 59 66 61
54 40 81 91 90
10 148 68 93 69
10 133 38 99 53
10 137 73 83 79
133 125 11 61 26
133 134 49 94 58
137 127 42 52 49
137 109 18 61 54
137 22 72 75 74
11 80 85 86 86
11 145 77 100 97
145 29 32 99 58
145 106 84 88 88
145 120 40 43 42
145 126 89 94 94
12 60 34 61 56
12 141 91 94 91
12 140 22 64 24
60 20 59 98 93
60 71 90 97 94
141 122 87 98 95
140 41 94 95 95
140 17 18 87 60
140 28 34 42 40
13 67 16 63 52
13 122 35 72 68
13 3 55 86 60
122 123 38 83 42
122 81 30 82 70
122 146 15 63 22
14 125 84 85 85
14 18 86 90 86
14 78 46 73 69
14 114 80 84 84
14 144 26 31 27
125 75 95 99 96
18 73 22 39 22
18 1 66 100 68
114 125 62 75 68
144 1 93 100 96
15 83 59 65 61
15 114 17 47 43
83 145 91 95 94
83 114 10 87 50
83 50 87 91 89
83 1 22 23 22
83 29 25 98 53
16 113 36 90 41
16 26 32 35 35
16 106 47 90 73
16 39 70 75 72
16 91 27 91 28
113 129 11 18 13
113 67 43 63 55
113 96 21 44 23
26 8 77 85 85
26 40 66 97 81
26 27 82 100 99
106 110 27 45 34
39 132 29 33 30
39 144 24 53 32
91 59 38 50 47
91 12 37 82 64
91 112 80 89 80
91 41 87 99 89
91 135 80 99 82
17 85 14 93 81
17 40 11 45 29
17 31 44 46 46
85 8 94 100 96
85 42 63 66 66
40 27 47 54 50
40 95 78 96 87
31 65 22 89 62
31 80 75 94 93
31 132 18 80 60
31 36 31 66 32
19 38 90 93 91
38 106 87 96 93
20 1 72 85 74
20 140 66 72 69
20 93 83 84 84
20 139 28 89 71
20 87 75 91 91
20 112 95 99 98
93 67 91 100 91
93 115 87 100 87
139 58 51 59 59
87 76 60 97 68
87 131 84 91 91
112 146 85 99 97
21 24 88 90 88
21 75 75 77 76
21 121 31 48 34
21 114 35 87 35
24 130 45 47 46
24 133 51 53 51
24 64 20 98 48
24 12 79 100 97
24 126 75 78 78
24 59 19 20 19
75 23 95 99 99
75 10 43 71 54
75 123 76 83 79
121 96 91 93 93
121 108 35 43 42
121 141 63 81 66
121 93 32 83 71
98 128 69 99 81
98 51 52 71 53
98 101 50 93 85
98 67 16 71 63
109 105 67 98 91
109 131 86 99 99
109 33 83 86 86
109 47 86 94 89
23 143 61 68 66
143 0 24 31 30
143 59 15 18 18
130 144 15 51 21
64 12 51 61 59
126 71 85 92 85
126 144 89 90 89
126 44 90 96 92
59 1 59 82 70
25 41 60 69 69
41 82 34 71 59
27 141 94 95 94
27 31 17 56 34
28 75 83 95 95
29 118 81 83 83
29 102 53 55 53
118 21 38 75 73
118 91 90 97 95
118 100 94 100 98
102 83 28 67 39
65 114 11 41 14
132 134 50 59 51
132 36 69 100 81
36 144 60 83 71
32 103 77 85 78
32 84 17 18 17
103 131 62 77 64
84 99 47 62 52
84 36 51 87 66
33 36 42 77 70
123 41 51 64 59
95 94 81 100 97
95 130 22 92 88
45 114 75 97 77
45 127 68 84 72
127 0 59 92 61
46 135 84 98 84
46 143 36 42 36
46 113 18 68 22
135 121 81 90 81
135 43 62 96 82
47 70 58 77 67
47 56 78 92 78
47 55 87 100 93
47 27 44 51 50
47 45 54 89 84
47 83 41 89 77
70 83 32 77 71
70 72 84 100 91
56 35 59 60 60
56 88 64 100 100
56 86 27 46 30
56 148 50 96 83
55 66 50 78 60
48 19 52 98 94
48 13 65 78 77
48 24 77 100 88
50 83 17 72 69
50 71 61 63 62
71 136 73 100 78
71 13 14 60 52
51 67 13 58 42
52 84 72 76 73
52 132 65 67 67
129 75 37 70 70
129 28 20 84 32
88 38 51 69 59
86 67 55 81 71
86 35 53 75 60
86 111 78 99 83
57 119 27 55 55
119 0 60 67 67
119 61 48 67 64
58 91 33 75 67
58 43 67 93 84
62 44 68 78 75
62 79 77 78 77
62 28 64 94 76
79 54 47 80 47
63 90 72 85 72
63 101 15 81 77
63 14 55 59 58
63 72 39 75 42
90 106 21 43 31
90 145 54 72 67
101 24 64 90 64
72 25 64 73 64
72 24 54 96 58
72 26 81 85 85
72 106 29 51 48
72 92 49 99 51
72 102 75 76 76
68 126 42 91 42
68 69 56 68 65
68 37 15 20 16
68 40 45 81 64
136 117 64 83 72
136 131 42 86 72
136 75 66 92 78
136 102 83 88 84
74 108 64 77 73
74 147 27 99 48
74 146 16 91 72
77 44 70 81 71
77 101 72 95 75
81 138 70 74 71
81 146 52 68 57
81 130 50 70 65
81 100 61 62 61
138 124 58 100 83
99 41 23 76 62
99 65 62 94 94
111 84 62 93 86
111 4 61 84 65
131 95 86 88 88
89 144 39 59 40
89 91 43 95 71
89 97 42 56 55
94 139 74 99 87
94 106 31 71 51
96 18 85 92 86
128 140 12 67 28
128 33 74 76 75
104 86 81 90 86
104 14 92 93 93
105 1 82 99 82
105 62 15 90 60
105 30 80 94 89
110 98 93 95 93
110 5 88 95 88
110 22 54 80 54
110 34 15 33 33
110 95 81 83 83
110 12 12 99 85
107 104 61 77 67
107 109 12 67 37
107 27 89 91 91
107 81 35 73 59
107 74 20 86 65
116 64 29 36 36
116 110 88 98 96
117 121 27 41 38
117 79 77 80 77
117 135 26 83 49
134 135 44 56 48
142 84 44 90 83
142 77 45 86 63
142 3 25 86 41
0 148
