152 527
0 120 29 87 38
0 87 21 37 26
0 130 80 96 96
0 30 87 93 88
120 56 42 57 49
120 94 58 69 64
87 5 31 80 71
130 99 25 44 27
130 55 16 66 30
130 100 24 79 65
130 133 27 68 55
130 117 50 51 50
30 129 22 46 32
1 104 64 94 94
1 145 26 66 42
1 137 71 86 83
1 17 16 83 43
1 106 30 79 42
104 11 91 97 94
104 107 12 15 13
104 63 27 50 47
104 75 50 90 55
145 109 94 100 100
137 22 58 74 69
137 75 12 20 15
137 91 90 99 94
17 149 79 95 80
17 89 51 67 64
17 72 43 88 71
17 66 47 74 64
17 69 90 94 94
106 89 51 90 54
106 37 24 48 48
106 18 92 93 93
106 105 42 99 56
2 99 61 73 66
2 36 26 30 26
99 60 13 31 18
99 143 22 58 45
36 146 77 78 77
36 148 15 90 74
36 56 77 84 77
3 32 55 71 60
3 47 32 57 35
32 23 67 95 81
32 130 80 88 88
32 75 66 77 74
47 26 37 47 44
47 134 54 84 54
47 63 46 97 70
4 57 39 88 85
4 73 81 91 88
4 6 39 91 71
4 41 11 80 61
57 146 17 45 41
57 56 59 83 71
57 111 84 95 91
73 151 14 16 14
73 61 55 69 63
6 65 88 95 95
6 120 93 95 94
6 31 46 59 49
41 110 46 82 81
41 150 14 100 46
41 61 49 66 56
41 18 18 40 24
5 46 93 97 97
5 66 17 27 22
5 96 59 64 64
46 130 27 83 31
46 80 49 70 65
46 1 11 73 26
46 50 52 97 97
66 130 52 97 84
66 13 83 100 92
66 78 18 88 35
96 101 58 71 69
96 49 37 70 65
96 20 23 33 29
65 74 76 97 86
65 136 81 100 100
31 30 55 83 79
31 83 23 75 59
31 14 36 99 66
31 40 80 82 80
31 93 49 97 60
31 37 32 77 44
31 48 68 99 87
31 29 35 38 35
7 3 21 38 29
7 78 77 82 82
7 133 87 94 87
7 105 82 97 90
78 129 44 76 49
133 41 32 62 53
133 8 12 66 16
133 131 91 93 92
133 142 56 93 59
105 141 73 91 75
105 74 12 88 53
8 140 13 30 21
8 34 54 56 55
140 136 28 89 39
140 147 95 100 97
140 115 12 52 32
34 134 22 34 28
34 137 35 96 90
34 78 33 41 38
34 38 24 95 78
9 142 33 36 33
9 127 29 37 33
9 148 21 67 42
9 38 93 98 93
142 68 40 56 47
127 45 14 86 25
127 0 21 94 56
127 62 28 36 36
127 136 43 49 48
127 65 34 75 72
127 53 76 91 90
127 12 41 66 66
148 131 81 99 84
148 68 63 83 67
148 109 77 91 80
148 27 58 100 93
148 13 16 82 39
148 97 74 77 77
38 60 68 97 71
10 47 13 54 39
10 144 70 100 96
10 132 79 85 79
10 110 46 88 55
10 116 24 65 57
144 100 25 30 26
144 48 74 82 74
132 113 69 99 69
132 91 77 81 78
132 0 49 99 87
132 81 11 64 54
132 71 71 97 97
110 115 91 95 91
110 60 55 74 66
116 115 13 18 13
116 20 12 69 63
116 36 75 83 81
12 144 14 97 86
12 87 36 44 41
13 142 25 69 33
13 126 80 85 80
13 55 21 79 38
13 129 86 97 89
13 57 70 96 85
13 100 59 84 73
126 86 43 93 49
126 26 10 73 60
126 134 83 93 87
126 50 15 37 28
126 121 40 58 45
126 70 77 81 81
126 46 92 95 94
55 137 58 92 92
55 66 42 93 47
55 79 72 88 80
55 111 82 84 84
55 146 84 86 86
129 55 78 85 80
129 2 90 96 94
129 143 71 97 96
129 26 26 38 36
100 62 29 67 48
14 23 19 22 20
14 11 94 98 94
14 29 52 93 54
23 111 70 95 73
23 87 82 92 83
29 27 36 62 61
29 10 47 65 57
29 64 32 88 66
29 114 63 89 79
29 78 52 70 61
29 30 72 83 82
29 1 47 75 71
15 62 24 27 27
15 75 24 44 26
15 67 65 100 86
15 63 28 51 33
62 64 64 79 65
62 18 33 79 70
62 150 64 89 74
62 111 74 91 75
75 46 87 94 88
75 18 47 48 47
75 140 24 64 44
75 73 28 34 30
75 100 75 96 82
67 16 37 57 39
67 53 23 83 75
67 64 65 83 72
63 134 12 82 66
63 1 51 53 53
63 99 60 96 84
16 19 70 95 94
16 99 27 48 39
16 66 13 27 21
16 76 68 83 76
16 143 24 70 68
19 100 49 63 59
19 0 21 66 28
19 72 92 98 98
19 113 49 94 78
19 32 57 62 61
76 109 31 99 42
76 110 22 67 45
76 88 17 44 20
143 9 88 95 94
149 46 70 90 90
149 111 80 83 80
149 125 18 45 33
149 6 81 91 87
89 94 13 62 50
89 97 38 77 40
89 61 37 48 44
72 100 82 94 86
72 89 36 70 55
72 88 47 70 63
69 72 36 81 43
69 84 67 72 68
69 90 59 81 73
18 13 36 96 77
18 78 24 99 26
18 93 93 95 93
18 17 85 95 88
93 64 84 94 90
93 66 80 84 82
113 19 20 45 24
113 94 68 97 93
113 77 87 92 91
113 86 59 92 91
113 111 65 70 67
20 116 76 84 81
20 7 87 96 87
20 89 71 93 83
20 91 75 78 76
21 127 59 88 68
21 1 53 86 74
21 68 44 96 53
68 114 48 91 72
68 101 20 30 24
68 96 41 71 43
68 40 66 78 77
22 133 94 96 96
22 58 83 86 84
58 126 23 67 40
58 84 29 63 41
58 38 26 49 42
111 62 39 53 39
111 37 62 82 68
111 136 12 62 15
111 54 59 60 60
24 9 27 86 73
24 67 87 92 92
24 48 57 88 59
24 63 17 91 86
48 124 63 85 73
48 18 21 81 59
48 11 87 90 88
48 107 40 55 48
48 68 92 97 96
25 108 38 45 41
25 17 59 64 64
25 21 51 66 62
25 141 67 77 71
108 87 56 67 60
108 33 52 57 52
141 70 75 88 78
141 57 58 96 91
26 132 80 84 82
26 41 68 96 83
26 63 63 97 80
26 9 91 97 93
26 147 65 84 68
26 144 33 77 35
26 1 65 79 77
147 50 45 87 78
147 137 24 62 28
147 112 34 92 88
147 94 32 70 53
147 6 29 38 31
147 13 61 63 62
147 100 34 54 38
27 134 95 97 96
27 144 76 77 77
27 44 39 99 65
134 127 19 30 20
134 45 39 44 44
134 4 39 85 79
134 50 51 66 55
134 88 24 58 52
134 39 60 64 61
44 82 36 52 43
44 83 74 81 81
44 81 15 35 24
44 146 37 39 39
44 49 94 96 94
44 18 59 86 67
28 8 58 68 59
28 88 41 81 78
28 16 15 71 67
28 96 22 78 55
28 103 41 74 66
28 37 58 64 58
88 52 83 96 95
88 71 54 80 73
103 88 84 92 87
103 146 35 75 37
103 10 45 92 48
103 31 75 93 93
103 149 49 53 52
103 98 11 89 67
103 109 91 93 93
37 47 80 90 89
37 131 25 89 55
37 21 23 24 24
64 73 79 88 84
64 16 61 85 84
64 63 91 94 93
114 143 16 36 25
114 3 66 72 70
114 101 47 57 56
114 8 21 36 30
83 51 13 85 47
83 104 41 53 45
83 33 88 95 90
83 6 75 78 76
40 72 61 97 96
40 107 47 98 70
40 14 89 95 92
40 134 66 69 67
33 75 40 46 43
33 141 16 57 45
33 108 10 54 20
33 59 14 31 16
33 112 75 97 97
33 73 11 55 51
33 140 52 62 55
59 50 38 47 46
59 109 49 91 63
59 67 53 70 65
59 143 80 91 80
59 23 90 100 98
112 45 60 96 74
112 77 35 47 47
35 81 63 79 72
35 114 41 71 69
35 88 59 93 88
81 115 24 41 31
146 50 93 100 97
146 47 71 82 74
146 46 47 62 47
56 47 13 31 24
56 41 78 81 78
131 140 46 89 77
131 21 80 82 80
131 72 78 98 78
131 143 64 91 74
60 34 47 55 47
60 132 53 87 62
60 129 86 88 86
60 96 91 95 91
60 21 69 88 69
60 48 28 54 38
60 105 15 80 66
60 116 59 81 72
39 145 46 95 80
39 104 37 94 69
39 35 35 71 63
107 136 32 43 42
107 18 31 45 43
107 26 29 30 29
107 82 48 94 62
150 22 27 84 42
150 118 55 61 57
150 115 64 73 72
150 97 10 28 21
150 2 50 58 54
61 69 81 88 81
61 101 56 95 80
42 26 59 63 59
42 1 18 80 65
42 60 80 92 86
42 63 87 91 90
42 137 80 88 86
43 92 49 50 49
92 71 66 99 69
92 52 31 81 69
92 2 20 34 31
82 80 41 97 93
82 84 72 77 76
82 125 76 88 81
82 108 55 71 55
49 38 51 72 59
45 69 66 79 70
45 86 60 67 61
45 40 36 52 37
45 10 45 85 45
45 42 89 90 89
86 17 55 67 65
80 122 88 93 93
80 40 31 100 79
80 107 27 40 32
80 112 43 47 46
50 42 54 98 94
50 88 56 96 76
50 114 39 74 59
124 29 45 96 76
124 2 66 98 71
124 38 44 81 51
51 21 66 78 69
51 137 39 85 52
51 149 67 97 85
52 142 42 95 68
52 41 17 56 30
53 32 35 64 53
53 39 32 61 58
53 119 53 75 62
53 9 20 24 23
53 140 26 42 40
119 4 37 70 61
119 58 76 100 84
119 17 21 33 28
54 143 82 83 83
79 129 67 87 70
79 4 23 58 51
79 144 47 90 52
79 10 94 98 97
79 37 52 68 52
84 102 12 62 33
84 3 67 73 69
109 69 44 94 55
109 58 79 84 80
101 23 75 88 81
101 61 10 34 15
101 59 42 45 45
101 63 43 79 71
101 124 95 99 97
74 27 37 84 61
74 117 67 78 74
136 130 12 98 52
136 119 65 94 75
90 3 22 68 48
90 49 59 93 61
90 120 76 100 81
70 128 35 61 52
70 133 64 90 69
70 139 68 79 78
70 28 10 45 45
70 23 39 85 57
128 66 18 96 44
128 34 71 87 80
128 61 64 99 64
139 85 17 98 36
139 13 34 39 36
71 24 41 80 78
71 41 33 54 34
71 31 75 88 76
151 146 36 95 37
151 21 94 97 96
151 55 16 75 49
117 121 31 74 47
117 97 11 85 55
117 23 15 36 34
117 148 14 72 34
117 66 17 64 38
117 108 49 70 64
117 7 34 84 50
117 95 88 95 90
117 144 37 75 67
117 5 60 63 60
117 71 81 100 96
77 0 16 98 83
77 91 11 32 26
77 151 30 66 44
77 57 86 98 98
122 9 84 88 88
122 137 26 40 38
122 148 40 51 49
122 19 31 58 37
115 112 83 89 83
115 83 21 22 21
115 47 13 79 68
125 24 47 48 48
125 15 35 88 74
125 122 60 91 77
102 103 67 80 74
102 111 53 86 77
102 7 27 47 40
85 91 47 98 72
85 40 76 87 81
85 21 68 78 76
94 103 35 37 35
94 110 45 88 84
94 2 43 46 46
97 45 71 92 73
97 91 45 54 51
97 14 15 18 16
97 100 79 84 83
95 77 32 99 69
95 62 70 92 83
95 102 47 88 68
95 133 19 76 26
98 78 75 94 82
121 25 78 81 81
121 146 80 81 80
121 60 44 51 44
118 129 44 86 76
118 18 85 94 88
118 131 74 96 82
123 93 73 88 87
123 11 37 64 38
123 32 47 95 90
135 110 83 87 84
135 1 73 90 80
135 34 73 92 88
135 138 44 97 81
138 150 55 75 62
138 74 79 91 85
138 47 94 98 96
0 151
