56 156
0 20 81 98 92
0 18 92 99 96
0 16 93 95 94
0 31 36 40 37
20 5 28 37 31
20 22 40 79 58
20 52 33 53 40
20 33 66 77 74
18 41 56 84 78
18 53 35 56 39
18 11 13 25 16
18 45 53 85 66
16 22 54 85 66
16 6 59 63 61
16 20 52 96 82
31 12 28 31 31
31 40 11 88 34
31 33 11 93 60
1 40 42 86 64
1 32 56 82 77
1 42 31 85 64
40 22 44 91 90
32 55 61 84 79
42 12 41 66 58
42 4 32 49 36
42 51 57 59 59
42 25 85 100 96
42 55 19 49 26
3 43 86 88 86
4 51 25 81 35
4 33 49 96 80
4 50 10 63 38
51 10 14 34 24
51 12 21 77 42
51 29 46 66 65
33 28 86 95 94
33 12 82 86 85
33 14 69 71 69
50 54 82 87 83
50 15 63 80 70
50 21 72 73 73
5 55 16 62 51
5 7 72 85 77
5 25 40 76 44
5 48 44 90 44
5 17 23 38 38
5 49 20 59 32
5 12 55 69 64
55 2 39 45 43
55 8 62 82 70
7 13 84 95 88
7 18 37 41 37
7 52 10 72 11
25 1 77 82 79
25 49 92 98 97
25 17 87 100 94
48 49 84 89 89
17 40 17 26 21
17 2 90 94 90
17 54 45 85 66
17 51 46 87 80
17 39 35 73 59
49 51 23 47 33
49 7 89 97 97
12 3 79 98 91
12 38 49 64 60
6 4 64 79 68
6 44 57 79 60
6 18 61 90 61
6 31 84 94 87
44 55 84 96 95
44 45 42 74 43
44 12 76 81 78
13 6 55 95 77
52 1 94 97 94
52 34 31 88 85
52 0 82 90 88
8 35 94 98 98
35 2 75 77 76
9 18 19 78 19
9 31 33 99 77
11 20 80 98 97
11 15 92 99 97
15 14 62 76 69
15 49 92 98 98
15 27 57 83 70
38 49 26 80 80
38 52 23 95 61
38 46 41 68 60
38 10 61 67 63
38 47 86 96 96
14 39 44 92 72
14 45 74 85 81
14 55 79 86 86
14 37 57 71 63
39 17 41 59 47
39 50 29 33 31
39 35 10 88 78
39 37 48 67 64
45 38 72 96 96
37 11 29 62 52
37 48 84 92 88
37 28 37 42 42
27 5 22 46 24
27 44 12 68 25
22 54 41 76 44
22 21 77 82 80
54 2 62 65 64
54 17 16 64 54
41 48 28 30 30
41 40 79 89 87
41 43 83 89 85
41 54 93 99 96
53 24 95 96 95
53 6 78 82 82
53 28 75 98 75
19 33 29 31 30
19 9 78 89 79
19 22 79 86 84
19 53 49 53 52
21 24 92 98 92
21 52 78 100 90
21 3 47 55 47
24 15 77 84 80
24 28 59 64 63
24 25 55 81 72
23 14 25 33 32
23 46 69 83 76
23 21 83 89 83
23 43 43 79 70
23 19 39 80 75
46 48 19 33 23
46 22 49 90 86
28 19 45 76 60
28 36 26 83 78
28 20 61 83 65
28 1 46 75 48
28 11 77 97 83
26 38 16 65 42
26 30 18 65 26
26 24 49 58 51
26 16 16 88 23
26 48 49 77 53
36 0 58 72 65
36 25 38 63 56
36 49 22 43 23
36 17 91 99 91
36 28 41 72 43
29 45 45 97 47
29 0 69 82 79
29 42 39 41 40
34 49 56 69 56
47 35 92 93 92
47 54 70 80 72
47 32 41 51 42
47 26 92 94 93
0 55
