677 1090
0 510 60 70 67
0 193 34 47 47
0 172 80 100 99
510 341 31 79 35
510 327 80 95 87
510 414 24 57 57
510 290 41 69 52
510 641 83 96 84
193 58 14 45 15
172 581 18 90 32
1 111 53 95 79
1 360 77 85 77
111 428 20 59 29
111 512 95 98 95
111 515 49 94 91
360 590 22 30 24
360 597 65 81 79
2 71 27 70 60
71 8 47 82 69
3 123 29 75 31
3 546 46 60 53
123 18 74 97 90
123 665 27 91 41
546 124 65 70 69
546 181 91 99 94
546 100 69 76 70
4 265 56 78 60
265 567 20 57 47
6 352 48 58 57
352 669 36 53 48
352 23 31 86 43
352 92 80 97 84
352 140 63 76 72
352 626 12 25 17
7 541 87 88 87
7 164 25 70 50
541 643 74 80 76
541 525 64 65 64
164 458 25 56 37
9 495 83 92 88
495 502 87 89 89
495 40 94 98 98
495 159 56 75 58
495 602 92 99 98
10 598 69 91 74
598 536 93 98 97
11 551 40 91 57
11 638 11 58 52
551 580 15 16 15
638 455 52 87 81
638 188 45 55 51
638 475 58 59 59
12 482 32 42 34
482 161 63 80 78
482 29 77 80 80
482 623 94 97 97
482 383 22 98 27
482 427 91 97 96
14 293 26 58 42
14 210 64 84 64
293 547 28 52 38
293 62 53 67 56
210 621 24 79 35
210 585 44 86 48
210 581 76 93 78
15 314 95 98 96
15 519 61 68 64
15 415 51 59 54
314 620 89 97 92
314 580 51 72 71
314 308 43 94 67
519 478 22 38 32
415 546 63 68 63
16 558 24 81 78
16 353 48 96 76
16 507 75 99 86
558 555 74 100 97
353 298 29 35 32
19 336 40 57 55
19 91 94 99 99
19 655 74 81 80
336 335 29 78 38
91 636 93 99 99
655 436 53 95 78
655 151 63 65 64
655 531 17 47 28
655 220 78 83 81
20 670 65 95 73
670 331 62 83 81
21 505 10 93 80
21 434 88 100 89
434 235 17 68 20
434 486 57 77 73
22 648 65 86 78
22 30 64 68 68
30 327 20 63 29
23 510 63 82 81
23 29 21 91 80
29 26 37 83 43
25 319 92 100 93
25 499 28 39 36
25 393 50 70 69
25 218 34 63 52
319 541 42 57 46
319 509 61 76 62
319 544 84 85 85
319 335 43 68 44
319 434 52 54 53
499 175 63 69 68
393 228 54 69 68
393 313 31 39 31
393 478 27 28 27
393 90 62 75 65
218 323 41 84 66
218 506 91 96 95
218 606 20 79 60
218 549 46 47 46
218 39 64 74 69
218 157 44 56 44
218 271 22 54 52
26 22 88 95 94
26 128 24 71 36
128 393 94 95 95
128 89 72 95 90
27 407 94 96 94
407 176 79 97 87
28 356 61 79 69
327 307 49 81 67
327 24 24 35 35
327 386 47 52 49
31 72 83 89 84
31 449 82 98 96
72 369 27 43 41
72 464 60 99 92
449 416 63 80 80
449 354 63 78 67
32 633 25 57 26
32 466 77 95 87
633 493 17 87 52
633 616 20 51 21
466 529 58 72 63
466 426 12 57 55
33 472 50 76 55
33 439 19 98 64
33 245 79 96 79
472 577 44 83 63
439 321 40 85 40
439 538 44 59 44
439 592 39 95 46
245 37 93 96 96
34 341 64 90 80
34 598 58 88 81
341 345 87 95 94
341 212 56 94 86
341 374 21 77 33
341 429 88 98 93
35 671 26 85 70
35 672 70 100 77
671 461 31 51 33
672 351 52 60 52
672 59 80 92 85
36 646 41 66 64
36 235 69 96 84
646 524 31 42 42
235 382 52 75 62
37 383 91 97 96
37 153 40 64 61
37 183 82 99 86
383 231 70 77 70
383 140 29 39 35
383 582 28 83 70
153 344 32 42 36
153 399 64 73 71
183 198 82 98 82
183 245 13 98 49
38 628 33 80 45
38 235 62 83 80
38 572 19 96 55
39 67 39 61 48
67 292 70 97 76
67 380 34 71 68
40 331 70 96 74
41 485 26 51 39
485 218 60 93 72
485 387 44 72 58
42 252 57 67 63
42 309 48 85 76
252 615 36 90 63
252 215 71 89 83
309 547 15 47 30
43 83 56 72 56
44 644 21 96 28
44 78 24 96 34
44 666 43 85 49
78 158 24 94 43
666 487 36 84 55
666 325 47 90 62
666 400 33 84 37
45 623 92 100 96
45 551 42 47 46
45 296 50 66 58
45 330 84 88 87
623 115 72 86 80
623 262 43 85 57
296 559 78 100 78
296 538 91 98 96
296 10 16 80 57
296 168 42 59 49
330 665 87 92 92
330 262 50 93 63
46 48 17 67 44
46 588 19 22 22
48 215 66 73 67
47 306 30 33 33
47 174 67 92 73
47 328 91 96 91
47 654 29 77 49
47 426 58 82 64
47 320 34 99 75
306 107 23 85 76
306 225 52 71 56
174 208 29 63 38
174 258 20 57 42
328 286 87 93 89
654 499 59 85 69
320 537 90 100 97
320 421 53 73 59
215 511 63 80 67
49 313 81 94 94
49 622 32 81 69
49 126 40 79 71
313 312 45 55 48
313 443 67 74 69
313 69 47 71 52
622 582 93 96 96
622 365 81 92 87
126 330 46 48 48
126 167 47 53 50
50 646 91 97 94
50 138 76 81 81
50 8 54 68 57
50 522 53 64 60
138 646 16 69 42
138 416 41 80 51
522 363 75 78 77
522 488 89 96 89
53 373 67 93 69
53 479 71 73 71
373 130 15 52 26
373 242 88 94 94
479 90 37 59 57
54 233 42 68 42
233 629 17 38 17
233 657 38 49 42
55 589 51 84 60
55 332 44 98 54
55 135 43 95 69
55 241 83 98 95
332 629 82 93 87
332 227 76 80 78
135 229 17 74 46
135 638 60 68 60
135 596 94 98 97
135 63 18 81 45
241 153 74 99 92
56 385 15 33 24
57 273 67 79 70
57 568 58 83 80
273 661 44 60 46
273 65 90 94 91
273 379 64 78 77
273 595 55 69 69
568 354 46 56 48
568 177 94 99 96
59 347 71 88 82
59 146 33 59 59
59 500 53 88 79
347 198 86 95 86
347 489 14 59 29
347 108 14 87 51
500 666 42 92 82
500 363 62 97 74
60 241 41 44 41
60 631 53 77 71
60 368 29 51 37
631 290 25 99 64
631 218 81 97 83
631 297 34 36 35
368 314 38 95 70
62 543 51 69 60
63 514 84 86 86
63 133 55 70 66
63 96 81 92 92
514 142 65 94 69
133 40 39 70 49
96 46 70 88 86
96 166 40 91 71
64 601 56 76 70
64 50 54 78 74
64 167 20 58 35
601 625 58 66 63
601 613 66 70 68
601 510 73 99 86
167 510 73 89 80
65 214 21 71 49
214 628 85 98 85
214 59 84 99 94
214 568 28 30 29
66 0 72 81 74
292 237 84 92 90
292 96 81 96 95
380 2 39 73 63
380 107 34 42 34
380 585 75 90 81
68 624 43 80 67
68 612 38 53 46
612 529 86 94 94
612 313 68 73 69
69 553 18 19 19
553 640 59 91 59
369 339 93 94 94
76 289 13 62 55
76 496 76 98 95
76 499 10 54 45
76 336 70 90 75
76 418 74 75 74
77 441 93 98 98
441 229 22 70 65
158 33 88 90 89
82 405 23 76 53
82 20 76 100 79
405 312 47 98 79
84 499 43 78 68
85 428 35 91 71
86 608 76 80 76
86 662 73 74 73
608 647 12 80 32
608 537 30 81 73
662 297 12 21 12
88 544 46 92 86
89 196 59 61 61
89 241 45 76 47
196 321 18 100 87
196 300 26 46 39
90 541 86 93 86
636 397 71 72 72
636 511 20 57 51
92 495 83 85 83
92 142 17 67 60
142 234 17 67 51
93 282 16 30 22
93 263 17 90 58
282 330 87 90 90
282 176 43 50 45
282 195 95 97 97
282 384 22 73 37
263 508 79 80 80
263 89 50 66 58
263 240 57 92 67
263 98 24 92 91
94 158 20 43 21
94 605 19 47 22
94 452 91 97 94
94 499 50 62 56
605 595 42 85 71
605 461 37 50 49
95 384 86 95 91
384 380 26 86 74
384 127 67 79 67
384 407 16 56 42
166 93 27 89 28
166 129 31 85 65
166 33 66 84 76
98 616 10 57 25
616 351 22 89 42
616 149 13 74 30
99 178 74 76 74
99 483 10 45 12
99 578 77 98 77
178 567 61 94 92
178 383 35 69 43
578 321 31 81 78
103 26 28 75 39
103 51 62 84 70
103 217 81 97 83
103 524 50 77 74
524 41 58 81 76
524 249 74 75 74
524 120 19 48 21
104 217 65 78 76
104 272 35 42 37
104 308 82 97 89
272 600 68 92 72
308 444 82 91 87
106 130 63 93 89
106 276 77 96 81
130 442 14 31 24
130 607 91 94 92
276 545 44 89 87
276 559 52 98 67
107 161 92 98 92
107 634 35 42 38
161 254 90 98 95
161 627 29 39 29
634 41 38 83 54
634 361 19 51 21
108 65 22 47 31
109 434 73 97 76
512 665 34 39 37
515 231 10 56 53
515 668 84 95 87
515 327 90 92 91
112 574 13 66 23
112 390 18 40 22
112 548 47 93 93
112 480 13 32 30
112 100 61 63 61
574 522 78 95 82
574 563 70 94 94
574 194 23 61 51
390 355 15 27 20
480 228 23 29 29
480 64 68 86 82
113 292 56 62 62
115 592 45 80 74
116 365 32 49 38
117 536 10 22 18
536 118 14 71 65
536 21 29 45 42
118 269 66 95 92
118 601 60 97 72
118 362 89 92 91
118 189 45 85 69
269 192 86 90 88
269 292 67 70 68
269 605 90 95 91
269 71 62 93 66
362 198 28 57 41
362 84 22 86 25
362 528 20 50 32
189 351 64 79 78
189 538 16 30 17
189 660 39 65 42
119 161 65 68 66
119 98 47 89 48
120 237 55 84 72
120 610 59 78 73
120 10 65 80 79
237 494 55 79 62
122 156 44 53 47
122 52 65 92 74
156 326 74 100 97
665 593 11 54 23
665 285 53 54 54
124 258 27 66 41
124 229 23 95 23
124 538 18 39 39
258 466 61 87 74
229 653 26 98 31
538 444 13 26 14
127 670 60 68 63
127 71 11 39 19
442 274 81 93 84
132 224 70 97 88
224 626 19 70 57
224 408 31 47 44
134 91 95 96 96
134 409 66 67 67
134 416 40 75 43
134 269 58 95 82
409 558 47 91 73
409 434 41 67 62
409 60 61 75 66
596 508 38 70 42
137 305 54 70 67
305 53 64 75 75
305 376 71 99 93
305 511 56 85 76
305 84 74 77 76
140 90 22 26 26
141 673 95 100 98
141 180 63 81 66
673 358 94 95 95
673 73 64 98 84
234 238 45 57 46
147 389 21 52 30
147 517 65 85 70
147 137 24 32 25
389 563 23 50 35
148 378 40 56 45
148 658 90 94 91
148 0 46 69 64
378 164 71 75 71
378 104 91 98 97
378 572 35 42 35
658 103 43 59 52
149 420 43 67 59
149 661 71 91 83
149 507 45 98 69
149 156 73 87 79
420 566 93 100 96
150 377 34 63 43
377 540 45 75 53
377 309 29 62 44
151 515 14 75 60
151 108 56 87 84
152 194 93 97 93
152 297 20 49 23
152 64 63 75 65
194 213 22 32 22
194 47 50 88 58
297 181 17 33 27
297 280 77 84 79
297 139 24 28 25
344 312 39 63 48
344 226 34 89 38
344 603 67 87 67
344 632 63 85 70
344 154 70 88 75
344 443 46 87 65
344 487 79 82 81
399 606 72 77 75
154 203 76 85 79
154 210 75 90 78
326 615 85 88 87
326 564 17 69 36
157 598 27 91 41
160 435 24 26 24
435 591 92 96 93
254 674 18 100 88
254 509 42 75 53
254 575 84 92 87
627 51 83 88 84
627 605 33 97 74
627 141 18 97 78
162 63 25 95 61
162 235 77 84 79
162 94 50 52 51
163 460 24 74 67
163 365 53 90 57
163 195 14 64 62
163 297 86 93 91
195 53 39 97 41
458 136 75 79 76
458 637 11 16 12
165 521 49 76 54
165 209 58 77 65
521 305 41 71 69
521 234 27 76 65
168 388 71 92 86
168 642 69 77 70
388 390 45 53 53
388 332 82 91 88
642 314 81 96 92
169 213 92 94 92
169 247 89 99 95
247 632 83 99 85
247 551 87 97 88
170 125 46 74 52
170 361 13 67 18
361 261 63 89 70
171 501 28 56 52
501 676 42 88 49
581 62 67 80 69
173 321 15 18 16
321 271 30 42 36
321 172 39 90 56
321 267 93 94 94
321 107 38 67 49
208 282 88 100 99
176 539 40 82 68
176 363 29 57 39
539 542 83 86 86
539 226 35 86 66
363 153 66 92 78
363 487 18 32 25
567 276 52 57 52
179 373 17 58 22
179 208 79 88 85
179 102 77 94 83
181 544 89 91 90
181 48 56 68 67
181 26 85 90 88
181 78 86 94 92
181 560 50 90 84
181 129 46 54 49
182 92 13 97 79
198 597 22 90 72
198 464 46 48 48
185 612 64 91 72
186 199 16 92 20
199 181 44 50 44
199 610 75 97 84
187 640 46 73 51
187 407 26 40 28
640 289 89 97 91
188 20 73 83 74
188 372 30 36 31
372 184 95 100 100
372 182 33 68 49
372 314 44 96 88
351 638 81 91 84
351 116 92 93 92
351 4 41 82 61
351 316 63 89 77
660 100 40 65 42
660 460 42 97 70
660 595 65 99 68
190 69 58 76 61
190 506 67 84 81
190 61 84 98 87
506 306 69 78 78
191 208 91 93 93
192 580 86 90 88
192 324 29 96 78
580 552 33 85 54
580 636 88 90 88
580 570 94 98 95
324 538 84 87 85
324 289 80 84 82
300 156 80 88 80
300 152 21 84 50
597 61 52 73 55
597 73 82 83 83
597 21 25 90 48
200 108 66 92 74
200 136 92 94 94
201 57 10 88 77
201 416 47 86 71
201 624 60 61 60
204 554 26 93 88
554 477 21 65 41
554 252 66 87 80
205 440 91 95 95
206 285 94 97 96
285 670 39 70 45
285 92 39 68 45
207 598 70 91 85
207 383 86 97 92
207 46 32 95 87
207 605 16 55 21
211 532 76 79 79
211 437 29 39 39
532 349 12 58 52
532 18 81 88 85
216 312 80 96 95
216 499 13 69 63
312 126 82 95 94
312 105 49 55 55
323 320 23 97 39
323 581 31 61 33
323 456 56 88 80
323 529 92 98 96
606 207 39 41 39
549 646 15 23 21
549 386 88 94 89
271 227 31 47 36
219 500 16 32 31
219 567 82 97 96
219 560 52 65 55
219 15 13 36 16
220 569 30 49 40
221 470 78 93 92
470 264 45 69 57
470 210 17 72 70
223 588 81 84 84
626 127 37 94 85
626 26 67 96 76
408 547 80 81 80
225 671 22 94 92
225 402 11 48 20
225 672 20 75 62
402 564 24 28 28
227 655 21 36 35
653 94 39 83 39
653 96 12 24 20
230 100 34 61 54
230 561 90 92 90
561 79 43 57 44
561 105 32 86 34
231 629 40 61 47
231 476 57 89 67
231 262 77 100 81
629 147 56 82 80
476 21 56 86 61
476 129 12 25 18
476 588 57 97 92
262 192 27 34 33
232 311 84 97 86
232 587 38 79 49
311 439 82 93 85
311 258 57 86 61
587 67 78 86 80
238 271 40 56 56
238 262 17 29 28
238 438 49 99 59
382 486 57 59 57
382 329 39 77 46
236 167 17 55 49
494 150 45 99 95
494 109 23 62 35
239 475 19 59 39
239 38 33 85 74
475 558 34 74 71
475 663 30 74 70
475 401 24 59 28
240 200 86 92 86
240 469 35 100 47
240 437 11 83 27
469 343 18 92 63
469 178 78 96 82
243 116 71 90 79
244 242 82 86 82
246 555 10 27 13
246 655 39 69 39
246 451 64 84 84
555 246 18 26 19
555 339 85 92 92
632 676 30 36 36
632 518 75 88 88
248 570 25 37 30
248 664 72 100 91
248 40 68 80 75
248 121 42 79 45
570 85 85 100 96
570 598 34 44 35
664 560 58 99 70
249 568 24 83 24
250 122 35 62 51
251 118 79 97 90
251 157 30 32 32
251 331 46 54 54
615 319 78 92 91
674 632 72 83 74
674 376 28 98 28
509 317 43 62 57
509 184 91 92 91
575 391 49 74 58
255 20 75 90 78
255 337 49 51 51
255 601 20 47 42
337 175 92 96 95
256 607 94 97 96
257 369 46 58 54
257 466 54 80 57
259 673 88 90 88
508 284 66 77 73
264 638 40 90 73
264 413 53 71 54
264 254 81 93 85
264 273 11 22 21
413 58 60 74 68
266 211 40 72 40
268 101 86 90 90
268 244 43 49 45
270 314 49 59 59
270 13 93 98 95
270 610 94 100 99
379 220 67 71 70
595 301 69 88 87
595 377 32 57 52
595 66 50 51 50
274 608 74 83 81
275 294 62 82 72
275 203 56 59 59
275 246 23 46 41
275 344 31 89 81
559 396 46 81 57
277 295 88 89 88
277 424 56 82 82
424 344 30 79 74
278 564 57 89 66
564 637 49 75 65
564 31 94 96 94
279 650 76 95 93
650 193 34 64 54
650 136 60 66 61
280 430 64 76 64
280 570 93 95 94
430 57 68 72 69
281 301 43 49 49
281 516 94 95 94
301 273 55 66 63
301 32 64 87 84
301 347 33 54 37
516 404 46 79 78
516 8 46 89 71
284 31 31 81 40
284 470 48 83 56
284 29 13 21 19
284 668 55 82 75
286 309 82 91 85
288 113 50 55 55
288 335 38 80 77
288 450 68 83 70
335 90 63 83 67
450 416 31 46 35
450 455 44 77 57
450 155 28 70 63
290 25 46 81 66
290 589 38 61 48
290 385 45 97 65
290 322 72 97 82
290 574 64 65 64
322 470 88 94 90
322 627 91 92 92
291 15 31 97 72
291 212 45 100 70
547 214 29 78 68
298 496 52 97 75
298 260 75 89 81
299 490 80 94 88
299 140 55 56 56
490 215 70 90 75
302 397 36 60 39
302 47 88 99 94
397 418 52 84 69
303 212 67 94 85
303 402 19 29 25
304 252 65 90 69
376 313 28 64 62
376 148 84 95 87
376 565 85 87 87
307 140 61 74 67
307 510 52 54 52
444 529 62 82 75
444 49 31 38 32
444 460 92 95 93
443 529 21 85 83
620 539 38 93 57
620 503 60 64 63
315 141 29 47 47
316 495 45 79 47
316 449 58 63 59
316 301 22 32 31
316 384 20 65 22
316 161 37 77 55
317 224 53 75 69
317 108 66 67 67
537 651 71 82 78
456 672 41 87 77
456 188 15 18 16
325 335 36 93 88
325 81 74 97 97
386 479 79 82 79
333 61 16 84 24
333 381 77 98 83
333 235 21 34 23
381 524 26 38 36
381 570 10 52 23
339 42 69 75 73
339 437 64 100 69
340 459 47 60 60
345 315 52 93 74
345 590 10 44 21
345 231 45 94 47
345 337 95 97 95
374 413 69 78 76
374 261 88 95 93
374 352 76 97 94
374 236 53 70 68
429 501 50 88 67
342 239 53 65 65
343 10 92 95 93
343 386 79 96 88
603 520 72 94 78
346 451 57 99 82
346 217 92 93 92
489 325 14 69 37
489 573 39 91 81
348 414 67 94 71
414 611 32 71 36
414 595 32 53 40
414 462 63 98 66
414 129 89 95 94
349 617 12 30 29
349 52 32 69 68
349 506 13 87 31
617 575 47 54 47
617 345 85 97 87
617 342 26 47 29
617 481 65 74 66
350 223 10 95 22
350 603 65 78 67
354 143 18 79 37
357 120 65 78 68
358 225 89 96 92
358 558 79 86 81
359 131 73 85 80
359 9 87 96 92
528 185 18 97 43
528 587 91 93 91
364 501 43 64 56
367 646 32 40 33
370 120 65 89 70
371 304 44 86 63
375 573 66 96 94
375 39 69 100 81
573 561 41 98 91
565 109 90 93 91
565 625 61 76 74
540 55 52 94 83
540 334 44 63 62
486 74 29 56 33
582 492 42 67 64
387 431 61 89 80
387 625 32 41 35
431 315 55 93 67
625 602 52 96 73
625 141 95 100 96
563 251 40 85 57
563 248 48 87 63
391 459 73 75 74
391 224 72 100 99
391 113 26 66 42
391 253 14 81 42
478 528 18 64 21
478 59 10 97 60
478 310 80 98 88
394 498 35 43 39
394 148 58 64 61
395 612 14 58 48
395 389 46 96 81
396 223 16 96 48
400 237 58 81 73
400 33 68 99 89
400 38 11 40 17
404 230 82 100 96
404 261 53 55 53
406 362 50 73 62
410 117 79 87 85
412 100 23 82 28
412 160 84 97 97
417 393 29 33 32
417 421 47 54 47
417 298 24 99 83
423 103 26 97 31
423 552 25 100 49
423 269 86 98 90
552 485 74 90 84
552 247 40 84 83
425 114 37 49 47
425 228 10 22 22
425 50 41 48 41
427 622 61 82 73
433 250 56 74 64
433 134 73 79 76
433 234 92 94 92
591 656 24 99 47
591 144 31 69 50
591 274 57 63 59
591 602 29 69 46
436 223 76 95 88
445 388 19 70 66
445 322 53 77 71
445 215 68 78 73
445 128 74 100 75
446 437 78 84 83
447 37 62 80 65
448 244 31 93 49
453 567 20 29 25
637 415 27 68 33
637 506 30 71 45
637 306 21 78 29
637 320 43 75 47
461 675 14 78 75
461 490 58 61 60
461 334 85 97 87
461 64 58 95 60
675 369 21 84 48
675 334 87 96 95
675 353 28 39 33
675 577 58 84 83
675 264 24 97 57
675 65 41 83 63
463 302 45 66 59
465 38 49 67 60
465 258 32 40 39
465 267 49 77 74
467 106 20 62 59
467 36 83 96 86
468 380 30 55 34
468 225 25 97 29
471 210 77 100 94
471 580 42 74 74
577 552 18 73 19
577 155 16 76 67
577 662 11 84 66
577 384 22 89 48
473 306 24 60 35
473 608 34 38 34
473 36 11 45 45
473 674 73 78 78
473 327 92 98 94
473 386 30 62 62
474 10 55 83 79
663 233 57 83 58
663 545 35 98 62
663 374 80 81 81
663 546 49 58 49
477 585 57 85 71
477 82 43 79 44
484 57 39 56 52
488 503 10 51 12
488 642 41 53 51
503 153 10 53 40
493 113 88 91 90
502 210 51 74 60
502 410 15 93 53
602 12 89 98 89
602 548 32 37 37
497 520 82 83 83
520 569 92 99 95
520 272 40 87 75
520 33 80 91 85
676 148 10 36 11
676 179 95 98 98
504 545 56 83 60
504 372 66 77 67
504 672 63 82 79
641 259 88 99 88
641 675 61 73 71
513 627 61 86 70
513 147 64 93 67
518 90 39 80 64
525 408 35 75 44
525 256 59 70 63
526 190 66 93 83
526 622 31 76 42
527 430 85 89 88
530 453 32 96 63
531 492 60 84 74
531 560 88 100 93
533 420 41 92 42
533 515 20 41 27
534 309 46 98 55
534 438 12 24 18
534 400 28 53 52
535 189 66 86 80
535 224 24 67 32
651 241 88 98 90
651 267 45 59 56
542 119 55 85 79
643 383 77 88 87
643 429 74 90 74
550 331 83 97 90
550 520 49 93 93
550 547 39 57 55
557 361 51 62 56
557 366 61 67 62
557 17 57 74 57
562 103 86 93 86
579 333 11 87 86
579 228 91 94 92
579 144 20 89 44
584 384 87 89 87
584 239 19 70 23
586 305 43 46 43
656 151 84 90 84
656 285 65 69 69
593 12 90 95 91
594 382 44 98 45
594 123 83 99 85
613 335 36 81 65
613 644 54 99 93
613 650 72 93 79
613 171 70 89 81
604 560 60 92 67
604 204 63 86 78
647 392 71 98 71
647 440 21 56 33
609 415 11 34 25
609 215 91 92 91
609 163 83 87 87
614 374 50 65 63
618 393 42 74 58
618 663 94 99 98
619 150 31 39 32
619 565 60 83 79
630 542 51 56 56
635 172 20 64 40
635 262 22 63 22
635 295 15 97 68
649 324 73 96 88
649 385 84 87 87
652 449 81 97 86
652 175 15 64 55
659 99 66 95 83
659 534 81 91 90
667 270 57 79 76
0 676
