55 160
0 25 39 92 83
0 8 24 50 30
25 42 91 97 96
25 8 31 70 43
25 6 85 98 91
25 49 50 52 52
25 46 56 78 68
8 27 95 96 96
8 12 44 61 55
1 23 56 77 62
1 22 34 45 37
1 2 16 100 70
23 5 38 52 43
23 21 10 54 16
22 38 31 55 52
22 23 27 64 46
22 42 61 81 65
2 5 48 63 53
5 15 10 19 15
5 39 73 90 90
3 48 26 33 26
3 47 42 94 48
48 18 90 92 90
48 33 79 99 94
47 44 32 75 42
47 26 61 92 87
47 51 63 75 63
4 41 11 40 40
4 1 86 98 90
41 22 92 97 92
41 26 64 70 67
41 33 30 97 65
41 28 77 100 93
39 33 93 95 95
39 30 38 62 48
39 45 11 41 17
6 54 12 33 29
6 45 89 91 91
6 47 86 90 86
6 53 70 96 85
6 36 36 65 48
6 11 44 75 62
54 9 29 97 41
54 50 74 78 75
54 39 82 93 92
45 46 28 97 79
45 43 31 82 71
45 25 27 86 28
45 3 19 40 28
53 48 16 37 34
36 4 86 98 92
36 34 44 61 46
36 1 47 89 86
11 4 25 66 54
11 31 49 52 52
11 6 42 80 47
11 19 75 76 75
7 48 37 57 40
7 49 11 75 50
7 33 56 65 64
49 52 93 97 93
33 29 16 34 16
33 30 76 94 85
33 4 25 28 26
33 28 55 57 55
27 31 78 89 85
27 54 90 100 98
27 21 87 98 94
27 53 43 76 61
27 44 16 98 24
27 50 70 82 78
12 18 95 100 97
12 38 17 76 20
12 17 59 61 59
12 41 34 35 34
9 42 10 73 28
9 18 58 85 59
42 6 51 94 73
42 11 35 97 73
42 43 36 47 42
42 32 15 36 16
42 15 49 58 55
42 38 43 62 49
18 34 69 84 80
18 45 13 90 67
10 52 52 60 60
10 30 19 92 49
52 11 58 68 64
30 7 90 97 95
31 9 25 39 26
31 8 39 60 50
31 48 37 51 48
19 18 80 87 80
19 46 51 59 51
38 29 10 43 38
38 40 60 65 64
38 35 24 94 46
38 18 66 71 67
17 50 85 96 86
17 42 25 43 33
17 49 11 20 12
13 7 48 65 56
14 25 90 92 91
16 20 91 93 92
16 32 11 33 18
20 42 21 69 30
32 18 87 94 91
32 46 36 91 77
32 37 18 99 87
32 28 94 97 96
32 13 26 50 39
32 51 24 61 56
34 42 69 89 70
46 28 21 94 81
46 32 84 95 92
46 34 12 71 29
21 37 40 85 83
21 34 29 44 40
21 29 74 100 100
37 25 36 74 62
37 28 43 64 55
37 21 23 99 99
29 1 90 94 91
29 48 65 82 81
29 7 91 98 93
29 24 62 86 70
24 22 24 69 38
24 54 69 90 79
24 15 25 53 29
24 51 27 89 58
24 46 82 88 87
24 39 87 96 96
24 25 70 73 71
51 14 28 93 60
51 50 73 75 74
51 19 74 80 74
51 0 32 43 32
51 37 32 38 38
51 47 71 80 78
26 4 67 96 88
26 39 88 89 89
26 2 89 97 94
44 9 95 98 98
44 50 85 100 94
44 36 87 93 90
44 20 63 79 68
44 31 50 66 66
28 29 47 53 51
28 5 67 100 83
28 13 32 94 36
35 13 79 86 85
35 20 39 100 82
35 5 92 97 97
35 27 70 71 71
43 39 61 68 68
43 24 42 48 42
43 22 42 90 46
43 15 12 58 56
43 46 51 66 56
43 19 64 67 64
0 54
