39 94
0 9 45 72 46
0 5 74 75 75
0 7 93 98 97
9 27 92 93 93
9 34 32 68 32
5 24 41 61 53
5 37 24 38 31
5 29 70 79 79
7 9 77 93 86
7 3 63 99 68
7 14 55 83 80
1 6 14 83 24
1 12 93 100 99
1 10 14 78 55
1 2 84 94 88
1 23 75 77 75
1 34 23 56 27
6 7 11 89 66
6 17 67 69 69
12 0 34 86 38
12 29 28 42 32
10 7 20 98 70
2 12 33 51 36
23 6 82 100 95
34 13 10 14 11
34 21 15 48 27
3 30 89 96 94
3 26 56 91 56
3 33 26 52 52
3 2 93 99 97
30 31 93 100 100
26 13 32 51 39
26 29 27 53 40
26 20 91 99 92
33 11 61 97 74
33 31 30 70 55
33 34 94 96 96
33 20 57 82 57
33 2 55 68 67
4 38 24 34 27
38 14 83 93 92
38 34 73 79 74
38 36 20 44 33
38 8 64 80 74
37 21 35 84 55
37 30 75 99 96
37 8 62 78 73
37 7 21 91 66
37 2 65 75 72
29 17 44 89 69
29 10 82 97 95
29 9 90 93 92
29 18 91 92 92
29 26 95 100 98
29 6 67 79 73
17 33 85 98 90
14 35 55 97 56
8 28 77 80 79
28 36 31 35 35
27 31 75 83 75
27 14 93 98 98
27 6 28 45 37
11 16 18 27 19
11 10 10 50 42
11 32 82 98 91
11 18 45 83 66
16 25 23 84 66
16 8 73 92 82
32 19 66 100 82
32 22 23 51 34
32 20 82 92 90
18 30 62 64 63
18 9 11 44 15
18 28 28 37 32
13 35 30 39 34
13 12 56 91 67
35 34 42 60 44
35 30 13 91 90
35 18 53 70 69
15 9 48 94 69
15 21 10 80 70
15 33 13 59 25
21 20 24 66 46
21 23 76 95 91
19 25 93 96 94
19 2 78 92 90
20 22 55 70 69
22 33 67 86 76
22 38 94 99 97
31 38 69 76 76
31 14 43 98 68
36 25 32 67 38
36 7 22 52 40
36 13 95 100 99
0 38
