959 1484
0 139 42 64 62
0 8 81 92 91
139 518 16 77 62
139 245 65 88 76
139 141 34 48 37
8 641 49 86 79
1 474 93 100 99
2 724 83 92 91
724 128 85 96 96
724 877 86 90 89
3 647 67 75 72
3 518 67 100 74
647 631 56 97 85
647 4 44 56 55
518 269 24 27 26
518 845 65 91 72
518 145 59 87 81
4 384 72 85 74
384 213 57 97 88
5 721 47 53 52
721 570 64 69 68
7 514 72 88 74
7 905 62 68 62
514 547 71 89 76
514 858 82 91 88
514 570 36 60 47
9 372 62 69 65
372 687 30 83 49
372 24 55 72 57
10 114 36 53 51
114 148 13 56 37
12 348 93 97 95
348 450 35 51 46
348 754 57 58 57
13 297 79 84 82
13 114 71 87 87
13 430 77 93 82
297 296 91 96 91
297 635 93 99 93
430 47 35 36 36
430 413 18 44 27
430 883 70 86 76
14 463 74 83 78
14 524 37 65 51
14 760 22 90 45
14 790 67 83 82
463 886 22 27 23
524 715 89 100 89
760 523 30 71 71
760 603 43 58 54
760 176 44 65 64
760 393 80 87 82
760 478 30 80 62
790 85 26 35 29
15 545 12 60 50
15 165 39 71 45
545 108 29 46 33
545 310 73 74 74
545 104 15 31 16
16 55 58 100 77
16 683 51 100 98
16 488 28 96 79
16 287 81 85 85
683 694 37 60 50
488 298 60 78 61
18 927 46 98 46
19 283 81 91 84
19 443 78 98 91
283 64 31 46 42
283 642 43 77 51
283 145 92 100 100
443 756 85 96 87
443 112 71 86 81
443 802 59 91 69
443 559 30 56 40
20 674 40 46 40
21 549 12 98 71
549 436 79 92 83
22 728 59 70 61
23 578 41 54 44
23 271 10 98 22
24 765 13 22 22
24 377 59 95 80
24 733 87 88 88
24 435 91 95 93
377 929 36 68 36
733 865 13 85 22
733 97 57 67 58
435 678 61 80 64
435 182 82 94 91
435 824 55 89 57
435 460 69 97 75
25 566 14 16 16
25 870 85 93 86
566 355 93 99 99
566 778 15 25 25
566 651 16 97 50
870 558 74 81 74
870 315 11 34 29
26 601 15 75 32
26 501 78 79 79
601 328 59 82 74
601 230 59 60 59
601 82 47 75 67
27 4 37 44 39
27 769 15 80 64
27 856 70 79 74
27 14 53 55 55
769 115 54 87 84
769 583 20 71 34
856 213 26 68 52
28 372 38 65 60
30 422 89 100 95
30 703 19 24 24
30 882 63 82 65
422 381 24 33 32
703 533 21 48 36
703 170 81 91 84
703 348 69 74 69
703 749 84 98 84
703 838 31 75 75
703 936 51 86 65
882 242 32 62 36
882 515 36 91 39
32 211 83 98 98
211 373 65 94 68
211 178 49 64 63
211 269 67 97 94
211 5 91 96 92
211 468 77 85 85
34 737 37 89 86
34 226 68 94 74
737 797 12 77 52
226 827 36 65 53
37 934 82 87 84
37 761 22 72 38
934 807 30 96 75
761 647 85 99 96
761 950 49 85 77
38 726 42 69 49
38 440 41 66 41
726 438 85 91 89
440 895 16 67 56
440 296 55 78 77
39 470 22 40 24
470 612 35 58 49
40 601 58 80 60
41 103 82 88 85
103 485 49 62 49
43 757 56 63 60
757 838 67 84 69
757 338 25 75 46
45 351 88 94 88
45 953 91 92 92
351 488 67 97 69
351 712 61 100 87
351 355 67 82 72
351 628 66 72 70
953 407 14 80 74
46 5 61 81 74
46 554 47 66 59
46 85 30 91 58
46 105 67 79 75
554 41 49 98 86
554 111 67 76 71
554 44 94 96 95
554 519 81 95 90
85 471 25 53 45
48 857 87 99 97
48 756 35 82 38
857 253 73 89 88
857 68 81 97 92
756 654 43 44 43
49 682 30 77 66
682 487 11 26 11
682 65 16 18 18
50 335 38 80 69
335 14 83 99 90
335 318 31 52 52
335 104 76 87 81
52 514 23 59 58
53 185 73 100 81
53 545 56 73 62
53 713 56 63 57
53 162 64 97 75
53 442 18 69 54
185 741 59 75 64
185 74 50 85 66
713 71 91 99 96
713 782 51 97 52
162 480 39 44 42
442 662 24 93 82
442 610 27 40 39
442 351 11 64 32
442 224 71 88 76
56 206 73 92 90
56 660 11 18 16
206 541 40 61 55
206 488 28 38 35
206 610 36 85 64
206 560 84 91 84
206 419 35 43 40
206 929 67 86 69
660 781 46 84 71
660 910 48 78 63
59 166 83 97 87
166 631 38 88 80
166 314 93 96 93
166 63 36 96 64
60 359 72 80 76
60 803 58 98 93
359 269 36 98 41
359 504 49 79 72
803 580 91 97 91
803 937 11 24 20
803 664 61 69 68
803 254 16 91 60
62 264 76 81 77
62 206 46 95 70
62 857 29 97 59
264 897 82 88 84
264 299 94 98 96
264 551 69 72 71
65 182 24 41 25
65 583 68 84 77
182 229 28 72 60
182 27 48 72 68
66 719 58 78 78
66 546 46 62 57
719 515 52 74 60
719 688 36 44 40
68 497 80 81 80
497 646 62 94 91
72 606 54 75 62
72 853 44 59 50
72 100 78 81 80
72 855 92 95 92
72 647 26 79 72
72 677 45 49 45
72 595 16 45 27
606 228 66 73 66
606 99 42 50 44
100 915 42 96 45
595 283 39 92 87
595 97 21 67 35
73 759 92 94 93
759 680 53 69 66
759 111 89 92 92
759 178 74 87 77
76 262 65 66 65
76 578 12 39 13
262 84 56 90 68
77 391 37 86 75
78 586 78 89 89
78 790 35 83 54
586 168 62 70 65
79 556 18 41 38
80 21 82 88 86
81 188 34 74 36
81 752 43 66 47
81 797 88 91 88
188 217 84 88 84
188 284 47 58 58
797 642 34 99 47
82 674 44 62 60
82 928 71 79 75
83 881 60 63 63
83 69 83 90 85
881 321 10 41 21
881 373 88 95 89
84 398 83 96 91
398 147 81 95 92
471 28 49 55 52
471 723 21 69 28
86 832 53 88 53
86 790 76 91 87
86 138 15 56 32
832 573 39 55 55
138 80 76 98 80
138 115 30 97 59
138 841 68 90 76
138 596 57 83 71
87 410 56 89 67
87 82 48 55 53
87 606 67 74 73
88 549 90 96 95
89 177 72 92 80
177 554 46 94 53
177 516 30 62 40
177 785 51 76 57
90 789 17 45 34
90 910 30 77 54
90 514 71 73 72
90 394 94 96 94
789 516 82 95 83
910 530 82 94 84
910 693 55 85 74
394 505 66 68 66
394 347 82 88 87
91 562 13 57 27
91 314 69 91 69
91 214 87 96 89
91 640 77 80 77
562 509 36 75 57
214 796 58 92 78
214 292 37 46 43
214 191 95 100 97
640 642 62 88 79
92 404 56 68 62
404 383 34 52 46
404 825 70 95 80
93 713 10 52 41
94 798 62 67 63
94 443 46 83 66
798 100 50 76 60
95 825 39 57 50
825 20 33 44 40
825 620 13 79 76
825 217 22 66 61
825 601 74 90 77
97 220 39 68 49
97 920 42 47 42
97 597 59 94 61
97 492 90 98 90
220 92 26 31 30
220 244 34 63 62
920 845 85 87 86
920 793 84 88 85
920 433 67 89 67
492 693 36 42 37
98 9 81 85 82
98 381 91 96 92
381 185 84 87 87
99 845 43 56 43
915 928 44 85 60
915 661 35 53 38
915 859 12 95 65
915 837 86 94 93
101 666 94 100 99
666 209 48 89 79
666 924 62 73 65
666 496 16 64 50
666 918 47 100 82
666 164 85 86 86
666 686 55 57 57
102 723 50 57 51
102 789 45 50 50
723 706 30 53 53
106 279 61 94 94
106 529 90 91 91
106 454 56 63 57
106 809 66 97 85
279 304 46 78 78
529 683 27 38 34
454 323 93 97 96
454 390 72 96 76
809 393 13 65 65
809 589 54 85 84
108 568 88 92 88
108 213 29 89 44
568 574 72 85 72
568 573 17 25 21
568 684 72 93 85
568 365 37 40 40
568 484 30 99 98
213 76 93 98 96
109 787 59 88 77
109 651 12 40 17
787 646 75 77 75
787 815 92 99 92
651 516 28 72 30
651 895 59 63 62
651 318 77 87 79
110 53 76 91 82
112 528 87 90 89
528 933 38 99 73
528 606 84 96 92
528 158 37 59 49
528 294 95 100 98
113 618 65 70 65
618 651 32 84 68
618 286 27 94 66
618 661 64 95 89
148 792 47 80 74
117 3 53 93 88
119 723 85 90 90
120 255 20 45 45
255 464 29 52 48
255 14 25 66 32
255 224 91 95 95
255 146 43 88 63
121 495 16 59 54
121 60 34 85 54
122 24 91 95 95
122 550 35 52 44
123 96 74 96 80
123 290 20 38 29
123 38 25 42 41
290 698 88 98 98
290 765 30 42 41
124 519 73 88 85
124 218 71 72 71
519 590 27 89 44
519 536 44 75 55
218 328 42 87 76
218 113 64 76 64
218 89 84 89 84
218 874 27 91 67
126 474 60 69 69
126 265 40 57 54
126 578 63 91 72
126 647 40 82 63
126 54 94 99 95
265 891 46 76 74
265 692 38 50 45
128 921 94 98 94
921 324 30 57 57
921 409 88 89 88
129 339 42 87 67
129 647 38 81 79
339 619 34 78 77
339 591 64 67 65
339 679 20 77 41
130 47 33 65 34
130 566 71 81 71
131 685 51 76 59
131 855 34 50 35
131 218 79 99 79
685 365 69 90 87
685 469 52 91 80
685 856 25 82 27
685 407 10 72 12
133 529 48 52 52
133 342 56 73 59
134 591 62 81 66
134 321 22 50 38
591 724 54 79 74
591 631 43 100 98
321 508 24 84 67
321 126 48 99 69
321 524 41 87 80
135 77 44 58 48
136 870 70 92 88
136 579 19 29 28
136 74 36 74 56
579 143 31 76 43
579 757 74 96 76
579 495 76 81 80
137 829 80 81 80
829 139 24 90 66
829 142 26 38 30
841 54 47 64 63
841 105 94 100 95
841 4 47 55 52
841 570 48 79 66
596 210 92 98 95
245 301 53 88 56
245 725 17 86 76
245 600 34 49 42
141 205 88 98 90
141 273 26 91 27
140 897 59 96 61
897 595 18 93 56
205 241 44 66 60
205 683 95 97 97
142 771 90 92 92
142 133 78 79 78
142 412 22 62 28
771 695 86 92 90
771 832 51 65 59
771 862 49 94 91
771 927 45 91 75
412 613 62 81 62
412 923 89 98 98
144 10 44 98 47
144 570 37 99 90
570 190 10 13 12
570 814 69 100 76
146 732 59 79 59
146 700 34 36 34
732 216 58 62 62
732 388 47 65 56
732 181 10 43 30
732 889 58 66 58
792 359 14 76 66
149 694 36 43 40
149 838 76 81 77
149 953 75 79 79
149 227 15 78 30
694 102 41 73 73
838 734 31 61 53
838 654 91 99 94
227 25 65 81 80
150 802 72 92 92
802 937 87 100 98
151 566 52 94 78
152 730 52 99 64
152 457 41 74 69
152 355 78 85 82
730 645 16 71 59
730 793 60 94 73
355 708 91 100 94
153 40 14 35 30
153 334 44 47 46
154 388 65 73 73
388 606 75 77 76
155 576 84 90 88
576 822 94 96 96
576 500 28 46 45
156 315 90 94 91
156 282 84 98 96
315 342 45 48 45
315 22 62 78 70
315 456 88 92 89
282 179 87 99 88
160 478 62 97 91
478 770 66 84 78
478 247 50 72 54
161 154 35 85 85
480 256 23 66 62
163 365 23 60 53
365 733 26 95 66
164 419 92 93 93
164 146 58 96 85
164 214 81 82 82
631 346 31 61 50
631 813 61 92 76
631 349 91 95 95
169 880 20 26 21
169 780 74 75 74
880 903 26 42 38
880 919 27 88 58
880 129 80 90 90
171 917 83 88 87
171 918 90 99 90
917 178 29 62 34
917 900 68 90 77
917 89 29 66 51
917 282 95 97 97
918 457 64 65 64
918 98 37 95 49
173 808 30 31 31
808 755 67 84 84
175 651 53 92 60
175 148 51 81 63
176 426 45 62 47
176 886 94 97 94
426 97 24 70 46
886 890 33 88 42
886 107 21 75 29
179 876 78 92 83
876 30 29 54 46
876 10 63 68 66
180 870 68 87 73
181 658 58 71 69
658 321 30 55 50
658 11 59 98 77
229 719 60 68 64
229 949 53 75 74
183 603 87 90 87
603 332 85 99 88
184 897 67 71 68
184 882 51 58 51
741 49 56 81 68
741 464 80 99 82
741 436 87 93 88
187 433 81 87 87
187 163 10 26 17
433 840 85 97 85
433 217 24 56 49
217 626 15 82 35
217 529 30 65 34
189 937 70 97 93
937 756 38 54 47
937 630 12 68 66
937 693 51 82 82
937 649 28 29 28
190 712 65 83 75
190 700 49 58 52
712 469 11 15 11
192 302 87 95 88
192 138 25 34 29
192 597 25 50 31
192 633 42 69 59
193 752 43 93 66
193 264 74 75 75
194 809 39 61 58
195 37 26 54 52
196 232 61 85 67
196 510 37 63 38
196 458 87 90 90
196 56 71 92 77
232 414 26 70 27
510 866 18 41 38
510 308 69 84 80
458 749 56 83 79
458 793 19 38 20
458 292 72 93 80
197 781 51 58 52
197 31 23 80 51
781 28 59 63 63
781 260 21 49 32
198 791 30 46 44
791 313 70 86 72
791 445 76 99 95
199 181 93 94 93
199 927 69 71 71
200 161 76 83 77
201 126 71 72 72
201 85 37 93 86
202 488 58 99 74
202 800 33 94 85
203 399 42 80 55
203 910 71 89 88
203 850 11 24 16
399 72 51 66 51
204 111 91 94 94
204 469 71 76 75
204 475 33 41 36
204 703 39 84 40
241 80 80 94 88
241 830 28 77 60
541 112 90 97 96
541 128 35 64 63
541 145 42 78 68
610 276 28 34 33
560 126 63 92 89
207 669 43 67 50
207 882 75 97 90
207 684 91 97 95
669 492 15 71 23
208 138 17 36 27
208 261 85 91 85
261 578 39 100 41
209 932 61 89 74
209 783 81 89 87
373 82 50 56 51
373 197 91 99 91
269 958 59 75 60
269 92 94 96 96
269 503 50 78 75
269 259 94 100 94
468 63 74 79 75
212 593 38 86 86
796 116 14 100 25
796 111 79 94 85
292 300 49 69 61
292 816 40 96 88
216 2 92 97 96
216 926 72 77 74
926 857 26 84 43
626 485 95 97 96
626 19 17 49 43
626 447 78 99 85
626 338 87 90 90
626 634 82 99 99
328 835 83 91 91
328 790 48 90 71
328 43 29 50 29
874 62 78 96 83
244 885 74 90 86
244 252 83 96 84
223 82 18 95 78
223 88 25 46 28
224 472 23 83 28
224 514 86 89 89
224 464 87 91 89
472 584 32 50 34
472 113 56 95 78
464 590 47 63 63
464 217 29 60 46
225 876 35 90 42
225 250 24 77 36
827 944 76 85 85
827 411 92 98 97
827 87 56 83 73
228 682 70 80 76
231 834 64 92 74
231 317 60 88 62
834 601 32 33 33
317 87 47 53 52
317 335 21 81 73
233 176 88 92 91
233 440 66 80 75
233 467 89 90 90
467 700 15 72 47
234 639 18 93 29
234 368 78 86 79
639 433 60 91 67
639 333 19 71 51
639 852 54 77 56
639 640 64 95 80
235 613 91 98 92
613 806 86 95 95
236 48 26 64 59
236 258 87 96 88
258 853 73 79 76
258 45 27 93 65
258 897 80 85 83
258 233 84 99 94
258 390 79 97 94
237 27 30 60 45
238 280 65 96 65
280 670 86 90 88
239 549 62 94 70
239 847 55 59 57
239 231 63 72 63
239 466 64 95 70
239 458 94 96 94
847 410 58 96 69
847 147 51 75 59
466 47 74 91 87
466 437 73 75 75
240 388 20 74 36
240 520 89 100 92
240 534 35 73 47
240 522 93 98 97
520 790 41 85 74
520 380 43 44 43
522 459 19 27 24
830 631 73 84 82
242 510 46 95 54
252 625 87 93 93
301 671 95 96 95
301 641 27 43 38
301 327 76 94 87
725 346 57 71 62
725 156 16 69 22
600 794 12 87 31
247 582 74 86 86
247 109 34 99 62
247 950 20 31 22
950 739 28 63 41
950 365 75 76 75
251 649 16 57 45
251 391 41 46 44
625 606 54 81 54
253 7 79 82 80
253 492 25 32 28
253 911 80 89 89
254 750 65 77 69
254 209 14 97 66
750 732 88 93 93
256 625 63 77 67
256 165 77 89 79
257 533 67 68 67
533 194 75 89 78
390 947 46 73 67
390 567 49 85 56
390 902 79 88 85
259 807 17 90 83
807 478 78 90 85
263 572 64 76 76
263 839 25 89 37
572 465 85 87 85
839 938 53 68 67
299 11 34 43 37
299 199 34 81 80
299 541 80 91 84
551 542 28 45 39
551 111 69 96 78
267 653 37 65 56
268 107 62 100 69
958 726 22 82 81
958 698 78 92 92
503 595 17 49 31
270 194 14 29 16
272 122 15 93 81
274 506 63 82 82
274 896 63 68 66
506 943 35 66 64
506 877 85 89 88
506 881 81 89 81
275 521 66 99 74
275 784 48 60 48
275 902 49 76 68
275 392 82 87 85
521 773 54 55 55
521 367 38 96 69
784 510 74 86 84
784 535 12 62 52
902 784 31 42 41
902 402 59 64 60
902 529 38 61 49
902 854 51 71 62
392 875 10 99 50
276 121 59 65 60
277 70 30 75 40
277 326 80 98 88
277 763 35 97 36
326 522 30 34 30
763 622 64 100 70
278 391 18 29 21
304 335 28 32 30
281 724 43 53 50
642 688 87 100 88
642 849 69 99 80
285 789 94 99 96
285 489 35 42 36
285 167 70 95 80
489 238 77 93 82
286 841 12 90 61
286 57 51 64 62
286 159 17 91 33
286 655 85 90 86
655 847 90 91 91
288 801 90 93 93
288 7 47 84 61
801 592 35 66 59
801 618 72 73 72
289 407 87 88 87
407 833 60 74 68
698 613 32 61 59
698 177 11 19 12
698 382 53 66 65
300 37 46 73 50
300 427 53 80 75
293 96 62 81 79
293 570 93 95 93
295 437 36 44 37
437 349 42 44 43
296 696 73 99 83
296 952 80 96 89
296 310 85 90 86
298 817 74 94 87
298 953 38 87 68
327 442 90 97 94
327 233 44 81 63
303 429 49 83 58
303 485 55 72 60
303 73 76 78 77
303 654 57 86 69
429 425 50 99 54
429 196 91 96 94
306 605 95 98 95
306 196 88 89 89
306 272 81 89 87
605 66 79 90 89
308 494 67 98 74
308 212 44 97 57
308 2 19 100 25
494 112 31 86 41
494 797 67 85 84
311 519 42 91 60
312 79 37 61 52
313 85 77 87 78
313 381 20 79 76
313 951 37 75 68
456 798 69 86 83
456 294 40 71 71
456 624 16 75 21
316 741 53 85 81
316 830 49 78 56
318 347 70 73 72
318 863 49 86 70
347 921 93 98 94
863 645 30 59 42
863 170 37 90 69
863 476 44 55 53
319 393 90 98 95
319 850 92 96 94
393 614 10 35 18
508 439 31 38 38
322 319 84 98 88
322 405 94 95 94
322 832 21 22 21
322 852 58 62 62
405 561 11 13 12
405 614 14 52 16
852 258 90 98 94
852 45 12 68 47
852 512 45 72 62
323 684 64 66 66
323 808 56 87 78
324 857 54 68 60
324 587 64 82 81
325 392 48 96 87
835 412 25 68 30
835 422 22 83 35
330 801 19 22 21
330 437 74 77 74
331 463 89 94 89
332 126 32 60 48
332 824 44 47 45
332 862 32 86 76
332 365 48 71 71
333 907 63 94 87
907 877 92 100 95
907 737 34 49 35
336 940 52 94 77
940 503 42 85 83
337 767 75 86 77
337 181 70 82 73
337 93 56 85 57
767 28 86 96 89
767 791 38 39 38
338 740 79 86 79
338 335 89 90 89
740 18 28 51 51
619 30 92 99 98
679 720 86 89 88
340 536 43 53 48
341 898 51 81 64
341 566 95 100 99
341 348 81 83 82
898 315 64 80 75
343 789 21 64 30
343 568 73 79 77
343 61 37 84 45
344 342 39 40 40
344 70 77 96 92
346 494 57 65 59
754 497 68 85 71
754 194 80 95 81
754 241 84 97 94
349 375 16 74 24
349 535 29 98 59
375 615 82 97 91
375 727 15 22 19
375 600 23 71 51
375 605 90 97 95
535 849 15 49 43
535 229 31 93 51
350 427 67 84 74
628 679 11 62 30
352 710 60 77 73
352 662 85 91 90
353 705 83 87 84
353 779 42 45 43
353 905 25 96 51
705 832 28 72 69
705 769 54 94 78
705 331 64 67 65
779 37 71 78 73
779 560 54 79 65
354 281 88 98 92
708 920 32 65 45
356 721 25 93 36
358 94 92 96 95
504 622 69 97 70
504 69 69 82 69
360 496 43 45 45
360 118 59 64 63
360 674 77 92 77
360 704 77 98 86
704 105 63 65 65
361 13 90 95 92
361 320 92 97 95
361 78 68 96 95
366 158 86 92 90
367 687 19 33 26
370 243 49 81 51
370 587 90 99 93
371 271 75 95 95
371 305 91 94 94
374 531 40 98 95
374 828 29 62 43
374 535 72 73 72
374 209 22 87 72
828 768 65 97 72
828 450 27 29 27
727 594 46 58 53
376 488 35 68 43
378 662 68 89 79
379 130 11 100 38
379 558 86 94 92
558 120 13 47 28
380 480 26 35 28
380 250 75 82 77
382 192 35 99 36
382 124 22 54 24
383 840 21 91 73
840 851 16 42 39
840 770 61 100 68
840 724 13 15 15
385 758 56 72 68
758 459 60 97 88
758 74 20 38 35
386 406 83 97 86
386 242 50 82 62
406 113 74 97 93
406 593 80 84 83
389 221 89 95 90
947 65 83 99 84
947 210 87 94 89
567 925 32 46 44
505 861 71 95 78
505 865 31 39 35
505 873 25 63 60
395 292 34 85 43
395 514 29 45 40
395 432 32 69 39
395 366 19 99 88
395 273 69 70 70
432 75 90 93 91
432 919 61 82 73
432 390 34 71 41
396 346 10 52 12
397 317 45 100 88
400 539 74 99 75
400 917 41 76 48
400 314 59 66 63
539 540 68 83 69
539 695 95 96 95
401 128 16 79 17
401 235 89 100 89
401 100 61 67 61
833 300 48 66 52
833 417 51 82 69
833 103 37 41 39
408 21 61 62 62
408 206 82 83 82
409 460 91 98 94
409 493 53 63 63
460 94 49 58 49
460 907 57 90 88
460 652 60 68 67
493 203 59 62 60
493 341 13 25 22
411 369 78 99 90
923 860 63 82 74
923 680 56 82 65
923 43 54 94 63
923 333 72 86 77
923 83 48 79 76
413 831 38 61 61
413 260 51 95 68
831 903 18 79 26
831 643 11 56 17
415 86 20 96 33
415 461 55 100 88
415 495 75 91 75
417 712 54 55 54
418 93 71 86 72
423 276 42 49 43
423 685 46 78 58
424 510 64 96 91
424 474 66 95 73
425 943 77 88 81
943 843 36 49 46
943 405 37 95 58
428 683 32 81 52
428 936 27 50 35
428 911 19 23 21
936 22 59 77 66
936 583 62 69 68
936 804 26 79 40
883 903 91 97 96
883 307 46 83 56
883 147 74 86 84
883 799 61 70 62
431 380 88 98 96
431 443 51 84 77
431 259 25 69 50
678 762 53 72 57
678 819 24 54 26
678 603 57 89 86
436 293 10 17 13
436 347 78 95 91
438 385 36 63 47
438 296 77 82 78
439 406 52 92 78
439 910 37 74 52
559 734 84 90 90
559 825 50 79 61
559 837 42 63 50
559 842 15 76 18
444 355 16 82 46
445 942 76 88 77
446 837 88 92 88
446 212 89 93 93
446 237 20 21 20
446 667 23 35 30
446 63 67 92 77
837 409 37 63 51
837 547 15 74 69
667 649 94 98 94
448 382 28 99 72
449 154 95 96 96
449 266 90 98 93
451 41 44 62 45
451 876 16 68 49
451 686 43 58 52
451 117 86 100 91
686 586 74 97 87
452 595 14 50 50
453 536 17 23 18
453 645 78 87 78
645 92 87 90 88
645 700 38 89 84
645 588 75 88 86
624 155 94 95 94
624 894 46 47 47
624 232 93 95 95
624 84 90 93 90
793 654 84 90 85
793 561 93 100 97
459 367 22 50 38
459 84 87 88 87
459 919 56 80 74
652 40 70 81 72
462 1 28 97 44
462 50 63 77 71
462 523 11 78 44
523 665 26 79 56
523 650 66 86 77
590 105 66 84 73
590 930 81 94 86
590 817 51 90 59
465 119 41 48 43
465 513 21 94 34
513 734 78 85 78
513 546 71 89 71
513 401 56 85 69
612 480 51 81 68
612 548 42 45 45
584 691 58 61 58
584 250 91 95 92
473 84 67 88 82
473 694 89 100 90
476 528 55 66 65
770 930 60 65 62
483 491 90 97 90
483 485 33 57 45
491 230 84 90 90
484 794 61 67 67
484 902 24 35 32
484 237 27 88 64
484 779 84 95 95
486 205 44 46 45
490 940 88 100 95
693 495 64 75 74
646 703 60 72 72
646 835 64 72 65
498 877 30 45 40
499 709 33 91 63
709 208 31 91 48
709 408 28 77 69
500 771 14 29 28
502 349 62 89 87
622 347 54 58 56
622 734 15 68 41
622 527 91 95 94
861 599 93 97 97
861 508 47 88 75
865 536 41 61 54
507 350 76 98 85
507 701 86 93 86
507 248 25 31 27
701 628 75 100 79
509 697 15 90 24
509 461 93 99 97
509 527 27 45 29
697 653 81 92 85
527 901 50 89 68
527 57 46 84 80
527 221 53 66 56
866 861 14 50 36
866 313 55 73 58
512 298 24 34 32
512 665 35 90 66
512 556 25 43 26
665 600 78 98 97
665 415 63 71 65
547 335 18 83 51
858 528 40 84 44
858 206 27 90 43
515 745 37 39 39
515 418 38 59 41
515 373 46 89 68
745 599 50 62 55
517 266 15 87 69
773 136 38 57 53
650 247 20 48 41
650 275 16 72 33
650 318 61 62 61
525 30 89 90 89
525 94 37 65 64
525 878 33 77 36
878 805 37 86 83
901 652 63 92 63
901 665 21 100 49
901 747 12 66 39
530 726 42 52 52
530 231 69 91 69
532 587 70 92 83
532 63 26 53 38
849 830 84 95 86
849 14 62 84 84
849 754 71 83 78
849 271 35 51 39
537 920 33 67 57
538 60 17 56 27
540 75 10 37 14
540 328 90 95 91
695 418 39 96 73
695 275 58 70 58
695 226 24 58 24
542 635 76 82 76
543 559 39 88 40
544 325 11 17 13
544 232 72 85 73
548 411 60 96 80
548 703 78 89 87
548 209 48 70 67
548 635 86 87 86
548 174 69 87 81
552 375 88 93 89
553 950 81 84 81
553 823 70 98 97
553 342 39 47 45
823 20 68 71 71
557 196 72 89 84
842 487 54 88 87
563 872 20 64 63
872 421 41 84 71
872 410 21 54 40
564 634 88 92 88
564 712 19 78 25
564 137 81 90 87
634 701 24 48 36
565 142 63 80 72
565 836 13 69 37
836 413 95 98 96
836 1 32 72 60
778 438 31 89 68
778 284 42 79 42
778 492 40 74 63
925 48 31 83 37
925 87 93 100 100
574 650 28 43 30
573 558 93 98 98
573 773 60 91 86
814 98 60 91 89
814 895 65 80 80
814 151 79 81 80
814 186 91 95 93
575 503 41 52 44
575 843 16 90 18
822 432 48 82 51
577 783 10 65 23
577 266 13 87 18
580 698 28 46 45
581 545 39 69 42
585 90 17 95 60
588 13 32 33 32
588 451 42 56 48
589 470 61 73 66
589 854 38 96 71
589 936 16 32 23
589 358 10 70 50
930 504 51 70 55
594 491 39 56 43
598 520 46 96 71
602 398 14 31 28
604 912 82 83 83
912 797 26 80 44
607 372 30 70 53
608 614 14 90 84
609 236 22 44 27
611 844 26 74 71
844 886 42 69 63
844 258 40 75 55
806 619 60 75 70
616 441 12 100 81
617 179 56 69 61
661 453 23 68 45
620 456 68 75 69
621 57 84 88 84
623 633 54 67 65
623 530 11 88 81
623 546 37 96 57
623 221 24 47 33
894 927 22 57 43
627 486 44 91 81
627 90 85 96 87
629 470 39 73 43
629 158 94 97 94
629 240 84 90 90
632 689 26 48 43
689 399 87 93 88
689 292 41 87 68
636 1 87 100 95
637 275 48 66 48
637 889 51 97 95
637 829 84 89 86
637 159 15 53 45
637 210 88 98 92
637 691 32 58 57
637 520 83 94 93
889 617 71 90 88
638 888 89 100 97
638 575 85 89 87
888 853 57 60 59
888 269 91 98 97
688 751 88 96 94
688 528 38 41 39
643 691 84 98 84
643 819 83 91 91
643 796 78 100 87
819 958 34 58 34
819 553 37 79 59
644 841 89 90 89
644 89 30 52 40
648 323 14 47 34
648 813 33 54 41
656 864 15 50 19
864 701 20 61 49
864 133 61 94 77
864 661 67 85 69
659 642 95 98 98
664 854 61 62 62
664 849 18 82 35
664 946 71 81 72
946 693 16 40 30
946 228 23 42 36
946 368 24 40 38
946 429 75 99 96
924 201 32 80 70
924 703 29 94 81
924 250 23 37 37
668 189 64 75 71
668 505 95 98 98
672 226 32 40 39
672 329 70 79 79
672 808 29 67 39
672 208 12 62 32
672 853 64 73 68
672 776 57 97 77
776 816 31 70 56
776 331 68 98 94
776 943 89 90 90
673 544 95 99 98
673 730 93 98 93
675 188 48 80 71
675 802 78 93 81
676 694 65 68 67
762 805 12 100 37
762 253 16 70 31
762 278 52 88 81
720 374 17 31 20
751 894 27 59 56
690 565 76 86 83
690 365 36 71 54
699 276 19 76 51
699 290 40 63 59
702 812 50 73 64
702 765 14 92 83
702 826 69 92 82
812 393 62 88 81
812 228 14 71 34
826 659 63 95 81
826 601 36 90 40
707 230 60 80 72
707 359 79 80 79
711 555 37 51 46
711 149 25 72 26
711 814 64 72 69
711 425 57 100 59
711 409 79 86 82
782 296 17 70 68
714 104 86 96 87
714 623 48 61 54
716 412 61 67 66
717 526 58 95 92
717 753 18 44 34
753 235 27 35 28
718 810 65 73 68
718 109 35 75 59
718 203 64 85 80
718 497 20 81 31
810 267 77 85 83
810 582 91 96 93
810 446 14 36 32
729 485 75 96 75
729 383 25 90 67
731 396 44 97 61
731 264 78 96 92
735 840 37 81 70
735 881 68 78 77
735 273 94 95 94
738 318 27 35 31
742 759 62 79 70
743 694 79 89 82
743 402 59 76 66
743 766 86 91 86
743 829 60 89 65
766 917 25 34 34
766 371 81 87 83
744 250 51 62 56
746 299 60 84 82
746 898 64 83 82
746 605 13 42 27
746 782 33 64 56
746 892 92 98 96
747 542 81 84 84
748 89 38 82 79
748 455 73 94 78
805 241 20 43 35
805 540 83 100 87
805 789 58 80 65
805 903 37 58 41
764 560 34 64 55
768 786 35 79 55
786 588 69 75 70
786 663 17 51 35
786 552 59 92 75
786 466 91 99 95
772 192 82 100 93
772 859 65 89 82
772 757 86 96 89
772 827 59 84 79
859 240 56 79 67
859 919 10 58 27
859 181 70 86 75
774 648 29 82 75
775 806 94 96 96
777 479 91 100 92
777 735 40 79 40
777 757 51 66 58
777 9 62 88 77
795 218 40 45 43
799 830 69 86 77
799 83 64 87 73
799 372 76 97 94
799 939 85 99 88
939 527 13 77 50
903 381 43 52 51
903 111 58 87 74
903 653 58 67 64
811 386 20 62 55
811 772 38 89 45
818 160 29 66 48
820 857 42 55 49
820 144 52 100 71
820 126 54 87 68
821 764 19 85 22
944 296 90 96 93
944 346 13 43 28
938 372 26 72 52
851 302 66 73 69
851 281 83 98 90
851 200 89 99 90
846 138 65 71 71
846 447 13 47 24
867 924 35 55 44
867 729 61 91 88
868 94 86 93 86
868 662 68 79 68
868 452 61 72 61
869 247 26 72 42
869 289 43 62 44
879 735 76 98 89
884 937 91 94 91
890 311 79 85 84
890 310 77 93 92
887 477 15 67 64
893 236 30 89 55
893 635 16 45 24
893 477 62 64 62
899 687 40 81 71
900 88 78 86 83
900 428 43 63 47
900 46 94 96 95
900 431 49 58 49
904 540 12 93 50
908 379 32 45 45
908 808 54 58 56
914 877 33 83 47
914 416 93 99 95
916 245 84 90 85
916 417 23 54 42
922 156 66 76 74
922 432 11 46 27
931 203 21 58 40
931 576 61 75 72
931 80 64 67 66
935 632 10 45 44
941 915 24 90 44
954 431 89 91 90
956 300 58 91 74
957 935 22 42 27
957 599 71 83 73
957 523 83 95 90
0 958
