27 76
0 17 11 59 19
0 16 62 81 79
0 15 83 94 85
17 26 89 94 90
17 11 61 99 86
17 4 84 95 91
16 1 92 99 92
16 17 60 69 62
15 1 87 91 88
15 4 65 89 87
15 9 60 79 75
15 17 85 91 90
15 19 68 91 82
15 5 35 52 46
1 8 85 98 98
1 23 23 34 30
1 6 74 76 76
1 4 80 89 80
8 10 60 65 64
8 15 34 45 42
23 20 72 79 76
23 22 21 64 64
23 4 56 98 73
23 7 40 51 41
6 23 92 100 97
6 17 89 94 90
6 7 81 95 86
4 3 87 92 90
4 15 44 52 50
4 7 94 95 95
2 5 57 97 66
5 7 44 85 78
5 3 87 93 92
7 0 59 70 69
7 6 50 94 87
7 19 82 98 97
19 4 44 56 49
10 6 12 77 34
10 4 62 87 74
10 20 81 99 90
10 15 14 17 17
9 5 85 92 90
9 21 28 41 33
9 6 44 86 57
9 22 33 91 55
21 0 30 53 45
21 5 95 96 96
21 15 35 96 70
22 4 80 85 82
22 2 44 89 87
20 2 54 57 55
20 19 90 99 97
20 9 39 52 41
11 14 15 48 40
11 2 35 93 45
14 15 77 94 91
14 7 49 69 58
14 24 60 64 62
12 3 10 67 18
12 5 67 85 81
12 16 15 100 73
13 22 91 99 97
13 26 70 71 70
26 0 53 98 60
26 23 89 97 92
26 11 47 51 50
24 9 33 70 51
24 1 92 100 93
24 17 75 90 89
24 11 29 54 37
18 19 47 56 54
18 22 85 87 85
25 19 71 97 74
25 17 91 96 96
25 7 34 67 64
25 12 23 71 65
0 26
