821 2663
0 328 56 82 64
0 519 90 97 92
328 420 81 100 87
328 97 59 68 65
519 816 48 57 52
519 423 14 74 20
519 814 38 58 48
519 328 73 80 76
1 684 70 83 82
1 291 41 51 50
1 689 93 99 98
1 64 55 94 91
1 318 58 91 77
684 819 63 79 74
684 412 49 57 52
684 309 62 71 65
684 294 56 81 61
684 275 36 63 58
684 476 82 89 86
291 408 39 58 43
291 449 27 30 30
291 386 55 87 69
291 703 85 100 94
291 106 62 89 67
291 659 35 64 40
689 39 94 98 97
689 655 48 49 49
689 289 86 87 87
689 400 34 100 73
64 718 20 51 35
64 738 39 56 56
318 40 51 84 61
2 506 86 89 89
2 367 24 94 28
2 74 44 71 70
2 718 55 82 81
506 303 25 99 98
506 212 23 68 40
506 323 75 78 75
506 802 43 75 50
367 202 67 88 68
367 339 58 85 59
74 452 40 90 80
74 491 24 75 59
74 275 75 86 83
74 148 38 64 64
74 67 80 85 81
74 6 90 91 90
74 482 59 76 62
718 58 65 87 76
3 797 34 42 41
3 572 74 79 74
797 39 69 72 71
797 252 74 95 92
572 205 19 74 67
4 715 28 56 52
4 785 84 91 85
4 453 48 84 80
4 696 68 91 82
715 490 46 87 82
715 198 53 92 68
715 165 12 67 15
715 66 90 94 93
715 804 87 100 93
785 556 53 57 53
785 800 83 85 85
785 503 65 81 75
453 384 12 86 18
453 223 67 74 69
696 259 70 76 74
5 145 76 85 76
5 115 41 44 41
5 195 63 76 75
5 303 48 77 53
145 771 90 95 93
145 622 95 98 98
145 283 13 94 23
145 207 64 80 68
115 584 10 22 19
115 135 79 92 92
115 103 49 83 55
195 538 61 93 71
195 615 54 72 54
195 231 13 84 58
195 47 84 92 87
303 202 56 64 64
303 518 29 40 40
303 250 73 99 91
303 293 70 75 72
303 751 86 88 88
303 525 48 66 60
303 665 64 78 77
6 56 53 69 54
6 717 45 55 55
56 451 66 67 67
56 565 15 54 30
56 19 93 94 93
56 402 10 17 10
717 183 58 64 64
717 410 18 99 92
717 505 76 87 83
717 82 60 93 70
7 527 19 26 26
7 44 71 99 80
7 29 66 73 71
7 59 91 100 94
7 328 36 44 40
7 159 53 65 62
7 712 81 89 82
527 280 53 74 56
527 24 30 72 52
527 698 81 88 81
44 332 44 89 85
44 354 65 87 73
29 112 50 82 64
29 422 49 70 64
59 479 48 54 51
159 183 89 90 90
159 568 69 84 73
159 240 84 88 84
159 433 40 100 57
712 92 41 61 50
712 586 26 61 39
8 753 81 83 83
8 511 56 69 61
8 228 39 83 42
8 512 73 87 76
8 599 65 73 66
753 526 72 74 73
753 464 59 70 61
753 553 86 88 86
753 357 56 77 57
753 275 58 70 64
753 681 66 89 72
753 140 82 94 92
753 495 65 71 70
511 470 48 92 49
511 547 42 97 69
511 108 87 99 99
228 229 63 91 64
512 515 60 86 60
512 226 83 95 93
512 106 94 98 96
512 16 49 66 65
512 21 41 43 43
599 178 78 87 78
9 776 68 75 72
9 365 83 86 85
9 718 55 68 59
9 307 22 44 36
776 756 85 95 95
776 383 81 97 90
776 360 12 64 35
776 72 57 69 62
776 300 55 98 67
365 430 73 82 76
365 330 61 66 66
307 95 59 82 60
307 696 52 80 78
10 275 33 42 37
10 257 93 95 95
10 352 91 99 93
275 747 21 51 26
275 621 11 20 15
275 665 83 99 90
257 176 35 50 46
257 741 51 100 85
257 483 42 52 51
257 311 18 83 42
257 746 86 91 86
257 12 81 97 85
257 44 35 92 84
257 773 17 83 68
257 72 76 91 77
11 547 51 72 63
547 818 76 100 85
547 726 36 100 48
547 92 26 79 75
547 507 10 71 61
12 716 17 73 49
12 805 89 98 98
716 675 61 88 61
716 547 80 94 93
716 379 36 72 38
805 499 13 21 14
805 450 62 81 76
805 514 80 82 81
805 120 44 79 67
805 409 77 79 78
13 50 92 100 98
13 549 18 57 42
13 615 12 77 52
13 4 19 72 71
13 379 13 14 14
13 696 81 86 81
50 783 85 98 87
50 177 87 95 95
549 343 77 96 91
549 170 53 66 54
549 115 57 79 63
549 356 57 80 64
615 18 26 44 44
615 261 84 87 85
615 209 85 100 99
379 448 85 98 92
379 370 33 74 47
379 273 42 64 45
379 736 49 54 53
379 643 71 87 82
379 77 94 95 94
379 721 60 78 68
14 579 77 82 79
14 538 31 43 36
579 175 59 69 67
579 355 81 90 84
579 699 72 75 72
538 71 10 48 12
15 550 12 53 53
550 183 35 49 36
550 78 42 47 44
550 262 33 49 46
550 691 24 28 25
16 501 53 61 59
16 472 54 90 89
16 254 65 90 79
16 716 34 43 36
16 23 21 52 34
501 291 95 98 97
501 60 52 72 53
472 665 62 67 63
472 485 76 89 79
254 752 18 31 23
254 740 63 96 89
254 343 94 97 94
254 77 38 55 43
254 732 10 25 17
254 264 84 86 84
254 558 62 84 66
254 108 21 50 48
23 248 29 38 36
23 480 40 85 78
23 337 94 99 97
17 482 32 74 37
17 513 22 31 22
482 452 86 92 91
482 813 24 40 34
482 185 54 95 74
513 510 40 90 89
513 273 47 77 59
513 418 86 96 96
513 297 72 74 74
18 530 92 96 95
530 669 40 60 42
530 788 10 26 24
530 86 50 70 54
19 384 90 99 98
19 375 58 99 66
384 362 56 89 84
384 132 53 55 55
384 244 45 93 47
384 637 47 51 48
384 562 12 75 75
375 215 44 65 65
375 728 68 100 77
20 573 82 89 88
20 117 57 60 60
573 740 62 76 63
117 780 89 99 99
117 129 23 32 29
117 782 58 59 59
117 765 13 22 19
117 770 24 27 26
117 745 77 82 80
117 631 57 64 59
117 537 21 38 28
117 295 33 64 45
117 553 61 86 61
117 186 38 74 70
21 302 66 81 66
302 512 11 72 13
302 668 52 68 55
22 777 24 49 33
22 727 74 98 84
22 765 93 95 94
22 220 95 100 97
22 446 72 83 77
22 390 45 71 56
22 252 54 97 72
777 654 16 41 19
777 93 53 56 55
777 437 39 63 39
777 28 32 43 42
777 43 22 30 25
777 123 79 81 80
777 54 19 29 20
727 450 48 91 50
727 431 82 95 90
765 276 22 92 56
765 149 89 92 90
765 1 18 96 70
220 137 23 42 40
220 444 73 83 75
220 486 20 60 60
220 319 39 98 42
220 298 78 79 79
446 375 59 87 74
446 529 50 64 55
446 79 18 78 44
446 763 77 82 78
390 290 49 67 67
390 501 61 66 64
252 640 80 90 83
252 416 70 82 82
252 164 89 99 98
252 385 94 96 96
248 771 14 37 26
248 9 66 97 90
248 377 18 20 19
480 559 17 84 23
480 143 87 97 88
480 675 23 98 29
337 268 85 89 86
337 612 49 96 73
337 770 91 96 95
337 798 55 90 58
337 765 63 65 63
24 453 30 58 47
24 640 20 96 27
24 144 94 98 96
640 94 88 92 90
640 498 22 39 35
640 466 58 89 89
640 8 81 89 89
640 741 37 67 37
640 468 80 90 85
144 192 17 44 27
144 454 81 88 81
25 791 75 96 93
25 630 10 58 49
25 357 59 64 64
25 420 31 88 74
791 450 36 64 36
791 670 41 96 48
791 775 19 38 30
791 635 53 98 56
791 331 79 91 79
630 527 64 82 77
630 416 91 95 92
630 753 47 62 59
357 422 13 82 51
357 531 52 91 65
420 772 14 38 22
420 239 50 61 51
420 54 24 79 39
420 446 78 84 84
420 771 88 100 94
26 238 42 75 71
26 773 69 100 85
26 777 57 58 58
238 713 20 40 33
773 790 79 86 79
773 446 46 96 67
773 468 82 90 86
27 134 50 85 58
27 815 51 97 78
27 136 15 24 18
27 379 32 54 48
134 95 53 63 62
134 525 76 80 79
815 695 90 98 96
815 613 48 95 81
815 168 90 100 100
136 361 81 84 83
136 415 44 49 48
136 630 79 80 80
136 784 90 93 93
136 306 91 96 93
28 630 64 66 64
28 667 19 43 26
28 165 33 42 40
28 237 15 86 52
667 576 57 81 73
165 210 84 97 87
165 22 31 47 39
237 249 69 84 77
237 522 39 72 41
237 114 12 72 52
237 618 70 94 88
112 261 63 79 74
112 407 10 32 21
112 663 86 95 92
112 1 68 95 77
112 779 28 94 91
30 338 23 65 57
30 474 63 68 64
338 545 10 100 45
338 397 10 38 10
474 520 83 96 83
31 215 74 98 78
31 633 27 64 42
31 811 15 25 22
31 768 18 35 23
31 682 31 43 33
31 316 61 98 93
31 671 33 57 55
31 728 61 100 67
215 529 80 83 83
215 125 34 41 34
215 487 65 95 72
215 163 14 62 14
633 261 87 96 92
811 603 32 48 40
811 742 67 82 69
768 365 45 89 74
768 7 50 73 70
768 793 42 68 64
768 136 84 93 92
682 750 38 91 48
682 487 22 76 24
682 419 68 93 71
682 553 90 96 91
682 16 74 90 76
316 435 36 51 38
316 698 56 71 57
316 156 12 84 25
316 27 68 73 73
316 79 71 88 71
671 481 37 54 39
728 297 17 31 31
728 337 84 85 84
728 720 55 96 91
32 652 47 86 50
32 635 13 78 41
32 234 75 76 76
32 183 11 56 19
32 718 16 78 62
32 297 81 83 83
32 690 12 92 27
652 411 30 99 57
635 774 69 78 73
635 563 46 73 57
635 456 93 96 94
635 457 86 91 89
635 471 64 88 74
635 218 15 17 15
635 69 80 99 86
234 543 56 87 66
234 750 14 84 66
234 275 82 91 88
183 797 33 82 75
183 346 31 66 56
297 706 92 96 95
690 103 20 42 27
690 809 82 90 89
33 710 59 69 59
33 389 17 94 28
33 180 82 96 83
33 425 64 98 94
710 61 57 67 64
710 618 90 92 91
710 173 78 84 81
710 326 46 64 57
710 170 36 64 48
710 314 19 24 20
389 452 31 40 37
389 607 48 61 58
180 124 93 94 94
180 352 22 83 26
425 54 31 81 51
425 114 13 96 49
425 426 34 89 81
425 251 74 92 89
34 412 37 53 46
34 6 18 35 29
34 392 20 61 23
34 386 24 57 25
412 728 47 64 50
392 522 19 53 26
386 77 23 81 26
386 490 70 83 82
386 417 75 98 89
35 263 22 50 45
35 317 60 73 68
35 234 66 72 69
263 484 52 92 85
263 643 78 88 82
263 320 49 69 68
263 291 50 51 50
317 591 67 91 91
317 783 86 87 86
317 738 83 89 86
317 344 93 99 94
317 94 53 90 76
36 169 89 90 90
169 337 21 59 26
169 408 43 96 46
169 106 68 100 100
169 549 68 82 79
169 200 83 89 86
37 764 39 79 61
37 571 17 23 23
37 461 27 80 50
37 437 18 23 22
764 22 72 92 81
764 89 33 38 35
764 160 82 91 87
764 404 37 100 65
764 96 22 48 37
764 296 11 55 17
764 647 50 87 75
571 240 17 25 21
571 287 29 33 31
571 10 69 83 75
571 395 34 51 42
461 568 21 100 96
461 181 19 55 26
461 256 50 83 51
437 522 77 89 84
437 80 10 95 92
437 266 35 96 87
437 652 34 36 34
437 301 61 92 86
437 595 25 57 31
38 415 48 72 52
38 212 13 35 35
38 330 95 96 95
415 98 69 71 69
415 37 52 58 58
212 251 64 68 67
212 707 51 89 56
212 275 18 19 19
330 241 91 97 92
330 391 89 98 93
39 269 63 81 74
39 419 65 82 71
269 62 27 94 87
269 533 44 89 58
269 393 92 94 93
269 222 16 85 56
419 521 47 58 51
419 311 10 75 66
40 512 72 76 75
40 669 52 77 70
40 500 64 83 79
40 584 21 73 55
40 571 15 47 42
40 266 30 99 78
669 797 70 77 76
669 363 16 38 19
669 32 38 67 57
669 554 59 80 69
669 453 56 84 76
500 154 16 52 36
500 146 28 64 46
584 420 64 88 74
584 97 53 57 53
584 542 21 44 33
266 329 65 99 98
266 297 94 95 95
41 13 39 94 92
41 454 58 74 67
41 37 47 90 90
41 716 31 99 54
454 34 33 48 40
454 508 20 33 21
42 364 60 81 63
42 140 91 97 93
42 464 15 35 28
364 547 73 89 83
364 163 85 93 91
140 206 68 86 82
464 628 35 94 93
464 196 14 53 18
43 652 94 97 97
43 453 27 98 46
43 405 49 63 63
43 132 57 100 92
43 204 52 86 80
132 750 25 98 39
132 491 12 38 35
132 557 41 94 47
132 338 45 46 45
204 166 78 80 80
204 309 44 93 47
204 712 47 54 48
332 585 26 43 28
332 685 12 69 49
354 284 70 79 78
354 641 50 54 51
354 655 61 87 73
354 631 35 94 86
45 555 61 83 68
555 647 52 73 65
555 146 23 60 60
555 434 56 63 61
555 215 92 97 94
46 560 54 71 71
560 645 54 77 77
47 770 59 93 75
47 475 33 54 49
47 17 27 67 38
770 782 21 32 22
770 649 80 100 96
770 723 46 75 61
770 545 63 76 75
770 397 95 98 96
475 770 80 82 80
475 570 66 73 66
475 146 22 53 40
475 454 84 96 92
475 8 36 76 39
475 185 13 28 16
49 392 50 75 71
49 619 27 68 27
49 328 55 73 58
619 114 85 91 86
619 572 77 81 80
783 359 38 60 54
783 746 17 34 32
783 163 37 92 52
783 174 13 28 26
783 65 78 80 79
783 697 15 74 21
177 439 46 74 56
177 652 61 100 64
177 289 26 72 67
51 704 31 99 52
704 95 35 63 44
704 393 38 99 39
704 178 17 44 30
52 314 48 84 64
52 752 10 34 26
52 681 53 64 63
314 608 36 70 56
314 595 58 79 73
314 421 17 93 55
314 669 54 66 63
314 38 62 93 71
752 16 12 66 49
752 485 77 86 86
752 579 81 99 90
681 475 13 74 67
681 341 72 76 74
681 239 41 74 45
681 451 38 85 54
681 460 79 86 81
53 98 34 94 64
53 450 66 76 72
98 327 59 68 65
98 427 10 14 11
98 215 19 20 20
98 385 34 54 47
450 181 11 39 39
450 349 63 99 92
450 5 30 35 35
450 474 59 100 83
55 654 31 82 46
55 589 75 83 76
654 169 89 90 89
654 157 82 95 88
654 241 38 41 38
589 601 42 49 45
589 697 71 97 84
589 171 26 68 34
589 169 51 54 52
451 304 11 77 66
451 459 76 80 77
565 178 52 71 62
565 227 45 57 51
565 593 80 99 92
565 34 38 69 60
402 557 50 84 81
402 457 19 24 22
402 148 53 93 85
57 487 32 58 55
57 476 84 96 92
57 214 16 34 31
57 347 10 85 63
57 125 18 98 75
487 245 68 85 71
487 322 12 45 31
487 120 94 99 95
476 31 15 53 28
476 28 19 67 51
476 533 81 94 91
476 658 86 95 92
214 817 15 59 44
214 736 75 83 83
347 146 37 80 72
347 113 61 67 67
125 741 85 97 93
58 579 94 100 97
58 637 12 33 24
637 526 64 85 67
637 817 76 88 77
637 264 31 67 46
479 400 72 75 73
479 490 30 45 36
479 652 16 28 19
479 599 24 82 25
60 713 48 53 49
60 304 16 24 16
713 610 15 16 16
713 626 85 93 86
304 429 64 77 77
304 818 70 80 71
304 15 87 91 87
304 638 65 89 89
304 115 10 49 47
61 257 68 75 69
61 80 13 70 62
80 798 85 89 85
80 791 50 86 51
80 198 15 51 40
62 664 75 88 78
62 325 25 55 44
62 645 91 98 92
664 718 84 99 95
664 114 63 92 92
664 610 25 48 33
664 594 75 87 77
664 696 88 94 94
325 408 94 99 95
325 657 35 91 61
645 322 81 89 88
645 614 90 98 93
645 734 75 88 84
645 183 53 71 62
63 618 17 30 29
63 49 27 54 35
618 602 90 100 95
738 548 17 42 39
738 662 29 70 68
738 397 15 59 57
65 376 32 66 54
376 18 89 92 89
66 425 24 83 77
66 168 93 100 100
66 514 89 97 93
66 671 46 74 59
66 796 48 63 54
66 38 92 97 93
168 457 52 100 62
168 82 27 91 65
168 93 22 56 24
168 374 29 86 32
514 109 71 87 83
514 655 95 99 96
796 329 39 48 46
796 730 50 95 65
796 754 69 94 82
67 382 27 63 61
67 6 22 95 79
67 63 38 83 61
67 495 65 99 89
67 244 94 95 95
67 83 51 56 52
382 113 47 84 84
382 718 79 82 79
382 398 31 50 46
382 798 61 87 82
382 781 16 72 31
382 777 40 70 45
382 179 70 85 80
495 670 32 93 76
495 21 27 60 52
495 699 15 64 29
495 132 60 91 62
495 282 18 45 36
244 55 30 70 51
83 335 33 49 37
83 125 79 94 91
69 290 16 45 21
69 554 63 84 84
290 570 21 79 23
290 509 72 81 78
290 69 54 92 75
554 553 79 84 80
554 810 64 68 66
70 346 64 71 70
70 276 62 77 64
346 751 65 73 66
346 817 45 72 66
346 267 32 71 39
276 154 19 76 58
276 627 43 75 66
71 325 73 83 83
71 728 53 56 55
71 150 11 22 17
150 562 43 75 61
150 267 66 74 70
150 420 56 64 61
150 58 68 78 77
72 244 17 75 55
72 201 36 69 40
72 165 32 54 41
201 75 29 35 31
201 15 70 78 71
73 25 17 97 82
73 703 34 59 43
73 494 15 34 17
703 176 30 51 35
494 585 34 49 43
494 109 21 84 80
494 267 22 96 92
494 134 14 17 16
452 246 26 42 34
452 658 45 72 62
452 733 10 68 51
452 126 22 82 72
452 436 57 75 72
491 468 35 66 43
491 645 49 65 57
491 156 14 44 41
491 499 66 70 68
148 39 42 70 61
148 333 50 61 56
148 303 93 96 93
148 146 31 60 47
148 681 26 48 41
75 757 44 94 50
757 151 64 84 68
757 9 79 86 81
757 240 29 82 66
757 467 86 87 87
76 739 29 98 60
76 597 67 97 71
76 627 29 92 92
739 701 28 93 40
739 669 12 62 31
739 19 79 84 82
597 274 62 81 63
597 559 10 68 29
597 656 40 68 56
597 657 93 98 93
597 758 81 96 91
627 110 52 55 52
627 419 37 66 40
77 33 32 86 45
77 713 84 88 87
77 321 92 93 92
77 657 64 97 64
321 418 17 55 48
321 401 44 79 66
657 731 32 91 65
657 98 13 50 13
657 755 60 63 60
657 581 37 89 42
657 806 49 56 53
78 746 72 94 78
78 207 25 40 40
78 504 59 62 59
78 23 68 83 71
746 373 23 58 35
746 731 71 93 93
746 440 80 84 81
207 277 82 99 90
207 437 19 34 29
207 680 14 27 25
504 174 75 77 77
504 122 71 92 71
79 369 25 95 63
79 816 36 66 44
369 639 93 96 93
369 76 88 93 88
369 220 61 72 70
816 619 12 44 27
816 289 94 96 95
798 312 92 96 94
798 446 25 97 43
798 200 38 92 47
798 147 70 81 76
198 336 46 50 49
198 619 27 52 43
198 201 87 90 87
198 99 56 86 62
81 156 66 84 78
81 231 43 47 44
81 0 29 53 51
81 605 64 81 80
81 197 70 93 79
81 416 34 99 57
156 654 59 81 73
231 439 12 25 16
231 808 44 97 94
231 187 16 98 44
231 175 35 54 54
231 465 49 53 52
605 80 37 57 41
197 342 44 76 45
197 321 74 89 87
197 199 90 94 93
197 356 28 56 33
416 1 62 89 67
416 499 60 71 65
82 387 29 60 47
82 766 43 94 52
82 18 92 100 100
82 406 12 29 24
387 813 64 69 67
387 436 92 100 99
387 257 93 94 93
387 811 76 89 85
766 691 94 97 96
406 670 13 40 36
406 146 81 82 82
406 650 67 89 80
335 341 15 30 16
84 729 23 97 71
84 557 35 46 43
84 702 49 67 63
84 239 92 100 94
84 376 34 68 46
84 371 59 60 60
729 150 41 55 44
729 655 89 94 91
557 627 43 72 49
557 567 92 100 98
557 420 58 76 59
557 69 61 64 61
557 771 23 28 24
557 255 48 76 69
557 85 52 97 59
239 450 54 89 85
239 650 51 92 59
239 21 61 72 72
239 317 48 73 71
371 739 56 71 56
371 413 54 66 62
371 575 56 86 75
371 225 74 87 74
371 640 41 87 42
371 47 47 84 73
85 553 69 81 78
85 709 84 85 85
85 311 73 79 79
553 745 82 84 82
553 378 71 98 83
553 729 68 89 80
553 563 49 96 90
553 436 83 91 83
553 245 72 85 75
553 271 11 18 15
709 623 60 69 67
709 812 92 98 95
311 436 88 93 93
311 386 55 56 55
311 648 82 87 85
86 771 57 60 57
86 180 12 62 35
771 47 24 75 25
87 278 74 94 89
87 665 64 88 73
87 537 51 58 58
87 800 30 60 38
87 276 18 82 53
87 582 28 54 48
87 733 33 77 37
87 598 75 100 94
278 262 20 73 24
278 439 15 47 20
278 563 80 82 81
278 412 48 74 74
665 622 52 97 70
665 249 47 51 49
665 112 21 33 26
665 502 81 90 89
537 478 60 67 60
537 587 31 90 32
800 560 19 95 37
800 224 35 76 53
800 3 81 91 82
800 746 31 82 55
582 785 15 76 17
582 816 52 64 52
582 280 10 59 45
582 30 76 82 76
582 337 63 91 72
582 803 34 64 39
733 350 70 82 76
733 772 57 70 61
733 167 40 60 54
598 386 93 99 96
598 389 75 91 81
598 477 52 81 56
88 297 47 81 50
88 398 84 93 90
88 489 66 76 73
398 521 24 61 38
398 451 38 82 65
398 778 29 91 34
398 251 52 97 80
398 377 67 84 70
489 110 42 98 75
489 424 10 56 16
489 302 70 98 94
489 774 14 72 52
489 48 70 75 74
489 817 64 77 77
489 433 79 80 80
89 488 58 72 62
89 612 89 96 94
89 135 20 82 72
89 707 89 99 95
89 364 33 81 39
89 418 93 97 93
89 414 61 95 95
89 765 41 78 56
89 267 62 91 81
488 450 23 45 27
488 444 14 53 15
488 742 42 86 61
488 768 94 99 98
612 146 25 63 35
612 700 57 90 79
612 344 57 90 59
612 537 65 78 73
135 317 93 94 94
135 42 65 90 70
707 281 65 99 74
707 732 51 66 65
707 566 13 48 42
418 511 78 100 94
418 532 55 95 69
414 474 85 93 92
414 696 60 67 62
414 816 31 49 32
414 333 51 77 68
267 537 32 92 74
90 545 45 88 86
545 616 76 83 80
545 257 93 98 94
545 410 42 63 59
545 713 64 96 94
545 202 32 62 59
545 131 28 42 32
91 454 11 68 24
91 233 54 69 67
233 816 28 92 63
92 195 89 90 90
92 350 30 54 30
92 418 38 70 61
350 530 53 68 60
350 788 24 91 89
350 612 39 77 46
350 178 54 85 61
350 105 36 86 82
94 600 85 88 85
94 667 71 90 73
94 181 90 94 92
600 726 30 97 58
600 85 73 76 74
181 119 91 94 93
181 593 69 91 80
181 785 41 54 43
96 55 19 38 31
96 398 87 97 95
96 488 24 62 38
96 479 17 35 31
97 152 38 99 88
97 6 24 55 30
97 221 18 40 19
97 655 62 87 68
97 76 54 79 72
97 391 71 85 71
152 546 57 92 86
152 64 54 89 72
152 315 43 56 56
221 692 17 20 17
221 464 13 74 24
221 565 38 93 54
655 23 13 39 27
655 95 35 46 36
655 584 31 83 35
391 781 70 87 77
391 149 21 23 22
391 689 11 52 45
391 376 77 93 91
391 230 57 92 65
391 283 82 97 96
327 254 70 73 70
327 487 48 100 60
327 675 25 33 30
327 51 88 98 95
427 650 79 100 83
427 569 62 87 64
385 463 29 49 36
385 760 30 37 33
385 583 17 100 69
385 779 90 94 93
385 257 72 89 74
99 510 48 87 78
99 759 71 86 72
99 361 89 94 90
99 298 36 77 54
99 592 86 99 87
99 431 66 94 84
99 462 22 36 30
99 613 80 86 81
99 715 95 99 95
510 329 71 79 74
510 21 56 85 83
510 373 71 100 72
510 596 44 77 45
510 146 20 23 20
759 614 24 27 25
759 770 40 72 65
759 94 53 81 62
759 6 40 72 55
759 395 73 91 84
361 238 34 36 36
361 59 55 85 66
361 819 33 72 47
361 488 52 82 60
361 473 87 95 95
361 662 19 84 21
298 148 63 69 67
298 493 19 92 20
298 780 75 93 93
298 572 25 86 68
592 582 25 95 70
592 19 56 61 59
431 320 59 60 60
431 18 44 99 88
431 492 24 47 32
613 258 51 97 63
613 800 42 61 54
613 561 85 90 87
613 145 29 36 36
100 121 37 56 45
100 694 26 68 29
100 236 37 87 48
100 734 80 98 80
100 414 70 79 77
121 48 32 80 63
121 522 74 81 76
694 464 82 89 88
236 303 89 90 89
236 255 24 61 44
236 815 45 78 72
236 195 25 72 50
236 645 64 77 76
236 240 41 89 72
734 186 55 64 64
734 223 57 58 57
101 797 34 64 55
101 303 90 93 92
101 819 39 62 55
101 70 90 95 94
101 369 35 84 55
819 774 17 68 63
819 393 91 95 91
102 579 51 69 65
102 339 95 97 97
102 59 75 80 76
339 407 79 91 83
339 665 75 93 76
339 566 13 85 24
339 776 24 25 25
339 731 44 48 47
103 601 57 80 80
103 707 29 45 45
601 84 51 92 57
601 101 48 64 54
601 14 59 67 60
104 198 12 71 16
104 386 11 33 32
104 582 76 93 76
105 796 93 98 98
106 19 52 97 63
106 475 68 78 68
107 131 78 84 80
107 41 40 97 56
107 426 64 97 93
131 346 39 55 55
131 582 56 86 79
131 742 18 73 44
426 13 22 86 72
426 222 28 81 51
426 782 34 44 43
108 157 38 70 48
108 274 94 97 95
108 708 76 99 99
108 673 24 80 37
157 133 27 96 87
157 585 42 45 44
157 818 54 68 62
157 419 63 89 71
157 178 17 99 87
157 579 33 57 56
157 482 69 70 70
157 416 94 97 95
274 344 36 84 73
274 284 40 60 60
708 410 67 84 68
708 707 74 96 89
673 517 88 93 88
109 642 23 67 56
109 372 45 75 70
642 648 16 91 88
642 473 58 83 72
642 123 70 97 82
642 62 16 62 48
372 439 44 87 65
372 237 53 74 73
110 530 21 40 24
110 208 72 93 79
208 531 75 78 78
111 697 78 93 78
111 345 45 97 90
111 661 93 100 95
111 38 20 57 55
111 456 75 87 85
111 327 15 34 19
697 750 78 93 83
697 207 49 73 53
697 543 63 85 81
345 414 14 68 31
345 523 70 99 98
661 518 26 69 30
661 365 89 93 89
661 69 67 96 75
661 202 86 97 94
661 132 62 89 68
661 576 36 61 45
661 303 32 100 46
456 314 84 89 84
456 44 79 82 79
456 807 79 91 86
456 34 17 85 37
261 305 34 83 42
261 113 23 94 47
407 454 10 71 66
663 639 55 81 60
663 304 48 77 67
663 107 20 37 23
663 101 94 95 94
779 465 79 91 87
779 195 13 24 13
779 479 31 96 60
113 345 40 100 60
113 170 16 29 23
113 552 56 58 56
170 379 47 74 57
170 359 14 28 28
552 707 68 81 78
552 10 66 72 68
552 801 13 61 61
114 755 37 39 37
114 655 62 80 68
114 630 81 83 82
755 763 79 80 80
755 560 20 67 66
116 754 19 77 42
116 746 23 59 30
116 147 76 100 86
780 699 30 31 30
129 390 46 79 51
782 668 63 92 86
745 239 25 38 30
745 488 76 99 90
745 717 22 70 54
745 580 58 83 80
745 569 39 62 46
295 471 11 82 41
186 805 60 82 77
118 55 67 89 68
118 244 74 79 76
118 403 76 79 76
118 336 31 97 75
403 478 51 82 82
336 138 25 28 28
336 93 34 35 34
336 422 13 68 21
336 795 42 71 67
336 168 17 63 41
119 255 39 88 74
119 89 50 88 67
119 232 57 80 73
255 721 41 81 72
255 502 63 91 76
232 203 11 56 30
232 727 93 97 95
232 546 77 84 78
120 385 32 41 39
522 259 44 74 45
522 364 26 29 26
522 309 29 36 32
122 233 54 82 63
122 124 63 66 64
122 218 44 88 55
122 796 59 76 60
122 489 29 51 43
122 535 15 79 28
122 710 42 89 49
124 408 50 93 86
124 388 35 72 63
124 745 62 99 86
124 403 22 51 28
124 747 11 68 43
124 74 51 68 67
124 461 63 79 65
124 440 16 59 34
218 191 58 68 59
123 636 50 78 69
123 309 48 51 51
123 190 92 97 96
636 553 76 97 88
636 780 54 58 55
636 605 49 65 62
636 359 64 79 69
309 497 10 80 15
190 331 85 91 89
190 552 72 90 81
190 238 24 37 31
190 195 39 53 44
190 730 89 90 90
190 297 77 98 79
190 200 87 100 95
408 287 12 14 14
408 768 45 60 50
408 480 39 94 66
408 180 67 85 67
408 323 45 89 73
408 647 54 82 54
388 522 41 89 70
388 495 47 76 54
388 190 72 80 75
388 648 34 67 67
388 517 64 84 65
388 640 21 54 46
747 422 25 34 29
747 460 23 49 48
747 73 67 71 68
747 784 28 47 35
747 306 63 96 75
747 285 30 100 30
747 770 45 98 49
440 469 79 82 79
440 460 20 47 29
440 730 45 97 93
440 357 17 76 50
741 144 43 78 53
741 134 85 92 88
126 714 39 90 82
126 59 78 86 82
714 707 72 75 72
714 698 85 96 86
714 224 50 60 58
714 208 62 92 77
714 417 77 98 97
127 567 37 74 74
127 658 73 78 73
127 432 61 100 99
127 609 33 87 81
127 622 13 50 32
127 44 58 66 63
127 456 61 89 71
658 480 85 97 92
658 673 78 80 79
658 502 62 96 93
658 575 57 79 71
658 346 52 95 89
432 622 84 86 86
432 624 60 80 65
432 212 15 50 30
432 159 62 98 64
432 258 75 100 85
609 698 18 99 50
609 744 13 74 36
622 190 23 27 24
622 784 32 82 61
622 252 26 55 28
622 389 75 86 82
130 375 13 77 58
130 178 41 89 60
130 88 19 53 49
178 253 36 74 61
178 315 90 98 94
742 303 90 96 95
742 423 63 75 74
742 514 37 64 49
742 329 75 93 89
742 652 90 92 91
750 358 56 88 74
750 195 10 34 10
750 499 28 51 51
750 386 61 84 63
133 727 78 80 78
525 610 34 74 37
525 697 72 83 82
784 404 13 89 45
784 21 89 92 91
784 557 85 91 91
306 632 47 66 57
137 793 56 98 64
137 473 13 84 71
793 117 17 83 38
793 480 69 98 85
473 306 27 68 41
473 562 47 51 47
138 725 90 94 94
138 308 24 68 26
138 328 18 73 70
138 618 87 98 90
138 568 16 78 23
725 397 88 91 89
725 201 61 63 63
725 734 63 91 91
725 417 61 81 67
725 677 81 98 93
725 819 10 71 64
308 658 54 90 58
308 55 42 88 45
308 704 67 76 69
308 231 43 95 75
568 771 27 86 31
568 750 37 80 79
568 284 10 90 47
568 779 11 57 14
139 191 85 96 96
139 463 25 47 26
139 353 12 42 32
139 559 51 64 58
139 480 39 100 79
191 791 29 51 32
191 537 95 98 97
191 461 57 68 57
463 387 54 72 59
353 670 47 98 58
353 265 85 89 85
353 652 26 86 76
353 467 94 97 95
559 83 87 98 87
559 80 43 69 46
206 574 60 86 64
206 481 82 89 85
206 539 88 99 98
206 151 16 84 68
141 781 76 100 95
141 221 58 84 81
141 142 67 75 71
141 750 41 88 50
781 374 67 77 71
142 163 86 87 86
142 638 23 67 66
142 282 48 58 48
142 487 14 73 54
142 101 20 94 32
142 227 60 66 64
163 105 22 89 30
163 515 76 97 89
163 574 15 40 31
163 432 88 94 88
638 447 33 95 91
638 93 82 92 90
638 764 33 89 78
638 743 90 94 91
282 279 10 69 29
282 614 65 95 75
227 157 42 52 45
227 580 83 97 87
227 271 70 90 71
227 740 65 67 65
227 631 65 71 67
227 714 14 95 68
227 46 25 84 66
227 550 17 24 18
227 819 59 86 84
227 53 51 68 52
227 171 21 23 21
227 49 15 29 16
143 435 58 98 83
143 793 26 64 63
435 638 75 79 78
435 389 11 55 16
435 35 94 97 94
435 245 41 79 61
192 640 34 80 53
283 186 78 85 84
283 753 69 92 81
283 670 38 62 62
283 271 60 91 72
283 615 67 69 69
283 463 75 82 82
146 735 75 91 81
146 348 56 78 69
146 128 22 24 23
146 656 37 56 43
146 88 78 97 89
146 628 91 95 93
146 742 87 100 93
146 193 21 66 42
735 416 88 97 95
735 86 62 69 63
735 180 29 47 34
348 64 87 88 87
348 102 77 93 83
656 123 55 58 57
656 570 25 38 27
628 519 88 97 93
628 766 92 97 93
628 471 69 78 77
193 21 11 17 12
193 134 46 50 49
193 50 49 58 49
333 232 85 95 95
333 723 39 65 45
333 314 46 49 48
333 216 39 53 45
333 340 39 98 89
333 138 31 90 40
149 188 43 93 60
149 392 35 79 46
149 688 53 71 62
149 607 73 78 76
149 226 95 97 95
149 640 42 82 47
149 815 78 81 79
149 66 35 40 39
188 35 90 98 95
188 560 95 96 95
188 363 22 85 79
188 502 12 36 32
188 611 62 87 70
188 538 67 91 76
188 762 57 85 81
188 322 59 79 70
688 818 18 54 41
688 690 82 89 88
688 783 17 99 71
607 722 39 82 46
607 653 93 97 95
607 155 45 51 51
607 411 42 66 65
226 526 10 56 40
226 344 20 77 34
226 644 76 94 85
226 773 24 99 41
226 698 12 78 62
226 690 37 74 41
562 29 41 58 52
151 405 44 99 79
546 433 20 26 25
315 410 89 94 91
315 326 83 87 83
315 612 41 46 45
153 220 49 54 52
153 494 30 98 97
154 86 65 79 73
154 761 63 87 83
154 530 58 83 66
761 629 30 56 40
761 64 86 87 87
761 438 61 83 71
761 409 67 90 76
761 337 35 60 44
155 51 94 96 95
155 326 23 57 25
326 168 35 40 36
326 677 61 98 83
585 110 42 47 46
585 489 17 93 31
585 451 12 22 13
818 459 30 37 34
158 383 67 73 71
158 457 54 63 58
158 8 93 94 93
383 605 82 83 83
383 661 93 99 96
457 300 66 72 69
457 734 51 96 61
457 750 75 79 77
457 121 42 60 51
240 292 93 96 95
240 551 77 85 81
433 442 46 91 51
433 137 72 100 97
160 574 28 42 34
160 447 18 54 34
160 7 29 60 30
160 542 75 77 75
574 754 91 95 94
574 496 84 85 84
542 762 27 57 57
542 443 20 51 35
162 543 43 91 68
162 772 69 70 69
162 459 82 99 96
543 335 78 87 83
543 726 69 83 69
543 620 13 29 22
772 324 92 99 95
772 206 49 63 60
772 671 54 90 59
772 716 91 96 93
772 414 58 64 58
772 101 32 65 37
459 268 79 89 85
459 774 61 76 68
459 493 78 89 84
515 347 94 97 97
515 705 27 99 77
515 506 90 99 98
515 400 92 97 96
515 160 71 90 82
515 625 66 77 77
164 479 70 100 88
164 190 34 93 72
164 185 26 49 44
164 564 22 73 31
164 796 71 85 81
164 57 24 44 42
185 320 34 46 45
185 35 51 54 51
185 648 70 83 83
564 108 60 74 60
564 80 70 94 86
564 592 39 70 55
210 734 59 85 71
210 385 51 69 55
210 574 43 94 59
210 39 15 34 20
166 711 71 84 84
166 742 15 53 46
166 713 24 55 43
711 704 95 98 96
711 217 89 94 90
167 109 22 92 91
374 202 41 82 62
374 118 29 63 35
374 409 10 20 13
200 364 15 36 35
359 569 92 96 93
359 728 13 30 21
359 537 12 16 13
359 173 52 97 90
359 5 91 98 93
359 303 18 70 43
171 202 67 77 75
171 818 30 51 40
171 158 61 70 69
171 331 33 82 81
202 686 58 88 62
202 683 16 27 27
202 342 19 75 37
202 677 19 78 54
202 553 18 66 48
331 321 55 99 67
331 638 95 97 96
173 30 66 92 90
173 450 65 79 75
173 781 82 97 85
173 281 54 83 77
174 343 24 87 83
174 549 55 78 57
343 796 50 83 75
343 36 62 68 64
343 306 84 87 87
343 427 26 68 33
175 26 36 38 37
175 180 83 92 91
175 561 10 72 48
175 119 54 69 59
561 469 92 95 95
176 496 12 70 30
176 445 15 35 30
176 77 95 97 96
176 432 91 97 95
176 4 82 98 85
176 494 28 69 60
176 818 84 93 88
496 820 28 78 56
496 445 55 57 57
496 474 65 72 68
445 216 41 98 61
445 49 18 55 37
445 262 86 90 90
439 670 64 99 78
439 354 82 93 84
439 110 92 95 93
439 578 34 52 42
289 171 94 98 95
289 657 55 91 72
289 244 43 93 52
289 304 66 75 73
253 319 56 72 60
253 311 56 100 66
253 249 21 37 28
253 350 89 91 89
179 237 82 86 83
179 157 41 99 61
179 541 21 53 31
179 147 65 94 68
541 167 68 87 83
541 128 55 84 79
541 170 53 73 72
541 475 38 46 39
593 438 18 37 36
182 154 68 88 72
184 673 50 63 56
648 107 68 77 71
648 67 31 54 42
648 483 33 54 53
648 149 89 97 90
187 493 63 70 67
187 271 57 74 64
187 26 42 72 65
187 447 17 97 96
187 55 38 60 50
187 146 53 95 69
493 400 69 96 69
493 593 59 68 60
493 799 30 45 42
493 395 59 78 69
271 135 31 75 67
271 330 66 85 80
271 535 42 79 56
363 465 61 62 62
363 507 47 62 62
363 48 48 79 74
363 187 81 92 90
363 61 15 26 18
502 138 37 59 49
502 148 84 98 88
502 388 31 52 47
611 365 54 73 61
611 46 68 82 68
762 396 29 97 52
762 455 84 94 88
762 429 77 89 79
322 16 81 95 89
322 139 13 69 57
322 672 21 62 34
322 444 55 93 92
189 608 88 100 89
189 585 64 81 76
608 553 57 88 69
608 194 48 92 87
608 584 22 82 49
608 356 78 87 78
608 669 24 74 49
730 230 18 57 35
730 594 75 86 81
194 233 35 56 52
194 107 40 65 61
194 173 88 92 92
194 157 31 93 90
194 357 26 80 70
196 783 21 38 23
196 617 16 65 52
196 501 64 77 74
196 49 13 96 22
196 189 56 59 58
196 718 63 80 69
196 513 76 92 78
617 404 72 87 73
617 691 11 78 45
617 759 16 29 22
342 712 24 70 59
342 512 78 87 83
342 772 44 64 56
199 542 14 17 16
199 397 94 97 94
199 195 79 86 85
199 180 25 42 27
199 754 61 65 63
199 601 82 84 82
356 21 89 98 91
356 115 63 67 67
356 533 58 94 74
356 583 55 92 74
356 433 66 94 79
397 245 17 78 66
397 516 90 92 91
397 196 88 90 88
397 237 40 97 67
397 105 77 79 77
397 449 36 45 39
686 632 78 94 91
683 677 36 90 77
683 364 79 88 80
683 779 82 98 82
683 460 77 93 81
683 423 80 90 80
677 651 66 68 66
677 208 78 89 88
203 679 20 90 82
203 755 52 59 52
203 739 37 42 40
203 269 63 75 66
203 182 37 41 37
205 454 30 94 60
205 223 41 51 45
205 451 72 74 74
223 607 84 89 84
223 479 84 86 86
223 55 35 42 35
223 219 74 84 84
481 400 10 29 14
539 491 47 66 65
539 384 58 62 61
539 423 30 93 75
539 179 55 68 62
539 417 12 51 35
539 257 80 88 86
277 218 53 82 78
277 352 29 94 57
680 38 92 97 96
680 104 64 99 70
680 391 90 92 92
531 59 23 68 29
531 417 32 49 33
531 461 19 58 40
531 243 15 44 38
531 489 60 70 68
531 209 68 77 69
209 24 82 85 82
209 343 59 99 71
211 659 43 80 68
211 621 39 87 68
211 514 32 86 45
659 91 35 75 63
659 26 94 96 96
659 561 95 100 99
251 432 15 51 17
251 380 68 98 85
251 676 56 92 63
213 747 83 87 86
213 260 83 85 85
213 325 52 91 86
260 733 95 96 96
260 291 16 77 45
260 731 79 98 81
260 519 32 78 56
817 480 22 54 28
817 312 46 62 52
817 269 89 91 91
529 104 18 69 30
216 177 18 77 50
217 532 43 48 45
217 487 50 91 62
532 499 15 53 32
219 492 65 91 81
219 553 48 54 53
492 717 66 100 90
492 236 20 40 38
444 285 28 65 50
486 373 14 78 74
486 620 70 92 74
486 816 55 65 62
486 467 26 28 26
486 815 79 82 82
319 412 65 95 81
319 716 66 87 80
319 679 88 89 88
692 741 41 45 44
692 235 62 80 80
692 616 36 48 45
222 581 42 44 42
222 736 35 72 72
222 778 69 100 82
222 297 41 74 52
222 128 63 87 78
222 363 46 73 54
581 725 87 93 87
778 486 90 96 94
778 58 27 33 28
778 13 36 79 53
224 286 26 88 33
225 288 74 95 78
225 267 68 88 68
225 576 63 79 63
288 559 75 99 98
288 19 63 78 69
288 245 59 75 73
288 95 43 65 63
576 445 40 48 40
576 681 80 86 85
576 208 88 93 91
576 606 73 79 75
526 20 36 51 46
526 183 53 62 59
526 660 48 85 61
526 448 10 77 43
344 315 60 69 66
344 713 36 78 70
644 458 30 49 40
644 609 58 97 90
644 744 72 88 87
644 663 81 100 88
644 611 45 85 66
698 576 40 83 67
698 453 13 23 13
698 301 45 98 97
698 632 16 46 19
698 622 93 94 93
580 746 64 99 91
580 569 49 78 76
229 203 91 92 92
230 110 24 58 37
230 188 79 89 86
230 695 21 66 41
230 447 67 70 67
230 578 84 98 94
230 403 33 76 44
695 679 70 82 79
695 495 11 17 15
695 494 59 76 71
695 510 78 90 80
695 480 14 43 32
695 382 91 96 91
695 71 79 96 83
695 532 10 83 65
578 285 37 69 44
578 557 40 51 46
808 510 94 100 99
808 742 36 80 65
808 669 74 75 74
808 234 17 92 78
808 712 46 67 50
808 448 23 89 40
808 602 35 53 41
808 766 79 96 87
808 690 21 63 36
465 383 47 49 49
465 413 55 58 57
465 372 21 61 38
465 123 51 70 61
465 779 54 93 84
465 288 51 87 71
235 588 83 89 88
235 530 84 100 95
588 687 92 97 97
588 61 92 94 93
588 216 26 58 33
588 472 48 73 61
588 53 27 85 71
588 103 84 100 93
249 650 76 78 78
650 142 23 30 30
650 14 85 88 88
650 728 67 78 71
650 391 66 71 70
292 323 19 93 93
292 70 70 86 86
292 217 83 98 90
292 173 47 91 58
551 214 92 96 94
551 326 66 96 91
551 764 36 48 39
241 684 48 85 67
242 555 49 52 50
243 33 16 22 20
243 442 34 91 89
243 653 54 61 54
442 694 69 70 70
442 306 44 45 45
442 645 45 92 89
442 816 57 63 57
653 579 58 77 77
653 492 59 93 66
653 167 61 98 62
245 58 39 68 67
246 437 45 79 48
246 431 87 100 91
246 499 34 75 38
499 476 49 95 79
499 544 31 77 63
247 472 30 85 65
247 266 58 83 65
247 464 80 83 81
377 307 80 81 80
377 791 78 81 78
377 754 28 30 28
377 20 49 69 63
380 500 13 80 80
380 506 41 62 58
380 556 33 95 65
380 327 35 84 35
676 694 19 33 22
676 585 60 71 63
676 138 82 83 83
676 30 28 95 77
676 785 93 98 96
732 229 52 98 79
558 196 34 78 42
558 273 81 85 82
558 598 18 29 22
721 607 12 89 12
256 247 56 92 58
483 0 17 75 23
483 263 49 80 63
483 217 10 83 63
483 257 53 65 65
258 521 51 92 90
258 171 26 75 39
521 504 65 90 67
521 234 80 85 83
521 459 74 95 94
521 480 37 69 64
259 670 75 91 75
259 667 57 62 58
259 663 69 72 69
731 627 34 69 56
731 641 21 95 60
731 558 44 50 49
731 415 70 91 88
305 112 61 64 63
305 73 42 73 51
305 486 50 63 50
305 299 39 90 64
305 300 75 91 89
305 229 79 80 80
262 592 89 100 92
262 434 36 75 65
262 534 25 79 79
262 16 59 70 65
434 85 72 96 72
434 410 68 76 76
434 273 70 77 75
434 208 87 99 88
434 415 74 93 84
534 325 92 95 95
534 18 10 53 20
534 680 95 96 96
534 492 10 31 12
484 701 33 34 34
484 369 55 68 58
484 106 13 28 20
484 401 29 55 41
643 424 77 88 88
643 620 55 63 57
643 184 87 88 88
643 18 25 48 25
265 514 69 83 81
265 211 78 85 82
265 197 13 16 15
265 694 82 100 84
329 251 75 93 89
329 554 14 82 72
268 371 89 93 91
268 747 19 90 31
533 88 81 92 83
533 715 52 56 52
533 534 49 96 86
393 268 90 97 90
393 150 90 100 96
393 163 87 95 89
270 265 23 39 30
270 541 33 41 35
270 348 61 77 66
270 192 85 97 97
272 550 52 65 54
272 777 69 91 89
272 266 56 58 56
273 779 72 86 78
273 816 88 98 93
273 558 77 86 85
273 312 40 44 43
273 186 45 52 48
273 302 77 80 80
312 678 62 71 70
312 765 62 64 64
312 147 80 83 81
312 125 30 80 40
284 583 35 88 46
284 768 27 91 43
563 414 82 92 86
563 715 12 73 43
279 770 57 58 57
279 392 84 91 84
280 337 85 92 85
280 793 52 91 73
280 710 11 79 16
614 319 40 90 60
614 440 18 39 31
583 327 89 98 98
583 376 80 88 82
583 208 66 82 77
583 136 21 61 44
583 435 25 74 26
285 612 65 74 73
285 381 92 96 94
285 422 38 61 53
285 655 77 91 88
381 169 79 82 81
381 454 79 100 93
287 558 53 55 55
287 193 42 43 42
287 313 10 61 52
313 737 31 74 46
313 591 77 89 87
313 38 35 80 77
313 497 33 86 77
313 801 83 92 83
570 525 25 42 27
570 26 67 83 76
509 630 56 95 79
449 213 93 98 97
449 777 35 58 43
449 765 92 98 95
323 528 18 43 38
323 293 58 87 69
323 766 57 72 61
293 408 29 47 33
294 149 32 46 32
294 164 76 90 80
294 654 56 88 81
471 817 42 97 76
471 435 75 97 84
296 143 35 79 39
296 522 23 55 49
296 267 62 78 71
296 676 28 36 31
296 793 39 41 39
296 261 64 86 65
296 549 24 36 33
706 62 68 87 87
299 116 68 82 80
299 626 36 92 71
299 572 23 47 32
299 435 76 83 81
299 475 58 71 64
299 606 17 78 18
299 427 64 87 65
626 257 65 85 69
626 249 78 93 86
626 274 61 74 68
626 514 88 89 88
606 138 13 51 38
606 141 85 93 90
606 674 20 90 21
606 336 35 66 65
606 232 19 70 52
606 769 11 36 16
606 811 79 87 82
606 11 32 90 44
606 608 69 84 84
606 393 11 13 12
300 335 17 24 18
301 707 21 64 40
301 436 60 88 75
301 511 57 70 57
301 64 11 79 41
436 379 72 89 89
436 502 24 81 30
668 386 30 70 70
668 144 43 49 49
518 218 59 88 78
518 610 38 81 47
751 555 34 80 62
751 621 54 69 61
751 4 29 93 81
751 117 38 94 72
751 774 48 52 48
751 169 48 80 78
429 80 27 66 40
429 250 67 91 83
632 761 72 83 83
632 100 52 91 81
632 539 45 95 89
632 387 50 65 64
497 701 34 98 87
497 429 79 85 79
497 324 67 73 72
497 259 56 63 59
497 109 67 90 81
497 743 61 79 61
310 658 94 98 94
310 581 11 42 20
310 337 25 60 45
310 157 43 65 57
310 357 52 77 58
678 354 69 75 73
737 820 41 85 62
737 658 45 83 81
737 798 45 67 51
737 589 60 79 64
737 30 64 71 69
591 545 73 99 88
591 389 52 88 75
801 383 78 97 95
801 202 76 82 76
801 130 61 73 68
595 573 53 69 68
595 581 83 94 91
421 196 14 41 16
421 775 37 93 62
421 115 45 93 67
421 596 25 77 37
421 316 66 96 91
421 748 59 83 80
421 742 47 98 60
421 246 47 84 55
421 704 66 75 71
410 87 91 94 93
410 818 51 100 71
410 96 44 98 46
410 381 56 77 74
401 588 36 48 38
401 365 13 39 20
401 298 92 98 93
401 554 58 75 63
401 722 71 87 75
672 175 46 68 57
672 631 10 77 14
672 787 25 89 56
672 804 81 95 82
672 198 87 98 92
672 420 39 85 45
528 123 72 79 78
528 399 22 80 79
528 778 17 68 63
528 194 70 74 71
528 591 87 99 90
324 98 95 98 97
324 367 33 86 66
324 486 33 71 54
324 548 59 62 62
548 781 24 95 66
548 658 23 45 40
675 276 93 96 94
675 141 27 62 27
675 662 47 81 65
685 271 36 39 38
685 117 13 26 16
685 276 28 46 34
685 780 22 51 43
685 638 35 74 38
723 23 31 85 45
723 646 57 62 59
723 451 39 77 59
340 469 87 91 91
340 492 33 41 37
340 433 70 78 76
340 146 54 61 59
340 52 27 94 27
340 496 81 92 83
334 16 38 87 60
341 496 75 97 80
341 436 44 98 46
341 514 73 99 90
341 132 80 100 94
341 488 89 91 89
341 93 10 96 14
795 567 54 81 57
795 224 51 95 87
795 159 59 61 60
795 560 90 92 91
566 247 47 50 50
469 721 34 91 55
523 509 69 93 93
523 559 42 53 47
523 731 25 40 29
523 63 60 91 90
523 477 51 54 51
523 775 67 88 67
349 23 30 68 38
788 212 18 93 87
788 540 21 90 50
351 482 25 29 28
351 80 51 68 58
351 276 93 94 93
351 85 83 91 84
351 11 22 57 47
467 218 69 77 77
641 399 89 94 92
641 459 37 47 38
641 697 51 96 90
355 269 86 91 88
355 474 15 70 39
355 583 30 90 84
358 436 74 85 84
358 407 23 56 43
358 71 41 82 73
569 450 55 100 76
569 93 90 97 94
569 132 25 87 73
360 285 93 94 94
360 69 58 84 75
662 406 89 93 93
662 209 69 89 88
662 797 72 92 92
662 389 33 82 59
662 562 13 93 43
662 655 11 29 23
362 315 73 80 73
362 227 72 85 72
362 711 42 64 50
362 485 70 79 70
485 342 21 42 31
485 441 27 34 28
507 18 52 60 56
430 387 25 87 80
366 304 14 93 17
366 39 39 41 41
366 232 72 96 87
368 670 40 44 44
368 764 78 100 82
368 163 79 86 82
368 305 88 90 90
368 475 87 97 87
368 555 10 74 33
639 552 48 95 83
639 83 14 66 36
639 338 48 79 48
639 516 71 73 73
370 799 48 96 76
370 384 89 94 89
370 468 22 75 24
370 121 38 69 57
370 767 25 64 54
370 618 45 74 71
370 110 72 94 93
370 361 84 94 85
799 289 81 96 82
468 128 51 55 52
468 174 35 72 59
468 621 13 36 31
468 154 33 44 39
468 718 72 82 79
468 782 23 42 31
468 328 81 92 81
767 219 91 99 99
767 174 46 88 49
413 185 52 65 53
413 143 32 77 32
413 738 20 90 77
575 381 12 34 24
373 197 48 51 49
373 627 28 84 44
409 218 74 84 81
378 736 80 93 84
378 113 73 99 92
378 335 64 72 68
448 652 15 65 45
448 714 16 89 70
448 109 41 87 43
448 817 95 100 99
556 764 49 97 68
556 768 89 97 94
556 636 75 81 77
760 348 68 79 71
760 673 81 97 94
760 727 16 36 23
760 675 47 72 63
760 399 29 38 30
490 726 57 79 57
490 304 44 57 49
490 60 16 36 27
417 242 74 79 79
813 383 56 95 77
813 537 58 87 85
813 670 75 81 79
813 150 38 59 53
517 536 22 73 37
517 14 88 99 93
394 60 77 92 79
394 463 31 43 31
394 568 24 38 30
395 303 59 70 59
395 641 20 73 64
396 143 57 72 57
396 438 78 88 80
396 549 28 67 34
396 731 19 86 71
438 433 60 75 68
438 700 72 73 72
438 306 58 60 58
438 237 34 89 52
516 123 51 83 56
516 554 19 33 21
399 431 85 99 95
399 660 50 64 59
399 1 21 100 27
660 318 80 94 81
660 293 66 87 69
660 312 88 98 95
660 460 92 98 98
660 17 66 74 70
660 634 11 80 41
400 375 81 94 94
400 343 74 99 80
400 157 19 35 23
400 337 18 89 35
722 666 74 85 79
722 56 82 92 82
722 592 88 96 94
722 341 18 68 20
722 119 24 73 40
478 161 60 82 63
478 537 49 85 69
478 788 34 88 64
478 488 10 27 21
478 640 12 57 28
404 557 62 86 80
404 613 41 78 72
404 102 28 49 32
404 531 54 92 81
404 357 12 47 26
647 794 78 85 81
647 523 93 96 96
647 394 54 61 54
647 20 21 92 89
647 640 67 92 90
411 218 74 86 81
411 762 12 43 19
411 804 90 95 90
411 413 85 99 99
804 529 64 81 66
804 507 14 100 74
804 718 70 100 100
804 623 49 62 50
804 709 95 99 96
804 154 11 96 29
596 47 43 82 54
596 271 51 61 60
748 214 12 28 20
748 539 71 78 77
748 777 10 21 14
748 6 13 78 48
748 250 31 51 31
748 393 92 97 96
423 539 20 65 55
423 222 62 77 62
423 7 47 52 47
424 122 46 83 46
424 512 18 24 18
428 105 37 43 40
428 603 77 91 79
428 31 61 73 63
428 328 18 83 70
428 715 21 29 25
603 584 72 78 73
624 598 13 45 44
624 569 56 66 65
700 492 36 97 62
700 382 20 83 70
460 260 76 93 85
441 696 56 72 65
443 628 69 85 74
443 123 91 100 97
443 196 65 97 80
443 595 34 85 51
443 290 95 97 97
443 733 22 76 30
443 210 69 70 69
443 29 10 62 44
508 534 42 59 56
508 253 62 78 73
508 618 18 77 21
508 244 15 85 45
508 670 36 50 46
455 522 51 60 59
455 806 89 98 89
806 394 31 37 31
807 659 35 48 42
807 483 76 82 80
807 429 82 89 83
807 581 13 70 47
458 312 56 59 56
458 465 94 97 97
458 720 47 73 71
720 647 88 95 95
720 765 84 89 88
720 390 13 66 62
720 358 12 46 42
774 44 55 90 75
774 286 85 96 90
774 793 19 36 25
774 763 12 93 85
774 237 39 98 89
466 735 40 76 48
470 340 51 92 53
470 449 40 59 43
470 560 93 94 93
520 363 94 97 96
477 102 41 74 47
477 794 10 56 36
794 667 61 96 93
794 71 43 88 87
701 310 50 80 70
701 240 61 70 70
701 318 75 92 86
701 257 36 52 44
620 778 46 77 60
726 351 90 94 90
726 673 39 70 40
726 688 73 90 86
726 808 65 97 85
699 690 92 98 95
699 456 86 92 91
820 735 80 83 81
743 701 89 91 89
498 181 14 22 18
498 371 16 95 69
498 536 41 97 77
536 400 21 25 21
536 672 90 93 90
544 8 39 54 44
544 682 35 72 45
544 630 81 98 85
503 538 35 81 71
503 501 95 99 99
503 749 35 59 35
749 807 39 74 61
749 667 67 76 71
749 758 49 73 69
749 805 35 79 35
505 77 51 74 54
505 750 61 97 76
505 653 21 70 28
802 442 62 75 75
802 596 70 82 81
802 749 54 96 55
802 50 36 54 36
802 62 51 81 60
802 755 68 69 68
802 373 39 71 56
705 657 43 85 83
705 364 51 57 56
625 20 79 86 82
625 164 29 61 55
625 706 46 63 52
610 708 77 82 77
610 55 38 77 57
610 664 26 48 31
814 568 29 54 35
524 358 50 84 76
524 7 30 100 59
524 280 41 68 51
524 560 61 62 62
587 782 86 87 87
587 358 45 58 51
587 529 72 90 73
587 804 15 48 47
587 743 76 86 83
540 458 28 30 28
540 159 38 95 79
540 683 24 68 27
616 494 49 55 52
616 482 49 87 53
616 424 93 96 95
616 213 73 97 92
691 820 19 87 80
691 456 60 84 60
691 78 76 77 76
691 309 48 51 48
691 389 94 98 95
810 686 33 53 52
810 781 35 56 52
810 399 26 94 64
577 648 54 86 69
577 589 91 96 95
577 295 84 85 85
803 769 80 81 80
803 49 30 53 51
803 199 95 97 97
803 381 60 73 64
586 451 47 82 73
586 348 70 97 83
586 367 77 88 85
586 522 39 56 43
586 182 44 66 53
687 492 46 100 93
687 699 56 64 63
687 373 92 99 94
687 139 86 95 88
687 326 17 26 22
687 786 82 100 86
687 507 93 94 94
590 159 34 37 36
590 522 79 93 91
594 421 14 24 15
594 653 45 99 72
594 686 59 90 68
594 159 29 39 35
594 28 24 93 46
758 151 65 70 67
758 257 86 96 96
758 500 33 68 48
602 213 52 55 52
602 471 30 42 33
602 238 52 72 68
602 696 88 92 90
602 466 31 82 50
602 490 84 85 84
604 669 29 68 31
604 708 50 67 67
604 692 72 77 73
674 642 13 44 38
674 246 91 94 93
769 171 20 47 33
769 472 22 53 45
769 180 11 36 23
769 429 23 37 27
769 250 55 80 62
769 322 59 94 79
744 633 69 79 79
744 550 93 99 95
744 59 24 54 40
623 468 57 76 66
629 350 20 61 29
629 701 62 81 81
629 95 89 99 98
629 313 32 45 33
634 532 11 36 20
634 87 38 49 39
634 696 41 71 65
634 203 64 93 92
646 684 79 97 85
646 800 26 58 34
646 712 82 94 92
646 498 28 67 36
646 164 83 92 88
646 272 50 97 74
646 394 66 80 72
646 388 33 66 58
649 708 49 58 54
649 655 95 99 96
649 422 35 62 45
649 552 60 92 80
651 542 26 65 64
651 10 49 65 60
666 370 78 81 80
666 798 65 69 68
666 763 10 66 44
666 128 29 89 52
666 270 81 95 92
787 268 56 74 58
787 311 74 76 75
786 38 84 90 85
786 459 34 35 34
809 71 16 65 44
809 25 46 62 46
693 449 87 96 92
693 516 16 96 56
693 163 58 61 58
693 86 29 39 38
693 32 22 91 79
693 737 69 90 84
693 258 26 74 63
812 56 38 55 51
812 817 30 68 54
812 441 52 88 85
719 186 49 65 62
719 491 38 100 50
724 352 43 75 58
724 206 76 97 81
724 761 33 74 55
756 547 44 49 46
756 424 26 35 28
756 260 89 92 91
756 572 44 57 44
756 789 82 84 82
789 472 36 97 65
790 700 66 78 75
790 273 76 99 76
790 668 70 98 87
790 654 61 64 62
790 310 48 89 63
792 350 89 94 93
0 820
