219 357
0 19 23 84 56
0 195 88 89 88
0 21 74 79 74
19 208 17 66 55
19 86 92 95 94
21 123 11 94 82
1 80 14 57 50
1 175 27 93 34
1 78 74 76 75
175 35 80 84 82
175 91 18 32 19
175 59 53 68 58
2 62 34 70 63
2 200 87 97 94
2 78 50 53 53
2 161 59 87 79
62 14 30 45 45
161 205 51 73 62
161 42 27 98 52
161 24 43 100 90
161 179 27 86 45
3 61 24 25 24
61 188 95 99 97
61 182 20 45 27
61 41 21 58 55
4 31 74 81 77
4 72 68 85 70
4 7 36 74 45
31 127 81 98 82
72 156 16 33 23
72 91 50 56 51
7 162 54 63 61
7 4 37 70 56
5 146 30 77 30
5 211 65 93 84
5 55 81 100 84
5 77 88 97 94
146 94 35 82 72
146 145 79 91 87
211 129 75 86 80
211 192 61 80 73
211 59 77 82 80
55 130 21 37 28
55 122 18 41 20
55 4 48 64 60
55 209 27 78 74
77 167 53 73 66
162 116 81 98 83
9 0 25 80 79
9 159 36 55 44
9 40 41 94 63
40 44 58 96 65
40 38 27 68 59
40 205 49 84 66
40 113 75 98 90
10 132 36 86 45
10 21 78 99 86
132 62 80 99 91
132 52 41 84 43
11 206 20 51 31
206 19 73 86 85
206 67 25 80 26
12 22 10 36 26
12 214 42 96 43
12 184 47 51 50
214 140 42 90 43
184 50 57 74 69
184 125 31 61 51
13 104 36 85 50
13 12 83 96 92
14 129 11 58 40
14 82 70 76 75
129 83 34 87 48
129 11 90 99 99
82 168 94 95 95
15 117 42 51 42
15 87 93 100 99
117 197 86 89 86
87 17 44 97 48
87 10 86 94 90
87 105 88 97 93
87 217 50 58 53
16 192 65 79 77
192 154 73 85 81
192 78 89 97 89
192 63 42 66 55
17 73 71 91 78
17 105 16 24 19
17 120 52 61 54
73 62 47 75 51
73 0 15 53 37
105 129 52 61 56
120 195 62 66 62
120 27 11 66 50
18 166 87 98 95
18 171 11 28 16
166 3 92 98 94
171 51 57 91 88
208 164 93 94 94
208 70 27 98 95
208 40 87 88 88
208 148 23 63 44
86 119 44 45 44
20 52 72 88 83
20 196 85 98 86
52 9 75 79 78
52 140 33 59 59
196 207 28 53 37
196 216 15 81 76
196 174 59 78 75
196 138 92 100 100
23 212 12 29 26
23 171 12 26 22
212 60 46 48 48
24 159 26 96 57
25 0 42 54 51
26 117 84 85 85
27 30 70 80 76
27 116 52 99 74
27 71 28 57 49
30 2 64 81 70
116 94 88 98 96
71 197 15 57 33
71 90 77 97 88
28 78 74 87 86
28 200 82 94 91
127 146 19 94 66
127 156 45 72 46
127 217 52 95 85
127 70 75 92 75
32 60 43 77 71
32 142 26 83 70
32 185 49 99 98
60 92 91 100 94
142 7 95 97 95
185 67 65 97 95
33 13 64 83 73
33 129 13 81 25
34 55 89 90 90
34 174 40 95 57
34 89 95 97 97
89 102 63 81 74
89 75 94 98 95
89 105 83 91 83
35 210 21 25 24
35 195 43 83 46
210 127 20 28 27
210 37 39 49 39
36 19 25 79 30
37 30 27 29 27
37 12 88 91 90
38 104 28 45 40
38 118 34 84 54
38 208 12 71 57
118 74 73 84 76
118 213 83 92 85
118 142 25 94 59
39 85 59 60 59
44 186 33 75 44
44 79 89 100 100
205 5 81 87 84
113 212 60 90 90
113 88 18 59 28
41 87 94 96 95
41 97 61 63 62
97 53 27 55 42
97 77 46 49 48
97 107 28 59 30
42 95 61 91 83
95 76 46 66 66
95 80 11 18 17
95 151 38 56 42
95 129 73 90 89
43 125 53 85 66
125 34 35 88 61
125 101 31 39 38
186 182 14 94 69
79 167 80 95 87
79 133 15 43 32
45 149 24 82 44
47 144 27 76 33
47 177 17 47 30
47 52 12 21 21
47 62 76 82 76
144 125 69 84 84
177 178 54 59 59
48 146 94 96 96
50 169 46 61 55
50 31 75 91 82
50 107 30 56 53
50 135 81 87 87
107 23 15 67 22
107 123 74 78 75
107 79 65 74 68
51 211 10 25 19
53 133 32 49 37
53 44 50 56 53
133 3 86 88 88
54 116 68 69 69
122 48 79 90 80
122 23 94 98 94
209 214 74 99 97
209 70 10 18 10
209 96 66 99 95
209 103 36 98 55
209 176 44 88 87
209 217 53 70 68
56 145 52 65 52
56 104 47 63 57
145 12 26 56 37
57 63 71 77 71
57 33 44 84 70
63 21 28 38 36
63 119 25 85 59
63 162 51 73 60
58 146 33 62 37
188 218 50 67 60
182 27 86 98 98
119 86 79 92 79
65 146 43 98 70
65 61 83 94 88
66 168 30 73 47
168 200 44 82 65
168 57 61 65 65
67 155 84 90 86
155 195 61 88 82
155 3 53 70 60
155 116 13 43 19
68 118 10 25 14
68 35 65 85 79
68 121 13 65 29
121 188 86 95 89
69 103 48 93 55
103 19 77 84 81
70 107 65 66 65
70 50 59 67 66
197 161 60 83 72
197 92 25 58 48
197 27 56 57 56
197 14 22 79 76
90 95 20 80 41
90 207 51 95 88
156 75 30 47 38
156 12 50 100 94
91 171 80 96 86
74 197 85 98 93
74 73 26 100 58
75 137 15 91 89
137 130 55 56 55
137 6 93 98 98
137 98 20 30 29
81 135 62 87 79
83 53 70 89 74
83 120 77 84 80
83 57 87 90 87
84 63 56 59 56
217 104 36 68 65
217 86 86 100 95
217 191 65 87 82
217 156 64 86 64
88 29 88 100 93
102 172 21 24 22
102 98 76 80 79
93 153 26 34 33
94 201 85 100 85
94 207 76 78 78
94 193 21 46 30
94 86 41 65 47
201 111 61 77 69
201 78 95 97 96
201 17 84 100 89
193 13 65 82 73
151 111 34 44 37
96 73 17 36 25
96 24 95 97 97
98 102 40 78 78
98 173 13 88 64
173 192 15 93 48
173 95 21 98 30
173 73 76 100 87
99 95 57 67 63
99 40 70 77 71
99 90 56 60 58
99 129 45 61 48
100 211 76 83 83
100 115 69 72 72
115 137 47 97 60
115 191 25 77 52
115 108 88 96 95
115 97 38 43 40
115 104 46 67 54
101 9 69 93 87
101 171 20 92 66
172 20 59 97 89
172 63 39 69 44
106 93 57 83 72
108 129 40 48 40
108 92 27 33 31
110 142 64 93 72
110 77 47 98 68
112 163 68 78 74
163 33 53 63 61
163 35 33 85 51
114 156 34 83 72
114 124 73 90 88
124 133 29 43 41
124 4 44 50 47
126 188 90 96 94
126 67 35 82 36
128 200 80 91 82
128 108 95 100 99
134 48 64 80 73
134 154 86 89 86
136 62 36 57 39
136 199 46 54 50
136 213 70 98 90
136 157 43 95 58
199 29 26 60 46
199 155 68 93 81
157 101 52 72 55
138 109 23 85 35
139 80 81 97 89
141 91 82 92 85
141 146 10 28 23
141 165 50 69 68
165 211 76 83 78
143 63 30 31 30
152 33 45 86 58
152 151 45 77 64
158 194 63 94 86
158 166 13 96 36
194 57 80 94 80
160 203 89 99 93
164 27 32 74 62
164 103 44 99 89
170 82 37 77 56
176 38 27 99 65
178 0 15 89 79
180 201 45 80 77
183 185 61 73 68
183 129 19 42 22
183 94 86 87 86
183 31 63 89 84
183 63 77 99 87
218 61 20 52 52
189 131 15 83 36
189 20 70 73 70
190 179 89 96 96
190 22 47 87 60
216 110 74 81 77
216 34 47 89 84
198 80 47 54 51
198 168 49 92 52
202 181 30 64 39
202 12 41 99 76
215 114 69 70 69
215 44 27 57 45
0 218
