502 1618
0 318 87 90 89
0 452 45 59 54
0 202 37 82 47
0 463 42 79 62
318 64 62 98 87
318 279 31 64 61
452 268 88 93 88
452 112 86 97 90
452 284 14 96 84
202 410 70 71 70
202 318 18 54 25
202 89 22 50 49
202 344 87 91 88
463 156 73 89 78
463 289 40 42 41
463 494 67 91 70
463 491 46 74 63
463 99 83 97 95
463 323 55 66 66
463 191 21 60 36
463 319 11 65 29
1 453 27 37 35
1 481 73 96 91
1 441 31 80 51
1 143 88 96 91
1 37 90 96 90
453 87 47 85 50
453 358 69 91 78
453 92 78 83 83
453 28 22 67 39
481 81 16 48 41
481 434 51 83 80
481 405 46 61 52
481 3 86 96 88
481 442 33 59 41
441 373 76 100 77
441 150 44 90 52
441 189 24 42 29
441 88 22 85 71
441 175 21 60 38
143 444 91 95 91
143 135 91 93 92
37 261 73 90 75
37 369 95 96 96
37 186 31 44 34
2 446 79 97 97
2 32 18 88 22
446 261 84 95 85
32 28 16 24 17
32 99 41 97 80
32 379 56 57 57
32 380 41 53 44
3 441 68 80 80
3 403 16 42 39
403 72 61 87 66
403 340 70 88 85
403 451 40 98 64
403 424 64 73 73
403 189 15 62 46
403 455 40 81 52
4 171 27 90 56
4 471 61 67 61
4 361 44 77 64
4 338 32 54 35
171 390 77 91 91
171 197 32 43 35
471 271 65 68 68
471 160 49 70 54
471 267 89 99 96
471 397 78 95 93
471 241 94 100 99
471 361 95 96 95
361 28 84 96 87
361 464 10 64 35
361 277 20 29 28
361 433 87 98 90
361 242 32 54 42
361 215 37 87 73
361 364 82 86 85
361 231 44 48 48
338 227 80 87 85
5 496 19 73 60
5 476 14 42 16
5 364 73 97 92
5 105 94 95 94
5 412 29 35 30
5 86 44 100 76
496 87 19 65 49
496 268 16 94 46
496 383 21 84 29
496 479 79 91 91
496 441 95 97 97
476 235 36 60 47
476 413 29 69 53
476 239 93 97 95
364 501 11 85 27
364 421 58 59 59
364 162 37 39 38
364 480 73 98 94
364 235 63 70 68
412 22 76 88 82
412 338 59 99 68
412 190 82 94 84
86 4 93 96 94
86 60 28 81 38
6 142 64 74 64
142 219 24 99 29
142 455 63 66 63
142 424 86 92 91
7 162 53 72 70
7 424 11 29 29
7 134 63 69 66
162 482 28 50 40
162 321 80 92 92
162 309 31 62 53
162 244 44 80 51
162 199 24 71 71
162 408 69 86 77
162 391 76 81 80
162 22 82 92 90
424 486 87 95 88
134 385 29 98 40
134 302 95 96 95
134 86 62 65 62
134 93 93 96 96
134 402 36 53 36
134 466 84 87 87
8 212 74 82 75
8 233 54 84 70
8 259 68 93 87
8 357 21 66 26
212 204 51 90 68
212 47 70 98 70
233 119 29 65 29
233 359 51 81 63
259 469 19 66 56
259 192 59 62 61
259 57 69 89 77
259 483 13 39 39
259 326 52 91 89
259 208 89 100 93
259 436 55 77 72
357 472 46 65 54
357 174 77 81 81
357 153 69 75 74
9 119 85 100 92
9 321 88 91 90
9 450 80 97 86
9 403 16 73 66
119 261 15 88 37
119 153 18 86 20
119 189 13 24 13
119 490 14 20 19
119 170 69 99 69
321 329 87 95 91
450 90 29 85 36
450 29 13 99 85
450 311 59 99 92
450 60 56 84 77
450 97 32 78 68
10 247 49 64 60
10 92 47 85 48
247 457 32 42 37
247 295 56 77 62
247 23 43 46 46
247 240 25 84 63
92 494 16 59 50
92 23 26 79 55
92 98 58 97 81
92 421 35 92 90
92 195 68 89 75
92 475 80 98 87
92 71 52 90 61
11 23 41 64 42
11 142 49 52 52
11 431 44 94 55
11 449 48 67 61
11 134 26 42 27
23 345 25 47 41
23 128 92 95 93
23 269 29 87 50
23 20 42 45 43
23 195 82 83 82
431 365 91 95 92
431 40 89 98 89
449 102 93 97 96
12 498 71 95 92
498 17 17 85 75
13 385 55 70 69
13 237 17 79 77
13 155 84 94 92
385 315 38 93 58
385 175 16 63 38
385 13 75 98 98
237 481 15 57 56
237 437 53 70 68
237 177 44 91 73
155 352 38 64 62
155 377 16 36 28
155 348 24 32 29
14 397 63 66 63
14 181 76 100 97
397 288 35 45 43
397 309 93 99 94
397 485 49 80 80
397 222 93 96 96
181 152 74 94 84
15 103 16 42 38
15 208 91 98 97
103 460 80 92 89
103 8 61 64 63
103 281 66 81 81
208 335 80 97 80
16 65 85 96 93
16 97 80 83 82
16 255 24 94 33
65 389 83 91 89
65 135 87 100 96
65 235 26 43 35
65 242 78 95 88
97 28 93 96 93
97 380 12 74 59
97 362 72 73 73
97 409 61 71 67
255 329 49 75 63
255 76 90 92 90
255 31 87 93 89
255 355 66 90 78
255 179 34 88 68
17 155 34 93 67
17 495 75 86 83
17 54 51 62 62
495 116 14 96 17
495 181 64 67 66
54 85 80 100 85
54 217 30 71 43
18 173 38 88 74
18 207 60 69 61
18 144 21 99 37
173 20 27 89 89
173 194 36 87 61
173 150 43 67 47
173 366 10 70 47
207 227 47 82 71
207 472 51 96 62
207 147 33 92 67
207 47 37 75 38
207 493 65 94 65
144 249 27 82 79
144 160 59 74 69
144 95 30 48 33
19 323 64 92 77
19 445 49 77 70
19 103 86 100 92
19 22 59 77 77
19 476 25 56 41
19 349 67 96 81
19 194 38 71 70
19 351 94 96 96
19 389 89 96 96
19 491 68 97 68
323 426 22 73 62
323 386 56 61 61
323 78 25 80 29
445 79 93 97 95
445 464 20 94 38
445 129 57 63 62
445 63 16 63 41
445 139 24 95 74
445 324 13 40 13
445 245 79 84 81
22 234 28 88 82
22 294 72 99 78
22 326 38 96 80
22 393 28 84 48
349 153 45 48 47
349 3 25 50 26
349 346 68 96 89
349 335 90 94 93
349 500 45 86 75
349 14 49 86 82
349 284 92 94 93
194 33 87 96 89
351 160 77 96 77
389 375 56 71 58
389 285 49 61 58
389 243 48 88 83
389 183 68 84 82
491 198 65 72 67
491 313 49 92 74
20 42 18 96 60
20 193 51 76 74
20 274 75 86 82
20 463 59 73 69
20 496 79 91 86
20 250 67 86 74
20 177 43 80 74
42 59 95 96 95
42 375 12 59 36
42 147 30 92 33
193 65 33 45 45
193 79 10 81 81
193 126 24 59 36
193 106 70 71 70
193 427 45 63 54
274 4 71 91 86
250 92 76 91 90
250 11 51 68 53
250 256 18 85 25
250 337 63 66 63
250 108 19 99 93
177 128 40 93 54
177 39 60 75 73
177 339 46 79 74
21 498 88 93 89
21 183 54 84 67
21 173 90 97 94
21 1 16 82 26
21 45 77 84 80
183 86 44 70 52
45 176 49 78 76
234 112 33 36 33
234 40 31 98 31
234 452 65 70 68
294 490 73 94 94
294 263 82 86 82
393 40 88 93 91
393 225 40 56 46
393 3 67 87 76
393 380 41 90 48
393 460 51 85 51
393 221 26 55 55
345 415 93 100 97
128 449 92 94 92
128 301 30 55 38
128 142 73 77 73
128 225 50 99 90
269 351 71 83 79
269 208 66 68 66
269 364 83 94 84
195 154 62 63 63
195 175 39 96 93
195 186 70 83 73
195 62 69 89 88
24 45 63 69 64
24 233 16 32 16
24 412 47 97 83
24 43 38 95 71
43 350 73 78 73
25 104 35 72 59
25 56 78 99 89
25 113 41 73 61
25 143 19 90 61
104 88 87 88 88
104 422 35 47 46
104 281 42 53 44
104 473 86 89 89
56 140 47 97 90
56 484 78 81 81
113 36 71 85 81
113 197 13 47 23
113 98 40 46 44
113 448 17 96 48
26 165 47 53 49
26 251 43 45 45
26 365 40 51 42
165 213 23 29 27
165 376 41 60 47
165 86 77 79 78
251 209 15 58 35
251 130 58 99 97
365 251 31 36 33
365 455 54 70 63
27 117 21 31 23
27 357 58 78 66
27 464 42 57 52
27 476 81 95 81
117 234 19 93 59
117 430 62 95 92
117 120 71 98 98
117 299 57 76 67
464 155 68 100 85
464 33 89 96 89
464 224 86 93 92
464 152 60 92 91
28 219 20 30 26
28 96 38 93 42
28 84 11 75 59
28 163 43 93 91
28 430 39 42 39
219 442 24 64 58
219 141 29 44 40
219 87 30 62 37
219 255 83 93 93
219 310 71 78 77
219 303 43 72 67
96 369 21 50 43
96 50 14 32 22
84 80 91 97 94
163 349 84 92 85
163 332 56 89 86
163 237 75 86 85
163 155 43 44 44
163 196 87 88 87
29 276 74 93 77
29 289 30 53 31
276 398 16 25 24
276 496 28 90 64
289 204 58 64 64
289 93 63 92 77
289 145 27 78 78
289 356 73 87 80
289 317 87 96 90
30 301 70 79 77
30 410 67 93 90
30 372 22 68 37
30 99 28 38 35
301 465 44 100 83
301 173 92 100 94
301 365 56 80 64
301 160 90 95 93
410 27 40 84 62
410 329 76 87 78
410 281 68 75 71
410 189 15 57 19
372 62 94 99 94
372 29 53 63 55
99 73 60 89 73
31 253 17 29 24
31 32 76 92 81
31 421 23 27 24
253 437 16 68 17
253 94 65 96 70
421 288 82 100 82
421 478 24 79 46
421 346 35 94 79
379 237 84 98 92
379 501 86 98 93
379 116 78 88 83
379 149 63 87 68
379 407 64 81 69
379 374 17 86 33
379 353 91 100 95
380 317 28 37 35
380 68 49 84 83
380 257 30 93 37
380 373 66 84 70
380 450 82 90 87
34 156 71 83 75
34 313 40 88 86
34 440 86 98 95
34 188 15 31 26
34 186 34 66 50
34 92 93 96 93
156 339 69 88 81
156 350 28 53 34
313 404 44 83 47
440 411 64 72 69
440 154 75 85 80
440 221 88 97 91
440 265 30 48 34
440 210 41 68 50
440 429 62 89 81
440 56 43 96 68
188 337 71 98 96
188 144 27 38 29
188 474 46 65 51
188 468 68 69 69
186 303 16 52 16
186 252 85 94 86
186 448 64 90 84
35 269 82 89 82
35 21 66 76 72
35 45 82 85 83
35 303 44 46 46
303 150 34 87 87
303 439 46 89 47
303 220 65 99 82
303 373 78 88 81
303 211 84 88 84
36 460 81 91 84
36 276 91 93 91
36 392 83 96 91
36 395 53 66 64
460 493 18 63 40
460 73 91 92 92
460 177 77 82 78
392 254 56 96 56
392 298 77 85 84
392 209 85 90 89
392 363 52 98 91
395 375 79 96 95
395 137 79 94 94
395 202 68 79 69
261 105 10 86 26
261 108 80 89 83
261 378 30 38 30
261 451 59 76 67
261 220 56 59 57
261 54 85 93 93
261 122 48 76 58
369 130 48 69 61
369 438 49 60 57
38 107 60 80 62
38 452 26 51 42
38 333 36 47 39
107 408 23 72 32
107 266 70 72 71
107 287 16 60 47
107 399 79 87 80
333 92 52 70 55
333 28 29 62 59
333 268 23 79 73
39 226 42 44 44
39 131 47 97 91
39 388 19 47 20
226 357 72 77 73
226 169 67 86 86
131 133 10 18 12
131 161 81 96 85
131 299 37 82 81
131 340 80 94 81
131 202 90 92 92
388 480 10 30 24
388 177 63 94 71
40 286 52 57 52
40 396 84 87 86
40 204 86 94 90
286 438 54 58 54
286 168 17 42 17
286 150 47 84 77
286 493 15 99 94
286 35 85 99 98
286 328 67 80 80
396 236 79 88 84
396 314 18 32 30
396 169 58 96 81
204 347 60 75 60
204 75 14 35 32
204 127 29 94 90
41 242 48 87 68
41 367 24 45 43
242 52 67 75 73
242 96 21 34 24
242 336 77 95 90
242 333 93 99 95
242 398 27 91 55
367 361 36 50 48
367 220 93 99 99
59 22 48 71 63
59 219 44 72 52
375 124 51 89 63
375 117 68 81 76
375 68 22 51 24
375 310 12 99 18
147 388 42 54 52
350 356 60 61 60
44 437 93 99 94
437 408 58 67 59
437 220 56 72 59
437 83 39 60 42
176 116 15 58 42
176 20 88 92 89
176 389 72 92 91
176 165 65 82 80
176 363 44 87 60
176 50 78 98 88
46 307 79 94 87
46 395 80 87 86
46 159 17 78 59
46 332 69 84 73
46 340 81 83 81
307 21 26 30 28
307 365 90 92 91
307 97 64 80 69
307 14 38 64 44
307 267 71 99 83
159 411 60 92 81
340 111 18 49 43
340 352 83 87 83
340 339 12 13 12
340 483 47 86 57
47 435 14 25 18
47 363 22 34 22
47 294 55 70 58
47 37 37 46 46
435 86 46 54 54
435 432 59 98 86
435 152 87 92 89
435 333 86 99 91
435 306 56 76 67
435 326 23 32 26
363 304 12 65 62
363 133 21 97 41
48 425 16 95 30
425 416 73 84 82
425 137 13 33 32
49 322 86 98 88
49 7 28 62 57
49 33 75 91 87
49 424 52 63 58
322 144 18 86 20
322 242 11 87 28
322 345 10 15 13
50 391 18 76 31
50 394 66 67 67
50 156 23 90 30
50 67 77 98 98
50 389 83 98 86
391 482 87 95 87
391 182 86 94 92
391 304 33 99 72
394 349 26 84 82
394 379 69 72 70
394 169 40 53 48
67 412 84 100 89
67 441 81 92 88
51 287 71 80 71
51 201 65 97 80
51 297 95 98 97
287 14 82 84 84
287 57 62 72 63
287 302 79 93 85
287 104 83 98 87
287 293 22 35 27
201 86 13 32 14
201 123 69 73 70
201 67 64 71 65
201 467 90 100 90
201 217 57 83 76
297 320 91 100 92
297 135 71 87 87
297 92 41 59 48
297 217 32 64 59
52 385 26 64 36
52 399 86 95 91
52 491 55 66 62
52 148 39 48 45
52 353 95 99 95
399 464 49 58 57
399 46 51 59 53
399 124 73 96 81
148 259 57 64 57
148 143 95 96 95
148 6 35 63 41
353 168 55 56 55
353 489 38 81 47
353 97 80 86 85
53 312 11 74 20
53 14 60 62 61
53 314 78 96 91
53 128 53 79 59
312 272 67 69 68
312 479 23 34 31
314 208 77 98 97
314 297 15 43 29
314 453 91 97 95
314 489 28 88 32
314 256 11 54 38
314 151 70 79 77
85 500 31 64 64
85 327 86 91 89
85 441 20 46 30
85 270 21 44 43
217 499 77 86 82
217 350 71 79 76
55 32 32 57 37
55 142 92 97 95
55 397 43 96 76
55 278 51 53 51
140 75 41 82 67
484 177 63 89 73
484 118 58 89 67
484 425 86 96 96
57 27 30 62 30
57 191 61 79 63
57 488 57 67 64
57 294 83 89 89
191 403 90 96 90
191 233 49 85 60
191 82 83 88 87
191 163 53 77 66
191 324 44 98 88
191 293 40 80 73
191 123 45 74 54
488 188 74 84 79
58 224 56 58 58
58 425 77 100 97
224 319 72 90 81
224 14 28 83 57
224 159 14 49 39
224 123 76 96 93
224 484 22 85 69
224 43 79 100 90
224 469 20 36 33
224 153 76 99 89
224 44 90 91 91
60 443 31 79 40
60 125 48 69 69
60 134 10 60 60
443 115 89 94 92
443 358 55 100 84
125 232 85 100 91
125 456 82 93 86
125 391 33 45 41
125 115 31 88 88
125 383 74 95 78
61 20 24 90 81
61 230 17 73 21
61 316 37 88 78
61 464 55 97 71
230 168 51 78 73
230 346 84 93 92
230 179 18 27 25
316 147 28 69 29
316 356 39 97 69
62 202 17 25 19
62 482 32 71 51
62 272 83 96 94
62 364 66 71 69
482 411 26 40 29
482 206 58 72 65
482 359 80 99 90
272 393 75 81 79
272 167 13 75 46
272 91 28 75 36
63 312 76 84 80
63 109 32 63 41
63 130 38 98 80
109 408 92 95 94
130 376 78 90 78
130 283 84 97 97
64 327 23 45 26
64 2 43 61 56
64 304 31 44 33
64 425 86 96 96
64 247 12 16 16
327 151 65 86 65
327 203 93 97 96
304 495 68 92 78
135 383 95 98 95
135 268 18 36 18
135 324 69 99 84
135 66 63 75 67
135 172 43 56 52
135 299 28 72 63
135 364 46 90 49
66 179 24 86 32
179 239 65 67 67
179 313 24 88 44
179 472 33 92 45
68 134 83 92 89
68 356 18 64 56
68 348 55 61 58
68 63 17 61 40
68 347 14 50 36
356 128 69 86 85
356 475 94 96 95
356 368 21 74 36
348 501 30 88 68
348 50 40 73 69
348 243 80 98 81
348 312 61 93 86
348 35 25 85 77
347 278 30 78 75
347 500 77 99 80
69 446 19 48 19
69 97 46 49 49
70 459 11 95 70
70 349 51 80 63
70 296 52 81 80
70 69 72 91 87
70 113 33 80 62
459 468 28 50 42
459 315 72 90 80
459 212 23 92 76
459 321 57 68 68
296 226 71 82 75
296 329 62 98 71
296 13 93 95 93
296 379 27 84 37
296 330 14 49 40
296 130 59 76 70
71 218 92 95 92
218 20 95 99 98
72 132 92 100 94
72 500 39 64 56
72 365 81 86 83
72 136 90 97 96
132 312 24 99 69
132 96 39 82 74
132 348 12 40 40
132 114 52 86 66
132 179 76 81 79
500 306 44 63 53
500 393 17 84 63
500 272 47 96 55
136 364 91 100 96
136 384 30 79 75
136 361 36 38 38
73 228 73 98 74
73 390 65 86 79
73 282 75 100 80
228 243 28 89 62
228 407 14 69 67
390 356 25 79 48
390 197 89 91 91
390 225 21 94 67
390 493 22 99 86
74 340 46 51 49
74 237 17 99 34
75 314 24 91 49
75 422 21 58 57
75 11 73 77 77
75 197 74 96 84
422 229 40 98 68
422 202 69 71 70
197 147 83 97 94
197 332 45 60 60
197 372 70 83 74
197 148 70 92 75
197 32 86 88 86
197 8 75 98 92
76 335 45 76 67
76 374 84 92 85
76 378 75 80 78
335 226 49 52 52
335 46 18 48 39
335 461 47 62 55
335 494 17 94 30
374 208 79 83 82
374 497 18 27 19
378 274 29 65 36
378 138 14 32 21
77 91 62 89 81
77 257 42 90 48
77 169 74 87 81
77 411 40 73 41
77 350 64 79 74
91 40 44 50 44
91 482 79 90 87
91 141 53 82 60
91 461 51 82 63
91 348 61 82 74
91 438 35 92 73
91 249 68 79 75
169 300 15 40 40
169 390 18 52 22
169 154 12 88 81
169 27 37 74 54
169 60 55 94 79
411 90 62 67 66
411 347 67 75 71
78 106 35 67 59
78 205 41 44 44
78 206 33 97 45
78 33 48 73 65
78 390 79 100 80
106 70 40 79 64
205 223 80 81 81
205 136 49 97 69
205 323 23 43 33
206 74 10 16 11
79 432 71 90 90
79 278 88 97 88
79 304 82 93 85
79 176 63 83 66
79 134 90 97 90
432 361 37 71 41
432 385 10 51 25
432 319 50 64 53
432 81 67 97 93
432 369 35 86 36
432 485 54 98 98
432 483 70 84 76
432 186 68 93 70
432 213 19 58 49
82 186 56 80 57
82 394 58 93 86
82 230 14 39 31
82 316 48 96 48
82 284 90 94 90
284 296 25 85 74
284 85 26 55 30
284 240 62 84 76
284 87 47 59 53
83 29 36 64 45
83 39 81 83 81
83 425 69 76 69
83 5 60 75 60
83 312 31 59 42
83 354 63 99 69
354 343 68 82 69
354 466 41 49 47
270 29 76 95 93
270 444 12 15 12
87 452 28 80 48
87 434 61 79 73
434 166 21 97 90
434 265 21 73 25
434 320 87 95 88
88 86 53 95 56
88 370 23 73 50
88 308 45 78 58
88 231 69 84 75
88 290 65 95 92
370 393 81 98 83
370 277 28 54 30
370 231 95 98 98
370 455 51 80 68
308 214 43 75 68
308 390 11 71 65
308 500 18 73 20
308 463 21 49 31
290 61 76 86 86
290 283 32 54 38
290 175 89 93 90
290 92 55 93 69
89 61 76 84 82
89 264 49 83 80
264 156 10 19 17
264 167 87 96 96
264 195 39 70 48
264 177 80 98 95
264 225 23 55 51
264 493 37 73 70
90 368 32 93 59
90 313 75 85 79
90 466 75 97 96
90 372 44 89 61
368 23 25 70 63
368 188 43 71 56
368 264 22 53 25
368 106 49 79 61
141 134 29 31 31
141 211 68 87 71
141 380 29 77 60
141 4 26 94 54
461 137 75 84 77
461 217 77 95 93
461 366 85 86 85
461 354 75 79 75
461 462 60 66 64
461 172 22 72 41
461 181 66 77 74
461 403 60 79 78
438 165 46 95 68
438 477 27 73 63
438 447 71 74 74
438 308 84 97 90
438 302 20 22 21
438 153 41 65 54
249 295 95 100 99
494 426 47 72 63
494 452 15 54 15
494 291 11 56 29
98 154 64 78 77
475 349 43 59 44
475 318 20 100 26
475 340 59 67 62
475 54 13 60 34
475 131 43 57 53
93 28 94 95 94
93 162 65 77 71
94 214 14 40 20
94 344 75 97 97
94 271 54 82 77
94 102 15 25 20
214 8 65 97 89
214 303 64 76 64
344 204 27 70 58
344 337 92 99 98
344 455 52 66 64
271 447 10 96 83
271 68 70 77 74
271 107 73 100 78
271 419 91 92 91
271 45 21 60 59
271 316 13 59 48
271 420 60 97 84
95 451 25 51 44
95 305 68 75 73
305 32 80 99 94
305 97 24 97 88
305 409 85 89 89
305 91 52 61 54
362 93 58 80 71
362 261 77 83 77
362 78 69 94 93
362 372 37 64 60
362 406 52 99 57
409 287 33 83 81
409 375 31 55 45
409 417 12 43 41
409 407 63 88 69
154 218 56 75 61
154 75 70 99 77
154 174 23 66 42
154 314 93 95 95
154 377 51 53 53
100 413 95 96 95
100 370 89 93 89
100 235 89 93 93
100 311 22 33 25
311 374 82 86 85
101 453 79 82 82
101 458 75 79 76
101 24 11 25 25
101 188 59 74 66
458 110 29 79 52
458 372 73 98 96
281 248 53 90 65
281 427 52 88 64
281 329 14 35 33
281 79 25 85 57
281 198 84 94 86
281 56 12 81 33
281 368 66 84 80
473 191 40 99 65
473 297 89 99 90
473 433 90 100 93
473 123 41 71 56
473 346 81 87 87
473 375 93 94 94
408 488 40 47 43
408 222 68 73 73
408 355 18 84 53
408 172 53 70 61
408 407 37 67 54
266 406 50 82 63
108 391 83 94 93
110 317 54 86 69
110 305 42 95 46
317 269 20 83 69
111 301 20 23 22
111 4 11 55 16
111 95 31 57 54
111 260 93 98 95
260 116 83 85 85
260 241 35 37 37
260 288 79 90 80
260 314 27 46 36
112 191 47 50 50
112 337 68 70 69
112 466 93 98 95
337 162 17 47 20
337 496 35 98 80
337 52 32 50 47
337 445 86 94 93
448 491 77 96 77
448 117 23 91 69
114 368 80 94 84
115 463 17 100 41
115 341 68 76 74
115 214 49 68 54
115 65 83 99 99
115 232 14 80 72
341 420 89 98 92
232 25 72 83 79
232 230 48 79 64
232 369 85 87 85
232 97 47 79 66
232 359 72 90 90
232 175 50 97 63
232 483 93 96 95
232 347 12 46 36
116 476 94 95 94
120 9 25 93 78
120 103 92 95 95
120 314 83 95 91
120 488 83 95 84
120 378 45 71 71
120 36 40 75 66
299 399 70 97 94
299 363 24 43 30
299 284 40 49 49
299 198 42 56 55
299 274 52 56 52
118 150 22 70 63
118 26 79 87 79
118 348 67 95 80
118 354 92 99 93
118 89 63 66 65
150 80 61 82 63
150 420 20 65 36
150 472 72 73 73
150 488 13 17 14
153 454 29 45 40
153 253 24 37 31
490 365 63 67 67
170 428 93 100 95
170 449 79 86 79
170 380 57 85 76
170 248 54 63 54
121 379 52 61 58
121 174 18 36 28
174 345 69 92 92
174 361 41 84 56
174 72 65 99 95
174 312 27 49 47
122 355 94 98 96
122 60 64 95 90
122 401 43 59 44
122 196 14 55 33
355 291 40 65 56
355 318 75 77 77
355 114 66 73 66
355 483 61 85 73
401 81 13 80 33
401 419 73 78 77
401 457 35 94 46
196 457 89 94 93
196 425 78 87 84
196 315 26 95 28
196 442 81 95 86
196 491 13 61 19
196 411 63 92 86
196 432 21 91 68
123 344 43 44 43
123 150 87 88 87
123 307 58 90 73
123 34 71 98 71
124 310 86 96 93
124 125 56 60 58
124 66 74 87 87
124 259 14 50 41
310 364 70 92 91
310 225 92 95 92
456 94 17 43 30
456 403 43 46 46
456 343 65 69 69
456 151 72 80 78
456 135 43 74 71
456 405 70 78 70
383 60 94 97 94
126 47 44 82 66
126 203 85 95 90
203 267 31 95 46
203 41 52 63 56
203 223 54 95 95
203 60 74 87 76
203 271 53 65 59
127 141 90 94 92
127 211 78 90 87
127 434 16 64 16
127 85 42 96 56
211 242 71 87 72
211 226 78 89 78
211 400 51 84 79
225 328 32 67 34
225 77 69 85 80
225 161 57 79 69
225 152 38 62 48
129 187 12 84 35
187 387 56 82 65
187 408 63 73 73
376 211 39 51 49
376 218 42 62 47
283 191 64 69 64
283 133 53 80 60
283 52 71 78 78
133 91 28 45 39
133 420 83 94 84
133 118 63 97 91
133 204 90 97 93
161 459 93 99 93
161 47 86 91 90
161 361 13 29 28
161 481 20 97 75
161 469 87 90 89
161 277 53 80 75
420 368 41 70 51
302 481 14 97 21
302 183 41 81 65
302 6 59 76 75
302 465 39 54 51
302 261 69 84 77
402 233 25 65 39
402 120 39 97 68
172 9 69 70 70
172 417 73 91 89
172 279 17 69 53
384 470 45 94 68
138 468 92 96 92
468 146 87 92 87
468 45 64 98 84
468 252 67 82 79
468 282 42 62 46
468 333 28 91 59
468 362 11 20 14
139 414 86 90 89
139 113 47 69 64
139 364 65 81 80
139 400 32 58 35
139 374 11 46 29
414 225 33 34 33
414 462 64 76 66
414 288 24 70 24
414 346 23 31 31
414 367 88 92 90
400 34 66 67 66
400 59 20 62 49
455 374 57 96 95
455 492 88 98 91
455 81 54 79 70
444 15 35 100 75
160 100 10 33 23
160 361 23 58 28
145 339 26 88 48
145 225 24 25 25
145 164 14 65 50
145 279 93 95 95
339 24 86 87 87
339 197 47 98 63
339 411 87 99 95
164 286 73 99 81
164 319 54 61 54
164 242 28 90 55
164 272 60 98 62
279 246 73 81 74
279 344 40 93 74
146 150 15 67 31
146 170 59 65 59
146 206 78 93 90
149 33 70 100 74
149 334 21 57 49
149 132 17 39 32
334 284 32 43 39
334 279 54 81 72
472 323 64 90 66
472 208 47 86 80
472 324 68 83 81
151 222 55 89 75
151 24 80 94 92
151 481 77 95 79
151 328 13 98 54
222 292 87 92 91
222 388 89 90 89
222 423 89 95 89
222 244 69 78 77
222 90 24 42 34
222 345 49 94 63
222 115 33 94 94
222 241 94 98 95
328 453 66 74 72
328 350 21 92 48
152 213 82 93 83
152 305 66 89 88
152 472 81 96 96
152 52 45 96 52
213 323 33 80 75
454 21 24 59 46
454 292 69 92 82
377 221 75 96 84
377 117 80 97 81
377 185 16 80 77
377 284 24 78 72
377 107 37 71 50
377 328 93 100 98
352 201 39 43 40
157 263 32 86 78
157 91 81 82 82
157 215 53 58 56
263 484 62 77 72
263 273 29 81 74
215 330 84 87 85
158 253 24 87 34
158 81 11 96 41
158 444 95 100 97
158 290 36 60 59
158 354 70 100 73
469 128 38 76 67
469 80 82 98 84
469 102 55 71 61
469 441 51 91 84
469 176 38 90 55
277 137 50 67 61
277 4 24 50 33
309 62 24 32 25
309 88 70 71 70
309 45 71 84 76
244 26 92 98 93
244 376 46 94 70
244 253 27 62 36
244 61 48 82 70
244 28 56 92 89
244 257 63 68 68
199 362 51 86 65
199 149 73 75 74
319 374 94 99 96
319 172 62 96 73
319 323 27 78 72
166 451 91 96 91
166 134 85 96 89
166 122 74 95 75
167 362 11 82 20
168 224 58 73 58
168 427 90 95 90
168 295 54 96 81
168 287 57 89 88
168 330 57 88 83
427 155 74 95 87
427 332 72 77 74
427 350 23 60 42
295 265 40 44 41
295 157 24 33 30
295 102 86 92 89
330 252 41 68 45
330 328 14 17 15
330 177 18 21 20
330 13 28 42 38
330 318 79 92 85
330 317 28 37 34
300 321 79 90 90
300 152 79 99 79
428 197 35 37 36
248 261 71 82 75
248 227 84 88 84
417 399 11 29 23
417 35 88 90 90
417 72 44 81 68
417 221 84 91 88
366 436 85 95 89
366 387 88 93 92
366 26 88 98 95
366 70 53 89 78
175 500 11 94 14
175 67 82 98 86
175 163 45 66 45
178 488 55 64 62
239 238 53 73 65
180 1 63 71 64
180 190 70 81 72
190 59 22 75 48
190 458 18 40 28
190 91 10 55 52
182 273 50 88 61
182 158 56 99 85
182 114 56 76 70
273 443 86 91 89
273 487 58 89 87
273 299 37 40 38
273 193 31 63 45
184 485 30 96 55
185 234 47 84 77
185 376 26 78 41
185 127 90 97 97
252 445 47 49 49
252 480 84 94 92
252 198 14 27 26
387 450 13 72 27
387 393 92 97 97
387 391 74 83 83
387 105 28 65 61
474 175 70 93 91
474 294 16 34 26
474 258 68 100 70
474 39 44 66 50
293 248 38 57 48
293 384 71 100 99
192 449 87 91 87
192 399 47 97 53
192 195 26 69 42
192 493 52 67 66
192 18 91 99 91
192 146 67 82 76
192 136 26 89 39
493 417 85 89 85
457 461 95 99 96
315 23 13 58 43
315 58 50 59 57
315 263 69 92 91
442 501 38 96 38
198 420 32 83 83
198 236 35 49 48
198 62 62 79 78
198 213 77 84 77
236 173 88 94 92
236 45 18 47 27
236 309 27 79 46
236 262 77 87 79
236 469 28 57 43
467 142 68 82 71
467 234 27 63 47
267 347 57 68 64
267 272 76 90 79
267 494 26 69 45
267 189 21 98 80
267 112 68 86 86
267 427 89 95 91
223 327 38 70 42
223 346 67 69 68
223 203 60 85 82
223 295 85 96 95
227 25 90 99 91
227 287 86 90 89
227 237 43 67 58
227 271 69 99 72
227 242 12 29 20
227 384 71 73 73
227 177 82 86 83
209 286 88 99 98
210 235 61 83 80
210 223 19 55 45
210 69 92 99 98
210 92 88 100 88
216 226 36 37 37
216 102 84 95 89
499 411 90 96 96
220 161 91 95 93
220 354 85 92 86
220 438 33 42 35
220 425 73 91 81
221 171 11 54 50
221 417 69 79 70
221 357 36 42 42
292 215 48 57 52
292 352 69 88 80
292 321 49 60 52
423 186 45 96 54
423 499 85 99 85
241 344 64 74 68
241 207 10 72 21
241 331 35 94 57
241 407 77 80 77
346 236 19 22 21
346 235 38 86 45
346 73 82 90 90
346 396 53 100 77
346 295 30 60 48
243 429 86 99 95
243 168 31 35 35
243 3 26 66 38
243 445 93 94 93
243 152 88 92 91
407 473 15 37 15
229 266 79 83 81
359 326 36 69 61
483 336 94 96 95
483 2 30 63 43
483 120 73 96 81
262 436 24 40 31
262 307 48 92 72
262 376 34 56 36
262 103 18 79 38
238 287 12 43 26
238 217 69 87 69
238 461 94 100 96
238 475 69 96 71
240 359 72 75 73
240 446 75 88 77
240 427 41 55 49
240 208 41 89 84
240 469 86 88 86
331 133 87 96 88
336 264 67 96 81
336 76 87 96 89
336 9 20 93 26
336 260 64 67 64
336 373 79 83 80
336 200 38 66 60
429 408 23 60 49
429 375 51 91 67
245 64 31 68 60
245 0 62 91 79
245 109 16 32 26
245 479 43 65 52
479 306 11 29 20
246 306 15 59 48
246 217 79 89 82
306 224 39 71 56
306 59 68 78 78
306 44 79 82 79
306 299 30 49 37
256 448 22 62 31
256 4 12 91 85
256 62 66 73 72
256 273 63 68 65
256 276 92 94 94
480 249 10 18 10
480 464 56 97 76
480 376 17 43 32
254 164 70 99 92
254 89 19 84 20
254 46 64 68 68
329 209 95 97 96
329 27 31 99 74
329 98 25 33 32
258 427 33 40 35
436 54 46 52 48
436 405 52 76 71
436 461 90 100 93
436 167 72 83 73
436 309 95 97 96
288 139 36 94 74
288 292 45 75 49
288 219 49 92 62
265 456 79 82 79
265 66 14 83 23
265 139 27 77 32
406 6 25 48 48
406 262 24 86 85
447 299 33 59 58
447 100 55 69 58
447 335 73 94 94
419 103 58 66 64
419 215 82 92 87
419 161 34 43 39
419 335 93 100 95
487 419 41 100 96
487 240 18 31 29
275 123 88 95 89
275 327 16 82 45
275 49 38 50 46
275 382 41 87 81
275 345 23 43 31
382 442 83 97 90
382 207 74 92 88
285 265 42 90 64
285 3 88 97 97
291 358 22 33 26
291 296 54 70 64
358 46 33 34 33
358 172 60 90 77
320 144 27 51 49
320 333 75 87 77
320 164 87 97 96
320 30 95 97 97
298 474 26 81 67
298 216 71 82 80
465 348 76 83 77
465 107 89 93 90
465 115 59 60 59
465 339 75 83 82
439 298 46 53 50
439 376 76 100 85
439 222 77 93 87
439 476 23 53 37
373 78 95 96 96
373 65 18 29 21
373 162 43 48 44
404 3 45 76 60
404 427 53 64 63
404 376 29 90 67
404 27 34 63 55
404 202 67 68 68
404 352 31 63 44
489 352 37 59 40
489 148 62 84 70
489 52 17 72 71
489 90 40 80 65
426 278 46 47 47
426 287 25 84 84
426 416 24 98 36
386 345 81 82 82
386 382 29 40 32
386 224 15 52 46
386 332 45 47 47
325 64 81 85 83
325 141 62 91 64
325 372 64 84 65
342 388 46 54 47
342 89 73 87 85
342 347 64 65 65
343 194 43 49 46
415 348 52 73 71
415 195 21 32 28
415 59 85 96 93
415 57 54 66 65
415 303 77 89 82
415 176 34 40 34
415 434 92 99 95
501 230 55 67 59
501 404 49 59 58
501 443 93 95 94
360 196 56 94 88
360 0 59 78 60
433 294 79 88 81
433 233 35 38 35
433 193 82 86 83
433 297 45 66 65
433 320 79 80 79
371 472 51 65 53
371 140 91 95 95
371 53 65 77 68
371 381 55 99 76
381 31 41 46 45
497 91 90 98 98
497 328 21 50 34
497 168 33 36 35
470 74 44 92 90
470 206 15 74 29
470 96 29 35 30
405 386 14 95 39
405 280 57 76 57
405 201 33 82 43
462 82 17 39 31
462 455 80 97 84
462 371 18 86 81
418 59 95 97 97
418 500 15 100 88
418 337 78 98 84
418 150 69 83 74
478 42 76 81 79
478 226 37 92 69
478 481 10 24 14
478 188 28 79 69
478 95 29 51 45
478 486 75 89 84
478 288 27 30 30
486 437 34 94 54
486 66 54 93 78
486 155 80 100 93
486 249 42 64 54
477 444 16 70 56
492 310 48 61 60
492 59 89 98 92
492 208 60 61 61
0 501
