69 216
0 68 17 93 91
0 44 17 78 47
68 58 86 90 86
68 67 78 88 87
68 61 35 84 58
68 21 58 70 68
44 10 20 62 48
1 32 67 76 74
1 63 54 65 55
32 24 27 79 27
63 24 61 100 90
63 13 59 94 71
63 38 92 96 94
63 42 36 98 49
63 1 62 65 64
2 13 88 92 89
2 16 45 60 53
2 64 49 64 58
2 23 34 58 44
2 55 17 36 31
13 12 19 64 43
13 24 84 87 87
13 42 55 58 55
13 39 85 99 97
16 67 10 32 30
16 40 78 84 82
64 15 61 100 87
23 49 64 98 82
23 35 11 71 49
23 1 32 59 39
55 7 72 92 79
55 6 62 90 65
55 9 21 32 24
55 38 14 20 16
3 34 16 65 43
3 17 83 99 91
3 55 70 75 75
3 19 34 69 59
34 39 93 94 93
34 64 42 57 56
34 46 91 96 94
19 59 51 98 79
19 22 85 92 86
4 53 87 90 88
4 26 64 100 65
53 34 33 95 69
26 41 24 69 59
26 64 23 86 29
26 50 33 66 50
26 67 77 100 100
26 6 90 98 92
26 24 81 96 83
5 2 56 91 83
5 8 64 77 70
8 21 32 34 34
8 41 57 97 78
6 51 60 93 66
6 29 61 70 67
6 45 88 92 90
6 38 17 66 45
6 62 69 73 71
6 20 68 72 71
51 42 40 78 63
51 15 83 84 83
51 9 52 71 52
51 58 26 92 43
51 37 62 76 71
29 26 52 69 59
29 13 95 99 96
29 40 28 74 60
45 66 87 90 87
45 11 79 96 81
45 65 21 93 87
45 62 13 29 24
38 62 41 43 42
38 17 51 91 60
38 66 42 60 56
38 51 61 82 73
38 1 84 88 87
62 39 90 94 93
62 64 71 81 81
62 10 15 59 51
62 0 51 71 63
7 56 15 46 43
7 18 92 97 92
56 36 93 98 96
18 34 55 97 76
18 62 64 98 97
18 37 21 40 31
21 32 60 88 76
21 57 65 73 69
21 44 94 95 95
21 43 70 99 81
21 18 95 98 97
41 42 39 61 49
9 23 57 89 70
9 50 91 92 91
9 58 40 56 46
9 55 58 88 79
50 32 67 84 82
50 8 63 82 76
50 35 82 97 90
50 58 81 97 82
58 15 83 96 85
58 39 83 91 89
58 17 74 76 76
58 21 11 18 16
58 61 20 32 32
58 64 41 50 44
10 0 60 62 60
10 41 90 99 95
10 36 19 71 58
10 48 13 43 26
36 64 93 99 98
36 44 66 85 83
36 5 18 76 30
36 46 87 95 90
36 26 89 100 94
48 42 51 81 60
48 13 77 86 77
48 3 76 79 78
11 44 46 53 51
11 60 61 82 73
11 36 82 94 87
11 62 44 94 85
11 59 90 93 93
60 48 32 64 60
60 3 55 86 86
59 49 20 42 31
59 17 87 95 94
59 41 40 73 47
59 65 63 80 66
12 42 80 95 93
12 18 94 97 95
12 53 32 74 54
12 35 40 88 78
42 17 50 72 56
42 21 93 97 97
42 57 14 34 22
42 5 57 94 78
42 14 95 100 97
35 10 30 88 50
35 29 57 92 61
35 45 31 79 79
39 2 45 95 85
39 7 67 97 80
39 12 36 73 59
39 57 93 97 97
39 66 16 77 34
39 0 94 96 96
14 12 84 95 92
14 2 18 63 52
14 56 45 78 66
15 58 79 80 79
15 66 68 80 72
66 63 17 24 19
66 12 25 70 51
66 22 83 94 85
67 51 52 90 64
67 14 63 77 70
40 47 60 78 72
40 67 21 56 31
37 62 38 70 63
37 24 35 95 52
37 45 81 88 81
37 21 95 99 97
22 1 18 22 20
22 8 18 27 27
57 1 75 84 82
43 49 92 100 92
43 41 55 91 90
43 13 82 100 92
43 66 37 77 67
43 26 38 94 86
43 55 27 50 38
49 57 90 92 92
49 43 50 75 69
49 21 44 64 64
49 37 38 85 61
49 51 86 99 90
25 47 50 77 69
25 28 89 96 95
25 40 26 48 35
25 15 19 92 28
25 42 95 99 98
47 55 41 82 61
47 62 88 99 91
47 17 17 62 41
28 55 44 67 49
28 13 26 76 41
28 35 22 90 41
28 8 26 27 26
28 4 31 84 39
27 11 63 69 64
27 21 77 84 77
30 56 35 94 53
31 15 10 81 56
31 33 80 81 81
33 60 36 98 48
33 32 49 58 50
33 1 36 88 80
46 23 46 56 54
65 30 50 91 86
65 52 72 74 73
65 8 23 60 38
65 20 18 62 61
65 2 69 87 77
52 30 24 86 71
52 18 41 64 41
52 3 80 98 80
52 9 77 87 82
52 41 68 100 87
52 57 10 87 46
54 9 16 35 24
61 52 56 61 59
61 68 95 96 95
0 68
