309 796
0 228 42 77 52
0 81 74 83 78
0 173 31 60 47
0 171 31 32 32
0 180 71 72 71
228 247 36 72 53
228 211 62 80 66
81 166 77 99 81
81 286 74 100 91
81 291 82 98 98
81 65 15 71 23
173 298 11 57 11
173 240 48 57 51
173 250 29 94 46
171 199 29 56 29
171 72 30 87 55
171 98 91 92 92
171 120 40 83 83
180 146 21 67 29
180 110 77 84 77
180 68 14 56 46
180 113 91 99 96
1 234 71 80 77
1 208 33 49 40
1 103 32 74 63
234 57 36 69 61
234 121 26 73 68
208 95 83 92 86
103 143 29 31 31
103 308 48 55 54
103 156 26 29 28
2 86 47 82 56
2 254 79 84 84
86 292 94 97 96
86 109 27 41 30
86 264 61 82 63
86 192 32 69 36
86 221 20 95 43
86 201 46 63 53
254 297 20 39 35
254 218 76 84 77
254 40 84 97 97
254 117 54 60 60
254 120 24 72 62
3 1 40 58 42
3 95 27 71 47
95 191 47 56 56
95 74 66 84 71
95 139 28 89 82
4 300 57 61 61
4 294 53 94 85
300 281 13 63 41
300 286 32 83 60
300 53 92 95 95
294 110 49 78 67
5 45 70 83 79
45 87 77 85 79
45 13 34 87 36
45 161 14 28 23
6 276 40 94 60
6 172 28 66 35
276 116 14 82 54
276 105 54 64 59
172 75 58 72 68
172 283 17 50 47
172 165 72 80 79
172 59 61 73 71
7 65 71 94 94
7 233 54 64 55
65 249 66 90 74
65 101 19 75 52
65 272 86 95 87
233 269 57 97 68
233 39 88 95 94
233 99 62 77 75
233 107 69 98 83
233 202 10 80 55
8 210 36 54 48
210 216 29 30 29
210 285 67 68 68
210 272 11 96 61
210 243 19 60 33
210 253 13 16 14
9 207 83 93 86
9 261 47 85 82
9 210 40 63 42
207 47 58 96 67
207 308 94 95 94
207 105 19 72 47
207 50 12 33 14
207 90 94 95 95
207 106 19 65 41
261 205 48 77 59
261 233 92 94 94
261 163 39 44 42
261 223 46 73 67
10 299 37 77 63
10 274 68 70 68
10 103 80 84 80
299 212 60 63 60
299 278 93 94 93
274 104 90 95 92
274 61 23 100 38
274 240 16 35 25
274 109 52 65 53
11 219 33 44 44
11 169 50 81 75
219 152 52 72 71
219 261 75 83 78
169 13 92 100 100
169 109 70 80 73
169 243 34 86 64
169 67 19 68 55
12 238 66 95 94
13 133 28 30 28
13 115 47 100 97
13 166 41 49 46
13 7 94 96 95
133 55 68 96 73
133 306 60 90 77
133 96 89 99 98
115 123 17 96 36
115 31 68 73 68
115 223 59 69 66
115 184 83 89 86
166 87 90 96 90
14 299 66 86 69
14 99 77 98 82
99 122 58 64 61
99 157 84 89 85
99 276 93 99 95
99 217 36 71 69
15 65 88 94 88
16 267 72 80 76
16 71 15 41 31
267 231 32 55 45
267 182 77 89 89
267 16 49 56 51
71 68 56 65 63
71 159 45 88 76
17 242 38 100 97
17 113 49 86 68
17 142 86 94 89
17 32 19 64 50
17 245 60 84 71
242 98 39 90 70
113 265 71 92 85
113 220 16 69 60
142 192 35 81 64
142 153 64 79 79
32 294 68 90 78
245 2 82 84 83
245 19 49 100 72
245 40 75 77 75
245 131 20 95 46
245 255 61 73 70
18 179 28 46 38
18 139 36 84 38
18 265 39 85 73
179 286 18 89 54
139 284 33 80 71
265 185 19 56 37
265 169 58 99 98
265 296 71 78 71
265 163 18 23 22
19 214 49 58 58
19 80 75 77 76
19 79 83 85 83
214 102 82 99 91
214 256 63 79 63
214 282 70 92 71
214 89 53 73 65
80 49 34 48 39
80 263 89 96 94
79 131 45 71 59
79 115 84 91 90
79 138 74 80 77
20 34 51 90 76
20 162 87 99 99
34 94 13 27 22
34 2 83 86 84
34 195 56 91 65
34 140 45 80 55
162 255 94 98 98
162 239 66 87 70
162 29 64 70 65
21 91 44 65 47
21 64 73 75 75
91 0 55 64 64
91 64 57 98 79
91 5 72 97 78
91 150 82 93 83
64 24 44 49 47
64 277 77 78 77
64 240 73 79 75
22 240 37 83 64
240 60 81 82 81
240 213 78 99 80
240 280 45 80 70
240 78 25 61 60
23 42 85 87 86
23 292 79 92 92
42 113 30 68 61
42 146 26 69 61
42 183 75 97 83
292 166 72 73 72
292 74 95 96 96
292 287 65 93 75
24 308 77 90 83
24 68 49 53 51
24 107 38 77 39
24 258 38 86 42
68 259 90 95 95
68 144 77 91 82
68 123 17 38 23
107 184 74 85 77
107 195 19 91 91
107 165 94 96 96
107 75 13 95 28
258 44 73 88 76
258 108 10 24 19
25 277 50 56 52
25 26 26 40 35
277 270 55 87 56
277 215 63 82 75
277 201 66 73 70
277 185 10 42 27
277 51 57 60 59
277 31 88 91 91
26 52 94 98 98
26 86 22 56 55
26 43 69 95 79
43 95 42 81 54
43 120 69 86 69
43 34 64 81 72
43 39 72 94 89
27 185 95 100 96
27 278 28 93 32
27 275 95 99 97
185 250 24 30 28
278 164 25 92 70
278 156 49 100 56
278 15 92 97 95
275 130 69 87 86
275 54 36 42 42
275 262 12 17 17
28 283 11 55 49
28 267 90 93 92
283 143 39 80 61
283 162 77 97 82
283 223 24 82 78
283 72 19 95 25
29 201 28 38 36
201 56 63 94 85
201 122 39 64 62
30 8 81 95 82
30 63 65 67 66
63 294 34 61 60
63 161 35 47 42
33 54 27 81 62
33 224 32 98 97
54 186 12 38 32
54 111 33 73 33
224 161 51 56 53
224 10 11 25 12
224 190 44 71 68
94 38 20 46 34
195 133 94 100 99
140 288 44 58 44
140 269 63 94 76
35 41 32 46 33
35 267 53 77 68
35 51 27 39 29
35 272 60 68 63
41 302 35 92 61
41 81 42 69 45
41 129 90 96 94
51 252 63 68 63
51 104 63 78 69
272 16 48 75 70
272 238 65 79 71
37 55 63 67 63
55 185 27 32 28
55 49 27 100 87
55 230 29 87 67
55 208 52 78 61
55 252 25 92 45
55 64 18 79 62
38 238 10 52 11
39 264 15 50 33
39 305 80 84 81
264 266 13 80 64
305 230 63 98 71
305 195 65 100 89
305 229 56 67 65
305 225 54 83 54
305 302 50 56 55
40 71 37 67 67
40 250 24 68 39
250 172 81 85 83
250 254 48 100 77
302 277 28 60 35
129 55 22 54 24
146 66 41 99 54
146 293 51 63 51
146 223 25 26 25
183 157 24 65 59
183 205 24 87 54
120 12 37 40 37
44 205 30 79 56
44 185 24 44 34
44 260 29 59 47
44 68 64 86 84
44 130 75 95 84
205 236 17 98 64
260 185 12 87 67
130 92 30 32 31
130 200 86 97 88
130 61 76 96 93
130 80 79 85 83
130 49 37 59 48
87 140 44 92 75
161 306 81 88 87
161 115 48 85 82
161 109 11 96 79
47 102 30 73 57
47 236 87 91 88
102 22 80 91 89
102 138 52 81 73
236 114 41 47 45
236 178 23 74 46
236 110 86 95 87
236 106 12 24 21
236 31 17 22 20
48 164 64 84 69
48 153 54 66 64
164 49 56 70 68
153 205 77 80 78
153 114 16 40 25
50 48 37 45 43
50 177 48 62 57
50 27 78 80 78
177 53 67 88 69
177 202 62 81 80
177 10 24 62 44
252 170 76 90 88
252 201 40 50 42
252 267 25 88 35
104 20 79 99 99
104 44 80 95 83
104 174 57 92 78
53 179 90 98 96
186 96 39 74 67
186 299 61 96 95
111 109 49 96 60
111 181 17 21 21
111 65 56 71 67
230 60 93 98 97
230 77 54 58 58
56 304 18 80 72
304 276 86 92 92
304 104 28 77 37
58 117 73 93 92
58 154 35 94 70
58 290 16 92 24
58 60 54 95 78
58 226 45 74 68
58 54 24 56 56
117 146 50 100 52
117 84 86 91 90
117 194 63 64 64
117 280 31 99 77
154 57 32 38 38
154 281 46 57 57
290 145 93 100 93
290 125 70 77 74
290 191 76 96 94
60 169 82 86 84
60 299 91 92 91
60 56 66 74 72
226 138 70 74 70
226 137 92 98 98
59 230 70 86 83
59 208 25 92 73
59 146 35 65 59
62 188 30 59 53
62 126 69 83 74
62 244 39 84 68
188 137 22 40 25
126 13 20 87 39
126 55 55 68 61
126 116 77 90 84
126 295 78 100 84
244 104 43 47 44
244 289 53 82 66
244 164 68 95 85
244 82 23 25 23
244 308 59 98 71
249 26 31 96 33
101 9 13 96 42
101 59 19 29 21
66 153 23 62 52
259 132 41 90 74
259 50 52 81 70
259 262 46 74 51
144 223 93 95 93
144 34 56 72 72
123 241 84 95 90
123 179 40 95 54
69 252 86 90 90
70 37 38 87 44
159 176 27 41 41
159 15 86 88 86
159 258 19 66 32
72 273 55 73 71
72 63 40 68 51
72 151 50 93 93
72 62 76 79 79
72 80 63 85 63
273 100 79 96 87
273 167 35 45 40
273 276 92 95 94
273 43 20 82 49
273 164 67 83 68
151 45 82 89 89
151 271 93 96 95
151 10 29 71 57
73 1 84 90 89
73 147 17 31 29
147 91 12 42 12
74 117 36 85 49
75 233 17 72 55
75 244 31 78 36
75 132 39 55 44
132 222 16 79 77
132 284 61 100 98
76 261 48 52 52
76 264 17 99 79
77 227 46 53 46
227 35 65 89 83
78 213 93 95 95
78 141 31 69 46
78 161 33 78 44
213 207 62 96 88
213 7 87 91 91
213 296 36 59 46
213 14 22 32 25
213 147 46 80 64
141 155 94 99 97
141 248 41 84 71
141 55 67 77 75
131 255 41 42 42
131 236 90 92 91
131 149 57 90 70
138 124 66 70 67
138 43 49 74 72
138 105 95 96 96
263 234 59 69 65
263 93 93 99 98
263 269 53 90 68
263 81 33 51 39
286 228 40 85 75
82 167 15 49 17
82 62 65 81 69
167 287 16 38 35
167 160 26 59 44
167 144 61 62 62
83 96 12 85 72
83 280 89 97 94
83 70 49 95 53
83 158 33 44 41
96 92 18 88 86
280 107 12 69 54
280 64 95 99 97
280 240 39 75 56
158 192 66 97 76
158 178 31 86 53
158 44 49 67 65
84 93 35 39 35
84 115 31 93 90
93 157 65 68 68
93 250 80 85 80
93 204 66 87 85
93 217 47 83 52
85 171 58 85 77
85 189 67 72 70
189 47 18 56 38
109 2 78 86 79
192 97 83 84 84
192 236 70 90 90
192 138 78 90 84
192 58 19 50 24
221 211 95 96 95
88 13 52 99 60
89 203 58 72 61
89 135 76 97 81
203 246 88 100 90
203 254 20 85 62
203 230 48 63 62
135 54 32 47 38
135 242 60 74 70
90 58 70 97 70
90 250 30 68 35
150 108 76 78 76
150 220 25 30 25
92 36 49 90 52
92 235 74 76 76
92 305 35 78 66
92 272 31 62 41
92 53 22 26 25
235 293 36 47 40
235 190 27 40 40
157 4 35 52 45
157 218 29 59 37
217 100 34 64 44
217 220 68 73 73
98 292 94 95 94
98 224 20 79 67
98 143 46 63 47
98 273 14 38 19
98 20 48 88 62
98 57 30 52 39
143 285 47 98 88
143 248 63 71 64
122 281 69 90 90
122 200 46 89 85
100 64 28 80 38
100 153 25 82 52
100 42 52 60 55
100 115 50 53 53
100 238 79 100 96
100 246 57 99 75
100 178 37 56 43
246 122 50 81 70
246 62 35 75 55
246 301 30 87 52
178 72 70 81 70
178 14 72 95 91
178 164 13 63 50
178 248 83 87 83
178 129 15 22 15
178 1 24 94 78
156 57 70 92 78
156 252 94 96 96
174 104 33 66 62
174 142 71 80 80
174 233 85 86 86
106 220 11 16 15
106 208 62 88 81
106 162 64 72 66
106 267 69 83 69
220 60 85 89 87
220 136 79 89 85
220 124 41 99 69
220 44 64 98 76
220 74 78 87 83
184 0 28 46 37
184 233 73 84 73
165 78 39 72 49
165 148 87 100 88
165 215 43 88 61
108 71 58 92 75
108 295 51 53 52
295 267 11 27 15
295 278 14 15 14
295 301 37 53 43
295 132 40 90 56
295 125 79 95 94
110 151 89 96 92
110 24 87 93 88
181 82 52 86 74
181 164 39 58 52
112 142 78 87 85
112 131 17 75 61
223 101 89 100 90
223 302 73 99 90
223 235 69 74 70
116 37 12 68 61
116 247 64 79 74
116 265 43 82 75
247 25 38 68 60
247 219 75 94 76
118 245 43 87 63
119 278 31 45 38
119 186 50 53 51
119 110 27 55 39
121 233 63 70 65
121 19 30 51 31
121 210 58 69 59
121 84 54 80 63
121 252 72 84 74
281 100 20 23 20
200 108 13 86 74
200 45 84 92 85
200 177 26 97 61
200 3 18 74 66
241 292 56 99 92
241 303 76 88 79
124 203 12 56 45
124 209 55 88 60
209 116 47 87 60
209 261 30 93 70
125 288 41 50 43
125 3 45 98 81
288 9 27 82 80
288 22 85 87 86
288 127 52 73 70
288 257 67 85 74
288 21 21 44 30
127 229 13 80 63
127 239 74 76 75
229 72 14 81 55
229 213 93 96 94
229 118 38 60 41
229 183 54 75 71
239 199 89 96 90
239 207 67 98 92
239 14 35 39 38
128 262 63 95 70
128 290 25 48 33
128 82 59 98 81
262 71 89 99 93
262 124 10 92 12
262 174 12 92 80
262 31 47 58 47
262 290 42 65 65
262 215 94 100 97
262 56 27 87 67
255 242 32 63 55
255 199 25 57 54
255 37 58 76 73
255 71 93 99 95
149 235 88 95 90
149 109 80 97 91
149 176 58 68 64
149 106 56 76 63
222 163 87 94 92
222 147 65 96 74
222 149 66 72 71
284 160 55 58 57
284 218 28 96 32
306 67 42 63 45
306 178 34 86 38
306 138 66 84 79
306 114 40 100 86
306 278 81 88 87
134 291 19 64 43
136 150 22 50 48
136 9 78 94 88
136 116 75 81 79
136 237 95 96 95
136 93 20 42 28
237 293 89 90 90
237 299 45 72 50
137 219 29 55 40
137 16 44 88 61
137 109 64 95 85
137 53 61 99 82
269 178 72 99 77
269 300 67 94 70
269 185 53 95 72
269 115 61 73 69
155 202 10 69 26
155 237 32 83 35
155 112 20 29 24
155 114 89 100 96
248 104 42 90 68
248 245 17 69 34
248 171 19 27 22
285 65 53 64 58
285 260 35 42 40
285 236 94 99 95
145 9 10 50 15
293 277 66 71 70
293 249 72 100 72
148 180 25 41 36
176 60 86 100 96
176 6 80 86 86
271 17 43 83 78
271 291 27 75 59
271 58 65 78 77
152 236 49 54 49
202 284 38 89 42
202 243 51 66 53
202 156 30 46 32
202 172 50 66 53
218 199 12 94 12
218 291 48 71 60
218 64 70 89 89
218 82 85 100 94
218 210 23 54 43
218 244 87 91 91
160 260 58 83 73
160 90 49 61 51
160 62 34 96 90
160 102 88 92 88
160 13 43 99 75
160 78 31 53 35
163 58 79 81 79
163 299 43 85 81
163 276 29 47 32
163 223 50 73 70
215 23 31 64 56
215 187 91 93 92
287 303 93 98 95
287 131 88 94 89
287 30 87 89 87
168 172 16 37 35
168 173 60 64 61
243 230 47 68 64
243 282 75 94 86
243 6 10 53 50
243 68 41 69 48
243 222 62 64 64
170 107 34 80 53
170 105 64 72 71
170 54 63 97 73
199 183 41 60 45
199 13 54 55 54
199 51 17 90 52
199 138 37 84 65
199 32 16 93 52
199 283 63 78 66
199 52 87 100 91
298 176 29 64 42
175 38 36 61 61
175 56 84 87 86
182 266 77 90 84
182 59 18 83 22
182 149 43 90 52
182 89 48 96 54
182 293 27 50 47
187 36 76 78 77
187 254 84 97 96
187 245 58 84 71
187 186 70 89 88
193 233 42 99 45
193 144 69 99 79
193 166 32 58 58
196 98 67 75 72
196 109 16 22 19
197 9 73 91 89
197 73 12 71 64
197 46 21 28 22
197 66 49 97 57
197 41 11 48 21
197 145 61 78 61
198 228 30 43 43
198 250 93 97 94
206 169 45 58 49
206 225 66 69 66
225 151 26 31 30
225 189 93 98 94
225 93 17 22 21
216 171 87 88 88
211 299 20 46 46
211 250 34 59 54
211 142 84 92 88
212 211 80 83 80
212 25 55 91 89
296 56 19 83 70
256 0 41 77 56
282 299 60 94 75
282 22 73 79 74
231 149 64 66 66
303 239 77 91 83
303 120 36 74 40
303 38 34 97 96
303 208 31 53 40
303 86 86 97 89
289 273 16 36 31
289 199 84 98 96
289 26 77 96 88
289 134 80 88 82
301 54 86 100 86
301 212 38 61 43
301 199 39 44 40
301 237 65 93 93
251 4 30 31 30
251 201 40 51 49
251 189 90 97 97
297 11 74 79 75
297 162 93 99 94
297 10 46 68 47
257 193 86 92 90
268 55 39 90 48
268 206 27 62 39
268 74 58 94 76
270 288 77 100 81
270 107 52 87 75
270 214 61 100 91
270 287 24 54 37
279 299 86 93 87
279 158 33 56 39
279 154 19 94 49
279 49 27 63 53
0 308
