307 1199
0 281 27 42 39
0 168 25 65 41
0 303 71 82 82
281 24 30 31 31
281 271 84 95 88
281 42 34 55 43
281 22 17 46 31
281 272 22 78 24
168 224 25 52 25
168 119 14 47 29
168 183 89 94 94
303 225 19 93 54
303 9 53 73 58
303 165 53 67 60
1 112 45 65 54
1 274 67 92 73
1 46 59 61 60
1 295 88 91 90
1 59 50 87 76
112 73 53 98 74
112 54 36 98 73
274 24 10 40 15
274 117 39 77 77
46 203 89 97 97
46 89 29 74 74
46 199 76 82 78
295 165 67 75 74
295 59 35 61 40
295 276 80 89 82
295 134 59 95 70
295 34 71 79 73
59 248 48 95 70
59 73 94 98 96
2 16 59 100 73
2 127 40 95 93
2 243 35 36 35
2 48 44 46 46
16 277 63 89 89
16 125 60 82 70
16 78 60 85 67
16 236 81 98 90
127 164 14 24 17
127 147 83 99 93
127 103 15 90 35
243 73 68 82 81
243 63 52 73 57
243 75 48 92 70
243 209 25 92 35
243 304 49 70 68
48 65 10 66 45
48 195 51 90 60
48 143 92 97 96
48 231 73 97 82
3 176 10 15 13
3 199 22 34 22
3 166 62 81 76
3 200 48 53 51
176 72 36 95 64
176 236 93 100 94
176 301 23 34 28
176 55 16 17 17
176 75 22 30 23
176 163 49 95 90
176 231 32 68 47
199 226 93 96 94
199 237 51 87 78
199 15 45 62 55
199 19 40 81 77
166 276 28 95 69
166 177 31 77 75
166 188 41 69 56
166 148 20 48 39
200 188 87 95 92
200 155 91 92 92
200 19 82 83 82
4 206 36 45 41
4 272 79 96 88
4 29 10 21 13
4 266 37 59 43
4 133 76 89 88
206 25 93 98 96
206 255 26 34 30
206 62 67 73 69
206 241 69 98 78
272 234 94 96 94
272 227 59 82 73
272 4 55 83 82
272 162 94 97 94
272 194 59 82 70
272 27 21 84 75
29 172 33 41 41
29 143 49 80 65
29 107 61 84 82
29 193 78 98 86
29 129 69 96 73
266 123 90 99 93
266 50 28 46 45
266 179 52 77 73
266 180 50 54 54
266 288 36 40 37
266 201 21 62 48
133 21 45 46 46
133 225 43 75 55
133 263 54 87 56
5 186 36 85 78
5 181 56 71 60
5 103 40 64 44
5 228 92 99 92
186 289 73 89 84
186 83 59 98 91
181 110 34 49 36
181 248 60 87 67
181 14 14 44 27
181 71 55 61 58
181 9 70 99 97
103 146 40 62 52
103 302 21 39 31
103 290 44 80 68
103 86 84 90 88
228 195 78 93 85
228 265 61 70 68
228 5 12 67 45
228 274 54 100 65
228 107 55 57 57
6 206 15 95 61
6 154 81 96 96
154 207 10 58 25
154 79 48 92 76
154 245 74 100 100
7 22 38 44 43
7 34 54 90 80
22 32 61 74 64
22 25 71 75 74
22 150 60 98 81
22 30 92 94 92
22 5 76 97 80
22 239 66 91 85
22 79 55 100 92
34 263 68 77 76
34 200 54 80 67
34 129 44 81 53
34 85 89 90 89
34 233 46 90 82
8 121 66 68 67
8 223 87 89 88
8 288 66 72 67
8 224 57 90 62
8 301 21 25 25
121 161 93 96 95
288 239 47 99 82
288 118 79 80 79
288 8 23 75 69
224 200 52 93 91
224 202 70 77 70
224 102 22 43 27
301 237 90 98 97
301 205 25 45 26
301 268 19 43 26
301 20 43 52 44
9 120 39 99 84
9 46 65 71 67
9 72 51 81 53
9 236 47 75 58
120 176 69 72 70
120 282 43 63 46
120 5 69 92 73
120 264 32 70 38
72 140 94 100 98
72 9 62 70 67
72 158 37 49 38
72 210 73 94 74
236 159 21 64 49
236 270 33 94 55
236 203 43 51 47
236 193 79 83 79
236 74 73 81 75
236 143 85 88 86
236 304 40 74 67
10 265 53 63 62
10 121 74 77 74
10 134 25 79 74
10 55 83 88 88
265 112 49 88 73
265 186 93 99 99
265 300 22 28 28
265 53 95 98 97
134 111 61 98 84
134 214 66 84 70
134 115 23 91 74
134 90 12 42 36
134 95 89 95 89
134 171 37 50 38
134 99 64 92 66
55 130 73 86 73
55 8 69 100 69
55 164 46 94 48
55 69 27 40 36
11 128 40 73 66
11 95 39 98 60
11 270 21 64 37
11 54 58 85 80
11 210 72 78 73
11 97 65 87 82
11 39 73 81 76
128 29 60 96 62
128 283 86 99 91
128 265 94 100 94
128 71 76 88 79
128 107 21 38 24
95 114 42 54 46
95 32 28 92 86
95 45 56 97 59
95 224 53 66 56
270 297 44 66 52
270 137 47 99 75
270 36 12 38 37
54 0 27 59 32
54 227 68 100 91
54 293 45 60 54
210 189 80 81 81
210 118 15 70 64
210 23 46 94 79
210 248 56 100 96
210 288 23 71 54
97 135 38 94 48
97 242 29 39 33
97 68 17 53 48
39 10 72 84 80
39 65 16 83 20
12 5 75 100 100
12 296 54 93 90
12 143 61 88 74
12 228 87 95 92
12 86 56 79 72
12 106 63 91 81
296 251 46 71 49
296 300 93 100 93
296 249 66 92 84
143 155 95 99 97
143 300 85 97 87
86 275 50 53 51
86 299 27 29 29
106 49 28 71 32
106 227 26 56 45
106 149 68 89 70
13 187 87 98 92
13 0 69 73 71
13 276 37 80 69
13 28 76 88 86
13 290 23 43 34
13 30 60 64 61
13 248 74 99 78
13 159 81 82 82
187 217 17 53 33
187 196 86 89 89
187 252 21 98 55
187 102 54 68 59
187 231 24 88 40
187 53 55 83 63
276 297 58 62 58
276 42 66 84 73
276 220 25 36 29
276 242 94 96 96
276 278 75 95 79
276 141 46 94 74
276 122 39 44 41
28 229 90 91 91
290 277 21 62 42
290 237 85 95 93
30 285 82 98 91
30 155 48 86 74
30 256 40 55 52
30 140 93 98 95
248 143 20 68 66
248 15 12 72 15
248 83 64 87 66
159 37 19 50 36
159 199 35 44 40
14 27 52 80 76
14 217 22 95 63
14 197 15 99 58
14 287 15 18 16
14 292 79 87 81
14 252 68 79 78
27 210 81 92 87
27 31 91 97 92
27 93 80 100 82
27 87 18 94 76
27 192 69 85 81
27 111 19 74 26
217 184 42 90 69
217 34 10 82 40
197 83 75 77 75
287 132 85 92 87
292 34 10 24 19
292 66 92 99 92
292 283 41 49 49
292 247 47 53 52
292 215 24 51 45
252 80 44 71 53
252 293 42 86 44
252 194 93 97 93
252 281 75 94 83
252 255 68 69 69
252 301 86 89 86
15 102 25 94 89
15 145 32 35 35
15 266 67 88 71
15 144 34 60 36
102 20 66 96 77
102 254 46 68 47
102 173 61 67 62
102 182 90 97 94
145 10 23 64 49
145 227 31 95 87
145 172 16 69 43
145 6 76 91 79
144 259 77 96 92
144 147 66 88 82
144 205 20 73 65
144 173 87 99 87
277 165 38 96 44
277 284 60 87 70
277 11 65 95 74
277 6 75 86 80
277 160 85 94 93
277 226 24 87 59
277 51 45 85 84
277 251 81 91 90
125 278 23 42 31
125 153 36 42 36
125 285 56 62 59
125 204 48 87 84
125 303 32 66 66
78 176 27 64 37
78 154 40 45 41
78 160 22 55 27
78 12 65 69 69
18 147 90 95 94
147 167 30 91 58
147 232 70 96 71
147 33 29 37 32
147 123 45 78 56
19 163 72 88 83
163 71 52 99 97
163 45 76 89 84
20 71 19 52 29
20 164 38 82 53
20 75 30 79 69
71 12 91 95 92
71 174 76 81 80
71 225 77 78 77
164 222 68 71 69
164 191 91 99 93
164 268 46 86 76
164 201 84 98 98
75 199 93 99 93
75 226 75 77 75
75 304 53 71 56
21 286 56 74 69
21 111 82 84 83
21 73 33 42 39
21 273 63 91 63
286 176 65 67 66
286 234 43 72 46
286 109 45 88 61
111 260 20 68 59
111 14 53 93 86
73 193 54 57 54
73 139 18 59 34
73 144 37 94 61
73 61 82 85 83
73 140 15 42 27
273 300 35 58 52
273 28 73 100 94
273 167 92 97 96
273 19 11 27 27
273 59 84 99 87
273 294 21 25 23
273 271 34 95 49
273 282 83 93 87
32 198 93 99 96
32 70 28 51 46
32 241 76 94 89
32 182 10 47 17
32 144 61 87 77
25 85 60 77 77
25 286 72 99 75
25 260 35 57 39
150 281 40 98 87
150 21 21 27 21
150 137 70 87 87
150 247 30 78 32
239 83 19 35 28
239 131 15 72 22
239 246 52 59 54
239 23 28 82 29
239 141 17 61 20
239 139 27 98 92
239 48 18 63 45
239 230 80 86 80
79 33 91 93 91
23 242 28 63 33
23 89 11 46 20
242 143 29 97 32
242 113 13 97 70
242 114 27 67 46
242 266 40 74 54
242 292 83 93 89
242 177 34 95 65
242 129 47 57 53
89 185 49 94 52
89 290 45 66 66
24 55 82 90 86
24 283 50 52 52
24 258 13 19 15
24 106 27 46 35
24 263 88 100 91
283 233 34 64 64
283 204 29 77 62
283 151 17 58 53
258 109 37 68 51
258 153 87 98 94
258 9 80 93 85
258 192 94 98 94
258 179 84 100 97
263 268 23 56 30
85 280 21 31 23
85 61 80 87 80
85 102 91 100 99
85 176 52 71 59
260 210 76 87 82
260 201 28 57 56
260 165 18 41 38
26 199 32 98 48
26 237 50 69 57
26 305 83 86 83
26 279 26 61 44
237 188 59 69 62
237 254 73 99 91
237 229 17 75 53
237 4 66 86 66
237 186 15 83 74
305 34 69 86 73
305 95 70 89 73
305 152 21 74 44
305 63 90 95 91
279 141 75 78 76
279 25 12 88 69
279 232 18 51 36
279 240 90 97 97
31 140 54 77 60
31 89 89 90 89
31 4 15 58 24
31 84 64 65 64
93 298 17 77 27
93 55 11 89 43
93 129 26 49 46
93 116 22 38 31
93 295 69 97 76
93 5 32 84 75
93 58 73 90 85
93 203 69 83 79
87 147 31 89 53
87 1 16 40 37
87 301 16 33 27
87 299 10 41 18
192 45 94 95 95
192 80 81 95 82
192 86 30 74 70
192 160 18 33 20
192 72 18 77 60
229 119 34 96 83
172 14 71 99 77
172 25 87 97 92
172 234 90 99 94
172 206 71 82 74
107 209 36 64 37
107 12 89 96 90
193 64 13 73 52
129 27 25 79 72
129 96 75 76 76
285 68 63 74 66
285 44 28 68 48
285 204 93 94 94
155 205 39 86 62
155 304 91 92 92
155 49 55 71 59
155 92 65 75 74
155 219 41 87 80
155 254 25 71 36
256 93 25 39 36
256 243 24 25 25
140 192 29 56 55
84 1 66 94 90
84 11 22 58 53
84 185 87 91 89
84 234 18 86 64
84 72 37 46 38
198 302 21 84 55
198 135 65 78 76
198 184 18 63 54
70 257 75 92 76
70 71 70 89 87
70 260 13 74 29
70 191 86 99 96
241 236 42 44 44
241 123 46 93 86
182 198 18 21 21
182 95 17 23 19
182 61 93 100 97
182 154 85 94 89
182 60 45 63 56
33 250 82 95 82
33 203 85 90 85
33 273 27 30 29
250 241 37 59 47
250 193 73 93 77
250 171 28 31 30
250 223 71 78 77
203 63 14 40 19
203 9 78 95 84
233 226 44 62 58
233 79 14 83 58
233 106 38 86 80
233 90 41 56 52
233 9 29 53 31
233 182 45 73 58
35 234 44 79 65
35 126 83 94 91
35 162 95 100 98
35 147 24 83 60
35 38 55 88 85
35 21 92 94 93
234 80 10 46 38
234 62 51 94 51
234 284 84 91 89
234 229 93 94 93
234 29 59 96 89
234 209 85 92 88
234 138 91 99 96
234 228 40 53 42
126 193 63 100 85
126 224 92 96 92
126 252 32 86 73
126 267 59 100 100
162 53 12 75 39
162 182 33 57 45
162 228 19 99 33
162 54 85 91 85
38 99 77 80 80
38 29 21 69 54
38 177 71 89 87
38 106 54 73 71
36 12 22 38 33
36 255 81 100 89
36 109 10 23 11
36 107 12 96 54
255 113 38 74 64
255 170 13 92 58
255 77 72 74 72
255 59 17 49 40
255 83 32 100 34
255 13 85 96 93
109 61 46 49 49
109 221 22 30 28
109 291 41 80 42
109 297 47 65 54
109 278 18 84 31
37 136 14 95 69
37 192 44 82 77
37 219 33 62 61
37 284 94 99 96
37 201 25 26 26
37 217 81 89 82
37 137 19 48 23
136 263 34 83 54
136 78 42 92 42
136 74 52 66 61
136 54 12 62 17
219 188 43 50 45
219 95 53 90 56
219 267 56 62 56
284 140 95 100 97
284 26 78 93 80
284 173 91 93 93
284 119 52 100 98
201 5 70 79 76
201 145 68 93 78
201 21 88 96 88
137 228 45 93 62
137 206 83 92 84
137 141 22 85 74
137 219 36 44 36
137 93 42 47 47
99 235 52 76 74
99 268 67 81 78
99 22 59 76 63
177 183 33 94 57
177 79 57 78 67
65 152 43 65 54
65 160 12 41 20
65 275 84 93 89
65 172 27 71 32
65 148 39 87 85
40 119 76 92 89
40 152 30 50 46
40 263 72 74 73
40 109 67 88 85
40 68 58 88 67
119 26 49 60 50
119 85 33 88 69
119 22 80 85 83
152 198 59 81 70
68 180 65 72 66
68 250 43 87 65
68 142 23 67 65
68 83 85 90 88
68 56 11 83 76
41 109 45 58 53
41 213 57 95 95
41 21 91 94 92
41 150 71 90 90
213 115 44 63 63
213 116 94 96 95
213 185 35 67 51
213 53 62 68 68
213 304 57 79 60
213 88 83 97 89
213 262 76 97 80
42 59 81 94 83
42 20 87 98 91
42 75 54 94 57
42 288 95 99 97
43 28 42 63 56
43 240 59 64 59
43 25 76 78 76
43 224 34 70 51
240 109 17 77 23
240 23 70 100 88
240 264 82 95 88
240 47 65 66 66
240 69 49 59 51
44 217 57 83 79
44 39 32 36 32
44 225 72 80 74
44 168 93 99 97
44 96 59 85 81
44 128 39 64 48
44 117 22 98 98
44 109 23 65 47
225 192 92 97 92
225 61 72 99 96
96 148 24 81 48
96 3 25 75 35
96 155 72 89 82
96 131 37 72 56
96 178 53 66 64
117 274 21 65 39
117 110 49 53 49
117 134 27 63 57
117 218 13 60 26
117 281 90 94 90
45 219 32 67 58
45 53 33 73 63
45 212 42 92 50
45 122 94 98 97
45 183 54 93 79
53 235 50 88 60
53 178 56 80 61
53 210 31 41 31
53 227 43 60 48
212 142 13 57 51
212 85 89 100 93
212 203 37 87 57
212 38 76 100 79
212 137 52 61 55
122 23 37 93 83
122 216 19 80 75
183 166 84 90 84
183 216 64 77 73
183 254 54 89 73
183 260 64 89 82
183 76 28 33 32
183 7 57 74 74
47 169 32 85 70
47 211 17 31 27
47 170 56 58 57
47 287 19 48 19
211 242 77 81 81
211 48 80 96 90
211 291 10 44 23
211 90 62 90 69
211 230 55 58 55
211 268 34 43 39
170 25 30 74 45
170 135 73 96 90
170 283 18 32 24
170 260 92 98 93
170 123 80 88 85
170 83 33 87 63
170 5 16 17 16
195 58 80 99 84
195 203 87 92 89
195 27 61 71 63
195 134 22 36 31
195 248 11 94 31
231 97 72 75 73
231 151 94 98 94
231 119 59 72 68
231 41 33 78 60
231 286 42 58 43
231 180 14 81 61
231 52 86 98 92
231 297 31 79 42
231 115 89 99 89
49 259 61 89 76
49 117 60 84 68
49 152 28 80 69
49 80 74 79 79
49 30 10 37 33
259 166 85 89 89
259 75 85 88 87
80 132 42 51 48
80 224 28 33 31
80 120 94 97 96
80 266 59 96 94
80 298 47 61 56
50 246 85 94 94
246 159 27 61 33
246 39 88 95 92
246 306 75 82 75
51 7 83 88 88
51 11 43 95 85
51 130 43 77 71
51 245 30 33 33
51 249 30 64 56
51 38 57 90 63
51 54 72 81 77
51 104 92 96 95
130 112 63 89 87
130 142 67 85 81
130 200 27 62 31
130 259 15 26 15
130 20 28 90 72
130 237 28 81 65
245 162 28 33 30
245 271 85 95 94
245 68 62 88 85
245 148 64 98 86
245 298 67 96 79
249 228 40 58 45
249 234 51 68 53
249 8 68 91 82
249 217 36 59 43
104 205 37 79 50
104 290 30 66 36
104 154 67 94 78
104 264 31 76 36
104 241 45 85 45
52 189 23 75 70
52 264 21 26 25
52 102 42 55 55
189 153 68 78 71
189 163 37 52 42
189 19 16 26 16
189 236 25 59 41
189 65 75 81 76
189 208 79 97 83
264 18 12 82 38
264 127 39 71 58
178 90 56 77 68
178 278 67 75 72
178 259 20 49 40
178 207 83 88 88
227 59 49 84 80
227 53 79 82 80
227 267 18 22 22
227 232 32 49 48
293 93 85 90 88
293 150 17 40 20
293 294 35 73 65
293 292 93 99 99
293 0 30 60 46
293 299 29 67 32
69 204 58 100 87
56 125 67 92 87
56 15 90 92 91
56 0 18 42 31
56 98 65 98 67
57 13 31 69 35
57 11 59 95 60
58 263 50 61 61
58 65 10 26 24
60 13 34 92 40
60 288 21 35 33
60 281 64 91 84
60 29 41 77 52
60 93 14 94 55
60 218 35 67 53
60 110 77 94 84
218 69 20 39 37
218 160 28 87 47
218 269 24 93 75
218 32 50 83 78
218 188 12 98 56
218 274 84 92 89
110 82 73 85 79
110 60 11 88 81
110 254 17 78 42
110 75 58 94 83
110 160 54 75 67
61 306 32 74 58
61 45 52 79 52
61 286 83 85 83
61 192 47 49 48
306 45 90 91 90
306 278 43 71 50
306 219 10 48 20
306 220 48 68 56
62 225 79 93 93
62 281 19 56 19
62 158 77 90 85
62 42 64 82 65
158 301 95 99 98
158 214 22 34 28
158 211 93 97 94
158 121 71 90 90
63 48 94 95 94
63 136 87 90 87
63 289 25 99 72
63 35 73 76 75
63 187 56 63 60
289 79 62 79 66
289 2 71 78 73
289 121 47 68 56
64 116 54 83 62
64 154 50 79 68
64 265 62 93 69
64 33 63 83 63
64 109 64 70 66
64 44 54 63 60
64 272 74 78 77
116 172 20 81 26
116 24 61 93 93
116 41 16 29 21
116 306 61 65 65
160 296 20 27 25
160 41 52 89 68
160 33 14 26 18
160 87 80 96 94
275 213 22 42 30
275 239 25 83 51
275 223 75 84 83
275 25 27 86 41
275 230 22 44 38
275 69 17 73 24
275 211 22 71 24
148 131 52 80 67
148 192 68 72 68
148 194 77 80 77
148 198 34 75 53
148 152 28 59 31
148 49 80 96 84
148 31 87 98 96
148 305 66 89 82
66 241 70 97 84
66 140 91 100 93
66 129 39 51 39
67 276 37 78 63
67 173 82 87 85
173 19 77 87 83
173 65 52 72 56
173 5 86 92 92
173 88 16 97 56
173 86 59 86 80
173 174 65 94 91
180 221 79 84 82
180 268 29 82 48
180 75 58 75 68
142 139 47 99 94
142 201 21 57 31
142 140 43 98 51
83 108 36 84 42
83 181 17 27 17
83 82 39 61 43
83 267 20 42 26
83 40 77 96 87
204 163 14 18 16
204 304 93 100 93
204 21 94 96 95
257 173 81 86 85
257 209 70 86 83
257 89 77 94 94
257 23 71 83 83
257 198 30 83 49
191 298 19 32 30
191 287 15 42 17
191 305 51 94 81
191 146 50 80 61
191 50 55 58 58
174 154 65 70 66
174 114 36 54 52
174 141 25 30 30
174 116 48 89 87
139 260 38 97 68
139 34 69 72 72
139 72 94 98 94
139 123 34 47 43
139 171 62 94 74
74 188 37 46 38
74 122 15 65 32
74 101 57 75 65
188 80 64 70 66
188 258 41 58 42
188 133 55 98 56
188 119 50 72 60
101 136 95 100 99
101 145 61 76 72
101 269 29 97 96
101 161 34 51 48
226 150 68 100 95
226 249 38 58 47
226 139 13 14 13
76 193 32 62 48
76 242 38 60 39
76 3 43 97 54
76 49 71 100 100
76 14 56 84 74
76 138 17 85 59
138 276 48 62 56
138 75 95 99 97
138 281 34 78 55
138 244 61 74 72
138 84 34 74 64
138 85 92 98 94
77 125 10 48 11
77 192 39 59 48
77 53 85 86 85
77 214 95 96 96
77 209 51 87 62
77 152 54 98 60
77 140 91 99 94
77 205 48 86 68
214 21 59 94 73
214 133 74 84 77
214 155 20 37 32
214 37 50 90 53
214 247 15 82 19
214 213 81 95 95
209 56 93 97 95
209 149 11 63 63
209 278 14 43 19
209 7 72 81 73
209 24 17 62 37
205 106 39 70 49
205 30 49 55 53
205 221 43 91 65
205 181 58 81 58
205 198 62 81 62
132 240 53 61 54
132 155 26 100 69
132 241 80 94 91
132 221 90 93 92
132 75 86 93 86
298 282 85 97 88
298 81 31 75 73
298 30 14 98 35
298 146 69 85 79
298 288 23 99 30
298 162 10 91 31
298 243 34 55 52
81 219 79 89 86
81 194 79 80 79
81 288 28 58 30
81 233 90 91 91
194 101 61 71 71
194 19 95 97 97
194 149 29 63 38
194 184 62 64 64
194 89 78 93 92
82 190 73 93 90
190 216 90 91 90
190 284 19 41 20
190 161 42 46 44
190 9 11 32 15
190 253 69 76 70
108 188 30 79 62
108 169 21 91 55
108 190 83 87 87
108 91 77 91 86
108 50 59 75 67
267 24 81 97 83
267 218 60 82 68
267 203 55 71 61
185 11 60 77 68
185 291 78 99 80
280 93 46 61 59
280 201 76 93 79
299 201 82 89 87
299 59 90 95 92
299 264 68 72 72
88 93 62 90 80
88 277 56 83 57
90 183 70 89 87
90 131 92 93 93
131 160 38 90 59
131 241 54 56 55
131 209 58 64 59
91 35 75 84 81
91 20 27 86 53
91 274 93 97 96
91 275 83 97 83
94 267 71 85 75
94 178 24 48 36
114 142 24 39 27
114 68 16 37 36
114 141 85 99 94
114 194 76 99 85
114 111 33 92 83
135 261 20 78 68
135 83 85 92 85
135 301 75 87 85
135 211 59 80 73
268 306 55 81 67
268 159 12 88 16
268 192 53 54 53
100 114 72 77 72
100 14 91 93 91
100 110 94 99 94
269 44 24 60 33
269 74 51 92 77
161 252 93 97 95
161 122 22 91 74
161 209 65 80 79
161 15 20 28 25
161 45 83 86 84
254 51 49 98 72
254 72 29 56 47
254 213 53 94 90
146 90 35 72 37
146 29 11 15 12
146 127 34 72 58
302 289 87 99 89
302 210 40 43 40
302 298 70 77 76
302 162 32 55 46
105 49 22 39 32
105 292 30 44 30
105 121 11 53 19
149 122 20 75 55
149 187 95 99 95
221 287 19 46 25
221 77 55 61 57
221 199 66 94 78
221 62 56 100 94
221 176 95 98 95
291 293 58 95 79
291 73 12 90 18
291 172 50 55 55
297 276 35 94 76
278 5 30 67 45
278 14 95 99 98
278 52 81 96 94
113 150 92 93 92
113 231 44 60 54
113 255 58 83 65
113 123 72 75 74
113 242 15 48 27
141 147 49 76 66
141 303 17 23 19
141 215 16 50 26
115 202 58 90 60
115 272 12 75 36
115 55 89 92 90
115 152 43 70 45
115 224 70 88 85
202 227 87 96 96
202 275 95 97 96
202 38 54 73 63
202 286 45 98 71
118 45 33 73 52
118 302 45 64 58
118 251 87 99 88
251 279 75 95 91
251 79 56 60 60
251 244 28 92 55
251 20 74 89 79
282 297 94 100 100
282 22 40 89 40
216 290 51 52 52
216 90 65 77 69
216 124 18 82 26
216 279 19 23 19
124 134 26 35 35
124 295 15 61 44
124 32 65 86 75
153 8 74 100 89
153 51 87 89 88
153 134 88 91 89
153 160 58 87 75
153 107 89 92 92
171 9 20 93 29
171 78 72 74 73
171 263 89 96 94
171 255 86 97 96
261 71 95 96 95
261 30 64 65 64
261 288 69 89 82
261 99 38 47 44
244 188 11 22 15
244 39 38 96 63
244 131 48 92 76
215 227 85 97 86
215 116 56 94 65
215 287 67 100 68
300 104 18 97 60
167 191 73 92 91
167 235 11 35 20
167 222 63 99 72
167 188 22 62 56
232 285 23 81 70
247 220 92 98 94
247 254 52 75 54
247 1 40 83 46
151 250 49 65 57
151 84 94 98 98
151 115 94 96 94
151 231 15 49 24
207 137 58 95 60
207 60 80 98 85
207 3 77 91 78
207 249 91 97 95
207 252 68 87 78
207 208 16 23 20
207 190 14 77 73
156 160 55 78 60
156 191 86 94 92
156 105 71 100 79
156 295 11 44 30
156 93 56 87 66
157 27 87 88 88
157 285 55 80 63
157 153 20 71 47
157 213 95 96 95
222 136 44 48 47
222 197 40 75 74
222 8 44 61 49
222 198 53 88 79
222 122 53 96 58
222 35 17 23 21
165 96 38 52 51
165 179 76 94 79
165 229 69 87 84
165 12 19 29 20
165 37 67 69 68
179 111 15 87 62
179 245 23 26 23
179 91 36 73 45
175 302 29 53 43
175 62 15 99 26
184 144 74 90 76
184 130 66 96 85
196 119 26 62 56
196 178 69 77 72
196 71 85 98 87
196 281 94 95 94
196 22 25 80 66
208 105 82 87 85
208 192 51 55 52
208 295 89 99 97
208 81 89 95 93
208 87 93 97 95
253 239 78 80 78
253 257 29 33 32
253 273 82 89 83
253 248 57 90 78
253 224 81 84 81
253 82 77 97 93
230 242 79 92 87
262 182 89 91 91
262 89 93 96 94
262 232 85 86 85
262 234 25 42 33
262 97 35 91 40
220 122 32 57 38
220 265 19 47 19
220 71 29 88 39
238 134 92 99 99
238 304 56 87 81
271 82 30 84 72
271 158 30 42 34
271 128 11 38 20
271 152 27 47 33
271 296 24 72 48
294 164 54 86 84
294 13 21 32 23
294 141 77 94 93
294 35 15 80 76
0 306
