45 179
0 33 31 36 34
0 43 71 90 79
0 36 40 46 45
0 15 59 61 60
33 15 14 62 32
33 25 60 63 60
33 11 47 91 72
33 30 26 98 72
33 20 78 82 79
33 17 92 97 94
33 16 22 39 22
33 10 54 63 54
33 28 67 92 68
43 16 82 84 84
43 13 59 68 67
43 19 22 36 24
43 34 16 28 23
36 1 60 69 66
36 25 65 66 66
15 30 69 83 78
15 28 37 49 37
15 41 67 83 82
1 29 34 80 38
1 26 79 94 85
1 19 89 99 94
1 15 45 65 60
1 11 74 86 83
1 9 55 56 56
29 3 43 69 45
29 36 90 98 96
29 17 54 90 54
29 2 75 84 83
29 22 90 93 92
29 44 79 83 80
26 4 57 75 57
26 18 38 52 44
26 17 53 56 55
19 3 58 77 58
19 32 48 71 67
19 29 57 73 62
11 43 40 57 44
11 8 53 86 81
11 0 40 77 41
9 35 79 81 80
9 3 71 90 83
9 0 68 86 74
2 11 46 58 55
2 7 57 79 60
2 10 27 84 27
2 42 29 37 29
7 35 61 100 70
7 41 12 73 33
7 20 67 69 68
7 10 49 54 52
10 31 80 95 84
10 1 22 53 32
10 19 56 92 83
10 9 42 47 45
42 36 85 94 87
42 3 87 91 91
42 39 64 84 77
42 19 47 48 48
42 34 91 98 94
4 43 37 39 39
4 23 33 56 46
4 9 85 90 89
4 17 44 65 53
4 39 36 94 50
4 22 86 93 88
23 12 28 40 36
17 24 12 31 22
17 1 66 95 93
17 18 46 74 49
17 27 22 47 32
17 21 70 98 81
17 25 19 82 19
39 7 75 91 75
39 14 72 99 84
39 32 93 95 95
39 24 78 90 89
22 3 43 64 50
22 39 44 66 63
22 36 23 74 41
22 32 58 85 83
22 0 25 31 25
5 39 43 45 44
5 27 83 87 85
27 43 84 89 87
27 2 57 96 69
27 35 16 53 43
6 36 24 37 33
6 4 29 35 31
6 33 39 54 54
35 7 31 55 40
35 1 80 88 87
35 40 16 96 33
35 32 39 51 41
35 26 56 59 57
41 15 83 92 88
41 4 43 77 56
41 42 72 93 87
41 40 82 93 91
41 24 81 84 81
41 36 28 48 31
20 25 56 60 58
20 12 51 63 57
8 19 48 87 82
8 15 29 88 44
8 2 20 48 25
8 28 51 82 64
8 0 22 95 71
28 43 78 90 82
28 38 73 79 79
28 31 70 90 82
31 21 25 41 29
31 13 25 60 59
31 2 76 100 98
31 35 81 85 81
12 17 28 98 62
12 38 87 90 88
12 40 95 98 96
12 14 65 67 67
38 29 46 89 62
38 17 29 85 44
38 10 24 47 35
38 20 87 90 88
40 22 10 35 16
40 42 49 73 71
40 14 58 79 73
40 41 62 80 70
40 34 78 84 84
40 18 67 95 94
14 40 45 51 47
14 1 80 86 81
14 39 69 86 78
14 44 71 76 75
13 15 54 58 54
13 21 30 54 47
21 33 90 98 94
44 43 33 77 36
44 37 92 94 93
44 18 39 70 50
44 17 49 69 54
44 30 40 45 41
44 38 86 94 90
30 44 23 83 72
16 37 60 62 60
16 30 78 94 91
16 43 88 92 88
16 44 16 67 45
37 42 60 67 67
37 21 87 96 91
37 0 22 75 75
37 8 60 83 65
37 17 81 97 97
37 41 13 60 50
37 13 47 89 55
24 28 81 92 92
24 30 59 91 64
24 21 23 76 59
18 33 34 74 72
18 9 75 97 92
18 2 85 97 93
18 17 15 66 32
25 43 22 23 23
25 24 93 100 97
25 40 66 83 66
25 28 26 42 26
25 2 61 88 66
32 14 50 70 65
32 29 24 51 29
32 11 46 88 63
32 19 28 63 50
34 1 49 94 52
34 23 28 31 29
34 12 67 70 69
34 40 43 88 54
34 2 16 27 24
34 29 39 85 74
0 44
