94 272
0 17 11 61 19
0 30 45 65 56
0 38 31 65 41
0 53 53 98 85
17 70 18 100 82
17 88 30 60 55
17 75 81 82 82
30 22 81 92 82
30 60 79 90 82
38 64 22 36 24
38 7 34 63 59
38 2 93 98 94
38 69 52 77 61
38 82 39 89 44
38 73 30 76 65
53 49 67 70 69
1 39 37 81 69
1 87 95 97 97
1 40 34 50 34
1 62 60 83 73
1 3 87 95 93
39 54 57 66 62
87 73 39 76 39
87 26 39 94 58
87 60 94 99 97
87 2 89 100 96
87 83 46 77 74
40 53 31 39 38
40 43 66 93 87
62 50 93 96 96
62 26 87 88 88
62 3 14 32 31
3 24 35 66 41
3 69 50 60 60
3 39 26 89 57
3 53 34 57 42
2 32 29 36 35
2 70 10 32 26
2 78 30 95 56
2 69 77 94 91
32 45 27 90 79
32 69 58 72 64
32 34 60 96 71
32 72 75 91 91
32 41 72 100 94
32 68 82 92 83
70 14 52 53 52
70 66 56 60 59
70 4 53 74 59
70 39 65 71 68
78 49 45 54 45
78 33 57 100 65
78 41 79 93 90
78 3 88 99 96
78 74 40 91 80
69 37 62 85 66
69 14 60 80 73
69 42 82 99 90
24 57 53 75 74
4 20 86 100 92
4 18 60 76 67
20 88 52 63 63
20 78 13 100 28
20 61 95 97 97
18 71 75 89 80
18 55 30 31 30
5 14 86 88 88
14 93 78 92 88
14 77 36 99 61
14 31 93 95 95
14 83 72 79 73
6 29 67 89 89
6 51 12 49 19
6 49 12 93 51
29 42 16 38 20
29 47 94 97 95
51 41 72 94 90
51 89 56 64 59
49 46 79 91 86
7 84 49 69 56
7 85 64 66 66
7 43 23 44 37
7 44 29 85 48
84 50 72 87 73
84 14 42 56 43
84 51 17 90 83
84 47 70 98 82
43 55 55 88 82
44 69 34 72 71
8 68 10 45 28
68 93 95 100 98
9 3 50 56 55
9 40 54 62 59
10 74 58 66 58
10 9 32 57 41
10 55 53 65 58
10 84 56 64 64
74 33 61 88 72
74 34 16 65 36
74 28 94 96 94
55 1 78 97 96
55 92 34 85 35
55 90 72 97 76
55 6 27 41 37
55 22 25 63 37
55 17 74 75 75
11 8 14 19 19
11 48 25 90 36
48 38 88 97 95
48 22 50 56 55
48 44 93 98 93
48 53 20 48 21
48 67 73 97 85
48 30 92 93 93
12 35 20 25 24
12 14 40 66 62
12 21 56 87 83
12 44 27 88 68
12 48 15 88 40
35 81 34 74 43
35 37 93 95 94
21 36 67 68 67
21 33 49 73 60
13 10 37 58 55
13 69 29 100 65
13 34 80 91 89
13 43 36 64 54
34 88 88 94 89
93 28 17 79 55
93 33 93 95 94
93 80 81 99 96
93 70 48 78 56
93 89 71 89 79
93 4 58 89 78
77 62 82 83 82
77 69 78 80 78
31 59 82 84 83
83 71 69 98 96
15 40 65 76 66
15 92 76 93 89
92 56 18 81 62
92 3 80 86 85
92 32 81 85 84
92 10 79 98 97
88 17 86 94 93
88 62 10 64 59
88 76 43 49 48
88 83 30 76 66
88 51 18 78 23
88 20 12 84 76
88 0 16 21 21
75 24 75 76 76
75 35 65 75 67
75 54 25 58 27
75 83 35 36 35
19 5 23 44 40
19 23 34 58 47
19 81 12 66 19
23 86 41 61 42
23 75 45 92 70
23 42 71 83 76
81 41 57 66 62
81 21 43 84 77
81 86 48 57 57
81 56 64 73 66
61 3 51 88 86
61 2 34 59 46
61 34 72 97 89
36 82 39 61 55
36 57 38 83 53
33 40 15 56 49
33 89 44 72 54
22 36 67 92 89
86 23 30 55 48
86 4 11 90 32
86 13 87 88 88
86 42 33 37 33
86 9 89 92 89
42 11 51 77 68
42 14 39 45 41
42 78 79 87 80
42 83 38 68 61
42 63 16 78 49
57 50 52 80 77
57 42 63 87 79
57 28 32 44 40
57 53 44 71 67
57 13 78 86 84
57 32 66 69 67
25 46 51 83 81
25 40 68 97 93
25 38 71 91 76
25 56 73 91 91
25 68 50 91 50
46 21 22 56 44
46 1 73 75 75
46 45 18 89 26
56 86 82 90 87
56 3 31 71 71
56 84 55 66 60
56 50 80 84 81
26 69 63 75 70
26 72 91 93 93
26 70 77 95 95
72 83 45 100 67
72 32 43 57 50
27 67 62 76 72
27 39 83 88 86
27 76 30 74 72
67 54 84 97 95
67 83 42 63 52
67 46 24 92 44
76 52 62 73 65
76 75 10 59 56
76 29 11 77 27
28 49 57 78 72
28 2 24 72 30
47 93 76 86 85
47 61 74 76 74
60 42 21 87 37
59 87 68 92 84
59 47 85 91 85
59 21 12 45 25
59 62 73 74 73
59 93 16 80 72
59 49 63 70 63
41 59 91 96 93
41 35 46 71 59
41 64 49 80 75
41 63 62 69 64
89 40 86 92 87
89 7 26 59 44
89 6 33 49 35
89 58 77 89 85
37 9 11 31 30
37 25 42 86 69
37 90 38 62 50
37 7 47 92 77
37 57 44 56 49
37 30 33 53 43
82 55 65 67 65
82 75 16 87 28
82 18 84 85 85
82 61 91 97 97
82 51 23 77 32
82 44 35 48 44
90 49 34 48 44
90 50 34 73 37
90 67 50 83 61
90 37 37 83 78
64 5 10 85 58
73 53 88 92 88
63 92 65 77 70
63 43 42 94 60
58 68 78 96 91
58 90 22 95 46
58 9 17 24 20
58 16 61 70 62
58 5 17 24 24
65 88 36 46 44
65 45 22 70 23
65 63 11 55 11
66 87 24 43 37
66 46 60 77 68
79 41 14 57 18
79 61 52 99 78
80 49 42 54 45
80 21 37 44 44
80 6 52 68 68
91 36 89 99 89
91 63 69 86 82
91 74 80 86 81
0 93
