347 589
0 200 12 90 66
0 159 33 94 86
0 333 30 31 31
200 205 35 52 38
159 156 20 98 89
159 163 67 90 87
159 181 63 97 69
159 246 59 74 72
1 107 93 96 95
107 189 94 97 95
3 240 46 65 51
3 12 85 86 86
12 54 83 95 87
12 23 32 38 32
4 38 32 59 36
4 111 85 87 87
38 346 27 80 53
111 281 40 56 41
6 58 11 21 17
58 69 95 97 97
58 120 60 70 60
58 263 74 99 81
7 280 37 87 87
7 109 76 79 76
7 275 26 80 47
280 162 61 62 62
109 73 15 78 76
275 106 32 69 33
275 129 42 100 75
275 341 52 58 58
9 52 75 86 86
52 346 72 97 92
11 156 60 78 62
11 14 93 94 94
156 212 66 97 96
14 57 77 83 79
14 69 67 76 71
23 329 29 34 30
57 126 56 82 71
57 326 85 93 91
69 28 36 89 66
69 212 82 99 99
17 277 24 67 39
17 39 51 65 51
17 212 65 68 68
277 226 51 65 65
39 115 95 96 95
39 237 84 87 85
18 297 39 40 40
19 189 11 16 12
19 323 68 85 83
19 47 71 97 79
19 303 67 80 74
47 117 36 84 45
47 96 37 42 37
303 225 78 92 80
303 236 28 89 58
303 105 94 97 97
20 120 63 65 63
20 285 72 78 75
20 105 66 70 70
120 265 27 40 39
120 321 61 73 68
120 131 95 99 96
120 4 53 83 64
120 172 14 69 14
285 23 55 100 60
285 263 77 92 86
105 2 10 73 55
21 48 15 26 26
48 322 33 45 42
329 39 68 86 81
329 88 75 95 91
25 61 39 48 40
25 310 62 82 70
25 75 65 70 66
61 341 54 71 61
61 181 21 68 23
310 319 82 93 85
75 226 52 56 54
26 330 48 71 55
26 90 39 92 88
26 119 21 60 30
26 158 86 99 89
26 18 30 31 30
330 343 84 99 90
330 8 81 100 95
90 276 35 37 36
90 255 12 71 50
90 60 67 82 82
119 121 60 66 60
119 253 57 78 65
158 187 53 64 60
28 310 50 66 51
30 216 58 63 58
30 137 55 99 95
216 153 76 88 88
137 129 53 100 99
31 248 43 100 77
31 326 36 58 39
31 21 48 88 57
31 279 39 52 44
248 177 22 50 28
248 80 10 37 33
248 170 65 89 65
326 90 22 50 33
326 336 76 79 77
279 51 43 63 51
32 194 24 43 41
32 274 79 92 90
32 245 54 89 82
194 43 57 72 57
194 226 61 74 71
194 272 32 97 62
274 116 11 58 31
274 197 16 42 16
245 187 59 73 72
245 340 23 56 54
33 236 16 37 29
33 170 26 45 28
33 162 50 92 81
236 41 37 91 76
170 253 42 93 72
162 287 50 91 81
162 238 63 72 68
34 341 87 94 94
341 212 84 92 87
36 211 80 99 94
36 218 77 96 86
211 282 25 63 62
211 241 67 75 69
218 272 67 79 77
218 231 26 57 52
218 55 36 37 36
218 27 21 98 34
218 14 40 86 68
218 98 50 91 52
37 11 94 97 97
346 332 48 88 72
346 218 52 65 62
115 132 27 77 67
115 21 72 77 76
115 20 32 37 37
115 174 90 99 90
237 40 74 75 74
237 120 63 65 63
40 309 23 79 73
309 176 84 99 99
309 168 76 93 79
41 31 58 71 62
41 250 16 40 16
41 181 56 67 62
250 17 48 62 57
181 232 42 61 45
42 131 75 76 76
131 314 71 92 75
131 42 75 97 94
131 22 33 61 53
43 45 24 70 46
43 117 82 87 87
45 77 53 92 73
45 232 65 95 90
45 59 38 95 77
117 166 60 93 65
117 121 81 93 87
117 118 11 18 16
117 214 79 84 79
117 35 90 95 92
44 120 94 97 94
44 72 44 58 50
44 101 80 88 85
44 271 85 92 90
72 37 34 42 35
72 112 11 90 28
72 335 76 92 82
101 284 55 87 62
101 221 21 70 55
271 86 62 70 65
271 25 84 91 91
77 167 69 75 75
232 322 68 76 71
232 281 48 82 65
59 36 13 83 55
46 124 80 90 89
46 279 23 41 25
46 180 92 93 93
124 28 92 96 96
96 182 93 99 99
96 232 73 96 84
322 16 56 63 57
49 133 48 73 65
49 51 82 98 93
51 133 26 46 38
51 322 64 94 65
50 281 82 96 94
50 322 36 52 37
281 2 59 80 77
281 301 29 58 46
53 0 50 68 59
53 226 59 72 61
53 198 78 89 80
226 340 47 57 48
226 336 80 98 95
198 264 76 96 79
198 127 72 73 73
55 80 31 99 38
55 313 53 76 72
80 279 11 30 13
80 212 15 100 68
313 175 28 68 42
313 88 18 54 38
56 49 82 94 92
56 222 19 29 26
126 270 21 29 22
263 59 81 90 87
263 16 42 81 42
263 57 91 96 96
60 242 15 80 20
60 184 31 99 63
242 170 75 84 76
242 1 69 100 83
184 182 75 78 75
184 28 60 62 61
62 304 75 90 85
63 24 10 49 21
63 286 18 45 27
286 136 28 97 79
65 252 61 67 61
252 173 48 72 60
66 12 76 100 78
66 180 92 95 93
68 183 20 46 35
68 102 59 72 70
183 223 64 76 74
183 191 13 40 40
183 234 23 60 32
183 124 92 94 93
102 311 79 91 90
102 101 63 71 63
102 266 47 58 57
102 167 70 81 70
71 261 23 34 25
71 45 72 98 90
261 114 18 51 36
261 12 76 99 93
112 261 94 99 97
112 29 52 58 55
335 75 83 99 98
335 68 86 98 88
73 242 12 68 62
74 120 71 75 75
74 172 25 74 47
172 142 92 93 93
172 5 46 86 49
76 11 11 38 35
76 89 87 90 87
89 195 28 77 53
79 336 45 65 49
336 140 17 67 67
336 15 29 89 52
336 170 93 94 93
336 109 33 57 51
336 237 94 96 96
81 315 85 87 86
81 205 53 60 59
81 302 33 95 52
315 201 67 72 67
205 41 94 100 100
205 222 92 97 94
205 70 35 93 74
205 37 31 89 74
302 269 34 49 39
302 149 89 95 89
82 109 80 97 96
83 227 55 99 75
227 1 38 77 39
227 344 65 85 83
84 249 39 90 48
85 18 48 66 55
85 19 17 45 36
86 11 62 69 69
86 131 26 59 41
86 215 29 68 42
215 68 37 74 46
215 245 38 41 41
87 267 89 99 96
87 157 13 41 20
267 96 78 92 92
267 292 75 78 75
267 95 89 99 96
157 50 56 57 56
88 47 11 68 27
195 172 46 76 56
195 311 54 89 77
195 176 93 98 96
195 56 86 95 92
195 231 67 77 77
255 158 47 66 60
255 108 16 86 17
255 19 22 92 22
91 270 92 98 92
91 324 44 55 49
91 211 29 61 42
91 1 77 78 78
270 129 82 89 86
270 7 19 66 31
270 37 30 78 74
270 238 87 97 96
93 76 52 70 53
93 313 67 79 74
94 287 50 62 59
94 58 40 50 50
287 267 27 76 61
287 13 71 100 83
182 111 70 87 85
182 286 52 72 52
182 75 59 84 69
97 12 35 58 44
97 256 92 100 94
256 150 45 56 54
99 10 60 85 66
99 307 37 38 37
307 215 76 95 95
307 2 35 56 38
307 104 37 96 44
100 70 30 41 30
100 170 30 80 62
100 311 76 100 94
311 169 93 99 94
311 165 46 90 65
311 320 47 63 49
284 88 20 34 28
284 5 66 69 68
266 68 47 69 61
266 232 31 99 80
266 259 47 66 55
103 169 24 34 29
103 101 20 60 38
169 267 21 34 21
169 246 92 96 93
169 200 60 62 60
104 201 93 98 96
104 297 14 24 19
104 283 26 68 30
201 249 17 21 17
201 169 92 93 93
283 171 13 20 17
106 224 39 82 67
106 111 57 93 84
110 224 77 98 79
113 4 24 66 43
114 217 65 79 66
114 102 45 63 58
114 317 74 97 75
132 214 85 86 85
132 180 92 96 95
132 304 78 79 78
174 158 23 89 30
116 77 15 54 17
116 235 75 91 91
235 283 51 96 95
166 19 66 90 77
166 179 73 88 83
121 148 85 88 85
121 264 64 95 78
118 60 27 54 50
214 185 13 52 27
214 28 41 62 60
253 232 61 73 72
253 262 38 60 59
253 238 88 91 90
265 229 18 70 32
148 107 78 84 82
148 120 51 91 78
264 110 60 78 63
264 55 17 66 34
122 143 13 75 73
122 50 77 89 78
143 272 50 71 58
143 190 83 90 85
127 261 17 90 33
128 273 22 27 24
129 114 85 94 91
130 60 39 69 66
130 257 71 98 76
130 176 40 82 69
130 52 73 93 87
257 37 45 79 70
257 151 65 79 77
176 106 25 32 28
176 114 27 92 58
314 116 31 100 65
314 319 26 52 33
314 48 27 73 47
314 21 53 55 55
134 153 69 84 71
153 107 41 57 43
135 263 39 86 66
136 246 70 86 80
136 252 56 75 64
138 202 21 75 60
202 295 95 100 100
139 321 21 51 23
139 11 42 100 75
140 230 31 70 69
140 208 41 49 41
140 286 65 70 66
230 248 84 85 84
230 247 90 96 96
230 172 75 92 78
208 286 22 85 45
141 216 50 91 63
141 275 22 29 23
141 78 39 60 41
272 33 31 71 48
190 215 54 55 55
190 91 18 96 78
144 162 26 79 70
145 192 71 83 76
145 209 48 60 59
192 312 56 72 56
192 300 50 68 61
209 213 53 67 67
209 17 12 56 36
209 56 44 85 53
146 300 69 72 69
300 57 48 54 49
300 90 48 94 70
147 92 84 99 89
149 222 68 76 74
152 14 62 95 95
152 107 78 81 79
152 37 46 53 48
154 257 44 83 51
154 272 10 62 32
155 83 80 87 84
155 332 89 99 98
187 287 72 82 82
187 136 19 83 60
163 102 15 36 21
161 263 21 82 27
161 197 46 87 55
197 301 62 78 78
197 66 56 92 66
197 7 91 100 94
197 334 90 96 96
165 255 39 55 52
165 116 77 92 88
171 183 12 35 23
171 297 59 95 78
171 340 22 45 26
340 332 10 80 37
340 76 83 91 90
340 30 26 54 45
173 197 31 83 70
175 11 64 67 64
175 97 55 100 82
177 38 72 75 75
177 102 81 98 90
177 54 42 74 60
177 247 20 89 68
247 29 55 60 58
247 230 58 90 78
178 161 21 99 58
178 94 27 99 31
223 166 38 83 44
223 275 46 47 47
223 109 79 83 79
191 276 22 92 31
191 74 67 69 69
191 226 18 51 29
234 170 86 90 86
234 29 57 62 60
188 18 47 60 55
188 208 77 85 79
312 179 78 93 85
312 69 66 82 74
193 7 26 33 30
231 292 66 73 66
196 47 90 91 90
196 100 52 66 59
196 317 59 98 88
301 108 67 91 82
301 238 76 97 84
301 15 55 68 55
301 124 92 93 93
301 284 60 98 98
334 111 18 70 65
334 295 69 96 94
199 277 81 95 87
295 119 12 49 15
204 339 27 42 27
339 231 47 92 74
339 32 40 70 62
206 142 88 96 93
206 274 23 25 24
206 66 93 96 93
206 15 47 77 57
207 179 56 93 67
207 149 61 83 63
213 33 95 96 96
282 219 85 95 87
241 317 49 57 51
219 321 88 91 88
220 20 73 77 75
220 317 44 55 44
220 307 61 75 73
344 309 74 75 74
344 320 84 86 86
344 151 37 95 72
228 207 63 93 84
228 137 93 97 94
229 27 89 90 90
229 47 18 83 62
292 264 15 53 45
233 282 43 51 44
239 196 65 80 80
239 95 80 91 90
243 110 31 82 33
243 296 87 96 91
296 235 70 71 70
296 316 40 91 85
296 71 63 79 74
296 197 51 82 66
244 228 88 96 91
244 185 87 99 90
251 307 45 48 47
262 328 36 76 67
262 83 28 79 58
254 242 46 88 80
258 108 23 30 27
258 87 37 39 39
258 234 36 61 61
259 194 86 93 89
259 40 68 91 91
260 11 46 75 65
268 110 46 66 54
269 151 12 82 27
269 21 30 100 44
269 125 17 37 30
269 92 38 61 44
269 123 17 43 42
278 34 90 97 91
288 125 15 39 17
289 325 72 94 88
289 247 77 86 81
289 186 24 34 31
289 323 29 57 40
325 213 42 91 61
325 247 49 81 51
325 115 62 77 70
290 212 50 93 76
291 284 88 90 90
291 141 18 90 80
293 291 64 69 65
293 326 50 75 60
293 132 36 44 44
294 56 17 67 26
316 287 95 97 96
316 249 66 95 82
316 96 11 75 53
316 252 60 73 67
299 162 15 95 38
299 334 31 99 76
299 63 92 96 96
299 255 73 76 75
305 335 91 93 91
305 274 26 81 32
305 265 60 76 61
306 128 18 81 61
306 1 95 96 96
306 331 47 94 84
331 316 10 40 36
331 87 50 52 52
331 9 66 73 68
331 24 67 92 87
308 239 78 82 82
308 185 76 100 92
320 106 83 96 86
320 271 46 62 54
327 101 51 92 59
343 49 94 95 95
343 216 45 64 49
337 147 45 52 45
337 307 52 64 56
338 9 87 98 87
342 74 89 92 92
345 250 39 73 40
345 112 40 60 42
0 346
