201 327
0 36 92 97 95
0 166 12 90 29
36 74 94 96 94
166 198 64 89 87
1 48 59 92 88
1 54 48 62 55
48 3 91 99 94
54 60 12 51 15
54 153 92 96 93
54 75 55 91 89
54 16 40 94 94
2 145 52 99 64
2 58 95 99 96
145 1 46 63 63
145 52 48 69 48
3 194 21 64 29
194 73 51 86 85
194 40 83 100 89
194 196 66 85 66
4 183 77 80 78
183 158 34 93 75
6 44 92 96 96
44 95 38 74 51
7 15 77 86 80
7 22 81 100 81
15 124 77 85 84
22 18 17 53 20
8 187 55 90 67
8 70 66 83 77
8 64 81 83 83
8 87 21 97 90
187 49 36 74 57
187 73 73 89 86
187 26 74 91 83
187 96 92 93 92
70 128 19 92 68
64 197 46 76 72
87 138 79 89 88
87 64 85 93 93
87 186 48 57 54
87 55 51 78 52
9 83 33 88 55
83 107 20 36 22
83 51 54 98 55
83 115 93 96 95
83 60 15 60 58
10 118 42 67 48
118 129 38 52 45
118 88 73 98 97
12 102 70 93 80
12 103 79 100 93
103 62 36 40 40
103 54 68 82 73
103 41 23 52 37
13 138 69 81 80
13 58 48 92 89
13 140 75 99 77
138 140 91 95 91
138 22 93 95 95
140 8 83 89 85
14 197 73 98 87
197 24 84 97 84
197 187 75 88 83
124 77 87 89 88
124 26 58 90 77
17 62 74 75 75
17 182 56 90 81
17 22 39 75 44
62 122 47 51 49
18 108 71 81 72
18 9 47 79 60
18 59 58 65 60
108 68 74 94 86
19 157 82 95 87
19 35 83 94 93
157 98 19 86 84
35 25 32 64 39
35 118 21 26 21
21 93 20 81 62
93 162 15 49 23
93 27 31 100 52
93 0 44 96 52
23 164 22 88 54
23 127 17 32 32
164 178 94 98 97
24 65 36 89 86
25 115 88 99 98
25 136 60 84 72
115 161 23 43 37
136 178 38 93 75
136 4 64 98 75
26 74 91 96 93
74 88 50 74 70
74 93 90 95 95
74 142 82 100 91
74 125 38 81 47
27 8 81 95 91
30 200 68 75 75
30 63 41 67 64
30 59 88 99 99
63 110 81 86 83
63 32 18 70 56
31 75 18 82 48
31 70 81 97 85
75 187 81 96 89
32 186 35 51 35
186 87 82 83 82
186 30 33 63 52
186 80 61 74 74
186 120 31 84 34
33 79 92 99 96
33 102 85 88 87
79 8 40 79 55
79 112 34 77 44
34 59 40 50 44
34 103 57 64 58
37 114 92 96 94
114 171 63 77 73
38 82 74 76 74
39 110 56 85 76
39 147 59 82 78
110 65 39 58 39
147 178 81 83 83
147 41 28 74 50
40 107 82 94 90
40 182 85 100 85
107 64 10 74 22
107 27 52 89 65
107 146 73 90 88
107 49 27 88 43
41 106 24 76 25
43 108 57 82 81
43 122 38 73 71
43 119 95 96 95
43 143 83 88 87
122 130 33 85 66
122 116 84 92 89
122 119 52 97 62
143 75 24 94 74
143 152 70 86 84
143 113 14 82 74
45 25 59 82 76
46 153 57 79 73
46 77 95 99 97
46 37 57 73 60
46 137 50 89 52
153 158 38 52 51
153 197 14 28 19
153 68 57 63 61
153 162 29 100 31
77 196 60 69 68
137 67 28 96 31
137 139 70 99 73
137 85 43 94 50
137 30 63 85 71
47 2 40 88 49
47 144 60 63 61
47 7 79 81 80
47 79 39 76 64
144 41 76 84 81
144 199 63 75 65
49 12 47 83 56
49 80 15 90 32
80 58 65 82 81
80 144 57 99 87
80 184 63 78 66
80 32 38 59 46
51 178 20 82 71
51 23 34 49 41
51 128 78 85 80
51 97 82 85 83
128 34 31 33 33
97 73 81 100 88
97 183 40 50 50
97 198 45 53 48
52 81 39 92 84
52 49 58 61 58
52 147 78 81 79
81 77 52 57 54
81 66 18 57 34
81 22 15 58 49
53 40 57 94 75
60 3 43 48 46
60 174 62 87 81
60 180 24 68 54
60 149 17 41 41
55 198 78 95 95
198 135 87 95 89
198 68 92 98 93
56 109 28 74 43
109 103 49 60 57
109 186 49 85 80
174 53 13 66 38
174 137 13 88 79
180 43 17 79 50
180 116 76 79 78
149 7 91 99 95
149 44 36 79 39
149 168 48 56 53
149 194 27 62 43
61 137 84 99 87
61 101 31 84 80
101 151 36 57 55
101 132 53 62 61
101 66 14 74 41
67 125 31 49 46
125 160 56 59 58
68 180 83 88 88
68 115 39 45 41
69 179 60 71 69
69 0 38 53 47
69 184 86 95 90
69 14 40 96 96
179 50 54 65 54
179 126 38 85 83
179 7 88 94 93
179 141 62 74 71
71 116 67 97 86
71 131 12 72 62
71 191 11 57 34
116 119 51 63 59
116 169 16 29 24
116 50 83 86 83
131 154 87 99 96
131 189 47 79 72
131 157 51 82 75
191 61 54 90 63
191 44 88 92 88
191 142 61 82 66
73 200 70 76 75
73 175 46 62 60
88 60 62 84 68
88 125 53 90 79
88 76 34 78 34
142 162 29 41 36
76 166 61 75 69
196 111 66 69 67
112 121 27 55 34
112 173 68 84 69
112 146 85 86 85
84 98 38 65 59
85 179 15 95 30
85 9 41 96 78
86 117 15 25 17
86 43 45 95 84
86 183 82 97 95
117 148 51 55 53
117 68 83 93 89
89 186 25 47 30
89 163 50 93 57
89 10 92 94 92
89 13 21 67 47
89 110 23 51 39
90 45 79 87 86
91 63 93 97 94
91 193 69 88 77
193 174 25 86 44
193 62 55 91 78
92 0 73 91 91
92 37 82 86 83
162 31 16 80 76
94 146 84 93 84
94 128 14 81 75
99 4 90 93 91
100 69 65 89 81
100 24 79 96 90
100 14 26 97 30
151 59 81 84 82
151 149 34 99 58
151 125 10 54 54
151 67 74 98 89
105 185 49 86 82
185 153 31 56 36
185 131 54 74 71
111 36 66 91 75
111 138 47 64 62
121 55 58 66 58
173 65 88 96 88
113 187 72 75 74
171 179 80 94 92
171 124 79 84 81
161 80 59 93 61
161 123 80 84 84
129 133 81 90 88
129 68 34 57 46
120 15 48 53 52
130 153 63 84 76
130 115 81 92 91
130 35 30 87 70
123 180 36 39 36
133 138 44 89 75
133 10 15 59 22
133 38 59 63 63
154 169 32 43 37
154 16 26 54 41
154 113 39 40 40
189 161 32 45 34
189 116 49 76 51
134 102 35 50 50
134 143 90 95 91
135 60 13 92 66
141 121 91 92 91
152 30 66 81 71
199 56 79 95 93
168 0 24 78 52
150 35 32 90 45
150 121 64 73 66
150 1 88 100 100
158 25 85 92 88
158 185 59 73 60
155 46 89 97 96
165 28 12 34 21
165 166 53 60 58
165 33 55 96 60
165 15 17 45 41
167 142 18 40 29
170 65 82 99 95
176 37 79 99 88
176 73 48 56 51
181 167 18 97 86
190 28 88 99 97
190 176 41 80 46
190 103 84 95 86
192 22 91 92 92
192 38 64 95 64
195 103 74 95 92
195 114 78 98 94
0 200
