750 2713
0 419 68 75 72
0 661 17 59 59
0 191 83 95 95
0 290 93 94 94
0 716 37 49 48
419 200 59 84 77
419 74 72 87 87
419 598 15 78 66
419 615 76 84 78
419 65 81 94 84
419 242 72 93 88
661 184 70 95 92
661 406 58 86 60
661 235 84 94 92
661 457 63 70 65
191 250 72 76 72
191 294 69 83 72
290 488 85 100 89
290 510 23 40 36
1 402 57 81 65
1 740 21 65 33
1 484 48 53 52
1 26 85 100 95
1 224 29 50 45
1 664 84 88 85
402 79 14 55 45
402 215 14 89 87
402 545 92 99 95
402 536 88 94 92
740 548 66 74 74
740 619 64 82 82
740 466 47 49 48
740 150 82 83 82
740 76 16 84 49
740 653 36 49 36
740 593 67 71 68
484 345 83 95 86
484 168 69 94 87
484 700 16 93 52
26 494 74 97 87
26 628 26 59 59
26 749 60 66 65
224 356 10 15 15
224 742 14 63 34
224 595 85 96 87
664 559 67 78 72
664 339 76 97 96
664 639 25 53 28
2 19 64 73 65
2 126 15 21 20
2 73 24 33 26
19 571 79 90 80
19 42 33 89 65
19 660 89 95 95
19 579 27 61 54
126 510 81 92 86
126 49 46 68 55
126 747 47 71 67
126 340 90 95 91
126 641 43 51 49
73 44 91 98 92
73 704 87 95 91
3 293 43 96 75
293 58 68 78 78
293 712 50 61 60
293 113 37 68 55
293 622 20 100 26
293 286 70 72 71
4 143 28 64 38
4 168 45 55 48
4 10 64 66 66
4 424 93 100 100
143 377 56 90 65
143 298 93 95 94
143 18 42 86 52
168 317 50 82 55
168 56 17 65 40
168 711 63 84 65
168 51 42 54 52
168 123 60 69 63
168 68 92 98 92
168 275 69 99 87
10 571 28 61 39
10 484 89 96 93
10 126 30 42 41
10 716 10 83 79
424 122 35 53 52
424 6 46 75 64
5 338 26 68 34
5 378 27 81 65
5 247 40 65 56
5 210 31 41 36
338 372 79 93 79
338 708 18 41 38
338 109 90 92 92
338 454 33 34 34
378 328 55 95 82
378 492 67 84 70
378 501 60 79 66
378 128 73 88 79
247 498 79 86 84
247 681 30 71 54
247 363 77 85 80
247 64 75 76 76
247 265 30 78 68
210 348 27 56 38
210 160 92 97 95
210 527 88 91 91
210 248 88 94 94
210 150 69 77 76
210 716 21 32 25
210 269 78 81 81
210 274 14 69 16
210 239 81 87 86
6 284 15 50 30
6 227 50 71 58
284 85 83 88 86
284 693 20 33 32
284 508 54 100 83
227 713 24 91 60
227 24 19 38 36
227 96 32 57 45
227 249 56 69 58
227 109 28 61 34
7 510 18 45 20
7 194 89 94 91
7 715 83 91 87
7 1 53 82 61
7 623 75 89 75
7 364 31 36 31
510 368 59 72 62
510 651 79 95 95
510 143 53 92 62
510 405 82 98 97
510 430 62 72 67
510 91 28 51 31
510 646 56 98 85
510 283 25 56 48
194 605 20 50 45
194 707 43 78 70
194 152 18 51 48
715 458 34 62 50
715 222 50 86 73
715 178 72 82 74
715 382 26 99 79
623 25 67 74 73
623 304 67 69 67
623 556 81 92 87
623 309 54 63 62
623 55 20 81 36
623 190 45 76 49
623 515 53 67 63
364 346 82 97 85
364 741 71 100 75
364 77 14 66 22
364 330 67 95 70
8 232 93 97 93
232 630 75 81 76
232 286 30 53 34
9 688 43 58 50
9 681 14 76 55
688 725 71 88 82
681 345 26 49 42
681 259 37 49 47
681 189 25 46 26
681 177 94 100 94
681 583 52 100 61
681 478 74 94 94
571 306 87 94 92
571 582 89 95 90
571 520 60 94 91
571 289 53 58 53
571 396 29 64 62
571 611 82 84 83
571 362 39 62 50
11 207 47 99 66
11 404 47 59 50
207 262 64 83 66
207 363 65 68 65
207 120 13 99 49
207 514 55 93 56
207 25 40 93 40
207 101 11 91 57
404 733 60 82 71
404 708 83 100 96
404 697 76 100 95
12 256 62 81 64
12 454 11 24 14
12 303 41 45 43
12 569 64 70 70
12 633 88 92 89
12 277 16 71 38
12 726 56 70 59
256 500 55 95 58
454 527 52 77 70
454 480 92 93 93
454 288 14 87 50
454 185 10 78 20
303 231 27 82 47
569 95 21 42 26
569 269 79 88 86
569 730 14 56 41
569 6 26 81 35
569 552 63 69 63
569 419 83 96 88
277 381 54 76 74
277 735 35 94 57
277 659 87 96 96
726 739 48 78 51
13 660 16 35 28
13 22 69 84 74
660 38 35 41 39
660 231 83 93 86
22 524 22 90 63
22 459 23 70 49
22 157 52 98 64
22 502 46 97 75
14 105 19 47 30
14 722 21 87 59
14 673 20 79 36
14 538 83 100 98
105 269 63 80 79
105 604 22 63 37
105 514 70 91 88
105 707 58 91 74
105 540 45 73 50
105 364 54 98 54
722 203 59 79 66
722 14 44 56 56
722 324 56 91 77
673 212 69 85 70
673 280 89 91 91
673 460 10 20 17
538 720 68 100 93
538 391 77 81 79
538 481 26 62 26
538 557 46 66 59
15 583 67 83 68
15 415 85 87 86
15 299 26 68 67
15 338 70 97 90
15 186 79 88 83
583 305 35 95 66
583 155 89 94 91
583 149 29 44 30
583 61 33 41 33
583 100 73 93 78
583 159 44 80 47
583 168 25 67 45
299 121 54 71 55
299 110 66 77 67
186 496 29 88 77
186 37 41 47 47
186 498 24 69 26
16 559 19 83 63
16 534 21 27 22
559 580 33 77 51
559 593 22 48 31
559 389 60 63 62
559 153 91 96 92
559 639 80 100 96
559 463 65 67 66
559 748 43 99 73
534 207 77 80 80
534 720 46 49 46
17 531 48 60 50
17 587 25 87 45
17 590 87 90 87
17 228 24 41 25
17 360 33 82 75
531 442 77 100 95
531 199 83 86 84
531 192 75 93 92
531 688 43 94 73
531 745 86 100 100
531 512 85 96 92
531 155 53 70 65
587 629 33 59 34
587 415 10 90 88
587 498 72 95 80
590 138 59 81 79
590 493 44 83 45
590 327 77 82 77
590 361 42 59 55
590 545 37 41 39
590 400 74 81 75
590 441 88 94 94
228 356 88 100 94
228 490 51 75 54
228 84 24 48 41
228 344 49 91 84
228 292 58 72 71
228 284 56 61 57
228 190 84 95 88
228 510 42 70 42
360 292 24 42 29
360 732 41 47 43
360 131 31 84 77
18 260 55 92 70
260 434 11 60 36
260 728 24 47 35
42 75 33 93 55
42 53 65 70 65
579 519 91 94 92
579 522 92 100 95
579 178 10 21 21
20 350 51 59 55
20 366 28 93 36
20 727 95 100 97
20 639 45 94 94
20 678 26 79 60
20 537 90 95 91
20 37 41 81 41
20 449 22 100 50
350 397 53 84 74
350 210 72 77 72
350 230 58 99 88
350 484 85 91 85
350 574 58 97 88
366 313 32 76 75
366 197 93 99 94
727 677 18 31 29
727 274 91 97 96
727 617 81 98 85
639 425 39 98 54
639 462 25 32 32
678 479 19 23 19
678 149 22 98 91
678 169 11 96 52
537 536 19 74 23
537 84 30 69 65
537 618 11 56 40
449 371 86 87 86
449 92 91 98 95
21 222 77 82 78
21 259 39 63 58
21 141 16 28 27
222 676 68 72 72
222 482 75 86 84
222 149 40 52 40
222 249 31 45 45
259 405 29 64 41
259 701 75 93 91
141 654 50 75 74
141 327 30 46 30
141 295 53 93 73
524 353 22 66 51
524 272 45 47 45
524 673 13 92 71
524 306 26 65 46
459 425 29 81 71
459 323 43 59 52
157 179 29 96 51
157 332 18 58 18
157 609 80 89 83
157 522 87 90 88
502 315 33 79 73
502 340 24 95 67
502 553 37 58 58
23 453 56 99 98
23 110 13 18 17
23 465 80 100 82
23 652 64 92 73
453 481 16 31 20
453 384 47 66 66
453 621 46 91 55
110 252 13 95 69
110 678 72 100 80
110 740 81 100 94
110 630 33 45 43
465 468 91 93 92
465 708 29 92 36
465 461 19 80 27
465 564 39 46 43
465 144 25 41 36
652 617 74 99 99
652 303 35 91 71
652 527 91 98 93
24 372 80 98 96
24 26 77 93 87
24 458 67 84 82
372 545 42 53 46
372 159 46 48 48
372 355 78 79 79
458 556 68 82 70
458 741 54 74 66
458 658 59 74 68
25 667 62 86 67
25 192 53 61 55
25 672 71 100 76
25 739 57 81 77
667 108 67 71 71
667 460 70 99 83
667 320 81 92 84
192 749 44 72 65
192 618 89 91 90
192 185 88 93 91
192 128 42 64 42
672 573 90 96 92
672 436 69 77 75
672 404 31 45 39
739 24 19 77 70
739 607 90 91 91
739 592 38 100 68
494 520 80 91 87
494 63 88 89 88
494 689 36 96 70
494 318 42 67 57
628 686 13 82 49
628 527 76 86 81
628 42 42 62 48
628 236 27 74 61
628 301 14 96 40
749 463 33 88 77
749 253 85 99 90
749 321 80 97 86
749 391 50 86 56
27 120 61 97 97
27 353 28 33 31
27 734 55 97 94
27 645 43 61 47
120 102 29 50 36
120 226 21 34 32
353 320 60 90 83
734 748 68 80 68
734 506 51 62 55
734 554 18 31 24
734 363 82 86 82
645 311 95 98 96
645 376 29 50 43
645 106 24 41 24
645 626 55 74 68
645 506 36 59 42
28 411 52 79 74
28 519 47 56 49
28 427 55 69 68
411 733 86 92 87
411 386 60 97 87
411 533 25 79 44
411 739 78 82 82
519 672 65 100 80
519 747 19 59 37
519 279 70 99 75
519 248 63 94 77
519 676 35 86 67
427 515 95 97 95
427 227 70 89 86
427 217 44 98 83
427 418 85 90 87
427 258 57 69 60
29 591 50 100 85
29 506 45 75 48
29 667 69 88 70
29 231 27 65 56
591 394 28 35 30
591 134 72 94 76
591 679 66 86 70
506 46 84 90 84
506 222 61 87 67
506 130 78 90 80
231 54 66 76 68
231 621 64 91 81
30 370 72 80 79
30 19 55 70 61
30 301 24 99 39
370 126 66 93 79
370 183 60 65 61
370 653 48 78 70
370 533 46 73 66
301 396 51 81 81
301 463 66 70 68
301 318 71 80 76
301 615 52 90 71
301 614 55 74 66
31 357 78 94 79
31 346 57 92 83
31 743 58 63 63
31 452 54 87 77
31 479 23 25 23
31 74 28 68 51
31 650 75 92 75
31 486 33 50 48
357 30 35 98 92
357 384 12 15 12
346 213 73 99 79
346 462 80 85 81
743 707 24 72 44
743 302 74 90 81
743 84 32 76 43
452 670 70 91 80
452 617 34 68 42
479 497 75 93 79
479 611 22 36 31
74 584 41 95 81
74 336 21 82 57
74 403 48 85 61
74 729 12 83 45
650 177 92 93 92
650 539 77 99 97
486 414 24 66 24
486 264 23 59 26
486 700 65 75 65
486 664 10 93 11
32 460 52 93 62
32 622 22 38 34
32 306 28 45 39
460 184 17 23 20
460 580 11 27 27
622 648 44 99 97
622 270 88 100 90
622 377 45 57 45
622 513 91 100 96
622 246 80 92 89
622 240 74 100 77
622 465 95 98 97
622 385 48 97 83
306 34 28 100 63
306 603 60 86 64
306 280 91 100 95
306 476 42 71 68
306 86 34 43 34
33 677 19 53 50
33 301 43 98 50
677 210 46 49 48
677 197 21 66 48
677 611 28 65 28
677 389 81 98 98
34 509 32 45 32
34 620 82 97 85
34 547 88 100 96
509 246 23 79 73
509 613 63 93 87
509 712 71 98 84
509 367 22 85 57
509 741 49 79 71
620 712 32 90 37
620 461 70 94 89
547 100 65 81 80
547 518 29 35 32
547 490 13 16 16
547 293 69 92 79
35 714 21 79 54
35 121 92 96 94
35 466 53 84 65
35 421 37 97 50
35 621 89 99 90
35 748 12 90 26
35 39 84 98 84
35 576 39 73 60
121 23 72 93 85
121 467 23 54 44
121 271 11 48 47
121 483 78 99 78
121 62 15 64 44
121 241 52 61 56
466 627 90 96 92
466 737 72 87 87
421 247 36 99 84
421 614 13 97 34
421 163 16 66 50
421 638 56 69 58
621 525 94 99 98
621 639 68 77 75
748 460 75 100 75
748 344 59 91 87
748 496 88 94 89
748 100 70 96 95
39 265 75 84 80
39 139 10 23 22
39 360 25 51 46
576 19 75 79 78
576 242 75 95 75
576 339 28 71 67
36 656 95 100 100
36 378 92 99 93
36 218 82 86 86
656 2 36 40 36
656 615 73 96 86
656 255 74 93 86
656 292 33 40 38
218 47 23 85 69
218 304 95 99 98
218 701 39 92 47
38 448 44 93 48
38 747 29 38 31
38 269 75 86 77
38 41 75 88 75
38 231 18 73 26
38 22 19 27 19
448 84 84 87 84
448 508 33 85 50
747 497 45 52 45
747 465 65 78 68
747 494 83 89 85
747 248 12 83 34
269 113 21 57 31
269 460 44 74 73
269 728 95 97 97
269 103 44 59 45
41 632 68 71 71
41 505 30 34 30
41 132 34 53 39
265 453 80 83 82
265 429 86 99 96
265 512 81 94 92
265 130 12 63 46
265 129 12 14 14
139 149 56 82 59
139 174 70 92 81
40 199 31 38 35
40 605 88 95 92
40 110 74 85 79
40 469 63 89 86
40 216 93 97 95
199 237 88 97 93
199 401 95 98 96
199 207 61 65 64
199 657 10 60 43
199 522 93 97 94
605 332 56 62 56
605 13 58 64 59
605 206 13 21 19
469 675 72 84 84
469 83 75 86 77
469 130 28 81 50
469 609 87 96 91
469 574 45 94 59
469 233 47 100 62
216 597 85 97 90
216 569 83 99 86
216 52 58 63 58
632 121 83 91 89
632 278 84 100 97
632 81 53 69 58
632 323 73 75 74
632 679 22 28 23
632 169 90 100 92
632 669 67 97 95
505 307 52 96 62
505 420 93 94 93
505 433 65 70 69
132 547 94 95 95
132 133 14 56 55
132 627 63 81 75
75 45 94 98 96
75 289 42 75 50
53 495 53 79 68
53 54 33 49 37
53 371 74 97 74
43 375 11 90 58
43 651 57 94 76
43 28 66 81 78
375 681 84 91 86
375 7 55 58 57
375 713 33 78 76
375 147 68 92 78
651 445 26 68 37
44 140 60 95 87
44 216 75 83 78
140 54 59 64 64
140 360 92 97 92
140 100 35 57 36
45 191 92 99 92
45 629 36 91 80
45 287 38 89 48
45 125 28 82 33
45 327 41 73 62
45 284 43 96 54
45 452 86 87 87
629 573 79 93 82
629 151 78 79 79
629 513 77 79 79
629 700 66 81 81
287 473 14 89 33
287 245 77 78 77
287 474 55 57 55
287 373 33 58 58
125 744 48 73 52
125 238 65 75 74
125 102 45 55 55
125 395 18 73 19
125 36 62 96 77
327 238 32 84 42
327 505 45 90 62
327 293 47 76 48
327 248 27 97 84
327 395 12 47 33
327 659 34 94 39
327 435 18 93 43
46 457 14 93 27
46 177 17 60 37
457 155 82 85 84
177 740 79 98 90
177 536 39 64 42
177 329 85 90 87
177 278 10 83 60
47 642 35 50 45
47 265 52 67 58
642 442 83 98 95
642 531 57 97 78
642 535 35 74 72
642 313 61 68 67
48 590 16 96 22
48 680 14 58 58
48 230 83 88 87
48 418 58 91 60
680 621 33 53 49
680 250 41 45 45
680 35 82 92 85
230 168 48 80 55
230 429 73 97 78
230 620 71 89 81
418 262 87 95 92
418 627 35 41 40
418 99 14 68 60
418 748 79 86 82
49 410 83 92 84
49 131 33 88 44
410 375 64 100 70
410 543 31 79 50
131 214 26 64 53
131 189 67 78 68
131 428 33 80 66
131 692 35 59 54
131 218 12 97 75
50 598 16 87 87
50 291 73 85 83
50 338 91 98 91
50 540 42 87 83
50 109 73 87 79
50 391 70 79 73
50 453 25 26 26
50 636 90 98 91
598 499 11 29 25
598 550 14 67 43
598 17 39 93 40
598 604 91 100 94
598 203 39 51 42
291 406 62 66 63
291 239 43 62 59
291 596 92 100 98
540 479 26 54 51
540 119 23 85 44
540 583 73 86 82
540 132 76 82 82
109 106 31 67 37
109 419 52 80 75
109 736 24 75 43
109 86 25 90 73
109 368 52 83 57
109 588 14 77 16
109 340 59 71 68
109 413 38 75 63
391 76 93 95 93
391 454 30 73 31
391 306 30 56 50
391 554 70 99 85
391 387 75 82 81
391 453 22 65 24
391 542 70 94 72
636 453 84 99 88
636 540 62 71 63
636 298 48 51 51
636 115 51 93 84
51 4 73 98 78
51 169 20 71 28
169 429 67 90 72
169 123 66 96 68
169 688 34 39 38
169 510 78 81 80
169 206 12 33 32
52 125 74 89 75
52 363 94 99 96
52 187 26 38 30
52 162 34 69 40
52 137 40 49 49
363 583 32 38 36
363 534 77 97 93
363 564 50 83 81
363 561 80 83 83
162 610 14 62 28
162 115 24 52 45
162 169 46 94 91
137 142 41 45 44
137 466 18 75 20
137 635 77 97 80
137 163 39 41 39
137 130 14 79 18
495 686 43 64 48
495 480 45 81 63
54 524 83 96 90
54 276 27 34 28
54 231 88 90 89
371 467 48 89 74
371 43 89 91 89
371 296 74 95 75
371 534 41 75 55
371 361 38 63 61
371 383 34 49 43
371 191 53 59 56
276 433 64 92 81
55 59 58 89 89
55 726 77 84 81
55 209 87 99 87
55 292 59 98 62
55 347 93 94 93
55 513 69 73 71
59 206 10 47 45
59 260 48 96 96
59 547 59 62 59
59 537 47 69 64
59 297 85 86 85
209 671 90 97 93
209 138 62 75 73
209 628 75 86 75
292 528 61 74 69
292 41 66 90 81
292 107 12 37 16
292 80 85 86 85
292 16 64 82 65
292 320 54 90 70
347 541 31 61 38
347 45 44 53 47
347 62 39 59 58
347 451 28 79 63
513 299 76 97 96
513 21 89 92 90
513 336 26 100 52
56 642 77 93 84
57 485 17 86 43
57 393 60 100 68
57 317 78 97 93
485 652 36 37 37
485 242 69 95 80
485 202 26 52 50
485 88 62 69 66
485 668 53 94 65
485 523 42 81 68
393 698 50 83 73
393 673 46 48 47
393 98 66 69 67
393 575 42 90 90
317 262 16 75 18
317 523 40 90 83
317 398 54 75 67
317 726 60 91 78
317 547 29 71 44
317 220 25 80 75
58 107 69 78 69
58 426 40 96 93
58 248 18 44 31
107 378 44 61 46
107 395 91 96 92
426 97 59 62 61
426 173 57 79 70
248 411 37 57 53
248 561 10 84 36
248 472 13 24 17
206 622 40 92 85
206 393 35 50 44
206 185 63 93 87
206 366 87 90 90
297 220 30 54 44
297 243 94 95 94
297 571 89 95 92
297 638 26 44 34
60 510 56 57 57
60 110 84 86 85
61 565 82 86 86
61 26 59 69 59
61 137 68 80 78
61 394 36 50 39
61 484 59 88 85
61 654 78 89 83
565 678 33 99 65
565 577 41 94 54
394 144 55 56 56
394 445 34 90 46
394 625 59 78 61
394 176 18 56 53
394 717 58 75 63
654 140 29 88 81
63 506 73 92 91
63 643 69 84 76
643 135 57 92 63
643 312 22 48 24
643 102 69 85 83
643 290 53 59 58
643 188 50 98 64
643 435 31 58 40
64 687 15 83 44
64 158 95 99 98
64 162 93 100 93
64 524 90 100 95
64 351 21 97 23
64 522 69 92 85
64 451 68 94 84
64 530 22 81 27
687 29 11 47 15
687 618 64 80 73
158 415 35 49 44
158 585 88 97 96
158 16 86 90 87
158 61 31 83 74
158 481 77 86 81
158 109 80 99 87
351 159 76 91 87
522 309 85 98 85
522 110 17 19 17
522 1 73 82 75
522 67 22 23 22
522 439 49 89 72
522 181 17 22 22
451 413 56 87 68
451 523 25 35 31
451 729 34 61 60
530 164 18 97 29
530 63 67 85 80
530 36 43 58 54
530 206 28 73 36
530 501 54 66 60
530 431 20 27 27
65 231 78 95 88
65 437 74 75 75
65 475 64 85 81
65 296 33 34 34
65 425 27 38 34
437 418 12 72 47
437 335 42 66 44
437 5 39 96 89
475 706 20 35 28
475 54 24 56 41
475 310 31 36 35
296 301 34 88 52
296 479 64 99 75
425 623 11 19 15
66 698 15 55 38
66 144 54 66 61
66 586 84 94 89
66 662 45 84 53
66 640 57 98 73
66 413 53 98 61
698 532 90 100 99
144 186 95 99 97
144 634 79 97 81
144 46 29 95 79
144 262 48 99 63
586 647 60 65 63
586 514 87 90 87
586 72 91 100 91
586 149 64 71 66
586 4 11 65 57
662 91 50 86 77
662 487 26 49 43
662 259 82 96 93
662 427 49 80 63
662 729 85 97 95
640 90 68 79 79
413 444 12 57 32
413 164 57 69 66
413 646 79 84 79
413 38 89 95 89
413 548 24 56 30
67 406 56 94 67
67 642 90 94 94
67 102 68 82 80
67 126 16 95 87
67 436 80 90 87
67 513 84 100 84
67 279 31 80 53
406 602 83 86 84
406 595 65 74 68
406 402 91 98 97
102 592 85 94 91
102 73 28 61 47
436 519 20 100 98
436 33 29 36 31
436 486 19 35 23
436 64 39 54 51
279 714 24 68 55
279 189 71 72 72
68 15 34 86 48
68 183 55 93 71
68 218 65 69 67
68 428 17 71 17
183 87 28 99 78
183 671 91 95 93
183 672 51 82 68
428 12 85 97 92
428 153 48 62 51
428 238 43 92 59
69 263 91 94 93
263 447 11 92 44
263 3 84 96 92
263 720 49 55 52
263 747 64 66 64
263 109 60 68 64
70 209 56 62 59
70 365 27 96 66
70 536 16 33 33
70 617 14 78 67
365 498 87 99 91
365 49 60 71 68
365 746 23 77 71
365 155 46 98 77
365 223 75 77 75
365 260 61 81 80
536 615 77 98 86
536 742 82 98 85
536 442 84 93 86
536 352 57 88 74
536 293 48 75 48
536 172 47 49 48
617 286 70 77 75
617 646 25 50 36
617 22 62 82 74
71 322 22 62 48
71 264 31 61 50
71 688 90 97 93
71 379 86 98 87
71 19 87 95 89
71 618 27 50 32
71 120 65 74 70
71 284 48 92 58
71 37 81 98 81
71 97 15 71 50
322 94 35 76 63
322 671 11 97 28
322 486 46 57 55
322 295 34 59 40
322 64 88 90 89
322 209 29 68 66
264 703 54 78 56
264 649 59 68 68
264 360 45 56 52
264 587 29 30 30
264 514 73 96 81
618 47 39 98 40
97 325 94 98 96
97 593 26 55 40
97 29 11 33 21
97 436 71 94 93
97 530 44 81 73
97 562 58 85 68
72 20 12 97 48
72 463 45 62 55
72 369 64 86 85
72 676 49 59 49
463 419 83 93 88
369 86 23 51 28
369 523 38 55 46
369 730 73 100 98
369 468 84 86 84
369 556 57 63 58
676 340 74 96 92
676 213 59 73 64
676 512 71 89 89
676 498 47 60 54
676 657 22 71 71
704 522 72 76 75
704 122 71 92 71
584 659 91 98 97
584 122 13 99 16
584 681 26 35 31
584 269 85 98 89
584 1 78 81 79
336 469 53 61 57
336 170 26 74 49
403 438 77 93 79
403 618 18 87 75
403 524 70 90 90
729 64 15 82 39
729 703 73 96 80
729 614 84 97 91
289 603 45 82 46
289 518 17 84 30
76 261 45 99 92
76 582 33 64 56
261 741 89 92 89
261 399 66 77 71
261 100 54 76 64
261 744 71 80 76
261 468 34 51 43
261 131 35 59 48
582 218 50 100 84
582 624 60 80 61
582 636 21 41 41
77 696 34 78 75
77 725 89 91 91
77 740 43 68 56
77 112 65 83 82
77 747 37 97 47
77 113 83 89 88
77 691 81 83 82
696 563 60 65 65
696 53 49 50 50
696 468 31 90 35
696 286 54 92 64
696 149 95 99 99
725 367 70 72 71
725 590 41 53 42
725 466 47 91 77
725 319 62 69 67
112 179 60 69 62
112 105 34 78 59
112 725 17 41 39
113 385 44 55 49
113 142 34 87 68
113 490 27 58 35
113 179 56 82 68
691 426 61 93 66
691 662 37 100 45
691 392 86 96 94
78 669 93 98 96
78 135 93 100 97
78 450 31 36 31
78 218 80 91 87
78 175 87 94 87
78 684 56 91 85
78 537 65 98 65
78 729 73 85 84
669 297 13 55 32
669 653 11 59 55
669 122 65 91 88
669 154 40 51 44
669 27 32 61 36
669 471 67 94 73
135 99 49 68 54
135 63 91 99 97
450 505 63 68 65
175 293 84 97 92
175 49 74 80 78
175 190 62 93 84
684 634 10 12 11
684 378 58 87 80
684 748 26 68 33
79 660 13 34 13
79 540 77 79 77
79 78 87 91 90
79 61 57 59 59
79 148 20 47 33
79 322 82 94 90
148 378 76 82 79
148 311 51 86 64
148 516 55 95 73
148 608 82 95 95
148 218 37 51 37
148 724 91 92 92
148 453 82 96 91
148 505 73 99 91
80 471 28 56 35
80 498 62 71 67
80 184 20 47 34
471 347 42 53 46
471 561 10 39 12
498 574 47 78 51
498 53 82 93 86
498 158 60 72 70
498 147 32 65 59
498 282 42 69 48
498 670 18 33 28
498 449 53 61 53
498 384 45 61 50
498 631 68 77 73
184 334 62 71 69
184 90 60 84 78
81 246 92 96 93
246 164 88 98 96
246 647 69 74 70
246 740 60 66 61
82 724 66 79 79
82 596 19 20 20
724 706 78 83 82
724 62 76 84 79
724 45 55 82 74
596 588 37 42 40
596 3 78 91 79
596 525 59 81 75
596 407 81 90 81
596 233 75 94 76
596 653 81 99 84
83 367 89 91 91
83 177 50 78 70
367 559 24 46 40
367 134 55 98 77
367 177 57 65 62
367 533 85 96 92
367 87 68 90 82
84 736 44 79 68
84 258 77 91 80
84 377 22 54 35
84 373 30 98 89
84 149 58 92 62
84 185 69 71 71
736 618 93 99 96
736 248 42 79 54
736 583 22 41 25
258 203 24 58 33
258 628 94 97 97
258 313 59 71 62
377 196 85 98 88
377 618 54 75 64
373 245 14 45 36
373 543 54 81 72
373 16 12 73 48
373 305 72 92 87
373 256 21 49 28
373 322 45 55 52
373 709 92 100 97
373 446 93 100 93
373 295 59 91 87
373 503 92 100 94
373 342 71 92 82
149 216 72 100 75
149 518 30 43 37
149 721 36 81 63
185 543 29 49 40
185 204 78 92 87
185 159 26 62 39
85 490 30 74 57
85 601 61 90 65
85 726 31 96 37
85 344 64 99 78
490 452 60 89 75
601 682 10 73 42
601 668 95 99 96
601 520 94 95 95
601 515 21 45 23
601 27 86 88 87
601 109 37 46 46
601 683 14 76 54
344 390 11 13 11
86 175 85 91 89
87 505 44 62 45
87 145 90 99 90
145 127 28 39 37
145 262 18 33 22
145 489 54 57 57
145 173 39 55 53
145 35 26 94 49
145 292 53 78 63
145 706 72 74 72
145 11 12 24 18
89 422 15 53 20
89 440 91 99 97
422 560 90 97 90
440 538 74 99 95
90 324 70 89 75
90 691 93 97 97
90 127 44 78 78
324 687 37 93 77
324 569 13 88 74
127 662 77 100 84
127 91 82 94 91
92 582 66 80 78
92 451 13 93 79
92 704 64 95 92
93 416 59 78 59
93 524 76 82 79
93 512 37 66 64
93 702 44 56 48
93 29 18 79 44
93 217 47 51 49
416 578 32 56 39
416 511 84 96 88
416 18 14 76 74
416 361 52 73 60
416 562 16 26 23
512 563 19 62 41
512 626 36 42 37
702 276 75 92 90
702 116 49 60 52
217 207 15 24 18
94 25 87 88 88
95 64 21 43 24
95 92 71 87 77
95 466 68 87 85
96 197 48 76 49
96 460 13 23 23
96 287 72 90 75
197 26 70 100 78
325 370 89 92 91
325 358 18 58 47
593 613 52 88 64
593 321 59 94 72
562 516 66 68 67
562 736 60 98 77
98 498 39 42 42
98 478 24 85 81
98 369 90 91 90
478 238 94 99 96
478 154 75 80 76
478 533 94 99 95
99 296 33 63 49
99 140 64 79 66
99 17 54 73 60
99 647 81 93 82
647 665 43 56 50
647 703 61 66 64
100 355 17 45 18
100 402 31 78 37
100 202 38 94 48
100 256 86 94 94
100 736 76 92 85
355 338 82 98 98
355 336 51 57 51
355 493 88 92 91
202 678 57 67 62
202 440 11 96 54
101 7 43 86 44
101 102 90 95 90
101 191 64 72 72
101 463 57 77 62
101 172 59 97 71
101 336 27 87 86
172 20 49 64 62
172 91 62 99 77
592 151 68 74 74
592 89 49 92 91
103 166 69 99 79
103 139 75 88 87
103 251 72 80 72
103 265 92 97 92
166 119 85 93 90
251 43 47 86 47
251 645 18 89 40
251 215 89 92 90
251 553 80 89 87
104 356 29 54 49
104 694 34 37 37
104 185 90 95 91
104 229 18 40 33
104 0 76 94 92
104 351 41 87 73
356 608 18 90 42
356 49 12 88 23
356 476 53 59 54
694 441 68 92 69
694 616 44 89 56
694 381 17 74 66
694 464 59 63 61
229 348 29 44 29
229 222 30 95 43
229 170 57 69 60
229 745 73 94 73
229 340 70 79 78
229 129 43 59 50
229 255 87 88 87
604 262 85 97 95
604 214 77 99 94
514 480 16 44 41
514 608 84 88 84
514 396 41 92 57
707 601 53 92 68
707 60 86 98 96
106 457 65 85 71
106 476 22 53 28
106 551 66 68 66
106 499 33 60 53
106 45 94 96 95
106 501 91 98 94
476 446 52 91 73
476 538 88 89 89
476 37 60 87 80
551 721 21 93 65
551 447 49 72 67
551 113 43 62 50
551 14 64 99 95
551 217 85 92 91
551 630 28 60 60
499 351 82 87 87
499 515 50 51 51
501 108 47 87 87
501 679 26 94 54
501 718 38 39 38
501 201 14 67 34
501 507 47 85 54
395 497 63 76 76
395 111 21 32 23
395 217 75 92 81
395 639 33 58 42
395 624 24 31 28
395 423 72 97 76
108 24 73 90 80
108 8 70 72 70
108 597 49 75 62
597 615 35 55 47
597 541 92 98 92
597 577 17 93 81
597 480 94 99 99
597 280 23 48 36
597 446 76 91 82
368 304 76 93 92
368 279 91 98 97
368 648 13 30 15
368 579 87 96 90
368 242 35 72 48
368 330 21 55 55
340 549 94 98 97
340 46 67 88 85
340 95 50 55 52
340 128 49 60 60
340 579 88 89 88
340 384 76 86 82
252 489 45 97 76
252 490 48 74 70
252 218 56 90 80
252 427 78 97 82
252 667 58 75 59
252 497 68 83 73
252 345 87 91 87
252 170 49 57 56
252 595 14 60 29
630 563 10 74 74
630 89 82 84 83
111 657 31 84 38
111 19 82 93 84
111 714 56 80 65
111 384 86 92 87
657 517 46 76 55
657 709 13 73 42
657 358 79 99 83
657 248 68 74 70
384 269 27 81 37
384 243 91 95 94
384 738 81 84 82
384 737 28 63 50
179 649 69 77 75
179 578 24 35 33
179 301 84 98 93
179 659 70 73 71
179 543 70 89 71
385 733 55 97 92
385 242 25 62 32
385 667 52 94 91
385 201 88 89 88
385 583 73 91 84
385 736 19 34 21
385 654 24 31 25
142 462 40 92 73
142 736 61 62 62
142 696 28 36 32
142 146 94 95 94
142 731 50 61 50
114 567 40 59 47
114 177 53 88 73
567 676 15 100 16
567 29 36 100 74
567 214 20 82 59
567 699 84 88 87
115 212 28 53 38
115 110 26 65 53
115 660 50 88 88
115 163 76 98 94
115 274 43 68 52
115 615 20 23 21
115 500 80 93 80
163 409 49 65 50
163 306 26 100 64
274 262 62 99 71
274 639 20 61 58
274 81 43 64 63
274 190 29 96 70
615 256 89 90 90
615 285 49 55 53
615 546 14 94 89
615 117 18 96 18
500 425 49 54 52
500 666 31 58 45
500 420 34 57 43
500 560 50 65 62
500 415 47 80 57
500 464 40 57 44
116 236 91 100 92
116 480 47 97 90
116 289 67 97 70
236 89 44 52 44
236 438 23 49 46
236 16 55 68 67
480 429 73 75 73
117 97 20 57 22
117 597 43 59 53
117 449 86 100 100
117 635 59 100 82
635 479 28 73 48
635 68 90 93 90
118 337 24 35 31
118 611 13 45 39
118 415 32 77 59
118 136 31 54 36
118 158 65 86 67
611 392 57 72 66
611 446 13 88 72
136 319 79 87 84
136 11 51 93 53
136 410 75 81 81
119 205 21 49 37
205 449 55 93 61
205 249 43 75 69
205 10 44 67 56
205 450 63 84 70
226 563 77 98 82
226 607 39 99 78
226 163 60 61 61
226 511 38 69 46
226 488 66 80 78
467 56 79 100 100
467 422 16 73 25
467 590 54 87 76
467 277 95 99 95
271 375 17 95 63
271 169 31 49 36
483 366 42 59 44
241 566 88 92 90
241 617 23 93 72
241 93 41 52 47
241 42 86 90 86
241 228 81 91 83
241 538 71 80 72
122 331 70 79 75
122 180 49 90 88
122 207 18 79 51
331 275 71 81 78
331 269 75 82 75
331 132 26 49 40
331 741 32 33 33
331 166 42 94 77
331 470 93 95 94
331 176 77 100 79
180 326 17 58 49
180 365 15 91 42
180 133 46 92 81
123 493 61 78 75
123 0 35 49 46
493 132 73 95 73
493 294 88 96 90
124 196 27 52 47
124 110 86 95 87
124 357 55 66 65
124 347 48 69 64
124 361 64 81 72
196 377 36 98 83
196 553 40 58 53
196 435 28 57 33
196 65 26 85 51
196 552 83 86 86
196 304 17 33 25
361 273 50 72 61
361 134 90 91 91
361 577 74 83 81
744 234 39 66 58
744 431 34 43 37
744 88 41 61 55
744 515 30 43 36
744 626 18 68 62
744 604 61 78 67
744 330 53 93 69
238 154 78 90 80
238 494 54 55 54
238 589 10 96 87
238 628 86 90 90
238 654 29 88 30
238 255 28 85 72
238 382 84 90 89
641 68 19 43 39
641 512 19 73 55
641 200 64 84 80
641 249 20 31 20
641 258 55 78 55
641 684 12 13 13
641 568 76 81 77
128 144 66 78 67
128 656 72 79 79
128 708 49 77 58
128 462 45 90 79
128 418 62 74 65
708 340 53 89 65
708 142 92 98 95
462 542 15 45 19
462 10 26 95 80
462 20 69 73 70
462 179 31 53 47
129 628 19 58 50
129 237 91 95 93
129 21 73 90 74
237 461 27 58 27
237 138 50 52 52
237 220 52 66 54
130 699 73 98 86
130 158 47 50 50
130 48 80 84 82
699 588 37 51 49
699 195 79 97 81
214 564 95 97 95
189 177 73 100 89
189 432 41 56 50
189 715 42 65 47
692 525 92 100 97
692 4 39 70 43
692 493 86 98 96
692 77 20 72 71
692 641 22 82 50
692 509 83 91 91
133 628 28 61 61
133 363 17 86 43
133 713 74 98 85
133 79 30 87 51
627 259 60 90 80
627 416 72 96 96
627 351 48 49 49
713 30 64 80 75
713 632 74 88 83
134 504 17 79 27
134 278 74 80 76
134 18 52 62 59
134 206 42 100 98
504 187 38 61 49
504 711 59 97 69
504 223 15 55 28
278 175 28 54 30
278 318 32 100 73
319 700 13 73 21
319 109 28 98 95
319 370 37 70 52
319 114 87 91 90
319 62 10 78 23
319 84 65 73 68
138 465 21 56 22
138 411 72 99 78
138 158 88 93 89
174 143 54 62 62
174 431 53 72 60
174 637 38 47 44
174 100 37 82 37
295 500 59 77 59
295 388 80 85 81
146 552 72 94 84
731 633 63 77 66
731 665 10 43 18
731 204 62 68 63
731 98 35 64 47
298 487 30 83 40
298 670 35 43 39
298 364 62 79 62
634 723 70 90 73
634 281 50 53 52
262 667 11 23 22
262 698 36 70 57
489 36 22 92 52
489 383 74 85 84
489 171 35 37 37
489 504 73 94 75
489 267 12 28 23
173 653 70 96 80
173 85 94 95 94
706 650 42 77 73
706 544 33 100 40
706 351 42 89 45
706 648 19 52 48
706 287 58 81 76
706 102 62 79 76
552 681 37 95 64
552 175 39 73 41
552 148 33 87 64
552 601 68 95 82
147 117 22 42 38
147 124 81 82 82
147 568 17 60 20
147 408 34 99 59
147 356 85 92 85
568 315 54 74 56
568 5 68 85 74
568 163 57 83 83
568 289 72 88 86
568 483 76 77 76
408 678 11 77 25
408 662 28 93 35
408 607 78 99 90
311 608 72 82 77
311 609 51 87 62
311 269 46 65 56
516 179 83 86 84
516 74 83 86 85
516 190 20 57 45
516 489 90 91 91
516 235 24 95 57
608 116 62 76 73
608 659 63 86 67
608 666 29 34 33
608 215 61 76 66
608 126 42 77 77
608 742 21 97 61
518 738 61 68 66
518 526 77 91 79
721 106 49 78 51
721 714 52 70 67
721 473 68 70 68
721 204 81 91 89
721 330 28 77 61
721 132 49 97 86
150 332 45 72 56
150 143 83 100 98
150 94 69 87 82
332 428 88 94 92
332 104 57 67 62
332 241 54 65 65
332 3 42 48 45
332 8 27 95 62
332 276 21 92 88
151 351 46 80 47
151 638 13 57 17
151 189 47 68 54
638 682 20 90 88
152 527 50 89 74
152 402 36 90 38
152 532 80 96 83
527 562 32 76 70
527 448 73 79 78
532 491 80 88 84
532 546 53 80 65
532 47 85 89 87
532 46 29 50 41
532 92 62 92 64
532 68 56 69 56
532 458 18 74 20
153 424 59 72 59
153 590 62 73 69
153 2 37 93 77
153 112 82 93 83
153 522 92 97 97
153 481 63 98 76
153 364 43 97 64
153 463 16 38 25
481 571 53 83 64
481 701 79 86 82
481 719 50 86 74
481 519 90 94 94
154 79 17 31 24
154 57 83 94 92
154 131 11 75 59
155 501 84 91 86
155 249 39 57 39
155 441 27 37 27
155 511 75 76 75
249 252 13 52 51
249 378 81 94 87
249 676 58 83 68
249 85 73 89 84
249 123 90 92 91
249 15 20 95 24
249 458 13 78 30
441 266 50 63 59
441 0 74 93 91
441 167 36 45 41
441 218 28 91 90
511 169 90 92 91
511 157 84 95 93
156 480 82 88 84
609 138 57 80 62
609 124 86 90 88
609 338 12 62 19
585 185 33 78 61
585 280 43 93 46
585 736 56 83 59
585 506 68 100 74
159 479 90 97 95
159 579 10 26 20
159 452 79 80 79
159 639 47 60 56
159 87 29 86 61
160 430 10 61 60
160 192 91 96 92
160 85 87 88 87
430 52 44 54 47
430 64 28 70 67
430 375 78 99 78
430 680 70 83 75
430 617 35 97 39
430 325 44 70 48
430 261 33 50 39
161 701 52 73 56
161 541 49 61 57
701 626 18 65 48
701 360 64 88 80
701 44 89 96 91
701 171 54 79 73
701 723 12 27 26
541 477 74 89 84
541 686 31 90 70
610 30 74 80 75
610 424 31 39 33
610 299 35 90 49
610 10 76 82 76
610 208 58 77 72
610 664 16 78 41
409 441 10 30 21
409 52 76 84 80
409 77 20 27 21
409 392 62 90 69
409 124 70 77 72
409 139 64 77 77
409 554 92 95 93
164 323 45 97 59
323 519 10 56 33
323 536 78 81 80
323 114 80 83 82
323 636 77 99 97
323 235 46 83 54
323 111 82 92 86
323 731 19 87 81
165 433 93 94 93
165 250 92 94 92
165 269 20 91 65
165 666 22 24 24
165 308 22 86 84
165 287 41 98 59
433 80 10 22 11
433 497 73 74 74
433 572 80 93 85
433 678 20 30 28
250 300 14 38 23
250 6 93 96 96
250 116 35 94 66
250 493 60 76 63
250 8 92 96 94
250 122 11 54 37
250 176 84 88 88
250 590 67 83 67
666 219 61 67 65
666 331 46 93 53
666 141 50 58 50
308 115 37 57 37
308 64 33 44 39
308 672 73 90 76
167 225 40 77 49
167 594 28 29 28
167 88 10 38 12
225 273 56 68 64
225 370 67 96 70
594 385 84 85 84
711 430 24 67 63
711 471 59 87 71
711 431 14 30 21
711 618 13 40 39
711 185 61 76 63
711 615 51 61 61
711 32 54 83 58
275 167 95 96 95
429 1 48 96 89
429 55 25 87 60
170 120 68 90 81
170 307 30 89 82
170 210 70 83 73
307 110 56 100 76
307 167 49 60 60
307 230 35 69 44
171 490 67 69 67
171 364 16 42 26
171 56 73 94 93
171 557 13 93 91
171 510 47 68 68
557 187 23 47 38
557 298 43 94 49
557 401 46 64 56
653 542 70 89 78
653 601 27 91 29
653 377 28 64 59
431 679 17 39 27
431 650 28 80 29
431 359 27 63 34
431 143 40 86 86
431 677 70 82 71
431 719 38 53 44
637 734 26 40 30
637 236 65 100 97
637 229 46 56 50
637 180 25 68 58
637 603 55 90 60
637 554 10 19 11
190 397 21 85 75
190 67 29 60 35
190 546 85 96 94
190 232 31 35 35
176 133 63 77 74
176 333 65 77 71
176 139 46 57 52
176 351 95 96 95
333 219 53 80 71
333 34 69 80 71
333 698 67 68 68
333 399 45 51 50
329 487 47 80 63
329 66 87 96 93
329 479 27 100 43
178 72 57 83 62
178 345 40 49 42
178 128 26 35 32
345 437 90 95 90
345 531 68 95 77
345 709 16 19 18
345 737 18 58 30
345 405 18 59 35
649 482 64 84 64
649 326 15 88 21
578 731 76 91 83
578 537 70 92 74
578 586 24 65 40
659 212 70 89 78
659 91 21 77 72
659 252 13 58 16
659 727 80 100 83
659 686 76 100 98
659 748 47 80 53
543 134 35 100 53
543 230 70 99 99
543 690 28 100 50
543 277 60 100 99
543 3 61 100 61
326 611 67 89 78
326 49 26 54 30
326 681 44 63 46
326 220 60 85 71
326 303 22 38 25
181 516 89 90 90
181 116 66 79 70
181 659 50 77 57
181 228 58 95 71
182 629 68 98 72
182 298 55 64 56
671 564 25 94 92
671 604 40 71 41
671 33 45 57 49
671 208 39 69 59
334 682 20 63 58
334 528 26 98 50
334 405 56 76 70
334 353 10 95 27
334 523 70 96 86
204 321 84 92 92
204 422 14 68 45
204 309 64 79 73
204 367 36 76 68
204 749 28 49 46
496 377 76 77 77
496 650 59 89 79
496 292 85 94 93
496 215 46 100 80
188 672 11 37 22
188 67 31 48 47
188 719 47 85 81
188 408 64 89 74
719 61 52 98 84
719 442 65 100 94
432 418 36 87 69
397 745 94 96 95
397 1 39 81 64
397 329 28 73 55
397 130 56 92 92
546 731 67 87 83
294 239 20 75 62
294 610 78 92 80
294 172 15 32 21
193 536 22 71 54
193 203 49 60 59
193 696 45 70 66
203 362 76 96 77
203 114 61 84 70
203 240 23 27 26
195 453 84 99 85
195 256 66 71 68
195 476 44 73 68
195 492 24 80 31
195 237 85 90 86
492 676 91 100 97
492 14 73 89 85
492 566 10 84 84
492 465 59 79 62
553 28 38 44 41
553 464 78 96 88
553 224 62 98 80
553 590 69 86 72
553 12 18 98 58
435 416 33 84 34
304 344 89 94 93
304 372 20 85 56
304 584 19 74 29
304 225 69 86 82
198 53 39 67 44
198 426 52 82 60
198 718 95 99 98
198 324 82 100 92
198 333 12 32 28
198 506 83 95 86
198 210 15 28 18
718 218 17 82 47
718 548 45 51 50
718 726 58 68 61
718 204 10 51 51
718 270 21 43 28
718 524 69 95 87
401 378 35 57 41
401 89 87 93 92
200 192 57 94 66
200 84 41 91 90
200 257 53 88 72
257 252 17 94 53
257 196 60 84 82
201 715 94 95 94
201 368 72 78 75
201 357 12 79 52
362 395 24 72 59
240 242 76 79 79
240 142 80 100 97
240 403 11 24 19
240 164 81 94 91
321 735 71 75 72
321 647 83 97 95
321 679 17 33 20
321 545 19 45 22
321 229 89 99 93
321 84 75 90 75
309 650 39 96 43
309 232 69 72 70
208 227 92 98 94
208 108 47 86 53
208 433 50 78 70
208 682 86 95 93
208 205 12 83 23
208 103 41 98 65
682 707 43 58 57
682 444 10 83 71
682 581 88 98 93
348 299 71 93 89
348 343 50 94 56
348 731 66 73 66
348 442 28 67 64
239 733 92 97 94
239 236 19 21 19
239 637 19 26 20
213 319 22 96 50
213 452 62 66 65
213 64 30 45 32
564 42 69 77 73
215 596 67 97 88
215 391 43 89 57
219 77 94 96 94
219 586 79 85 85
220 466 67 76 69
220 376 67 93 93
220 294 17 82 33
220 384 23 29 24
376 10 74 78 77
376 519 77 91 89
376 461 67 88 85
221 73 35 57 40
221 445 38 42 42
221 668 66 76 72
221 18 62 86 84
221 310 68 74 71
221 437 87 97 96
221 6 95 100 96
445 745 93 98 98
445 698 20 58 48
445 253 10 61 28
445 113 45 59 58
445 3 91 100 97
445 720 62 93 74
445 283 28 30 30
668 302 29 60 54
668 336 53 76 63
668 133 34 74 59
668 211 93 97 93
668 445 41 93 57
310 524 81 100 94
310 518 26 31 28
482 725 78 81 78
482 217 73 89 84
482 545 49 81 76
223 693 50 87 64
223 448 43 97 65
223 273 88 90 88
223 437 84 100 92
693 322 77 89 84
693 525 12 53 27
693 495 87 97 93
693 558 69 97 84
693 705 62 94 93
273 256 53 94 87
273 288 59 67 61
742 24 78 98 80
742 403 94 98 95
742 32 60 85 62
742 374 43 65 64
742 698 57 87 74
742 547 50 79 55
595 733 55 75 65
595 374 85 97 89
563 402 46 61 56
563 137 39 73 62
563 151 61 75 65
563 187 82 86 84
563 478 52 70 52
607 336 94 97 95
607 78 89 92 91
607 299 77 94 94
607 275 56 100 56
607 291 64 66 66
488 442 42 87 60
488 461 42 72 69
488 564 77 87 84
488 489 31 45 37
745 690 22 98 73
745 379 70 93 74
745 514 92 94 92
745 503 89 100 96
745 453 80 94 82
255 126 57 78 64
255 89 44 50 50
255 685 67 86 77
255 399 36 79 41
255 62 12 100 22
286 431 42 78 74
286 108 51 55 52
286 363 63 67 67
286 148 81 93 88
286 543 40 89 89
233 360 88 99 88
233 376 13 29 15
234 741 80 98 81
234 623 76 82 78
234 664 63 77 71
741 268 82 88 82
438 582 31 34 32
438 207 87 88 88
438 173 25 29 25
438 534 90 94 92
438 439 22 81 32
438 271 83 85 84
461 79 95 100 99
589 301 67 94 89
382 509 12 68 47
382 152 65 90 67
733 148 51 70 58
733 57 92 100 98
733 116 18 99 21
242 510 42 66 52
242 261 34 53 53
242 338 64 83 65
242 165 84 97 84
566 605 80 97 88
243 154 81 98 90
243 685 86 89 87
243 747 23 92 63
685 287 88 95 91
685 262 49 58 50
685 348 75 92 76
685 693 16 29 21
685 415 40 72 66
685 483 52 71 62
685 221 49 98 96
244 671 88 97 97
245 619 60 96 61
619 173 81 92 85
619 348 81 87 81
619 562 69 100 95
561 456 32 64 37
472 616 51 94 61
300 603 62 68 65
300 630 75 89 75
300 314 30 84 49
300 232 29 36 34
497 220 69 89 74
253 203 95 96 95
253 635 22 24 24
253 627 51 79 70
253 120 19 100 85
254 731 24 96 74
254 234 40 88 87
254 348 56 75 58
254 107 39 96 50
254 418 50 61 60
254 270 77 78 77
254 487 57 85 80
270 489 74 86 82
270 624 40 81 51
487 555 90 93 91
487 499 36 53 43
487 339 11 97 82
399 474 86 94 90
399 322 51 52 51
405 663 12 63 13
405 245 89 93 93
405 235 59 60 60
434 252 40 47 44
434 416 78 85 80
434 413 70 85 85
434 433 43 76 66
434 368 42 53 50
434 32 43 90 80
434 555 39 92 77
434 281 90 94 91
728 87 64 66 66
728 356 85 93 89
728 159 81 88 81
728 617 76 86 76
468 349 47 85 55
468 262 57 81 66
447 630 24 86 34
447 449 92 100 98
447 578 25 76 43
447 174 80 88 82
720 707 74 92 81
720 491 56 76 56
720 404 13 94 44
703 518 40 77 70
703 40 90 92 92
266 238 16 41 17
266 709 12 18 13
266 278 41 81 56
266 629 49 62 52
266 292 11 33 19
266 656 75 87 75
266 431 83 95 88
709 177 26 44 43
709 458 59 62 59
709 626 13 43 29
709 326 32 79 42
267 23 53 55 55
267 705 90 98 92
705 152 58 77 71
705 109 75 98 83
705 230 31 47 42
705 41 18 27 20
705 711 30 60 42
268 584 71 95 89
268 561 37 98 56
268 698 90 99 91
268 192 92 98 94
268 119 17 94 86
268 535 37 53 45
535 201 82 92 91
535 332 80 94 81
272 716 91 92 92
272 222 83 94 84
272 460 52 57 54
272 651 25 71 63
272 459 64 69 65
272 528 30 38 35
272 294 61 76 65
272 257 85 97 86
528 126 13 38 18
528 119 41 98 53
528 216 17 76 65
528 381 12 73 55
528 272 27 98 58
288 620 62 79 70
288 447 64 99 74
288 95 52 94 62
381 227 45 51 49
381 166 27 63 45
381 110 54 92 74
381 311 57 95 81
735 56 94 97 97
318 720 78 88 88
318 517 86 100 95
280 735 91 100 95
280 351 75 90 79
280 46 85 95 95
281 421 94 99 99
281 633 27 42 36
281 528 75 78 75
281 83 28 56 41
281 114 27 53 51
281 610 45 58 54
281 589 90 100 95
281 300 35 91 65
282 415 22 53 28
282 372 19 50 20
282 169 63 84 84
282 677 20 59 35
283 366 33 86 47
283 20 40 74 44
283 515 10 88 62
283 308 40 75 72
283 449 77 92 81
283 362 50 85 77
515 128 10 89 40
515 32 21 34 24
508 93 45 61 59
508 741 28 60 55
508 81 25 77 37
508 512 48 86 76
285 736 63 71 64
285 278 30 72 64
473 389 28 99 78
473 142 78 88 87
473 68 44 55 47
473 129 94 97 97
473 682 91 99 97
474 42 66 69 66
474 507 18 96 43
474 626 74 77 75
474 671 83 96 86
474 188 74 95 88
603 693 41 94 91
603 446 40 98 45
320 304 85 100 98
320 388 74 76 76
712 58 31 43 39
712 555 10 74 62
712 468 66 81 74
388 261 55 86 74
388 187 66 89 76
388 220 79 87 79
388 492 29 56 51
388 67 19 83 53
388 195 76 81 78
670 419 47 86 52
670 434 56 87 59
670 727 41 49 45
670 338 59 100 88
314 352 69 73 69
396 297 15 28 15
396 229 79 90 82
396 341 25 93 66
396 150 81 95 84
396 484 87 100 92
614 102 25 88 71
614 316 46 57 47
614 622 77 80 78
614 552 48 65 54
305 614 82 84 84
305 33 76 78 76
305 435 34 85 49
305 191 50 88 51
305 713 87 94 92
305 394 93 95 93
305 47 29 68 43
312 230 69 94 77
312 565 26 86 65
352 197 31 84 45
352 57 60 66 61
352 633 44 77 73
315 37 88 96 93
315 148 14 66 42
316 273 44 75 72
316 355 60 96 73
523 264 95 98 96
523 389 32 37 36
523 210 80 84 84
523 330 91 98 98
523 555 82 83 82
523 135 49 68 59
523 620 68 73 70
523 203 48 85 67
398 605 55 86 75
398 52 10 31 25
398 251 34 89 45
398 457 66 94 83
398 498 66 78 68
398 180 19 62 58
517 731 18 97 46
517 0 85 98 85
517 321 68 80 75
517 157 71 82 75
700 383 83 86 85
700 508 58 71 67
700 315 60 87 86
700 179 68 98 78
700 58 80 99 90
679 726 82 89 84
679 440 12 95 60
679 590 35 84 66
679 544 71 85 75
679 307 33 74 66
545 486 55 94 58
545 560 65 93 92
545 65 46 84 48
358 77 67 93 76
358 197 46 67 67
328 211 15 63 44
328 339 14 88 62
339 408 35 81 74
339 263 32 52 40
339 381 29 75 29
330 426 60 75 74
330 235 13 39 22
470 303 83 84 83
470 337 72 93 74
470 412 31 60 58
470 676 30 85 77
549 749 71 99 95
549 411 22 25 22
341 148 64 94 94
341 704 47 53 52
341 426 78 87 86
341 169 43 75 56
341 6 51 63 61
342 637 78 90 80
343 613 23 61 39
343 701 65 66 66
343 16 22 24 24
343 539 56 79 59
613 629 13 49 19
613 13 78 96 83
613 540 58 70 58
539 243 25 57 39
539 30 84 100 87
539 336 67 80 76
539 610 53 63 62
390 514 27 77 35
390 372 85 87 86
390 274 10 24 21
390 321 22 94 70
390 603 81 92 89
390 677 40 100 52
390 172 14 88 62
737 230 52 95 68
737 273 36 73 38
737 602 78 97 94
737 296 80 97 92
442 335 63 98 97
442 177 62 85 74
442 259 76 85 77
442 91 46 54 50
349 479 32 69 35
349 274 12 32 19
349 284 25 52 45
349 311 52 80 56
349 73 17 30 17
349 252 52 81 66
574 573 33 96 52
574 632 86 94 91
354 624 82 98 93
359 730 64 85 74
359 438 70 77 70
359 20 27 30 28
359 1 78 85 79
359 309 33 96 58
359 322 78 96 88
359 181 18 29 20
359 250 65 86 73
730 632 31 64 62
730 471 10 44 10
730 385 62 78 75
732 629 88 96 91
732 44 79 88 83
732 166 49 60 50
732 467 60 66 63
732 711 86 98 98
732 42 36 64 64
732 207 74 89 83
577 65 66 93 85
746 722 28 79 70
746 8 39 88 60
533 179 23 25 25
533 385 51 91 57
533 259 14 40 15
533 69 36 81 65
533 488 47 69 48
533 180 51 66 51
533 264 16 80 26
533 183 63 91 85
533 283 65 86 78
648 82 39 88 41
648 733 89 93 93
556 376 23 63 51
556 458 80 96 95
556 476 76 91 86
556 117 55 86 65
383 676 28 93 64
383 175 68 77 72
446 297 65 97 68
446 321 91 93 93
446 648 61 64 61
446 129 58 98 65
446 612 88 92 88
446 15 39 90 88
503 289 71 74 71
503 257 17 87 45
503 661 47 98 68
374 427 18 47 24
374 184 94 96 94
374 207 58 70 67
374 248 67 70 67
380 214 44 93 87
380 46 36 98 91
380 349 29 72 43
380 674 83 100 94
674 714 88 96 91
674 632 15 51 33
738 620 55 72 62
738 52 20 100 35
738 462 58 91 67
386 132 14 26 26
386 153 53 58 56
387 166 80 94 94
389 232 31 34 34
389 50 35 90 55
389 635 38 65 49
389 430 84 85 84
389 123 71 76 72
389 441 59 70 60
554 564 94 95 95
554 218 75 80 76
554 383 65 72 67
554 134 53 96 55
542 736 75 98 88
542 489 87 88 87
542 277 44 90 51
392 682 60 83 83
392 747 41 51 41
392 605 22 66 43
392 245 85 99 89
392 358 36 98 77
392 533 26 88 72
575 418 50 55 55
575 449 19 88 70
625 286 34 65 57
717 456 38 39 38
717 188 22 91 56
717 47 38 45 39
423 673 93 97 95
423 86 41 74 65
400 2 82 88 83
400 304 77 90 82
400 580 73 92 75
400 737 32 51 47
580 307 22 66 62
697 560 28 76 34
697 137 34 87 40
697 436 58 95 79
697 47 45 93 68
697 725 92 97 97
697 120 14 26 23
663 164 87 89 88
663 206 22 35 32
663 336 84 87 87
602 394 83 84 83
602 76 85 93 88
602 694 44 60 50
602 285 41 92 87
407 552 67 85 70
407 458 94 95 95
412 382 80 87 84
412 253 80 86 80
444 535 10 36 18
444 704 18 27 24
646 590 52 86 81
646 476 54 62 58
646 459 33 54 49
646 45 27 85 30
646 118 27 76 34
548 416 77 92 87
548 512 54 66 64
548 79 59 87 60
548 537 44 61 48
548 255 50 51 51
548 644 58 60 58
548 133 35 44 40
414 39 52 95 92
417 564 60 65 61
417 628 40 62 60
417 332 71 96 77
417 90 16 62 61
417 660 93 95 93
420 388 39 98 71
420 300 10 93 14
420 248 11 96 79
420 472 19 63 34
560 514 80 83 80
560 364 51 56 51
560 355 16 48 35
572 407 91 96 91
572 1 53 83 65
572 431 95 96 95
555 727 11 44 32
555 293 55 99 81
555 444 81 86 85
555 141 56 92 65
439 349 35 78 41
443 362 37 60 50
443 740 49 100 70
612 64 63 91 72
612 73 87 94 92
455 397 38 55 42
455 506 70 77 73
455 139 63 76 71
456 343 95 99 95
456 718 42 72 49
456 604 19 75 52
456 244 76 80 77
456 221 46 85 81
456 275 46 92 56
658 517 16 91 40
658 468 88 98 88
658 230 89 91 91
658 216 46 71 49
658 53 28 44 32
658 78 47 80 61
658 421 67 92 92
464 582 34 87 59
464 499 91 93 91
464 120 94 97 94
675 665 14 87 23
675 97 49 85 75
616 50 72 98 83
616 728 73 79 77
616 388 80 98 93
507 388 69 89 86
507 656 46 57 52
507 573 31 56 41
626 675 31 82 53
626 468 62 67 63
626 696 12 57 15
626 281 50 100 82
477 80 36 91 75
477 647 33 52 39
477 549 79 91 88
477 588 55 98 55
477 98 79 90 85
477 688 44 61 57
491 511 93 94 94
491 223 85 87 85
491 733 23 97 68
491 158 71 72 71
520 653 69 95 76
520 421 18 89 70
520 450 82 98 86
520 254 83 95 94
520 675 23 31 23
689 493 15 72 35
686 653 15 36 18
686 158 42 81 48
686 636 51 94 69
686 13 75 82 78
686 3 65 100 79
631 567 41 45 43
631 495 92 100 100
631 451 56 70 69
631 308 41 45 43
631 60 36 95 58
573 736 21 54 36
573 503 52 77 72
526 128 34 39 35
526 700 28 71 68
526 471 41 95 86
526 5 84 86 84
526 120 25 57 35
521 403 58 60 59
521 726 57 71 58
525 255 32 98 47
529 644 80 82 80
529 733 87 96 92
529 216 57 73 69
529 442 64 74 70
644 740 61 68 61
644 495 39 90 59
644 598 76 96 88
690 444 14 79 14
544 37 14 43 20
550 91 92 93 93
550 251 83 90 84
550 481 14 66 50
550 166 13 44 16
558 745 56 90 82
570 177 11 59 54
570 44 79 91 80
570 51 84 99 86
570 515 48 63 54
570 379 45 92 84
570 670 41 68 45
570 452 71 97 94
581 291 54 76 60
581 315 21 76 47
581 483 12 49 37
599 571 73 79 79
599 66 22 28 28
600 73 38 83 44
600 163 72 95 89
600 375 51 63 58
683 273 56 74 57
606 684 29 47 42
723 662 78 90 83
723 377 56 76 74
723 244 62 73 72
723 488 64 100 70
723 679 56 68 57
723 522 61 85 62
723 211 91 99 93
665 453 34 70 38
665 556 35 97 81
665 140 87 97 97
665 113 67 96 70
665 553 26 36 29
655 235 18 67 41
655 110 92 96 95
655 714 86 97 90
695 671 19 97 58
695 532 64 77 67
695 40 17 70 48
695 115 41 48 41
695 461 90 96 90
695 511 50 62 62
695 720 84 93 85
695 176 66 83 79
695 529 51 100 60
710 284 13 57 22
710 411 89 100 89
710 548 18 79 29
710 85 77 100 89
710 91 76 96 84
710 431 45 63 46
0 749
