46 77
0 29 37 93 63
0 16 94 96 96
0 2 88 93 90
29 3 10 42 32
16 21 82 98 82
16 27 64 97 97
1 26 73 94 84
3 18 77 87 83
3 4 25 88 55
3 43 13 62 21
18 15 62 79 77
18 12 92 100 96
18 22 19 90 48
4 9 51 96 57
43 20 26 68 67
9 17 83 88 87
9 40 41 48 47
9 5 80 95 90
5 10 59 92 71
5 25 37 90 38
5 26 50 91 58
5 17 33 56 41
10 37 81 96 93
25 29 28 88 87
25 20 42 85 48
25 30 95 100 95
25 7 43 71 56
17 43 63 94 75
17 42 53 80 70
6 16 78 86 84
7 14 47 48 47
7 42 88 97 91
7 16 17 32 17
7 41 46 99 46
14 7 31 85 41
42 37 32 76 70
42 4 62 96 66
41 22 94 98 94
41 25 86 91 91
8 35 28 96 33
8 19 22 94 58
8 39 24 83 68
35 24 18 71 42
35 43 31 40 35
19 35 32 100 42
19 28 12 97 28
19 23 37 65 48
39 32 60 65 61
37 13 22 86 83
37 2 19 66 54
37 6 48 97 74
11 42 89 96 90
12 29 45 56 50
12 16 95 99 99
13 8 27 96 42
13 19 49 51 51
15 45 43 89 68
15 9 13 48 29
15 37 93 100 95
15 29 72 76 73
27 23 89 100 96
27 42 59 75 74
27 37 92 96 94
22 19 16 78 72
23 13 57 97 89
20 35 89 97 97
24 17 90 91 90
30 26 89 94 93
30 44 10 14 14
44 25 59 73 64
31 29 38 62 41
31 19 63 78 63
32 31 50 51 50
32 5 85 95 92
33 7 78 95 90
34 32 85 87 85
36 12 53 65 59
0 45
