52 106
0 24 22 97 84
0 6 60 73 69
0 45 29 75 46
0 41 54 73 54
0 31 65 97 73
24 5 51 80 75
24 43 79 88 87
6 31 60 76 60
6 15 87 96 89
6 0 48 89 56
45 17 63 75 64
41 27 82 96 94
31 14 28 47 45
31 35 36 50 46
1 51 47 70 56
1 32 35 48 45
1 12 53 82 59
1 7 80 98 87
1 25 55 82 76
1 40 22 53 44
1 33 73 78 78
32 3 49 76 76
12 39 58 80 61
12 11 59 82 69
7 41 61 78 70
7 28 65 77 65
7 32 94 97 97
7 0 53 66 54
7 45 37 70 51
40 12 26 90 57
40 8 68 91 68
40 19 81 96 93
40 30 78 92 84
33 30 21 33 24
3 39 27 77 63
39 13 73 94 85
4 35 42 78 46
4 2 74 77 76
4 17 23 52 43
4 10 42 98 67
4 34 40 75 62
4 24 51 82 71
4 14 40 80 80
35 2 76 81 80
35 6 31 79 34
35 27 54 95 75
35 31 93 100 100
34 31 30 39 30
34 49 89 96 91
14 32 43 93 62
5 1 65 100 81
5 15 44 45 45
5 28 42 86 62
15 34 60 79 75
15 8 61 63 63
15 47 52 53 52
28 48 73 97 92
8 49 17 28 28
8 4 39 74 61
8 44 47 59 51
49 2 59 64 60
44 51 67 79 76
44 13 21 77 68
44 4 90 99 93
44 17 55 95 75
11 23 55 74 64
23 42 15 72 46
23 13 89 94 90
23 22 25 49 27
23 33 36 49 46
13 37 46 93 89
37 38 57 76 70
47 27 64 96 84
47 51 27 49 45
16 23 59 95 68
16 6 43 96 80
18 7 81 94 94
19 49 88 93 92
19 10 79 93 80
19 11 83 94 83
19 34 47 67 48
20 28 84 88 86
20 31 41 60 53
20 50 56 94 66
20 48 26 57 56
50 2 25 85 41
50 7 71 97 81
50 37 29 75 32
48 26 47 94 94
48 40 47 78 61
21 1 24 88 73
22 41 22 89 41
22 49 49 83 81
42 30 21 42 32
42 7 13 100 94
42 13 31 43 39
43 9 51 85 72
43 7 83 98 98
26 37 81 98 92
26 10 84 99 85
27 9 79 91 84
29 7 91 98 91
36 51 80 92 90
36 43 48 96 48
36 8 21 86 85
46 15 81 86 81
0 51
