528 1753
0 47 55 81 59
0 500 70 87 80
0 39 41 92 80
47 86 65 83 78
47 83 82 92 82
47 118 46 90 55
47 272 30 57 32
500 253 25 72 53
500 472 70 78 75
500 37 47 98 63
500 136 75 92 87
39 232 26 91 81
39 318 46 54 49
39 438 90 100 90
1 222 10 84 29
222 64 14 42 36
222 39 76 89 89
222 465 22 50 34
222 227 66 76 70
2 271 38 40 39
2 6 72 91 73
2 106 48 93 77
2 296 56 91 88
2 104 64 76 73
271 301 57 64 63
271 482 23 36 27
6 328 90 98 91
6 186 56 81 68
6 89 39 95 79
6 77 32 84 41
106 291 83 91 91
106 237 77 97 77
296 468 17 49 17
296 385 41 88 87
296 414 95 96 95
296 37 28 47 40
296 214 87 100 95
296 251 29 62 50
296 269 40 45 42
104 22 71 74 73
3 184 34 65 38
3 87 23 85 53
3 371 44 70 54
3 88 59 96 63
3 360 87 100 97
3 261 66 75 75
3 131 66 97 92
184 487 58 77 68
184 511 33 44 38
184 379 42 97 46
184 255 83 84 83
87 36 72 78 76
371 292 77 99 92
371 108 39 93 64
88 9 41 56 42
88 152 62 91 64
88 522 40 63 57
88 214 78 84 83
88 295 80 85 82
360 377 69 96 79
261 195 78 99 94
261 143 76 95 80
261 52 15 27 15
261 400 73 93 80
131 259 30 32 31
131 118 87 93 93
131 306 78 81 80
131 18 63 72 69
131 501 89 97 94
131 260 83 100 83
131 189 31 35 31
4 315 67 81 72
4 8 58 100 92
4 212 90 97 96
315 262 22 56 55
315 331 15 96 51
315 98 28 56 45
315 265 72 82 72
315 85 78 95 84
315 204 79 94 93
8 259 91 98 97
8 69 23 42 28
8 449 32 72 67
8 179 78 89 87
212 298 52 55 52
212 515 36 57 38
212 355 61 93 81
212 326 82 94 84
212 122 69 88 73
212 319 47 71 54
5 242 91 100 94
5 113 14 93 69
242 305 20 97 84
242 348 42 99 94
242 155 51 74 60
242 143 74 90 77
242 479 14 64 61
242 497 70 79 74
113 456 59 98 67
113 104 74 95 92
113 73 11 97 43
328 199 56 63 56
186 33 75 78 75
186 434 79 87 83
89 168 95 98 96
89 259 57 99 84
89 272 32 82 56
77 455 31 42 33
77 467 35 57 41
7 421 55 76 70
7 90 90 94 91
421 269 66 85 72
421 359 75 91 75
90 114 74 100 93
90 391 58 75 64
90 358 64 81 79
259 185 90 95 93
259 48 47 61 61
259 90 94 97 95
259 388 62 87 63
69 59 18 41 31
449 524 76 84 76
9 71 41 56 48
71 33 70 73 70
71 83 61 74 61
71 354 73 91 75
71 276 56 64 58
10 326 62 95 80
10 364 24 41 30
10 259 13 26 18
326 16 54 77 77
326 23 94 95 95
326 193 29 52 36
364 202 33 43 40
364 314 72 80 80
364 58 65 100 72
364 439 82 92 91
364 132 20 42 21
11 348 15 57 52
11 152 43 83 60
11 282 74 79 76
11 84 16 93 64
11 146 76 78 76
348 90 49 63 50
348 419 46 70 54
348 456 91 93 91
348 471 61 67 67
348 516 67 94 75
348 144 79 96 89
282 236 21 92 62
282 58 20 82 57
282 285 57 97 90
282 490 95 96 95
84 361 81 94 88
84 369 40 74 47
84 371 34 80 80
146 49 71 97 89
146 208 90 100 100
146 395 92 96 96
146 468 89 90 90
146 380 12 54 52
146 504 42 68 59
12 65 72 97 94
12 247 74 86 76
65 64 15 87 24
247 453 49 68 63
247 349 70 82 75
247 203 18 75 55
247 252 14 26 24
13 63 30 61 45
13 108 44 63 59
13 355 11 57 31
63 500 37 57 44
63 488 70 94 73
108 420 42 61 46
108 450 18 42 18
108 69 57 75 68
108 117 12 92 13
108 285 41 85 61
355 492 57 94 63
355 237 52 68 68
14 58 60 92 76
14 430 94 99 96
14 111 24 79 56
14 413 84 100 99
58 495 68 92 72
58 275 88 91 88
58 26 77 92 87
58 4 39 45 40
430 224 72 74 73
430 373 45 80 76
111 493 39 43 41
111 252 79 88 88
111 283 34 85 39
111 328 15 17 16
413 388 73 78 76
413 296 92 94 93
413 263 38 50 44
15 312 14 68 57
15 302 72 90 76
15 219 40 79 53
15 107 57 73 71
15 227 46 75 50
15 10 75 77 76
302 332 63 86 86
302 261 67 69 68
219 48 23 39 28
219 371 14 19 15
219 391 17 67 55
219 227 47 71 58
107 443 14 26 22
227 280 73 91 79
227 375 32 63 49
16 455 63 97 84
16 83 23 64 48
16 449 75 91 83
455 221 87 94 88
455 349 50 62 52
455 119 26 59 58
455 433 64 75 67
17 402 24 37 27
17 56 73 83 77
17 259 80 85 82
56 100 90 98 95
56 234 79 84 83
56 107 28 29 29
18 314 65 100 67
18 263 57 76 64
18 518 39 95 70
314 288 49 77 56
314 205 50 62 55
314 51 14 84 40
314 473 70 87 85
263 34 30 88 78
263 168 23 48 24
263 176 25 67 56
263 382 83 93 88
518 20 92 98 98
518 454 24 55 45
518 325 23 35 27
518 350 10 84 66
19 457 70 88 72
19 269 23 51 50
19 447 30 44 41
457 176 58 80 67
269 477 28 75 57
269 135 80 83 82
269 180 18 76 66
269 126 41 75 57
447 143 63 69 68
20 514 76 94 81
20 421 57 85 70
20 383 73 84 76
514 112 72 95 85
514 85 84 85 85
514 151 50 68 64
383 107 78 98 78
383 337 52 90 85
383 81 27 61 34
383 250 64 97 64
383 382 67 95 86
383 503 24 31 27
383 326 56 78 74
383 356 80 94 86
383 307 95 97 96
21 173 11 85 53
21 378 19 97 37
21 15 91 100 97
21 229 93 97 93
173 23 50 58 52
173 119 86 88 87
173 160 10 32 16
173 21 51 75 60
378 369 59 91 61
378 368 50 98 63
378 499 17 50 17
378 477 18 57 45
378 399 38 90 64
378 352 50 57 52
378 36 37 86 41
378 159 93 94 93
229 138 49 89 64
229 128 78 84 84
229 18 93 100 94
229 377 25 93 48
22 160 72 90 86
22 463 59 90 72
22 404 67 95 94
22 89 50 55 54
160 216 81 82 81
160 26 10 98 32
160 490 55 64 60
160 257 27 56 29
160 273 26 38 37
160 468 93 95 93
160 507 41 60 43
404 458 48 75 72
404 286 11 52 36
404 60 36 41 41
404 416 83 91 84
23 225 24 53 25
23 269 47 76 52
23 323 10 84 72
23 525 84 85 85
225 222 62 86 70
323 302 95 98 96
323 248 36 70 55
323 289 14 43 19
323 417 56 76 63
525 403 78 82 79
525 518 89 97 96
525 393 67 95 74
24 166 69 75 71
24 98 49 79 74
24 294 32 99 97
166 393 78 95 94
166 174 92 95 92
166 182 75 81 76
166 70 95 98 95
166 456 16 84 30
166 136 86 90 89
98 297 78 88 82
98 349 41 67 56
98 401 49 84 74
294 61 20 37 22
294 260 12 72 38
294 352 37 94 41
294 50 59 80 80
25 304 86 89 89
304 378 74 94 78
304 3 80 86 81
304 165 82 85 82
304 224 10 53 39
304 111 95 99 95
26 80 36 91 72
26 419 29 38 30
26 105 11 36 25
80 452 66 81 71
80 519 67 92 92
419 153 65 69 67
419 183 52 54 54
419 126 73 87 77
105 172 63 93 73
105 256 61 65 62
27 22 94 98 94
27 157 14 75 32
157 368 37 77 51
157 181 30 75 74
28 418 87 97 97
28 105 28 55 51
28 211 87 96 93
28 272 12 74 39
418 428 16 23 23
418 201 49 98 75
418 312 59 87 72
211 101 14 91 70
211 191 51 62 54
211 498 12 53 13
211 170 81 87 85
211 515 41 61 44
211 252 91 98 92
29 4 93 94 94
29 509 52 65 59
29 333 27 57 30
509 504 79 97 95
509 512 47 55 54
509 333 94 95 94
509 303 65 76 70
509 364 68 73 71
333 517 32 51 35
333 319 12 13 13
333 226 24 98 74
333 360 38 68 44
30 491 53 61 56
30 18 89 94 94
30 5 75 97 75
30 108 35 71 38
30 520 43 77 74
30 415 55 98 77
30 493 37 87 38
491 334 79 80 80
491 72 30 66 52
491 506 88 94 94
491 11 61 89 86
520 380 43 74 57
520 0 48 87 49
520 497 66 93 66
520 248 16 26 16
520 234 15 32 30
520 182 33 80 65
415 292 43 46 46
415 190 80 81 80
415 162 42 61 49
493 141 77 81 81
493 514 77 84 83
493 70 75 90 86
31 42 68 94 77
31 385 85 96 95
31 2 82 87 87
42 228 52 59 57
42 130 56 93 70
42 386 75 77 77
385 2 20 81 39
385 42 44 98 69
385 15 73 85 77
385 371 35 77 75
385 398 95 97 95
32 331 94 96 95
331 223 56 76 61
331 394 88 90 88
331 227 35 43 37
331 134 17 69 25
33 194 68 94 88
33 103 69 92 88
33 304 92 97 92
33 379 14 29 17
33 14 92 96 96
194 443 26 87 66
194 209 33 37 35
194 469 84 93 92
194 371 88 95 93
194 345 32 68 56
194 176 92 98 96
103 504 77 86 77
379 362 36 66 65
379 177 52 62 60
379 189 14 97 94
34 150 18 68 58
34 13 59 66 62
34 430 43 70 66
34 426 85 87 87
34 450 44 45 45
34 219 89 98 93
150 419 51 77 61
150 391 70 79 74
150 502 30 59 33
150 189 12 74 33
426 298 47 48 47
426 158 46 93 54
426 517 22 77 48
426 290 12 34 34
426 120 46 63 52
426 356 49 68 61
450 163 93 100 96
450 435 15 36 35
35 488 92 100 98
488 519 20 51 31
488 243 89 98 97
488 361 42 64 42
488 72 55 93 89
488 140 78 79 79
488 6 31 84 55
488 345 63 100 89
488 186 54 99 88
36 281 50 56 56
36 290 85 90 85
281 213 32 61 47
281 100 77 86 84
281 127 14 59 45
290 160 55 78 72
290 194 75 80 77
290 273 36 45 42
290 275 82 89 87
290 30 10 66 32
290 123 84 86 86
290 403 55 83 57
290 102 54 91 77
290 288 53 70 60
37 67 58 69 60
37 134 11 38 22
37 209 68 89 87
37 524 10 68 68
67 495 26 96 94
134 97 89 95 94
209 19 36 98 86
209 298 61 76 63
209 155 71 81 72
209 25 79 89 89
209 193 42 100 55
524 230 13 70 59
524 333 56 83 73
38 151 79 95 86
38 65 62 75 64
38 130 60 63 63
38 198 17 23 21
38 278 53 75 73
151 188 87 96 89
151 388 47 97 85
151 438 46 99 53
151 48 34 78 38
198 48 59 70 63
198 492 25 76 44
198 167 62 95 84
198 274 53 72 61
198 207 39 44 40
198 240 79 90 84
278 284 91 97 94
278 513 56 80 74
278 235 86 93 88
232 386 75 99 89
232 42 40 77 72
232 254 44 88 85
232 512 11 72 66
318 415 76 87 76
318 306 28 48 33
318 99 46 61 61
318 401 24 49 28
318 97 77 90 77
438 396 31 41 38
438 300 73 88 87
438 417 21 99 57
438 43 31 62 53
438 160 11 75 29
40 22 51 83 51
40 460 12 44 29
40 157 34 75 62
40 295 25 33 31
40 423 48 75 57
460 369 88 91 91
460 399 61 80 68
460 221 31 77 37
460 454 61 83 83
295 232 22 32 31
295 308 54 73 54
295 134 13 82 76
423 367 24 60 55
41 477 58 95 71
41 4 12 83 62
41 123 26 79 77
477 390 44 58 56
477 352 71 83 81
477 240 32 33 33
477 313 74 79 79
477 461 28 30 28
477 290 89 96 92
123 435 73 94 89
123 220 84 86 85
123 297 64 93 74
123 509 19 26 21
228 113 77 98 78
228 286 90 98 92
228 337 84 97 87
386 364 74 96 87
386 106 65 85 72
386 37 61 74 69
43 132 18 77 22
43 427 37 86 60
43 139 29 47 40
132 403 75 87 75
132 432 48 99 76
132 32 60 82 65
427 441 34 85 68
427 334 66 87 81
427 363 85 94 94
427 524 89 100 98
139 426 91 96 94
139 355 53 68 67
139 364 67 75 70
139 247 68 95 71
139 366 15 60 30
139 262 85 92 85
44 351 62 77 71
44 288 32 35 35
44 1 25 68 28
44 100 78 93 86
44 374 26 90 30
44 240 80 84 82
351 422 71 87 84
351 195 86 90 86
351 214 14 99 17
351 342 58 75 64
351 472 81 98 90
351 27 64 89 69
288 501 94 97 96
100 359 80 96 89
100 172 77 82 78
100 231 76 91 84
374 254 33 56 37
374 433 50 79 75
374 102 16 86 28
374 364 63 78 78
374 348 85 99 92
240 81 65 78 65
240 139 54 69 55
240 307 73 82 77
240 462 39 74 56
240 315 24 50 35
45 423 39 83 74
45 18 33 50 41
45 344 40 79 75
45 508 46 93 64
344 455 15 100 97
344 444 66 81 81
344 44 14 54 17
508 83 50 60 58
508 421 94 99 96
508 100 33 41 39
508 269 24 61 35
46 291 82 87 86
46 367 39 43 42
46 166 21 30 29
46 92 11 67 45
46 56 17 64 42
291 418 85 100 87
291 407 85 86 85
291 109 83 85 83
291 462 34 50 48
367 390 54 81 63
367 25 95 96 96
367 493 61 75 64
92 115 73 98 88
92 107 56 70 57
86 97 82 85 84
86 392 42 86 81
86 371 20 38 21
86 209 30 50 47
86 517 63 64 64
86 25 66 76 75
86 468 42 67 48
118 316 89 95 89
118 434 49 51 49
118 78 50 51 50
118 324 27 87 63
48 73 24 66 54
48 120 69 100 82
73 477 93 94 94
73 200 41 49 47
73 238 24 92 76
73 7 81 91 81
120 42 37 74 43
120 151 77 100 77
49 20 74 99 76
49 396 91 97 96
396 278 25 34 32
50 59 15 54 28
50 397 24 88 36
59 202 37 90 90
59 338 83 92 91
59 321 62 80 75
59 46 46 100 92
397 201 28 54 45
397 142 17 83 47
397 476 51 77 59
397 16 82 92 87
397 141 42 98 70
397 371 10 84 60
51 462 65 89 73
51 355 82 92 87
462 125 47 53 52
462 504 57 95 93
52 463 46 70 53
52 113 50 91 89
52 107 12 29 12
52 80 10 35 10
52 274 40 92 78
274 518 31 67 50
274 437 85 96 85
274 179 58 71 69
274 266 11 70 65
53 36 45 92 51
53 215 88 94 88
215 458 16 48 21
215 15 37 50 40
54 316 16 56 27
54 82 68 80 72
54 384 42 76 51
316 136 15 60 53
316 121 57 67 57
82 52 44 65 63
82 151 71 75 75
82 307 44 62 49
82 329 15 64 26
82 141 86 92 87
82 392 14 62 48
82 91 48 71 60
384 403 88 94 94
384 266 75 82 81
384 319 86 92 89
384 15 15 87 45
55 370 95 97 97
370 491 10 62 17
370 19 37 75 43
234 470 23 63 49
234 223 39 58 42
234 302 87 90 87
57 248 20 34 26
57 490 26 89 40
57 455 36 49 39
57 76 20 43 32
57 480 84 86 84
248 411 72 91 74
248 350 32 54 42
248 433 89 95 93
490 89 26 60 42
490 521 47 77 48
490 437 47 68 57
490 95 21 56 37
76 21 62 63 63
480 489 84 98 91
480 140 78 92 86
480 175 31 99 37
495 304 48 78 64
495 262 31 66 33
495 106 49 67 53
275 426 36 61 40
275 503 77 84 78
275 467 69 88 70
275 11 95 100 97
275 21 64 97 69
275 300 10 51 36
275 157 95 97 96
275 438 54 56 55
202 242 72 84 75
202 29 92 95 92
202 59 73 78 75
202 442 59 83 67
202 483 84 92 90
202 501 43 50 48
202 135 13 26 15
202 211 45 63 54
202 412 64 74 71
338 200 46 95 91
338 396 39 77 66
338 460 36 55 52
338 102 66 93 80
321 458 86 90 86
321 379 33 42 38
321 445 87 100 88
60 302 77 100 92
60 292 79 84 81
292 144 40 79 56
292 142 77 95 77
61 41 87 96 96
61 207 15 92 18
207 510 55 61 56
207 508 33 86 62
207 188 41 72 48
62 424 29 82 61
62 299 94 97 96
62 150 10 95 54
62 233 29 93 32
62 148 14 30 29
62 100 37 99 64
424 421 76 91 81
424 162 62 88 88
299 280 35 60 52
299 462 77 80 80
233 83 38 46 46
148 348 91 94 94
148 493 40 93 75
148 252 47 77 64
148 88 29 60 52
64 375 32 49 43
64 390 61 65 64
64 368 23 81 77
375 331 85 88 86
375 145 51 89 77
390 360 57 100 89
390 495 73 89 73
368 181 78 99 86
368 526 18 21 18
368 324 92 95 95
368 65 26 62 42
368 144 51 95 80
66 319 68 75 75
319 327 68 75 70
319 117 40 95 53
319 68 75 85 75
68 331 34 63 51
70 373 60 73 67
70 495 72 94 75
70 5 29 54 49
373 359 19 92 71
373 489 51 65 52
373 483 44 73 45
354 437 34 94 34
276 453 86 93 89
276 166 51 55 52
276 231 50 74 65
276 151 66 100 83
276 113 56 60 60
72 370 14 25 14
72 501 82 94 88
501 348 70 74 73
501 461 56 59 58
501 106 71 86 73
501 90 15 79 21
501 257 21 25 23
501 238 68 83 68
501 133 62 76 66
238 150 78 100 96
238 299 91 96 96
238 196 74 80 78
238 50 91 99 97
238 390 79 82 79
74 20 85 95 87
75 256 93 97 97
256 287 83 97 97
256 257 87 94 87
467 319 61 81 64
467 417 43 88 88
78 64 87 92 89
78 321 31 65 39
78 479 51 94 69
479 152 42 74 58
479 342 35 85 85
479 501 16 55 36
479 241 76 77 76
479 215 35 72 56
452 33 26 45 37
519 79 39 65 44
519 156 60 87 70
81 513 75 89 82
81 214 21 69 45
513 406 54 93 75
513 20 57 71 59
513 82 89 97 89
214 255 23 76 42
214 88 25 90 67
214 420 82 84 82
214 369 74 77 75
214 107 43 61 59
214 185 90 98 97
214 272 23 58 33
307 169 56 97 63
307 148 84 97 92
307 100 23 70 42
307 513 41 94 89
307 30 51 89 76
329 108 24 82 32
329 481 17 98 23
329 448 14 18 17
329 383 51 55 51
329 32 79 85 83
141 477 38 81 43
141 519 81 97 90
141 99 15 97 76
141 309 82 88 84
392 189 66 69 69
392 373 78 88 87
392 250 80 82 82
392 454 24 53 30
91 222 90 94 93
91 276 28 54 38
91 20 56 57 57
91 361 56 93 66
361 499 20 58 25
369 416 79 96 83
369 512 49 65 50
369 491 64 84 66
369 279 53 100 83
85 372 84 98 85
85 257 15 48 39
372 344 26 80 49
372 510 31 97 74
372 511 29 45 31
257 364 78 85 83
257 282 35 37 36
257 178 64 72 68
97 384 86 98 97
97 83 90 99 96
97 66 34 48 37
97 364 88 91 89
97 182 15 88 45
517 222 26 63 37
468 342 75 87 86
522 344 17 48 28
168 35 19 85 61
168 115 47 63 50
168 250 30 34 33
168 432 80 91 91
168 265 34 96 81
168 186 60 96 91
168 230 86 92 86
114 243 27 58 55
114 2 13 91 31
114 413 66 75 75
391 439 68 98 86
358 3 64 88 85
358 369 75 94 81
115 242 73 96 87
115 239 57 99 62
115 199 37 94 64
93 75 51 100 91
93 459 86 94 90
93 162 53 82 71
459 45 50 96 82
459 448 70 90 71
162 320 25 37 26
162 495 75 77 76
94 415 48 88 59
94 179 40 42 40
95 321 54 73 72
95 122 44 87 68
95 81 40 44 40
95 497 44 59 46
95 520 62 95 82
95 423 37 97 51
122 264 87 100 98
122 504 55 82 70
122 251 92 95 93
122 204 90 96 91
122 293 65 90 73
497 126 80 90 85
497 435 39 58 58
497 143 91 98 94
96 207 35 48 40
182 378 27 67 67
182 151 28 92 91
182 43 31 66 49
182 329 76 89 85
182 501 77 93 84
182 21 68 98 78
297 429 51 89 88
297 111 13 66 34
297 23 31 91 71
297 453 94 95 95
349 389 37 82 48
349 362 23 64 24
349 79 43 82 55
349 91 22 28 28
349 420 47 76 65
401 16 26 53 29
401 38 87 99 92
401 256 67 89 73
401 412 67 96 79
359 315 72 78 78
359 24 52 99 53
359 385 33 45 36
172 167 50 98 92
172 520 68 88 79
231 228 93 95 93
231 397 75 77 77
231 471 42 52 52
231 483 57 77 64
231 252 21 82 27
231 344 66 91 74
231 478 67 71 71
101 278 63 77 70
102 466 54 89 74
102 286 37 90 78
102 358 24 28 26
102 240 35 80 76
466 178 17 65 34
466 426 32 61 34
466 44 69 80 78
466 394 42 82 47
466 363 39 66 60
286 248 71 86 78
286 35 61 100 97
286 336 75 98 82
286 193 37 39 38
286 254 37 92 43
504 110 71 75 75
504 236 54 68 65
237 14 83 86 86
237 207 70 90 90
237 18 73 85 80
237 87 20 39 30
443 488 89 92 91
420 21 49 81 58
420 225 47 91 76
420 358 40 57 55
420 188 87 93 90
420 285 70 84 72
117 449 88 99 94
117 380 16 78 70
117 334 77 81 78
117 501 38 71 47
285 347 24 51 46
285 51 47 60 55
285 460 87 98 98
109 5 27 72 53
109 198 23 83 81
109 257 22 57 30
109 455 24 65 53
110 178 92 98 95
178 163 91 99 92
178 466 37 40 38
178 291 52 54 54
178 288 87 97 91
178 295 79 99 98
178 385 84 88 84
178 358 15 84 47
178 421 33 80 57
252 501 13 82 24
252 83 89 96 93
252 222 67 79 78
252 448 94 95 95
283 372 81 99 83
283 9 18 35 24
283 460 27 79 36
283 261 48 76 67
283 294 22 82 53
112 208 54 76 58
112 388 43 70 47
112 486 86 99 94
112 327 19 28 28
112 258 46 86 62
208 189 66 90 82
208 503 33 79 42
388 519 64 97 92
388 373 65 78 67
388 215 62 79 75
486 413 83 95 87
486 299 37 95 54
327 386 44 75 65
327 230 31 48 42
258 9 71 75 73
258 476 22 60 22
456 322 12 59 42
456 170 94 99 97
456 487 73 95 86
243 311 19 56 36
243 58 68 71 70
239 203 62 65 62
239 317 25 86 79
239 19 90 96 90
199 378 46 54 49
199 22 90 96 93
199 331 32 68 36
199 270 63 69 66
199 478 93 95 93
116 398 87 93 91
116 364 54 81 77
398 179 35 96 39
398 473 54 58 56
380 270 14 92 86
334 404 11 73 37
334 456 89 90 90
434 312 15 48 38
434 464 40 50 45
434 181 84 87 85
434 86 22 88 50
434 44 59 97 80
324 161 52 96 90
324 21 82 92 84
324 268 86 92 88
324 146 65 66 66
119 19 81 88 83
119 365 14 76 28
365 272 90 93 92
365 251 66 81 72
365 131 82 83 83
121 324 30 99 34
121 392 37 41 39
121 21 48 72 50
264 23 20 66 41
264 523 63 91 75
264 329 69 90 83
264 32 20 37 36
251 187 24 71 37
251 133 70 96 90
251 295 13 77 31
251 237 23 74 30
204 467 93 97 95
204 400 92 97 94
293 151 45 83 48
435 313 71 89 89
435 88 34 49 37
220 182 51 75 74
220 361 90 93 90
220 362 21 47 30
124 479 11 46 35
124 73 95 100 98
124 75 31 53 43
124 212 64 90 71
125 201 35 43 36
201 138 50 72 72
201 47 58 61 59
201 308 75 91 76
126 333 32 34 33
126 89 23 91 56
127 394 74 99 93
127 233 73 93 73
127 170 62 75 75
127 348 48 69 55
127 288 10 49 40
394 191 61 78 61
170 3 61 85 82
170 70 62 71 62
170 22 60 64 64
170 388 39 43 41
170 240 45 62 50
128 155 16 74 66
128 16 87 88 88
128 268 53 76 60
128 288 68 98 74
128 192 14 16 15
155 259 16 32 29
155 189 49 93 85
155 32 22 62 43
155 365 32 80 44
155 207 24 79 71
155 482 56 91 62
268 9 31 33 31
268 198 85 92 91
192 40 93 97 97
192 340 23 46 44
129 453 21 34 25
129 456 47 50 47
129 71 77 79 79
129 450 46 81 53
129 85 84 88 85
453 300 44 57 54
453 376 31 75 52
453 32 86 88 87
306 369 48 62 59
306 356 28 60 33
306 273 39 61 57
306 454 73 91 91
260 266 20 92 70
260 196 35 45 37
260 449 34 73 58
189 477 85 98 89
189 40 65 76 68
189 148 46 51 51
189 501 46 76 56
189 370 46 86 80
189 25 64 98 97
189 467 46 85 75
189 345 13 46 41
189 87 81 88 87
403 339 17 97 89
403 304 63 98 85
403 169 95 99 95
403 316 46 70 67
403 26 48 51 49
432 522 14 87 21
432 326 14 42 30
432 60 87 100 100
133 261 16 38 19
133 514 27 60 45
133 39 64 91 71
135 480 46 80 48
135 301 55 74 59
135 468 70 80 75
135 361 21 40 30
135 136 11 81 36
135 438 15 61 55
301 442 19 41 25
301 398 51 95 60
136 240 76 84 83
136 473 16 78 27
473 287 41 45 45
473 416 21 24 22
473 99 71 73 73
473 149 71 88 86
137 154 14 55 41
137 356 85 87 87
154 478 76 77 77
154 254 22 88 56
154 148 43 63 62
154 36 70 84 70
154 73 59 69 62
356 207 47 82 67
356 497 46 73 69
138 133 18 66 48
138 208 40 81 80
138 22 68 70 68
366 184 93 94 94
366 78 11 71 17
262 110 70 89 73
262 167 15 64 49
140 99 74 83 75
140 487 41 77 45
140 263 40 42 40
140 1 94 100 100
487 348 32 98 59
309 145 95 98 96
309 403 59 92 88
309 235 46 80 80
309 355 22 52 34
142 112 23 83 33
143 316 49 78 49
143 477 55 80 69
143 91 53 73 53
144 413 32 40 36
144 300 11 72 48
144 159 46 50 50
144 57 87 89 88
144 444 90 91 91
300 70 87 90 87
300 350 92 96 92
300 228 14 97 47
300 80 82 96 85
159 78 67 81 79
159 319 19 34 21
159 265 66 100 75
444 498 94 98 95
444 316 18 67 31
444 232 51 87 80
444 189 67 98 73
444 202 23 24 23
444 490 86 96 87
444 457 10 98 85
145 527 12 98 72
145 153 30 31 30
145 210 17 50 46
145 278 44 81 44
527 447 68 75 69
527 502 90 99 93
527 374 48 70 65
153 348 86 95 91
153 64 17 63 27
153 361 41 43 41
210 430 75 86 84
210 464 61 87 77
395 354 60 83 77
395 117 89 100 100
395 449 86 93 87
147 210 65 70 69
147 485 26 82 46
485 28 54 81 70
485 210 55 69 59
485 19 41 43 42
149 50 95 97 97
149 109 54 83 69
149 445 53 94 84
445 472 46 87 57
445 101 59 75 75
445 174 75 84 78
502 87 84 91 90
502 156 57 72 69
188 504 68 78 72
188 149 35 45 41
478 186 15 77 43
478 481 93 94 93
478 395 68 75 72
478 362 12 72 25
482 262 63 72 65
482 169 57 89 70
482 49 18 94 58
482 367 25 26 25
482 114 71 87 79
156 193 48 79 69
156 288 21 72 72
193 492 47 70 61
193 408 43 47 47
193 3 10 74 17
193 55 26 56 54
193 238 53 72 64
193 199 93 100 100
193 22 69 97 81
181 440 67 99 88
181 161 59 92 78
158 227 26 86 36
158 206 20 32 22
158 276 77 98 78
158 72 15 38 28
158 412 15 84 68
206 31 36 76 47
206 447 94 95 94
265 51 30 45 31
265 207 45 66 51
265 134 76 93 78
265 467 34 40 35
265 524 86 90 88
265 14 22 67 67
216 426 30 51 39
216 48 23 60 49
273 106 73 93 91
273 459 65 69 68
273 491 12 28 17
273 452 27 80 29
273 318 74 79 77
507 467 70 76 73
507 368 83 84 84
507 478 65 70 65
161 68 37 83 78
161 434 84 86 85
320 158 61 87 83
320 423 71 72 72
320 367 47 61 53
163 503 60 93 81
163 458 32 42 39
163 201 19 96 27
503 8 82 98 90
503 344 52 69 66
458 389 90 100 94
458 395 38 75 50
164 182 63 98 88
165 77 92 98 93
165 220 34 85 58
393 232 11 43 36
393 406 72 74 72
393 64 79 85 84
174 338 16 53 18
174 80 92 96 92
174 203 63 70 70
167 200 36 39 39
167 246 33 86 78
167 448 19 50 46
167 213 19 77 35
246 269 46 52 50
246 195 31 76 54
246 275 34 75 48
246 55 69 84 82
246 149 79 82 81
246 37 92 96 95
448 154 25 54 32
448 29 27 56 48
448 152 87 96 90
448 2 33 49 47
448 273 23 29 24
448 337 67 77 75
448 257 82 98 95
448 395 75 90 88
213 225 82 85 85
213 453 76 99 88
213 304 28 84 79
213 34 78 91 85
213 109 32 54 50
250 164 91 99 92
250 114 61 100 66
250 190 60 72 67
250 93 41 100 52
250 363 73 86 76
230 94 59 93 77
230 478 29 97 65
230 23 64 69 69
169 328 48 68 62
169 346 35 89 45
169 421 59 62 62
169 297 58 82 74
169 391 94 99 96
169 115 23 59 35
346 406 77 80 77
346 168 26 56 34
346 172 75 78 75
171 430 79 98 93
171 157 38 58 50
171 469 51 96 81
469 108 75 90 80
469 254 62 79 69
469 2 69 85 72
469 285 71 75 71
175 124 32 79 75
175 260 61 65 64
175 342 41 61 58
175 22 92 100 92
342 10 55 61 58
342 128 28 36 34
342 175 87 97 89
176 240 94 95 95
176 233 38 48 40
177 361 82 94 92
177 309 27 35 30
177 306 93 97 97
177 16 68 82 74
177 152 20 68 25
177 229 62 89 76
180 125 39 81 66
180 498 69 94 88
498 249 43 59 43
440 401 22 66 66
183 297 57 76 75
183 9 38 89 76
183 251 91 99 97
183 18 63 87 76
183 31 91 95 92
511 194 44 77 74
511 98 39 42 40
511 419 68 72 69
255 479 53 90 57
255 205 60 67 65
255 444 32 50 35
255 97 18 38 22
255 61 60 69 60
255 166 69 78 74
185 90 37 77 74
185 67 43 55 53
187 423 77 78 77
187 319 89 94 94
187 268 51 91 91
187 309 87 100 91
187 323 37 47 37
345 186 57 95 84
345 273 27 57 52
345 292 94 95 94
190 520 68 93 72
190 285 69 99 73
191 9 77 97 85
191 515 52 91 86
191 460 67 68 68
191 90 41 50 47
515 493 45 98 52
515 33 77 81 78
340 73 90 93 90
340 0 47 81 81
340 441 54 79 64
340 243 88 92 90
340 300 78 82 80
492 479 30 48 40
492 226 89 94 92
492 473 31 94 55
492 121 42 88 52
492 138 66 89 87
492 502 35 58 38
492 469 39 77 52
408 222 16 48 43
408 176 14 79 71
408 281 43 61 60
408 431 75 98 78
195 405 34 93 72
195 144 73 100 99
195 136 52 64 56
195 365 13 20 19
195 227 37 39 37
195 351 29 45 35
405 174 79 81 80
405 494 44 78 69
196 99 21 35 22
196 328 48 75 71
196 36 57 59 58
197 515 34 64 42
197 300 86 100 98
197 497 11 87 82
197 316 18 96 24
197 75 74 96 84
197 186 17 85 29
270 105 42 77 58
270 147 55 70 60
270 424 17 30 17
308 54 85 86 85
308 468 84 86 85
308 250 26 74 62
308 392 90 99 94
442 64 55 56 56
442 291 80 95 84
483 245 37 66 63
483 323 79 90 87
483 202 93 99 95
483 210 84 86 84
483 89 83 92 90
483 338 39 48 39
483 417 22 63 33
400 502 61 86 67
400 88 40 46 44
205 139 49 80 55
205 393 85 86 85
205 163 47 82 54
205 445 57 58 58
205 513 87 89 89
205 268 36 41 41
510 261 87 98 95
298 21 40 57 52
298 78 92 96 95
298 82 42 59 52
298 479 81 91 84
298 316 83 97 90
464 329 39 84 82
464 255 16 59 45
217 330 84 91 84
330 48 38 40 40
330 18 25 72 50
330 517 25 90 70
330 139 87 98 95
330 399 89 99 91
218 184 43 70 55
218 19 63 93 87
218 474 12 37 25
474 52 29 95 33
474 262 71 95 76
474 397 29 93 85
474 504 84 89 84
474 84 94 96 95
362 500 17 84 46
362 74 90 98 98
362 137 20 92 74
362 141 53 81 54
221 419 55 75 72
223 346 86 94 94
223 121 68 100 97
223 379 74 81 74
223 273 18 77 29
224 372 55 95 57
224 120 17 92 84
226 311 18 32 18
226 442 36 99 70
226 257 78 93 89
226 170 10 21 15
226 51 31 51 41
311 124 92 93 93
311 518 89 97 91
311 496 40 54 52
280 196 71 78 72
280 144 64 76 65
280 316 21 24 21
280 463 40 79 52
337 241 64 71 69
377 255 60 99 70
377 8 18 31 30
377 147 17 52 46
512 514 78 86 83
470 216 93 100 100
470 218 87 100 92
470 434 90 91 90
470 236 82 91 88
470 387 49 62 51
470 421 94 98 97
235 263 72 76 72
236 128 54 56 54
236 404 12 25 19
236 97 86 89 87
236 42 49 70 56
236 26 66 89 66
317 526 25 58 45
317 450 77 99 98
241 157 63 79 78
241 350 83 85 85
350 330 90 100 90
350 487 59 61 61
305 187 13 27 16
305 5 81 97 87
244 12 52 67 56
244 252 28 53 32
244 33 70 80 76
245 178 81 93 86
245 57 69 76 73
411 465 58 79 61
411 58 31 75 38
411 230 66 90 86
411 471 91 100 95
411 195 65 95 94
433 202 78 88 86
433 193 77 95 87
433 312 60 86 73
433 72 20 61 47
433 60 83 93 90
249 135 34 89 69
249 117 51 98 57
363 224 70 100 92
253 61 76 90 79
287 152 23 55 24
287 337 33 90 43
476 118 91 96 96
476 320 24 94 89
476 178 87 100 93
476 70 72 85 82
266 445 91 94 92
266 21 26 76 62
266 384 26 51 42
266 526 61 93 80
382 458 20 86 34
382 474 16 50 49
382 368 19 43 33
382 277 15 71 61
523 488 30 35 35
523 278 63 92 73
526 53 91 94 92
526 41 59 97 85
526 420 90 97 93
526 84 83 90 86
526 470 38 51 42
267 430 43 99 66
267 436 46 85 51
267 501 50 82 58
436 321 12 97 32
436 153 32 65 58
436 262 17 83 17
436 45 78 83 82
436 337 47 69 53
437 462 74 77 74
437 20 16 28 16
277 187 78 84 84
277 360 84 87 84
277 359 58 98 76
277 51 95 97 95
284 391 31 33 31
284 60 12 92 73
284 312 88 92 89
279 467 61 66 61
347 79 20 32 23
347 231 16 35 26
347 252 53 76 61
347 483 11 12 11
336 266 27 98 41
336 385 43 65 55
289 218 10 28 24
289 21 46 81 58
289 448 11 54 35
289 186 21 63 63
289 264 10 67 19
289 154 64 74 67
289 93 71 97 96
407 343 10 46 24
407 257 62 82 80
407 325 82 99 87
407 48 93 95 93
407 413 43 58 58
407 194 81 98 82
352 377 12 88 38
352 316 81 98 90
352 191 39 59 49
352 361 49 67 63
352 130 62 92 63
414 235 17 86 56
414 54 62 71 69
414 316 40 45 41
429 160 34 36 35
332 388 26 78 37
332 519 71 83 79
303 35 26 51 40
303 413 18 28 21
303 300 31 73 31
454 473 95 100 99
454 66 69 93 86
454 160 95 96 95
454 526 86 96 93
454 181 56 88 86
310 41 29 54 42
310 207 49 72 54
310 331 75 94 92
310 471 27 46 34
310 264 18 54 53
310 14 32 37 37
496 387 83 92 90
313 423 58 61 59
313 376 60 72 66
313 356 64 92 79
376 85 22 87 72
376 63 47 91 80
322 472 74 97 89
322 355 69 91 82
322 501 84 92 87
322 3 68 94 84
322 156 69 96 80
322 484 86 96 92
472 362 74 87 82
472 417 48 70 48
484 421 84 97 94
417 220 32 90 72
417 349 48 82 52
417 258 21 43 25
417 161 93 94 94
417 391 18 48 19
325 414 25 78 36
325 441 52 92 88
325 84 80 91 81
325 307 70 90 82
441 218 26 37 35
441 525 94 95 94
481 66 26 90 47
481 27 42 59 48
481 301 56 85 77
481 294 84 91 88
399 7 91 94 91
399 418 86 100 92
399 156 69 97 80
335 144 73 93 91
335 450 89 94 90
335 260 69 90 73
335 462 62 64 64
335 245 37 48 46
335 120 68 93 90
335 368 15 93 47
339 309 72 80 72
339 380 36 44 39
339 283 31 81 43
341 411 81 97 92
341 371 72 100 97
341 343 52 83 70
343 66 24 41 31
343 467 33 96 83
343 224 55 75 66
343 179 35 80 68
406 489 90 97 97
406 222 16 92 63
406 382 88 89 88
406 85 56 63 59
516 217 92 98 93
516 310 31 64 37
516 60 83 93 91
389 16 92 94 94
389 227 25 43 35
389 76 72 96 88
389 37 46 59 48
389 180 12 79 21
422 363 79 80 79
422 110 78 80 78
353 119 26 53 33
353 142 83 90 89
353 364 53 79 77
353 25 44 97 90
357 19 78 93 82
357 84 67 71 69
499 382 16 83 19
499 150 75 89 75
499 163 38 99 47
499 415 24 38 30
439 102 77 100 87
439 40 25 37 25
439 13 61 71 70
416 96 56 88 85
416 421 65 77 73
489 210 55 74 72
489 128 72 100 100
489 439 48 82 81
381 478 33 76 60
381 311 54 66 65
381 320 65 87 70
387 198 33 72 41
387 168 55 96 85
387 501 93 99 99
387 476 49 93 67
387 15 77 100 95
387 71 77 90 79
387 94 33 55 48
431 347 57 74 61
409 95 27 88 48
409 439 14 35 14
409 260 67 82 75
409 219 93 98 98
409 334 74 88 82
409 204 61 77 62
410 382 37 86 73
410 2 24 33 31
410 456 12 63 41
410 342 40 65 58
428 496 58 98 59
428 526 71 99 89
425 99 39 84 63
425 468 53 100 69
425 65 27 64 40
425 112 72 88 87
446 41 26 65 35
446 254 78 92 92
446 465 54 73 55
446 88 34 97 89
451 322 16 57 17
451 342 61 73 62
451 64 37 64 60
461 131 18 73 51
461 137 78 90 90
461 259 71 91 73
475 397 31 66 49
475 490 46 88 77
475 247 50 71 69
475 39 12 80 34
475 391 32 68 50
475 261 15 80 59
521 432 31 42 35
521 346 94 99 95
521 216 44 74 50
521 98 95 97 95
521 132 17 76 60
506 292 70 88 80
506 490 14 52 41
506 459 33 57 47
505 257 61 75 69
505 380 12 49 39
505 386 78 87 78
0 527
