28 51
0 27 74 94 75
0 5 71 91 89
27 18 43 45 45
27 12 72 85 76
5 2 90 99 90
5 4 78 83 78
5 9 93 99 96
5 20 38 85 70
1 21 59 85 68
1 6 29 96 36
21 8 72 89 80
6 1 63 91 72
6 16 87 98 87
2 19 92 98 96
2 20 13 35 27
2 18 85 87 87
19 15 81 83 81
19 18 77 89 77
20 23 58 67 62
18 20 91 94 92
3 10 61 96 61
3 1 71 96 80
3 11 40 100 49
3 19 59 67 63
10 8 25 62 43
10 22 15 61 25
11 26 21 77 65
4 25 50 71 68
4 16 10 67 50
4 13 84 98 84
4 20 28 84 66
25 9 54 75 55
25 20 28 70 41
25 16 90 94 92
25 3 18 22 19
25 2 49 58 57
16 19 64 73 65
13 0 15 80 61
9 8 44 52 46
9 20 12 79 45
7 1 38 98 83
22 27 10 63 49
22 24 85 94 94
22 4 69 72 70
26 4 20 23 23
14 18 82 97 95
14 3 81 89 87
23 11 76 98 89
23 4 45 72 69
24 8 29 52 52
24 1 28 87 40
0 27
