90 241
0 40 79 99 93
0 58 17 37 36
0 82 79 83 80
0 36 71 94 85
40 89 21 78 74
40 81 18 51 36
58 20 45 47 46
58 75 33 51 41
82 16 51 66 63
82 53 73 97 87
82 33 34 49 40
82 3 47 83 64
36 18 16 65 31
1 39 22 86 52
1 52 45 72 61
1 85 23 71 29
39 45 25 40 34
52 40 11 60 44
52 71 32 60 54
85 52 90 94 94
85 38 22 89 69
2 44 69 97 95
2 36 10 29 13
44 30 58 64 61
44 48 26 68 65
44 59 52 76 69
44 71 74 90 75
44 50 27 83 40
44 52 32 81 68
3 88 74 79 77
3 11 42 64 46
3 45 78 92 85
3 77 76 84 84
88 83 44 89 72
88 67 51 74 57
88 61 52 94 63
88 10 22 53 45
88 42 23 39 23
11 84 29 47 47
11 50 30 59 39
11 38 46 66 54
77 48 81 84 82
77 80 17 41 18
77 43 87 93 92
77 66 24 32 27
4 45 31 72 65
4 55 79 97 81
4 62 25 42 40
4 73 37 89 53
55 5 88 93 89
55 35 64 80 79
55 15 16 80 34
62 48 46 92 78
62 50 74 97 96
73 57 20 49 42
73 75 59 88 61
5 68 64 86 68
5 78 60 85 65
5 24 45 74 50
68 78 52 70 54
68 63 18 23 21
78 18 66 68 67
24 63 11 32 20
24 32 10 46 22
24 78 53 85 85
24 68 24 51 44
6 26 62 92 83
6 14 20 92 84
6 10 14 58 29
26 20 22 55 38
26 83 31 81 43
14 77 88 94 88
14 44 61 72 72
10 75 38 85 42
7 47 20 48 44
7 28 28 55 34
7 52 95 98 97
7 24 58 63 61
47 70 81 90 89
28 64 64 87 85
8 42 22 23 23
8 78 88 93 90
8 26 87 93 90
8 36 95 99 97
42 27 37 96 89
42 29 30 66 57
42 73 45 58 46
9 43 48 74 55
43 64 89 91 91
75 42 62 98 88
84 37 38 84 61
50 43 45 53 50
50 71 35 45 38
38 20 94 99 96
38 59 16 65 34
38 28 13 31 28
38 87 14 16 16
38 76 89 95 95
12 81 78 80 80
13 58 52 74 52
13 45 85 92 92
13 2 84 94 94
15 53 49 70 65
15 72 16 35 28
15 85 12 71 56
15 48 64 74 64
15 65 12 92 81
15 68 83 85 84
53 57 75 99 78
53 81 37 45 44
53 76 14 57 46
53 33 68 91 85
53 43 16 30 21
53 52 91 96 91
53 19 52 76 66
72 76 84 95 92
72 67 42 73 69
72 71 34 39 35
72 60 61 82 82
72 39 58 69 60
72 64 42 79 66
48 57 55 92 76
48 89 37 38 38
65 20 24 68 25
65 27 80 92 88
65 76 23 43 27
65 32 44 94 93
65 25 34 95 78
65 33 29 35 32
16 56 37 99 56
16 49 74 100 78
16 88 61 95 95
56 41 47 71 60
56 51 30 73 53
56 15 17 58 22
49 27 47 99 94
49 87 46 96 87
49 78 29 61 33
17 66 38 48 48
17 15 79 85 82
17 45 17 99 24
17 14 37 47 43
66 10 40 65 44
66 30 95 98 96
18 72 93 94 93
19 17 70 84 79
19 0 76 92 83
20 4 32 73 63
21 12 14 25 15
22 30 81 88 81
22 3 47 95 77
22 50 14 82 18
22 1 17 25 18
22 10 29 55 53
22 88 46 88 61
30 26 72 76 74
30 69 14 37 31
23 3 82 90 85
23 76 64 89 64
76 33 20 40 34
76 28 20 27 23
63 3 60 98 67
63 66 75 100 89
63 43 45 63 63
32 5 25 69 61
25 68 48 81 63
25 48 42 63 50
83 27 40 58 44
83 76 30 96 39
27 21 55 60 55
27 64 14 25 22
64 4 20 71 59
29 84 47 94 57
29 34 24 68 44
34 3 66 82 75
34 68 74 88 81
34 4 18 27 24
34 87 58 62 61
69 16 65 98 76
69 68 52 64 56
69 42 39 41 41
69 19 45 57 46
31 49 88 91 91
33 76 26 64 42
33 52 49 60 58
33 87 23 53 34
87 59 22 37 35
87 32 83 94 92
35 9 47 80 50
35 89 77 88 82
35 19 16 19 16
89 35 25 46 27
89 2 12 100 87
89 14 32 83 52
37 41 19 25 20
37 33 76 94 90
37 40 20 41 24
37 3 29 65 58
41 65 89 97 90
41 0 11 39 36
41 66 78 95 94
41 87 14 75 26
41 47 24 35 28
59 41 58 66 65
59 60 87 94 94
71 62 51 89 71
71 79 89 92 92
71 27 69 96 79
71 84 88 89 89
46 85 37 84 60
70 61 56 79 64
70 7 80 100 100
70 69 52 92 80
70 79 57 69 69
57 54 89 98 93
57 12 34 96 60
57 66 23 78 42
51 48 25 32 32
51 42 46 79 49
51 9 34 48 45
54 40 45 52 52
60 72 36 97 62
61 81 33 93 81
61 20 67 74 74
61 86 61 69 62
61 24 80 89 84
86 30 46 69 62
86 8 54 64 55
86 55 25 39 33
86 67 22 77 65
86 64 86 92 92
86 35 64 82 82
67 53 86 93 90
67 79 19 75 65
67 76 70 82 82
79 30 83 93 84
79 23 80 90 89
74 40 17 63 54
80 34 69 89 74
80 38 81 98 92
80 58 49 60 58
0 89
