523 1417
0 514 81 82 82
0 349 67 97 94
514 159 14 71 40
514 109 58 65 58
514 497 59 77 75
349 96 70 74 71
349 118 53 60 57
349 340 14 45 19
349 378 13 79 62
1 518 17 61 52
1 130 56 63 63
518 385 88 90 88
518 394 49 62 61
130 394 39 53 52
130 494 72 75 74
130 369 50 95 70
130 342 88 95 89
130 214 22 70 25
2 324 34 47 34
324 168 89 97 96
324 380 43 99 94
324 228 51 96 62
324 500 95 100 98
3 387 46 52 49
387 500 24 94 26
387 411 25 37 25
387 225 20 37 31
4 175 67 75 70
175 304 46 80 55
175 248 84 93 86
175 474 28 54 36
5 439 18 76 66
5 6 17 89 58
5 412 42 65 56
439 370 24 79 41
6 77 78 89 80
412 317 67 99 76
412 143 21 96 81
77 162 81 89 88
77 284 70 84 71
7 376 36 93 65
7 71 70 100 83
7 220 74 76 74
376 469 47 73 63
376 25 52 81 74
376 308 56 58 58
376 319 88 99 95
376 470 20 50 20
376 169 63 97 96
376 518 72 96 90
71 397 54 69 68
71 386 42 48 48
71 513 89 99 91
220 479 57 62 60
220 373 19 24 22
8 134 71 90 73
8 503 10 71 25
8 345 81 97 92
8 282 51 79 65
134 28 41 73 50
134 15 85 100 87
134 289 90 99 96
503 414 26 35 29
503 106 69 93 78
503 48 48 71 69
345 420 68 80 69
345 403 17 85 73
282 15 35 77 64
9 479 82 87 86
479 240 59 85 67
479 418 50 80 77
479 288 88 94 91
479 332 25 38 32
10 354 92 96 95
354 259 13 48 32
11 494 51 64 58
11 337 18 97 54
494 193 45 69 63
337 26 32 71 58
337 140 22 28 27
337 377 80 95 83
337 305 46 63 52
12 424 52 85 52
12 410 73 82 76
12 166 58 94 83
12 340 27 32 30
424 59 64 71 65
424 52 32 45 45
424 295 45 68 62
424 414 73 83 83
424 415 67 85 78
410 482 24 47 44
166 464 55 97 80
166 243 23 29 26
340 223 47 69 57
340 263 56 58 56
340 12 35 38 38
340 315 73 90 83
340 46 44 67 46
13 385 68 74 73
13 421 50 59 59
13 229 34 72 41
13 65 26 35 27
13 82 60 95 79
385 460 26 55 52
385 441 41 70 58
385 93 79 86 79
385 29 56 79 70
385 114 67 88 84
421 251 46 64 58
421 157 86 93 90
421 69 19 81 20
229 57 24 91 75
229 215 44 85 70
229 486 48 55 54
229 101 18 30 25
229 82 39 97 52
229 358 40 63 45
65 423 90 94 90
65 87 35 53 52
14 503 20 43 21
15 357 56 93 84
357 194 36 59 46
357 214 37 64 60
16 329 81 95 87
16 112 91 93 92
112 133 76 80 80
112 328 75 76 76
112 519 81 91 91
17 452 70 81 72
452 116 37 58 53
452 501 77 89 88
452 382 85 94 85
18 312 17 22 17
18 217 38 54 41
18 190 15 70 64
312 394 67 78 76
312 509 66 95 68
217 55 68 79 76
217 156 33 70 69
217 440 90 94 93
190 19 95 100 98
190 131 42 95 60
19 280 31 33 31
19 314 79 95 80
280 415 16 17 17
280 437 56 58 56
314 53 13 99 89
20 514 79 82 82
21 404 36 91 38
21 288 90 98 94
21 395 61 93 76
404 150 85 100 85
288 54 34 78 46
288 307 53 97 66
288 252 84 85 84
288 15 79 84 80
395 158 70 82 77
395 373 21 30 29
395 427 53 58 55
22 393 78 81 81
393 45 51 65 55
393 276 90 95 94
393 322 58 80 63
393 224 16 93 54
393 430 73 77 75
393 160 78 80 80
23 69 52 75 67
23 491 72 92 85
23 430 53 95 69
23 296 42 59 42
69 289 11 46 38
69 441 28 65 49
69 507 29 36 30
69 157 67 97 79
491 282 12 63 24
430 201 50 62 59
430 132 71 73 71
430 29 86 98 87
296 217 80 88 86
296 199 81 99 98
296 361 27 86 32
296 159 90 92 92
296 255 10 51 24
24 310 68 70 69
24 165 70 91 83
310 405 50 52 51
310 161 72 82 78
165 161 90 94 93
165 152 16 41 37
165 356 37 66 46
165 291 87 94 94
165 365 57 66 65
165 432 37 47 42
25 90 61 89 67
25 243 64 96 88
90 258 73 88 84
90 210 60 87 69
90 217 64 85 75
90 404 66 83 70
243 364 92 96 92
243 25 76 88 87
243 350 26 84 41
26 511 70 99 92
26 58 75 94 77
26 445 11 100 20
26 59 40 91 68
26 206 65 100 65
26 403 15 76 70
26 330 31 61 50
26 99 89 96 95
26 439 43 58 44
511 8 84 100 93
511 95 31 55 39
511 0 83 92 86
511 188 44 64 52
445 189 83 93 85
445 210 67 70 69
445 285 54 94 56
59 473 84 85 85
59 117 34 75 39
206 430 36 76 46
206 426 18 42 21
206 235 13 84 64
206 349 80 95 88
206 98 74 94 94
206 171 62 94 88
403 233 14 91 63
403 386 84 93 92
403 236 22 47 32
403 72 36 52 50
330 242 29 82 63
330 274 73 94 87
99 256 84 91 89
99 159 41 73 50
99 47 56 69 66
99 161 14 92 38
99 515 35 85 51
27 96 77 93 82
27 211 65 78 65
27 189 44 53 50
27 178 53 76 60
27 86 20 99 27
96 336 34 49 35
96 394 89 96 96
96 288 10 91 14
211 107 22 40 25
211 350 95 96 95
211 237 65 94 91
178 260 53 55 53
178 125 70 84 84
178 146 29 100 30
178 29 40 68 46
86 506 29 45 35
28 51 64 90 67
51 375 61 70 69
51 350 31 62 58
51 521 52 91 54
51 163 93 96 94
29 448 79 82 82
29 470 86 93 86
29 102 25 98 92
448 522 45 52 47
470 242 46 73 72
470 239 36 59 47
102 341 88 95 91
102 110 58 78 60
102 124 35 83 58
102 320 66 91 70
102 225 93 99 98
30 421 76 77 77
30 408 38 41 39
30 474 94 100 99
408 410 51 89 89
408 102 19 62 60
408 380 90 96 92
408 127 85 88 88
474 254 83 95 91
474 283 14 44 41
474 212 78 79 79
31 270 58 59 59
270 251 67 74 73
270 168 18 84 82
32 180 16 18 17
32 113 14 53 42
32 439 27 76 27
180 299 30 75 52
180 88 78 93 87
180 316 37 49 46
113 135 83 85 85
113 300 17 56 24
113 289 45 97 59
33 44 94 96 96
33 395 36 51 41
44 416 74 82 79
44 132 39 68 61
44 511 39 59 41
44 486 58 60 58
34 284 16 97 50
34 405 27 76 40
34 317 88 94 94
284 180 66 90 88
284 382 39 47 39
284 46 77 78 77
284 34 68 91 79
284 452 17 63 31
284 428 52 63 63
317 245 74 94 77
317 4 35 81 61
317 422 33 75 53
36 423 40 75 51
36 312 29 56 50
36 75 79 86 86
423 219 75 83 77
423 339 52 83 83
75 60 44 68 55
75 479 68 96 85
75 17 15 91 34
37 51 25 97 89
37 356 94 98 96
37 13 60 87 81
356 37 63 95 88
356 327 76 90 82
356 2 56 58 57
38 377 49 98 50
377 28 43 91 66
377 2 41 98 89
377 104 64 84 76
39 138 17 58 29
39 52 51 85 80
39 410 44 51 50
138 278 42 89 43
138 412 92 95 95
138 221 40 48 42
52 220 27 54 53
52 77 79 93 91
52 139 79 94 82
52 128 47 69 68
40 401 69 70 70
40 188 75 100 80
40 106 79 96 90
40 257 13 65 41
401 516 94 99 96
188 214 56 62 61
188 354 12 91 16
188 121 62 74 66
188 189 67 73 71
188 323 32 100 42
188 492 85 89 85
106 460 72 74 73
106 323 65 71 71
106 433 23 30 30
106 502 95 100 100
106 218 23 30 29
106 189 75 98 78
106 335 22 47 30
106 333 41 69 43
41 308 32 76 56
308 0 55 81 58
308 301 40 91 50
308 388 72 88 79
42 299 14 50 50
42 209 79 95 88
42 6 54 90 79
299 142 92 95 93
299 522 58 64 59
299 284 56 73 68
209 365 34 55 46
43 144 24 35 28
43 426 90 97 95
43 267 64 72 66
43 134 62 74 62
43 135 33 55 55
43 42 40 81 70
144 46 51 84 84
144 92 56 58 58
426 213 40 42 40
426 322 66 82 77
267 180 70 72 72
267 278 71 78 77
267 305 92 95 93
267 191 50 70 68
135 391 69 86 84
416 140 50 99 88
416 244 66 97 69
132 89 68 83 69
132 65 91 97 93
132 466 24 39 39
486 61 24 100 67
486 276 92 99 95
486 477 15 35 28
45 149 19 24 22
45 444 41 99 51
149 506 93 94 94
149 69 35 40 37
149 387 84 91 88
149 54 39 76 66
149 51 45 71 60
149 301 63 92 83
444 108 67 69 67
444 252 64 87 84
444 122 43 68 63
444 304 21 25 22
46 393 70 81 80
46 318 60 83 61
46 175 94 98 94
318 451 90 94 94
318 239 42 83 45
47 3 25 32 28
47 483 33 75 65
47 283 12 22 13
483 431 37 40 40
483 446 12 85 77
483 242 21 80 46
283 53 74 97 96
283 206 84 96 89
283 444 29 85 52
48 459 45 59 50
48 65 17 86 53
459 451 51 54 53
459 354 69 94 69
459 427 64 86 64
49 71 37 88 70
49 6 31 49 37
49 102 29 83 46
49 335 36 64 39
335 438 57 70 66
335 260 67 77 77
335 67 23 32 28
335 339 36 99 69
375 255 26 33 31
375 403 41 48 45
375 136 89 93 92
521 262 70 82 77
163 101 38 39 39
139 229 77 91 82
139 482 64 68 68
139 326 74 98 75
139 411 80 97 85
139 484 80 83 81
139 336 74 79 79
128 463 33 94 42
128 237 50 70 64
128 296 15 99 74
53 396 63 83 79
53 142 81 85 82
396 266 16 54 39
396 103 10 72 43
396 52 95 96 96
142 447 82 89 83
142 61 21 56 45
54 293 56 62 59
293 117 42 86 69
55 290 19 59 55
55 305 67 81 68
55 87 13 75 25
55 480 86 99 88
290 55 70 97 95
290 1 11 61 11
290 258 94 100 97
305 260 73 79 78
305 426 67 94 69
305 248 52 93 70
305 10 82 89 85
305 446 44 100 89
305 198 33 75 47
87 354 81 87 81
87 336 53 82 71
87 350 71 98 78
87 407 47 64 54
87 358 85 88 88
480 398 73 93 83
56 244 63 97 70
244 23 87 92 90
244 300 62 67 66
244 260 56 64 58
244 90 81 85 85
57 225 17 38 36
57 514 33 37 33
57 460 78 82 82
225 208 39 57 53
225 130 45 69 68
225 439 58 88 68
460 399 95 99 98
460 103 51 69 69
473 503 25 28 25
473 480 14 72 68
117 202 53 86 86
117 358 81 98 98
117 35 43 85 58
117 49 45 49 47
117 22 32 99 32
60 132 32 44 36
61 509 49 99 50
61 404 20 50 34
509 519 20 27 23
62 380 44 57 46
62 287 62 67 67
380 474 74 84 79
287 367 52 89 67
287 340 21 71 61
287 319 27 90 44
63 482 45 88 60
63 418 90 100 96
63 272 52 85 55
63 127 72 94 92
63 264 69 79 78
63 20 79 91 85
272 359 44 70 65
272 305 92 93 92
272 148 23 60 45
272 436 61 70 61
272 430 50 99 75
264 194 78 92 87
264 193 95 98 97
64 231 70 96 71
64 341 70 81 80
64 505 95 96 96
231 267 10 90 52
231 176 87 89 88
231 444 41 85 70
231 160 63 88 66
341 60 14 22 21
341 364 19 64 27
341 292 51 54 51
505 110 90 98 91
505 169 75 76 76
66 371 72 78 76
66 361 52 65 62
66 54 86 100 88
66 131 34 79 71
371 454 88 100 90
371 279 18 60 43
371 141 21 86 78
361 3 39 52 46
361 273 36 61 48
361 457 41 99 82
131 55 81 93 90
131 373 26 46 45
67 223 74 82 76
67 57 18 85 80
223 170 25 91 49
68 60 19 100 51
68 259 20 93 78
68 231 24 82 25
68 453 62 84 75
259 403 56 90 58
259 177 54 85 56
453 318 35 69 57
453 345 21 92 33
289 28 75 94 89
289 257 24 46 45
289 329 32 44 32
441 509 39 40 39
441 203 53 93 75
441 239 93 94 93
441 388 45 61 58
441 424 84 100 92
507 463 41 65 42
507 342 77 97 87
157 220 20 86 34
157 175 76 89 81
157 35 61 85 74
157 339 70 72 71
70 38 13 32 29
70 390 82 90 86
70 41 31 76 72
390 270 79 83 81
390 11 89 90 89
390 451 87 96 87
397 521 89 91 89
397 88 52 73 71
397 337 47 59 49
397 384 36 63 49
513 268 88 100 95
513 336 21 61 35
513 399 27 34 30
513 0 86 93 93
513 76 55 78 62
513 436 22 38 22
72 381 51 68 57
72 353 87 92 87
72 167 49 93 77
381 491 80 86 82
381 447 67 96 78
353 416 48 63 48
353 423 59 68 66
167 29 85 99 86
167 320 87 95 89
167 73 78 93 92
73 212 32 58 53
73 291 78 92 82
73 236 30 92 82
73 389 62 80 80
212 336 85 88 85
212 452 92 98 96
291 379 92 100 96
236 184 74 91 89
236 503 26 63 61
236 285 19 84 80
389 321 47 97 66
389 458 55 86 82
389 194 38 87 53
389 52 60 94 70
74 151 58 80 80
151 285 28 71 56
151 399 73 86 75
76 360 79 81 79
360 375 79 100 79
360 76 67 93 68
162 116 58 96 70
78 138 62 75 70
78 134 49 94 68
78 384 82 86 85
78 376 67 71 71
78 339 83 92 86
384 182 91 93 92
339 10 67 99 74
339 124 72 86 75
339 448 69 74 69
339 380 63 87 73
79 236 47 67 67
79 396 34 52 48
79 394 72 90 86
79 91 68 93 73
79 388 25 52 50
394 289 38 53 42
394 435 64 89 88
394 44 89 91 91
394 441 80 96 95
91 50 86 92 88
91 454 32 70 40
388 353 53 58 54
388 268 64 87 72
388 308 67 86 70
388 72 12 76 12
388 454 45 51 48
80 279 17 82 35
80 278 89 91 91
80 249 49 92 92
279 358 10 59 33
279 505 87 93 87
279 64 45 74 60
279 311 59 95 83
278 330 31 94 75
278 232 43 92 69
278 114 83 98 87
278 36 80 81 81
249 190 24 41 35
249 60 88 99 92
249 290 51 75 54
249 424 21 26 25
249 296 86 96 96
249 64 72 95 84
83 481 67 72 67
83 453 83 91 90
83 429 67 89 86
429 457 42 53 49
84 515 50 83 69
84 63 25 31 30
84 416 15 64 33
515 482 80 95 82
515 257 19 27 21
515 245 61 69 64
85 80 89 99 95
85 498 78 96 87
498 126 17 84 39
498 151 95 99 98
498 263 77 84 79
498 356 20 44 20
498 273 42 95 89
506 176 20 51 46
506 386 15 58 58
88 198 90 94 91
88 185 85 90 90
198 104 50 86 59
185 59 26 62 40
185 384 35 74 68
185 322 21 86 31
185 195 74 90 86
89 68 25 58 26
89 214 24 76 49
214 420 14 51 23
258 5 28 95 93
210 74 31 96 76
210 160 90 97 93
454 211 10 96 11
454 153 85 89 86
92 246 33 80 51
92 205 33 100 53
92 359 74 75 75
92 96 72 76 73
246 353 23 77 31
246 473 13 29 17
246 51 73 89 84
246 169 87 94 90
246 6 20 57 45
205 144 38 55 55
205 303 37 78 68
205 139 61 98 79
205 246 77 100 92
359 263 11 23 21
359 276 35 42 42
359 88 72 79 76
93 43 60 84 79
94 336 47 95 52
94 124 93 94 93
94 149 39 42 41
94 424 35 65 50
94 260 19 47 29
94 216 39 42 41
94 445 41 90 75
124 373 12 48 19
260 70 75 100 85
260 243 12 20 15
260 479 26 70 37
260 351 43 56 47
260 385 42 54 44
260 480 32 80 74
260 402 82 89 84
216 399 21 96 91
216 463 55 57 56
216 182 79 87 85
95 52 64 97 73
95 114 51 83 57
95 425 34 55 49
114 344 74 91 77
114 0 82 94 89
114 176 26 33 33
114 27 84 96 85
114 493 19 36 27
425 362 28 50 41
425 239 64 100 67
425 439 20 75 43
97 167 45 76 54
98 273 65 78 72
98 123 49 100 93
273 186 93 97 96
273 230 19 63 62
273 364 47 55 53
273 107 15 53 21
123 41 59 62 59
256 456 55 78 75
159 231 88 89 88
159 353 11 89 12
100 68 40 85 55
100 485 18 44 29
100 283 40 77 40
100 71 15 75 31
100 411 33 47 41
100 424 34 65 52
100 445 75 90 89
485 220 64 82 67
485 342 91 96 95
485 20 70 81 70
411 227 78 92 86
411 393 25 64 30
411 466 28 88 37
411 173 93 98 98
411 197 44 51 51
411 134 77 85 85
101 212 77 97 83
101 447 19 22 21
101 340 11 55 33
101 59 73 93 88
101 229 27 28 27
447 246 12 58 29
447 114 37 85 68
447 1 59 87 85
110 218 38 62 40
110 57 91 93 91
110 156 90 92 90
320 420 18 61 46
320 43 20 22 20
320 502 59 78 72
103 135 43 83 69
103 366 94 97 96
103 447 69 85 69
103 512 64 94 92
104 470 93 94 94
104 24 83 93 89
105 145 54 56 55
105 512 42 78 74
105 442 23 86 72
105 160 64 72 72
105 139 93 99 97
145 202 79 85 79
145 438 88 94 90
442 428 29 62 32
160 277 18 50 43
160 494 83 94 87
323 410 16 91 17
323 442 46 91 71
323 255 94 98 97
433 449 35 53 48
433 244 36 95 57
502 522 53 89 89
502 144 46 82 65
218 57 29 32 29
333 389 71 83 75
333 422 38 49 41
333 39 23 67 53
333 213 49 75 53
333 41 60 89 86
333 283 47 78 56
107 116 67 87 82
107 407 17 73 64
107 199 28 85 34
107 21 42 94 70
116 217 51 74 71
116 36 36 80 70
116 344 79 96 96
116 314 27 39 29
199 234 85 95 90
199 342 18 19 18
199 306 80 82 80
199 9 58 75 68
199 95 48 62 51
108 90 42 69 64
108 415 36 55 41
108 126 29 82 67
415 81 83 88 88
415 182 27 56 55
415 376 12 53 52
415 325 67 83 73
126 419 78 92 86
126 300 87 92 91
126 165 75 91 87
126 440 82 85 84
109 7 47 65 50
109 128 31 53 45
156 368 16 54 44
156 420 10 15 14
156 303 66 82 77
156 132 44 89 53
133 149 77 80 80
133 170 44 82 78
328 40 19 43 23
328 233 90 94 91
328 345 94 98 95
519 425 74 86 83
519 67 59 94 91
519 10 46 87 54
300 481 33 41 34
300 150 40 41 40
344 26 94 95 94
344 406 87 92 92
344 257 45 47 46
176 181 53 72 71
176 521 42 50 44
176 166 83 92 83
176 507 40 81 50
176 409 58 100 89
176 165 47 67 54
176 43 44 91 50
176 520 64 79 77
493 502 82 100 91
493 106 67 69 69
115 102 60 97 89
115 307 62 82 76
115 299 34 72 38
115 165 54 64 55
115 388 69 99 78
115 359 50 89 51
307 453 66 99 78
307 235 13 62 35
307 398 23 84 83
307 323 67 75 68
307 506 18 41 33
202 476 32 90 48
202 499 79 98 95
118 350 61 92 87
118 288 72 98 78
118 521 41 71 60
119 345 79 99 91
119 316 48 96 65
316 155 33 51 36
316 232 23 28 24
120 277 60 85 79
121 44 50 84 52
122 212 30 56 36
122 314 16 97 25
373 478 87 100 88
373 506 35 49 40
373 496 37 58 49
373 271 79 81 79
373 140 41 65 57
125 306 10 94 31
125 294 13 24 16
125 122 38 65 60
125 153 54 99 65
125 393 88 90 88
306 366 28 31 29
306 265 41 93 88
153 32 19 68 63
153 265 81 88 87
153 53 26 77 62
419 441 75 92 76
440 144 12 14 13
440 282 71 94 83
463 363 59 82 80
463 159 72 85 76
463 221 40 86 82
237 522 42 49 47
237 79 62 73 64
237 219 85 92 91
129 491 12 67 12
129 384 59 61 60
369 335 17 60 31
369 292 11 92 22
369 162 71 73 73
342 521 23 58 45
342 428 10 15 13
466 237 20 69 46
466 372 75 98 81
170 18 77 98 89
391 381 88 93 92
391 253 76 96 84
136 519 85 94 85
136 13 64 94 81
136 237 92 94 94
136 142 14 20 20
136 201 36 74 49
136 151 43 66 45
201 149 12 32 21
201 455 76 95 85
201 32 67 84 77
201 405 23 38 32
201 136 45 74 69
137 209 10 36 18
137 475 88 93 90
137 186 58 89 61
137 420 80 88 81
475 335 24 87 57
186 425 15 72 58
186 27 50 99 57
186 388 71 97 97
186 154 94 96 94
186 422 71 75 71
420 104 85 93 90
420 380 36 90 60
420 416 22 50 33
420 200 61 64 61
221 366 48 91 83
221 249 58 66 66
221 12 45 79 67
221 32 77 84 77
221 264 94 96 95
326 280 22 73 68
484 382 31 34 34
140 208 36 63 52
140 57 72 91 90
140 135 51 98 93
140 180 72 98 80
208 12 68 100 100
208 175 31 33 33
141 25 38 96 92
141 96 50 98 85
141 54 45 77 52
143 440 89 96 96
438 494 11 57 17
438 204 26 76 46
438 134 50 68 54
438 206 32 45 33
146 316 72 84 73
146 506 43 66 65
147 443 89 91 91
443 391 70 95 75
443 511 10 67 39
443 460 24 62 27
443 217 70 94 79
148 521 51 78 69
148 35 36 81 45
301 2 83 97 95
301 497 35 76 75
301 57 20 94 34
150 163 46 80 46
150 122 15 47 44
150 483 13 86 41
150 314 56 75 64
150 521 88 100 98
150 184 47 57 53
184 357 61 84 84
184 209 49 78 77
184 210 17 57 22
184 422 80 88 88
285 47 63 90 86
285 482 78 100 78
285 419 65 97 87
285 521 37 72 54
399 12 23 30 25
399 356 71 76 71
399 311 62 81 70
152 91 82 90 82
152 248 15 71 24
152 0 51 81 65
248 185 56 86 69
265 486 60 65 62
265 365 30 93 36
265 495 80 82 82
265 356 80 99 97
154 174 30 54 34
154 470 35 70 66
174 496 17 84 68
155 450 69 81 73
155 438 26 32 31
155 492 46 88 60
155 334 77 94 90
450 184 67 100 86
450 361 30 52 33
450 472 39 49 39
450 191 51 84 57
450 107 58 86 62
492 287 55 76 56
492 306 31 39 31
334 241 29 33 31
303 323 23 30 30
303 185 28 94 84
303 499 34 38 34
303 92 90 92 91
164 515 91 96 92
164 260 47 59 51
164 181 24 50 41
164 395 84 90 86
181 145 11 66 16
181 203 25 72 25
181 94 77 87 82
365 355 47 65 56
365 287 19 33 24
365 367 70 81 71
432 391 56 97 93
168 353 32 66 54
169 199 15 58 55
169 407 83 90 88
171 335 41 58 48
172 86 68 72 68
173 237 65 78 66
173 497 32 58 32
173 22 79 94 91
497 486 52 86 72
497 418 41 50 42
497 201 90 96 95
496 6 62 96 81
496 2 84 100 85
496 497 50 59 52
496 30 17 45 41
304 258 80 95 87
304 269 12 18 15
304 430 52 79 52
409 80 85 98 93
409 469 72 97 78
409 204 62 92 67
520 123 47 67 49
520 217 25 98 53
520 169 88 98 92
177 432 64 83 76
179 483 33 73 45
179 300 15 100 15
203 502 51 81 80
182 419 57 61 61
183 86 31 57 53
183 6 65 89 83
183 52 21 75 52
183 227 67 80 69
227 516 46 74 66
227 82 46 88 79
227 62 46 71 60
422 127 87 91 89
422 492 61 74 65
422 490 23 99 69
422 216 66 93 69
322 488 39 62 43
322 50 43 51 43
322 371 35 52 48
322 30 14 44 33
195 428 12 80 20
195 284 42 94 70
195 499 56 95 69
195 384 31 52 36
187 470 75 85 76
187 467 53 91 81
187 395 88 99 89
187 438 12 98 61
467 239 85 90 87
191 98 88 95 91
191 93 18 43 29
192 30 14 27 15
193 329 16 42 32
193 114 68 87 82
193 234 86 87 87
193 49 89 98 98
234 176 92 96 94
234 24 52 59 54
234 249 49 61 51
234 39 23 77 68
194 262 53 77 63
262 31 56 69 58
262 417 88 89 89
428 309 81 100 83
428 129 24 90 71
499 484 66 84 78
499 5 40 91 76
499 427 35 71 71
196 360 78 84 79
196 291 19 93 62
196 168 56 67 57
196 251 10 68 30
196 341 33 56 49
251 498 77 94 93
251 370 27 56 27
251 101 57 94 71
200 349 46 53 52
200 471 40 77 70
471 311 71 89 71
471 313 53 95 55
455 30 30 67 52
455 463 83 91 88
476 344 71 94 82
476 243 94 95 94
476 230 59 93 59
476 135 79 95 82
476 330 93 99 98
476 65 42 81 63
204 138 76 94 87
204 511 30 42 37
204 25 38 74 40
235 19 69 94 80
235 273 29 47 31
235 352 95 96 95
235 301 88 97 90
235 222 68 93 81
207 415 69 72 72
207 179 21 63 46
207 487 22 46 39
207 311 79 95 88
487 14 75 91 84
487 131 63 73 63
487 371 94 100 96
213 326 90 99 91
213 160 44 73 52
213 491 20 36 33
215 223 12 24 13
215 415 50 75 65
215 353 39 84 61
215 390 32 79 78
215 414 22 58 23
414 389 95 100 95
414 510 80 88 85
414 46 75 80 80
414 451 71 82 71
219 445 79 97 80
219 465 61 63 61
465 99 59 63 59
465 244 69 70 70
222 119 93 96 93
222 337 64 73 64
224 207 14 54 49
224 24 54 82 73
224 413 72 77 77
226 441 86 92 91
516 479 67 88 74
516 520 88 100 95
516 42 26 44 27
516 393 56 73 59
516 94 41 48 46
516 148 45 93 72
228 358 79 95 95
230 364 23 91 67
230 23 90 94 93
230 395 36 53 38
230 161 56 99 77
364 340 67 90 89
364 408 40 89 57
364 128 85 90 85
364 245 32 97 78
364 36 83 87 87
232 127 45 83 54
233 215 70 90 88
352 480 44 66 55
522 106 38 81 81
522 160 67 78 70
522 59 43 97 64
522 128 82 99 89
238 342 50 86 68
238 357 81 87 85
239 345 18 23 18
239 167 24 33 33
240 309 50 98 83
240 290 14 78 40
309 304 76 89 84
309 272 34 92 36
309 302 37 72 50
309 217 16 48 31
241 474 62 65 63
241 287 67 70 68
242 17 83 98 92
245 134 42 91 68
245 329 23 68 25
247 514 92 94 93
247 496 89 95 89
250 126 54 61 56
250 317 20 59 55
250 186 69 85 81
250 110 78 86 79
370 93 65 87 78
252 459 85 99 95
252 467 71 89 73
253 210 44 94 52
253 60 27 85 38
254 50 41 60 44
254 444 17 87 25
255 502 31 41 31
255 287 94 98 96
255 248 11 64 39
255 416 72 91 74
456 286 68 79 69
456 428 30 38 37
351 30 92 93 92
351 228 16 70 64
351 88 94 97 94
402 83 10 70 19
402 217 20 54 37
261 518 22 51 43
261 124 33 38 34
261 161 85 93 88
417 165 71 81 80
263 189 63 90 86
263 123 80 85 80
263 498 12 68 65
263 149 72 91 82
495 163 81 100 91
266 405 85 86 86
266 219 21 91 82
266 519 90 97 93
266 468 88 91 91
266 346 31 65 43
468 195 17 69 38
468 412 26 68 33
468 299 66 83 76
468 188 50 84 55
468 375 65 71 66
468 317 50 79 63
346 407 85 90 85
346 308 12 32 17
268 415 95 99 95
269 398 21 39 34
269 5 91 98 94
269 378 59 91 89
269 242 20 49 27
398 407 39 76 67
398 77 53 62 58
378 328 60 81 62
378 448 51 61 51
271 308 58 77 68
271 273 76 85 79
436 293 28 39 37
436 332 76 82 77
274 270 89 100 94
274 248 24 84 34
275 96 29 85 44
275 492 88 96 92
276 474 26 33 27
276 323 42 80 66
276 171 18 87 84
437 442 41 95 86
437 365 83 88 85
437 28 16 90 63
281 399 64 94 68
281 352 16 39 33
281 68 38 97 83
382 514 61 100 65
286 191 67 96 69
286 503 10 12 12
286 284 19 76 47
367 83 54 97 86
367 446 83 100 90
319 428 93 95 95
319 504 87 96 96
319 275 19 92 67
379 6 55 63 62
379 306 47 95 91
379 415 24 59 27
379 74 67 94 83
379 466 67 72 69
292 320 77 78 78
292 133 70 79 76
292 389 44 67 66
292 197 63 68 65
295 384 12 36 33
295 130 79 99 91
297 6 21 35 31
297 303 69 89 87
297 114 27 91 74
297 22 32 45 35
298 314 70 73 70
298 210 49 75 64
298 357 38 62 44
298 482 24 95 54
302 381 10 79 32
302 143 73 100 76
313 36 65 93 67
315 187 52 80 52
315 473 51 72 57
451 364 83 98 87
451 494 72 77 72
451 252 71 72 72
504 119 93 100 96
321 286 31 96 82
488 81 92 99 97
488 19 73 87 76
488 82 49 97 49
500 371 43 98 61
500 225 24 31 25
325 184 74 90 90
325 380 42 57 45
325 360 35 47 40
325 239 45 90 83
325 180 15 25 17
325 248 67 78 73
327 68 64 85 70
331 339 29 32 30
331 91 31 41 38
331 217 18 53 32
332 194 36 81 64
332 223 59 78 68
332 410 66 99 88
332 376 80 83 81
338 401 81 89 84
338 185 48 89 76
338 27 35 95 43
338 513 26 75 32
338 351 52 60 54
338 98 93 95 94
338 311 91 99 91
343 166 55 65 56
343 505 14 60 19
343 199 64 67 64
343 90 87 94 89
406 216 49 69 59
347 34 78 91 82
347 503 33 48 36
348 220 55 64 61
355 116 61 99 94
355 417 57 97 82
355 83 28 71 71
355 160 58 83 81
457 3 21 76 68
457 146 74 87 83
457 326 73 95 76
362 46 43 47 46
362 517 28 100 85
362 325 94 97 94
517 77 46 94 88
363 120 89 92 92
372 485 84 91 87
372 375 25 98 43
478 64 10 31 11
478 365 29 64 60
374 240 68 84 80
374 151 21 32 27
374 201 88 96 93
469 432 34 37 35
469 39 89 91 91
469 78 10 56 41
469 87 68 84 76
383 332 11 70 66
383 522 69 96 89
383 356 94 97 95
383 136 80 82 82
383 333 83 86 83
458 44 47 69 52
458 55 31 46 38
392 202 91 97 97
392 480 92 100 95
392 488 87 96 90
392 182 17 81 54
435 493 10 13 12
435 237 90 92 92
435 68 90 93 92
435 474 92 95 92
435 151 27 62 34
435 299 81 82 81
435 203 35 85 63
427 155 37 89 68
427 381 64 93 82
400 228 32 97 42
400 244 13 70 34
510 322 12 41 17
510 317 90 92 91
510 373 53 93 61
510 311 46 79 73
490 56 49 98 98
431 23 69 91 83
431 54 23 26 26
449 333 37 82 65
449 314 72 83 78
449 18 61 94 83
434 390 34 43 38
434 63 45 98 84
472 159 79 95 87
472 444 55 99 98
501 5 77 95 86
501 2 68 100 76
461 477 25 44 42
461 67 93 95 93
477 209 67 99 84
477 42 42 62 59
462 432 79 85 80
462 329 60 68 68
462 347 44 64 55
489 193 33 91 41
489 301 75 99 83
489 448 20 64 51
508 349 94 100 98
508 511 91 100 96
508 210 49 100 95
508 64 59 97 63
0 522
