818 3181
0 299 19 76 73
0 115 19 42 31
0 371 53 63 57
0 90 65 93 81
0 722 83 86 83
0 766 65 76 74
0 706 21 77 31
299 109 25 34 27
299 297 15 73 16
299 607 74 85 78
115 416 75 94 85
115 230 38 93 63
115 197 25 45 30
115 546 53 100 63
115 395 73 75 74
115 187 10 68 51
115 139 47 87 66
115 781 11 27 22
115 474 57 61 60
371 100 58 71 62
371 28 19 79 49
371 605 23 53 46
371 788 41 62 46
90 647 59 93 71
90 682 95 96 96
722 670 36 39 37
722 138 80 81 80
766 667 65 81 77
766 406 78 80 79
766 414 80 87 84
706 636 28 49 30
706 379 39 93 39
706 724 33 83 68
706 223 81 95 81
706 334 31 86 59
706 476 67 97 91
1 708 67 80 80
708 774 51 72 61
708 284 51 89 85
708 747 16 43 36
2 649 70 83 82
2 316 53 69 67
649 429 11 76 39
649 418 27 85 40
649 100 81 84 82
649 398 27 90 61
649 432 41 83 44
649 502 85 97 91
316 230 91 95 91
316 128 31 46 45
3 7 33 52 49
3 352 50 55 54
3 658 18 78 43
7 679 57 96 70
7 584 80 91 82
7 505 93 94 94
352 168 80 90 90
352 767 51 90 81
352 679 75 87 85
352 271 34 47 34
658 520 92 93 92
658 783 49 89 51
658 269 52 68 52
658 18 31 66 58
4 730 41 69 46
4 470 22 81 58
4 113 94 98 96
730 754 51 71 52
730 147 76 78 76
470 594 25 45 31
470 67 49 58 56
470 371 37 49 42
470 786 72 75 74
470 519 54 86 63
470 214 74 79 77
113 78 50 93 71
113 585 90 91 91
5 446 54 71 58
5 1 44 86 59
5 483 81 97 94
5 20 54 65 55
446 9 15 89 39
446 110 66 89 82
446 443 34 84 35
483 448 47 88 75
483 518 57 77 66
483 424 61 67 66
483 209 85 88 88
483 130 76 83 77
483 82 67 81 77
20 140 81 99 96
6 72 73 84 73
6 16 79 92 85
6 577 75 84 75
72 805 73 88 78
72 30 26 81 78
72 549 86 89 86
72 243 31 94 45
72 223 48 72 52
16 267 91 100 94
16 638 49 98 50
16 508 26 97 44
16 778 14 20 15
577 80 44 85 80
577 61 42 69 52
577 195 53 93 80
679 168 73 88 88
679 27 86 99 94
679 124 60 73 61
679 623 18 57 40
679 87 10 87 17
584 349 48 49 49
584 179 85 90 89
584 497 57 72 72
584 487 36 42 42
584 557 46 100 61
584 801 10 15 10
505 739 55 58 58
505 290 95 98 97
505 804 44 52 52
505 375 67 81 70
8 88 42 57 45
8 499 84 89 87
88 371 66 76 75
88 554 92 94 93
88 158 52 72 57
499 762 49 90 66
9 59 13 65 65
9 341 24 36 35
9 280 91 100 93
59 735 62 64 63
59 42 52 57 57
59 812 48 92 89
59 151 59 97 95
59 45 71 82 72
59 783 25 72 37
341 147 80 97 97
341 729 14 47 43
341 104 38 43 43
341 646 67 94 71
280 298 93 97 96
280 430 44 59 45
10 421 18 88 70
10 646 87 97 90
10 612 87 91 90
10 217 22 90 65
10 761 39 90 46
10 504 20 83 76
10 149 22 64 49
421 243 44 60 53
421 642 61 83 67
421 327 59 100 76
421 343 47 69 48
421 687 70 89 87
646 286 59 85 60
646 19 93 96 93
612 405 24 62 52
612 455 43 59 49
612 540 41 42 42
612 37 28 66 65
217 293 48 86 76
217 150 73 99 90
217 281 68 72 72
761 737 83 91 84
761 686 81 93 86
761 106 84 92 90
761 447 74 100 85
149 442 49 85 55
149 538 58 63 60
149 449 35 79 54
149 724 28 54 36
149 143 52 79 69
11 98 92 97 96
11 385 78 90 80
11 481 34 77 34
11 813 50 58 52
98 766 45 64 62
98 169 65 89 70
98 139 85 91 88
98 337 44 64 61
98 402 87 90 90
98 391 93 99 95
385 285 19 25 22
385 751 59 76 69
385 781 36 89 70
385 770 13 97 94
385 725 77 86 77
385 369 35 72 38
385 359 28 71 36
385 37 83 85 83
385 774 16 53 21
385 139 68 70 69
385 348 13 64 61
481 509 73 88 77
481 532 51 96 77
813 327 55 67 62
813 216 74 79 74
813 412 29 48 32
12 68 79 83 79
12 104 83 87 85
12 704 20 55 28
12 143 11 73 34
12 587 56 77 73
12 156 29 35 31
12 518 70 82 79
12 649 38 92 83
12 233 83 97 87
68 549 85 87 86
68 304 76 81 81
68 368 89 95 94
68 40 10 56 52
68 813 20 100 32
104 532 71 97 80
104 666 17 56 33
104 263 34 66 53
104 123 29 40 36
104 330 53 75 59
104 397 48 84 58
104 227 30 100 34
104 373 48 87 70
704 162 26 91 44
704 284 35 45 42
704 807 10 21 19
704 267 63 96 89
143 581 81 96 95
143 468 84 88 85
587 186 31 72 63
587 30 78 86 79
587 157 58 90 72
587 248 69 97 92
587 562 58 73 67
156 775 84 97 90
156 185 30 76 33
156 405 20 36 30
156 556 25 32 28
156 478 15 56 21
518 678 28 80 53
518 366 60 63 61
518 512 89 92 90
518 64 71 77 72
518 705 23 35 23
518 602 60 99 94
518 73 37 63 53
233 115 58 68 61
233 174 89 92 89
13 12 24 54 36
13 654 58 93 64
13 789 51 95 61
13 524 60 73 68
654 94 25 31 26
654 288 76 86 86
789 586 58 93 73
789 332 53 85 71
789 431 65 87 78
789 390 12 14 13
524 367 25 50 46
524 571 45 57 54
524 564 31 45 45
524 526 63 77 67
524 254 15 34 20
14 795 88 94 89
14 493 13 65 18
14 598 51 57 57
14 330 79 89 84
14 105 88 90 88
795 783 79 87 87
795 430 68 79 71
795 142 14 87 39
795 31 49 89 62
795 716 32 91 61
795 301 12 29 13
795 693 65 70 69
795 425 64 100 73
493 541 46 91 52
493 13 60 65 64
493 163 81 89 89
493 178 19 62 32
598 618 30 89 84
598 52 62 88 88
598 532 81 82 82
330 481 52 58 57
330 803 43 86 67
330 811 11 99 81
330 333 79 96 87
105 611 59 100 84
267 803 50 99 68
267 647 57 96 83
267 308 56 63 59
638 92 77 86 80
638 260 19 63 26
638 633 93 96 95
638 788 91 93 92
508 273 71 76 71
508 135 58 84 63
508 105 14 23 16
778 623 42 76 50
778 619 38 58 50
778 117 54 73 63
778 395 70 94 77
778 457 93 94 94
17 238 60 70 63
17 10 71 88 77
17 521 36 85 81
238 791 12 47 13
238 329 24 50 29
238 314 49 94 81
238 229 71 78 74
521 800 58 76 61
521 134 72 75 75
521 458 87 99 95
18 530 45 97 57
18 583 39 86 41
18 778 40 59 43
18 498 21 82 41
18 461 33 76 67
530 422 69 99 86
530 439 73 83 82
530 506 44 65 63
530 688 27 55 31
530 159 40 58 43
530 155 41 82 63
530 648 28 92 59
530 503 49 96 75
583 325 91 98 98
583 301 34 86 46
583 443 13 68 27
583 699 54 99 58
498 722 21 63 56
498 25 19 45 33
498 527 62 76 76
498 386 38 79 67
498 510 54 79 78
461 379 72 86 85
461 267 68 77 76
461 499 13 88 57
461 731 59 66 64
19 51 68 86 72
19 214 58 92 78
19 513 24 81 68
19 499 43 82 82
19 424 14 22 17
51 670 77 80 80
51 318 11 27 21
51 653 44 64 58
51 602 56 64 64
51 365 66 72 68
51 41 82 98 85
51 94 28 63 55
214 250 21 60 53
214 310 79 94 89
214 700 31 41 31
513 173 43 96 50
513 113 22 34 34
513 275 78 97 97
424 605 82 84 83
424 392 34 50 39
424 161 23 45 38
424 761 54 70 55
140 668 84 88 86
140 343 88 99 98
140 178 71 97 82
140 798 82 86 84
21 611 41 46 46
21 15 28 41 31
21 392 60 99 65
21 641 80 87 84
611 315 63 69 69
611 803 80 84 80
611 64 33 35 35
392 802 25 50 38
392 322 80 86 82
392 356 15 46 35
641 487 86 100 94
641 14 18 95 21
641 402 57 70 57
22 218 78 99 87
22 37 81 100 89
22 247 86 97 97
218 354 42 100 45
218 326 15 29 25
218 766 70 77 77
37 731 48 56 53
37 816 79 88 87
37 144 76 90 83
247 173 59 69 69
247 467 81 94 84
247 51 30 73 59
23 552 54 65 57
23 711 81 100 90
552 765 47 50 50
552 559 52 78 59
552 737 25 42 38
552 611 71 75 71
711 598 92 94 92
711 409 73 80 76
711 290 59 88 62
24 743 43 92 72
24 702 84 87 86
24 198 40 56 44
24 330 49 88 56
743 599 49 81 79
743 65 90 96 95
702 811 52 67 59
702 366 78 100 95
702 227 95 97 95
198 158 54 63 54
198 518 26 94 80
198 474 83 85 84
198 192 23 64 40
25 745 27 48 44
25 750 12 32 12
25 167 59 73 72
25 569 47 53 50
745 363 21 94 28
745 557 46 61 56
745 198 22 48 45
745 279 33 48 44
745 790 55 67 62
745 122 20 44 36
750 727 90 93 92
750 329 92 100 99
750 351 21 43 40
750 187 79 100 98
750 305 37 97 48
750 544 59 97 95
167 31 13 83 19
167 246 81 100 83
167 149 12 20 14
167 84 21 61 37
569 774 33 77 60
569 720 74 87 84
569 172 52 95 66
569 247 88 89 89
569 349 20 27 20
569 582 43 79 60
26 123 61 74 71
26 197 10 64 64
26 454 62 80 63
26 513 91 99 96
123 82 17 27 27
123 386 21 81 56
123 473 76 79 79
123 704 18 98 25
123 510 78 90 81
454 384 74 81 74
454 228 41 70 67
27 318 21 51 37
27 419 33 44 35
27 541 72 89 88
318 340 39 65 48
318 23 45 51 51
318 658 40 41 40
318 421 89 99 93
318 737 87 96 95
318 466 86 98 92
318 401 51 98 70
318 79 52 69 54
318 689 55 57 57
419 732 80 86 80
419 87 36 50 40
419 35 57 69 63
419 467 76 95 82
419 486 44 63 56
541 644 50 67 63
541 665 21 94 50
541 419 72 85 85
541 300 87 99 95
541 276 66 72 68
541 124 84 97 96
541 239 63 98 78
28 623 44 85 65
28 97 95 98 98
28 65 65 81 79
623 634 49 64 52
623 330 84 96 96
623 647 26 34 32
623 582 73 89 88
623 298 79 97 97
97 598 43 45 45
97 366 87 100 97
97 789 13 16 15
97 492 88 90 89
97 537 32 79 65
97 100 79 93 82
65 713 26 38 28
65 206 33 75 74
65 318 12 15 13
65 688 22 62 52
65 132 57 76 65
65 466 46 58 54
65 566 77 90 85
30 122 16 69 58
30 165 28 97 92
30 267 74 99 81
30 546 12 79 77
30 563 40 89 49
30 564 34 94 59
122 409 72 96 72
122 632 30 100 95
122 596 25 80 29
122 437 90 96 94
122 630 80 99 89
122 719 44 85 66
122 617 22 88 58
122 589 56 86 67
165 37 73 80 74
165 513 34 77 57
165 739 26 27 27
165 688 16 98 56
165 619 93 100 96
165 431 37 39 39
546 457 31 90 77
546 451 61 62 61
563 50 66 96 79
563 776 43 99 90
563 401 21 47 42
563 631 23 69 51
563 439 65 87 72
563 138 27 94 49
564 696 64 82 70
564 509 49 87 49
31 749 52 83 68
31 256 76 87 86
749 104 77 91 82
749 810 51 87 55
749 474 87 89 88
749 144 71 85 71
749 584 14 90 70
256 549 85 96 87
256 39 82 88 82
256 75 28 36 28
256 237 45 78 48
32 456 95 96 96
32 657 50 60 54
456 152 20 52 51
456 481 13 74 20
456 635 52 92 64
456 572 44 63 51
657 704 34 42 36
657 251 22 48 34
657 254 69 92 82
657 385 29 80 51
33 2 72 93 81
33 129 78 96 78
33 157 42 58 45
129 102 59 100 94
129 219 35 59 42
129 176 72 83 73
129 288 38 85 77
157 339 72 82 79
157 747 85 87 86
34 578 20 21 20
34 184 35 36 35
34 236 61 81 70
34 664 10 22 11
184 477 74 99 79
184 674 61 69 68
184 769 51 67 65
184 266 65 88 88
236 402 40 73 45
236 162 48 91 54
236 566 82 87 86
236 90 16 42 31
236 229 65 70 66
236 609 51 70 67
236 299 81 97 94
664 697 36 66 51
664 97 47 77 71
664 11 49 91 87
664 718 92 98 95
664 334 63 68 64
664 376 22 70 60
664 82 36 93 81
664 488 75 76 76
35 317 53 89 61
317 457 30 59 56
317 4 20 79 20
317 260 65 81 69
36 590 84 96 89
36 152 46 100 89
590 74 84 89 85
590 386 43 86 52
590 313 61 79 68
152 504 60 76 66
152 753 42 77 62
152 439 79 92 90
152 715 69 82 74
731 246 45 87 59
731 283 23 99 75
731 794 32 34 32
731 196 21 88 81
816 504 22 33 25
816 43 66 95 73
816 350 65 67 67
144 796 46 60 57
144 128 41 89 61
38 513 83 97 97
38 350 78 85 82
38 277 60 68 68
38 716 95 99 97
38 525 76 93 78
350 799 77 89 87
350 598 46 95 63
350 737 90 96 96
277 269 87 92 90
277 198 68 92 74
716 725 26 90 56
716 548 37 100 54
716 808 23 55 39
716 390 65 93 82
525 476 74 84 84
525 26 23 41 39
39 469 74 85 79
39 387 86 91 88
39 321 88 92 92
469 4 25 31 30
469 489 30 93 81
469 587 40 67 61
469 431 17 24 24
469 406 42 95 44
469 191 71 76 74
469 87 79 90 79
387 100 82 95 94
387 287 78 96 86
387 559 27 65 38
387 568 75 99 86
387 510 45 84 52
321 169 22 40 24
321 72 47 62 58
321 350 38 55 44
321 16 49 86 74
321 157 52 92 52
321 65 48 90 63
321 746 71 93 74
40 409 86 90 88
40 728 90 94 93
40 598 52 81 62
40 48 63 84 83
40 416 88 97 92
40 642 25 26 26
40 412 84 87 87
40 651 51 85 56
40 612 40 83 75
409 183 55 96 85
409 622 25 60 41
409 768 63 83 67
409 655 33 62 56
409 35 31 65 55
409 334 87 95 89
728 723 79 85 79
728 509 50 71 56
728 658 71 79 73
48 47 40 75 47
416 393 53 59 57
416 472 79 89 82
416 622 67 100 67
416 93 42 94 76
416 567 78 79 79
416 69 53 79 57
416 705 73 84 80
642 339 69 91 80
642 377 48 70 68
412 483 27 93 31
412 329 28 99 68
412 237 20 31 21
412 216 68 69 68
412 530 41 70 69
412 378 28 81 66
412 265 44 73 70
651 49 63 74 72
651 750 25 67 38
651 263 23 93 43
41 764 82 93 83
41 792 47 88 75
41 516 22 47 36
764 605 56 83 69
764 180 76 88 76
764 203 78 85 83
792 203 59 82 72
792 524 54 86 59
792 297 56 65 56
792 395 76 90 87
516 411 30 35 30
516 89 88 90 88
516 471 43 61 60
516 498 34 41 34
516 796 56 88 70
516 41 45 100 71
42 781 80 87 82
42 46 95 99 98
781 749 26 51 44
781 354 95 97 96
781 721 37 45 38
781 383 63 72 72
781 435 30 38 37
46 621 56 98 78
46 24 62 88 70
46 642 47 84 50
46 544 93 97 97
43 526 91 93 91
43 611 68 88 85
43 1 41 90 72
43 632 21 43 21
43 414 28 58 48
43 192 41 83 69
526 5 72 95 92
526 726 87 92 91
526 600 48 51 48
632 812 41 83 79
632 811 28 31 29
632 354 37 99 89
632 594 16 61 25
414 391 79 87 82
414 612 77 96 84
414 486 26 96 89
414 746 82 96 87
414 562 22 73 62
414 158 41 97 92
192 528 70 82 74
192 585 32 57 33
192 797 32 38 35
192 405 34 100 89
44 657 86 94 88
44 433 26 82 60
44 111 58 67 64
44 506 95 99 97
433 578 15 23 23
433 33 13 30 23
433 271 17 61 18
433 37 84 85 85
111 101 95 97 97
111 470 68 84 84
111 791 77 83 81
506 57 91 93 92
506 101 93 99 93
506 496 35 62 49
45 153 77 79 79
45 395 72 77 72
45 31 27 37 32
153 473 58 73 73
153 412 57 88 66
153 233 69 85 74
395 249 20 53 31
395 229 53 84 62
395 619 55 92 69
395 560 66 90 70
395 633 31 55 35
621 499 30 41 41
621 31 32 36 34
621 164 38 71 62
621 218 87 95 94
544 209 58 90 67
544 536 86 98 88
47 206 76 96 77
47 407 70 94 87
47 94 17 72 39
47 55 61 66 63
206 720 64 71 67
206 161 74 79 76
206 757 68 85 78
206 44 33 75 68
407 159 62 77 63
407 598 80 97 97
407 558 15 86 69
407 619 52 72 63
407 341 40 70 55
407 319 65 92 74
94 6 43 55 54
94 801 72 89 80
94 174 89 98 89
94 529 13 33 32
94 249 56 97 62
94 382 75 99 89
94 359 10 95 73
55 104 37 89 50
55 717 13 53 15
55 334 29 43 32
49 626 82 83 83
49 679 17 36 21
49 367 41 57 53
626 210 56 86 62
367 33 14 44 20
367 334 58 61 60
367 149 91 96 94
367 682 70 77 75
367 4 80 82 81
367 449 51 81 69
50 171 35 70 64
50 491 91 92 92
50 489 74 99 91
50 590 64 86 75
50 522 45 47 47
171 429 48 76 54
171 196 81 99 96
491 470 71 100 73
491 105 50 93 81
491 55 68 96 79
491 285 41 71 51
489 76 71 99 92
489 644 71 84 78
489 346 61 81 61
489 811 49 100 81
522 297 95 97 96
522 635 71 85 76
522 771 23 46 29
522 139 45 98 88
670 622 39 81 77
670 138 66 99 87
670 182 87 96 93
670 644 79 86 79
670 799 34 79 63
670 378 73 100 98
670 413 72 83 83
670 760 67 73 71
653 432 20 41 20
653 424 38 45 39
653 155 27 43 42
653 317 90 91 90
602 753 37 45 42
602 816 60 87 73
602 750 22 92 84
602 277 28 39 30
365 489 26 55 49
365 329 18 41 24
52 688 66 79 72
52 456 87 94 91
688 32 32 52 45
688 584 79 100 88
688 309 90 93 91
688 769 76 87 86
688 269 58 100 93
688 55 13 22 20
688 134 39 54 39
688 140 45 46 45
53 277 22 48 40
53 460 34 99 81
53 114 40 57 47
460 598 83 96 89
460 384 40 89 54
114 350 45 87 80
114 622 43 52 48
114 515 37 60 50
54 795 54 70 57
54 566 55 73 55
54 292 95 98 96
54 286 27 30 30
54 549 47 50 50
566 20 73 74 74
566 654 35 76 57
566 768 43 62 57
566 728 27 57 54
566 326 24 37 24
566 687 35 74 60
566 48 68 75 69
566 608 65 98 82
292 743 17 66 46
292 15 75 97 77
292 555 78 92 87
292 417 63 68 64
292 572 21 31 26
286 397 54 81 59
286 664 12 75 17
286 343 85 98 98
286 234 28 59 58
549 388 86 91 86
549 156 89 95 92
549 65 72 85 78
549 79 47 72 53
549 5 25 42 31
549 410 70 80 74
549 340 85 86 86
549 44 73 77 74
717 814 77 92 83
717 279 45 96 82
717 540 82 100 95
334 533 45 56 45
334 579 19 21 19
334 257 75 80 75
56 95 76 92 89
56 806 65 67 67
56 34 40 74 60
95 609 29 70 31
95 233 55 84 81
95 704 74 84 75
57 396 60 77 63
396 566 54 85 57
58 132 76 100 83
58 195 53 98 83
132 104 27 53 50
132 264 84 93 92
132 304 30 33 33
132 302 73 91 75
132 214 51 97 67
132 586 66 96 82
132 665 67 77 67
132 147 72 90 80
132 774 57 86 63
735 501 34 48 48
735 536 92 93 93
735 517 94 96 94
812 503 88 95 91
812 133 44 90 58
151 751 78 97 84
151 560 84 88 87
151 289 31 34 34
151 668 92 97 97
151 696 90 94 94
151 405 61 89 80
783 533 82 86 83
783 606 61 69 69
783 779 66 83 75
783 48 10 56 27
783 442 28 65 64
783 503 24 86 29
60 792 83 93 88
60 683 51 100 65
60 614 77 92 77
60 210 42 90 75
683 388 23 65 63
683 133 78 93 82
683 610 64 91 72
683 55 35 91 50
614 792 36 90 79
614 561 20 57 23
614 408 29 43 40
614 82 78 81 78
614 631 14 100 98
614 341 59 78 62
210 571 16 64 52
210 122 15 66 56
210 670 25 95 85
210 220 90 92 92
61 24 10 23 13
61 160 75 76 76
61 122 78 80 80
160 277 24 25 24
160 67 80 95 81
160 748 95 99 96
160 715 52 62 60
62 336 31 37 36
62 447 20 24 23
62 455 44 80 73
62 780 46 84 82
336 516 71 87 73
336 148 16 18 17
336 9 60 64 61
336 424 20 72 47
336 737 54 71 59
336 649 13 53 38
447 513 35 98 48
447 552 69 89 69
455 241 86 99 89
455 120 79 92 84
780 727 36 84 77
63 717 66 76 76
63 750 37 62 52
63 606 84 96 85
63 475 10 46 12
63 452 38 83 71
606 148 88 96 90
606 686 52 71 63
606 607 38 51 49
606 215 92 93 92
606 414 60 86 80
606 209 60 71 67
475 669 32 59 44
475 243 69 75 73
475 309 55 62 61
475 781 76 77 76
475 668 91 92 91
452 42 27 28 28
452 661 12 35 29
452 279 56 57 56
64 348 39 84 56
64 727 43 47 44
64 143 86 90 90
64 450 21 75 38
348 97 55 93 56
348 460 95 99 95
348 409 18 86 32
348 21 69 89 75
348 145 47 68 54
348 381 39 44 43
348 334 68 85 79
727 507 16 97 96
727 365 73 98 86
727 722 53 87 60
450 540 46 49 49
450 147 80 98 92
450 191 87 94 93
450 475 64 68 66
450 0 86 94 93
713 746 36 71 62
713 28 32 36 35
466 646 51 61 59
466 290 58 63 61
66 672 92 95 95
66 492 24 59 39
672 82 60 85 74
672 454 89 93 89
672 619 42 45 44
672 584 83 93 88
492 368 45 57 45
492 34 59 63 60
492 499 88 94 91
492 331 45 87 59
492 302 32 93 40
67 747 56 93 74
67 657 11 66 42
747 496 47 77 60
747 314 56 63 60
747 343 15 91 62
747 542 58 74 64
747 794 30 44 44
304 284 43 68 45
304 327 71 72 72
304 361 68 78 78
368 398 61 98 95
368 754 55 71 56
368 505 68 85 75
69 488 89 92 92
69 795 65 86 65
69 223 68 84 79
69 211 38 76 38
69 584 54 75 60
69 40 65 73 68
488 150 76 86 79
488 401 75 85 80
488 391 46 49 49
488 420 17 65 20
223 332 50 61 55
223 455 80 83 81
223 334 79 92 91
223 366 13 30 30
211 668 85 99 87
70 210 33 43 33
70 11 39 41 40
70 587 86 89 89
70 443 80 94 82
443 509 91 93 93
443 67 45 65 51
443 342 59 77 69
443 309 66 67 66
443 696 61 86 65
71 218 90 98 92
71 119 78 88 86
71 487 21 44 33
71 703 43 52 49
119 384 29 38 32
119 109 31 77 47
487 213 84 85 84
487 553 75 91 82
487 221 21 55 32
487 69 75 85 78
487 226 31 65 54
487 382 42 55 49
703 229 40 70 47
703 750 80 99 80
805 315 40 100 69
805 739 19 79 35
805 730 36 47 43
805 566 43 54 44
805 799 71 84 77
805 415 12 94 75
243 221 76 95 86
243 91 89 90 89
243 407 58 86 82
243 211 45 99 77
243 89 67 87 86
243 773 85 86 85
243 260 22 55 35
73 388 64 85 64
73 259 85 90 86
73 177 63 74 71
388 780 71 84 78
388 341 24 49 31
388 630 18 47 45
259 82 52 100 95
259 526 30 88 59
259 35 75 92 85
259 42 79 96 96
177 171 14 70 62
177 347 60 82 62
177 257 74 95 79
177 462 10 54 43
74 526 71 84 84
74 108 18 30 20
74 450 21 72 70
74 279 28 37 33
74 594 78 83 80
74 131 91 96 94
108 391 29 69 67
108 7 40 63 54
108 803 46 83 81
108 498 50 66 54
108 297 49 73 62
108 123 50 62 61
279 48 17 27 21
279 648 36 70 68
279 574 49 65 55
594 597 27 94 78
594 165 77 80 79
131 381 78 89 78
131 551 87 99 98
75 136 20 32 25
75 560 46 66 48
75 144 41 95 44
75 759 61 64 63
75 388 88 100 88
75 157 33 37 37
136 521 40 47 44
136 317 15 32 20
136 474 80 84 83
136 18 32 74 51
136 90 44 46 46
136 442 52 64 62
136 342 93 98 96
136 53 12 62 54
560 438 56 96 67
759 151 22 81 31
759 605 77 80 78
759 487 54 89 59
759 562 92 94 94
759 512 79 94 79
759 370 46 89 49
76 497 92 94 93
76 239 66 88 76
76 87 66 84 80
76 95 93 100 99
76 472 29 33 32
76 644 78 88 82
497 64 62 94 94
497 487 62 97 92
239 531 28 34 29
239 265 28 100 36
239 714 32 40 34
239 464 83 92 89
239 276 94 95 95
239 241 50 83 67
239 182 72 85 74
87 76 15 97 92
87 717 51 62 62
87 574 46 58 47
87 203 24 53 33
87 719 64 73 64
472 393 23 49 37
472 40 93 100 93
472 243 53 96 65
472 25 63 95 68
472 109 63 96 74
644 661 68 97 85
644 390 28 50 42
644 237 46 96 57
644 442 72 87 83
644 695 12 26 14
77 96 14 27 18
77 542 91 92 91
77 311 68 86 78
77 50 76 96 81
96 28 33 80 76
96 437 80 96 81
96 15 51 93 56
542 53 78 95 90
542 184 13 44 41
542 718 45 78 54
311 28 46 79 69
311 22 63 96 70
311 209 86 99 91
78 401 81 93 84
78 475 70 85 80
78 20 70 82 78
78 301 46 59 59
401 334 61 64 64
401 673 48 97 51
401 624 44 48 47
401 316 26 52 52
79 723 31 88 51
79 56 86 97 96
79 164 91 92 92
79 747 53 95 95
79 699 30 81 56
79 701 45 67 54
79 285 83 93 88
79 739 12 86 30
723 440 39 65 56
164 665 75 81 78
164 192 63 96 80
164 691 25 28 26
164 671 86 87 87
699 137 53 77 74
285 492 50 89 78
285 573 86 96 86
285 41 81 94 83
285 639 18 40 21
285 368 83 93 83
739 465 22 75 60
739 333 52 82 56
739 449 33 60 47
739 136 83 90 88
739 118 68 91 84
739 729 38 43 40
80 330 44 58 45
80 40 14 16 14
80 140 66 86 76
80 341 91 96 92
81 732 89 94 92
81 466 64 79 70
81 418 44 80 50
81 303 34 53 46
81 205 88 92 92
81 394 53 74 56
732 799 51 56 54
732 42 93 97 93
418 202 42 48 42
418 92 22 45 23
303 206 94 95 94
303 448 59 63 59
303 491 85 99 92
205 751 77 94 80
205 240 14 65 28
205 793 69 76 76
394 352 57 87 70
394 649 66 100 83
394 453 62 86 75
394 211 17 53 46
394 180 33 91 75
82 8 90 94 91
82 608 65 73 66
82 40 76 94 92
82 31 73 90 83
82 38 91 99 96
82 604 56 59 57
82 181 44 75 69
608 388 74 92 75
608 520 39 86 78
608 695 66 92 86
608 62 68 80 75
604 376 95 96 96
604 87 12 39 16
604 804 51 64 61
181 105 33 80 34
181 493 89 90 89
181 771 57 79 68
181 580 54 61 60
181 674 83 97 91
181 283 19 78 52
83 612 90 99 99
83 382 52 76 55
83 405 53 73 67
382 280 19 63 32
382 93 74 81 77
405 44 10 20 15
405 363 20 47 24
405 336 16 74 27
405 326 28 90 53
405 60 77 90 87
84 429 50 60 53
84 428 20 27 22
84 221 39 85 74
429 156 84 85 85
429 591 68 73 70
429 348 66 78 70
428 520 77 89 85
428 730 90 95 92
428 208 81 93 87
428 539 89 100 100
428 103 85 94 90
428 558 15 54 27
428 632 81 83 83
428 243 13 71 49
221 217 55 66 60
85 560 78 95 85
85 227 72 83 81
85 159 48 52 51
227 497 77 98 79
227 342 15 81 42
227 609 63 96 69
227 220 40 56 46
227 803 73 93 74
227 293 95 98 95
159 364 19 74 42
86 772 11 49 30
772 282 30 40 39
772 590 91 93 92
574 625 14 68 57
574 455 68 74 70
203 489 26 75 27
203 210 37 98 45
203 566 75 80 77
203 397 62 88 83
719 733 94 100 94
719 748 65 80 70
554 482 19 42 21
554 277 54 58 56
158 706 56 96 76
158 458 41 87 68
158 199 11 82 49
158 369 15 83 22
89 351 52 89 87
89 715 87 100 91
89 221 34 72 45
89 219 68 85 80
89 107 72 76 72
89 523 41 86 69
89 402 42 63 60
89 32 56 82 59
351 462 79 85 80
351 139 51 72 62
351 130 11 54 13
715 369 51 93 65
715 470 89 98 90
715 209 33 45 45
715 41 94 95 94
219 536 26 98 74
219 508 51 100 86
219 391 95 100 97
219 745 36 94 82
219 353 13 68 45
107 651 19 66 59
107 678 38 87 63
107 802 67 88 84
107 183 60 89 84
107 143 36 88 54
107 756 94 97 94
107 461 23 100 25
523 110 37 80 53
523 609 87 94 91
523 402 62 66 66
523 127 26 50 29
523 367 65 82 71
523 168 90 95 92
523 499 22 55 30
402 322 17 52 34
402 585 29 79 41
647 576 79 95 88
647 293 80 87 80
647 328 46 66 66
682 202 39 100 56
682 641 90 92 91
682 326 95 97 95
682 227 14 24 14
682 565 27 99 29
682 198 31 44 43
91 718 75 93 92
91 746 77 87 80
91 28 10 72 41
91 373 20 40 34
91 646 77 84 84
91 96 47 54 48
91 138 47 82 51
718 726 87 90 87
718 197 92 93 93
718 683 60 62 60
718 351 25 98 73
718 804 92 94 92
746 605 94 98 97
746 626 33 51 33
746 726 14 19 15
746 729 89 98 90
746 413 17 82 30
746 456 69 99 84
746 354 50 93 60
373 474 41 42 42
373 256 72 97 82
373 453 66 89 66
373 796 62 97 70
373 416 84 90 84
138 694 40 94 41
138 775 59 98 62
138 423 37 66 39
138 214 29 70 35
92 8 52 53 52
92 723 93 98 98
92 772 51 87 86
92 95 69 76 73
92 343 65 81 73
343 765 67 81 68
343 454 48 91 79
343 726 44 57 51
343 308 32 90 68
343 218 78 97 83
343 80 45 83 56
343 534 25 86 76
343 477 46 85 56
93 138 36 58 39
93 630 49 75 71
93 400 32 46 45
93 762 95 100 100
93 583 60 81 80
93 653 65 100 81
630 274 35 68 66
630 528 46 97 48
630 29 24 85 80
630 120 49 74 53
762 201 55 97 79
762 626 72 78 77
762 262 11 86 86
801 53 51 89 80
801 495 42 93 43
801 474 71 76 71
174 204 80 88 80
174 426 47 87 61
529 111 40 43 42
529 616 25 40 30
529 219 82 83 83
529 446 41 67 45
249 356 51 53 53
359 165 44 51 45
359 177 54 72 67
609 326 16 78 21
609 696 20 31 22
437 568 14 88 30
437 655 95 100 97
366 225 63 81 72
366 559 31 61 43
537 183 23 85 29
100 584 64 98 78
100 235 19 77 50
100 512 36 75 65
100 425 52 73 56
100 297 60 89 60
100 172 29 93 86
169 181 59 73 64
169 322 91 97 96
169 638 19 99 23
169 19 87 92 92
169 593 60 99 85
139 395 49 72 52
139 705 66 69 69
139 710 25 35 27
139 517 62 72 65
139 537 13 43 41
337 585 78 98 87
337 531 12 88 45
337 441 83 84 83
337 448 68 89 68
337 510 82 90 87
337 285 92 97 97
337 216 52 85 56
391 314 36 43 36
391 483 70 81 76
391 292 85 98 85
99 692 86 92 92
99 237 75 83 76
99 178 84 94 91
99 327 45 56 51
99 791 75 86 77
692 247 72 95 88
692 496 16 88 47
692 792 37 44 41
692 460 17 66 30
692 238 47 57 48
692 603 24 45 30
237 193 76 86 86
237 253 27 52 30
237 662 40 70 45
237 583 76 92 91
178 416 48 77 53
178 460 26 40 31
327 597 59 91 90
327 646 23 100 75
791 157 33 85 49
791 212 66 91 88
791 233 12 96 82
791 556 14 98 29
791 415 74 95 82
791 529 74 98 79
791 427 67 83 83
235 257 18 60 42
235 417 73 82 81
235 1 95 98 96
235 584 81 99 92
512 532 35 99 68
512 720 60 82 65
512 219 21 49 25
425 260 28 93 33
425 331 45 62 48
425 69 24 99 49
425 430 59 82 61
425 179 91 97 91
172 32 75 94 85
172 388 39 61 42
172 428 41 97 76
101 121 49 83 65
101 306 44 86 67
101 625 55 75 59
121 545 90 93 90
121 224 84 93 84
121 131 12 15 15
121 576 68 89 88
121 496 62 89 84
306 242 52 57 55
306 177 12 16 13
306 75 35 61 59
625 207 26 88 44
625 75 46 97 87
625 306 37 43 40
102 352 16 27 27
102 668 45 68 63
102 252 13 98 74
668 745 16 49 44
668 431 64 67 66
668 765 43 79 77
252 36 57 67 67
252 686 53 71 54
252 475 71 85 84
103 630 80 94 91
103 656 10 45 17
103 811 17 91 26
103 259 20 50 40
103 11 65 81 78
656 650 18 38 30
656 750 63 79 68
656 620 94 96 94
656 115 10 31 30
656 247 63 69 65
811 23 63 90 79
811 446 68 77 77
532 18 53 61 60
666 463 66 84 68
666 160 20 61 45
397 626 10 14 11
397 650 50 98 86
397 149 77 94 87
106 670 81 97 81
106 145 37 77 77
106 327 69 99 75
145 210 61 97 72
145 198 55 74 63
145 771 44 54 49
145 339 59 89 61
145 14 80 90 89
145 708 26 78 77
678 615 53 74 66
678 208 38 43 42
678 74 65 76 73
678 438 54 79 66
802 705 77 95 84
802 247 38 97 49
183 634 21 44 35
183 669 94 97 97
756 575 63 100 63
756 762 91 95 93
756 598 11 58 46
756 735 67 81 80
756 587 44 86 47
756 458 68 82 81
756 278 35 97 38
803 441 62 67 66
803 13 47 94 63
803 204 56 79 73
803 208 11 48 23
109 707 79 83 79
109 84 74 88 81
109 791 43 100 99
109 480 16 51 26
109 128 29 82 55
109 807 88 99 89
109 357 33 37 34
109 432 31 52 45
707 459 94 98 98
707 143 25 53 53
707 452 81 96 82
707 125 56 76 66
707 315 36 98 98
480 549 12 78 52
480 155 83 96 90
480 393 49 72 60
480 242 17 21 19
480 492 28 67 45
480 355 31 41 37
480 431 68 74 74
128 678 60 90 76
128 356 58 96 70
128 97 83 94 83
128 507 88 90 90
128 228 32 55 36
128 148 68 95 79
807 567 63 73 63
807 401 31 41 32
357 309 15 75 57
357 214 44 54 52
357 496 91 97 97
357 593 32 79 45
432 653 46 80 52
432 40 28 79 30
432 747 24 75 74
432 477 35 87 87
110 739 66 75 73
110 342 66 70 69
110 370 54 75 72
110 437 66 77 73
342 97 58 91 69
342 324 86 91 91
342 399 24 25 25
342 757 61 71 65
342 736 85 91 91
342 505 93 100 98
370 481 55 80 77
370 718 58 76 63
370 673 29 86 47
370 424 81 83 83
370 485 76 98 82
370 759 36 59 58
370 743 33 89 37
370 575 67 71 69
112 715 13 64 37
112 49 19 23 20
112 159 48 66 61
585 782 80 100 86
585 178 89 93 93
585 690 94 100 100
585 808 76 97 96
585 297 31 55 36
622 454 16 100 52
622 0 68 87 77
622 414 28 30 28
515 239 16 55 44
515 652 19 43 42
515 147 28 77 75
515 351 58 66 58
515 18 48 82 52
515 109 95 98 98
230 105 21 73 70
230 574 55 97 76
230 292 91 93 93
230 193 62 71 65
230 380 22 95 30
230 616 55 67 56
230 492 91 94 94
230 521 55 66 59
230 299 64 94 94
230 220 68 81 80
187 89 81 93 83
187 383 38 60 39
187 404 21 25 24
474 511 26 100 79
474 322 55 58 56
474 205 47 82 66
474 150 19 38 29
474 797 73 79 74
116 710 72 96 76
116 309 45 57 46
116 253 88 92 92
116 168 51 95 77
710 73 89 100 97
710 256 89 96 94
710 739 30 35 35
309 691 37 74 73
309 814 50 56 54
309 712 47 57 50
309 523 82 85 82
309 473 25 42 42
309 151 55 96 69
253 210 29 48 46
253 528 32 95 53
253 485 32 99 50
253 427 64 81 75
168 569 27 48 32
168 285 25 64 62
168 382 41 42 41
168 712 73 92 75
168 561 55 59 56
117 376 24 33 31
117 87 94 100 95
376 0 46 83 64
376 738 25 70 26
118 266 63 88 65
118 97 74 84 76
118 743 18 75 28
118 288 57 91 79
266 611 68 87 82
266 558 57 81 57
266 431 47 96 48
266 481 26 66 33
266 764 64 65 64
266 597 14 39 33
266 248 70 97 84
288 167 43 54 49
288 472 72 86 78
288 326 79 85 85
384 519 84 96 88
384 274 73 98 82
384 172 42 43 43
384 741 29 35 34
384 129 84 85 85
384 674 92 95 93
120 658 12 22 19
120 623 36 54 39
120 624 80 85 84
120 799 35 94 36
624 748 23 77 63
624 124 81 96 87
624 204 82 93 92
624 633 63 91 78
624 557 27 38 37
624 545 18 35 23
624 547 35 75 59
799 353 23 34 24
799 238 32 91 65
799 548 16 31 30
799 671 64 99 82
545 643 42 53 52
545 557 24 90 26
545 562 75 78 75
545 619 81 97 96
545 72 59 85 61
545 614 88 90 88
224 241 94 100 98
224 180 58 75 73
576 638 91 96 92
496 604 28 66 42
496 90 16 31 28
496 108 82 99 91
596 386 56 71 64
596 348 19 98 78
596 566 62 100 100
596 547 90 91 91
617 808 67 79 76
617 615 10 55 34
617 116 59 81 79
617 173 59 66 65
589 661 19 90 80
589 528 86 96 93
589 209 37 86 50
386 257 23 50 45
386 290 88 96 93
386 808 95 99 97
386 341 89 90 89
473 281 58 92 72
473 224 45 95 80
473 2 24 87 56
510 607 58 78 63
510 791 55 73 57
510 298 64 90 65
510 771 67 89 77
510 523 36 57 36
124 700 78 82 78
124 376 48 71 69
700 574 62 65 65
700 104 86 98 96
700 324 66 98 67
700 593 89 97 91
700 101 64 97 91
700 352 52 59 55
700 499 18 85 78
125 335 68 88 88
335 465 74 89 75
335 433 15 32 29
335 799 20 56 46
335 374 13 94 88
335 139 75 94 88
335 661 34 67 37
335 383 41 60 54
126 456 88 91 91
126 735 86 89 87
126 145 41 52 48
126 206 59 74 68
126 332 10 39 18
126 359 56 72 66
126 316 24 84 59
126 362 26 34 26
332 265 43 54 50
362 806 38 64 48
362 205 55 69 68
127 751 28 98 98
127 807 59 95 71
127 367 62 79 77
751 163 73 96 96
356 427 79 80 80
356 266 50 91 78
356 712 77 92 80
356 314 58 100 90
507 691 53 82 82
507 205 33 80 42
507 369 49 52 52
507 709 29 71 48
507 174 71 90 85
507 84 27 89 62
228 694 85 86 86
228 151 77 99 79
228 421 30 69 47
228 572 86 97 96
228 235 53 61 55
228 733 66 94 70
148 687 44 48 45
148 713 26 80 29
148 221 47 73 62
176 761 57 73 62
176 631 84 92 84
176 382 63 87 77
130 645 48 89 51
130 438 74 93 87
130 417 31 76 49
130 546 39 69 66
645 414 19 61 23
645 589 83 96 84
645 529 73 80 80
438 35 20 81 27
438 279 65 81 65
438 810 87 100 94
438 764 31 34 33
438 211 21 83 83
438 574 17 33 24
417 523 33 65 63
417 475 69 78 75
417 425 29 60 46
417 463 95 99 95
381 567 57 92 83
381 435 10 36 27
381 203 59 100 73
381 674 36 88 83
551 105 85 95 95
264 162 49 53 49
264 625 30 53 52
264 816 75 97 80
264 597 66 99 85
264 702 67 84 71
264 478 38 39 39
302 777 35 84 70
302 335 83 95 88
302 668 27 78 54
302 485 42 93 71
302 299 48 82 70
586 595 83 90 84
586 66 54 72 72
586 62 77 82 80
586 88 77 88 79
665 266 38 44 41
147 9 19 71 61
147 352 31 47 33
774 509 18 21 21
774 594 94 99 96
774 672 31 56 44
774 327 21 91 59
774 547 83 88 83
774 609 73 77 77
774 201 11 55 22
133 447 80 97 95
133 759 15 30 17
134 474 84 97 86
134 172 83 99 91
134 92 93 97 96
135 448 29 53 53
135 328 28 84 71
135 417 51 83 68
448 221 45 57 47
448 481 71 86 74
328 290 44 98 91
328 725 31 59 46
442 498 55 63 55
442 18 79 86 81
442 729 62 66 65
442 517 13 45 36
137 441 19 65 45
137 59 85 88 86
441 527 82 97 92
441 9 55 92 61
441 72 42 85 62
441 547 62 87 85
441 388 67 81 68
694 389 95 99 95
694 763 11 18 14
694 103 95 97 95
694 439 27 64 38
694 800 64 81 78
694 228 23 91 31
775 220 72 85 78
775 816 40 73 64
775 271 45 46 46
775 410 51 89 69
423 187 27 45 35
423 155 64 82 73
423 465 14 24 15
705 431 75 93 88
705 38 79 93 87
705 715 60 74 61
517 465 87 99 93
517 431 10 56 18
798 74 67 75 67
798 59 30 93 93
798 497 84 90 86
141 385 88 97 96
141 235 12 27 22
141 359 13 47 13
141 565 46 68 59
141 188 15 24 15
565 518 66 97 83
565 445 28 54 33
565 658 45 48 48
565 489 32 33 32
565 414 17 21 18
565 144 13 97 65
188 1 49 77 64
188 232 81 98 91
188 722 57 80 71
188 28 15 52 24
188 626 80 94 94
142 718 18 56 26
142 529 72 82 80
142 298 86 91 88
142 340 90 95 90
340 615 14 92 34
340 696 29 97 39
340 465 13 33 32
340 651 80 97 90
340 686 67 79 74
581 645 71 85 85
581 453 40 59 48
581 240 42 80 70
581 226 87 91 89
581 193 10 74 62
581 247 79 93 86
468 54 55 61 60
468 287 86 95 88
468 536 88 90 90
796 617 71 87 80
796 385 56 85 57
796 158 58 91 69
796 528 38 99 94
796 441 19 42 25
796 269 26 52 40
771 59 24 90 80
771 2 43 46 46
771 172 69 88 72
771 471 93 94 94
771 439 71 77 72
339 378 88 92 92
339 10 33 92 64
339 310 33 37 33
146 77 28 94 53
146 19 36 68 39
146 27 66 82 75
146 232 93 94 93
146 560 68 76 68
232 263 25 93 82
232 40 17 72 31
538 206 16 76 71
538 202 93 95 95
538 315 45 53 49
538 703 68 91 84
538 779 55 82 59
538 204 18 98 35
538 503 69 85 82
449 742 50 56 52
449 570 24 28 26
449 467 41 72 68
449 436 43 73 53
449 647 29 93 54
724 34 25 79 27
724 193 86 94 92
724 167 73 97 75
150 309 13 38 20
150 464 77 87 84
150 109 42 67 59
150 521 35 88 38
464 17 58 89 80
464 305 61 92 91
464 232 52 92 60
464 8 38 91 38
464 548 58 87 77
464 239 19 77 23
464 43 72 73 73
289 396 26 61 39
289 817 13 24 14
289 211 14 22 21
289 174 41 80 61
696 679 36 79 51
696 307 86 94 94
696 723 73 98 87
696 220 16 70 56
753 404 45 79 77
753 401 52 55 53
753 470 67 82 70
753 392 67 94 92
753 409 52 59 58
439 339 64 73 65
439 665 53 60 58
439 391 80 87 82
439 599 37 56 45
154 58 48 83 59
154 397 10 97 23
154 712 78 79 79
154 536 27 40 29
154 14 57 92 73
154 616 85 89 89
154 230 81 93 83
712 266 12 42 17
712 710 48 96 83
712 640 15 19 18
712 5 76 96 91
712 463 94 98 97
712 407 95 100 97
712 425 80 99 81
712 341 48 100 70
712 752 23 82 44
712 576 35 57 46
712 213 59 79 73
536 190 65 86 82
536 183 78 97 96
536 721 19 91 78
536 210 60 97 68
536 112 71 86 72
616 337 40 90 71
616 76 28 88 82
616 85 92 93 93
155 698 88 90 89
155 307 38 81 39
698 782 37 87 77
698 235 61 81 66
698 122 86 89 88
698 500 62 82 66
698 769 51 94 80
698 162 38 81 52
698 157 48 49 48
307 175 57 99 64
307 330 17 72 67
307 562 15 95 77
185 812 77 84 80
185 791 87 95 93
185 502 82 93 93
185 308 29 85 36
556 452 88 89 89
556 142 34 92 63
556 786 13 62 22
556 147 85 97 87
478 788 70 87 74
478 143 32 66 66
478 444 28 56 29
478 689 61 68 61
458 781 72 90 74
458 439 21 56 36
458 338 40 91 40
458 266 13 74 55
199 773 10 49 30
199 665 30 86 63
199 40 78 84 80
369 523 43 96 58
369 349 63 95 76
369 655 92 100 95
369 170 31 62 36
369 530 20 50 23
364 105 63 77 71
364 16 11 85 37
364 736 48 57 52
364 764 53 67 53
364 773 91 93 92
364 622 28 34 31
364 769 65 93 90
364 445 83 96 85
748 407 24 71 49
748 93 75 76 76
748 808 62 68 62
748 20 91 95 92
748 60 67 86 85
161 33 57 72 72
161 97 84 86 85
161 215 32 75 71
161 193 95 96 96
161 47 29 55 37
161 269 43 100 99
193 593 91 94 92
193 487 23 67 26
269 115 44 85 44
269 417 76 80 79
269 555 63 76 65
162 710 34 80 60
163 382 33 86 47
163 815 27 31 29
163 37 29 86 60
163 146 40 42 42
815 146 14 31 18
815 692 52 61 58
815 223 63 71 67
815 625 84 94 87
691 365 75 95 89
671 776 50 85 72
671 99 86 88 88
431 162 59 91 76
431 719 51 94 52
166 813 91 96 94
166 118 81 96 86
166 43 57 99 99
246 803 89 94 93
246 773 57 98 71
246 610 14 33 32
561 780 11 30 12
561 683 54 75 66
561 618 56 64 64
561 679 13 37 16
561 655 54 94 67
561 136 50 91 58
322 138 87 98 92
322 535 37 94 53
322 742 61 83 63
593 320 75 97 89
593 754 53 89 79
593 62 53 80 62
593 282 22 67 22
593 677 95 98 96
170 644 46 85 50
196 304 54 94 72
196 251 18 82 67
196 286 24 65 38
196 152 59 62 59
196 547 65 71 70
196 146 35 98 40
196 657 35 75 52
173 727 86 90 90
173 753 72 92 77
173 763 51 88 74
763 341 93 99 97
763 173 88 99 95
763 807 78 90 82
204 678 25 94 48
204 647 36 86 39
204 19 93 100 94
426 207 23 42 40
426 731 45 67 65
426 534 39 48 43
426 315 33 65 63
426 519 28 100 39
175 215 39 45 45
175 756 38 76 65
175 329 95 100 100
175 168 36 96 76
329 54 38 92 71
329 135 34 95 76
329 436 55 64 55
631 413 87 88 88
631 56 64 84 76
631 363 85 86 85
631 213 49 64 57
347 610 25 74 25
347 484 74 80 80
347 813 79 90 83
257 274 69 99 71
257 49 73 76 73
257 698 12 92 63
257 349 34 61 42
257 564 68 76 75
257 467 10 56 36
462 30 67 74 67
462 385 60 93 89
462 781 27 55 35
462 7 67 89 81
462 272 33 76 75
462 682 69 84 81
179 168 63 94 91
179 384 69 98 71
179 301 52 82 81
179 30 19 24 23
179 320 50 56 53
320 239 58 87 73
320 139 16 53 52
320 606 80 88 85
320 800 20 73 47
320 435 32 93 66
180 79 63 67 65
180 478 36 50 38
180 86 35 99 50
180 110 32 95 83
580 404 10 82 37
580 94 28 34 33
580 373 29 82 53
580 803 80 93 86
580 57 89 96 91
580 25 72 84 77
580 18 36 52 44
674 782 39 97 89
674 216 36 93 54
283 346 46 55 52
283 620 88 93 91
182 21 62 82 71
182 4 15 39 18
182 3 35 36 36
182 136 30 86 81
634 132 27 74 49
634 275 50 99 67
634 548 33 49 47
669 174 22 50 48
669 663 42 100 75
669 267 95 98 95
669 109 74 85 77
477 130 64 82 65
477 656 51 55 53
477 729 36 40 36
477 577 93 98 94
477 666 28 60 46
477 561 42 74 51
477 385 29 36 33
769 791 49 61 59
769 628 91 100 94
769 731 33 97 60
769 257 90 94 91
502 186 17 89 36
308 423 91 92 91
308 73 90 97 95
308 682 60 87 66
308 257 27 73 27
308 30 17 71 22
308 255 21 34 31
186 188 91 92 92
186 504 84 92 87
186 795 27 100 89
186 195 25 44 29
186 291 71 96 95
291 190 24 43 28
291 280 29 87 35
291 126 83 87 83
291 101 38 77 46
291 607 85 92 92
291 498 28 68 35
383 569 54 62 60
383 53 43 69 61
404 143 68 86 73
404 675 76 94 89
404 665 48 57 53
189 292 94 96 95
189 768 25 71 59
189 606 95 98 98
189 197 26 69 45
189 48 55 62 55
189 612 12 95 23
189 792 20 65 39
189 34 79 94 89
768 233 20 54 20
768 658 69 100 96
768 688 85 92 92
768 522 46 62 62
190 461 80 83 82
190 510 95 98 95
190 369 21 79 72
191 573 88 99 90
573 674 12 24 19
573 72 88 96 88
573 597 82 85 83
573 544 53 79 65
573 158 93 97 95
573 734 20 59 24
528 179 22 28 28
528 751 28 72 28
528 654 80 88 83
528 449 28 45 44
528 768 40 51 45
528 317 87 88 88
528 695 78 87 80
797 85 43 78 64
797 39 94 98 94
797 339 42 88 51
797 700 49 64 51
797 41 28 49 44
797 726 20 90 80
194 668 10 43 36
194 500 53 61 60
194 295 39 77 59
500 60 24 73 70
500 687 68 70 70
500 243 36 40 40
295 344 27 86 52
295 518 86 91 91
251 708 90 94 90
251 780 38 46 38
547 43 48 63 48
547 154 32 99 40
547 294 67 77 71
773 152 88 89 88
773 539 95 99 98
773 526 72 94 87
200 669 29 47 32
200 705 44 100 56
200 769 30 78 59
201 64 82 89 86
201 55 73 90 89
201 106 78 91 88
201 108 80 91 89
201 314 84 96 95
314 749 86 97 88
314 55 83 91 84
314 802 12 14 12
314 75 62 96 63
314 5 75 82 79
202 470 84 93 89
202 389 66 89 66
202 547 92 94 92
389 3 26 74 43
389 276 33 88 86
389 539 32 53 49
389 607 95 96 96
389 759 20 83 34
389 53 26 76 28
389 55 92 97 96
240 775 20 21 20
240 107 37 79 60
240 427 89 92 90
240 365 13 88 14
793 548 21 76 57
793 734 34 82 36
720 84 89 93 93
720 278 78 91 82
720 768 84 95 92
757 341 90 91 90
757 441 71 87 80
757 801 47 92 83
207 489 56 58 57
207 28 29 49 36
207 111 85 89 87
207 77 28 64 41
207 444 70 75 70
444 106 61 84 74
444 347 88 92 88
444 412 76 82 81
444 602 39 70 69
444 475 55 87 66
208 562 92 97 95
208 489 94 99 97
562 661 54 79 65
562 507 64 89 73
562 447 92 96 92
209 176 55 78 70
209 483 87 100 94
209 325 94 99 99
209 747 18 74 39
325 437 34 66 45
325 286 10 12 12
325 314 27 89 35
325 603 66 88 82
325 633 83 84 83
571 185 66 68 67
571 332 87 94 93
220 442 68 71 68
220 590 56 100 97
220 286 71 72 71
220 335 27 52 52
212 497 26 54 41
212 787 10 16 15
212 21 14 81 57
787 411 87 96 96
787 808 68 84 75
787 471 29 40 34
213 734 38 67 43
213 503 84 94 88
213 480 21 34 29
734 548 28 50 39
734 661 28 41 34
734 396 11 28 27
734 676 34 39 36
734 22 81 96 84
503 790 16 98 86
503 3 81 86 86
503 660 63 100 94
503 554 68 93 68
503 260 56 66 61
250 780 39 72 59
250 46 54 77 56
250 707 39 80 60
250 459 72 91 78
250 88 33 97 95
310 754 49 97 77
310 559 83 90 85
216 434 16 30 30
216 684 44 50 50
216 374 66 71 68
216 241 39 42 39
216 111 27 56 38
434 370 20 97 79
434 483 42 66 54
434 106 94 98 97
684 170 90 98 92
684 140 37 39 37
684 649 15 57 25
684 659 53 65 60
374 817 28 49 34
374 171 38 87 69
241 553 70 74 72
241 609 46 59 59
241 18 35 100 72
293 531 15 70 36
293 735 53 59 53
293 108 25 90 66
293 590 39 81 78
281 295 93 98 98
281 487 95 99 96
281 789 84 89 86
281 181 89 92 89
354 346 91 92 91
354 235 90 99 97
354 596 94 100 94
326 659 93 95 93
353 419 61 79 76
353 406 50 80 58
353 571 66 84 66
353 124 45 75 53
353 794 44 56 47
222 118 92 97 92
222 811 27 54 49
222 438 90 95 92
225 114 91 96 92
225 75 18 48 34
225 763 95 98 98
226 185 79 97 90
226 806 16 38 30
226 655 94 98 95
226 705 34 99 83
226 317 92 93 93
655 510 29 83 65
655 602 20 53 29
655 350 17 85 25
655 135 74 99 90
572 509 83 90 87
733 734 48 58 49
733 274 93 99 96
733 245 12 92 90
733 13 33 55 41
733 732 48 60 59
229 96 39 85 66
229 231 28 98 42
229 191 81 84 83
380 723 38 69 67
380 519 51 96 76
234 690 24 98 41
690 12 53 95 69
690 131 29 93 29
690 115 54 98 77
690 806 43 81 56
690 60 29 30 29
662 105 77 90 84
662 528 50 65 64
662 396 75 95 75
662 619 56 74 71
265 681 88 92 92
265 379 49 62 58
714 536 76 88 78
714 56 11 13 11
714 276 49 85 52
714 246 63 85 69
714 766 21 39 29
276 731 33 56 54
276 784 38 51 51
276 451 23 49 45
427 497 58 95 89
427 355 81 92 89
427 499 69 81 76
553 403 18 95 27
553 418 53 92 75
553 151 29 59 53
553 49 15 79 73
553 302 25 36 34
553 711 82 100 100
242 378 38 73 42
242 478 77 93 89
242 418 10 30 18
378 455 69 73 71
378 806 34 65 43
378 535 10 59 59
260 105 25 31 29
260 516 14 26 19
260 245 29 76 45
260 593 93 97 93
260 49 57 64 58
260 316 10 94 45
260 743 37 77 48
244 400 12 46 39
244 419 48 93 71
244 521 44 78 67
244 788 79 95 84
788 445 64 79 64
788 40 68 70 70
788 700 33 75 72
245 508 38 88 45
245 477 75 96 96
245 70 11 42 21
245 578 22 77 54
610 194 72 75 75
610 40 75 80 79
610 461 94 95 95
467 565 67 94 93
467 532 49 86 49
467 756 32 64 33
467 432 32 68 41
467 645 76 84 81
248 231 62 80 79
248 73 53 63 60
248 495 66 73 67
495 481 61 69 61
459 312 87 88 87
459 411 88 89 89
459 550 95 98 95
459 52 11 31 11
459 363 11 89 56
459 29 36 78 62
459 182 13 27 16
459 231 84 99 97
459 79 24 28 24
686 558 12 32 31
485 644 34 67 36
485 192 13 100 14
485 3 38 76 55
485 391 65 83 81
485 435 29 33 30
485 669 10 45 14
485 43 17 59 43
254 551 34 36 34
254 153 80 89 87
255 705 57 99 84
255 498 43 93 61
255 754 29 71 69
255 579 63 100 84
255 13 18 67 20
754 444 37 59 54
754 749 50 57 55
754 86 62 86 79
579 388 39 66 65
579 551 91 92 91
579 540 29 73 72
579 206 19 70 53
274 713 82 90 88
274 110 34 77 40
274 674 28 35 33
349 23 52 95 65
349 776 93 99 93
349 17 19 81 74
349 546 54 89 79
349 711 55 65 60
258 54 86 90 90
258 156 32 90 57
258 111 24 68 30
258 51 60 66 66
258 669 47 74 72
258 620 21 37 35
258 97 72 78 72
258 292 60 98 67
620 452 17 62 35
261 76 66 74 66
261 228 52 77 77
262 182 18 59 49
262 669 90 96 90
262 757 94 98 94
262 32 40 95 66
597 201 25 43 28
597 331 17 42 33
597 433 27 41 34
597 659 95 96 95
681 385 10 19 13
681 325 37 51 48
681 346 78 90 80
681 285 51 93 89
379 19 37 43 38
379 737 51 56 55
379 520 69 78 69
379 501 79 89 86
558 478 22 95 79
558 463 47 93 51
558 603 32 91 89
558 29 64 91 71
558 76 80 90 84
268 266 58 62 58
268 451 33 64 55
268 113 42 99 65
268 434 24 73 64
268 190 18 93 23
451 123 58 66 62
451 2 86 93 93
555 71 94 95 94
555 44 40 89 47
555 496 53 57 53
555 380 13 15 14
555 644 59 86 60
555 327 94 98 95
270 63 24 49 28
270 216 92 98 92
270 185 64 68 67
271 591 54 59 54
271 666 67 68 68
271 315 13 38 35
271 680 60 90 60
591 82 37 79 72
591 228 30 62 43
591 518 71 92 74
591 408 34 71 63
591 377 24 27 26
315 666 54 81 77
315 407 15 54 31
315 344 31 89 47
680 381 31 90 82
680 648 16 44 24
680 539 61 68 62
272 471 86 90 87
272 350 58 93 74
272 605 17 24 19
471 634 75 82 77
471 753 69 72 72
605 722 61 69 62
605 249 82 83 83
605 402 78 91 83
605 367 29 100 78
605 15 35 76 73
273 350 92 93 93
273 535 57 98 78
273 77 75 86 83
273 124 67 86 86
273 259 53 63 60
273 327 93 99 94
273 84 33 74 44
535 3 41 42 42
535 738 44 58 47
535 23 63 91 68
535 391 26 42 30
535 236 35 56 46
535 377 64 72 68
275 510 17 46 17
275 271 53 93 68
784 542 81 99 85
784 662 65 99 79
784 601 94 99 96
784 646 23 73 62
784 768 45 52 48
278 109 71 93 87
278 375 24 83 73
278 70 80 87 82
375 355 43 74 53
648 391 61 76 70
648 594 24 61 54
648 324 34 72 63
648 292 12 17 16
648 266 30 37 37
648 407 60 84 67
648 92 78 100 82
648 790 41 86 44
430 365 88 92 91
430 10 27 32 27
430 168 37 78 45
430 575 66 99 94
430 370 67 73 72
430 478 22 97 38
430 112 84 94 90
282 3 76 99 98
282 336 17 85 19
282 395 63 68 68
282 20 14 69 57
346 802 92 95 94
346 17 48 55 55
346 305 78 87 80
284 358 48 97 60
284 74 21 43 41
284 248 44 86 54
284 27 85 92 91
284 195 82 94 86
358 697 35 73 58
358 499 68 96 84
358 270 78 95 87
358 130 35 54 54
358 632 83 91 85
358 443 25 77 45
639 321 19 38 28
639 737 66 67 67
639 419 33 83 75
287 209 93 96 96
287 99 16 77 18
817 120 38 57 40
817 170 52 95 53
817 202 79 87 84
817 124 36 72 66
817 97 51 69 58
290 97 47 68 61
290 364 38 59 53
290 4 19 49 47
607 259 59 76 60
607 204 42 78 74
607 423 69 98 92
607 669 93 100 97
607 707 77 84 84
294 656 37 76 45
294 314 84 88 84
294 238 82 90 90
294 140 19 27 25
344 120 24 29 29
344 810 66 76 71
344 311 81 99 90
344 471 64 100 78
296 319 61 93 81
296 588 82 99 99
296 19 37 93 79
296 762 84 89 86
296 437 66 93 83
296 787 63 72 70
588 60 87 88 87
588 548 52 93 80
588 205 76 97 81
300 449 38 51 38
300 717 18 19 18
300 589 93 100 94
777 581 29 91 61
361 796 15 43 29
361 87 92 96 93
361 767 46 81 75
361 528 92 93 93
361 325 42 67 62
361 331 74 81 77
305 496 81 87 83
305 391 73 80 80
305 596 32 79 78
305 398 33 53 36
305 681 29 91 51
305 772 51 75 71
305 77 40 49 47
398 672 94 99 97
398 764 14 66 15
814 503 37 88 62
559 533 79 94 84
559 339 83 94 91
559 367 86 100 97
559 8 31 73 68
312 580 83 98 86
312 655 64 69 64
312 538 90 91 90
312 719 46 99 95
313 85 28 76 39
313 282 90 99 94
313 765 77 79 77
313 128 44 53 48
313 681 59 64 59
313 582 62 93 83
313 395 82 85 84
765 95 18 67 39
765 358 42 83 52
765 614 51 85 76
765 796 68 73 73
765 157 85 88 86
582 786 62 88 68
582 414 52 76 67
582 713 60 64 60
457 61 43 71 70
457 150 82 90 90
457 454 90 91 90
737 538 30 80 34
737 144 75 88 78
689 200 41 64 55
689 688 94 99 98
689 574 75 96 82
689 241 17 41 38
800 544 87 94 94
800 480 64 72 69
800 337 46 90 55
800 663 46 91 54
800 698 31 86 46
435 813 87 100 91
435 448 62 87 80
435 784 65 70 65
742 476 60 67 60
742 484 27 31 31
742 797 59 66 66
323 239 86 88 88
323 38 52 99 76
323 455 48 52 48
323 537 39 51 51
323 728 77 88 81
323 241 72 80 72
324 418 41 91 42
324 634 70 78 78
324 229 91 93 92
324 437 30 79 43
324 82 70 75 71
324 581 61 91 86
324 15 20 48 31
603 773 55 81 60
603 88 83 100 86
603 499 57 68 60
633 194 71 77 74
633 381 64 87 87
633 422 55 62 61
659 326 25 94 85
659 81 77 79 78
659 20 79 99 91
659 317 56 60 58
659 242 38 74 67
659 386 11 93 93
725 555 26 96 45
725 38 95 98 98
725 89 30 68 33
725 299 65 81 68
333 611 80 87 87
333 260 95 100 100
333 460 13 48 34
333 810 13 65 20
333 547 39 63 50
333 319 82 95 95
331 521 90 91 90
331 100 80 85 84
331 322 24 56 35
331 586 33 54 49
331 251 26 80 28
810 342 71 83 78
533 535 83 87 84
533 475 77 80 79
533 478 58 78 77
465 388 19 35 22
465 315 94 95 94
661 684 61 83 75
661 621 88 90 88
338 569 85 88 87
338 714 79 87 80
338 303 75 91 75
615 502 87 92 89
615 353 93 95 93
615 245 14 98 49
615 5 93 96 95
615 139 22 42 37
615 195 70 98 95
615 317 21 26 25
729 456 68 74 73
399 57 21 79 55
399 296 56 86 73
399 40 85 96 95
399 437 87 100 91
736 546 54 92 63
736 227 79 88 85
736 772 11 49 39
726 591 95 97 95
726 669 82 99 86
726 471 38 62 41
534 286 48 75 72
534 597 13 77 58
534 0 88 98 91
345 707 16 28 17
484 677 62 72 65
484 82 41 54 43
484 764 34 98 38
484 590 77 79 77
776 677 63 81 78
776 665 79 89 88
776 261 40 47 44
767 121 72 97 96
767 322 60 80 73
767 99 24 69 50
767 772 64 84 72
767 71 91 93 93
767 543 50 99 58
406 86 69 88 72
406 646 71 84 78
406 3 66 74 70
406 250 21 67 59
406 683 70 92 77
406 402 89 92 91
794 161 71 85 82
794 522 39 98 51
355 740 80 82 81
355 687 75 91 89
355 512 16 45 32
740 407 70 90 79
740 82 29 96 57
740 20 87 89 87
740 124 94 97 96
697 688 20 65 22
697 700 82 83 83
697 367 11 76 36
697 89 36 84 79
360 761 49 80 76
360 300 26 31 26
363 476 66 92 72
363 400 82 100 86
363 706 73 98 90
363 583 75 85 75
476 152 62 93 76
445 499 17 38 33
445 250 51 93 57
673 437 36 86 36
673 258 81 98 83
673 425 73 86 76
575 245 30 48 47
575 145 38 66 62
575 379 33 81 74
575 173 30 45 35
575 391 26 54 27
575 257 48 96 89
575 454 30 78 48
372 732 14 57 41
372 313 55 99 60
372 317 72 78 78
453 747 76 81 77
453 406 89 98 95
453 27 35 64 47
453 813 86 91 90
453 490 62 91 75
453 23 62 70 64
453 231 20 64 41
738 69 23 100 28
738 621 55 75 58
738 219 61 76 71
738 113 79 88 83
738 59 27 60 53
738 360 39 80 39
377 520 34 59 57
377 485 14 53 22
377 166 89 99 94
377 515 80 95 86
377 652 91 92 91
520 796 87 96 95
520 640 67 96 80
652 667 76 82 81
652 470 89 99 97
652 509 73 96 81
652 610 80 93 80
652 712 24 92 56
652 235 49 95 86
652 478 67 95 91
652 137 22 86 53
501 581 33 90 48
501 502 63 64 63
501 213 21 29 26
501 707 46 81 71
501 548 48 53 53
519 534 11 38 15
519 312 14 97 70
519 296 51 54 51
567 212 95 100 98
567 661 84 87 86
567 548 31 79 60
567 609 28 89 60
567 301 16 76 21
567 588 75 98 94
741 106 94 97 94
741 63 72 78 75
741 250 69 86 74
741 522 63 78 76
741 36 33 91 67
770 107 95 97 97
770 335 10 54 28
770 514 95 97 95
770 580 45 58 53
770 249 19 70 31
770 104 91 99 99
808 725 84 91 85
808 364 42 66 42
568 546 33 44 38
568 9 44 70 55
568 285 55 61 55
568 232 13 75 53
539 253 37 44 44
539 14 22 71 70
539 279 73 74 73
539 260 20 37 33
539 556 17 37 37
390 305 51 57 55
390 118 29 33 32
390 785 28 56 50
390 38 60 100 91
390 571 28 41 35
785 25 22 52 38
785 505 70 89 89
785 481 94 100 97
393 1 34 65 56
393 763 32 55 47
393 182 83 98 91
393 545 90 98 96
650 536 68 94 74
650 57 81 94 82
650 253 42 72 50
650 776 82 87 85
650 487 62 67 67
650 521 34 72 34
650 317 88 90 89
650 394 38 97 40
403 363 61 62 61
403 484 13 21 14
403 786 62 87 73
403 386 75 79 76
786 419 81 91 81
786 263 91 99 97
786 499 60 62 60
675 736 40 45 45
675 496 76 82 76
408 313 41 91 46
408 814 77 82 77
408 315 55 77 77
410 217 84 94 86
410 84 73 98 90
411 213 18 93 19
411 316 80 98 94
413 333 43 80 46
413 509 81 97 85
413 135 62 86 71
413 675 49 88 60
509 260 55 68 62
509 193 26 29 26
509 564 83 95 83
509 465 66 78 74
486 182 26 76 71
486 374 56 76 64
486 549 56 81 74
415 476 57 95 63
415 458 33 93 43
415 143 12 19 13
415 727 37 88 49
415 713 16 49 46
415 651 52 71 65
463 413 10 56 25
463 260 25 50 50
463 541 13 73 61
420 138 22 67 33
422 817 77 87 79
422 255 76 89 89
422 455 32 62 58
422 133 17 20 20
422 700 24 81 81
599 691 46 61 47
599 311 46 83 52
599 373 37 54 42
440 122 59 74 65
440 676 93 99 94
440 632 66 98 69
440 109 67 92 86
440 406 35 76 68
676 305 68 88 76
676 294 14 68 34
676 582 67 93 70
676 81 79 80 80
676 631 59 65 62
676 389 88 96 91
527 505 37 73 65
527 115 48 83 77
527 492 58 81 81
527 96 75 99 99
527 711 14 98 31
570 108 80 86 84
570 563 75 88 80
570 377 61 82 75
540 199 74 82 75
540 58 67 98 84
490 649 56 61 58
490 552 69 76 75
490 147 26 38 27
490 109 41 63 52
635 53 37 42 37
635 482 19 41 40
635 78 35 49 36
550 234 54 98 70
550 39 40 81 57
550 779 29 38 38
548 129 12 22 12
548 578 10 78 59
548 719 15 75 41
511 524 54 60 56
479 158 89 93 91
479 4 69 79 73
479 101 55 61 61
482 374 88 98 94
482 224 23 26 24
482 318 43 84 51
677 260 39 57 57
677 289 46 87 87
494 470 61 75 72
494 165 57 71 58
494 250 31 92 34
494 484 23 34 33
790 16 95 96 95
790 243 88 92 92
790 188 64 96 80
790 767 47 53 51
790 99 55 61 57
660 490 43 46 46
660 179 34 88 41
660 138 37 68 46
660 515 65 95 79
660 430 39 98 86
804 654 56 81 65
804 347 28 66 47
804 167 34 98 85
709 87 86 99 98
709 627 10 56 10
709 321 80 84 84
514 177 93 98 98
514 486 42 73 68
514 200 11 53 53
640 691 79 92 90
640 638 63 89 72
600 343 16 66 62
695 172 94 97 96
695 436 58 100 74
695 3 61 82 70
721 105 29 67 30
721 173 13 82 66
779 688 55 64 55
779 8 59 61 61
779 450 27 51 45
543 333 92 97 94
643 29 48 49 48
643 580 69 73 71
643 74 20 85 23
557 707 17 26 23
557 360 81 90 84
557 64 33 91 89
618 14 80 83 80
618 624 70 90 86
618 442 91 98 97
618 55 50 84 60
782 10 28 54 48
782 716 11 33 25
782 439 68 83 71
782 692 22 74 68
782 649 27 80 79
595 641 93 99 95
595 151 87 88 87
592 687 40 55 41
592 432 60 62 62
592 159 32 94 61
592 136 67 92 84
601 60 61 96 96
601 140 74 93 74
601 691 90 91 91
601 431 41 92 48
601 398 62 84 79
613 673 92 94 93
613 697 79 87 87
613 26 13 30 18
627 647 76 88 87
627 678 63 99 65
627 290 48 67 55
627 496 24 33 27
628 50 74 87 79
628 447 69 99 89
628 621 27 56 45
628 280 10 19 13
628 26 15 43 30
628 509 20 27 20
629 577 94 97 95
629 185 65 98 72
629 423 19 69 64
629 583 78 94 92
629 28 66 76 75
629 155 75 84 82
629 566 37 63 62
636 181 82 83 82
636 46 59 64 62
636 546 54 55 55
636 9 89 98 98
636 669 23 65 59
636 176 34 58 40
637 158 25 40 40
637 472 29 99 31
637 596 69 71 71
637 83 61 80 74
667 609 78 93 86
667 291 51 56 55
667 773 59 73 70
663 544 22 90 42
663 341 44 57 49
663 197 26 28 27
760 579 59 87 60
760 14 71 81 76
760 379 15 82 51
685 384 55 94 64
685 697 46 71 51
685 301 29 99 61
685 483 25 72 43
685 724 17 89 35
685 192 94 96 96
693 428 39 90 86
693 153 72 99 93
752 299 30 38 32
752 33 72 93 88
752 561 58 76 75
752 368 43 86 58
752 127 54 56 55
752 280 93 97 95
744 763 10 66 57
744 445 33 46 34
744 643 59 68 65
744 98 13 83 78
744 714 90 94 92
755 683 51 97 77
755 140 93 99 99
755 52 81 91 91
755 405 39 76 48
758 535 58 81 77
758 180 31 71 43
758 349 26 72 28
758 335 33 35 33
758 334 94 98 97
809 80 29 55 52
809 815 37 99 95
0 817
