189 550
0 70 71 88 84
0 55 41 89 64
0 130 31 33 33
70 170 47 83 56
70 63 15 44 31
70 6 49 64 64
55 166 39 43 42
55 129 55 79 74
55 77 62 64 62
130 1 72 99 95
130 112 23 69 33
130 172 76 96 84
1 24 34 50 35
1 173 92 96 92
1 47 62 73 66
1 113 32 56 40
24 26 95 100 98
173 21 35 81 73
173 142 31 41 39
47 41 15 73 58
47 35 14 79 69
47 49 91 98 92
113 136 82 100 91
113 124 86 92 89
113 95 49 77 73
2 64 43 84 51
2 71 90 99 95
2 31 46 51 51
2 150 91 97 91
64 27 49 92 76
64 148 51 93 73
64 85 89 99 98
64 70 85 99 98
71 96 31 87 85
71 122 87 93 90
71 139 56 89 79
71 157 36 40 40
71 175 31 96 71
31 116 95 99 98
31 154 71 95 81
150 49 41 98 83
150 70 48 49 48
150 93 42 97 68
150 160 10 70 70
150 92 32 96 50
150 173 22 24 22
4 95 66 95 94
95 30 50 64 64
95 107 57 65 60
5 96 78 82 82
5 89 24 46 35
96 157 23 24 23
96 120 23 48 42
96 33 19 72 59
96 70 13 83 20
89 75 22 56 44
89 160 70 92 80
89 15 32 49 37
89 72 56 57 56
6 158 78 100 80
6 161 54 90 56
158 160 22 79 49
158 37 26 93 41
158 51 21 48 36
158 44 74 75 75
161 188 55 83 67
161 67 78 80 80
7 54 74 78 76
54 45 43 100 51
54 154 20 89 69
8 91 16 51 46
8 132 55 94 62
91 134 58 79 58
91 181 85 92 91
132 58 89 91 89
132 9 77 78 77
9 46 33 69 48
9 14 67 70 69
9 32 78 85 79
46 169 75 95 90
46 128 46 76 75
46 33 51 58 56
46 144 35 62 40
46 58 24 49 49
46 80 42 91 47
14 150 55 73 69
14 147 12 22 12
32 84 94 97 94
32 93 53 60 60
32 134 65 83 67
32 132 27 83 73
32 109 10 94 70
10 99 88 100 99
10 70 94 97 95
99 153 52 70 57
99 41 88 95 95
11 40 62 89 74
11 55 17 56 17
11 183 63 81 76
11 170 30 44 41
40 149 12 21 20
40 153 51 89 60
183 5 16 61 22
170 34 66 86 70
170 63 11 17 17
170 111 83 86 83
170 17 57 58 58
12 156 61 70 68
12 184 38 88 52
12 100 33 84 77
156 187 25 63 30
156 135 40 58 56
156 107 80 90 85
184 141 32 90 57
184 94 84 100 87
100 124 43 58 47
100 46 61 76 73
100 110 33 85 48
100 14 91 95 93
13 90 64 69 65
13 73 15 67 24
13 37 86 96 86
13 49 53 81 71
13 31 76 88 88
90 58 45 48 45
90 175 27 96 42
90 135 50 51 50
90 0 26 62 47
90 16 56 71 69
73 141 88 94 91
73 71 83 84 83
73 66 52 69 54
73 18 83 98 85
73 61 65 81 77
73 39 45 48 46
49 25 45 88 72
49 6 31 57 43
147 143 93 100 98
147 81 42 48 43
15 149 20 82 45
15 85 78 84 80
15 104 60 74 65
15 167 48 69 68
15 173 21 65 54
149 131 52 54 54
85 146 20 93 78
85 38 49 83 76
104 119 40 98 66
16 17 95 97 97
16 161 71 75 72
16 87 13 67 53
17 136 48 59 50
17 109 41 61 49
136 151 31 74 56
136 116 85 91 91
136 4 90 99 92
136 33 71 95 81
136 173 73 89 88
109 153 53 95 88
109 10 55 65 65
18 92 76 93 81
18 98 42 70 61
18 97 63 64 63
18 71 91 95 92
92 101 94 95 95
92 180 32 100 86
92 122 38 92 50
98 5 12 32 31
98 130 34 47 46
98 131 85 92 89
97 52 78 96 86
97 49 61 72 64
97 29 45 85 46
97 149 51 79 69
97 55 55 64 64
19 99 66 83 82
19 180 75 84 79
19 138 41 93 46
180 109 77 78 78
180 86 93 95 94
138 81 88 91 88
138 66 53 79 61
138 41 86 99 99
138 123 31 82 31
138 141 43 65 44
20 77 31 91 88
77 188 77 100 83
77 139 72 95 94
77 130 26 93 42
22 11 83 92 86
22 164 14 37 29
22 55 30 82 66
164 184 35 53 41
164 40 25 53 43
164 162 90 99 96
164 142 61 63 63
164 26 87 91 89
23 58 20 32 24
23 79 76 100 84
23 55 85 98 89
23 57 54 72 62
58 17 33 41 35
58 79 14 55 28
58 72 24 74 57
58 168 56 76 58
58 105 18 78 43
58 160 35 41 36
57 88 93 96 94
26 18 53 70 59
26 173 44 77 75
25 134 35 84 69
25 150 56 69 69
134 116 33 96 49
27 88 27 52 34
27 68 81 95 88
27 182 93 99 98
27 136 15 59 21
27 119 40 64 61
88 96 17 86 68
88 26 33 55 51
88 116 78 82 79
88 187 84 95 86
68 155 68 89 70
68 60 35 48 48
68 78 69 87 83
68 176 49 87 53
182 82 16 18 17
182 120 51 54 52
182 24 87 100 99
182 164 55 67 58
182 21 74 96 78
182 35 10 56 27
119 71 38 78 49
119 143 52 66 59
28 32 75 76 76
28 12 27 81 79
28 126 71 72 72
28 5 23 41 32
28 46 23 26 26
28 63 83 97 86
126 45 22 61 44
126 102 31 89 63
126 133 64 85 67
63 50 93 94 94
63 64 72 76 76
63 26 88 97 88
29 59 79 91 79
29 93 29 34 34
29 160 61 84 61
29 182 77 78 77
29 15 48 79 74
59 181 49 88 59
93 56 12 82 70
93 136 52 71 57
93 126 55 96 56
93 164 36 48 38
160 157 54 95 70
160 2 16 38 38
30 58 61 82 72
30 139 50 91 51
30 149 76 89 89
139 90 32 78 45
154 123 65 98 98
154 118 13 91 15
154 70 74 75 75
84 43 81 89 84
84 68 15 64 16
33 42 44 45 44
33 181 78 95 83
42 95 77 81 81
42 22 62 82 62
181 59 55 76 62
181 123 31 67 40
181 33 95 97 95
181 10 26 32 31
34 43 94 97 94
43 77 38 42 38
43 47 75 86 82
43 169 20 23 23
43 134 55 86 83
35 78 29 87 67
35 64 87 94 87
35 34 23 52 35
35 184 58 72 69
35 144 52 59 57
78 86 51 60 58
78 3 63 100 99
78 73 87 99 89
78 65 55 59 56
78 23 69 95 92
78 139 45 90 56
78 174 42 78 77
144 0 77 81 78
36 73 82 99 93
36 89 76 90 78
38 165 90 91 90
38 95 90 97 90
38 66 59 82 67
165 85 61 75 65
165 45 36 78 74
39 81 67 98 79
39 106 61 69 68
81 53 27 28 28
81 122 90 100 96
81 67 40 57 48
81 142 46 59 47
106 1 86 99 90
106 2 95 98 95
153 38 23 90 54
153 157 45 84 52
41 102 95 99 96
41 13 12 52 44
102 128 24 73 52
169 121 83 86 86
44 141 34 53 46
44 0 93 99 96
44 173 38 63 59
44 187 89 99 96
44 9 38 88 40
44 176 61 71 71
44 46 58 86 68
141 124 52 85 63
187 1 31 43 35
187 60 14 86 56
176 81 87 89 89
176 64 25 88 69
176 127 14 62 43
45 121 54 63 61
45 78 25 80 52
45 20 52 94 83
45 42 54 67 62
128 71 36 53 37
128 36 58 89 70
128 170 93 98 97
128 168 47 67 51
80 68 33 87 37
80 163 40 93 56
80 107 33 52 45
48 133 83 100 96
48 169 66 100 88
133 108 49 87 73
133 107 13 28 27
133 41 89 92 92
133 143 74 87 74
50 85 33 56 38
50 134 51 55 52
50 64 90 93 92
50 19 10 75 58
50 72 51 99 52
50 75 91 98 98
72 185 59 98 79
72 70 22 74 68
51 102 68 83 68
51 9 39 72 46
51 32 79 91 80
51 138 90 91 91
52 14 13 16 16
52 101 15 47 21
52 68 69 78 74
101 36 91 96 94
53 177 47 100 47
53 66 69 84 79
53 182 60 69 61
166 97 55 59 55
166 74 80 99 88
166 186 81 97 91
166 133 22 35 26
166 114 25 51 44
129 4 79 82 81
129 41 36 68 47
129 79 79 82 80
56 121 27 59 46
56 104 16 70 38
56 180 59 100 61
56 18 71 76 72
168 71 44 72 53
168 78 76 86 76
168 8 18 85 37
168 52 44 50 50
168 68 28 42 36
168 150 42 67 52
105 24 59 85 67
105 62 72 83 82
60 31 73 76 73
60 71 18 26 24
60 178 41 68 44
60 174 90 99 93
178 118 41 45 42
178 74 80 87 87
178 166 11 25 24
178 141 42 50 42
178 79 11 75 35
174 18 15 92 62
174 68 43 56 48
174 60 72 83 76
174 124 71 77 76
61 87 23 57 45
61 44 89 97 94
61 164 62 81 77
61 70 60 74 67
61 53 41 43 43
62 16 95 96 95
62 124 45 82 56
62 173 50 54 54
62 54 75 78 76
62 76 60 73 71
62 170 89 91 89
62 64 62 84 73
124 149 74 86 84
124 88 94 100 99
124 184 62 84 80
76 69 53 90 77
148 29 51 97 80
148 162 21 74 42
148 99 35 42 41
148 171 83 84 83
148 115 18 41 29
148 144 55 62 56
65 98 38 55 53
65 127 59 62 59
65 51 44 48 47
127 130 93 94 93
127 79 15 74 27
67 186 11 64 35
67 30 34 43 41
67 154 64 72 64
67 85 21 33 29
67 43 13 14 14
186 38 51 79 74
186 3 65 96 81
186 76 84 98 96
155 85 39 59 49
155 6 67 85 83
69 148 85 100 87
69 61 47 81 78
122 53 91 96 92
122 121 17 28 24
122 139 43 59 45
157 154 50 56 50
157 124 80 89 84
175 34 44 69 45
185 67 15 55 25
74 12 81 85 84
74 131 79 96 81
131 116 39 84 70
131 142 57 91 68
131 122 36 57 38
131 124 36 95 40
188 125 19 33 28
188 59 22 88 54
188 33 74 83 74
188 4 26 67 36
86 77 64 97 69
86 40 60 85 72
86 105 60 84 77
163 134 69 73 72
163 4 91 99 98
163 116 26 84 82
163 93 12 62 29
163 127 74 87 79
107 62 93 99 95
107 104 38 62 45
107 88 74 92 89
142 21 49 74 64
142 135 85 89 86
142 12 88 95 90
142 36 50 95 59
82 62 67 78 76
83 104 34 47 40
146 172 47 90 68
146 126 13 38 31
135 179 66 71 68
135 39 71 93 77
135 147 45 84 69
94 38 87 88 88
94 43 53 69 60
120 178 58 68 63
120 41 82 84 84
120 58 14 28 18
120 2 17 61 49
120 61 33 85 37
120 115 62 93 72
110 9 43 84 64
110 164 32 65 51
110 179 61 89 65
103 121 13 34 23
103 135 41 76 64
103 78 21 69 39
108 169 85 89 87
108 31 84 91 87
179 126 63 76 71
179 127 92 94 94
179 108 76 89 82
179 34 58 63 63
111 149 54 69 66
111 125 74 100 76
111 58 20 35 28
111 10 73 96 73
111 92 60 84 75
111 122 49 99 81
125 68 32 92 79
125 119 24 30 30
125 64 85 100 90
125 8 76 82 76
112 59 85 94 90
112 94 42 74 55
114 61 34 77 46
114 176 54 96 75
114 78 33 85 36
114 110 35 58 58
114 118 33 44 38
118 182 93 99 93
118 65 57 84 78
118 61 33 50 48
115 137 82 96 88
137 147 91 95 91
137 181 70 95 94
137 63 52 86 74
137 172 62 78 66
137 53 83 92 89
117 27 51 100 63
117 50 86 100 87
143 48 29 99 88
123 170 48 63 48
123 135 64 90 79
123 155 23 38 23
123 114 39 67 48
172 166 72 92 88
172 73 60 77 74
172 56 31 49 41
172 85 40 53 48
151 13 20 90 69
151 164 81 85 84
140 178 83 100 84
140 133 94 96 95
145 180 15 74 38
145 21 28 76 36
145 78 10 93 30
162 33 18 99 95
162 34 32 51 44
162 68 46 85 72
171 56 20 76 60
171 91 22 75 55
171 166 55 74 64
171 2 21 78 31
152 127 80 91 80
152 0 15 33 16
159 19 56 84 69
159 3 49 60 59
159 184 78 95 84
0 188
