37 76
0 10 21 23 21
0 6 52 65 63
0 8 23 87 25
0 22 29 62 43
10 28 26 40 40
10 22 66 70 68
6 28 68 84 76
8 13 60 82 62
22 30 77 78 78
22 34 29 97 52
1 28 39 95 76
28 36 38 87 67
28 12 83 99 87
28 13 20 68 50
28 27 15 68 60
28 31 35 98 74
2 21 16 23 20
2 12 35 77 66
21 12 46 70 52
12 25 59 84 68
12 0 83 86 86
4 22 10 87 38
4 20 60 70 60
20 35 46 96 66
20 19 58 84 75
20 32 41 70 49
20 18 40 74 51
5 9 92 96 92
9 31 34 51 42
7 23 78 99 97
7 3 72 92 75
23 19 71 75 72
23 10 41 95 95
23 2 58 60 58
13 30 55 69 58
31 2 95 98 97
31 32 46 52 46
31 3 68 82 82
31 19 31 37 33
11 22 42 76 66
11 12 15 30 20
11 21 80 84 82
25 20 82 93 82
25 19 14 31 30
30 35 89 99 98
30 26 69 73 73
30 12 11 75 70
14 5 60 92 85
14 34 60 82 64
14 21 52 76 76
34 30 85 93 87
15 21 15 79 79
15 23 56 67 64
16 5 61 95 75
16 31 23 75 57
17 6 39 79 52
18 11 86 96 94
18 19 21 35 21
19 20 87 100 88
35 12 16 67 58
35 28 74 93 82
35 31 22 38 24
35 19 72 93 77
35 2 49 65 56
32 13 85 87 86
32 23 44 65 50
32 19 43 60 43
24 4 28 100 41
26 24 57 58 58
26 30 68 88 78
26 4 89 90 90
27 2 48 89 70
36 20 34 37 34
29 14 14 47 41
29 30 61 83 77
33 17 94 100 99
0 36
