44 108
0 28 48 79 71
0 37 74 83 74
0 11 71 74 71
0 26 21 79 27
28 16 82 94 93
28 23 86 97 88
28 35 22 48 30
37 6 86 88 87
11 28 57 61 58
11 13 11 78 55
26 9 80 94 87
26 36 34 36 34
26 1 74 80 75
26 2 64 67 64
1 29 52 90 58
2 21 66 90 68
2 24 82 84 82
21 32 19 55 44
21 16 94 97 95
21 37 36 87 53
21 5 93 94 93
24 20 13 46 37
24 6 35 78 61
24 15 51 100 98
3 5 76 93 86
3 16 81 92 85
3 8 61 68 67
3 6 29 97 49
5 27 41 48 45
16 13 60 97 92
16 12 30 50 36
16 43 38 43 42
16 4 58 82 76
16 0 12 52 23
8 35 12 91 39
8 31 44 82 63
6 35 16 76 71
6 34 46 89 64
4 1 32 91 80
4 10 63 82 72
4 26 84 86 85
10 2 89 92 90
10 31 28 58 51
35 24 62 71 70
34 27 28 89 72
34 21 35 52 35
7 19 10 80 67
7 4 75 78 76
7 22 91 100 98
7 29 87 95 87
19 42 18 29 24
19 38 36 66 53
22 35 58 93 89
22 30 95 100 99
31 1 74 88 84
31 20 45 46 45
31 36 11 77 21
31 25 62 90 73
9 15 78 87 83
9 39 15 76 74
9 2 31 46 45
9 21 60 76 61
39 35 11 63 48
13 43 18 30 21
13 5 27 33 31
13 32 19 28 24
43 1 84 87 85
43 20 48 53 49
32 19 39 66 55
32 21 41 94 47
32 11 66 68 68
32 29 14 97 84
32 34 10 41 27
32 5 71 80 76
32 36 15 96 33
14 31 91 92 91
14 17 47 50 47
14 13 15 22 17
14 8 17 66 30
17 28 82 97 85
17 21 23 35 29
18 37 90 93 90
18 6 13 20 16
18 7 59 99 66
42 18 30 47 38
42 35 48 83 56
38 35 87 96 94
38 5 82 83 83
38 17 62 65 62
20 25 61 70 62
20 7 30 67 64
25 6 72 100 99
25 37 47 54 53
25 7 23 57 24
25 42 60 61 60
25 14 45 47 45
23 27 50 77 69
23 10 79 93 84
23 38 77 93 90
36 21 59 97 74
36 38 39 100 91
36 30 69 86 84
36 2 41 93 90
36 32 58 84 73
33 38 17 91 27
40 26 26 63 37
40 16 55 87 84
41 34 12 90 39
0 43
