1788 3345
0 605 51 56 52
0 1179 49 91 90
605 1434 39 64 52
605 732 69 75 69
605 485 90 96 91
605 516 28 50 34
1179 630 81 86 84
1179 319 22 69 41
1179 1126 71 84 75
1 1456 12 57 21
1 1780 95 100 97
1 1762 39 66 41
1456 1344 81 93 90
1456 1314 94 95 94
1780 576 43 63 51
1762 379 62 89 79
1762 1328 49 81 64
1762 241 12 15 14
1762 612 36 41 36
2 915 86 89 89
915 224 56 96 78
915 113 91 93 92
3 1769 71 75 71
1769 712 20 70 38
1769 985 80 98 83
1769 1432 17 45 34
4 851 10 32 20
4 366 82 91 85
4 1083 74 85 74
851 314 60 97 69
851 1055 43 66 65
851 1682 64 99 75
366 121 11 33 23
366 524 22 99 38
366 1708 88 91 89
366 1138 80 92 91
1083 446 74 88 85
1083 186 27 42 34
5 15 82 98 88
6 1115 21 57 29
6 1316 87 90 88
1115 1348 27 86 51
1316 1520 68 86 82
1316 1056 29 86 85
7 828 53 90 87
8 1159 25 30 27
9 1713 50 97 79
9 431 81 98 81
9 1055 55 85 61
9 1052 88 92 92
1055 842 81 84 82
1055 1533 75 88 75
1055 1139 81 95 95
1055 1668 79 84 80
1055 516 40 76 63
1055 1479 30 78 51
10 1043 77 80 77
10 265 22 90 86
1043 234 35 94 92
1043 437 92 94 93
1043 658 25 51 45
265 1399 76 80 78
11 1073 26 98 31
11 728 71 96 82
11 331 36 76 60
1073 376 59 85 59
728 1328 82 87 82
728 874 78 86 84
728 927 32 95 44
728 786 11 17 11
728 977 10 12 11
331 245 19 44 36
331 1145 67 82 75
331 917 39 56 56
12 1146 74 84 81
1146 1277 29 80 32
1146 1106 88 95 89
13 599 70 73 72
13 1102 72 85 82
13 63 78 79 78
13 666 66 85 85
13 1194 95 99 99
13 434 83 87 86
599 1666 65 94 70
599 26 43 86 80
599 704 26 53 46
1102 173 91 98 93
1102 290 36 60 39
63 594 79 88 88
63 20 50 98 74
1194 147 69 73 70
1194 300 13 31 31
16 522 56 100 66
16 270 76 95 79
522 649 39 83 39
522 7 10 94 85
522 1311 74 93 84
17 577 21 85 27
17 1498 39 84 49
17 441 76 92 84
17 980 43 68 59
577 1700 30 38 34
1498 93 40 80 65
1498 389 58 77 59
441 1498 74 98 78
441 1271 30 51 45
441 1739 45 50 47
980 1504 27 36 30
980 1332 53 82 53
18 1569 10 24 21
1569 1393 23 33 33
20 635 88 97 90
20 50 67 73 72
635 198 83 86 86
635 1318 49 95 88
635 325 86 95 89
21 1138 78 95 81
1138 581 95 98 98
1138 1755 21 51 43
22 852 54 76 59
852 814 94 97 95
852 1357 26 44 30
852 398 48 82 82
23 688 89 93 91
23 1488 46 70 63
688 919 73 79 79
688 192 88 97 89
688 1270 69 85 85
1488 1649 21 60 36
1488 1745 49 96 82
1488 530 83 89 84
24 1253 88 91 90
24 1444 92 99 95
1253 262 26 48 44
1444 693 56 96 67
1444 749 12 50 44
26 571 30 61 47
571 1127 72 87 85
27 1231 14 73 65
27 1585 72 96 88
27 514 22 51 48
27 1658 54 98 85
27 738 26 35 31
27 348 57 77 76
27 1641 85 93 90
27 570 84 98 95
1231 203 79 96 86
1585 900 73 76 73
1585 1109 66 86 77
1585 1339 51 63 56
1585 1089 57 74 64
1585 1426 57 95 87
514 1773 36 84 50
1658 1168 42 45 45
738 930 55 98 83
738 178 13 84 43
738 398 35 97 71
348 720 63 78 78
1641 651 30 63 43
570 462 74 84 75
28 287 48 77 50
287 1189 51 59 59
287 1108 38 46 42
29 958 68 75 72
29 901 14 44 29
958 1673 78 88 85
901 432 44 95 78
30 1697 58 100 76
1697 589 88 92 88
1697 1105 48 64 59
31 669 25 62 59
31 134 28 34 34
31 299 90 92 91
669 1442 54 72 72
669 744 60 66 63
134 376 13 99 40
134 1197 23 35 23
32 1167 21 41 24
32 1780 59 78 60
32 1202 58 76 74
1202 522 30 78 53
35 83 76 87 79
35 1042 45 50 47
35 1548 69 87 81
35 94 25 31 30
35 888 76 87 86
83 1182 66 98 91
83 432 16 22 17
83 579 40 84 77
1042 406 65 78 73
94 38 36 51 36
94 1280 38 47 46
36 685 39 97 50
36 851 37 66 39
36 424 26 97 39
36 1558 39 100 87
424 818 44 57 55
424 1202 74 87 82
1558 481 93 96 93
37 1682 81 100 82
37 93 39 100 55
37 1539 45 53 46
1682 1753 18 89 29
93 426 82 91 82
93 1112 95 96 95
93 785 93 98 97
1539 1554 46 71 52
38 1399 59 67 66
38 227 30 70 57
1399 1456 31 52 52
1399 307 86 96 94
1399 386 12 21 16
227 423 56 86 69
227 100 45 81 52
227 1388 40 80 45
227 1457 94 95 95
39 331 30 53 48
39 1559 85 95 95
39 412 77 81 80
39 468 40 96 85
1559 424 24 96 42
1559 337 93 100 95
1559 1584 59 66 66
468 1229 16 27 27
40 452 10 56 52
40 148 70 75 73
40 202 15 49 41
40 237 37 98 46
40 1659 29 35 31
40 1067 24 99 32
452 982 50 62 53
452 1317 24 63 51
452 285 65 70 65
452 783 33 85 66
452 404 50 75 51
148 846 85 98 93
148 1495 27 59 43
202 1607 80 99 89
202 1226 56 95 67
237 1607 87 96 96
237 801 21 76 65
1067 993 74 91 91
41 519 92 93 92
519 857 84 88 85
519 1587 58 89 58
519 1478 18 83 79
42 1339 19 90 33
1339 1165 27 28 27
1339 442 42 86 71
1339 573 58 88 73
1339 1335 90 99 99
43 1609 25 71 41
1609 1679 95 99 99
1609 1324 81 87 82
44 427 30 86 39
44 418 63 95 81
427 766 24 51 50
418 1044 30 72 45
418 184 83 99 93
418 163 44 96 85
418 1311 38 48 39
45 525 29 88 72
45 828 66 87 76
525 1514 12 29 22
525 636 38 88 73
46 297 46 91 67
297 596 60 99 77
297 1166 45 96 61
47 1109 75 80 75
47 1087 91 98 95
1087 413 13 74 16
1087 1510 43 69 60
48 449 69 80 69
48 827 30 44 39
827 1623 69 96 91
827 1048 44 82 52
827 1277 19 72 27
49 4 93 94 93
49 338 76 92 81
49 1625 54 95 63
49 482 41 66 59
338 1086 75 95 86
338 1211 37 92 54
1625 364 59 85 82
482 1160 38 60 39
51 1773 32 60 52
1773 953 71 82 78
1773 985 73 80 74
52 479 90 99 96
52 643 33 60 44
52 1268 90 95 94
479 1180 43 57 50
479 1316 94 98 98
643 287 24 30 24
643 1095 34 51 36
1268 159 17 64 46
53 1203 70 77 70
53 1205 14 100 87
53 957 55 63 62
957 81 55 69 65
957 178 30 86 73
957 1510 39 57 45
54 623 17 93 90
54 1650 94 100 96
623 155 39 86 54
1650 1020 25 64 52
55 1041 78 86 86
55 705 81 97 86
55 1490 35 70 55
1041 1755 41 85 47
705 775 44 48 44
705 470 39 98 59
705 34 79 94 88
705 360 94 99 99
705 112 36 50 40
705 1372 57 98 74
1490 1539 54 98 77
1490 1106 40 95 56
1490 591 80 92 85
56 1263 73 75 75
56 906 52 56 53
56 1480 46 79 48
1263 1137 26 30 28
906 1630 49 88 66
57 404 19 94 87
57 1010 34 71 51
58 1319 18 25 21
1319 1586 64 82 73
59 696 92 100 94
59 161 29 35 34
696 274 43 90 81
696 1560 85 100 100
696 192 12 86 84
696 1027 18 91 58
161 641 15 21 21
60 967 76 97 77
967 1160 14 20 15
61 992 44 99 45
61 1369 41 83 72
992 584 94 99 95
1369 1131 86 92 89
1369 1106 20 88 55
62 1683 20 100 22
62 659 65 78 71
1683 1089 31 86 65
64 1325 38 43 38
65 1474 46 64 55
65 667 18 30 21
65 701 40 46 41
1474 1621 25 60 42
1474 176 74 91 89
1474 414 64 96 66
667 693 77 90 77
701 1301 94 95 94
66 1131 84 100 92
66 187 34 98 69
69 1362 79 89 80
69 1056 73 83 76
1362 1738 65 99 75
1362 676 45 91 73
1056 236 56 90 66
1056 647 76 90 77
70 685 93 100 97
70 1457 43 92 81
1457 369 80 87 82
1457 682 42 78 77
1457 1497 86 100 100
72 159 29 88 65
73 1525 36 42 40
1525 691 81 95 93
1525 857 52 83 55
74 308 92 95 92
74 486 89 95 91
308 1672 45 78 61
308 834 72 91 72
75 428 24 98 52
75 418 31 69 69
428 1120 10 87 40
428 409 34 98 78
76 87 30 52 30
76 96 10 45 35
76 615 18 53 38
87 301 37 43 39
87 354 39 51 45
87 1693 35 57 51
87 830 61 72 64
87 338 69 79 75
87 909 15 80 77
96 194 52 66 61
96 130 60 66 66
96 1328 61 63 61
615 426 35 44 37
79 1286 68 70 70
1286 40 34 74 71
1286 452 34 47 40
80 1393 29 67 33
1393 1386 77 79 79
1393 141 18 56 33
1393 1166 91 94 94
1393 233 90 92 91
81 256 53 56 55
81 1215 89 98 91
256 614 65 70 65
256 411 18 61 30
1215 1716 39 75 65
1215 264 24 40 36
1215 1198 40 73 54
82 1213 49 99 65
82 339 59 87 64
82 693 89 97 89
1213 1522 14 20 19
1213 438 17 34 28
1213 940 63 72 65
1213 1189 83 91 91
1213 160 10 19 15
1213 1588 81 89 89
579 66 51 92 53
579 1782 93 99 99
579 1381 85 88 85
84 587 89 98 94
84 1302 67 81 79
587 1135 90 94 90
1302 1168 17 30 19
1302 1381 17 27 20
1302 634 47 53 53
85 351 54 66 62
85 178 38 80 49
351 264 69 72 69
351 1300 14 79 38
351 312 76 99 97
178 1015 87 93 90
178 707 86 93 86
178 1396 80 87 86
178 1696 24 32 28
178 1761 21 100 23
178 1076 16 90 37
178 298 27 71 39
86 726 47 51 50
726 1482 22 94 73
726 371 66 100 86
726 367 86 87 86
301 330 39 45 44
354 1302 67 87 80
354 1553 52 65 56
354 865 34 66 40
1693 1275 41 87 56
1693 1781 73 85 85
1693 144 71 100 80
830 734 87 90 90
909 1595 74 97 84
909 90 77 92 87
89 1785 63 79 64
89 562 16 62 27
1785 855 55 99 61
562 915 19 34 34
90 305 17 70 53
305 692 31 49 38
305 890 72 94 86
91 184 25 66 57
91 1520 60 89 77
91 660 53 54 54
184 986 61 68 64
1520 902 92 100 92
660 67 87 98 88
92 13 74 80 80
92 180 38 51 41
92 502 90 97 90
180 1494 75 82 79
180 69 56 64 64
180 1514 18 34 27
502 455 60 69 62
502 1510 35 89 46
426 977 78 86 80
1112 1064 79 84 79
1112 1011 80 99 98
1112 1413 78 96 81
785 969 83 87 87
785 1725 23 49 26
785 1484 84 92 86
785 1721 51 81 70
785 694 50 52 52
1280 1093 75 78 75
95 343 17 94 85
95 582 59 61 59
95 1235 19 53 39
582 1510 71 82 80
582 1432 22 35 31
582 12 28 81 53
582 1290 33 97 88
194 356 62 100 68
194 1751 75 90 80
130 1630 82 94 94
130 940 44 56 48
130 66 43 57 46
130 633 41 48 42
1328 1752 75 97 86
1328 1150 74 97 84
1328 1711 27 97 53
97 1243 60 90 73
97 1054 12 20 17
1243 1033 49 90 83
1243 1290 90 99 91
1054 423 20 36 28
1054 1349 10 39 27
98 862 43 88 58
98 1705 63 95 90
98 145 30 53 49
1705 1472 16 93 91
1705 1655 36 84 55
145 1396 82 97 89
100 748 25 84 52
100 1501 46 79 52
100 817 64 96 68
100 686 15 93 36
100 365 77 89 89
1501 71 48 71 64
365 1123 91 98 96
101 1258 50 90 69
101 729 76 87 80
101 96 45 81 51
1258 1574 89 97 97
1258 850 29 30 29
1258 933 81 97 86
1258 1197 82 91 83
729 1465 32 75 35
729 1077 89 99 95
102 1562 42 62 61
102 900 62 93 64
102 1508 25 76 66
1562 1044 23 87 73
900 248 60 91 62
900 927 86 92 89
1508 1002 78 89 78
1508 403 77 83 83
104 846 55 77 62
104 622 12 100 89
846 1352 67 98 87
846 747 83 100 98
622 1181 69 79 75
106 1433 80 100 84
106 1621 52 82 76
106 1572 26 36 26
1433 1723 88 95 91
1433 801 49 57 56
1621 617 64 94 92
1572 1493 21 46 22
1572 629 85 97 97
1572 1294 26 79 78
1572 220 79 98 91
107 1505 61 73 72
1505 1734 68 69 68
1505 1750 43 83 46
108 357 38 51 47
108 1644 52 92 79
108 644 76 95 93
357 1712 29 44 41
357 1054 77 97 84
1644 1428 39 66 55
1644 945 77 92 92
1644 669 62 90 63
644 1568 30 48 43
109 1134 29 97 34
109 544 43 68 60
1134 844 67 83 72
1134 817 17 84 34
1134 835 78 99 86
1134 355 64 87 74
1134 928 91 92 91
110 1641 25 26 26
110 1645 35 97 74
111 916 89 90 90
111 1166 47 94 83
916 1426 11 68 29
1166 12 45 61 59
1166 980 25 47 35
1166 1435 73 74 74
1166 464 43 66 47
1166 390 30 86 37
1166 1777 10 97 18
112 241 95 98 95
112 1216 59 73 67
241 350 31 60 54
1216 377 72 95 79
113 481 74 86 84
481 497 39 64 42
114 1007 31 43 31
114 818 95 96 95
115 329 28 99 53
115 1238 20 41 38
115 690 94 97 97
115 987 17 61 55
115 859 76 96 86
115 504 69 77 76
329 1405 34 55 55
690 957 86 90 88
987 1195 12 38 25
859 690 46 81 60
859 701 38 54 46
859 25 67 84 67
504 1371 73 100 96
504 1144 37 45 41
116 62 93 96 96
116 1011 34 60 39
116 574 70 80 78
1011 883 54 82 58
1011 264 51 100 60
1011 275 85 93 88
574 993 71 86 77
574 1034 23 86 67
121 858 31 41 33
121 860 26 74 65
858 1159 63 96 68
858 12 58 86 81
858 398 54 61 61
858 1152 64 84 83
860 1046 50 85 56
860 782 59 61 61
122 257 88 100 98
122 720 54 69 65
122 1583 61 96 65
257 1004 79 80 80
257 1001 66 71 66
720 138 14 38 20
1583 1374 40 88 83
123 852 76 97 80
124 819 63 64 64
124 19 66 99 92
124 1638 23 44 40
819 464 10 72 62
819 223 22 95 84
819 179 10 83 18
819 1059 73 91 80
819 550 92 93 93
125 1559 61 67 61
126 1525 40 89 67
127 774 24 84 56
774 1378 86 93 88
128 1140 75 79 77
129 381 36 79 59
129 1548 80 84 82
1630 838 81 86 83
1630 1679 38 69 51
940 157 72 98 89
940 555 37 71 52
633 1498 31 93 42
633 1760 20 53 40
131 1136 87 99 92
1136 176 46 85 52
1136 1041 22 64 48
1136 712 44 79 78
132 767 72 99 87
767 11 72 89 82
767 866 40 92 49
767 651 68 91 69
767 1245 47 97 71
133 1351 71 83 71
133 922 73 93 87
1197 1584 12 20 13
1197 128 26 75 39
135 1276 95 96 96
136 1591 76 85 79
136 1376 38 78 43
136 1219 77 99 98
1591 1754 65 79 66
1591 606 72 98 86
1591 960 68 69 68
1591 696 53 72 72
1376 1410 28 70 60
1376 1514 47 95 89
1376 217 39 86 58
1376 237 31 91 44
137 193 62 73 69
137 1666 15 48 18
193 1265 49 73 70
193 1104 20 28 21
193 1785 45 90 66
1666 810 68 96 82
138 196 29 55 36
138 577 63 66 63
138 1522 73 93 82
196 132 29 86 32
1522 1377 39 77 73
1522 940 48 67 52
1522 414 81 98 88
139 707 33 36 36
139 659 46 90 54
707 1605 90 99 99
707 657 91 98 95
140 1682 16 22 20
140 569 30 58 42
569 1451 90 98 98
141 1603 52 65 56
141 129 12 76 76
141 1147 29 66 63
141 1218 66 76 71
141 663 32 41 36
1603 1354 19 67 44
1603 1191 77 87 80
1603 227 64 66 65
1603 1079 27 71 65
1603 1556 37 98 89
1603 1739 95 98 95
1147 592 87 95 91
1147 511 18 32 31
1147 8 54 65 55
1218 102 49 78 65
1218 955 95 99 98
1218 103 35 56 39
142 222 75 90 90
142 1782 39 99 98
222 1495 64 88 88
222 81 92 100 92
222 355 45 94 85
222 1210 41 62 49
1782 482 20 78 26
1782 1687 64 82 66
143 561 67 93 68
143 487 35 74 61
561 60 64 100 87
561 388 79 80 80
561 1318 94 95 95
561 328 51 54 52
144 1026 73 90 86
144 320 85 91 86
144 969 13 78 35
1026 760 86 87 87
320 682 46 53 52
969 1398 74 79 74
146 301 91 98 98
147 93 30 74 63
147 1009 89 92 89
1009 1491 24 48 44
1495 578 79 95 86
1495 777 27 86 73
149 1621 28 85 56
151 659 14 69 66
152 768 75 94 82
768 1036 80 85 83
768 1765 87 91 89
768 562 82 84 82
768 31 30 91 89
153 563 13 34 19
153 686 23 76 63
153 1552 94 98 94
153 1688 41 67 53
153 793 41 95 78
153 1019 78 88 81
1552 1583 50 97 62
1552 194 86 98 90
1552 1128 40 62 49
1552 1339 73 100 85
1552 727 48 63 62
1688 1288 94 96 95
1688 836 76 92 80
793 1312 62 67 66
1019 677 68 82 81
1019 89 26 27 27
154 1297 62 100 66
154 108 33 89 37
1297 14 42 69 61
1297 243 17 93 59
1297 1096 95 96 95
155 1406 40 92 67
1406 1515 47 64 57
156 347 20 49 31
156 424 38 55 41
347 425 61 75 61
347 386 79 98 81
158 941 53 96 77
941 1761 40 90 45
941 1162 61 83 71
160 878 34 66 54
160 1459 16 75 53
1459 827 38 49 44
641 868 60 91 80
641 1112 17 53 27
162 146 43 57 50
162 1317 90 93 92
162 191 64 69 69
162 1529 14 26 17
162 801 93 95 94
191 1629 68 77 69
191 643 39 57 57
191 472 69 78 78
191 1028 69 89 69
191 1308 10 69 33
191 1392 50 62 56
1529 235 49 52 51
1529 1366 43 86 67
1529 1452 27 59 55
1529 419 30 69 30
163 205 79 81 79
163 967 88 98 89
205 331 17 89 86
205 1162 33 83 49
205 828 70 72 71
205 1691 15 42 37
164 647 37 43 43
164 1655 40 75 52
164 949 54 68 57
1655 210 94 96 96
1655 1304 61 68 65
949 342 60 65 60
949 17 35 73 71
949 224 56 58 57
166 1100 31 82 34
1100 594 62 97 81
1100 1019 45 67 47
1100 1441 31 78 50
169 710 65 77 67
169 1204 36 60 36
169 55 31 88 42
169 1295 13 47 38
1204 1023 10 33 10
1204 1283 36 88 83
1204 1420 59 74 68
1295 562 32 56 33
1295 263 23 38 25
170 1001 93 94 93
1001 71 26 47 47
172 312 85 93 85
312 1172 69 93 76
312 1503 65 74 69
312 954 77 89 82
173 1342 41 100 87
174 448 26 31 31
174 346 87 88 88
174 668 55 80 75
448 1762 63 80 73
448 1235 30 72 35
346 1148 38 81 78
346 1149 54 64 57
346 469 60 81 80
668 73 76 89 87
177 1143 41 71 70
1143 1080 13 89 46
1143 908 62 73 64
1143 1209 73 87 83
1015 847 50 55 51
1696 876 76 96 77
1696 719 73 84 73
1761 1340 18 94 87
1076 1234 27 44 44
298 1683 16 21 17
298 865 54 98 92
179 290 67 92 78
290 647 55 100 66
290 224 61 79 64
290 1265 54 95 56
290 247 56 100 79
1494 1168 86 92 87
1494 489 22 66 27
1514 1396 79 100 80
181 1127 20 89 58
1127 1472 90 96 95
1127 830 33 84 75
1127 1181 63 69 69
182 1539 73 90 79
182 392 28 35 35
182 713 86 89 86
182 346 11 19 19
392 792 28 34 33
713 1232 75 89 82
183 300 94 95 94
183 1393 13 85 15
183 1494 58 93 60
183 1020 56 65 57
1020 771 93 97 96
986 1670 47 93 65
986 1725 87 97 89
185 1049 10 80 73
185 237 38 89 48
1049 285 74 79 77
1049 1434 37 93 90
1049 65 63 90 88
186 582 10 70 70
186 1709 71 73 73
186 856 40 88 46
1709 1315 78 92 85
1709 687 48 62 59
856 19 15 37 18
856 1109 91 97 97
188 751 82 99 91
189 451 72 92 77
451 15 85 99 85
451 1530 14 52 27
190 1027 51 82 51
190 1095 41 80 71
1095 1460 56 65 56
1095 706 68 82 81
1095 498 80 83 82
1629 1418 14 26 15
1629 1408 60 62 61
1028 274 93 98 96
1308 179 43 80 76
192 180 35 51 50
192 758 22 41 36
758 172 31 69 58
1265 683 38 74 47
1265 1477 46 80 72
1265 1753 21 73 23
1104 712 16 97 69
356 1172 15 24 18
198 1689 23 99 85
199 1281 62 78 67
199 730 27 59 38
199 1774 63 84 70
730 1672 33 86 48
1774 1158 34 52 50
1774 615 37 50 45
1774 735 56 70 56
201 1277 14 31 16
201 621 91 96 96
201 1063 39 75 57
1277 987 56 78 74
1063 18 79 85 83
1063 1471 27 40 36
1607 1218 48 94 71
204 1742 14 49 28
204 1268 82 91 84
204 547 36 82 38
1742 720 80 88 88
547 361 50 67 65
547 1039 67 95 72
547 1532 49 81 62
1162 682 25 38 34
1162 1083 74 85 82
1691 748 25 78 63
1691 879 21 98 21
1691 117 50 60 50
206 445 66 93 80
445 1438 60 61 61
445 1297 24 29 25
207 700 83 92 84
700 633 37 97 84
700 967 63 66 63
208 1530 89 96 95
208 38 13 71 41
1530 1039 66 68 68
1530 1573 24 95 25
1530 233 13 36 26
209 622 58 75 66
210 1727 26 91 47
210 172 73 98 74
1727 166 51 57 52
212 416 62 81 67
212 279 13 67 27
416 106 58 76 63
416 1069 16 31 26
416 1626 16 51 50
416 387 31 41 31
279 390 68 90 90
279 654 60 88 66
279 885 81 87 81
279 195 87 89 88
214 1291 48 85 78
1291 1632 50 69 50
1291 1030 88 95 93
1291 662 16 24 24
215 757 43 95 52
215 719 49 81 63
215 1561 86 100 94
215 40 92 97 92
757 193 91 92 91
757 1783 27 84 46
1561 1290 43 78 73
1561 1554 76 95 88
1561 347 66 73 67
1561 1263 80 96 83
216 665 34 93 67
665 1095 85 94 89
665 1338 89 97 89
217 1594 80 94 85
217 1685 36 88 61
217 1080 12 35 27
217 1449 12 76 39
1594 1701 93 97 94
1594 611 55 92 89
1685 574 21 57 57
1685 1143 18 44 27
1080 441 27 68 52
1080 840 74 90 87
1080 169 67 70 67
1449 1555 31 67 37
1449 1399 21 43 43
1449 425 46 55 49
218 307 57 72 62
218 521 70 96 90
307 492 56 68 62
307 1021 17 81 35
219 1588 26 57 43
219 216 37 67 62
219 437 58 83 68
219 314 36 83 69
1588 794 63 92 89
1588 1644 19 62 43
1588 799 70 90 78
1588 1451 41 63 45
437 689 40 85 57
314 3 23 74 34
220 369 87 93 93
220 93 60 92 90
220 497 46 65 58
369 177 49 75 58
369 631 74 82 76
497 1758 60 84 67
221 785 41 95 81
355 1592 83 92 83
1210 1491 84 100 89
1210 350 38 69 64
1210 779 39 88 84
223 474 70 79 79
223 113 86 100 96
223 1195 30 81 63
474 19 40 56 50
474 143 59 63 62
474 1320 53 94 63
474 1432 12 93 42
1195 751 91 96 91
1195 638 31 47 41
1195 952 20 42 25
1195 865 10 70 67
1195 1254 31 43 42
224 1491 26 39 36
224 585 55 98 60
224 1587 78 83 78
1491 1002 18 53 40
1491 1290 75 88 82
1491 706 24 26 26
585 618 11 58 24
585 111 49 61 61
1587 1414 66 83 67
1587 1749 64 83 68
225 1726 30 80 72
225 1781 89 98 90
225 421 85 87 85
1726 887 29 37 32
1781 1214 83 88 84
226 812 72 92 80
226 397 65 84 81
812 733 66 77 77
397 709 30 100 97
397 1371 29 53 30
397 185 76 77 76
1388 1665 45 82 61
228 951 13 93 19
229 216 65 71 69
230 1453 69 74 69
1453 171 10 31 24
231 525 27 88 39
233 693 23 66 32
233 841 42 66 61
841 477 17 68 29
841 71 48 92 64
841 448 20 55 36
234 1067 63 78 73
234 1760 73 76 73
234 618 82 95 83
618 686 25 84 26
618 419 43 82 78
235 1667 79 81 80
235 668 82 92 82
235 1420 57 89 81
1667 1328 65 86 65
1667 1473 60 80 78
1420 1761 64 74 66
1420 15 90 94 91
240 1746 41 93 51
243 133 42 95 89
243 669 24 87 60
243 317 29 56 45
243 1485 41 84 46
317 149 52 96 77
317 866 53 87 70
1485 1128 14 81 27
244 1240 74 90 89
244 435 52 61 54
245 1194 25 99 45
245 719 76 99 91
246 498 92 100 96
246 227 23 88 69
246 1359 16 23 19
498 785 60 73 72
498 636 94 97 96
1359 896 47 66 54
247 351 88 94 91
247 1511 48 51 51
1511 88 84 94 92
1511 1598 47 64 48
248 1434 25 62 58
248 1544 83 92 90
1434 1300 24 63 57
1434 803 33 71 39
1434 826 88 91 90
1544 1766 43 64 56
1544 1605 83 87 83
1544 565 66 78 74
1544 1002 54 62 58
249 914 32 36 32
249 920 68 99 97
249 1707 69 81 77
249 1124 92 98 94
249 1472 77 100 78
914 1366 40 49 42
914 859 69 86 82
914 46 14 71 49
914 335 84 93 89
920 632 43 68 62
920 1340 77 98 87
920 1291 71 90 86
1707 1518 86 96 95
1124 128 26 97 77
1124 188 95 100 97
1124 566 71 79 76
1124 708 79 89 82
1124 478 31 80 59
1472 312 11 54 18
1472 268 28 75 33
250 1 95 96 96
250 382 76 77 76
250 1584 44 47 44
382 830 84 96 86
382 1563 20 46 35
1584 791 39 94 74
1584 618 38 53 43
1584 1004 62 95 88
251 363 75 83 79
363 673 73 80 78
363 1167 35 95 75
252 263 12 14 14
252 205 57 83 74
263 146 24 76 30
263 240 16 50 23
253 621 69 77 76
253 1563 49 92 61
1563 670 55 63 62
1563 1426 28 98 96
255 1779 51 99 91
1779 246 62 99 88
1779 1626 23 31 30
1779 1136 15 59 38
1779 903 29 82 40
614 258 28 58 33
614 1174 77 86 85
614 1159 28 62 42
614 1472 85 87 85
614 753 74 75 74
411 578 48 84 83
411 1591 38 42 40
1004 954 36 96 77
1004 675 21 86 73
258 703 21 99 99
258 1735 24 35 32
258 584 69 98 79
258 1337 29 50 30
258 1467 82 100 84
258 171 74 93 87
703 106 38 90 50
584 1294 45 61 59
584 1359 25 43 41
584 1460 18 77 29
1337 958 54 71 70
259 1077 13 92 88
1077 1212 55 87 58
260 1080 15 36 17
260 1196 56 75 63
260 231 57 79 64
1196 1232 39 63 60
261 1391 25 93 63
261 242 92 95 93
261 1552 80 87 84
261 135 84 96 88
261 1585 85 94 90
1391 124 26 91 79
1391 810 79 90 85
1391 614 26 69 53
1391 1506 14 82 75
1391 1489 73 78 74
1391 1623 73 85 78
1391 1685 24 57 48
262 1051 37 92 89
262 127 18 82 21
262 1268 87 98 88
262 706 64 93 92
1051 1260 95 100 97
706 260 89 98 90
264 1164 88 95 92
1164 880 28 30 30
1164 757 75 95 84
1164 1351 30 83 71
266 35 76 83 82
267 531 26 81 62
267 897 31 79 37
267 1546 65 76 76
267 494 80 89 84
267 880 83 89 83
897 1637 27 45 41
1546 837 10 56 23
1546 1764 38 94 94
494 1529 23 95 23
880 39 42 96 59
880 375 51 67 56
880 615 83 93 88
268 390 87 96 92
268 1207 54 74 55
390 429 19 30 23
390 1321 94 98 98
1207 185 12 16 14
269 891 95 100 98
269 1604 41 50 41
269 1115 41 47 44
269 175 57 100 65
1604 895 39 57 48
271 763 25 57 35
271 1205 50 51 50
763 28 23 99 23
272 1576 75 94 77
272 958 79 84 82
1576 1574 54 67 62
1576 1706 84 98 86
1576 1554 19 20 20
1576 1097 23 66 27
1576 1014 79 80 80
1576 1211 26 72 62
273 1661 39 78 41
273 719 86 87 87
1661 1011 92 96 92
1661 555 36 76 37
274 56 43 66 61
274 1644 60 73 62
275 692 14 20 20
692 454 65 97 66
276 786 10 26 13
786 1567 29 51 37
786 272 75 90 81
277 437 25 74 62
277 254 55 78 70
277 63 77 81 81
278 1158 54 82 55
278 342 64 87 78
278 579 62 85 72
1158 1350 41 62 53
342 1087 77 79 78
342 1687 35 75 49
342 1589 13 37 32
342 57 69 94 70
654 229 82 96 83
654 1589 36 94 66
654 974 92 96 96
654 478 81 89 82
885 146 77 96 93
885 529 44 90 46
885 622 82 87 82
280 417 76 93 86
280 861 57 88 78
417 863 52 80 59
417 1118 14 28 23
861 987 37 96 76
861 1144 88 93 93
281 970 86 97 91
970 394 50 95 79
970 153 61 68 64
282 1187 29 87 87
282 877 26 56 49
282 399 46 57 52
282 270 34 83 39
877 1519 61 67 65
877 1067 24 44 40
877 1162 28 65 36
399 294 89 93 92
283 65 74 80 77
283 1302 22 84 24
283 1204 50 85 72
283 1177 75 98 95
1177 850 71 81 81
284 1531 26 77 50
284 1383 52 90 66
284 1454 49 56 49
1531 388 85 94 86
1531 635 23 88 86
1531 509 26 64 63
1531 1067 64 73 66
1454 227 95 97 95
1454 1668 90 91 91
285 1235 60 78 72
1189 1444 74 85 79
1189 1512 94 95 95
1108 1212 30 91 88
1108 10 66 88 87
1108 621 45 70 62
288 309 31 59 43
309 1226 39 61 54
289 819 81 82 82
289 1760 43 68 57
291 502 19 35 24
291 1761 65 71 71
293 306 74 89 81
306 1294 12 46 27
306 1248 18 32 26
306 817 48 49 48
306 1133 15 30 20
294 1506 27 30 29
1506 342 37 98 85
1506 520 45 46 45
295 1756 46 70 69
295 237 57 58 57
295 709 73 95 80
1756 332 29 91 48
709 572 82 85 85
709 650 43 44 43
296 64 66 78 72
865 39 12 87 21
865 1367 44 51 50
865 1345 11 13 12
865 338 84 99 94
865 487 18 23 22
865 632 42 93 72
330 927 89 99 96
330 854 67 91 90
302 924 73 91 86
924 526 80 97 94
924 48 86 91 86
924 1505 13 25 17
303 78 91 93 92
303 827 47 61 59
304 834 79 100 90
304 1625 14 38 33
834 1651 83 84 84
890 277 14 16 15
1294 1412 89 92 92
1294 203 81 97 88
1294 1207 30 92 65
1248 105 95 100 100
1248 525 95 96 95
1133 588 73 90 75
1133 1395 48 94 85
492 465 34 42 36
1021 694 21 42 36
1021 78 36 88 37
1021 1068 68 81 77
1021 1217 24 66 63
1672 1309 56 68 60
310 494 19 35 30
1172 1655 89 91 89
1172 594 85 95 90
954 1481 19 56 45
954 1744 28 92 52
954 68 26 64 55
313 1658 84 85 85
313 36 81 84 84
316 390 65 71 67
316 473 25 54 37
316 787 73 81 78
473 168 73 86 76
787 1465 38 100 72
787 218 94 95 95
866 1609 79 98 86
682 1687 70 87 76
682 1231 77 79 79
321 1368 80 91 87
321 1535 13 100 42
321 1630 23 55 28
1368 972 72 78 74
1368 156 55 76 66
1368 35 19 25 22
1535 875 14 94 35
324 1550 46 49 47
324 1070 92 97 96
324 1767 58 99 92
1550 1134 34 77 52
1070 972 78 88 88
1070 903 93 99 97
1070 1482 22 39 26
1767 578 66 72 72
1767 1037 74 98 90
1767 320 90 96 93
1767 441 73 89 80
325 475 24 53 46
325 161 12 55 32
475 1273 27 37 29
475 78 89 97 93
475 1298 51 70 54
475 1724 76 91 86
326 763 41 92 74
326 373 16 73 17
326 731 30 31 31
326 730 58 97 96
326 1549 67 72 70
326 1621 19 42 40
373 675 56 92 69
731 93 83 92 87
1549 1173 62 72 70
1405 1679 46 66 63
1405 849 80 85 85
1405 1574 46 69 57
1405 373 30 71 36
927 1613 58 98 63
854 706 80 82 82
854 441 94 100 99
854 821 14 92 51
1145 875 63 73 64
917 1719 40 89 73
917 1197 65 82 78
917 889 94 97 94
332 777 94 95 95
332 1224 50 84 71
777 158 58 97 96
1224 1454 16 98 77
1224 816 46 100 89
1224 1308 74 76 76
1224 1329 55 67 66
333 1369 88 93 89
334 1528 23 93 68
334 1400 53 67 57
1528 1227 18 35 20
1400 912 19 87 85
1400 1654 67 87 87
1400 238 18 57 34
1400 1226 73 90 75
335 787 38 76 55
336 1645 29 100 37
336 1729 34 39 37
1729 1017 34 59 45
337 1169 51 56 56
337 1580 90 99 92
337 536 90 97 97
337 379 95 98 95
337 1231 76 93 77
1169 894 81 83 82
1169 175 52 82 72
536 1108 26 61 49
536 236 34 61 46
536 1261 69 77 73
379 755 32 43 42
379 1549 60 69 66
379 1125 44 80 64
379 826 50 91 72
1086 325 84 89 86
1086 1190 86 92 87
1086 579 84 94 90
1086 1761 90 99 94
1086 1451 74 93 91
1086 1595 82 86 84
1086 1406 15 74 46
1086 1393 26 36 34
1086 969 78 79 79
340 1737 19 47 23
1737 1393 92 98 98
341 466 94 96 96
341 41 53 91 85
466 143 31 51 37
466 581 72 100 79
466 300 23 74 35
466 203 88 94 93
1687 1621 83 94 86
1687 1171 63 71 68
1687 1182 10 90 13
1589 1498 25 63 54
1589 383 94 100 99
1589 7 45 47 45
344 659 33 64 44
344 1740 56 82 65
344 1012 34 70 58
1740 969 53 70 69
1740 1150 74 79 79
1740 1382 64 78 67
1740 172 39 61 57
1148 494 39 96 70
1148 180 53 79 57
1148 1337 52 69 62
1149 1769 43 61 48
469 189 30 44 42
469 1694 62 73 62
469 930 69 91 75
425 746 15 43 29
425 881 75 82 80
425 1743 79 82 81
349 1068 45 94 63
349 99 42 97 75
349 367 42 74 68
1068 82 68 76 68
367 618 80 82 82
1300 558 55 82 61
1300 1585 24 45 39
1300 1095 43 77 47
353 1702 41 85 74
353 885 10 76 48
353 48 42 60 57
1702 1065 20 71 26
1553 1373 70 95 80
1553 790 61 67 63
1592 431 24 76 57
1592 108 59 82 79
1592 1049 29 46 32
1712 496 85 86 86
1712 9 61 62 61
1712 1657 61 84 63
1712 1273 44 45 45
1712 318 64 67 64
358 1505 33 69 41
358 488 13 49 20
359 456 52 81 77
456 1021 35 50 48
456 848 93 98 98
456 1303 10 78 75
456 662 82 84 82
456 913 65 92 88
360 1079 18 80 33
360 557 69 100 73
360 1106 53 66 64
360 1453 46 55 53
360 317 14 35 30
557 1687 38 85 55
557 6 87 98 92
1106 1315 85 96 91
1106 488 79 87 83
1106 444 49 67 54
1106 587 74 80 75
1106 1369 73 82 73
362 713 21 80 56
364 871 16 31 24
871 808 36 79 61
871 1235 84 88 87
1123 1331 58 64 64
1123 1516 24 65 48
1123 210 35 44 38
1123 1685 28 80 44
524 41 16 93 43
524 632 90 94 93
1708 847 72 84 75
1708 1539 81 90 85
368 562 89 91 91
368 1122 16 19 16
368 505 28 80 68
1122 612 20 49 38
1122 1691 40 90 47
1122 1492 46 52 51
505 991 74 78 75
631 1409 93 100 94
631 528 91 97 95
631 305 12 20 16
631 1133 32 58 46
371 375 41 81 53
371 347 29 39 29
371 668 88 100 99
375 1514 58 85 69
375 102 59 74 61
375 1532 43 86 49
675 1703 90 93 93
675 1195 13 50 18
675 1420 68 75 74
374 269 12 63 63
374 717 62 95 88
717 119 14 20 19
1532 445 43 62 46
1532 1685 54 72 59
1532 735 50 75 56
1532 1579 78 80 79
1532 1279 58 61 60
1532 1105 82 84 82
755 1787 82 89 83
755 1006 34 69 62
755 866 38 56 40
755 1023 49 88 70
755 1319 61 69 64
755 88 11 72 24
1125 1421 45 89 45
380 255 48 66 61
380 1378 36 44 42
380 218 62 87 82
380 774 84 100 87
1378 1481 18 28 21
383 420 23 59 30
420 1235 26 70 27
384 1061 62 85 67
384 269 58 68 58
384 357 11 31 14
385 1767 12 54 13
385 1176 22 67 61
1176 1253 52 91 91
388 117 88 97 96
388 742 33 86 82
388 1087 86 95 86
742 3 19 56 55
389 562 89 91 90
1321 1167 24 28 24
391 1203 85 89 85
391 1221 17 50 48
391 1466 40 96 66
391 185 26 61 55
391 835 27 37 27
1221 1685 56 69 65
1221 189 95 98 98
1466 372 26 85 73
835 547 59 68 60
835 1421 85 95 89
835 1006 38 49 46
835 1783 47 81 75
835 1218 57 68 59
835 876 78 87 79
792 112 81 85 85
393 1460 80 92 90
1460 1192 10 21 16
1460 939 65 86 66
1460 126 41 83 57
1460 1391 71 89 85
1460 1624 15 25 16
395 1561 15 60 18
396 1241 10 27 18
396 1638 38 65 43
396 1093 74 78 74
1241 120 95 98 97
1093 1088 30 63 44
1093 1080 75 87 78
1371 1096 57 78 75
1371 1687 21 71 46
398 971 38 64 52
398 484 93 100 99
971 873 63 76 75
971 1582 55 60 57
484 647 28 77 52
400 689 14 47 36
689 1152 66 83 75
689 1421 28 65 53
689 1677 45 69 54
689 569 34 35 35
401 87 48 98 73
401 1207 47 54 47
402 163 59 87 80
403 1450 75 82 79
1450 1411 66 86 74
1450 0 36 81 62
405 146 84 86 84
406 1318 82 87 87
1318 1576 31 98 43
407 1047 47 58 51
407 1455 41 52 41
1047 1529 70 97 83
408 1214 39 88 41
408 1688 23 99 35
408 503 16 91 33
408 484 73 90 82
408 152 57 81 62
503 470 42 68 53
503 530 63 96 80
409 1736 59 77 77
409 767 70 75 72
409 14 89 91 90
409 675 26 44 40
1736 1717 28 41 29
410 1326 37 46 43
1326 1450 46 48 46
1326 277 74 82 76
578 1379 29 96 68
578 1174 18 75 38
578 1560 70 89 81
414 1425 33 49 49
1425 871 11 54 11
415 1368 76 87 86
415 1027 31 97 85
1069 1129 19 79 68
1069 1491 22 30 30
1069 1251 41 75 45
1626 116 79 83 79
1626 656 36 85 78
863 1027 70 97 93
863 631 86 90 87
863 1110 47 98 71
1118 74 65 95 84
1118 1428 75 78 78
1044 715 11 38 29
1044 1691 75 82 79
1044 1183 34 72 70
1044 92 47 57 52
419 1277 16 96 26
419 538 18 50 30
419 1028 61 70 65
538 287 92 93 93
422 970 78 93 83
746 767 37 57 40
746 749 26 70 56
881 248 27 89 34
1743 824 83 93 91
977 1326 84 92 89
766 420 85 93 87
766 1006 33 55 51
1120 1549 88 99 90
1120 102 51 66 53
430 590 66 89 71
590 104 34 50 37
590 32 50 95 79
433 1011 51 63 62
433 627 40 88 60
627 891 67 85 83
436 1076 57 67 67
438 1354 79 97 83
438 1234 31 88 82
438 1288 25 89 88
1234 28 63 67 63
1288 623 66 83 78
1288 1578 70 92 75
1288 1340 74 85 85
439 1132 56 90 62
439 371 25 90 25
1132 1465 49 59 58
440 1373 38 76 63
440 936 79 86 83
936 402 23 27 24
936 1290 55 81 73
936 1259 33 99 42
1271 1311 33 61 34
1271 769 53 97 65
1271 1574 50 56 51
442 422 28 30 30
442 713 11 62 29
442 1672 32 76 65
443 778 82 90 87
443 1349 81 86 84
443 407 75 82 78
778 1177 41 91 88
1349 1254 17 97 92
1349 304 36 86 76
1349 1059 37 79 37
1438 1228 66 90 75
1438 907 67 100 94
1438 382 50 99 78
446 812 11 49 27
447 663 82 85 84
447 674 83 99 87
447 1006 54 96 86
674 1248 89 99 94
674 1770 44 71 59
674 1409 76 86 80
1006 384 83 97 85
1006 1282 25 57 34
1006 623 10 69 25
450 1091 41 93 51
1091 1428 56 66 64
1091 613 94 100 96
982 988 20 27 24
982 43 17 22 21
453 1152 15 37 21
453 791 24 26 25
1152 1374 42 94 79
1152 667 51 63 56
791 992 46 48 47
454 773 53 71 64
454 506 54 67 66
506 820 24 87 74
506 1412 71 89 83
455 1250 26 28 26
1250 1368 26 50 28
848 969 30 60 34
1303 871 62 67 62
1303 947 26 86 34
1303 1386 24 28 28
662 991 19 22 19
662 479 20 74 64
662 185 74 84 80
913 271 54 74 66
913 761 47 59 52
458 18 78 96 82
458 697 55 76 65
697 1063 48 85 79
697 30 51 53 51
697 1485 84 91 87
459 480 88 94 92
459 1227 41 42 41
459 1155 13 71 18
480 350 39 100 97
480 1396 20 53 42
1227 918 22 27 26
1227 623 56 58 57
1155 1149 69 70 69
1155 72 10 64 48
1155 1699 33 55 36
1155 1208 86 91 89
1155 1215 44 92 92
460 198 85 87 85
461 1675 51 69 63
1675 1093 37 96 82
1675 1713 54 85 62
462 138 72 88 73
462 1481 34 36 34
463 677 54 89 76
463 307 90 97 93
463 1495 24 94 66
463 1647 19 82 70
677 1493 75 95 77
677 1476 88 94 92
677 1606 26 85 33
1647 1731 11 81 58
464 1552 71 73 72
464 95 80 89 84
465 1516 33 77 73
465 805 90 92 92
1516 1538 78 82 79
805 1733 80 93 92
581 658 28 49 38
581 622 20 56 23
581 391 14 33 15
467 15 92 93 92
467 412 39 94 39
467 810 69 75 71
467 1577 60 80 67
467 1256 34 43 43
467 92 24 55 34
467 1147 33 74 36
467 1354 46 67 66
810 1420 44 91 65
1256 425 65 92 73
1256 70 91 100 96
1229 596 93 95 93
1694 1010 57 67 63
1694 142 77 92 81
930 1279 59 100 65
930 1746 80 83 83
930 224 72 92 76
470 172 84 87 87
470 1677 19 63 50
470 1107 60 75 74
1677 1311 50 100 88
1677 1010 66 68 67
1107 1056 46 68 64
1107 995 82 93 83
1107 121 69 96 88
1107 960 49 50 50
1107 1760 53 76 55
471 1332 66 89 66
471 886 66 85 66
471 726 85 95 94
886 720 27 45 40
1432 1093 15 86 32
1432 1606 70 90 90
1432 424 52 81 73
1273 379 45 100 72
1273 846 16 31 17
1273 360 21 91 48
1273 302 44 59 49
1273 279 55 73 62
1298 950 57 64 63
1724 1589 26 92 47
1724 466 84 92 85
476 299 10 50 42
476 1219 12 75 75
476 876 20 66 40
476 647 76 94 81
876 151 83 88 86
477 1287 26 36 30
477 1748 65 72 67
477 148 67 72 68
477 1779 95 98 95
477 759 19 68 44
477 1347 86 96 88
1287 1132 11 42 41
1287 1135 21 43 24
759 581 34 84 50
759 1016 12 64 52
1347 1762 17 97 78
1347 212 90 94 93
1347 180 94 97 94
1180 111 21 73 21
1180 237 87 98 93
483 1349 60 94 60
485 1529 80 86 83
489 1031 61 62 61
1031 965 16 28 19
1031 259 76 83 79
490 1334 15 31 29
490 1660 84 91 86
490 1167 19 90 36
1334 1534 85 97 97
1334 1488 77 96 86
1334 1572 42 62 54
1334 510 58 70 59
1334 1705 93 98 96
1660 257 86 88 88
1660 233 95 98 95
1660 554 63 78 72
1660 1654 15 95 17
1660 367 36 70 44
491 1025 26 66 56
491 1616 57 64 61
1025 31 57 71 65
1025 51 29 73 36
1025 1448 22 97 50
1025 901 17 95 95
1025 253 17 98 43
1616 462 78 79 78
1616 372 95 99 95
493 741 83 100 99
493 1138 93 100 96
493 1379 75 90 81
493 1140 62 82 78
741 1016 81 97 91
1379 350 89 91 89
1379 1709 65 100 89
495 1383 72 89 89
496 111 23 74 74
496 582 85 95 87
1758 1738 79 91 87
1758 711 30 40 32
636 355 34 64 63
499 784 50 68 66
499 1163 13 46 34
784 1414 21 81 81
784 948 70 79 75
784 1421 30 38 36
1163 868 20 62 26
1163 1350 58 65 62
500 951 43 53 43
500 71 49 93 64
501 680 24 25 25
501 631 28 37 37
1510 1700 81 96 84
1510 1364 20 89 58
530 834 83 87 86
530 240 68 83 70
1144 1628 66 86 86
991 1197 86 88 87
991 1444 66 68 68
820 1176 55 73 68
820 532 87 89 89
820 88 83 86 86
1412 1011 91 93 93
1412 320 70 82 72
507 1656 74 97 75
507 1185 58 94 60
507 496 90 95 91
1656 1776 21 67 47
1656 521 66 99 94
1185 252 10 40 17
1185 344 51 98 87
1185 1585 22 58 30
508 1485 52 89 79
508 337 65 79 75
509 740 74 78 77
509 1149 77 90 85
740 1302 76 100 79
740 1096 12 26 20
740 739 81 85 85
740 1010 42 66 49
511 1243 70 92 71
512 1586 34 56 56
513 1013 66 73 66
513 103 94 95 95
513 659 24 47 29
1013 638 29 83 81
1013 1132 42 95 72
1013 746 26 97 83
1013 1634 67 93 88
515 819 21 65 21
515 1399 88 96 92
517 1635 11 65 27
517 1659 28 40 33
1635 745 43 68 45
518 391 68 69 68
857 1695 68 96 92
857 1099 90 96 92
857 538 40 95 80
520 1170 91 95 94
520 1112 53 60 59
1170 1222 85 95 95
1170 1308 66 79 69
649 1246 62 74 71
523 1426 19 21 20
523 436 94 98 96
523 437 37 88 44
1426 1657 46 65 63
1426 1440 54 73 54
1426 1539 91 93 92
1426 1492 14 20 15
632 1769 44 75 73
526 302 44 89 56
527 1541 26 68 33
527 622 87 98 96
527 150 62 65 64
527 912 58 80 58
1541 1531 88 89 88
1541 843 55 68 66
1541 706 26 45 42
912 709 77 81 80
528 1543 79 92 82
1543 1665 22 79 66
1543 811 74 75 74
532 1654 14 23 17
532 73 24 50 50
532 950 63 84 74
1654 804 78 91 89
950 436 87 100 90
533 1411 12 54 35
533 183 90 97 92
533 804 81 94 92
1411 675 16 30 27
1411 153 58 72 67
534 1546 24 54 30
534 780 65 73 71
534 619 18 39 18
534 987 87 95 92
619 1588 93 94 94
619 343 84 93 90
619 902 18 86 33
619 545 11 84 45
535 693 47 56 52
535 1367 40 67 66
535 1347 53 67 59
535 473 39 45 39
1367 1431 67 92 79
1367 1686 86 100 93
1261 1615 59 88 85
1261 1088 51 85 71
537 1679 30 65 42
1679 1771 47 86 82
1679 573 20 56 40
539 101 55 67 57
540 831 16 76 54
540 70 22 27 26
545 1497 64 82 74
545 579 72 77 74
546 673 58 65 64
1039 979 61 78 74
1039 1442 28 46 38
1039 1242 31 88 67
1039 1628 78 79 79
548 734 57 97 62
734 462 41 52 46
549 129 19 72 51
549 606 62 90 79
549 753 53 77 68
606 1557 27 36 35
606 1171 61 66 61
753 401 77 91 86
753 1511 47 48 48
753 1230 77 83 77
753 1429 32 97 62
550 391 69 92 71
550 68 36 70 64
552 1357 49 71 69
1357 249 35 93 84
1357 476 92 96 94
553 217 36 45 43
553 61 43 73 43
553 1682 69 70 69
554 1082 13 95 47
1082 1099 81 89 86
1082 861 73 96 91
1082 790 80 88 84
555 1449 43 57 47
555 788 18 32 18
788 1417 28 91 51
788 1231 77 78 77
788 1329 68 89 85
558 85 63 68 63
558 1443 75 89 80
558 497 33 74 54
558 554 32 75 39
558 1422 20 82 68
558 1558 67 69 67
1443 1540 59 97 67
1422 1400 56 95 83
1422 301 53 91 69
559 1679 81 95 82
560 1241 55 72 68
560 1090 58 91 70
1090 1224 29 71 61
1090 1673 44 53 48
564 1061 57 95 74
564 296 89 91 90
565 1039 80 92 84
566 1362 75 76 76
566 1488 15 53 53
566 441 50 76 73
567 91 72 78 77
568 1702 49 62 61
1451 451 52 65 65
1451 812 48 89 53
572 676 73 84 81
572 1250 73 76 76
572 61 81 99 82
572 505 32 81 76
676 1346 76 89 86
573 1600 13 55 30
573 482 13 62 52
573 1280 52 74 64
993 496 55 98 67
993 1084 55 100 69
1034 95 24 63 62
575 70 83 93 89
575 111 58 74 68
575 1054 92 100 96
576 1088 49 69 59
576 795 27 84 38
576 1411 36 77 37
576 1260 46 52 46
1088 892 18 44 29
1088 1669 50 76 65
795 493 52 96 58
795 18 74 83 80
795 1186 29 99 69
1260 1349 95 96 95
1700 1528 10 97 78
1700 818 55 87 81
1560 248 35 91 46
1381 1104 78 95 92
1381 1589 50 79 77
1381 630 10 51 50
658 850 26 68 35
658 1102 38 65 59
1290 1554 45 84 68
1290 425 15 42 32
1290 153 34 91 54
583 547 61 63 62
588 647 86 87 87
589 1618 74 79 76
589 70 67 92 90
589 1029 90 97 93
1618 149 49 67 53
591 996 78 85 82
591 1696 20 91 58
591 1087 84 93 88
592 514 42 93 85
592 1452 23 94 23
592 1071 17 63 22
1071 93 35 68 39
1071 994 43 78 77
593 986 58 99 58
597 1439 69 87 70
1439 1246 30 32 31
598 614 22 36 35
600 236 91 92 92
600 998 46 94 51
600 400 88 97 88
998 41 30 77 45
998 384 92 100 92
601 185 41 52 44
602 1327 37 52 42
1327 1446 36 46 43
1327 1496 58 68 62
1327 540 63 100 85
1327 745 95 100 97
603 1772 77 84 78
603 1088 25 34 33
603 722 22 97 85
1772 187 89 95 89
1772 573 19 72 43
1772 1275 38 60 39
1772 585 28 72 45
722 1457 51 64 56
722 115 53 58 53
722 1058 54 68 66
722 1386 79 92 80
722 346 81 88 82
604 1752 39 95 78
604 1494 44 72 62
604 1391 40 91 72
604 1771 81 85 84
1752 1529 26 95 91
1752 42 12 96 32
1771 1594 27 91 55
1771 1759 57 64 60
732 967 68 78 76
1557 42 53 73 68
1557 101 22 36 31
1557 801 93 99 93
1557 670 29 67 38
1171 107 62 65 63
607 1635 56 77 57
607 1776 63 100 73
607 1516 21 94 51
608 975 35 45 38
608 1632 32 54 38
608 648 76 82 76
608 1568 15 69 31
608 339 62 79 68
608 807 70 80 73
975 737 79 83 83
1632 686 44 95 55
1632 605 92 96 96
648 859 12 26 20
648 598 12 18 15
648 1646 39 52 41
648 1141 59 86 69
648 693 19 96 27
648 147 89 91 89
648 438 64 75 75
648 637 11 64 20
1568 1054 54 93 90
807 1336 53 91 73
609 890 88 94 89
609 1735 38 65 45
609 1523 94 96 96
609 1758 53 66 57
1523 1190 60 85 78
611 1532 84 93 89
611 154 19 84 75
612 855 59 66 65
612 1714 17 90 52
855 1077 43 73 57
855 1327 77 91 90
855 1211 39 54 44
855 1230 90 93 92
1714 304 37 61 44
613 665 20 80 62
616 536 82 90 87
902 19 85 94 91
620 330 32 42 42
620 1518 23 27 24
1181 1711 61 93 74
1181 651 30 90 39
624 1151 12 45 17
624 408 25 41 36
1151 601 62 92 88
625 1687 48 79 78
626 789 42 65 44
789 781 47 91 68
629 489 23 94 72
630 1160 36 66 62
630 196 63 71 64
630 1140 66 100 66
630 46 68 74 69
1409 1087 91 93 92
1409 555 57 88 65
1409 1541 46 63 61
634 813 95 99 95
634 1682 23 98 28
637 1288 12 68 15
637 191 80 92 91
637 225 50 81 67
638 990 38 61 42
638 71 71 87 76
990 648 12 44 33
990 1309 83 87 84
990 1062 78 90 78
639 710 42 47 47
640 544 69 71 71
640 1081 30 89 76
1081 782 89 93 89
868 340 12 68 44
868 471 28 44 37
868 83 46 77 63
642 488 19 33 19
642 10 27 97 88
642 151 74 92 74
646 1737 33 83 33
1646 1267 19 100 53
1141 1519 18 59 36
1141 213 69 72 72
1246 78 36 67 57
650 754 69 78 71
650 389 30 75 69
650 929 20 78 37
650 562 95 96 96
754 988 40 59 40
754 505 58 90 80
929 871 55 82 68
929 740 86 95 90
929 1229 83 86 83
651 1559 89 100 100
651 1743 84 94 89
651 190 36 100 65
651 493 23 57 29
651 1012 94 98 98
652 280 18 37 28
652 1517 90 91 91
652 922 47 68 48
1517 1759 10 39 21
653 542 83 97 94
653 371 30 97 54
974 222 49 90 75
974 1519 14 85 76
655 1031 42 88 62
656 525 50 52 51
656 1365 41 67 66
1365 1481 84 87 84
1365 1285 37 63 46
1365 1747 87 95 89
1365 1652 28 30 28
1365 64 76 82 78
1365 258 10 78 74
850 300 80 88 86
850 1539 54 85 66
661 640 79 94 93
664 211 53 99 75
664 1562 49 59 53
664 1233 19 60 56
664 1347 21 47 23
1233 14 83 97 84
1338 594 58 91 77
1442 1613 34 72 46
1442 730 55 87 61
1442 1082 71 91 90
1442 855 88 94 88
744 1739 15 19 18
670 1034 11 96 45
671 38 10 48 12
671 1476 29 85 39
671 1569 95 97 97
1476 1630 53 67 56
672 163 21 64 25
672 878 57 74 58
1770 1548 71 75 75
1770 296 13 53 44
1770 777 68 70 69
1770 242 40 91 61
1703 450 93 96 93
1703 1554 53 89 75
1346 1080 80 81 80
1346 526 28 30 28
1606 1779 38 96 96
679 1303 44 89 73
679 1196 92 97 96
679 299 11 91 13
679 1730 93 98 94
1730 102 60 90 75
681 1485 67 96 71
681 3 79 100 92
683 1117 34 43 35
683 1299 82 89 82
683 1759 58 70 64
683 488 76 95 84
683 1131 40 83 77
683 369 25 77 72
1117 717 48 57 51
1117 126 72 92 89
1299 1610 48 83 78
1299 124 12 71 69
1299 1737 30 79 32
1299 372 86 90 88
1759 819 89 92 90
1759 1171 12 52 28
1759 1204 39 58 51
684 338 45 64 46
684 1628 90 91 90
684 983 82 83 82
1628 1465 66 91 80
687 137 61 87 86
919 374 53 90 87
919 381 47 76 55
1270 992 62 76 65
1270 228 53 90 81
1421 897 38 56 50
691 904 47 57 51
691 174 82 93 82
694 992 21 24 21
695 348 85 97 97
698 1591 59 69 63
698 1476 79 99 86
698 821 70 98 85
821 479 86 99 89
821 678 41 90 63
821 954 14 28 25
821 1219 35 81 67
1301 1026 95 97 95
1301 600 83 91 83
702 1503 85 90 85
702 758 51 65 63
702 1618 70 99 85
702 808 24 43 33
702 300 45 93 89
808 341 82 98 91
775 1144 10 72 30
775 405 13 66 60
775 1535 56 58 56
775 1595 79 93 79
1372 429 78 98 90
1372 248 46 75 70
1605 329 27 47 39
708 752 26 80 32
708 157 62 70 63
708 1711 84 96 90
752 1675 76 81 77
752 545 48 49 48
1711 575 20 90 81
711 212 39 54 39
712 250 94 98 97
712 810 16 63 18
1232 1019 90 95 91
714 786 56 73 56
714 1209 16 27 21
714 590 20 95 57
1209 56 34 67 51
1209 1189 66 94 78
1209 84 31 43 32
1209 1265 93 96 93
716 1054 91 95 93
716 522 37 45 39
718 468 41 42 42
718 953 44 68 54
953 705 88 95 95
953 180 16 38 35
953 1199 40 67 40
953 1437 37 47 39
721 318 81 88 88
721 1615 42 98 89
1615 1453 20 82 70
1615 711 41 42 42
1058 126 58 76 62
1386 251 23 79 69
723 1021 14 17 16
1482 755 16 47 46
1482 583 29 98 30
874 1268 57 62 62
1465 684 12 79 28
1465 1203 46 67 64
735 13 86 87 86
736 1529 60 70 66
737 977 32 91 74
737 464 33 83 73
737 1130 32 99 99
737 1016 17 64 52
1130 1217 19 82 50
1016 395 47 94 56
1016 398 95 97 95
739 940 59 69 66
739 426 95 97 96
743 1371 62 75 73
743 164 60 95 71
743 1036 61 79 66
1036 37 64 80 75
1036 1054 49 68 63
745 1302 81 83 83
749 455 11 61 58
749 612 76 97 86
749 435 59 75 73
747 96 46 62 56
750 1213 91 92 91
750 1022 59 75 68
750 1642 78 84 83
1642 650 17 95 33
1642 1539 64 81 66
1230 1081 41 98 75
1230 1383 69 77 74
1429 939 81 85 82
1429 1198 82 91 89
1429 209 58 96 88
1429 19 42 84 76
988 1538 14 19 19
988 176 66 96 77
1787 864 80 92 82
1787 200 12 52 12
1023 1069 67 97 94
1023 1154 74 97 92
756 1157 16 67 63
1157 1013 43 48 43
1157 283 12 37 28
1157 505 85 87 86
1783 1399 32 74 33
760 532 70 90 81
760 661 61 73 69
760 1189 78 79 78
761 261 12 21 21
761 1550 87 89 88
762 1048 55 78 56
762 1555 79 96 82
762 227 12 49 42
1048 1496 72 76 76
765 1543 26 28 26
765 1206 89 95 91
765 1364 30 55 37
765 1579 79 96 89
765 223 86 93 89
1206 1043 93 95 95
1206 846 45 84 72
1206 1677 35 66 51
1206 311 58 70 64
1364 1378 46 73 54
1364 1546 78 79 79
1579 475 57 65 64
1579 1711 86 94 87
1579 851 50 67 59
1245 291 72 82 75
1245 1239 33 60 53
1765 367 13 92 15
770 1231 81 82 81
771 223 14 99 72
772 1322 15 20 20
1322 189 58 87 74
1322 232 26 87 53
1322 168 66 74 70
1595 1347 19 39 25
1595 402 88 92 89
776 1068 22 48 42
779 1713 11 56 13
779 1057 71 92 76
779 1177 69 95 76
1057 1771 20 55 38
1057 813 77 92 91
781 1442 26 35 27
782 143 87 98 93
782 919 60 74 72
782 1760 90 91 91
1414 452 27 29 27
948 48 36 55 39
948 1175 81 96 96
1725 66 63 78 77
1484 666 40 61 55
1484 14 74 96 95
1484 321 18 30 19
1721 1210 78 79 78
1721 1742 24 28 25
1721 509 47 83 77
1721 297 49 87 56
1567 681 37 73 72
1567 997 83 100 83
1567 831 42 76 76
1417 542 93 94 94
1417 1434 86 100 99
1329 81 53 59 53
1329 748 71 82 71
790 1119 54 95 77
1119 1530 95 97 96
1312 749 26 94 58
1312 640 35 66 54
1186 816 43 61 52
796 467 82 87 84
797 839 60 64 64
798 1335 28 51 39
798 802 45 82 75
798 1479 32 58 38
1335 70 54 98 88
1479 208 60 81 67
1479 109 60 74 61
799 718 86 87 86
799 1182 48 51 51
799 1590 84 98 93
799 735 52 74 65
1590 1308 24 67 50
1590 114 31 34 34
1733 197 54 94 68
806 1461 47 62 51
806 852 76 86 84
1336 1069 61 86 70
1336 1761 94 97 95
809 1457 12 53 51
811 1562 43 71 61
811 1592 25 34 30
811 1160 11 78 77
811 1428 90 91 90
1428 756 94 98 98
1428 1184 62 72 66
814 1150 63 88 82
814 824 89 100 96
814 239 88 100 95
814 319 66 88 79
1150 292 11 80 20
1150 1432 34 53 42
824 1616 38 56 38
824 863 55 78 78
824 910 30 33 30
824 1033 81 89 87
816 1239 37 68 66
816 428 92 96 93
1239 11 95 97 97
1239 843 60 93 82
1239 186 80 86 86
1059 44 41 45 45
1059 11 26 72 58
1059 1557 45 52 48
822 1716 43 58 47
822 687 56 98 82
1716 494 83 92 85
823 1469 77 79 79
823 1039 67 79 71
1469 1627 74 87 80
910 1636 89 97 90
1033 615 64 79 76
829 546 14 89 81
832 1785 17 74 54
833 459 95 99 95
833 141 52 55 55
833 617 61 79 68
836 649 22 72 51
836 50 44 90 89
836 971 39 43 43
837 1194 68 94 73
837 311 62 77 65
838 1042 21 95 64
838 532 11 84 55
842 759 57 79 75
842 1565 24 73 54
1565 710 81 89 86
843 856 14 72 28
843 687 52 56 55
843 875 24 89 70
843 417 76 90 77
875 591 83 89 84
844 921 54 66 65
844 1612 12 94 49
921 1274 36 44 44
921 1784 76 94 88
921 1611 53 60 56
1612 69 89 91 89
1612 486 23 78 69
1612 362 19 29 23
845 1408 56 74 63
1408 1253 58 84 71
1408 1388 12 47 34
1352 1758 57 98 83
1352 262 79 100 89
1352 104 66 95 69
847 1340 11 23 17
1340 282 71 94 71
1340 604 68 91 79
849 831 49 52 49
849 727 66 71 66
853 864 32 93 82
853 908 57 85 66
908 548 58 79 59
1695 214 60 90 75
1695 359 42 59 48
1099 599 45 75 69
1046 709 67 83 74
1110 1629 20 52 47
1345 1679 72 76 72
1345 1230 81 96 87
867 37 95 99 99
869 820 86 95 94
869 849 41 53 47
869 344 20 83 68
869 828 81 88 86
872 1527 92 100 100
872 672 90 100 100
1527 1713 69 75 73
1527 1215 85 100 94
873 1636 89 91 89
1636 325 71 79 76
1519 659 74 98 93
1519 437 50 72 71
1519 585 58 63 60
1519 336 27 99 40
879 801 50 64 62
879 1778 28 63 39
879 242 87 97 91
1778 1210 33 83 59
882 1261 70 75 72
882 581 23 44 29
882 445 56 57 56
883 401 19 31 28
884 1491 42 98 48
887 1684 89 99 90
887 338 58 73 64
887 602 74 85 78
1684 803 61 75 74
1684 243 59 84 69
889 349 56 61 61
892 1391 62 64 64
892 1314 80 90 87
892 1099 16 72 36
1314 6 35 96 52
1314 399 76 77 76
1314 1419 33 90 82
1314 238 51 75 65
1314 1220 35 68 61
1314 476 15 25 16
893 1664 17 74 47
1664 147 10 23 14
894 584 40 48 40
895 303 86 90 90
896 1529 38 93 75
896 919 17 95 24
1637 1565 23 52 29
1637 1622 58 96 90
898 504 76 78 78
898 534 43 68 43
898 1736 94 100 97
899 935 42 43 43
935 709 77 78 78
935 1464 55 85 73
903 287 13 76 42
903 1582 38 55 49
1582 138 57 84 81
1582 1464 53 76 61
905 356 17 76 34
907 464 70 80 71
1366 1362 80 86 85
1366 255 58 59 59
1366 1778 44 89 44
918 1596 23 56 40
1596 1313 59 96 71
1596 846 48 93 50
1274 649 34 95 51
1274 798 21 91 22
1274 181 27 97 52
1784 154 22 73 47
1784 277 32 42 41
1784 1208 92 96 95
1784 1685 90 91 91
1611 1302 82 98 84
1611 579 80 84 81
1611 1274 36 79 65
923 1429 51 88 62
923 411 47 54 51
925 1073 51 74 72
925 201 86 87 87
925 1201 80 84 83
1201 414 70 98 73
1201 1002 54 92 77
926 545 45 59 52
926 234 39 87 83
926 842 70 83 74
926 1052 49 82 74
926 482 12 39 15
1613 337 72 98 94
1613 1129 94 96 94
1613 380 16 37 25
1613 1276 15 37 28
1613 1766 55 57 55
1613 16 69 70 69
1613 750 29 34 31
928 170 91 98 92
928 965 67 77 67
965 360 13 45 23
1279 1698 57 86 57
1279 817 40 42 41
1279 586 22 45 43
1279 984 17 40 26
931 678 21 33 30
931 1487 51 96 81
931 941 87 98 95
1487 1471 74 96 78
932 212 36 93 63
932 158 22 61 26
932 1451 79 80 79
933 404 28 46 30
933 1324 36 89 39
1324 1046 53 63 53
934 1143 75 80 80
934 1289 83 86 84
934 1484 57 69 58
934 96 62 88 62
1464 180 61 95 61
1464 1428 69 100 76
1464 1481 93 96 93
1259 971 60 74 61
1259 1083 50 83 51
937 992 81 92 91
937 554 79 82 82
937 784 23 82 78
937 593 65 73 73
937 1647 63 68 66
939 1444 31 47 41
939 1143 61 98 95
939 711 33 97 86
943 1640 79 84 80
943 750 37 49 43
1640 611 89 98 89
1640 1221 56 99 62
1640 135 55 95 73
1640 945 71 77 72
1640 1100 27 30 28
945 349 29 94 69
945 378 37 66 55
946 857 56 58 57
946 119 90 94 90
946 959 28 85 48
959 411 38 57 54
959 1234 23 99 75
947 398 44 54 45
947 1465 40 85 82
1175 38 20 39 36
1175 126 85 100 100
952 1153 14 77 36
952 249 28 74 38
952 743 49 88 76
952 5 82 92 92
952 1626 83 93 91
1153 955 19 49 42
1199 1099 59 62 60
1199 42 16 39 20
1199 172 77 90 86
1199 422 85 99 87
1437 1106 44 55 55
1744 1157 82 89 84
1744 1078 45 87 62
955 1543 17 59 34
955 1626 38 76 75
956 1082 64 94 71
956 524 44 56 56
1673 1638 95 98 96
1673 81 24 71 53
960 363 58 70 63
961 506 84 85 84
961 279 84 100 97
961 1724 91 96 93
963 1592 56 94 83
963 1264 45 64 58
1264 1709 32 93 39
964 1584 65 79 75
964 1261 17 75 44
964 1064 71 82 74
966 1383 49 85 63
968 1483 67 75 68
1483 1712 45 86 80
1483 55 64 68 68
972 620 54 80 61
972 781 87 93 89
976 203 59 64 62
978 1426 53 86 71
978 1027 16 83 26
978 1361 94 95 95
1361 1506 16 71 66
1361 952 24 95 74
1361 564 59 85 75
979 1282 14 62 34
979 818 59 82 62
979 302 83 92 92
1282 1640 30 95 86
1504 473 70 72 72
1504 665 15 27 22
981 819 48 87 64
984 1435 31 70 43
984 959 16 79 75
984 315 37 91 54
984 1539 36 87 69
1435 1101 22 28 23
1435 1093 15 27 19
985 786 66 84 70
985 1296 81 84 82
985 1593 91 100 93
1296 178 91 100 96
1296 1366 83 86 83
1296 650 43 57 47
1670 172 60 78 77
1670 1649 83 95 95
1538 1159 16 99 42
989 320 89 97 96
989 212 24 63 31
1309 1282 90 100 91
1309 908 41 85 69
1309 648 63 76 66
1309 769 50 99 50
1309 1092 33 89 39
1084 399 86 92 92
1084 1159 63 67 67
1084 1059 15 59 25
995 464 68 90 90
995 568 14 89 63
995 373 93 100 98
995 925 64 90 84
999 807 18 90 22
999 1025 82 84 83
1000 1568 50 80 61
1002 52 68 92 79
1002 1589 46 67 67
1002 871 93 100 93
1003 240 25 79 38
1003 116 73 97 92
1003 778 29 93 74
1003 843 26 90 45
1005 73 28 71 43
1005 333 19 92 61
1008 733 36 87 52
1008 983 17 18 18
1014 1498 11 52 19
1014 320 45 89 59
1017 284 44 91 70
1217 1257 76 97 76
1154 1608 43 54 47
1154 83 49 75 63
1024 167 14 48 19
1024 318 89 96 91
1448 1033 75 90 79
1448 970 31 35 34
1030 1116 63 100 96
1030 1406 87 89 88
1030 1582 76 100 76
1116 312 33 38 36
1116 700 14 69 60
1116 1716 86 88 88
1116 229 73 77 76
1116 149 54 64 64
1116 775 26 86 60
1032 857 71 90 84
1032 102 78 92 88
1037 1455 33 46 44
1037 1508 56 58 56
1038 1762 63 92 69
1242 571 58 62 62
1242 834 45 77 52
1242 152 26 40 35
1040 1236 24 89 57
1040 1752 24 52 47
1040 1166 31 86 68
1236 1557 89 99 89
1236 1342 80 100 80
1236 1007 88 99 88
1755 1073 36 63 49
1755 597 87 90 90
1045 581 75 83 80
1045 381 24 27 25
1045 328 69 91 86
1496 1076 84 94 90
1053 1073 38 70 62
1053 710 45 81 75
1533 1678 35 52 46
1533 1341 35 74 53
1533 798 10 31 29
1533 512 78 91 80
1533 1369 91 96 91
1533 1696 11 100 22
1139 1324 17 71 41
1139 855 37 42 37
1668 1426 20 47 28
1668 328 94 98 97
1060 1671 12 34 19
1060 45 84 96 84
1060 278 63 74 63
1060 1135 25 76 43
1671 229 22 79 57
1471 60 50 90 54
1065 1553 81 94 94
1065 194 76 78 77
1065 901 35 55 35
1065 1242 56 61 57
1065 1584 57 92 80
1066 1577 25 52 47
1066 1743 60 97 61
1251 716 90 96 96
1251 922 71 89 73
1251 65 73 77 76
1251 769 18 48 35
1251 523 76 85 81
1251 246 18 98 87
1251 107 26 30 27
1074 509 86 99 93
1074 1134 48 66 53
1074 1046 43 76 45
1075 723 86 97 90
1075 1724 62 91 75
1075 1110 28 31 30
1212 62 93 94 93
1078 1650 76 97 89
1078 1306 14 98 86
1078 1535 86 97 93
1306 169 11 25 17
1306 1411 43 99 86
1306 967 21 32 32
1306 1755 31 69 67
1085 107 52 87 76
1085 871 10 15 11
1190 284 34 88 78
1190 332 19 32 30
1669 437 95 97 95
1669 1104 16 56 35
1669 1662 51 52 52
1089 494 76 77 77
1092 631 85 96 92
1092 734 58 72 59
1094 81 59 60 60
1094 445 62 88 88
1094 1629 53 85 83
1097 1242 55 83 83
1097 11 15 66 37
1098 847 53 98 65
1098 26 58 66 63
1103 1085 49 58 49
1103 578 62 95 73
1103 631 48 92 89
1105 1278 54 78 78
1105 320 84 91 91
1278 170 10 16 10
1315 1189 62 93 90
1315 331 25 27 26
1315 1265 89 93 92
1111 1775 10 65 53
1111 1324 20 21 21
1775 3 95 98 97
1413 1082 85 96 91
1413 183 17 68 48
1113 987 44 74 68
1114 1321 89 96 96
1348 653 86 93 93
1348 1766 48 76 72
1121 1117 77 99 92
1492 541 20 54 20
1492 1429 69 81 72
1331 1781 86 88 86
1331 1741 82 83 82
1331 4 80 98 83
1331 1636 27 73 70
1126 1554 92 94 93
1126 57 55 70 55
1126 1634 27 74 39
1126 517 55 57 55
1554 244 15 31 18
1128 896 14 37 25
1395 423 78 94 88
1395 493 11 15 15
1395 1093 94 97 94
1395 786 50 74 71
1395 48 19 100 44
1142 1519 55 60 55
1142 911 54 86 60
1142 488 32 34 32
1142 112 55 71 57
1374 1260 63 85 73
1608 1339 66 88 88
1608 391 71 96 92
1608 1133 30 80 54
1699 281 79 98 92
1699 1575 44 96 58
1699 1270 21 46 35
1208 361 27 39 39
1208 1565 23 34 33
1156 1547 40 79 75
1156 517 42 97 79
1547 160 47 99 51
1350 1433 43 92 43
1165 348 92 94 93
1777 374 63 83 74
1168 1257 83 88 85
1257 1282 11 67 54
1257 403 67 98 84
1222 544 73 86 81
1222 1606 73 90 84
1173 1067 64 69 68
1178 1698 88 98 90
1178 787 49 73 60
1698 1489 53 83 71
1698 1230 35 56 36
1184 361 48 57 57
1184 1462 51 54 52
1184 1028 38 50 49
1462 1483 92 98 92
1462 1295 56 92 77
1512 897 38 47 47
1191 825 67 69 68
1192 135 46 65 53
1192 751 89 96 95
1193 311 31 64 54
1193 1578 10 12 10
1254 51 24 66 37
1254 639 71 79 79
1254 544 36 95 61
1200 1289 79 96 82
1283 1439 93 96 96
1283 1358 18 75 30
1283 1275 24 51 37
1220 1659 61 71 65
1220 471 86 100 87
1225 751 12 87 41
1225 1733 92 93 92
1228 1377 23 80 50
1228 1512 28 67 52
1228 461 65 66 65
1228 552 95 96 95
1377 461 12 61 44
1377 520 84 89 87
1377 823 94 99 98
1377 1410 21 96 82
1237 228 66 70 67
1237 1780 35 40 38
1237 281 12 60 29
1244 1699 91 95 91
1247 162 60 88 83
1247 479 76 88 83
1247 375 55 74 73
1249 1244 31 71 37
1249 14 95 97 96
1249 1072 77 91 84
1249 1564 17 99 50
1249 182 19 73 39
1252 824 87 100 90
1252 410 22 63 30
1255 754 62 68 66
1255 74 34 70 34
1255 718 44 90 65
1574 1629 84 87 86
1262 80 31 60 40
1477 882 38 72 38
1477 1574 76 86 83
1753 816 89 93 91
1266 432 49 85 68
1266 886 95 99 97
1267 1171 19 47 28
1267 1019 65 98 96
1267 148 33 78 73
1267 815 87 100 93
1267 1714 45 55 48
1269 1603 59 88 77
1272 1075 62 77 62
1275 1596 41 43 43
1275 1316 35 65 38
1358 474 12 83 39
1358 518 62 73 67
1284 598 15 78 39
1284 1022 93 94 93
1284 910 81 92 90
1284 778 66 83 73
1284 521 42 52 47
1285 1548 88 94 92
1285 254 30 77 71
1285 1423 91 96 91
1285 851 33 59 58
1423 911 89 92 91
1292 590 64 89 73
1292 1532 48 96 96
1293 266 63 83 81
1293 212 64 94 65
1610 669 47 66 51
1304 443 42 67 57
1305 747 79 90 89
1307 48 60 68 68
1307 681 54 99 96
1307 1245 53 55 53
1310 182 61 96 86
1310 364 95 96 96
1313 955 52 90 66
1313 284 74 93 84
1313 1280 83 100 86
1419 426 32 91 88
1419 100 27 71 46
1419 1690 26 54 35
1323 1532 62 90 88
1446 502 76 86 85
1446 1108 46 88 64
1333 113 91 97 92
1333 101 28 74 36
1534 164 55 82 66
1341 566 29 71 57
1343 427 94 95 94
1343 1329 38 86 56
1344 482 93 97 93
1344 1073 29 48 35
1344 1215 42 57 57
1355 719 75 100 100
1355 1475 59 74 74
1355 1664 55 56 56
1355 1274 15 71 35
1356 882 57 73 68
1356 708 70 99 97
1356 704 49 69 56
1738 990 42 100 85
1747 1430 65 71 69
1652 148 59 76 62
1652 1081 69 72 71
1652 870 87 94 92
1652 13 18 82 28
1686 348 19 45 34
1686 249 77 90 83
1686 1542 72 81 78
1686 1386 65 99 75
1370 409 85 89 87
1370 1100 64 78 66
1370 1475 76 90 79
1375 462 68 100 69
1375 1759 90 93 92
1410 301 46 67 47
1380 577 76 89 84
1380 1700 95 98 95
1380 323 13 59 27
1382 1782 55 85 60
1382 851 36 94 65
1385 1482 52 78 77
1385 1648 62 84 66
1648 1198 86 97 92
1648 1378 73 89 84
1665 1597 90 93 91
1389 1692 30 86 74
1389 718 75 83 78
1389 1499 42 86 42
1389 699 91 95 91
1692 275 44 76 59
1499 787 55 85 69
1499 1534 39 49 39
1499 403 52 94 71
1390 215 91 96 91
1390 868 12 49 43
1489 233 89 97 90
1489 470 63 75 74
1489 270 88 100 91
1394 146 19 92 79
1394 722 59 92 85
1394 1000 51 76 65
1397 535 32 36 35
1401 1245 61 90 78
1401 388 18 98 32
1401 1322 63 66 65
1401 1450 42 68 53
1402 205 53 89 77
1403 146 25 82 47
1404 881 63 99 96
1404 1690 77 87 77
1515 675 70 74 74
1515 803 78 95 83
1407 986 38 100 41
1407 159 73 75 75
1415 1145 57 96 67
1415 267 29 96 73
1418 447 80 95 85
1424 1087 16 43 36
1424 630 40 63 43
1424 1306 92 100 94
1424 326 14 37 27
1657 790 45 54 47
1657 1535 50 90 71
1657 791 68 85 72
1440 412 94 97 97
1440 1249 23 41 38
1427 406 38 96 77
1430 790 75 82 75
1723 2 74 96 96
1723 1419 91 100 98
1723 970 86 94 94
1436 1625 35 90 84
1436 1615 14 15 14
1540 483 10 39 31
1445 658 29 43 35
1447 976 92 99 95
1447 1123 38 53 45
1458 713 45 67 47
1458 1742 94 96 95
1624 1619 54 99 57
1463 1065 33 45 41
1468 487 79 95 85
1468 777 67 88 81
1627 1720 67 79 70
1627 86 19 89 30
1470 1095 47 88 53
1486 1192 74 87 76
1486 531 50 66 53
1649 747 92 100 94
1745 1134 93 97 96
1500 113 89 100 91
1500 777 52 73 52
1500 1614 51 73 52
1500 487 70 71 70
1500 1493 46 91 54
1614 976 46 81 47
1502 889 82 97 88
1502 992 49 77 71
1502 1303 86 87 87
1502 341 40 48 43
1750 1153 11 83 75
1750 400 21 22 22
1507 1215 35 67 61
1507 1311 79 95 79
1507 1061 75 78 77
1507 1330 22 23 22
1598 138 49 93 69
1598 1729 61 80 78
1598 307 40 69 54
1598 979 59 62 59
1598 456 74 90 74
1513 1510 24 72 39
1513 1200 91 95 92
1513 970 71 85 71
1513 698 41 56 52
1524 497 72 80 72
1526 533 79 89 89
1526 275 15 41 22
1573 406 24 37 37
1678 678 46 61 53
1678 844 54 67 59
1536 1040 31 53 43
1536 351 87 96 89
1537 1314 63 98 97
1542 696 36 97 40
1545 550 35 93 85
1545 848 63 78 78
1764 164 49 76 54
1551 232 44 71 65
1551 1347 85 98 94
1551 993 91 100 95
1556 258 47 52 52
1556 750 51 99 64
1556 1705 95 97 95
1566 71 42 57 52
1566 241 69 90 74
1566 1639 13 55 45
1639 792 32 82 49
1570 1028 25 65 50
1570 401 77 98 80
1575 877 41 61 53
1575 52 15 53 39
1581 562 81 98 81
1581 758 58 85 67
1581 659 71 89 87
1749 1208 59 68 67
1754 821 43 87 51
1754 431 82 85 82
1597 786 34 68 51
1597 488 12 29 15
1597 772 17 91 69
1597 1373 56 58 57
1601 33 83 91 83
1601 779 34 52 34
1601 240 31 83 34
1617 1644 65 82 81
1620 1024 39 75 49
1620 1781 55 61 56
1622 167 72 86 84
1622 387 86 93 93
1720 741 47 84 68
1720 181 91 100 91
1720 1703 47 55 48
1631 1269 34 98 67
1633 896 45 60 51
1633 705 23 67 47
1633 277 91 95 94
1633 1647 54 79 54
1643 1712 49 58 51
1643 1638 44 54 48
1643 1623 94 99 94
1731 387 71 75 73
1653 1222 66 80 80
1653 1410 54 99 91
1662 862 51 84 56
1662 279 55 97 56
1663 470 10 65 15
1674 592 43 56 45
1680 1545 22 81 65
1680 839 36 56 45
1680 1265 71 95 95
1680 921 76 96 89
1681 1429 26 28 26
1681 1208 86 94 94
1681 1551 27 38 29
1681 502 16 90 59
1681 903 31 57 32
1710 1269 12 34 31
1710 1356 56 62 58
1710 529 20 33 27
1710 1241 45 52 48
1710 139 53 57 55
1715 321 90 91 90
1715 1368 48 81 81
1715 897 11 29 23
1717 1293 46 96 71
1717 798 29 69 34
1717 178 78 79 79
1717 710 90 99 93
1718 586 44 68 44
1722 1748 67 79 69
1722 26 11 78 48
1728 1333 12 60 40
1728 948 61 100 99
1728 1670 76 85 80
1732 187 87 94 88
1732 1678 81 99 94
1757 1733 18 62 62
1763 1083 81 95 84
1763 484 26 40 32
1768 1695 19 35 19
1786 1393 21 93 75
0 1787
