286 581
0 285 21 76 35
0 158 27 51 45
0 249 23 39 38
0 114 91 98 98
0 202 94 100 97
285 130 52 75 64
158 279 39 87 57
158 250 79 97 85
158 48 13 33 27
158 72 18 82 33
158 257 55 85 63
249 107 48 70 54
249 41 67 69 67
114 78 19 31 21
114 203 26 55 30
202 138 79 94 89
202 216 27 92 42
202 151 27 81 71
1 221 65 76 71
1 44 21 92 71
1 119 81 86 84
44 177 50 82 61
44 148 26 51 49
44 228 70 76 74
44 232 23 70 51
44 153 86 91 87
119 173 55 62 58
119 243 85 95 86
2 39 52 72 54
39 260 27 50 39
39 149 57 60 60
39 194 55 91 75
3 139 91 95 92
3 66 93 100 98
139 161 61 72 64
139 112 21 61 35
139 88 77 81 78
66 39 51 75 75
4 88 65 95 82
88 240 43 52 44
88 178 69 70 70
5 251 24 25 24
5 2 94 96 95
251 56 50 55 53
6 92 28 49 33
6 221 60 83 83
6 174 73 99 79
92 73 84 98 84
92 49 21 54 29
92 163 64 82 64
174 1 59 93 62
174 97 40 54 54
174 55 76 83 77
7 111 37 47 45
7 2 31 92 53
7 182 45 52 50
7 98 50 83 63
7 242 17 80 60
7 249 95 98 97
7 226 87 88 87
7 217 59 91 59
111 135 80 85 85
182 206 36 71 63
182 81 94 100 94
182 239 79 88 80
182 249 77 96 82
98 218 47 57 49
98 246 47 57 57
242 32 11 48 15
242 18 24 41 24
226 236 79 89 87
226 205 67 87 87
217 106 10 47 46
217 215 10 94 55
217 176 52 77 74
217 223 94 96 96
217 90 17 46 17
217 229 42 52 42
8 241 90 94 93
8 9 56 58 58
241 137 15 69 23
241 177 37 48 43
241 70 35 99 96
10 170 30 55 40
10 143 16 41 40
11 139 22 86 37
11 28 56 58 58
28 202 26 77 37
28 264 76 92 80
28 135 14 89 80
12 39 28 64 51
13 21 81 99 91
13 91 63 68 64
13 243 95 97 95
13 25 16 58 50
21 52 63 91 74
21 145 81 97 83
91 50 60 67 67
91 152 61 79 66
243 67 46 53 52
243 73 49 84 64
14 247 58 62 60
247 255 63 68 66
15 111 34 38 36
15 28 39 90 80
16 265 33 37 33
265 36 70 72 71
265 48 66 89 88
265 260 21 59 29
17 255 77 87 80
255 155 28 75 33
18 155 28 63 49
155 140 75 100 94
155 219 90 92 91
19 89 82 96 84
19 153 85 99 99
89 253 64 76 66
153 46 48 93 74
153 235 21 100 97
153 198 32 77 68
20 120 42 88 52
20 19 24 89 60
20 161 66 97 66
120 29 20 67 43
161 82 85 86 85
161 180 18 68 40
161 269 66 74 66
52 192 71 90 88
145 150 85 91 87
145 125 51 76 55
145 210 10 84 23
22 241 17 70 70
23 118 37 100 96
118 214 59 76 65
118 61 35 37 37
24 120 75 81 76
24 36 35 87 54
36 30 28 54 39
36 146 82 83 83
26 261 15 74 35
261 176 31 50 47
261 265 13 50 31
261 69 93 97 94
27 54 26 74 31
27 165 44 49 44
27 124 60 84 71
27 0 32 88 70
54 143 18 79 30
54 264 66 78 68
165 245 12 25 23
165 247 38 69 61
165 255 69 74 70
124 9 27 86 31
264 58 54 87 86
135 228 94 100 98
135 166 54 71 65
135 58 68 97 75
29 169 75 93 91
31 209 73 92 92
31 167 81 87 83
31 83 44 94 64
167 157 84 90 85
32 3 19 73 22
32 229 48 79 57
229 18 87 100 90
229 126 45 75 66
229 54 73 99 85
33 240 88 99 95
240 257 95 100 95
240 30 74 93 79
35 10 65 99 82
35 263 79 88 88
263 82 88 94 93
263 122 47 53 47
263 200 55 94 55
146 139 80 85 80
146 23 38 88 81
37 233 32 39 34
37 38 25 30 26
233 91 94 97 96
260 210 88 94 92
149 10 22 36 33
149 201 49 91 73
194 37 25 37 36
194 277 30 49 33
40 51 91 97 97
51 90 59 72 60
43 1 33 76 53
177 14 43 66 56
177 30 19 66 42
177 167 88 89 89
228 140 69 83 82
228 163 32 86 44
232 214 84 89 89
232 44 71 92 84
232 5 55 60 57
46 269 80 83 83
46 74 91 93 93
269 209 29 65 52
74 258 74 96 87
74 113 62 72 66
47 143 10 73 34
47 178 34 83 49
178 189 31 67 67
178 46 51 84 66
178 87 52 58 55
48 15 33 56 56
49 195 28 31 30
49 254 81 90 87
49 278 57 76 67
195 52 20 42 41
195 176 64 75 71
195 192 67 91 79
195 105 79 82 80
254 12 57 82 68
278 7 79 96 83
278 66 51 80 74
278 193 56 58 58
278 30 57 100 59
278 108 59 77 76
90 220 78 85 79
90 19 19 52 19
192 205 18 35 34
192 6 32 81 61
53 240 76 81 76
55 129 38 67 46
129 77 88 91 89
56 31 43 93 87
57 12 89 94 90
57 95 31 95 44
57 58 82 91 88
57 189 57 84 80
95 247 23 29 23
58 220 52 97 61
58 166 47 89 86
189 253 70 75 71
220 68 67 87 86
220 233 52 75 57
220 171 90 97 91
220 41 54 59 59
220 262 22 25 23
166 105 52 69 61
59 273 70 96 81
59 131 18 62 33
273 96 95 97 95
273 124 69 73 72
131 181 79 80 80
131 285 48 51 48
131 265 23 54 53
60 47 68 90 75
60 111 76 98 86
60 127 78 80 80
127 15 32 50 48
127 60 69 97 86
127 275 87 94 91
61 157 26 78 46
157 172 16 100 69
157 130 31 86 39
62 266 34 37 34
62 70 90 93 93
62 183 59 71 62
62 233 86 98 98
266 7 36 83 57
266 71 39 92 92
266 222 33 39 37
70 125 88 91 88
70 33 90 97 95
70 255 49 86 70
70 141 20 22 22
70 167 88 100 91
183 39 35 70 70
183 59 92 93 92
64 268 82 98 97
64 96 26 36 34
268 177 62 69 62
268 163 74 75 74
268 74 82 96 96
96 176 16 93 61
65 285 35 76 43
67 26 46 78 67
67 124 71 83 80
68 204 25 27 26
68 141 86 93 87
68 234 65 79 75
204 12 49 89 68
141 87 54 100 66
141 137 39 41 40
141 208 13 43 36
141 197 31 72 35
141 43 59 76 74
141 120 23 43 26
234 191 93 100 96
125 51 73 95 75
125 73 61 79 76
125 249 63 99 92
125 82 54 61 61
71 47 59 69 59
71 203 42 74 66
71 113 15 62 43
71 29 54 65 55
203 122 95 97 96
203 106 74 82 80
203 231 87 96 94
72 206 90 91 90
206 167 46 73 63
73 84 81 94 94
73 234 46 92 51
73 68 66 82 76
84 90 60 96 75
258 54 53 60 54
258 37 71 73 73
258 62 87 90 89
75 54 28 74 33
76 279 46 94 87
76 53 68 74 73
76 97 35 99 67
76 108 60 90 75
279 60 95 99 97
97 99 80 82 81
97 18 64 79 69
97 156 31 60 54
97 35 56 94 69
108 22 88 93 88
108 178 86 99 96
77 101 21 87 73
77 172 64 96 92
101 269 42 65 64
172 178 31 75 36
172 85 20 93 54
78 275 59 95 87
275 113 72 76 76
275 78 63 84 63
275 93 54 61 58
275 259 16 86 63
79 261 10 52 52
79 115 59 60 60
79 239 89 96 92
115 86 59 66 61
115 182 27 39 33
115 235 28 71 38
239 271 31 85 73
239 184 35 49 49
81 23 93 100 93
81 116 13 46 39
81 267 22 78 54
81 54 92 100 93
81 78 65 89 78
81 156 32 70 42
81 18 31 70 47
116 185 15 54 23
267 124 91 100 99
267 143 52 72 57
267 81 43 55 50
267 205 64 100 80
156 257 46 99 76
156 86 40 83 48
82 212 56 62 56
82 100 41 83 66
82 62 73 90 88
82 109 70 89 83
212 266 53 99 90
212 149 52 83 68
212 145 57 97 58
100 77 19 42 36
100 189 41 54 48
100 123 64 72 67
100 55 57 78 66
109 215 67 73 71
85 120 12 34 24
85 197 47 54 50
85 61 52 72 63
86 164 50 75 56
164 183 60 89 70
164 198 18 84 54
164 47 45 64 55
87 234 34 54 35
253 154 88 97 97
253 174 60 82 82
253 213 82 91 82
152 168 47 50 49
152 170 36 37 37
163 249 10 28 11
163 228 62 94 77
163 245 22 63 61
163 90 14 76 21
163 241 39 86 65
163 252 82 96 88
93 122 63 69 66
122 32 68 86 84
94 56 40 58 50
94 227 35 37 35
94 268 93 98 95
227 83 87 91 89
227 5 34 54 54
176 123 46 94 85
176 212 35 85 48
176 97 56 68 57
176 141 30 70 38
218 168 58 65 62
218 34 15 18 18
218 106 66 81 71
246 227 66 69 67
246 118 51 63 57
102 282 94 95 95
102 30 41 64 51
102 58 30 73 35
102 81 74 80 79
282 11 95 100 96
282 276 51 62 55
103 192 77 80 79
103 274 66 75 74
103 230 39 95 54
274 154 53 94 84
274 242 85 87 85
274 92 30 55 36
274 111 73 97 91
230 223 76 77 77
230 125 74 94 77
230 281 42 53 44
104 128 71 72 72
128 196 89 99 94
106 10 80 97 83
107 145 66 74 72
107 220 49 53 53
215 69 26 60 55
110 71 77 83 80
110 1 24 75 75
112 180 89 93 90
180 33 36 45 39
235 253 29 56 51
235 137 54 64 59
235 28 83 96 87
235 45 19 86 40
235 88 46 62 51
185 146 95 96 95
185 184 68 100 81
117 28 42 87 86
117 276 39 69 61
276 97 52 90 53
214 264 48 100 69
214 119 76 94 79
121 109 54 89 73
130 234 24 32 30
130 104 24 73 34
181 28 42 44 43
181 279 37 96 67
181 139 77 98 77
181 100 89 99 99
132 109 34 90 64
132 99 44 73 45
133 208 51 77 58
133 216 71 89 86
133 99 50 77 60
208 36 32 58 56
208 82 73 97 92
134 87 78 84 78
134 208 21 64 51
134 2 87 92 88
136 50 70 97 97
136 240 61 73 65
138 108 92 93 93
138 247 53 91 78
138 278 90 100 94
140 139 22 92 59
140 94 10 96 31
140 279 76 81 76
140 252 11 79 74
252 197 51 62 62
252 251 41 61 56
144 118 73 86 83
144 131 83 91 91
144 55 57 88 70
144 29 40 59 51
144 276 16 77 34
150 68 88 100 90
150 285 35 54 35
150 220 79 84 84
147 48 20 33 30
201 31 63 69 69
201 104 20 32 23
201 115 40 56 54
201 46 59 99 99
201 19 37 56 52
201 175 77 95 92
151 29 88 92 90
151 64 23 83 27
168 5 62 94 84
168 58 36 87 52
168 36 13 14 14
198 220 91 100 95
154 236 42 69 50
154 191 63 87 65
236 273 32 55 49
236 25 66 79 75
191 35 30 45 44
191 206 20 73 34
191 15 95 97 96
219 260 77 94 85
219 251 83 87 87
257 177 91 100 96
257 93 51 56 55
257 92 42 64 59
257 241 82 90 86
250 174 87 89 88
159 217 35 83 74
159 240 18 91 66
160 135 31 61 49
160 214 38 94 57
162 101 71 98 71
245 110 31 98 91
245 94 27 52 35
171 145 46 71 52
175 239 84 93 86
179 107 45 92 86
184 93 56 67 63
184 58 31 59 45
186 272 16 85 26
186 130 26 90 27
186 116 71 75 74
272 254 15 40 32
272 45 46 83 63
272 119 87 97 93
272 199 75 76 75
187 52 68 74 69
187 154 88 92 92
187 204 27 63 61
188 132 56 65 65
188 54 17 49 23
188 167 82 92 87
190 49 90 94 91
190 111 23 65 55
190 84 25 81 64
190 135 61 79 64
205 48 78 86 83
205 88 59 78 75
193 81 70 93 73
193 181 33 94 52
193 167 70 75 74
277 4 70 100 74
199 19 52 93 74
199 67 10 24 16
200 96 54 67 59
231 206 39 65 53
231 247 85 97 95
231 100 75 77 75
207 92 12 24 24
211 151 78 97 79
211 39 12 70 33
213 19 76 80 80
223 281 31 99 85
223 242 78 81 78
223 191 24 63 45
223 228 74 92 90
223 156 14 78 26
223 63 76 98 93
262 153 83 95 91
222 260 57 65 64
222 11 20 95 56
281 119 30 84 63
225 167 54 79 77
225 259 77 99 87
225 16 78 82 80
259 29 47 95 78
237 154 21 49 47
238 263 74 82 78
271 70 33 53 41
244 23 82 91 83
244 160 19 29 19
244 53 63 65 65
248 116 19 57 56
248 249 11 69 47
248 97 17 81 52
256 179 81 87 81
256 80 74 78 77
256 69 59 72 72
256 193 60 96 96
280 270 77 82 77
280 126 31 45 32
283 93 60 90 84
283 279 71 86 80
284 136 62 89 64
0 285
