462 1537
0 106 46 50 47
0 187 23 64 58
0 383 59 88 63
106 16 17 28 25
106 400 45 61 46
106 341 75 88 85
106 267 87 90 88
187 192 86 100 96
187 116 80 81 81
383 134 59 83 72
383 142 18 85 78
383 337 24 78 39
383 414 50 57 51
383 214 48 68 68
1 414 19 38 35
1 257 46 77 63
1 445 48 76 62
1 122 63 90 65
414 47 74 97 89
414 259 79 88 81
414 198 88 90 89
414 242 79 92 83
257 156 91 96 92
257 275 88 90 89
257 274 90 94 90
257 447 79 96 80
257 302 77 97 77
445 3 50 57 57
445 377 26 28 27
445 161 84 91 91
445 175 60 98 89
122 79 76 80 76
122 256 54 75 54
122 174 70 87 76
122 327 70 94 90
122 454 74 84 75
122 426 75 92 78
2 312 19 100 76
312 361 67 79 79
3 132 65 67 66
3 186 81 92 85
3 282 55 70 62
132 322 70 73 73
132 361 77 83 78
132 381 62 63 62
186 273 53 65 60
186 320 33 75 51
186 323 41 68 68
186 40 71 82 75
186 231 38 75 43
186 248 33 45 35
282 202 34 77 57
282 207 71 78 72
4 209 63 97 88
4 333 60 62 61
4 205 43 84 47
4 52 38 91 64
4 387 36 52 45
4 357 39 98 72
4 233 64 89 70
4 419 15 90 32
209 147 85 97 97
209 445 45 46 45
209 79 68 75 73
209 282 70 91 83
333 438 23 97 90
205 301 12 58 26
205 216 58 72 58
205 62 51 83 80
52 40 72 98 85
52 187 23 34 24
52 129 26 92 74
52 340 73 90 76
387 243 36 80 60
357 168 58 84 60
357 58 50 66 66
357 83 70 90 82
357 344 21 69 25
357 179 17 63 50
233 302 53 72 70
233 179 11 14 12
233 139 58 76 62
233 437 10 19 11
233 379 17 52 28
233 194 23 63 38
233 31 64 68 64
419 231 19 37 22
419 2 46 81 50
419 459 56 60 60
419 282 15 66 54
5 346 65 99 84
5 9 61 99 89
346 276 37 66 44
346 279 58 97 75
346 187 75 82 79
9 191 31 58 58
9 101 57 79 58
9 48 85 92 88
9 87 12 43 42
9 2 14 28 21
6 172 30 90 68
6 113 47 77 70
172 403 13 87 83
113 383 42 45 45
113 205 22 53 40
113 336 11 75 56
7 148 41 72 64
7 426 28 43 39
7 146 79 87 83
7 386 68 95 90
7 408 73 75 75
148 342 67 91 73
148 47 12 83 20
426 440 76 91 78
426 124 53 69 64
426 51 21 62 52
426 151 70 89 82
426 12 67 91 82
426 59 54 72 63
146 398 83 86 85
146 244 66 96 69
386 451 64 81 65
386 292 59 65 63
386 63 20 74 62
408 263 93 99 97
408 123 46 76 47
191 139 51 79 74
191 94 78 84 82
101 311 55 62 61
101 434 72 93 91
101 217 11 100 38
101 259 67 99 99
101 432 74 87 81
101 163 65 70 65
101 410 90 98 91
101 316 23 50 32
48 373 34 39 37
48 53 39 63 48
48 457 72 74 72
48 335 92 100 98
48 99 89 90 90
48 214 10 94 41
48 63 94 97 97
48 26 38 83 54
87 211 65 71 71
87 244 77 82 82
10 264 37 91 38
10 278 94 96 94
10 420 80 85 85
10 166 48 68 61
10 90 53 60 54
10 119 89 91 91
264 234 66 78 66
264 127 31 61 55
264 380 69 78 78
264 109 66 81 81
278 206 45 100 89
278 404 12 55 44
278 109 23 53 49
278 179 38 60 48
278 355 68 96 92
278 33 46 78 57
420 422 93 100 95
420 376 94 100 99
420 424 42 43 43
166 161 25 51 35
90 18 44 71 64
90 136 39 40 39
90 387 34 52 51
119 68 48 84 72
119 289 81 82 81
119 294 56 58 58
11 334 52 97 91
11 287 93 96 93
334 39 53 94 65
334 50 44 48 45
334 380 84 85 84
287 232 93 99 96
287 4 55 94 58
287 250 95 98 96
287 382 86 88 86
12 64 71 83 82
12 328 80 85 83
12 74 41 76 55
12 393 85 97 90
12 161 91 92 91
12 45 74 75 75
12 390 19 98 69
64 151 40 54 46
328 403 55 99 82
74 230 80 97 90
74 89 52 79 75
74 365 39 73 52
74 56 90 98 92
393 79 25 72 66
393 343 64 96 85
161 423 83 92 91
161 108 72 74 74
161 18 78 86 83
161 74 53 69 61
45 84 17 56 43
45 200 86 97 91
390 62 10 64 25
13 304 67 92 69
304 218 15 72 17
304 312 70 85 83
304 355 26 30 30
14 23 29 50 49
14 160 26 87 71
14 330 24 37 34
23 308 17 71 28
23 175 21 48 33
23 398 40 60 55
160 443 53 79 60
160 96 81 99 86
330 85 44 73 52
330 86 79 95 90
15 16 69 74 74
15 88 20 35 22
15 239 90 95 92
15 245 21 38 38
15 62 33 35 35
15 187 11 26 21
15 24 16 65 51
16 248 45 51 46
16 56 89 94 94
16 428 71 85 85
16 336 20 23 23
16 136 44 88 70
88 354 85 93 90
88 448 35 89 46
88 31 27 66 47
88 43 93 99 98
88 446 22 86 51
88 270 47 81 60
88 276 45 88 80
88 33 27 93 58
88 284 79 87 80
239 179 43 79 70
239 406 85 89 85
239 124 63 100 63
245 235 81 89 85
245 353 91 97 97
245 154 38 60 53
245 190 23 43 30
245 312 35 88 66
245 71 42 55 49
62 170 63 73 71
62 157 47 55 55
62 271 70 88 88
62 357 20 86 25
62 258 29 39 29
62 265 86 92 86
62 150 67 70 67
62 41 19 65 26
24 326 51 77 72
24 22 95 99 97
248 193 12 37 12
248 142 47 92 51
248 40 95 97 95
248 1 93 94 94
56 17 65 96 75
56 325 63 82 71
56 144 51 98 89
428 277 58 87 60
428 165 90 92 90
428 209 40 81 49
428 176 44 46 46
428 338 38 46 41
336 314 35 84 63
336 190 84 98 91
136 204 38 99 62
136 208 39 85 77
136 364 21 58 24
136 437 37 53 49
136 121 45 56 52
17 443 87 97 89
17 111 41 46 45
17 337 73 81 77
17 166 59 63 61
443 291 83 91 86
443 156 15 41 41
111 318 69 75 71
111 126 53 74 54
111 345 71 100 82
111 57 53 78 57
337 285 89 100 93
18 63 34 84 50
18 414 80 89 82
18 362 92 98 96
63 28 77 91 86
63 301 86 91 88
63 14 55 89 70
362 118 69 83 74
362 271 14 60 51
362 429 80 93 87
19 148 75 85 77
19 78 67 73 70
19 168 89 90 89
19 286 17 58 33
78 218 68 77 76
168 117 90 92 90
168 279 44 58 46
168 220 20 87 80
168 390 84 98 98
286 413 83 96 95
286 68 56 60 59
286 457 76 92 87
286 291 52 85 52
286 240 49 72 54
286 253 65 94 77
286 323 50 99 91
20 133 86 91 89
133 44 40 99 91
133 49 82 83 82
21 61 65 86 72
21 320 11 65 46
21 329 64 94 65
61 348 24 97 62
61 137 88 92 88
61 413 25 74 36
320 58 91 93 92
320 110 24 100 92
329 101 47 82 81
329 284 14 70 27
308 357 74 91 85
308 54 94 96 94
308 91 51 61 55
308 343 68 71 70
175 348 42 44 43
175 59 27 64 55
175 366 37 74 66
175 336 49 51 49
175 23 48 52 51
398 109 47 92 56
398 243 75 78 75
398 61 61 89 86
326 461 49 93 76
326 309 23 99 26
25 182 80 93 85
182 114 36 92 52
182 16 79 95 93
26 93 89 96 95
26 16 44 52 49
26 275 33 64 53
26 180 77 99 94
26 45 61 98 91
26 7 64 85 69
93 382 39 53 46
93 430 68 76 74
93 324 54 87 82
93 418 21 44 41
93 265 19 49 24
275 92 49 100 80
275 75 74 96 86
275 433 80 81 81
180 84 46 48 47
180 103 44 64 59
27 244 70 79 72
27 378 47 51 50
27 349 45 67 45
27 123 80 99 90
244 269 67 100 76
244 56 59 95 70
244 460 51 62 56
378 81 62 85 70
378 244 26 51 30
378 138 53 69 58
378 201 95 100 98
378 461 66 98 85
349 414 77 84 84
349 340 41 86 46
349 122 10 44 44
123 353 29 66 58
28 401 51 98 56
28 248 58 85 83
28 431 65 66 66
28 141 69 84 73
401 24 76 79 79
401 267 91 93 92
401 172 32 61 49
401 440 69 95 92
431 183 95 98 97
431 199 35 63 42
141 286 42 51 51
141 432 18 22 22
141 164 48 63 48
141 138 65 73 69
29 72 68 69 69
29 271 16 77 68
29 191 42 54 48
29 291 75 92 77
72 85 84 90 90
72 178 14 95 68
72 306 90 95 90
72 38 61 99 72
72 238 10 84 17
271 64 56 71 68
271 392 27 41 37
271 118 56 95 62
291 382 80 90 82
291 191 45 94 76
291 37 58 87 79
30 305 21 59 53
30 366 20 81 70
30 43 35 55 37
305 195 42 62 58
305 188 83 89 83
305 250 51 54 51
305 239 82 87 82
366 207 91 97 97
366 300 88 94 93
43 444 32 64 43
31 455 63 91 87
31 321 25 46 25
455 151 48 87 52
455 9 76 97 86
455 458 53 66 57
321 401 87 91 91
321 8 27 60 50
321 433 68 84 73
321 257 88 98 89
33 370 21 98 66
33 146 52 85 54
33 337 35 42 40
33 461 76 79 78
33 148 91 100 95
370 353 67 91 87
370 87 61 87 62
370 460 79 96 82
370 54 93 94 94
370 29 56 85 60
370 388 55 69 65
370 269 31 72 46
370 258 26 99 27
461 120 32 58 38
34 171 62 79 63
34 24 58 62 61
35 39 23 34 32
35 251 44 66 44
35 2 84 93 93
35 270 72 98 73
35 190 81 95 86
35 275 10 11 11
39 126 67 92 83
39 175 76 78 78
39 412 18 99 39
39 72 30 65 44
39 230 16 29 25
39 141 89 92 91
251 447 95 99 97
251 292 47 87 50
251 241 47 85 66
251 182 68 99 93
270 97 81 82 81
270 98 36 42 41
270 407 49 55 49
270 424 81 90 82
270 287 51 97 57
270 449 68 77 73
190 238 94 98 96
190 434 83 89 86
36 277 66 83 72
36 177 11 44 42
36 330 20 34 20
36 52 64 69 66
277 257 45 47 46
277 186 15 80 69
277 31 73 81 80
277 219 22 62 42
177 363 71 97 96
177 371 23 51 31
177 287 43 55 48
37 287 20 100 70
38 301 92 95 92
38 170 38 66 66
38 86 93 97 97
38 300 48 84 54
38 37 47 68 47
301 136 19 52 32
170 114 71 85 74
170 351 74 75 75
86 295 74 93 88
86 204 90 97 95
86 296 94 97 97
86 205 47 49 48
86 274 92 98 94
126 62 55 75 75
126 222 84 99 91
126 216 24 58 26
126 8 34 89 47
412 303 83 93 92
412 112 80 96 95
412 238 84 85 85
230 250 15 47 16
230 417 29 85 67
230 181 61 62 61
230 285 21 83 59
230 120 71 97 93
40 175 89 100 100
40 417 89 96 94
417 399 43 86 65
417 240 88 92 92
417 150 38 88 78
41 448 61 71 66
41 433 27 44 28
448 238 13 40 15
433 373 54 58 55
433 77 18 84 21
42 132 72 91 81
42 319 60 97 62
42 53 74 83 83
42 406 53 100 69
319 89 31 97 47
319 154 54 60 54
319 210 63 89 81
53 16 94 96 94
53 370 76 83 77
406 239 53 91 88
444 1 31 45 33
444 194 37 48 47
444 165 32 84 80
444 105 35 75 49
444 146 24 31 31
44 35 91 93 93
44 404 87 96 89
44 85 73 85 81
44 135 31 44 33
404 131 57 68 66
404 398 71 78 74
85 273 30 100 56
85 345 79 96 93
85 250 19 50 40
85 143 19 79 77
85 213 26 67 59
135 53 14 56 31
84 393 55 59 57
84 385 84 100 89
84 292 80 89 88
200 314 72 81 75
200 330 87 93 89
46 14 58 93 75
46 227 90 99 90
46 234 46 88 54
227 442 74 80 75
227 4 68 83 81
227 335 18 96 35
227 151 41 65 49
227 391 75 99 78
227 443 94 98 96
234 28 72 95 91
234 397 86 87 87
47 124 65 81 80
124 388 57 83 63
124 112 40 72 64
124 132 17 23 20
373 23 43 98 45
373 441 25 89 68
457 338 90 97 97
457 402 12 78 26
457 396 82 100 92
457 125 85 87 85
457 39 66 83 73
335 380 75 87 78
335 75 21 71 62
99 441 26 89 79
99 71 84 95 84
99 78 23 29 27
214 174 66 73 67
214 362 69 86 71
214 258 27 83 57
214 371 24 72 57
214 411 68 97 84
49 377 93 94 94
49 218 74 86 84
49 13 72 85 76
377 301 56 66 65
377 424 21 80 39
377 16 68 99 73
377 249 51 95 71
218 5 35 56 42
218 392 92 96 92
218 305 33 68 46
218 236 70 77 72
50 331 35 58 35
50 255 92 96 95
50 439 60 64 63
50 382 32 91 50
331 231 80 91 80
255 206 56 64 60
255 418 93 96 96
255 203 22 95 95
255 97 31 49 38
439 53 26 86 37
439 327 94 96 95
439 447 35 86 54
439 449 55 79 60
439 6 93 96 95
439 284 81 96 89
439 461 33 65 63
382 392 35 97 36
51 270 70 96 76
51 67 31 89 64
51 460 40 75 50
51 417 93 100 98
67 12 38 85 59
67 65 36 55 44
460 115 25 52 44
460 153 29 82 55
129 256 72 91 89
129 110 34 52 50
129 58 75 87 84
129 70 45 96 53
340 404 58 59 59
340 176 80 98 83
340 199 37 49 45
340 306 77 100 86
340 107 55 60 60
54 260 55 63 58
54 386 49 96 96
54 40 49 56 54
260 263 11 45 22
260 52 43 67 52
260 110 52 58 58
260 450 14 44 31
260 56 29 64 35
260 6 57 73 71
260 352 26 29 27
55 288 87 91 90
55 458 85 89 85
55 59 14 27 27
55 311 66 85 71
288 262 82 96 83
288 144 46 57 47
288 1 94 95 95
458 10 28 39 30
458 440 81 87 81
59 442 28 71 70
311 81 10 42 11
311 352 36 81 61
325 203 75 83 83
325 31 76 88 80
325 83 89 92 89
325 227 42 55 53
325 376 60 63 63
325 126 37 41 39
325 254 20 54 25
144 4 18 69 34
144 354 73 86 84
144 425 75 82 80
144 30 41 91 43
57 354 79 94 86
354 191 15 87 58
354 338 23 82 32
354 371 62 99 63
354 194 30 71 47
354 264 14 73 47
58 26 50 54 54
442 448 77 83 80
60 273 17 37 28
273 376 29 78 56
273 98 19 84 27
273 144 57 95 70
273 306 81 91 85
348 116 83 97 84
348 419 92 99 93
348 312 88 93 89
348 27 90 94 94
348 318 79 80 79
348 66 37 81 41
348 84 54 89 55
137 233 69 88 74
137 187 27 55 28
137 52 23 51 31
137 79 37 48 40
137 151 48 83 59
413 18 86 93 88
413 452 47 67 62
413 192 76 99 85
157 316 55 69 55
157 242 40 87 68
157 50 94 97 94
157 93 20 77 24
157 352 61 66 64
157 429 71 99 97
258 437 68 87 75
258 29 72 98 88
258 452 21 55 28
258 433 93 96 93
265 27 33 77 39
265 425 73 84 78
150 68 69 98 82
150 365 53 68 62
151 168 56 77 68
151 197 19 45 34
151 422 92 95 94
151 281 87 99 87
65 446 40 67 47
65 258 91 99 94
65 330 56 80 68
65 162 46 67 50
65 452 44 47 46
446 409 66 74 70
162 206 13 54 26
162 343 76 94 82
452 87 24 69 41
452 179 31 32 31
452 67 24 32 26
66 334 80 100 83
66 330 13 19 16
66 410 11 100 82
410 439 24 88 70
410 358 73 78 73
410 79 41 46 43
410 64 81 87 84
68 42 57 100 78
68 209 43 70 64
68 271 20 75 66
68 61 18 60 54
69 188 81 88 83
69 68 13 49 33
69 212 28 92 85
188 355 20 89 38
188 404 77 95 92
188 98 33 63 37
188 145 20 93 23
212 288 67 83 77
212 134 65 79 75
212 342 81 86 85
70 165 84 90 86
70 353 22 34 31
165 265 17 21 18
353 313 50 90 79
353 102 80 89 83
353 18 51 92 61
71 157 72 98 82
71 415 20 100 20
415 423 23 41 27
178 74 27 93 66
178 317 83 95 86
178 163 37 45 41
178 258 69 100 77
306 311 25 40 33
306 385 48 53 52
238 358 48 92 75
238 347 32 89 73
238 449 75 81 76
238 181 27 60 43
73 409 50 87 87
73 27 67 76 72
409 357 32 45 33
409 242 20 58 48
409 37 59 79 59
409 230 34 60 43
409 436 33 93 75
409 277 25 62 53
89 247 14 43 22
89 333 55 99 69
89 460 24 96 92
89 80 29 47 41
365 224 67 87 87
365 170 81 97 93
75 258 39 85 40
75 204 72 88 86
75 22 48 79 58
75 446 69 80 80
204 447 82 93 91
204 162 63 99 80
76 219 42 47 46
76 354 45 85 62
219 220 58 78 61
219 315 52 65 61
219 365 49 81 59
77 316 87 93 89
77 181 89 98 94
77 266 73 98 73
77 178 22 62 43
316 368 43 51 47
316 24 30 42 36
316 268 22 91 71
316 354 56 94 80
181 345 60 91 69
181 171 60 78 63
181 7 69 76 76
266 241 79 98 94
266 387 95 96 96
266 347 60 100 96
79 256 90 100 91
79 16 50 62 54
256 215 63 66 66
256 100 93 94 94
256 321 51 62 52
256 133 69 97 74
256 360 47 84 72
256 425 40 69 54
256 122 43 69 52
80 262 32 36 36
80 68 19 96 54
262 109 19 29 24
262 164 88 94 88
262 214 90 98 95
262 53 49 79 62
262 127 25 75 64
262 169 87 89 87
262 105 25 65 50
81 136 83 85 85
81 164 15 87 46
164 72 21 73 66
164 321 26 36 34
164 454 83 84 84
82 27 54 90 85
82 436 71 94 72
82 397 65 75 68
436 293 54 79 54
436 120 86 97 87
436 30 19 34 25
436 229 67 86 86
397 189 19 96 27
397 356 55 58 56
397 75 95 98 96
397 322 93 100 100
397 340 91 95 93
397 73 12 75 74
83 216 33 54 34
83 378 73 89 86
83 205 73 91 80
83 414 29 36 32
216 157 95 98 95
385 181 64 89 79
385 129 88 90 88
385 252 90 98 91
385 119 95 99 95
292 83 33 71 39
292 277 52 68 59
292 188 26 100 87
292 272 64 65 64
250 325 14 53 32
250 374 75 84 82
250 397 14 38 19
250 272 37 55 45
250 455 40 44 43
250 99 45 79 48
250 116 19 98 39
143 433 40 74 51
143 12 84 92 85
143 62 86 94 89
143 119 90 100 95
143 215 25 41 38
213 331 65 80 73
295 360 41 84 67
295 308 26 92 41
295 99 43 46 46
296 63 54 55 55
296 35 12 19 15
296 229 48 88 63
296 366 66 72 66
296 257 65 100 98
274 92 51 56 51
274 75 25 99 73
274 246 32 52 52
274 306 21 47 33
274 248 50 73 65
274 329 24 86 86
211 90 16 77 30
211 6 52 56 53
211 292 88 91 90
211 134 61 75 75
211 440 88 98 93
211 224 81 100 96
276 223 29 73 31
276 177 62 77 62
276 123 72 96 81
276 292 60 90 79
276 140 74 88 86
284 427 53 62 58
284 388 18 21 21
284 436 56 63 57
247 408 18 54 39
247 54 55 73 67
247 58 44 80 74
247 222 90 93 91
247 352 53 91 77
91 321 79 88 86
91 232 65 66 66
232 77 63 74 67
232 339 46 77 54
232 185 16 93 68
232 82 38 57 56
232 369 38 40 39
232 337 89 98 97
92 302 32 97 66
92 239 86 88 88
92 34 19 99 52
302 36 56 90 64
302 198 81 95 92
302 425 90 97 94
430 129 80 98 85
430 404 47 73 55
430 98 46 99 71
430 424 76 88 76
324 214 87 99 99
324 163 87 100 87
418 148 79 83 81
418 256 14 78 31
418 49 93 99 98
418 345 65 91 77
418 121 90 94 92
418 189 85 88 85
94 266 83 90 84
94 411 38 76 54
94 378 89 96 90
411 77 94 100 94
411 380 38 43 43
96 309 67 92 84
96 219 16 70 59
96 396 31 93 83
96 28 76 88 79
96 109 94 95 95
309 270 12 93 44
396 389 10 74 48
396 365 53 76 63
396 62 10 87 80
109 292 28 45 38
98 329 38 78 76
98 211 25 93 41
98 68 93 94 93
98 280 11 79 36
98 420 48 51 51
98 399 87 93 91
98 76 49 97 88
98 268 18 26 18
280 327 48 51 50
280 266 66 67 66
280 119 41 48 48
280 414 42 77 73
280 87 58 82 61
399 115 70 76 71
268 414 42 56 45
268 320 64 88 85
268 429 28 33 29
268 260 79 95 92
268 168 66 71 70
441 232 39 50 46
100 381 13 66 61
100 87 28 95 61
381 247 81 82 82
381 214 13 98 38
381 380 89 91 89
381 20 51 99 89
381 184 83 94 89
434 131 94 95 95
434 260 58 67 66
434 114 55 99 95
434 429 32 89 81
217 364 27 37 37
217 439 62 86 77
217 269 49 60 50
259 33 78 88 83
259 70 89 90 90
259 60 88 100 94
432 386 49 93 87
432 139 38 86 64
432 309 48 57 49
432 202 95 96 96
102 178 92 93 92
102 371 44 55 54
102 373 33 37 33
102 240 74 85 74
102 188 70 96 83
371 166 47 55 52
371 260 37 84 83
371 57 64 68 65
371 290 33 93 36
240 377 51 62 62
240 262 49 72 52
240 298 81 100 92
240 165 75 85 84
103 139 46 88 81
103 173 13 21 15
103 382 84 98 88
139 248 65 73 73
173 343 64 96 96
104 433 36 93 48
104 443 59 73 60
104 122 56 60 58
105 35 59 61 60
105 361 60 86 70
105 182 77 94 88
105 216 72 91 83
105 65 47 96 49
361 102 53 79 77
361 17 53 98 61
400 308 44 82 59
400 54 39 42 40
400 55 22 26 23
400 117 14 57 51
341 84 88 95 95
341 358 70 75 70
341 131 76 83 79
341 393 38 92 89
341 345 81 89 86
341 417 58 80 68
341 281 59 73 67
267 443 87 91 88
267 35 22 34 30
267 177 70 80 72
267 419 18 47 18
107 325 45 56 54
107 456 15 97 82
107 257 68 76 73
456 370 57 97 80
456 19 50 75 53
108 278 93 96 96
108 95 41 48 48
108 400 15 80 71
108 308 12 67 23
110 316 16 33 25
110 400 51 65 61
110 452 90 98 96
110 154 82 87 82
154 137 20 31 23
154 44 27 76 28
154 222 19 21 20
154 286 46 49 47
154 373 55 92 75
154 74 37 62 56
318 52 53 88 63
318 132 94 96 95
318 259 85 90 87
318 348 66 68 68
112 17 53 75 55
112 415 16 83 32
112 144 84 86 84
112 357 47 88 74
114 242 65 75 75
114 258 14 15 15
114 248 23 39 36
114 66 63 85 77
114 405 51 58 56
242 151 75 80 77
242 141 43 48 46
242 351 29 90 54
242 337 52 75 52
242 431 77 78 77
115 391 78 82 78
115 251 84 99 87
115 354 91 98 92
391 100 93 99 99
391 197 33 51 44
391 442 37 96 95
391 409 79 90 81
391 439 77 97 86
391 279 53 56 54
116 300 83 94 90
116 375 36 61 57
116 63 74 91 77
375 80 76 91 81
375 310 25 45 30
375 289 76 77 77
117 141 22 51 26
117 364 91 95 93
117 73 56 59 58
117 71 64 71 70
117 310 20 48 45
310 171 65 96 77
310 124 46 77 54
310 388 43 52 43
310 133 31 72 48
310 404 19 67 22
310 157 79 80 79
118 326 93 100 94
118 309 82 86 84
118 423 93 96 93
118 364 95 96 95
289 8 27 84 66
289 23 45 92 47
289 391 39 83 70
289 203 19 54 25
289 248 75 94 85
294 152 88 99 99
294 140 31 90 35
120 252 93 98 98
120 119 54 84 61
120 44 29 97 79
252 343 61 79 65
252 162 23 41 32
252 430 78 84 79
252 153 64 66 65
121 209 58 80 59
174 12 25 43 40
174 29 79 100 85
174 64 91 93 91
327 257 20 39 27
327 17 17 24 21
327 69 49 65 56
327 388 46 79 79
327 236 72 100 93
454 318 27 30 28
454 77 85 90 87
454 322 59 62 59
454 391 68 89 83
454 125 10 77 42
454 219 42 56 50
388 239 61 97 93
388 394 89 93 90
388 221 70 83 71
388 381 42 62 57
125 369 55 97 55
125 115 83 100 99
125 383 55 64 60
125 54 25 99 67
125 429 72 81 81
369 103 56 75 66
369 334 45 51 46
369 82 42 80 60
369 413 21 70 69
429 270 85 94 93
429 50 55 100 62
429 106 21 39 29
222 403 42 51 48
222 344 65 89 76
127 214 14 90 59
128 140 95 96 96
128 363 88 89 89
128 102 28 94 94
128 367 64 72 70
140 21 65 78 72
140 183 86 93 91
140 182 77 84 77
363 384 26 42 38
363 339 55 72 61
367 392 54 98 66
367 181 26 68 65
367 338 44 58 57
367 288 46 65 49
367 416 23 54 28
367 393 56 90 60
367 303 87 90 87
130 157 43 99 57
130 193 55 65 59
193 178 43 44 44
193 324 92 97 94
193 235 92 93 93
193 41 42 74 66
131 34 73 84 81
131 225 11 68 66
225 382 40 42 40
225 26 24 50 25
225 446 78 99 79
225 281 94 98 96
322 85 66 72 68
322 373 39 43 40
134 120 73 96 87
134 174 79 93 85
134 182 23 67 54
134 184 84 87 84
134 453 56 57 57
184 457 11 98 81
184 178 13 72 45
184 206 19 62 33
208 255 78 88 87
208 318 73 83 80
208 333 47 73 67
437 443 77 93 80
437 51 72 77 75
437 425 90 96 90
437 315 68 94 81
437 353 56 76 66
437 64 83 85 85
138 198 32 88 53
138 229 38 52 45
198 422 12 77 14
198 423 90 94 93
198 371 53 90 85
198 140 17 32 31
198 190 18 68 24
229 44 90 100 95
229 221 86 98 87
229 239 66 78 70
183 205 55 77 55
183 200 24 70 54
183 26 91 99 93
183 118 12 30 27
215 203 82 87 87
215 90 54 69 63
215 461 55 63 60
215 62 94 95 94
425 90 58 96 65
425 301 60 91 77
145 457 15 91 77
145 350 47 51 48
145 281 77 82 77
350 248 25 84 39
350 52 51 81 61
350 369 77 84 81
281 24 48 51 48
147 237 94 99 95
147 39 69 100 69
147 262 57 84 74
147 444 19 64 54
147 271 11 36 27
147 316 76 88 87
237 358 82 94 85
237 157 86 90 86
342 53 65 77 66
342 165 73 80 79
342 274 42 64 47
149 323 68 81 74
149 395 32 89 68
323 108 59 63 61
323 327 68 97 78
323 380 93 96 95
395 292 64 97 68
395 96 56 77 69
395 424 43 65 54
197 441 87 88 87
197 36 70 79 75
197 18 49 73 61
197 305 64 69 66
197 183 27 82 73
197 445 79 85 82
422 42 92 93 92
422 134 30 85 60
422 250 20 84 32
422 97 74 92 91
422 324 48 69 50
152 40 51 99 59
152 436 44 66 62
152 172 71 100 74
153 359 43 97 51
153 59 51 64 57
153 437 77 98 98
359 114 30 96 74
359 342 13 38 20
359 86 92 94 93
155 307 74 89 84
155 304 58 76 62
155 200 25 49 39
155 224 79 99 87
307 387 54 58 54
307 423 10 80 39
307 192 56 74 57
224 115 65 84 77
224 331 76 88 84
224 312 73 93 79
156 96 52 79 68
156 300 76 96 96
156 77 11 88 50
156 425 12 89 68
156 89 58 94 65
156 182 62 68 66
352 136 78 98 92
352 135 94 96 94
352 43 12 63 25
352 5 36 39 38
352 388 13 21 19
352 149 95 98 96
352 307 14 42 17
158 227 31 54 44
159 26 30 49 33
159 440 27 79 49
159 176 23 45 36
159 332 95 97 96
159 158 64 79 75
159 218 30 45 39
159 39 26 94 39
440 391 10 76 76
176 278 41 45 41
176 113 49 60 60
176 445 16 37 29
176 74 20 35 30
176 97 68 93 92
176 154 18 66 25
332 103 32 99 78
332 353 78 82 80
206 383 30 91 85
206 158 32 39 36
206 272 57 86 57
206 354 42 96 81
343 35 35 82 78
343 211 43 89 55
343 381 94 99 98
343 16 82 98 92
167 190 49 90 88
167 420 62 64 63
167 119 46 98 66
279 1 88 98 96
279 98 33 60 49
279 374 16 17 16
279 71 31 86 39
279 120 69 86 82
279 283 61 99 74
279 423 18 64 21
220 258 26 76 29
220 117 32 85 82
169 54 67 77 76
169 55 78 79 78
169 222 70 98 80
169 98 79 92 89
169 331 43 77 51
169 209 60 81 66
351 402 46 83 75
403 456 35 58 52
403 72 56 62 57
317 4 62 99 98
179 197 76 95 93
179 150 94 97 97
179 121 54 66 66
185 88 44 98 85
185 327 34 83 52
231 179 54 61 58
192 279 29 50 46
192 151 53 91 72
189 402 66 92 71
402 309 28 32 32
402 373 37 76 54
402 324 24 60 40
402 155 80 98 89
235 345 59 75 68
194 4 22 39 31
194 42 55 71 59
194 250 12 100 14
194 254 13 72 14
194 296 26 42 34
254 26 37 90 83
254 351 24 47 36
254 97 61 76 67
195 350 28 81 60
195 189 57 85 74
196 41 42 58 57
196 330 30 92 45
196 264 35 80 73
199 28 72 77 73
314 121 19 71 41
314 11 15 62 49
314 80 12 36 30
314 98 58 71 63
201 219 91 99 97
201 211 73 98 81
201 346 47 74 70
201 159 85 98 97
201 213 60 87 68
201 437 55 84 57
201 32 26 58 55
201 207 40 44 43
201 172 75 94 87
201 401 76 83 79
207 278 29 37 31
207 168 42 50 47
202 200 72 89 77
202 143 60 70 67
202 407 36 94 55
202 287 61 97 74
202 236 18 84 41
407 432 44 49 44
407 277 77 83 77
407 305 59 100 62
407 311 22 32 23
407 381 68 91 75
236 456 45 86 80
236 261 90 96 95
236 43 87 98 92
236 242 47 93 82
236 455 43 66 61
203 441 39 48 48
203 251 91 96 91
203 238 70 75 71
203 371 25 95 43
203 269 91 92 92
203 236 87 90 90
269 359 74 89 85
269 356 44 88 48
269 153 64 89 80
447 405 73 100 97
272 363 26 53 50
272 434 14 53 48
210 93 64 79 66
210 185 24 32 26
210 191 61 91 64
210 159 12 88 13
210 311 93 100 100
392 36 32 83 39
392 37 54 94 67
392 55 45 62 49
315 327 65 80 76
315 161 63 93 63
315 385 92 98 98
315 383 81 93 81
315 334 91 97 91
315 108 76 83 81
315 404 95 97 97
315 250 39 76 56
221 348 28 40 33
344 17 19 36 30
344 460 76 99 86
344 260 26 34 29
344 109 88 91 89
223 167 89 96 90
223 97 88 94 91
223 5 32 45 45
226 12 45 82 66
226 109 37 86 56
226 197 24 67 59
228 398 13 65 34
228 361 20 41 20
228 129 50 83 52
228 155 75 96 80
285 38 20 63 31
285 235 46 62 56
285 220 58 64 63
339 359 41 98 77
339 197 10 42 10
339 144 21 53 26
379 157 61 78 77
379 142 63 85 72
379 378 15 18 15
379 284 78 85 78
261 429 86 90 90
261 176 36 77 37
261 354 42 46 42
261 161 71 95 86
358 21 34 68 49
358 141 40 96 43
358 133 65 94 77
358 287 35 97 77
347 380 28 59 55
449 366 41 90 67
449 309 90 92 90
449 461 75 93 79
298 356 58 64 60
298 443 24 75 60
298 84 83 95 92
298 16 69 98 74
298 337 80 100 81
298 55 46 68 58
298 255 12 93 18
241 369 77 91 90
243 404 18 82 66
243 119 66 68 68
246 308 86 100 88
246 292 24 71 47
246 255 94 100 100
246 435 66 77 73
246 287 91 97 93
246 159 54 80 70
435 168 85 87 87
249 291 59 76 70
249 275 61 71 69
249 344 45 82 52
374 373 68 98 76
374 296 78 94 83
253 378 27 96 92
253 254 95 98 97
253 292 13 19 19
253 150 51 70 69
360 358 84 88 87
360 177 64 78 70
360 280 49 99 76
360 323 20 73 29
263 114 76 88 79
263 97 66 80 68
263 75 44 83 81
263 242 29 86 66
263 79 24 38 38
450 71 49 95 86
450 8 27 100 75
450 288 42 62 44
450 194 51 89 82
450 56 21 31 28
450 68 26 62 37
380 415 87 100 98
380 224 23 86 86
356 195 88 93 91
356 389 32 78 41
356 370 73 78 77
356 270 83 84 83
424 332 36 95 91
424 167 87 99 92
424 320 83 99 84
424 343 58 84 79
376 385 79 95 90
376 145 12 86 16
283 240 62 97 67
283 49 64 70 68
427 390 11 25 15
290 207 47 65 52
290 43 76 94 93
293 32 85 93 86
293 300 61 77 62
293 290 61 78 61
297 110 34 85 54
297 339 57 68 66
299 300 30 75 75
299 399 94 100 96
299 213 40 48 42
299 232 32 51 46
299 271 62 75 64
299 461 76 93 89
303 183 18 19 18
303 453 33 77 51
303 138 15 96 69
313 340 66 98 80
313 255 48 99 86
313 191 35 82 41
368 108 46 90 67
368 208 38 84 60
368 306 43 83 75
368 56 90 98 95
368 134 29 39 37
438 224 71 90 85
338 461 86 87 86
338 26 80 91 83
338 357 36 38 36
389 387 61 69 66
389 146 71 80 71
389 248 69 74 72
389 55 18 82 50
389 302 60 76 70
389 228 58 91 59
384 93 28 47 42
384 286 24 26 25
384 364 14 26 22
384 379 87 93 90
384 137 58 62 61
416 240 75 82 76
416 450 62 89 88
416 351 43 100 69
416 305 43 97 81
372 26 94 100 97
451 455 78 84 84
394 297 89 91 89
394 228 51 71 65
459 278 11 25 16
459 242 21 62 55
421 445 10 30 11
421 176 16 31 28
421 294 75 96 88
0 461
