65 214
0 10 73 87 84
0 16 77 88 88
0 47 28 87 70
0 29 16 65 26
0 51 12 97 32
10 11 49 64 56
10 39 57 61 61
10 6 27 39 35
10 31 72 74 72
10 27 35 72 45
10 45 93 94 93
16 42 74 87 87
16 34 78 98 79
47 53 73 89 87
29 0 35 42 35
29 48 90 97 95
29 28 95 100 98
29 5 46 60 53
51 2 35 40 38
2 40 81 88 82
2 39 50 73 64
2 48 86 100 90
2 35 91 98 96
40 36 34 43 34
40 10 64 100 94
40 39 56 71 59
39 36 91 96 91
48 34 61 93 71
48 59 12 77 37
48 16 40 92 71
48 5 95 99 96
48 35 53 84 65
35 18 43 78 69
35 14 59 89 67
35 40 15 97 97
3 57 85 96 89
3 58 10 60 22
3 18 32 60 54
3 31 83 94 94
57 26 62 99 66
57 22 56 59 58
57 11 65 83 70
57 33 35 86 71
57 48 57 71 71
57 60 59 70 68
58 2 57 86 66
58 16 81 98 92
58 14 39 44 39
18 29 87 100 91
31 56 44 73 60
31 64 69 78 72
4 29 67 73 68
4 1 87 100 91
4 58 31 54 51
4 5 42 90 67
5 1 60 79 79
5 3 13 32 31
5 60 40 75 54
5 48 88 93 93
60 53 73 92 88
60 30 28 62 54
60 6 40 97 85
60 61 11 54 27
6 7 89 98 89
6 53 77 95 93
6 63 17 88 52
7 3 94 98 97
7 35 94 95 94
53 32 14 46 46
53 43 82 83 82
53 33 56 65 57
53 40 32 96 48
63 52 30 64 58
8 36 58 100 88
8 25 89 90 90
8 0 95 99 99
25 59 34 45 37
25 37 63 67 64
25 51 26 36 30
25 20 13 16 13
25 28 94 97 94
11 16 65 89 66
11 21 22 30 30
11 33 93 95 95
27 31 39 87 39
27 5 46 91 66
45 18 33 43 33
45 23 38 48 46
45 60 72 78 77
45 20 51 92 62
45 14 12 58 49
45 10 28 78 32
21 11 35 66 43
21 7 47 75 52
21 34 66 75 73
21 46 32 55 50
33 35 36 61 48
33 13 41 94 54
12 64 89 90 89
64 36 81 99 81
64 2 17 97 86
13 30 38 59 44
13 35 11 87 56
13 3 95 98 98
13 6 84 88 85
13 26 62 63 62
13 5 68 81 79
13 8 65 75 71
30 4 28 29 29
30 49 74 84 79
26 56 11 98 68
26 6 61 93 67
14 7 46 76 48
14 9 72 95 92
14 19 82 99 90
14 47 17 75 66
19 8 26 43 29
19 40 26 30 26
19 10 33 99 57
19 48 39 79 56
19 63 63 79 63
19 60 75 81 76
19 18 56 63 59
15 28 42 95 59
15 18 80 87 84
15 19 92 99 99
28 29 17 86 46
28 17 29 43 34
28 62 50 54 54
28 42 85 96 95
28 27 25 52 48
42 64 88 95 95
42 2 72 75 72
42 34 68 89 80
42 17 41 84 46
34 48 28 46 39
34 55 87 98 93
17 49 37 92 40
17 21 13 51 46
17 13 43 96 61
17 16 65 88 80
17 1 21 71 52
17 8 87 90 90
49 11 54 64 55
20 50 13 47 27
20 7 71 96 83
20 55 83 92 91
20 32 80 88 82
50 59 18 94 24
55 49 33 67 59
55 24 46 61 53
55 44 16 41 38
32 64 33 46 35
32 63 18 60 18
32 47 95 100 100
32 55 89 91 90
46 25 72 90 83
46 49 11 13 11
46 54 90 99 95
46 33 50 84 54
46 32 27 44 40
22 60 83 96 95
22 37 38 80 54
22 15 60 74 62
37 22 71 95 78
37 61 47 60 52
37 32 23 25 24
37 41 74 78 78
23 12 50 73 61
23 42 79 84 82
23 45 77 88 79
24 48 63 97 66
24 63 34 65 47
24 59 29 81 45
59 29 80 93 83
59 16 38 50 44
59 8 89 97 92
59 49 45 66 57
56 53 54 82 69
56 63 68 71 70
56 25 70 92 92
56 6 57 71 70
56 55 78 91 81
56 49 55 93 75
62 3 23 68 43
61 13 36 84 43
61 63 36 48 38
61 53 26 59 54
61 31 88 99 96
41 28 20 50 20
41 19 26 77 56
38 61 67 80 69
38 43 66 84 79
38 50 12 63 53
38 48 28 84 56
38 34 17 78 28
43 58 43 100 85
43 59 79 87 80
43 6 42 82 42
43 5 34 38 35
43 61 42 63 44
43 36 48 50 50
43 16 15 39 30
44 35 92 98 97
44 19 65 81 71
54 63 32 63 57
54 25 41 82 69
54 29 35 61 43
54 2 48 90 73
52 30 23 45 33
52 20 94 95 95
52 39 94 95 95
52 27 15 45 34
52 8 56 84 82
0 64
