276 544
0 2 12 82 24
0 201 44 85 77
0 102 36 49 43
2 157 67 79 70
201 229 82 91 82
201 29 66 96 96
201 105 81 100 97
102 242 26 32 28
102 29 55 98 64
1 148 56 68 59
1 181 87 96 96
148 274 12 72 16
181 163 24 68 25
181 103 70 86 75
157 23 63 69 63
157 132 46 96 84
157 172 85 88 87
4 85 52 83 82
85 16 44 66 54
5 145 62 73 69
145 228 70 87 76
6 274 30 36 32
6 82 45 88 83
274 7 67 83 76
274 177 77 95 88
82 121 35 44 40
82 21 58 98 64
82 131 45 69 55
82 16 74 81 81
82 196 94 97 95
8 193 13 59 49
193 71 45 99 93
10 192 61 69 67
10 132 35 50 41
192 99 48 62 49
192 97 62 81 75
132 153 70 90 84
132 241 64 71 69
11 251 18 99 68
11 259 43 63 56
11 56 35 48 46
251 28 45 94 68
251 24 77 97 95
259 124 64 96 64
259 137 12 30 21
259 231 89 90 89
259 150 76 86 82
56 165 89 90 89
56 19 88 92 91
12 248 47 72 49
248 156 19 64 34
248 32 87 96 91
248 34 85 97 87
13 1 13 48 45
13 137 79 98 81
15 43 37 39 37
15 186 87 91 87
15 166 92 98 92
43 256 56 100 67
43 171 75 88 84
186 134 88 90 88
186 147 22 70 44
16 80 51 79 75
80 269 50 78 61
17 167 36 76 52
17 153 86 100 88
167 249 13 57 29
167 169 28 31 31
167 251 30 94 36
167 129 41 96 77
153 42 67 70 70
153 189 79 87 79
18 90 16 98 75
18 28 43 76 57
90 94 48 79 76
90 149 45 71 60
28 171 80 96 83
28 55 77 88 82
19 117 13 100 53
19 259 39 81 40
117 172 61 90 86
117 244 46 89 77
117 181 66 76 67
20 214 93 95 93
214 224 29 64 54
214 232 13 24 13
214 246 40 82 40
214 201 81 84 82
22 17 44 74 53
22 89 70 72 70
89 76 77 87 87
89 11 39 51 39
89 162 30 47 35
23 196 40 44 44
23 128 45 61 52
23 32 52 83 68
196 94 11 38 20
196 115 15 61 20
196 175 72 100 95
196 206 16 27 21
196 40 14 32 30
196 226 28 52 52
196 202 81 82 81
32 134 21 71 31
32 120 88 96 96
25 156 34 62 44
25 92 38 78 43
25 7 64 99 84
156 36 77 89 79
92 134 16 59 42
26 67 12 33 13
26 25 84 100 86
26 90 73 96 89
67 149 77 83 80
67 101 58 65 60
67 229 36 68 57
27 153 67 76 67
27 212 26 30 30
212 171 70 80 72
212 149 34 47 34
212 15 86 99 93
171 178 59 95 61
171 156 45 100 54
55 74 83 98 94
29 50 83 91 86
50 153 56 95 79
30 254 47 57 50
30 165 20 32 27
254 68 42 87 72
254 208 72 73 72
254 263 56 69 69
254 158 74 90 90
165 126 62 68 65
165 184 19 90 22
31 256 37 92 84
31 205 64 80 77
256 275 54 95 91
134 217 21 34 30
120 275 69 81 72
33 8 90 95 92
33 74 25 90 90
33 12 22 97 70
33 25 90 98 91
33 184 51 58 57
33 233 10 25 13
74 190 32 89 38
74 76 30 62 37
74 219 91 100 97
74 243 94 95 95
184 212 14 42 29
184 262 29 78 39
184 215 57 92 84
184 60 59 100 89
233 205 42 55 55
233 155 39 44 41
233 15 49 83 77
34 235 64 92 65
34 257 83 100 97
235 263 68 73 69
235 159 69 81 78
257 43 73 100 78
257 233 14 84 21
257 255 72 83 72
35 4 55 85 79
36 54 90 91 90
36 241 88 98 95
36 246 93 97 94
36 195 34 54 49
54 136 72 94 92
246 31 20 48 22
246 148 42 73 67
246 115 73 79 78
195 271 30 88 70
195 39 16 47 31
195 125 71 87 77
195 175 62 70 69
38 139 32 36 35
139 68 52 100 99
139 124 59 60 60
39 32 71 88 84
39 226 23 60 57
39 275 52 61 56
226 32 14 74 47
275 25 81 85 81
40 2 67 78 77
40 253 36 76 48
40 41 55 97 79
253 254 12 81 27
253 18 83 85 83
253 108 90 98 91
41 274 24 76 57
41 261 26 100 55
41 114 36 78 51
41 74 81 88 82
261 165 57 76 70
261 211 81 100 95
114 166 54 95 57
114 235 73 83 76
114 58 39 46 45
42 159 44 74 45
42 209 36 59 41
42 253 67 92 83
159 139 26 82 36
159 149 10 87 74
209 257 84 99 97
209 197 53 92 69
209 234 23 28 25
209 93 58 83 69
44 251 15 79 58
44 27 94 99 97
44 179 22 67 41
179 212 15 47 33
179 21 81 82 82
46 275 69 98 89
46 216 20 58 26
46 181 76 88 88
47 73 28 40 32
47 50 31 41 41
47 103 10 50 41
73 47 50 81 62
73 214 47 62 51
103 230 22 98 58
103 221 21 37 25
48 125 21 63 23
48 102 41 78 78
49 113 49 91 67
113 102 42 82 81
52 143 12 52 48
143 158 16 21 20
143 229 43 64 58
143 171 91 92 92
53 95 32 83 80
53 247 67 73 68
53 1 69 100 84
95 158 84 85 84
95 253 42 100 87
247 223 12 18 13
247 184 19 26 26
247 19 20 75 25
136 216 35 96 41
136 10 67 85 85
136 143 40 62 47
136 99 61 69 67
136 50 34 36 35
57 24 20 82 65
57 37 58 93 68
58 10 47 77 67
58 85 90 100 100
58 102 78 81 79
58 261 84 94 84
59 193 55 96 87
59 34 46 56 49
62 0 57 92 71
62 5 80 92 85
63 203 85 93 91
63 16 95 96 96
203 15 66 99 69
64 203 21 81 22
65 93 81 100 96
93 177 86 87 87
93 12 28 51 33
93 124 40 77 46
66 223 29 59 56
66 150 83 89 84
223 24 50 72 71
223 149 14 75 74
223 235 95 96 95
223 2 67 89 78
223 166 90 100 94
150 274 75 79 79
150 275 31 48 39
150 18 65 93 83
101 119 33 51 41
101 59 18 81 78
68 83 17 87 35
68 258 43 58 45
68 168 23 83 40
258 240 41 87 62
258 42 94 96 96
258 175 88 97 91
258 250 63 78 70
258 59 50 77 68
168 28 16 26 16
168 82 17 60 60
70 6 95 96 95
70 164 13 31 24
164 249 68 86 72
164 79 46 88 65
71 178 86 96 86
71 137 23 49 24
178 29 36 45 43
178 155 30 57 44
178 99 77 94 85
178 8 27 77 53
178 23 64 80 77
178 188 95 100 98
72 117 52 94 94
190 234 28 100 50
190 197 54 74 59
190 198 40 49 44
76 142 31 85 82
76 82 35 71 44
75 212 37 76 71
142 111 29 33 33
142 75 76 79 78
142 128 27 99 72
77 45 18 86 42
77 110 55 99 59
77 187 11 89 79
187 17 42 43 43
187 241 87 99 87
187 36 19 64 43
187 112 11 14 12
78 224 29 99 39
78 202 43 60 58
78 0 70 92 86
78 240 76 79 78
224 268 51 88 51
240 171 18 66 35
240 244 37 54 40
240 231 62 83 80
240 34 53 65 64
79 222 77 93 92
79 274 80 85 81
79 247 25 36 25
222 26 78 93 82
222 236 45 94 85
222 68 48 64 60
269 252 66 75 75
269 162 23 35 35
81 129 91 96 94
81 212 23 47 43
81 28 17 69 52
121 74 90 99 97
121 3 57 72 71
131 159 59 94 94
131 42 65 90 67
131 242 41 75 75
131 157 57 80 57
131 267 42 93 51
131 35 28 50 35
131 22 71 88 84
131 21 46 96 76
84 22 75 90 78
84 171 77 79 79
86 153 19 72 21
86 245 68 86 82
86 138 45 99 84
245 121 71 99 87
245 64 86 89 88
138 2 20 50 33
88 157 36 80 62
88 89 80 91 80
162 264 53 67 63
162 146 16 43 26
162 239 63 89 71
162 102 39 79 71
162 6 22 79 23
162 132 95 100 99
94 46 81 93 86
94 12 63 93 81
94 67 26 52 32
91 253 43 44 43
91 228 50 63 61
228 33 25 43 43
228 240 74 100 96
228 227 76 93 85
124 95 14 99 59
158 202 67 90 68
97 197 52 64 56
97 173 25 45 44
97 180 27 85 29
197 35 46 50 47
197 170 72 74 74
197 220 64 88 64
197 236 41 98 91
173 193 56 99 93
180 224 38 61 57
180 112 61 91 68
180 153 68 79 70
180 117 14 42 20
99 19 46 48 47
99 69 11 69 22
100 6 47 89 63
100 92 53 63 63
100 157 31 37 32
242 23 13 28 28
242 105 57 60 57
230 119 30 66 63
230 166 82 96 89
104 17 54 55 55
104 103 17 30 26
105 3 61 88 81
106 98 78 85 78
106 11 52 88 56
106 197 26 44 28
107 189 49 90 74
107 160 45 79 52
189 198 37 96 76
189 246 15 65 18
160 114 91 100 100
160 178 45 49 48
160 91 11 45 17
108 103 90 96 90
108 252 53 94 88
108 267 10 28 28
108 100 69 84 71
252 150 26 55 48
252 172 69 92 91
252 92 86 91 86
267 215 53 79 57
267 107 91 92 92
109 20 80 95 89
109 214 53 73 55
111 122 85 93 86
111 69 29 72 60
111 106 88 94 92
122 108 93 96 94
122 250 20 36 36
112 227 12 77 37
227 71 34 94 73
115 263 17 92 24
115 88 46 55 54
115 225 72 100 97
263 217 11 16 15
225 232 48 69 63
116 113 79 98 90
116 36 39 76 61
116 151 90 95 94
151 261 16 59 16
151 12 45 93 63
151 180 13 65 44
151 236 31 62 61
172 85 55 94 72
172 216 85 87 86
244 248 51 95 86
244 10 90 95 90
250 199 63 80 79
250 181 63 84 84
123 72 72 83 79
123 192 32 58 51
126 270 14 68 39
126 77 78 87 85
126 249 68 97 86
126 83 66 100 85
249 268 25 70 46
249 100 21 47 22
127 156 78 95 91
127 269 69 73 69
130 133 28 59 49
130 272 77 87 83
130 212 63 90 79
272 215 56 85 85
272 148 73 94 91
272 78 61 81 74
217 184 62 95 87
135 267 10 38 24
135 254 38 98 86
140 30 17 93 64
140 38 67 91 71
141 83 28 52 50
141 266 36 91 72
144 13 40 43 42
144 79 71 94 87
144 147 43 91 64
144 27 76 100 78
147 246 26 49 44
146 159 95 97 97
236 221 48 49 48
152 82 49 80 62
154 124 14 52 19
154 213 40 93 64
213 104 40 100 66
213 108 57 92 86
213 50 79 86 85
161 204 81 89 82
161 61 70 91 78
161 181 12 35 34
161 26 43 49 47
163 242 49 59 51
163 54 42 77 51
163 271 14 23 19
163 89 50 67 65
271 86 78 96 93
170 199 30 41 34
199 40 24 35 33
199 128 38 90 54
174 239 74 93 90
174 55 60 90 72
175 256 12 84 65
175 0 52 73 60
175 163 15 77 50
175 135 79 91 86
176 172 38 94 75
188 178 84 85 84
188 218 78 83 82
188 43 44 68 62
182 137 76 98 96
182 50 37 85 76
262 106 43 92 45
262 233 21 29 23
215 175 11 15 14
215 26 58 81 74
215 252 41 68 42
185 72 42 67 54
185 220 10 40 29
185 189 22 61 40
220 91 25 87 30
220 202 31 40 31
218 206 75 76 75
218 104 15 32 19
218 106 51 89 51
200 31 33 40 33
200 166 58 91 58
200 211 42 84 73
211 248 56 88 68
211 41 20 21 20
211 218 83 95 94
207 73 74 94 74
207 47 85 97 87
207 239 21 36 32
207 91 35 90 41
207 83 52 76 72
207 95 46 61 58
207 184 40 88 42
207 264 55 68 64
208 231 43 45 43
231 174 26 99 45
231 142 43 77 61
232 22 19 76 28
232 30 47 75 75
268 169 65 66 66
268 223 31 89 39
237 121 55 85 85
237 169 79 86 86
238 53 23 99 35
238 74 38 89 40
255 65 89 96 92
255 176 94 98 95
260 104 17 67 45
260 84 62 79 71
260 204 28 78 53
265 226 46 74 69
265 184 50 55 52
0 275
