30 89
0 13 71 80 78
0 2 88 97 88
0 3 60 74 63
0 10 28 49 32
13 5 29 98 63
13 18 77 83 78
2 28 63 64 64
2 8 89 99 90
3 6 68 72 69
3 8 68 98 96
3 17 85 90 90
3 23 34 37 35
3 1 63 77 75
3 16 39 53 53
10 29 90 97 97
10 4 62 99 97
10 13 65 99 85
10 3 80 85 80
10 11 23 27 27
1 26 29 81 43
26 7 82 91 85
26 17 30 36 36
26 14 58 97 86
26 6 20 26 24
28 21 17 29 27
8 11 56 69 66
8 12 64 88 77
6 24 51 53 52
17 4 36 50 37
23 12 23 29 25
16 25 11 29 18
16 29 51 74 58
16 9 61 87 75
16 22 80 87 87
4 1 29 44 37
4 24 68 70 70
4 27 75 92 79
24 16 76 93 81
24 0 12 49 48
24 8 38 45 41
24 12 32 62 35
24 29 45 56 50
27 20 86 100 91
27 7 73 85 81
27 16 20 59 23
5 10 55 88 67
7 28 75 93 91
7 15 73 86 73
7 12 32 88 70
15 7 90 100 97
15 16 38 68 38
15 17 31 75 35
12 3 81 97 93
12 10 58 66 65
11 21 69 86 72
11 8 77 95 87
11 0 74 86 75
11 12 29 36 33
11 24 14 32 28
11 5 73 95 73
9 17 24 83 58
9 21 46 94 89
21 1 74 76 74
21 24 66 79 67
21 0 15 49 28
21 5 86 92 88
29 14 13 27 17
29 23 70 99 92
29 26 94 95 94
29 28 37 46 40
18 15 74 85 74
18 19 77 93 90
18 26 55 85 74
18 1 13 77 28
18 20 71 88 73
14 3 92 98 94
14 28 38 42 40
14 13 89 91 90
25 2 82 99 82
25 3 21 75 68
25 5 12 22 16
25 10 46 84 70
22 23 60 63 61
22 19 39 90 78
22 24 39 81 67
19 3 33 75 38
19 29 46 61 61
19 7 13 49 16
20 23 61 78 66
0 29
