45 94
0 9 60 72 66
0 2 63 88 77
0 32 14 51 20
9 44 72 87 72
32 16 15 51 31
1 21 16 36 22
1 31 63 70 63
1 43 34 72 51
21 35 33 62 62
21 39 46 88 50
31 32 29 100 85
31 13 74 99 93
31 6 35 58 53
43 40 32 46 45
43 23 50 62 61
3 40 10 65 44
3 26 23 78 33
40 25 58 78 60
40 4 16 82 39
40 20 82 94 86
40 26 84 94 92
26 8 91 94 92
4 21 68 84 72
4 44 94 98 96
44 36 28 54 40
5 40 27 70 54
5 36 48 68 61
5 31 39 44 44
36 31 76 89 83
36 44 32 99 63
6 38 43 53 44
6 25 49 61 59
38 9 59 79 72
38 20 23 72 70
38 40 80 84 80
38 25 88 89 89
25 37 38 47 46
25 2 38 81 41
7 38 90 93 93
7 37 43 45 44
7 0 10 38 10
37 9 94 97 96
37 36 14 76 52
8 9 93 95 95
8 0 30 78 66
8 37 43 90 58
8 3 60 80 60
8 39 56 96 87
8 22 54 72 59
39 38 53 68 57
22 1 52 95 89
22 11 12 61 26
22 43 13 24 21
10 24 45 81 75
10 32 76 92 76
11 40 77 98 88
12 18 31 89 68
12 37 95 99 95
12 25 75 84 76
12 26 34 47 36
18 3 82 94 88
14 0 91 93 93
14 40 18 44 20
14 10 62 67 62
14 42 75 77 76
42 1 87 91 90
15 29 32 98 33
15 0 32 68 44
29 8 46 61 57
29 2 52 54 53
16 32 60 90 72
16 43 95 97 97
16 35 77 84 84
35 17 70 93 91
35 30 51 86 52
17 41 40 67 44
17 22 13 81 54
17 34 52 92 71
41 24 26 56 48
41 30 50 72 52
34 15 31 55 33
34 13 13 48 37
19 7 17 73 68
19 43 52 84 74
20 11 94 97 95
20 43 10 38 30
20 29 80 87 85
23 21 69 86 83
27 20 27 71 47
28 41 60 77 63
28 19 51 78 53
28 21 32 62 37
33 21 84 96 96
33 35 42 54 48
0 44
