27 80
0 26 20 84 48
0 25 35 68 55
0 17 53 68 58
0 12 69 96 75
26 21 30 38 35
26 4 44 86 72
25 19 63 68 67
25 13 93 98 93
25 14 56 95 72
25 17 89 100 94
17 22 44 74 60
12 5 80 87 86
12 18 41 70 57
12 9 12 46 17
1 9 35 62 58
1 16 54 72 55
9 24 84 89 89
9 15 66 79 73
9 21 65 83 74
16 10 28 34 28
16 20 33 94 35
2 18 38 44 38
2 0 64 80 72
2 7 82 84 83
18 14 10 22 11
18 5 54 56 56
18 20 42 59 51
18 21 85 91 90
7 25 24 91 73
7 2 24 45 32
3 1 12 92 85
4 18 79 93 84
4 23 54 73 70
23 14 23 75 55
23 20 54 60 58
5 2 35 39 37
5 26 61 77 75
5 11 32 83 55
5 9 91 96 91
5 20 17 63 28
11 5 59 63 61
11 24 14 70 44
11 20 86 95 92
11 9 79 80 79
11 22 16 60 59
20 8 87 99 97
20 23 44 84 78
20 2 10 37 18
20 4 89 91 90
20 17 74 92 90
6 13 63 100 75
6 17 28 77 44
8 13 37 56 55
8 10 26 60 54
8 14 41 81 60
8 11 91 96 93
10 4 24 68 41
10 21 78 100 85
14 15 54 90 71
14 17 78 85 82
14 16 79 84 84
24 22 92 100 99
24 5 89 94 93
24 0 20 45 33
24 9 55 68 66
24 14 47 98 84
24 18 51 80 56
15 1 13 15 15
21 17 67 86 82
21 6 72 88 87
21 0 89 99 95
21 11 47 59 52
21 13 28 79 76
22 3 45 72 60
22 18 32 100 58
22 10 63 78 75
19 1 76 84 82
19 0 75 99 90
19 20 63 67 66
19 9 88 97 91
0 26
