68 129
0 52 94 98 98
0 5 78 95 84
0 8 13 61 42
52 39 26 52 35
52 11 40 47 43
5 8 66 86 85
5 28 63 91 72
8 46 46 92 74
8 66 77 92 85
8 22 18 49 41
1 35 92 93 93
35 33 85 87 85
35 5 40 57 41
35 10 74 98 97
2 49 31 76 70
2 41 86 94 88
2 46 15 38 38
2 23 80 100 84
41 9 21 93 58
41 7 36 75 70
41 59 23 82 82
46 67 38 58 54
46 28 61 79 68
23 35 26 55 51
23 15 18 23 21
23 9 40 48 45
3 15 64 96 92
3 6 55 90 82
15 2 26 35 26
15 67 57 93 83
15 48 83 97 93
15 29 43 59 56
15 18 82 98 84
15 66 56 61 56
6 23 26 91 48
6 13 53 83 59
4 48 83 96 91
4 53 52 90 70
4 0 90 100 99
48 19 85 98 85
48 36 42 96 54
48 47 72 80 80
53 52 26 65 38
28 50 58 73 68
28 20 24 43 30
13 46 81 92 86
13 40 79 84 83
13 49 79 95 94
7 52 18 74 32
66 47 95 97 97
66 31 50 85 58
22 52 45 91 80
9 21 49 94 89
10 20 94 99 95
10 19 10 44 22
20 14 39 43 39
20 54 13 76 18
20 8 11 16 16
19 58 86 99 99
11 34 90 91 90
11 21 47 84 78
11 59 84 99 94
34 33 17 58 43
59 8 25 29 25
59 28 33 90 66
59 2 18 48 35
59 58 32 58 57
12 32 39 41 41
12 10 35 84 38
12 36 70 90 81
36 38 77 78 78
36 5 72 91 80
40 24 34 81 70
40 20 37 42 41
40 7 71 77 73
14 60 19 92 82
14 48 30 34 32
60 33 70 93 77
29 13 24 30 24
18 40 81 96 87
18 2 42 74 67
16 27 53 65 56
27 33 88 100 96
27 32 62 92 83
54 55 14 64 14
54 61 19 43 41
24 45 31 63 42
24 52 66 76 73
24 22 35 94 43
45 50 91 98 98
45 11 87 93 89
25 65 62 93 70
25 6 56 78 64
65 33 55 79 73
26 59 38 98 43
26 65 17 97 86
33 46 37 83 61
33 22 20 81 38
31 54 39 92 46
31 18 60 78 63
38 2 15 18 18
39 26 31 97 76
39 10 73 75 74
39 63 92 94 94
63 61 34 84 58
63 29 75 99 96
63 1 35 95 53
63 26 27 36 27
63 16 12 39 38
42 54 63 91 65
42 58 42 95 84
43 50 45 48 45
43 36 87 89 87
44 8 23 96 42
44 21 39 54 51
47 0 57 71 57
51 30 52 96 92
51 59 49 60 56
61 44 12 23 14
61 30 89 98 89
61 39 85 96 94
61 29 78 91 84
56 13 70 84 78
56 30 79 99 97
56 32 23 84 52
56 38 45 70 61
64 33 68 95 78
64 16 71 81 79
64 21 40 58 54
0 67
