209 501
0 127 19 61 61
127 138 15 25 16
127 16 66 68 66
127 119 80 86 81
127 61 93 95 93
127 84 32 54 47
1 60 55 99 72
1 10 18 79 63
1 129 52 61 57
60 157 28 53 30
10 154 25 45 34
10 97 22 27 22
129 137 37 77 64
129 8 95 98 97
129 98 70 94 90
2 32 78 94 86
32 207 57 84 67
3 113 55 59 58
113 178 42 53 45
113 193 57 96 92
113 37 71 77 73
4 73 32 84 55
4 139 89 99 99
4 84 64 65 64
4 183 72 78 76
4 54 92 93 93
4 191 33 77 63
73 86 43 91 64
73 208 94 99 96
73 98 27 41 38
73 121 31 63 31
139 90 18 75 39
139 42 28 44 35
139 4 15 38 24
139 59 79 84 82
139 71 28 69 31
84 170 95 100 95
183 116 92 97 95
183 170 35 42 41
54 46 41 91 89
191 84 27 30 28
191 146 38 74 46
191 32 29 57 51
191 106 62 78 66
5 12 22 77 41
5 109 75 97 95
12 15 76 78 76
6 83 38 55 52
83 69 39 83 44
83 9 68 95 76
7 128 54 79 79
7 52 39 88 61
52 204 90 98 90
52 32 29 58 47
52 122 73 81 81
52 24 26 70 47
52 183 29 62 61
52 200 95 98 98
8 4 82 89 88
9 92 91 96 91
92 28 85 97 92
92 110 93 97 94
154 178 75 83 78
154 36 92 100 92
11 104 18 52 18
11 101 88 92 89
11 25 64 70 68
104 117 81 100 96
101 127 63 98 92
101 73 52 96 56
25 84 10 100 20
15 11 49 79 63
15 194 86 88 87
13 169 22 64 22
169 167 29 71 49
169 96 87 96 93
169 13 22 74 43
14 163 75 77 75
14 117 84 100 99
14 198 59 68 66
163 118 18 89 27
163 63 78 87 79
163 16 60 82 81
163 12 21 78 47
117 133 51 75 53
198 24 12 46 17
198 170 71 81 78
198 90 33 97 52
198 114 34 61 59
198 159 36 59 47
198 196 81 95 87
194 100 27 37 37
194 84 54 64 54
194 80 89 96 89
194 90 92 94 92
16 22 31 48 38
16 127 65 81 68
16 81 69 82 70
16 21 51 69 69
16 101 62 83 77
16 8 63 74 73
22 118 85 91 87
81 77 60 91 72
81 134 52 90 55
81 101 13 97 96
21 20 81 85 83
21 166 40 65 54
17 102 27 80 49
17 168 95 100 95
17 59 62 89 88
17 29 29 35 33
102 130 92 97 94
102 197 37 48 40
102 128 26 58 42
102 91 77 87 80
168 25 42 82 57
59 163 47 53 51
59 183 23 96 65
29 38 59 64 59
18 67 25 76 48
18 168 67 88 82
18 104 43 46 43
67 103 94 98 94
67 1 27 61 39
67 96 93 99 95
166 113 92 96 95
166 81 55 67 55
118 155 18 92 77
118 25 33 35 35
24 132 57 93 77
24 41 74 97 93
132 42 25 85 78
26 119 56 86 61
26 183 92 96 95
119 14 12 24 18
119 201 92 97 97
119 188 42 58 42
27 88 74 82 74
27 203 47 79 70
88 125 19 96 80
88 185 78 86 82
88 54 58 96 95
88 45 11 95 27
203 118 78 89 81
203 2 35 67 43
28 198 36 88 56
28 108 60 79 63
28 128 44 81 72
28 94 29 58 44
108 27 23 66 57
108 57 45 67 58
94 41 47 87 80
94 130 28 64 50
38 1 43 89 71
38 164 86 94 89
30 91 67 98 82
30 102 60 86 68
30 42 60 93 74
91 63 89 99 99
91 76 16 86 22
91 137 89 93 93
31 44 74 88 75
31 81 62 96 66
31 200 75 81 79
44 74 17 41 30
44 172 26 43 42
44 81 50 94 67
207 99 90 91 90
207 122 50 62 57
33 10 10 62 59
33 77 75 98 75
34 122 41 60 59
34 79 77 99 84
34 156 53 95 59
34 128 18 56 48
34 100 90 92 90
34 158 66 92 89
122 91 27 41 29
122 161 92 96 94
122 147 47 82 62
122 198 86 98 89
100 1 77 93 89
100 185 46 48 47
100 202 12 27 15
100 133 83 88 84
158 140 21 100 96
158 152 88 94 88
158 18 60 100 66
35 114 62 80 74
114 85 93 94 94
114 118 63 67 64
114 96 76 82 78
114 67 50 93 87
114 168 10 23 16
114 196 60 93 73
114 199 52 97 66
36 3 39 97 92
36 126 37 62 53
36 42 67 73 67
126 37 32 60 40
126 125 92 94 94
126 82 83 92 85
126 170 91 97 92
126 198 75 80 75
126 98 86 91 91
37 81 60 76 66
37 198 19 32 19
37 35 45 99 77
164 129 27 33 29
164 8 59 96 59
164 70 84 100 91
39 97 33 87 41
39 162 81 98 81
162 109 50 66 64
40 14 43 50 50
40 3 48 59 53
43 137 33 73 73
43 64 75 84 84
137 11 25 92 51
137 152 24 58 57
64 155 54 87 54
64 30 10 28 10
64 70 71 82 82
64 46 35 71 45
74 117 69 83 74
172 204 48 100 86
45 181 30 63 62
181 54 39 95 52
46 55 92 96 92
46 75 44 99 55
46 93 45 80 49
46 165 38 46 41
46 138 59 63 62
46 129 22 89 44
55 4 33 78 71
55 46 58 64 63
55 200 74 84 77
75 136 49 66 66
93 197 71 72 72
93 32 17 57 26
93 122 68 73 71
165 9 67 82 70
165 149 42 43 43
138 208 43 61 47
138 24 91 93 92
138 124 71 88 87
138 11 30 33 32
48 116 41 45 42
48 110 89 93 90
48 101 59 73 64
48 130 66 91 89
116 198 46 97 89
116 138 34 79 59
116 85 23 46 26
110 164 67 74 71
110 177 89 100 89
130 140 49 85 61
130 156 39 80 59
49 25 84 97 85
49 98 28 52 51
49 148 17 86 81
98 0 36 58 41
148 29 62 73 69
148 107 18 89 79
50 92 62 93 83
51 196 11 55 20
51 120 76 90 82
51 101 84 91 88
51 19 54 66 55
51 22 68 84 71
196 193 81 83 83
120 177 40 51 41
120 17 60 72 61
120 180 94 97 97
120 24 46 88 68
56 46 26 44 44
57 56 16 42 25
58 180 82 89 88
58 87 77 82 78
58 189 18 73 68
87 4 24 70 36
87 29 86 87 86
189 22 91 94 91
189 157 65 89 83
189 203 87 96 92
189 175 54 79 66
189 164 32 66 50
157 140 82 88 85
157 191 50 64 56
61 111 64 65 64
61 203 60 90 76
111 71 61 99 90
111 41 68 80 71
62 180 90 94 92
62 137 30 72 53
62 74 76 96 83
62 181 95 98 98
62 143 21 78 73
143 74 11 29 24
143 200 22 47 41
143 107 90 94 91
143 153 66 97 95
63 83 57 91 82
63 134 71 76 73
134 146 46 73 73
134 106 13 26 24
134 131 58 79 67
155 185 11 12 12
155 152 42 51 43
70 146 93 94 93
70 206 15 51 27
70 173 88 90 89
70 150 14 78 64
70 171 15 82 16
70 93 58 61 59
70 53 79 91 89
65 133 40 95 80
133 164 32 61 50
133 1 95 96 96
133 24 32 63 52
133 20 51 72 55
133 126 55 89 69
66 4 25 59 39
66 21 55 84 60
66 145 12 31 18
145 131 58 70 62
145 43 92 97 92
145 204 23 95 43
103 172 78 99 92
103 158 58 91 84
103 5 95 96 95
103 139 94 95 95
96 29 68 82 77
96 76 70 99 75
96 12 75 89 78
96 49 68 76 75
96 169 63 73 65
68 83 12 66 49
69 126 84 91 91
69 22 59 74 59
69 67 63 93 92
146 154 88 89 88
146 201 58 95 82
146 180 92 96 94
146 137 65 89 66
206 158 26 53 34
206 14 40 74 54
173 166 47 77 63
173 186 87 100 92
173 86 57 78 74
173 41 15 43 16
150 85 45 79 60
150 125 80 94 84
150 109 67 98 95
150 165 88 98 96
150 78 24 26 24
171 38 19 31 26
171 207 53 70 55
71 182 90 91 90
71 107 87 94 88
71 34 15 99 65
71 127 41 97 43
182 157 13 78 13
182 63 14 86 35
107 120 68 90 72
107 207 33 54 50
72 158 65 71 65
86 60 93 96 93
208 54 22 34 24
208 37 89 96 93
208 4 28 99 74
121 198 91 93 93
121 17 12 62 22
121 47 68 73 69
76 112 88 91 90
76 103 91 94 91
76 27 26 27 26
76 59 36 97 71
112 175 36 54 54
112 84 65 98 91
78 198 42 94 51
78 171 63 81 63
80 1 33 38 37
80 57 47 91 88
80 87 83 89 85
82 126 47 96 69
82 36 54 75 59
170 49 32 46 39
170 179 58 87 78
85 86 60 91 74
85 60 69 78 72
85 181 85 94 88
125 118 68 88 74
125 191 45 50 47
89 33 93 100 98
89 143 18 20 19
89 65 83 92 92
90 55 72 93 86
90 78 48 56 55
197 110 48 98 88
197 135 39 49 45
197 79 94 98 95
197 189 18 60 28
197 39 24 75 41
95 52 72 91 80
95 164 26 94 58
95 189 65 77 75
95 82 94 96 96
99 10 77 95 94
202 106 21 80 53
202 52 18 46 21
105 149 86 89 89
149 22 13 17 15
149 198 36 41 39
149 100 46 70 62
149 202 44 97 80
106 195 67 75 74
195 49 90 93 91
195 97 35 57 45
177 207 23 61 33
177 168 55 66 58
175 58 54 97 73
175 180 15 100 37
175 194 57 82 58
178 66 61 99 65
178 171 89 90 90
178 58 73 88 74
193 53 39 80 79
193 133 50 89 62
193 104 67 96 72
115 105 62 95 63
115 9 92 100 97
115 177 44 57 51
188 69 55 94 81
188 191 70 76 70
161 47 64 81 70
161 180 19 85 44
123 167 27 44 27
123 163 78 83 79
123 141 18 64 41
123 189 89 97 94
167 131 50 68 64
141 77 72 89 80
141 142 91 94 94
124 201 71 95 76
124 144 41 95 85
124 42 74 77 74
124 15 29 67 46
124 45 42 64 47
124 188 70 74 74
124 200 58 80 71
140 153 89 97 97
140 23 83 84 83
140 188 42 100 44
140 51 73 87 79
131 63 39 80 49
131 138 86 92 91
131 28 47 93 76
135 66 11 82 68
135 117 53 80 79
135 81 87 96 92
135 200 28 31 30
152 112 13 57 28
152 33 84 99 91
152 146 58 73 58
153 164 80 87 87
153 56 74 78 74
142 35 77 88 86
142 156 54 57 57
142 34 36 77 48
151 4 63 88 68
151 178 34 38 34
151 96 60 78 78
151 19 47 85 69
159 9 38 73 69
160 107 79 93 88
160 51 51 78 66
160 2 10 93 47
179 89 40 47 41
186 79 34 95 82
186 80 51 54 51
186 63 74 75 74
186 148 74 92 77
174 195 22 64 46
174 206 38 52 48
176 43 56 69 63
176 152 84 88 84
176 106 35 93 88
176 113 50 77 61
184 107 45 77 76
187 61 17 63 28
187 183 92 96 96
190 172 71 78 77
190 187 27 29 29
192 175 15 63 40
192 52 54 89 67
192 77 61 95 75
205 21 51 55 55
205 137 17 52 32
205 87 83 94 90
205 138 95 96 95
0 208
