66 200
0 55 53 73 58
0 62 27 92 60
55 6 70 86 72
55 36 66 70 66
55 45 53 86 58
55 33 48 91 69
55 50 20 68 21
55 4 42 59 44
55 10 49 52 50
62 43 42 61 55
62 52 17 37 17
62 44 76 99 91
1 48 69 88 88
48 4 16 88 74
2 64 13 40 20
2 24 89 92 91
2 30 44 82 48
2 36 72 89 79
64 0 88 89 88
24 20 56 81 68
24 43 48 50 50
24 64 19 27 21
30 15 91 99 93
30 25 89 97 91
30 37 76 90 83
30 62 41 53 53
30 28 51 88 57
3 31 86 96 89
3 44 44 51 45
31 21 46 94 85
31 61 30 73 60
44 9 52 82 73
44 38 71 96 78
44 35 50 72 68
4 21 66 87 66
21 56 44 90 70
21 35 70 74 73
6 26 35 91 51
6 27 19 68 39
6 39 17 72 44
6 52 93 99 94
6 56 87 96 88
6 51 43 67 57
26 30 69 86 74
26 50 85 91 90
27 23 70 92 86
27 30 66 93 92
39 10 78 85 79
39 33 59 67 67
39 62 65 93 84
52 32 30 77 42
52 46 55 87 64
52 60 18 64 42
52 25 12 38 26
52 18 27 34 30
52 29 64 66 66
56 65 58 70 64
51 49 49 97 94
51 20 21 36 34
7 32 65 86 75
7 64 72 75 75
7 13 61 77 63
32 33 30 43 42
32 49 80 87 84
13 33 91 94 92
13 39 50 99 75
13 14 46 79 70
13 29 90 95 91
8 5 93 100 100
9 27 35 54 41
9 16 89 95 89
9 34 57 79 59
9 39 54 87 55
9 55 77 99 90
9 26 92 97 94
16 27 59 61 61
16 19 18 21 18
34 62 71 80 78
34 46 35 95 59
10 52 86 87 86
10 11 60 86 68
10 40 24 79 26
10 58 75 92 90
11 55 48 64 52
11 17 28 100 81
11 35 81 89 83
11 13 85 96 90
11 60 44 54 50
11 37 55 86 69
40 39 61 80 71
40 43 59 81 67
40 31 34 40 34
58 40 34 94 85
58 12 70 71 70
58 39 14 74 50
17 13 81 99 91
17 30 70 89 77
17 7 87 99 99
17 22 35 88 82
17 16 33 51 49
17 43 32 63 59
35 42 74 99 92
35 2 17 40 34
35 20 21 30 30
35 47 55 74 60
35 12 23 66 34
60 16 86 87 87
60 7 38 97 72
60 41 69 87 81
60 20 58 80 79
37 8 37 77 55
37 2 86 91 88
37 7 77 100 85
12 43 31 75 36
12 17 21 94 52
12 65 21 53 46
12 59 76 97 95
12 38 68 83 73
12 28 86 88 87
12 47 55 87 75
43 37 48 74 62
43 22 31 98 97
43 64 59 100 86
65 46 11 33 13
65 45 45 70 45
59 55 21 57 36
59 40 29 65 62
59 39 43 54 51
38 24 75 97 94
38 0 55 71 61
28 64 63 69 63
28 27 88 92 89
28 37 29 94 72
47 56 54 96 60
47 14 41 55 41
47 39 36 55 54
33 62 20 94 68
14 21 90 92 90
14 13 13 53 13
14 3 80 96 95
14 41 65 97 69
29 61 32 40 32
29 54 89 99 89
29 30 41 90 89
29 64 26 75 27
41 47 60 64 63
15 56 17 88 40
15 29 39 78 61
22 32 60 78 78
22 43 35 57 45
22 27 74 100 76
22 29 69 85 81
18 13 89 94 90
18 50 32 44 44
18 10 91 98 93
18 41 56 94 84
18 3 61 100 90
18 51 57 85 79
50 63 40 96 95
50 64 77 81 77
20 2 16 95 85
20 48 27 53 34
20 65 73 80 76
20 39 67 77 74
20 64 52 96 70
23 36 71 72 72
23 49 46 64 63
23 38 86 100 91
49 38 43 91 79
49 4 26 28 28
49 48 68 71 68
49 35 81 94 90
25 35 36 100 61
25 22 72 88 79
25 46 67 92 87
46 7 20 100 76
46 29 67 76 70
46 59 76 88 79
61 36 73 88 77
61 50 89 100 95
61 45 61 83 62
61 12 64 90 82
54 32 68 80 73
54 2 70 84 84
54 26 86 90 86
54 37 59 60 59
54 17 50 99 83
42 44 65 92 86
42 62 84 99 94
42 47 73 93 78
45 6 12 84 30
45 51 76 88 78
45 16 36 43 39
45 15 20 99 55
63 56 81 100 87
53 49 30 62 58
53 20 90 95 93
53 55 10 45 12
53 41 82 93 90
57 20 32 97 34
0 65
