376 1012
0 152 12 28 26
0 339 52 54 52
0 355 61 74 73
0 319 73 94 77
152 316 13 36 32
152 293 42 84 78
152 51 63 88 80
339 87 17 61 39
339 61 48 82 68
355 329 20 51 47
355 273 84 87 87
355 357 63 100 87
355 312 83 96 83
319 20 55 93 64
319 345 15 57 18
1 364 55 62 57
1 236 18 46 35
1 283 41 45 44
364 80 54 65 64
364 261 38 96 56
236 136 54 100 60
283 309 35 93 89
283 315 73 94 85
283 363 85 96 91
3 121 59 81 73
3 271 53 96 61
121 189 73 75 74
121 179 29 60 37
121 161 11 19 11
121 101 45 46 46
271 118 45 80 75
4 331 88 90 88
4 333 89 94 94
331 366 37 81 73
333 369 87 90 87
333 136 43 78 74
333 122 39 92 67
5 85 86 89 89
5 157 63 69 68
5 218 64 90 85
5 10 95 100 100
85 226 30 88 73
85 262 85 98 89
85 189 51 100 51
85 87 56 70 56
218 176 14 25 21
218 370 58 88 71
218 150 25 68 49
218 152 13 63 48
218 175 91 100 95
218 344 74 85 78
10 4 36 64 36
10 318 22 63 58
10 111 29 40 30
10 315 26 85 82
10 154 66 85 69
10 260 29 69 56
6 334 24 84 71
6 102 53 54 53
6 38 59 60 59
334 297 55 78 68
334 175 74 93 84
334 359 68 72 71
334 246 20 60 51
334 162 54 85 62
334 61 38 47 45
334 248 57 96 96
334 129 41 70 57
102 245 49 77 65
102 318 48 76 49
102 348 46 89 49
102 193 65 74 68
102 229 93 100 100
38 222 34 77 49
38 353 26 36 31
7 320 23 52 33
7 191 26 80 76
320 307 85 89 88
320 287 24 88 57
191 285 16 39 33
191 344 78 82 81
191 40 51 100 96
8 186 23 67 44
8 264 86 90 86
8 13 29 42 32
8 318 37 40 37
8 293 83 85 83
8 335 66 76 74
186 364 78 99 85
186 21 22 54 36
186 286 16 80 73
264 71 64 82 72
264 79 92 96 95
13 76 40 65 51
13 290 78 86 84
318 198 85 96 93
318 238 55 75 62
318 61 63 92 79
293 292 83 86 84
293 90 14 41 26
293 285 71 87 73
335 365 81 86 85
9 1 55 84 83
9 136 22 94 39
9 269 29 37 30
9 159 13 24 14
136 186 82 93 85
136 276 74 75 75
269 179 94 95 94
269 354 66 93 73
269 273 22 78 73
269 286 15 48 34
269 142 91 93 93
159 172 27 92 83
159 50 50 62 62
159 21 63 77 76
111 274 79 93 89
111 257 16 41 19
111 248 41 73 68
111 233 91 97 96
111 210 33 99 65
111 237 69 85 73
154 30 69 78 77
154 286 88 95 89
154 46 71 84 80
260 313 24 70 62
260 235 78 79 78
260 24 38 39 39
11 105 60 77 71
11 26 39 65 63
105 77 23 43 36
105 113 83 92 86
105 41 74 99 80
26 239 91 96 95
76 343 67 94 83
76 22 37 85 48
290 32 50 100 89
290 157 18 31 26
290 101 76 85 81
14 230 55 72 59
230 327 29 97 69
230 238 50 59 55
15 119 94 96 96
15 285 55 57 56
15 230 62 90 77
15 239 75 81 77
119 158 15 21 17
119 371 59 62 59
119 130 71 100 85
285 43 11 92 24
239 28 63 98 93
239 202 93 99 96
239 366 74 87 85
239 24 24 99 32
16 134 75 86 77
16 148 41 96 86
134 230 94 99 99
134 110 15 95 22
134 305 18 42 19
134 281 83 87 83
148 205 14 48 42
148 114 62 73 70
148 16 24 30 30
17 369 61 92 83
17 261 80 90 84
369 1 66 74 74
369 336 35 77 60
369 144 36 94 84
369 309 75 92 89
18 223 76 77 76
18 359 91 92 92
223 208 58 91 86
223 289 79 80 79
359 156 10 75 13
359 81 57 71 57
19 5 73 75 74
19 105 67 78 75
20 102 64 68 64
20 184 45 73 65
20 5 60 70 68
20 199 55 67 58
184 58 56 77 65
199 108 66 77 69
199 226 41 82 59
199 284 70 81 80
199 371 22 38 25
199 165 34 80 44
199 304 30 75 47
199 14 90 97 93
21 165 86 96 92
165 34 28 67 29
22 7 52 78 52
22 115 49 65 53
22 166 33 57 47
22 264 78 87 79
115 237 83 100 92
115 4 86 92 92
115 210 15 42 30
115 179 84 92 92
115 145 38 80 56
115 125 33 80 79
166 367 64 95 88
166 67 48 96 58
166 53 51 76 65
23 278 48 100 72
23 11 36 74 36
278 370 85 94 93
278 283 89 93 90
278 52 51 90 68
278 41 24 31 28
24 154 89 92 91
24 61 68 98 95
61 129 89 94 91
61 229 73 93 74
61 357 89 97 97
61 94 56 100 64
25 350 65 82 68
25 279 21 67 30
25 68 37 70 39
25 31 40 70 50
350 77 60 71 67
350 259 71 74 74
350 299 67 90 88
350 352 59 99 65
279 73 40 96 86
279 228 51 52 52
279 7 95 100 95
279 191 26 64 53
279 119 53 69 55
68 73 50 64 54
68 190 88 91 89
31 341 28 57 39
31 98 18 97 76
31 297 32 46 34
27 181 34 70 70
27 362 94 97 95
27 114 37 48 45
27 303 32 40 39
181 224 26 28 28
181 134 89 93 90
181 85 11 93 78
181 76 78 100 81
362 277 15 89 54
362 41 94 99 95
362 196 20 30 23
362 46 68 89 89
362 320 22 77 44
114 16 37 52 49
114 61 35 44 44
114 232 65 71 69
114 77 56 78 72
303 256 68 96 69
303 236 31 88 68
28 187 85 90 86
28 274 46 54 54
28 269 67 85 77
187 196 82 91 89
274 114 50 87 56
29 78 69 84 73
29 12 19 67 61
78 8 15 39 24
78 40 87 94 87
78 136 48 78 75
30 245 34 57 35
245 85 75 88 78
245 312 84 88 86
245 261 31 100 57
341 367 42 86 79
341 305 25 98 74
98 50 20 22 20
98 245 30 68 38
98 167 89 92 89
297 359 95 98 97
32 179 71 72 71
32 346 95 100 95
179 112 81 100 88
33 295 54 79 57
33 369 44 77 49
295 247 42 90 78
295 158 10 78 29
295 8 53 67 60
295 285 27 78 58
295 256 68 88 86
34 28 51 71 54
34 177 56 70 56
34 305 91 98 95
34 139 41 98 78
177 187 10 62 11
177 43 14 83 43
139 290 79 86 83
139 33 14 68 18
35 321 80 82 80
35 298 56 60 58
35 309 27 38 35
321 125 87 96 90
321 210 15 85 28
321 271 33 98 52
321 326 26 68 54
309 362 41 94 53
309 172 75 96 92
36 75 83 88 88
36 362 14 48 21
36 70 68 83 80
36 365 78 91 80
75 276 80 83 80
75 15 55 94 69
75 350 24 100 27
75 199 95 99 98
75 374 59 77 73
70 358 92 100 92
70 284 59 92 72
70 5 49 79 51
365 212 46 87 48
365 102 40 97 62
365 217 71 78 74
365 142 45 75 60
37 208 34 51 37
37 98 39 45 44
37 64 64 76 75
208 140 18 89 63
208 348 21 48 43
208 163 56 59 57
64 41 67 88 85
222 12 14 100 20
222 262 74 93 87
222 218 92 97 97
222 314 23 70 27
39 54 89 95 94
39 50 60 74 63
39 94 32 80 48
54 254 82 91 88
54 158 51 52 52
50 94 55 90 78
94 183 77 93 78
94 226 19 77 47
94 12 19 59 31
40 130 19 40 32
40 89 23 50 31
40 278 56 61 58
130 278 93 96 94
89 166 70 79 77
89 52 72 91 88
41 2 77 97 96
42 209 66 93 69
42 331 92 98 92
209 311 80 88 84
209 294 87 100 89
209 346 93 94 93
43 136 69 98 75
43 81 65 99 76
81 58 93 95 93
44 139 32 49 33
44 235 42 55 51
44 322 74 79 75
44 84 14 31 16
44 289 68 92 74
44 65 94 96 94
235 18 23 70 31
235 188 74 76 76
322 66 70 81 73
84 313 30 50 45
84 118 57 70 63
84 303 78 97 94
65 311 35 43 38
65 23 26 32 27
65 149 53 91 87
45 79 50 99 61
45 193 77 87 83
45 248 74 75 74
45 143 42 44 42
45 215 75 84 79
45 245 13 50 36
45 161 44 67 57
79 287 94 98 96
193 276 53 90 88
193 94 28 91 34
193 331 15 51 47
248 253 11 16 12
143 223 42 92 73
143 154 44 45 44
143 304 40 89 85
143 355 59 72 63
143 57 19 62 56
143 165 41 66 61
215 220 12 25 13
215 113 87 97 95
161 241 19 59 27
161 98 41 86 49
161 316 72 76 74
47 1 30 73 58
47 323 29 57 50
47 150 39 78 65
150 177 39 47 45
150 298 89 91 90
150 317 73 85 80
150 138 67 83 72
48 199 62 85 72
48 195 16 63 60
48 43 57 64 57
195 320 67 71 70
195 266 66 88 80
49 125 66 100 71
49 131 49 56 54
49 263 38 55 52
49 318 47 78 58
49 178 65 70 67
49 38 68 81 71
125 162 62 70 67
125 124 43 77 66
131 129 41 91 47
131 81 81 100 96
263 146 34 63 61
263 315 71 86 75
263 93 13 34 21
178 187 34 77 67
178 266 44 69 52
178 231 35 74 39
178 250 27 58 47
51 35 16 52 47
51 309 90 95 92
51 346 58 72 62
52 12 26 37 36
53 365 35 75 60
254 200 27 96 51
254 289 15 26 17
254 8 33 41 37
254 23 71 98 98
254 95 80 98 88
158 161 60 88 77
158 283 59 81 66
158 155 76 93 76
158 87 60 99 98
158 35 55 97 77
55 250 86 91 90
55 248 56 94 60
250 316 93 98 98
250 369 28 60 43
250 358 16 76 69
250 25 52 86 61
56 326 27 82 58
56 263 25 39 31
56 316 54 62 60
56 279 32 46 44
326 38 64 65 64
326 35 77 100 77
326 266 72 73 72
316 16 47 76 73
316 196 42 57 55
316 321 46 52 52
316 308 42 45 45
316 157 20 79 49
316 290 77 92 84
57 257 43 62 51
57 372 66 82 79
257 266 79 93 87
257 91 34 100 62
257 11 13 29 28
372 320 71 100 86
372 177 79 100 94
372 75 43 65 59
58 11 50 95 60
58 260 71 94 89
58 39 73 87 79
58 3 54 64 58
58 221 89 95 95
58 181 65 69 69
221 258 34 56 41
221 44 17 45 35
59 243 79 97 82
243 241 24 76 69
243 261 92 98 96
243 192 79 85 81
60 129 48 89 56
60 205 70 87 72
60 294 53 90 65
129 20 21 32 27
129 132 15 45 15
205 120 79 91 91
205 28 39 42 40
205 158 28 100 40
205 199 57 71 70
205 321 56 87 83
205 214 81 90 82
294 183 71 96 91
294 54 66 89 70
294 347 82 97 90
229 267 17 26 25
229 126 58 87 61
229 326 49 72 61
229 158 17 62 22
229 233 49 92 77
229 276 26 72 45
357 40 31 99 70
357 278 90 92 90
62 295 69 77 72
62 24 34 56 38
63 107 61 66 62
63 169 61 80 61
107 302 62 72 65
107 266 40 91 63
107 300 76 86 85
169 210 37 82 67
311 99 87 90 87
311 207 10 26 12
311 298 15 81 17
149 318 90 100 90
149 276 93 97 94
66 56 33 72 47
66 164 45 51 48
164 38 52 80 70
67 214 75 90 84
67 40 52 83 61
214 139 55 75 69
214 206 25 89 68
214 284 61 99 77
214 236 30 70 42
73 375 56 94 73
190 187 62 81 71
190 84 88 96 94
190 252 59 90 83
190 362 37 69 46
190 39 32 38 34
190 314 26 48 48
358 180 14 89 37
358 34 50 85 67
358 368 10 35 23
284 237 82 97 94
284 152 80 94 80
284 3 71 100 96
71 30 53 73 53
71 57 89 92 90
72 123 14 93 16
72 192 65 93 78
123 237 79 97 93
123 134 23 34 27
123 197 18 55 44
192 97 51 65 57
192 75 33 59 45
192 331 68 92 88
192 233 91 94 92
375 119 27 93 28
375 336 87 93 90
74 15 88 95 94
74 208 61 68 66
276 226 40 79 79
276 309 43 99 86
374 342 86 92 89
374 106 79 96 88
374 353 27 82 57
343 224 93 100 98
77 94 93 98 93
77 40 62 94 86
77 136 71 99 90
77 349 69 74 72
349 77 87 88 88
349 203 21 56 42
349 118 38 75 61
349 113 94 96 96
287 235 64 66 65
287 28 65 72 71
80 124 38 42 42
80 89 36 40 40
80 169 67 87 76
80 219 42 60 52
80 86 71 83 80
124 332 93 98 94
124 253 54 78 66
219 259 78 89 86
86 23 21 92 39
86 262 45 46 45
82 90 50 74 67
82 165 53 97 58
90 17 90 93 90
90 359 16 70 31
83 236 12 56 17
83 55 36 50 42
313 222 84 89 86
313 334 64 76 69
313 151 49 70 61
118 40 95 97 97
118 202 13 69 46
118 1 51 89 55
226 44 15 86 18
226 206 14 24 24
189 108 16 38 37
189 1 50 63 61
87 135 65 75 74
135 261 90 91 90
135 285 25 44 38
135 245 43 79 58
135 65 15 50 26
88 316 37 50 38
88 69 12 90 34
91 260 25 87 49
91 32 94 96 95
91 64 95 97 95
91 183 92 93 93
91 186 47 87 69
183 375 55 85 83
183 10 33 40 33
183 60 58 88 71
92 233 47 81 58
92 342 42 50 45
92 294 86 98 91
92 116 53 91 60
92 40 93 95 94
233 231 62 73 65
233 128 91 96 94
233 370 42 96 44
342 308 52 67 56
342 107 55 57 57
116 65 91 93 93
93 345 52 56 56
93 322 80 81 80
93 166 75 80 80
93 69 91 99 97
93 356 20 22 22
345 341 12 86 44
345 143 40 91 62
356 224 78 83 79
356 65 79 94 83
356 278 33 77 65
95 127 21 54 38
95 215 15 78 28
95 22 12 35 16
95 147 86 94 93
95 268 29 41 41
95 54 56 57 56
127 141 49 76 57
127 169 56 61 59
127 13 16 81 40
147 159 65 71 66
147 208 71 76 72
147 129 10 23 20
147 269 30 39 37
268 358 35 99 46
268 324 23 47 32
268 218 52 53 52
96 197 18 49 25
96 367 65 91 91
96 133 35 44 41
197 66 73 87 79
197 329 24 34 24
197 198 30 51 37
197 347 32 46 40
367 232 78 79 79
367 304 82 96 85
133 310 30 47 44
133 265 89 99 97
133 163 90 92 90
133 213 62 91 74
97 306 55 58 55
306 141 47 70 58
306 96 36 43 37
306 143 32 73 51
167 230 70 93 77
167 302 69 95 77
167 173 65 99 89
167 244 85 95 91
167 246 54 86 76
167 106 20 35 28
99 363 75 92 80
99 312 74 75 74
363 169 58 78 69
363 271 85 93 86
363 58 51 85 80
363 117 55 73 61
312 119 59 70 64
312 224 73 79 75
312 20 20 70 53
100 153 93 97 95
100 363 34 98 34
100 156 25 99 74
100 106 74 80 80
100 270 32 88 71
100 345 69 96 95
153 158 39 55 43
156 294 90 93 91
156 274 45 50 49
156 43 18 92 35
106 202 45 56 56
106 206 34 43 36
106 224 40 52 52
270 322 51 91 68
101 272 62 81 74
101 14 25 74 48
101 118 73 82 75
101 82 17 34 29
272 2 71 73 73
272 255 22 86 49
348 357 20 45 23
348 44 56 63 57
103 164 29 56 50
103 19 43 73 59
103 37 21 83 25
104 160 58 67 61
104 221 30 91 34
104 20 70 84 79
160 107 58 73 71
113 318 42 59 46
113 69 73 89 88
113 277 80 92 86
113 107 20 87 85
202 17 77 83 80
202 277 34 53 48
202 354 56 78 60
206 329 55 61 55
206 307 66 81 69
206 254 61 80 72
206 291 31 85 50
224 324 65 79 77
224 21 28 53 28
302 355 89 92 91
302 59 84 98 87
266 279 46 79 67
300 296 53 70 67
300 87 93 96 93
300 251 11 72 17
300 253 79 97 87
108 166 56 59 59
108 177 62 95 74
210 58 70 79 73
237 99 79 85 84
237 116 72 91 89
237 193 26 65 38
112 364 86 89 88
112 163 63 81 64
112 121 27 58 35
163 36 46 85 76
163 297 35 75 42
163 324 65 89 80
163 159 65 66 66
277 193 21 37 21
277 194 62 67 63
277 191 38 92 39
277 353 12 71 38
277 359 76 84 82
117 35 25 56 52
117 194 29 43 40
117 308 70 81 79
117 243 80 82 80
194 230 32 77 32
194 192 87 94 88
194 133 12 59 34
371 182 39 56 52
120 109 66 87 70
120 71 11 32 26
120 19 62 65 64
122 210 64 95 84
122 335 82 88 86
332 2 79 88 80
332 359 10 94 52
332 84 61 66 65
332 324 73 84 78
332 320 27 40 30
332 240 89 97 93
162 328 43 90 45
162 82 89 92 89
162 23 84 100 86
162 314 14 90 58
162 358 20 30 20
162 203 23 61 33
126 115 62 67 65
126 108 16 34 26
126 288 10 61 37
288 344 89 97 96
288 285 93 97 94
288 322 38 59 48
288 249 85 99 91
141 118 29 89 61
128 260 60 73 62
132 369 72 88 78
132 333 19 69 55
132 312 53 94 63
310 111 65 93 87
310 248 32 94 55
265 353 64 69 66
265 189 95 97 97
213 192 71 80 75
213 282 69 77 71
213 210 12 17 12
213 262 33 91 63
213 196 25 78 37
213 164 59 98 91
281 196 16 58 58
281 98 59 90 60
137 233 91 95 94
137 87 29 97 29
138 85 17 94 21
138 249 43 86 74
249 127 18 47 19
249 124 16 51 43
140 147 93 97 93
140 270 65 96 65
140 127 17 42 32
142 375 93 97 97
142 21 60 89 79
142 14 79 94 83
304 366 14 71 52
304 290 80 98 82
304 185 49 93 64
144 166 46 92 63
144 14 74 96 84
146 322 57 86 57
317 297 13 26 16
151 9 84 89 89
151 7 53 89 83
155 288 15 51 49
155 112 86 90 86
155 68 54 58 58
155 111 38 62 52
155 47 44 84 66
172 125 76 87 87
172 323 23 39 32
172 250 78 100 100
172 335 95 96 95
172 262 91 95 92
241 168 29 79 41
241 61 88 92 88
241 350 39 54 44
241 328 72 98 72
241 311 26 58 56
328 76 38 69 68
314 215 58 68 63
314 373 83 94 92
314 295 80 87 86
203 174 45 87 61
203 332 40 60 55
203 360 13 39 16
203 71 63 95 66
324 145 25 64 54
324 91 34 39 37
173 152 63 66 64
173 288 84 88 85
173 57 20 56 32
244 241 21 58 58
244 29 70 81 75
244 225 73 84 84
244 54 54 90 87
244 369 25 78 53
244 172 41 59 43
244 157 78 89 83
244 17 12 51 30
246 229 50 61 55
246 358 31 95 73
246 99 46 79 68
246 15 30 100 35
246 269 14 64 40
246 173 60 94 72
170 137 53 83 73
171 347 89 96 92
174 333 16 94 39
175 200 32 51 35
175 320 87 89 87
175 288 19 38 22
200 19 32 93 47
200 134 28 51 49
176 75 79 94 90
176 364 92 94 92
176 79 36 77 60
176 15 54 62 61
231 152 44 45 44
231 228 53 57 55
231 247 60 83 82
231 199 88 95 91
231 21 49 72 49
231 274 30 86 30
231 109 50 67 66
231 249 37 73 40
231 354 70 99 76
180 87 37 94 82
180 193 11 42 23
180 221 62 86 69
182 2 25 89 88
182 201 71 75 72
201 347 34 78 43
185 110 32 84 65
196 235 95 100 98
196 183 84 87 87
252 239 61 68 64
344 321 50 63 54
344 245 54 89 77
344 57 39 56 42
344 225 28 43 28
344 271 94 96 94
344 198 80 84 80
344 153 48 58 54
329 201 55 66 57
329 28 18 21 20
329 8 65 79 72
198 110 56 65 57
198 289 75 76 76
198 101 73 86 73
354 111 89 99 99
360 163 52 88 60
360 299 87 92 87
360 81 77 80 77
360 281 45 49 49
360 355 67 97 83
204 151 37 75 39
204 353 35 51 41
204 128 41 87 85
291 363 37 94 44
291 173 11 60 60
291 41 39 93 58
291 215 67 99 73
207 217 67 69 67
207 204 22 70 31
207 187 57 94 61
207 185 82 100 85
217 43 58 99 59
217 22 18 31 22
211 126 49 50 49
211 298 92 94 93
282 11 66 73 71
220 328 57 80 78
370 302 22 50 40
370 298 41 82 59
259 375 74 95 94
259 65 24 77 32
259 320 32 79 33
259 303 23 34 23
259 165 46 90 75
258 177 24 39 24
258 21 43 73 67
258 297 71 89 77
258 91 42 57 46
225 266 16 25 19
225 118 68 87 86
227 336 43 75 67
227 326 25 82 36
227 177 61 83 69
336 208 84 99 84
336 0 59 77 62
336 132 70 100 82
228 209 16 34 26
228 298 71 75 74
228 144 16 46 37
267 342 52 53 53
267 23 13 87 39
327 105 48 51 50
327 270 35 92 44
327 304 12 97 59
327 344 58 59 58
327 316 84 99 97
238 249 60 74 74
247 101 60 77 65
247 12 38 74 73
234 300 43 69 58
234 125 25 50 49
234 161 87 100 90
366 361 84 95 85
366 241 35 75 40
366 129 39 80 80
366 287 47 88 88
240 272 77 99 86
240 105 68 73 72
240 44 95 97 96
240 351 52 87 64
240 9 48 89 60
240 313 21 22 22
351 349 58 68 58
351 336 45 64 62
351 354 68 92 74
351 130 20 91 88
242 11 81 92 88
251 307 24 43 30
255 326 26 95 37
255 117 85 91 89
255 0 23 52 40
255 321 41 52 50
256 192 92 94 92
273 238 61 82 80
273 77 36 50 42
273 47 35 77 58
273 370 51 52 52
273 340 68 98 74
340 219 44 99 46
340 256 91 95 94
340 261 83 94 84
275 68 58 77 74
275 204 12 78 44
280 44 90 98 90
280 272 47 67 52
280 233 34 91 66
292 138 73 85 75
292 188 39 100 83
292 186 73 78 76
292 51 38 58 46
296 265 81 84 82
296 201 11 100 23
299 325 57 84 61
325 346 25 85 70
325 148 34 50 42
301 221 74 95 90
301 344 25 91 57
373 100 67 94 94
373 311 84 91 88
330 335 11 69 61
330 22 50 88 70
337 23 40 63 59
337 139 82 95 85
338 72 63 65 65
352 74 14 83 56
352 43 74 100 94
352 312 86 91 89
352 194 23 44 24
352 15 55 56 55
352 309 42 69 69
368 273 92 97 97
361 258 16 64 18
361 373 47 69 61
0 375
