859 2189
0 276 85 89 87
0 377 65 68 65
0 680 54 57 55
0 330 31 92 64
0 420 26 89 48
276 306 11 100 70
276 585 47 85 83
276 169 17 87 29
377 106 51 74 66
377 596 38 71 41
330 222 94 96 94
330 517 41 76 45
330 550 52 96 72
330 304 70 89 84
420 139 35 98 50
420 593 81 98 94
1 489 35 100 89
489 284 94 96 96
489 308 16 17 16
489 148 87 94 88
489 770 94 99 96
489 410 12 17 16
2 233 58 64 64
2 766 31 74 41
233 80 87 93 92
233 197 93 96 93
233 143 21 54 32
233 753 13 48 46
233 108 41 73 51
3 150 16 37 27
3 152 35 88 79
3 782 64 93 91
150 325 55 71 60
150 705 49 70 68
150 418 88 94 90
150 185 68 69 68
152 388 38 54 51
152 464 58 89 69
152 67 11 85 44
782 510 73 87 80
782 465 27 63 40
782 816 46 91 56
4 110 54 55 54
4 400 66 92 67
110 612 63 87 67
110 621 88 95 93
110 263 94 99 97
110 670 26 92 87
110 9 56 64 61
400 432 81 82 81
5 683 89 93 89
5 619 54 56 55
5 157 31 66 48
683 530 95 96 96
683 392 93 96 95
683 765 20 48 47
683 680 48 72 68
619 61 40 47 40
619 743 49 83 66
619 494 42 86 83
157 311 38 100 38
6 47 75 78 77
47 397 50 93 89
47 603 74 86 81
47 762 52 96 80
47 313 95 98 97
7 44 36 49 36
7 244 65 80 71
7 822 93 97 93
7 264 11 91 75
44 375 70 95 89
244 414 56 80 75
244 799 90 100 99
244 342 30 83 76
244 443 63 91 75
822 483 74 88 87
264 215 93 94 94
264 135 80 84 84
264 675 57 100 98
264 585 52 58 56
8 587 59 73 71
8 641 25 45 31
8 18 61 96 85
587 421 17 65 44
587 503 87 88 87
587 266 24 88 27
641 766 45 75 57
641 190 12 81 68
641 628 45 95 50
18 419 35 74 69
18 538 17 33 25
18 26 81 96 93
9 826 24 99 83
9 398 74 97 87
826 359 27 35 29
826 576 92 95 92
398 437 70 78 73
398 120 49 84 78
398 824 18 74 23
11 322 41 44 42
11 136 63 83 82
322 373 55 95 65
322 64 25 75 37
322 51 44 46 44
136 165 45 47 45
136 481 58 67 67
12 295 63 66 66
12 719 94 96 95
12 360 94 98 97
12 352 51 64 54
12 476 83 84 84
12 580 62 71 68
295 714 54 97 90
295 407 25 37 34
295 337 34 71 49
719 240 72 99 90
719 367 25 48 38
719 57 46 54 49
360 116 18 70 46
360 207 52 79 64
360 51 95 98 98
352 146 32 97 35
352 360 56 92 65
476 126 42 58 51
476 852 46 80 46
476 832 34 59 54
476 774 91 95 91
476 764 57 65 61
580 219 49 84 52
580 472 22 81 48
580 158 92 98 93
13 665 23 59 41
665 15 42 100 80
665 38 59 90 85
14 224 40 65 43
14 276 63 74 66
14 794 19 20 20
14 128 40 99 57
794 143 26 98 44
128 763 54 63 59
128 823 94 97 97
15 532 30 100 85
15 249 57 64 64
15 241 51 65 57
15 535 89 91 90
249 577 77 95 93
249 836 19 54 47
249 56 36 87 69
249 755 70 96 80
241 614 53 73 57
241 177 77 86 86
535 773 65 73 66
16 15 87 92 92
16 21 45 62 61
16 425 58 67 59
21 802 85 93 88
21 493 21 61 50
21 105 14 48 18
21 565 37 67 65
17 830 12 68 28
17 713 54 69 63
17 195 62 99 86
830 569 72 76 73
830 411 48 80 72
830 425 60 62 60
713 710 87 96 92
713 25 37 52 43
195 518 94 95 95
538 31 13 66 63
538 41 89 93 89
26 44 72 91 77
19 82 57 69 61
19 762 40 64 48
82 627 54 62 61
82 400 95 99 96
82 575 50 94 57
82 152 38 63 63
762 145 32 72 67
762 789 68 71 68
762 745 86 98 94
20 347 26 55 27
20 621 61 69 69
20 847 52 91 81
20 559 11 67 37
20 778 54 83 57
20 23 75 81 76
347 556 22 48 28
347 616 86 92 90
347 203 68 70 70
347 469 54 83 55
621 523 90 96 94
621 24 17 55 39
621 331 23 96 64
847 192 20 53 23
559 612 42 86 46
559 764 35 44 36
778 21 50 61 54
23 339 77 98 87
23 562 85 86 85
23 324 62 87 78
802 722 51 54 53
493 328 77 94 89
105 542 35 63 44
105 675 18 60 39
565 641 58 83 81
565 235 12 95 76
565 48 28 45 32
565 700 24 59 39
22 286 24 44 29
22 176 76 78 77
22 761 56 95 63
286 233 59 66 65
286 764 52 98 74
286 466 34 37 37
176 720 48 67 65
324 369 28 62 36
324 526 47 70 69
324 59 92 93 93
24 362 34 51 34
24 441 25 86 41
24 158 36 92 65
24 708 43 100 48
362 407 64 93 72
362 812 16 82 57
362 497 50 76 59
362 408 50 60 53
441 239 50 90 62
441 618 58 97 80
441 323 64 91 79
441 161 90 96 96
441 587 64 69 66
158 34 79 88 84
708 682 95 98 98
708 478 74 90 79
708 347 80 100 90
25 726 32 85 44
25 453 44 76 61
726 292 51 95 62
27 772 47 56 56
27 587 38 87 85
27 703 74 84 78
27 783 79 100 83
772 401 11 65 38
772 0 51 88 70
772 707 82 87 82
703 534 29 84 34
703 711 59 66 62
783 254 43 83 54
783 828 41 51 47
28 302 48 52 52
28 766 16 70 22
28 111 78 82 81
28 559 70 94 78
28 347 69 88 79
28 607 85 92 89
28 200 22 57 49
302 781 84 99 94
302 180 29 49 36
302 853 45 87 65
111 614 32 68 64
607 520 28 46 29
200 799 41 59 45
200 77 74 77 77
200 743 60 84 64
29 298 95 98 95
29 762 76 86 78
30 565 39 62 58
30 206 84 96 92
206 262 33 68 57
206 800 77 84 81
32 825 84 99 98
32 469 16 57 16
469 295 45 97 52
33 206 76 95 77
33 657 12 20 18
33 548 89 97 90
657 3 16 49 48
657 858 27 44 36
657 55 13 66 13
657 70 41 58 54
657 801 63 97 92
657 753 43 93 62
657 658 10 65 29
548 490 70 71 71
34 812 89 94 92
34 603 12 70 29
34 813 35 41 35
812 469 85 96 93
812 758 18 91 20
813 181 68 94 75
813 475 14 23 19
813 663 38 68 54
35 321 51 87 77
35 142 79 82 80
35 197 69 90 76
321 740 72 85 72
321 644 54 89 61
321 294 72 99 93
197 68 88 99 89
197 138 50 97 52
197 562 74 97 81
36 360 33 59 34
36 147 52 57 53
36 514 40 78 69
147 854 31 39 36
147 484 91 98 98
147 670 31 61 55
514 547 33 71 61
514 326 48 81 53
37 779 81 89 88
37 11 43 95 84
37 325 50 68 65
779 733 73 84 82
325 713 36 70 36
325 749 15 94 19
325 479 52 61 54
38 327 17 81 31
38 470 95 99 96
38 630 58 75 68
327 624 49 89 88
327 68 83 98 98
470 816 22 60 60
630 419 45 57 46
630 215 15 66 63
39 151 89 96 92
39 840 95 100 96
151 375 73 74 74
151 717 11 48 28
840 123 88 93 92
840 6 75 85 77
40 166 90 94 93
40 522 82 95 95
40 224 43 80 50
166 121 23 30 29
166 833 95 100 96
166 220 18 54 34
166 297 72 79 72
166 125 70 89 88
522 650 41 99 92
522 196 89 95 91
522 335 34 65 40
522 81 45 57 57
41 725 39 84 58
725 517 11 44 25
725 857 54 80 76
725 811 65 85 74
725 138 77 90 79
42 432 78 94 89
42 406 26 40 36
42 658 32 91 72
42 420 60 67 66
42 134 64 76 72
432 669 93 97 94
432 170 31 49 44
432 160 28 98 38
432 273 46 70 51
406 585 23 90 47
658 170 65 88 81
658 396 32 53 52
658 714 61 79 62
134 273 31 94 77
134 415 94 99 98
43 281 74 98 84
43 372 24 31 31
43 41 78 81 81
281 264 30 37 31
281 597 79 82 80
372 353 23 72 33
372 531 65 99 90
372 38 88 95 92
372 474 79 84 79
375 227 42 49 44
375 256 94 97 97
375 13 34 87 49
375 815 21 36 31
375 69 55 80 62
45 427 50 100 93
45 378 90 93 91
427 454 69 81 73
427 776 17 87 41
427 430 76 88 76
46 530 95 96 96
530 195 24 42 27
530 74 58 95 80
530 589 46 73 55
397 377 33 37 37
313 360 41 54 52
313 13 65 78 65
48 389 53 62 54
48 843 82 99 99
48 379 75 80 80
389 776 29 64 39
389 287 38 45 41
389 501 66 77 67
389 106 25 62 45
843 132 64 68 67
843 698 38 42 38
843 637 34 38 36
843 418 13 78 63
379 181 34 88 67
379 386 88 99 98
49 586 34 52 35
49 216 72 95 83
586 483 70 98 72
586 166 65 70 65
216 470 24 25 24
216 46 14 33 22
216 129 37 49 47
216 652 44 47 44
216 19 42 91 52
216 176 45 57 52
50 269 82 90 85
50 798 66 87 83
269 188 53 83 64
798 116 31 40 39
798 513 50 77 51
798 7 76 83 81
798 838 44 48 45
798 577 81 98 90
51 270 32 65 51
270 437 48 57 56
270 377 41 63 43
270 726 77 100 90
270 729 41 97 82
270 112 48 65 65
52 773 64 85 67
773 291 92 97 94
773 651 15 44 28
773 343 38 87 63
53 347 35 79 51
55 250 61 79 62
55 90 60 70 66
250 227 19 20 19
250 631 25 92 89
250 182 37 87 57
250 519 36 49 37
250 858 93 97 97
250 377 91 100 92
250 327 95 99 98
250 281 63 91 91
90 366 18 28 19
56 20 29 36 35
56 335 73 98 85
335 462 54 68 58
335 215 54 57 55
335 666 71 81 78
58 704 37 52 44
58 548 86 96 87
58 384 48 79 70
704 120 14 16 15
704 204 53 77 64
384 602 75 91 84
384 291 58 94 61
384 513 30 82 30
384 455 50 59 56
384 265 90 94 93
59 22 78 100 94
60 422 16 21 17
60 463 67 87 68
60 789 67 81 75
422 722 66 76 66
463 41 75 100 79
463 263 50 63 53
463 266 82 98 90
463 319 14 39 18
463 848 26 39 30
463 731 79 97 81
789 654 40 89 48
789 642 61 84 66
789 442 90 91 91
789 846 21 85 75
789 406 73 87 80
61 579 67 73 71
61 597 77 84 78
579 645 70 85 78
579 426 84 92 87
579 308 34 45 36
579 195 87 95 90
597 751 50 90 66
597 703 26 48 28
62 42 48 78 72
62 676 73 100 98
62 333 88 95 92
676 82 56 93 69
676 71 75 94 84
676 250 63 72 67
676 764 79 95 84
676 291 24 66 60
333 319 90 100 100
333 725 80 91 88
333 707 66 80 77
333 675 52 53 53
333 13 26 39 27
63 387 70 87 82
387 117 77 97 86
387 673 27 48 30
64 319 75 94 75
64 512 26 37 36
64 13 39 76 71
319 591 63 85 69
512 400 72 80 78
512 805 34 68 34
65 692 36 48 42
65 665 27 94 83
65 564 46 49 46
692 264 89 91 89
692 842 65 79 75
692 247 49 72 59
692 405 55 68 55
564 436 71 91 84
66 185 77 78 78
66 110 28 44 33
66 8 27 55 28
66 270 93 99 96
66 622 94 99 97
622 319 18 32 22
622 586 12 93 17
622 675 56 93 56
67 550 82 87 86
67 853 25 42 31
550 329 38 59 52
550 112 42 58 52
550 149 15 31 23
853 858 63 64 63
853 755 94 95 94
68 9 93 100 99
68 693 79 85 81
693 579 75 91 81
693 464 93 100 94
69 247 16 75 37
69 135 68 71 68
69 673 93 96 93
247 163 48 71 59
135 621 41 85 79
135 547 23 96 23
673 821 93 98 96
673 473 64 86 73
673 584 49 90 55
673 496 85 95 91
70 612 74 97 82
70 718 38 87 83
70 214 44 56 56
70 484 82 100 96
70 416 87 98 98
70 88 63 89 88
718 818 12 93 56
718 721 47 62 56
214 225 27 53 41
214 220 40 98 43
484 301 25 34 31
416 156 16 77 55
416 388 10 78 30
88 779 19 48 25
88 627 95 98 95
88 261 86 91 87
71 837 73 83 82
837 857 38 100 76
72 323 21 69 61
72 579 71 84 82
323 552 14 80 42
323 595 81 92 89
323 641 50 98 57
73 813 37 57 54
73 400 12 13 13
74 122 77 93 89
122 759 45 94 60
122 497 23 56 36
122 99 48 56 52
122 559 95 100 97
75 161 21 27 25
75 801 89 99 94
161 189 51 71 62
161 641 54 92 70
161 291 80 100 100
161 322 47 84 50
161 131 18 91 88
161 40 62 77 71
161 393 23 79 79
801 63 41 84 63
801 386 88 94 91
76 105 88 89 89
77 651 66 77 66
77 123 29 34 33
651 427 82 100 93
651 342 15 43 28
651 410 47 88 64
651 26 51 92 60
651 522 34 59 49
123 649 60 69 60
78 849 66 80 68
78 330 45 62 49
849 780 26 82 34
849 263 70 71 70
849 349 19 36 28
849 47 38 60 46
79 650 26 64 29
650 42 56 62 60
650 593 55 98 59
650 527 45 56 56
650 395 33 39 36
80 289 61 67 65
80 2 74 95 85
80 613 22 33 32
289 677 32 82 74
289 39 93 96 95
613 129 25 93 87
613 495 91 92 92
613 772 20 64 51
81 569 13 63 33
81 184 83 90 87
81 123 88 99 93
569 363 46 51 47
569 237 32 92 50
627 858 74 89 76
627 187 35 55 52
575 246 28 82 71
575 593 86 98 88
575 814 12 66 46
83 660 81 98 84
83 372 54 96 92
660 447 19 54 19
660 113 31 57 55
660 190 11 95 83
84 455 62 85 75
84 449 86 93 87
84 188 30 91 63
455 443 86 94 87
455 409 22 45 39
455 121 21 23 22
455 459 22 50 32
455 94 23 95 26
455 63 27 67 41
449 702 86 91 86
188 20 82 97 94
188 468 45 74 54
188 202 87 95 92
188 498 35 48 44
85 271 88 94 93
85 131 43 59 54
85 661 29 39 29
85 762 10 89 13
85 340 49 100 85
85 267 73 97 83
271 198 45 79 53
271 331 65 67 67
271 785 47 70 67
131 434 87 94 90
661 35 66 78 78
661 288 25 51 44
661 246 85 86 86
340 148 36 45 38
86 756 35 49 39
86 21 79 95 80
86 226 37 51 40
86 123 59 90 61
756 321 30 65 46
226 301 93 98 95
226 562 68 88 77
226 263 83 95 91
87 401 79 87 87
401 73 93 98 98
401 307 26 77 50
261 59 57 76 73
261 564 52 54 54
261 343 38 56 45
261 145 87 100 91
89 95 57 88 77
89 56 42 58 49
89 777 30 83 65
89 529 89 98 90
95 330 57 90 87
777 143 48 70 65
777 101 18 37 21
777 179 79 80 79
529 744 40 77 72
529 232 20 95 38
529 801 49 53 50
366 722 92 96 92
366 54 10 75 38
91 108 36 38 37
91 478 86 99 96
91 117 78 82 82
108 571 27 74 51
108 365 77 100 93
478 213 37 41 38
478 259 62 82 74
117 297 30 86 52
117 137 76 77 76
93 32 17 94 87
93 40 23 93 57
93 334 52 92 57
93 812 74 75 74
93 100 77 85 84
93 519 15 18 18
93 89 58 97 92
93 445 30 56 31
334 610 16 31 17
334 110 44 49 45
100 242 67 85 67
519 233 91 93 92
519 682 73 74 73
519 779 15 44 20
519 232 51 77 76
519 33 17 87 32
519 660 93 98 94
445 821 11 16 16
94 852 26 49 26
94 732 23 81 32
94 214 79 95 83
852 87 70 75 74
852 584 21 39 31
732 651 56 79 63
96 528 87 100 97
96 304 40 59 56
96 583 65 73 68
96 511 74 99 98
96 782 80 93 81
528 733 54 55 55
304 251 77 85 85
304 339 80 89 89
304 102 62 84 62
583 529 82 100 89
511 319 48 92 55
511 787 86 95 94
511 87 34 40 38
98 14 69 86 79
99 402 18 49 35
402 80 45 48 47
402 2 62 95 81
402 214 36 79 50
402 462 42 55 47
242 121 70 73 70
242 546 23 38 37
242 767 84 90 87
242 509 86 100 86
101 207 22 85 52
101 777 59 84 77
101 746 35 82 65
746 745 71 88 76
746 768 55 60 60
102 201 41 97 82
102 525 46 100 59
201 82 40 87 78
525 463 10 25 10
525 484 15 56 50
525 674 17 27 19
525 389 16 88 59
525 682 85 93 90
525 323 88 98 97
103 168 29 72 55
168 240 12 62 15
104 633 93 98 97
104 828 74 95 76
104 272 62 73 72
633 245 82 84 82
828 191 27 45 42
828 604 68 92 84
828 184 72 81 76
272 465 90 93 92
542 611 76 89 83
542 615 33 98 47
542 335 69 76 69
542 525 92 100 93
106 325 75 85 84
106 143 74 79 78
143 676 56 97 71
143 232 61 95 63
143 291 42 93 78
107 791 34 38 38
571 803 29 59 50
571 327 57 83 64
571 716 33 85 64
571 314 53 90 78
571 457 53 91 85
571 641 44 87 50
365 670 17 78 63
365 589 55 85 75
365 235 68 89 76
109 107 81 83 82
109 236 11 86 43
109 31 93 95 94
109 500 85 92 90
109 277 70 80 77
236 704 10 23 10
500 19 77 86 81
277 67 86 90 89
277 81 94 98 96
277 212 77 82 79
277 504 31 52 33
263 96 73 76 73
263 495 95 99 98
263 51 66 80 77
670 765 19 92 68
614 197 23 30 29
614 140 46 69 66
614 668 40 48 45
614 806 90 92 90
112 437 39 57 45
112 335 85 87 86
112 203 44 98 93
112 301 84 99 97
112 229 45 59 54
112 202 28 44 28
112 290 93 98 98
112 365 91 99 99
437 573 26 93 52
203 379 65 73 71
203 644 32 52 46
203 649 27 75 29
203 318 19 57 55
203 62 51 85 52
301 805 57 98 83
301 198 43 55 48
301 0 76 91 85
301 482 56 65 61
229 203 22 50 29
229 498 44 82 79
202 640 63 94 68
202 777 28 72 35
202 165 22 78 51
202 460 43 53 47
290 17 60 66 60
290 592 77 86 84
290 738 83 93 91
290 171 16 73 32
290 281 88 94 93
290 225 94 98 98
290 34 22 78 37
113 116 36 60 47
116 775 14 70 67
116 535 30 71 42
116 121 74 82 77
114 276 55 77 60
114 693 56 61 58
115 289 66 88 82
115 626 52 55 55
115 485 36 88 49
115 709 40 76 67
115 828 68 88 82
115 185 89 92 90
626 83 67 97 96
626 466 21 42 33
485 46 32 89 46
485 379 74 92 85
709 796 30 55 31
709 89 28 100 88
709 273 18 100 93
775 316 56 65 57
775 643 72 89 87
121 247 55 66 63
121 169 41 87 81
121 182 23 82 39
137 593 31 78 47
137 210 29 43 40
118 537 34 64 54
118 183 61 79 75
183 702 38 69 65
183 124 91 93 92
119 522 74 89 88
119 159 45 67 54
119 689 68 86 84
119 263 46 55 51
119 499 13 64 64
119 304 15 19 16
159 273 23 44 34
159 842 73 96 78
159 438 13 48 42
689 166 17 76 68
689 273 32 56 46
689 326 37 40 38
499 322 15 92 48
499 243 50 95 94
499 325 24 37 31
499 843 52 66 62
120 113 52 69 54
120 119 45 65 51
120 297 66 68 67
120 79 33 85 79
120 8 12 19 13
169 203 84 86 85
169 191 39 88 86
169 724 19 68 21
169 139 74 78 77
182 429 81 92 92
182 642 89 96 93
182 136 89 94 90
182 315 45 64 46
497 659 25 55 43
497 251 40 73 65
649 588 27 91 62
649 619 13 32 19
124 409 40 99 61
409 671 81 84 84
409 648 52 67 55
125 215 25 99 95
215 497 26 82 31
215 560 82 87 85
215 97 51 59 59
126 811 10 72 68
126 44 90 96 93
811 755 37 42 40
811 244 24 75 32
811 312 19 76 56
127 575 28 45 40
127 536 70 85 71
127 172 90 94 92
127 354 16 24 21
127 182 93 99 96
127 655 11 72 38
536 435 88 93 91
354 635 29 56 36
354 168 34 100 85
655 527 87 94 88
655 772 20 90 46
655 827 24 75 38
763 558 65 74 71
763 289 91 100 97
763 801 30 39 34
763 134 54 63 61
763 767 46 81 57
823 480 38 43 43
823 12 52 88 65
823 854 75 98 94
823 388 70 93 78
823 623 88 98 93
129 101 49 59 57
129 269 76 80 79
129 56 25 59 40
129 392 56 94 75
392 598 48 62 61
392 516 44 46 45
130 329 16 64 20
130 171 13 61 35
434 366 37 55 42
132 727 69 100 99
132 567 86 91 86
132 136 33 60 49
132 338 72 99 82
727 657 25 50 44
727 768 73 88 82
727 747 16 99 61
567 725 47 60 57
567 836 84 99 86
567 175 63 86 67
567 65 95 100 98
338 245 78 97 83
338 148 92 98 94
338 287 48 65 54
338 59 56 88 56
133 850 37 41 37
133 287 68 89 79
133 813 28 99 96
133 609 66 87 81
850 776 66 81 69
850 384 50 57 54
850 230 32 72 42
850 785 46 55 55
287 308 65 83 66
287 277 82 83 83
287 805 68 95 69
287 446 75 89 88
287 175 37 94 56
609 79 68 78 68
609 208 59 78 74
273 626 51 71 54
273 213 26 85 35
273 395 68 97 70
415 129 72 84 78
547 55 52 86 74
547 85 13 36 28
547 467 14 88 39
165 287 64 76 75
165 420 18 30 21
481 379 48 65 59
481 621 84 92 88
481 785 70 74 71
593 816 52 75 64
593 534 15 64 58
210 797 10 61 23
138 176 57 62 58
138 343 91 99 92
343 593 66 70 70
343 718 60 84 61
343 88 32 74 65
343 695 44 67 59
139 597 53 80 69
139 553 91 92 91
139 46 26 63 60
139 500 22 26 23
139 820 46 59 53
139 616 48 89 89
553 685 78 86 79
553 293 17 83 58
820 639 71 74 72
820 763 64 97 77
616 535 63 67 67
616 546 49 87 56
616 603 69 94 84
140 396 63 69 68
140 637 32 33 33
396 602 23 39 31
396 198 80 91 83
396 334 79 98 82
637 781 19 32 19
637 49 25 36 35
141 119 42 59 56
141 377 43 72 50
141 639 66 82 81
141 629 30 96 72
639 697 24 74 61
639 489 77 97 87
629 654 67 82 67
629 342 93 94 94
629 713 38 60 53
232 70 41 93 54
232 398 85 100 90
232 504 60 78 60
232 619 74 89 88
232 224 84 90 85
291 450 18 30 29
144 477 68 88 73
144 500 47 88 62
144 353 36 85 73
353 130 87 98 97
145 484 38 74 39
145 839 82 85 82
145 141 78 83 78
145 565 76 82 76
145 564 91 95 95
145 686 71 83 72
686 111 65 83 68
146 752 84 98 87
146 798 69 98 70
146 482 47 56 52
146 110 32 94 65
752 819 67 79 75
752 648 71 91 90
752 787 45 96 93
482 826 79 85 80
482 15 23 41 41
482 758 35 75 55
854 678 94 98 95
148 684 88 92 90
684 347 94 98 97
684 270 75 85 83
684 25 21 28 21
684 557 88 89 88
684 465 66 74 68
149 690 75 97 90
149 639 17 42 18
149 399 31 68 68
690 442 36 58 39
690 766 59 69 67
399 132 34 98 87
399 365 35 73 55
705 744 56 58 56
705 38 43 100 44
418 413 54 67 61
418 461 33 99 65
388 412 35 53 41
388 589 71 92 92
464 642 90 99 98
153 583 50 65 52
154 508 23 24 24
154 243 78 99 89
154 688 47 76 75
154 237 34 63 50
154 717 86 100 91
508 858 56 88 87
508 283 65 70 70
508 442 35 75 44
508 222 90 94 93
508 325 34 70 67
243 802 73 84 78
243 270 45 63 46
243 171 30 75 67
688 581 10 76 41
688 761 91 97 93
688 2 36 81 52
237 495 13 58 53
237 717 29 99 34
237 704 51 89 57
237 118 94 96 94
237 468 26 87 70
237 506 73 95 77
155 200 28 81 78
155 321 38 49 41
156 759 43 92 45
311 229 49 65 60
311 106 72 82 72
842 354 63 99 90
842 72 13 61 52
842 832 69 78 69
842 260 16 84 48
842 659 23 88 67
438 539 77 91 83
160 500 88 98 93
160 330 42 75 70
189 564 49 94 79
189 796 49 82 68
189 374 49 69 66
393 497 16 74 28
162 181 45 72 65
162 509 53 62 61
181 697 54 72 56
181 68 63 83 75
181 176 79 80 79
509 602 48 54 52
509 617 65 82 75
163 375 92 94 94
163 777 18 37 25
164 443 95 96 96
164 80 78 93 78
164 665 33 76 75
164 86 18 20 18
443 333 40 80 62
443 838 92 95 93
443 70 83 85 83
443 128 84 95 88
443 51 57 63 59
833 796 60 84 67
833 643 69 90 81
220 167 20 78 51
220 21 78 88 87
220 109 58 97 77
167 632 52 95 69
632 772 68 81 77
632 472 57 86 62
632 330 80 96 96
240 343 39 67 43
240 700 61 82 79
240 459 58 60 60
191 177 69 87 77
191 278 29 48 48
191 603 68 84 83
191 616 24 48 25
724 366 91 97 92
724 138 69 79 76
724 315 89 91 89
170 749 57 100 99
170 191 35 66 49
749 250 88 93 91
749 121 25 73 43
749 202 13 89 51
173 632 23 58 40
173 105 15 87 21
173 485 77 91 86
173 597 70 72 71
173 143 40 64 52
173 494 41 75 44
174 724 69 78 71
174 213 15 88 24
213 598 26 65 35
213 807 94 97 97
175 763 65 84 71
175 294 22 45 44
294 467 17 87 81
720 97 70 72 70
720 586 49 51 51
177 485 78 88 82
177 243 25 80 43
178 647 95 100 99
178 408 20 66 62
178 56 27 52 45
178 316 51 70 66
178 784 89 97 97
647 487 62 90 64
647 601 84 98 84
647 688 44 80 57
647 38 59 79 59
408 825 26 73 56
408 248 37 56 49
316 665 12 92 46
316 188 59 86 62
316 576 93 97 97
316 54 67 90 69
784 521 49 69 64
784 400 22 26 25
179 707 74 89 85
179 574 80 84 82
179 233 13 68 60
179 313 59 80 67
707 17 46 84 81
574 466 36 52 47
574 752 42 75 74
180 493 89 91 89
180 217 82 91 82
180 509 65 90 65
180 373 50 90 82
180 716 91 98 96
180 527 68 87 77
217 757 35 89 59
217 124 74 90 78
217 425 36 79 53
373 771 36 51 47
373 180 92 94 92
373 239 78 96 94
373 748 67 91 86
716 614 54 77 72
716 415 67 86 78
716 170 15 40 38
716 388 87 88 88
527 94 85 89 88
527 249 26 72 28
697 519 48 50 50
697 373 42 88 74
697 183 10 24 17
429 138 83 97 94
642 538 44 78 53
315 847 91 98 95
702 677 22 43 40
702 481 37 82 76
702 287 80 86 85
702 187 40 45 44
186 624 27 59 45
186 786 60 99 61
186 330 54 91 73
186 319 89 90 90
624 476 57 85 78
624 692 39 74 70
624 227 23 44 30
786 70 55 77 56
187 137 49 65 60
187 337 79 94 79
187 540 76 89 80
337 118 77 80 79
540 208 92 98 96
540 173 32 96 35
468 86 83 89 83
468 250 38 44 38
468 145 76 78 77
468 325 82 83 82
468 137 52 85 55
498 850 50 62 62
796 501 30 52 42
796 535 64 68 67
374 417 71 100 83
374 459 73 98 90
374 104 76 89 80
190 563 62 72 68
278 171 64 66 65
278 267 40 46 45
278 196 57 79 57
278 744 86 95 91
278 589 52 95 57
278 488 49 58 56
192 762 80 83 80
192 659 43 100 74
659 694 61 78 78
659 370 62 77 70
659 283 51 74 60
659 133 27 96 65
659 34 16 66 54
193 369 60 100 71
193 30 67 85 84
369 843 31 99 75
369 69 55 85 71
369 531 38 78 51
369 366 49 83 59
194 639 69 93 91
194 13 83 93 85
518 600 33 35 33
518 3 27 73 69
196 619 65 86 65
198 778 38 93 87
198 702 16 47 24
198 577 18 26 18
198 151 31 86 72
577 386 49 64 63
577 837 44 82 52
577 411 15 60 57
577 0 10 28 16
577 290 75 84 79
199 444 90 96 94
199 70 64 95 94
199 820 39 43 41
444 641 21 37 30
743 174 17 89 24
743 826 50 75 62
743 691 71 72 71
743 812 19 27 23
743 480 58 68 67
743 70 78 83 79
743 11 37 95 58
743 103 25 66 37
640 182 14 19 17
640 530 60 93 75
460 697 83 84 84
460 12 60 66 63
460 781 44 66 60
318 259 94 100 98
318 603 62 67 66
204 95 25 96 27
204 669 30 99 41
204 753 48 81 48
669 65 17 43 34
669 357 22 57 48
669 294 30 51 39
669 295 70 96 88
669 36 79 86 79
669 806 91 98 92
669 103 36 72 49
669 764 51 95 64
753 740 85 93 91
753 588 78 80 78
753 309 34 48 35
753 142 26 46 36
262 826 45 88 73
262 40 86 89 87
262 329 72 78 72
262 322 33 36 34
800 201 73 91 78
800 854 12 68 52
800 529 53 97 95
800 92 61 89 62
208 682 47 60 54
682 406 91 94 93
682 258 82 91 91
209 640 20 92 68
797 831 61 82 79
797 341 48 98 69
797 485 46 49 49
211 253 71 78 71
211 545 83 98 85
211 707 20 92 61
253 508 85 91 91
253 645 69 71 69
253 296 84 93 91
253 476 21 54 30
253 600 44 49 44
253 807 67 75 68
545 723 32 67 41
212 725 65 77 74
212 679 15 94 63
679 640 12 74 69
679 463 35 95 83
679 627 29 71 47
598 634 81 82 82
598 682 46 67 58
598 308 73 80 76
807 22 11 30 21
807 263 93 98 98
807 482 67 82 77
807 345 84 94 94
807 223 95 97 97
807 748 75 77 77
225 491 13 58 38
225 228 37 44 40
560 570 23 28 24
560 239 91 99 96
652 115 59 74 69
652 183 65 92 82
757 432 90 92 91
757 6 11 92 90
757 733 66 81 73
757 180 22 42 40
757 579 95 96 95
218 796 10 67 40
218 528 23 74 69
218 827 66 94 80
827 183 44 81 79
827 405 31 58 44
827 220 15 83 80
827 799 47 83 67
219 813 29 38 31
219 139 74 99 90
219 394 81 83 83
394 591 54 55 55
394 742 12 39 36
394 683 22 60 58
394 806 74 78 76
394 20 60 71 64
221 216 56 78 74
221 351 13 82 69
221 403 47 72 65
351 854 21 83 34
403 733 21 99 89
403 700 23 33 23
403 198 11 55 16
222 627 50 56 52
222 199 92 98 96
222 110 90 100 93
222 562 49 78 76
222 272 30 75 53
222 107 48 68 66
223 646 15 43 17
223 459 19 43 20
223 326 68 88 68
646 109 75 97 96
459 129 12 90 16
459 423 65 80 75
326 294 86 95 93
326 364 71 74 73
326 671 72 100 76
491 8 72 83 82
491 623 83 98 95
491 731 37 59 54
228 163 26 79 35
228 677 80 81 81
228 454 61 87 75
228 720 15 67 59
227 266 53 72 54
227 472 91 99 96
227 566 76 91 88
227 505 77 88 82
227 596 72 79 73
266 141 19 54 47
266 210 57 65 61
472 764 19 92 41
566 714 45 74 59
566 591 33 47 40
566 681 42 85 50
505 499 35 96 85
505 204 64 66 65
505 320 24 49 28
596 254 83 91 87
677 262 46 76 55
677 68 64 76 65
454 273 16 92 85
230 328 80 93 87
231 441 58 60 60
231 800 50 97 83
231 451 50 59 52
231 619 39 66 66
231 583 62 93 70
231 744 17 65 63
231 321 48 91 85
231 317 77 88 86
231 566 41 58 50
231 705 32 69 41
231 460 63 64 63
451 581 88 97 93
451 651 89 99 96
451 601 44 68 59
744 817 33 54 35
744 261 34 36 36
744 740 14 84 15
317 476 28 64 55
504 377 48 49 48
504 89 65 74 70
504 450 86 87 86
504 0 48 80 75
234 492 92 96 95
492 226 42 88 76
492 142 51 84 57
492 207 37 73 39
492 230 53 88 73
235 611 83 86 83
611 423 46 100 63
611 447 65 99 99
611 772 61 91 88
611 704 88 100 99
495 217 38 77 77
506 671 56 81 77
506 153 75 98 92
506 513 74 81 79
238 47 95 96 95
238 74 44 80 59
238 576 88 91 88
238 701 22 51 38
576 743 90 96 91
576 514 62 94 70
701 794 14 20 15
239 241 82 93 90
700 511 83 90 87
700 240 59 84 73
700 623 71 79 73
546 337 23 76 42
546 285 63 100 64
767 566 86 97 96
767 272 12 50 12
414 367 19 26 19
342 299 23 28 27
342 783 44 62 47
245 628 54 78 73
245 77 42 58 49
628 321 76 81 78
628 467 79 90 82
246 757 56 94 77
246 680 61 86 64
836 109 18 54 42
836 830 38 57 52
631 473 36 50 40
631 458 87 94 88
631 716 53 55 54
858 694 80 98 88
858 336 77 86 80
858 126 83 100 88
251 366 73 83 74
251 677 53 88 63
645 587 31 41 31
645 467 11 82 73
645 220 64 66 66
645 471 93 96 93
296 92 17 96 26
296 580 15 25 18
296 185 52 53 52
600 214 70 89 83
600 230 16 37 32
600 610 59 82 65
254 118 30 76 32
255 134 80 81 81
255 548 77 86 84
255 256 77 97 83
255 645 20 23 23
256 814 11 15 15
257 456 28 82 58
257 63 87 95 95
257 665 69 79 78
257 227 69 86 86
456 647 39 79 49
258 567 75 90 82
258 280 11 24 18
280 184 83 90 84
280 786 59 66 65
259 203 78 91 82
259 467 77 82 79
467 9 69 96 73
467 731 55 75 65
467 555 70 81 81
260 450 57 75 61
260 639 43 99 93
450 508 31 66 53
450 613 26 47 44
585 506 27 79 65
585 32 66 78 68
585 641 78 88 80
265 635 66 84 70
265 586 60 77 60
635 73 63 89 75
268 159 83 94 94
268 343 59 83 79
268 744 23 29 24
268 663 80 100 83
268 325 83 84 84
663 824 43 86 60
729 820 45 83 81
331 191 57 62 61
331 406 66 84 78
331 112 78 80 78
785 574 18 39 23
785 419 39 80 70
785 815 50 69 58
465 210 42 64 50
395 207 31 97 32
274 37 30 75 59
275 190 56 63 62
275 837 63 64 63
306 595 92 99 92
306 623 74 98 87
306 259 21 87 29
306 46 22 52 27
589 287 93 97 93
589 227 68 98 81
589 509 87 88 87
488 261 85 94 91
488 858 64 72 68
488 652 69 99 80
488 525 53 59 56
488 292 77 81 80
279 706 13 26 18
279 686 82 90 87
706 181 30 66 44
282 542 62 98 76
282 170 71 78 71
283 470 81 92 84
284 449 26 85 29
284 368 59 83 65
285 429 48 97 94
285 79 74 80 78
764 610 23 26 25
764 398 87 100 90
764 572 92 98 95
466 177 74 99 74
466 405 41 54 41
466 233 78 96 91
308 204 39 97 75
308 636 29 70 70
805 821 76 98 77
805 573 51 65 60
446 15 77 96 84
446 653 70 84 83
446 269 12 39 39
446 609 63 86 79
446 447 44 82 47
288 133 92 95 92
288 387 72 87 84
288 373 67 78 74
288 847 37 81 50
738 389 13 58 23
738 749 32 73 73
738 796 38 54 46
738 712 10 75 46
738 195 80 92 92
738 810 56 61 57
292 587 26 85 47
292 193 78 94 93
292 481 51 70 68
714 652 90 96 96
714 418 60 78 71
714 706 86 100 98
714 619 21 85 56
407 758 66 100 71
407 159 82 84 83
407 573 41 85 85
299 522 58 95 85
299 812 52 64 55
299 6 60 73 65
299 656 60 89 80
299 530 49 58 50
299 442 54 90 65
656 377 41 48 44
656 441 60 89 60
656 797 22 97 94
656 130 50 52 52
442 691 19 84 77
442 0 60 99 99
442 453 71 84 76
442 577 94 96 96
300 131 63 93 90
300 496 86 87 87
496 463 57 60 60
781 655 18 80 56
781 692 43 85 46
303 277 57 79 66
303 843 51 77 55
305 433 82 84 83
433 4 23 79 56
433 77 41 80 49
595 91 65 70 70
623 306 19 71 70
623 648 52 85 54
307 639 24 31 25
307 744 44 87 49
307 429 37 55 54
307 397 13 20 16
307 455 51 63 60
636 548 58 85 69
636 725 93 99 96
636 590 14 54 48
636 451 79 91 91
309 707 13 58 19
309 505 14 50 15
310 609 27 62 29
312 187 75 90 88
312 450 24 80 33
312 812 13 19 15
312 673 81 96 84
314 547 23 79 76
591 724 58 92 59
591 177 88 90 89
591 770 64 74 70
320 570 95 97 97
320 121 90 96 90
320 555 17 90 51
570 481 30 44 32
570 156 51 69 65
555 638 43 52 43
555 450 47 76 68
555 346 72 82 75
555 832 33 93 64
740 60 39 50 47
740 647 13 64 59
740 69 75 94 78
740 771 53 79 77
552 572 67 80 79
552 434 58 97 69
552 360 61 73 63
552 271 39 68 44
526 355 47 67 65
526 233 42 87 79
526 170 21 70 63
526 310 58 90 78
526 534 21 68 46
526 829 52 95 57
526 292 58 64 63
479 127 68 71 71
364 293 76 80 77
364 360 95 98 98
364 401 21 56 37
364 439 85 93 92
364 781 26 43 35
671 122 47 86 85
671 53 65 75 70
517 381 35 58 54
517 55 89 94 93
517 164 79 94 93
332 282 39 73 68
610 679 16 58 31
610 512 27 92 59
610 191 50 93 87
462 675 77 94 84
462 252 52 88 83
462 514 40 72 46
666 97 29 54 38
336 706 42 67 49
341 260 10 15 13
341 681 74 81 75
681 699 23 30 25
681 653 41 61 58
681 221 88 93 88
695 178 15 30 16
345 522 73 85 76
345 437 14 82 35
345 497 83 87 87
345 308 84 89 88
346 819 24 62 44
346 305 87 94 91
819 852 11 75 19
819 664 78 94 94
556 330 13 37 30
556 838 17 77 46
556 770 20 29 28
349 334 60 83 73
349 201 54 64 63
349 323 11 67 65
349 233 50 76 55
350 510 11 53 21
350 708 41 44 42
350 796 82 91 88
355 448 61 87 72
355 196 28 67 46
355 468 29 67 56
355 617 73 75 75
355 487 41 99 88
448 426 42 75 49
448 823 88 100 97
448 822 92 95 92
617 385 89 94 91
617 622 11 54 16
617 430 45 98 72
617 133 44 97 46
487 290 38 69 40
487 168 24 92 85
487 634 43 73 55
356 58 29 66 33
356 134 91 95 92
357 683 24 26 25
357 474 85 100 90
358 190 19 48 42
358 631 80 86 85
358 528 79 91 80
359 140 70 92 75
359 641 39 73 73
359 378 44 46 45
361 502 44 91 47
361 846 21 78 49
361 512 89 95 95
502 226 36 100 86
502 1 93 97 93
502 181 17 95 24
363 732 12 37 20
363 574 83 88 86
363 257 91 92 92
363 739 44 72 61
739 242 94 98 95
739 380 54 76 70
439 669 76 92 89
439 740 84 98 98
439 403 50 55 50
722 350 86 94 91
722 750 16 35 26
722 535 20 49 46
367 176 36 52 39
367 570 95 99 99
367 178 95 100 95
367 348 28 47 32
531 181 64 85 77
531 185 47 83 70
531 559 95 100 96
531 624 95 97 95
531 189 86 88 87
370 655 36 53 42
371 281 95 96 96
371 433 33 81 41
371 570 68 92 79
371 597 78 82 78
771 853 88 98 92
771 686 33 57 47
748 588 56 65 65
748 547 52 54 53
417 431 69 94 71
417 56 74 89 85
417 62 21 88 22
417 178 12 15 14
815 118 19 63 54
815 134 95 98 98
815 557 29 93 84
815 61 65 88 70
815 351 54 55 54
815 487 66 94 94
376 341 56 100 76
386 242 32 62 51
386 570 31 57 43
386 706 11 89 72
380 304 71 73 71
380 763 89 98 93
381 355 53 73 58
381 519 81 82 81
382 361 20 93 21
382 50 24 39 32
382 311 40 54 45
382 660 48 95 65
383 633 15 78 54
383 624 89 97 96
602 517 17 45 28
602 590 15 74 63
602 92 31 79 51
602 467 14 48 34
385 705 70 71 71
412 338 52 54 53
412 309 55 78 69
412 277 57 84 82
776 465 43 64 53
776 483 33 98 62
501 323 49 67 56
501 28 61 75 75
501 130 54 84 66
390 546 60 62 62
390 25 41 67 61
390 652 74 82 80
391 607 30 63 37
391 106 90 100 90
391 399 27 84 75
391 651 28 42 38
516 469 42 87 72
516 632 80 96 93
742 386 33 53 46
742 111 65 81 68
824 679 20 43 41
824 23 83 91 88
824 374 17 53 40
824 549 64 90 88
733 152 93 98 93
733 14 13 44 39
404 185 83 98 92
405 37 81 89 86
405 695 42 95 87
405 379 32 76 56
758 395 82 99 93
573 375 86 100 89
573 738 47 87 57
648 123 42 86 51
648 642 38 100 49
648 582 62 84 83
648 771 39 90 55
648 369 15 53 35
410 733 40 100 77
410 530 80 85 81
411 118 27 94 85
413 653 10 79 26
653 550 13 73 67
653 391 33 70 54
653 373 83 94 89
431 604 36 38 38
431 564 90 99 90
421 701 63 78 74
421 71 50 92 81
421 723 89 96 94
421 686 50 60 52
723 827 65 83 66
723 556 22 59 54
723 553 33 81 56
423 791 45 81 73
423 89 60 93 81
423 817 40 88 65
423 496 41 55 48
817 180 80 86 83
426 458 71 79 77
426 517 75 78 76
426 672 55 57 57
426 234 61 82 80
426 585 60 80 69
426 483 13 63 58
458 695 35 37 35
458 605 66 89 79
672 239 59 88 68
483 245 89 97 91
430 568 13 45 15
428 609 45 80 72
428 553 15 70 51
428 38 31 98 72
568 322 27 67 41
568 840 38 41 41
568 412 46 68 55
604 291 80 95 90
604 413 40 64 42
435 574 87 93 90
435 612 90 99 90
435 172 38 56 52
435 622 92 99 95
435 719 84 86 85
436 222 95 96 96
539 346 89 98 90
539 59 26 74 59
618 617 42 63 48
618 497 58 80 65
618 566 17 44 44
618 259 54 70 70
618 466 38 93 63
691 453 57 59 59
691 143 33 34 33
838 742 36 72 53
838 832 80 83 80
838 92 22 90 69
838 87 46 81 54
821 27 74 80 78
821 152 73 100 74
821 488 65 73 71
821 655 23 61 60
447 50 39 91 73
447 197 22 46 42
447 461 10 14 13
447 161 55 66 59
447 548 29 62 47
447 277 70 86 83
581 708 82 95 90
457 330 42 58 50
457 831 29 81 40
457 262 63 64 63
457 436 88 91 89
457 666 27 85 34
457 692 64 69 66
831 410 49 59 58
831 568 82 95 93
831 766 62 98 89
831 472 71 72 71
605 182 67 76 67
605 759 67 93 69
605 396 54 98 75
848 640 44 95 78
731 231 25 51 28
731 223 38 89 86
731 292 40 64 64
731 10 71 98 97
731 263 26 65 55
816 601 64 83 83
471 279 56 85 74
471 625 80 85 83
625 5 20 62 22
625 86 15 97 87
625 500 33 62 56
473 721 48 53 50
473 186 23 78 62
721 580 85 94 93
475 591 82 87 84
475 386 36 78 74
475 578 69 88 83
475 731 65 79 72
475 82 62 69 62
475 788 45 95 51
578 495 79 82 80
578 712 81 99 93
788 225 61 68 65
788 848 35 50 37
788 234 89 90 89
832 450 75 81 81
774 105 34 52 52
480 662 75 79 79
662 469 24 74 70
662 344 45 48 48
486 307 42 98 72
486 3 67 88 78
486 361 38 77 75
486 476 18 36 33
634 148 21 88 33
490 232 73 78 78
490 56 25 100 72
490 113 75 81 79
503 703 71 75 73
503 305 66 72 68
507 230 79 90 87
507 138 40 82 57
515 329 45 92 72
515 74 28 57 31
515 517 18 75 26
520 723 78 99 83
520 559 77 89 81
520 11 93 95 95
520 19 12 25 23
520 202 42 52 48
521 751 87 95 89
751 415 57 70 57
751 345 62 88 87
751 367 79 82 81
751 466 56 65 57
751 106 94 95 94
751 325 40 45 42
751 696 29 58 43
751 545 56 67 62
523 353 12 24 17
523 688 68 89 78
523 450 90 95 95
523 767 90 96 95
524 389 64 79 73
524 289 80 94 85
524 16 59 91 85
674 223 17 33 32
534 597 95 96 95
534 722 15 23 23
534 116 56 74 58
534 652 62 66 63
534 492 59 61 60
534 95 91 98 95
829 410 60 74 66
829 237 41 53 50
829 695 63 68 66
533 510 19 34 26
541 620 51 74 68
541 674 88 93 93
620 224 30 61 41
620 345 63 71 70
620 819 46 50 47
620 848 15 93 92
615 471 23 60 41
615 281 75 84 83
543 792 94 100 94
543 3 78 89 80
792 468 85 99 93
792 624 31 64 58
792 99 31 63 40
544 74 54 92 58
544 632 39 69 43
544 590 39 51 40
544 229 36 40 40
544 370 55 88 76
544 265 64 71 67
590 581 50 60 59
590 615 88 100 98
590 714 11 43 31
590 106 82 86 85
549 383 50 85 84
549 795 15 50 43
549 807 65 88 85
795 144 79 97 97
551 772 17 73 71
551 120 21 97 63
551 848 48 64 61
572 91 75 88 84
572 169 17 30 25
572 653 58 77 67
572 622 70 77 75
572 66 64 81 76
572 19 40 67 63
685 519 58 61 61
685 20 53 68 57
685 327 91 96 93
685 252 30 35 35
685 475 14 85 77
685 128 29 82 70
554 290 17 87 31
638 664 33 80 45
638 706 66 79 68
638 314 42 56 53
557 360 47 52 51
561 810 83 90 88
810 349 76 88 76
810 797 56 69 58
810 637 64 96 95
810 848 62 76 69
803 857 52 80 68
803 101 87 100 89
803 265 73 94 88
803 703 34 81 47
803 322 68 74 73
712 695 77 89 80
712 270 58 65 63
712 753 72 97 89
582 141 14 49 41
584 598 65 71 69
584 411 49 65 52
584 178 61 83 77
588 146 85 97 90
588 408 75 97 93
594 444 41 79 76
594 445 69 98 76
594 836 22 31 31
599 57 37 50 37
599 427 37 52 48
606 466 45 69 62
606 831 16 74 60
606 86 39 81 75
608 505 49 92 59
608 455 40 87 55
668 386 19 89 84
654 492 66 93 72
654 785 74 75 75
654 480 34 56 41
664 215 39 62 40
643 281 18 96 88
643 350 66 86 83
643 139 31 66 63
643 594 63 84 81
643 69 74 92 77
643 30 68 78 74
643 441 35 89 71
694 382 51 59 51
694 192 85 87 87
667 808 82 98 83
667 41 21 40 34
808 795 73 94 74
808 491 54 91 75
765 227 14 25 25
765 575 80 86 80
699 440 29 76 68
687 372 87 93 90
687 353 12 38 24
696 802 48 60 60
698 124 77 83 78
698 852 39 48 39
711 132 47 63 53
711 764 43 99 73
711 53 40 87 66
710 350 20 79 27
710 505 85 95 92
715 489 83 87 84
715 314 95 99 95
818 375 27 72 67
818 304 60 84 62
750 509 58 76 66
750 387 57 95 84
750 792 63 67 64
857 228 80 93 88
857 261 14 71 68
768 448 27 56 43
768 642 65 75 69
768 825 11 56 46
747 560 51 97 71
747 769 87 99 93
747 372 41 58 45
728 620 32 59 58
728 445 15 99 48
728 23 23 41 37
730 31 26 80 59
730 473 25 58 46
730 539 47 73 71
734 192 78 100 96
734 98 33 93 63
734 763 90 93 93
734 520 58 91 64
736 288 36 62 50
736 447 21 78 42
741 72 13 27 16
741 133 68 73 73
741 309 75 78 77
741 244 68 73 69
745 524 23 52 42
745 792 77 95 93
769 782 93 97 94
769 316 65 76 70
754 655 43 87 47
754 664 24 53 24
754 459 92 95 93
754 541 92 100 94
760 342 43 95 54
760 699 91 94 92
760 11 33 62 44
780 253 60 93 79
780 763 23 44 40
780 739 10 85 13
780 348 77 99 86
790 838 73 91 90
790 520 84 100 85
793 741 75 90 78
804 180 68 98 68
804 700 43 48 46
804 674 14 51 41
804 712 19 32 30
809 191 92 93 93
809 755 80 84 80
809 818 75 83 82
809 654 87 100 97
834 736 66 81 81
841 763 34 58 47
841 568 55 78 78
844 536 48 71 60
845 90 35 84 83
845 395 41 62 49
845 659 43 44 44
851 114 73 80 80
851 614 14 96 90
851 82 32 36 35
851 588 72 82 77
855 265 25 98 27
855 24 54 72 54
855 490 94 95 94
856 470 61 74 65
856 851 76 92 90
856 496 26 79 58
0 858
