13 38
0 12 25 78 45
0 10 93 100 99
0 6 13 71 54
0 1 68 77 72
0 3 40 57 46
0 2 50 60 59
12 9 56 78 75
12 7 83 87 84
10 3 86 89 89
10 6 19 75 55
10 2 93 95 93
6 0 66 81 78
1 3 68 71 68
1 7 71 97 79
1 4 20 49 41
1 2 40 45 40
3 1 59 81 64
3 0 26 57 48
2 4 81 87 84
2 11 31 34 32
7 5 25 34 29
7 6 23 89 82
7 9 83 86 83
7 11 87 99 92
7 0 67 87 77
4 8 70 74 71
11 5 69 70 69
11 2 40 43 41
8 4 37 59 52
8 9 19 90 28
8 7 61 75 72
8 1 89 97 97
5 6 18 32 19
5 0 32 82 75
5 9 92 100 97
9 4 38 100 71
9 3 60 67 66
9 1 41 43 42
0 12
