883 2384
0 495 95 98 98
0 579 38 83 83
0 353 18 29 26
0 331 23 36 32
0 555 37 52 38
0 808 78 87 86
0 216 25 31 30
0 574 42 95 46
495 882 43 69 66
495 457 38 98 49
495 862 55 59 55
579 284 80 91 85
579 15 67 81 70
353 279 69 88 82
353 674 25 42 27
331 446 58 60 59
331 749 78 100 90
331 157 86 94 87
555 120 42 77 75
555 812 89 90 90
555 440 66 72 67
555 834 57 100 65
808 493 62 81 62
808 444 32 80 47
216 98 40 95 88
216 457 35 92 59
216 253 58 97 72
216 611 17 61 21
216 165 86 93 92
216 197 80 95 92
574 282 48 82 54
574 138 70 82 76
574 77 50 69 55
1 58 91 93 93
1 806 65 73 68
58 869 79 85 80
806 792 70 81 79
2 746 17 78 24
2 857 88 93 92
2 335 45 61 46
2 195 55 81 55
746 145 24 90 90
746 661 76 89 76
746 422 47 82 78
746 714 23 39 29
857 375 73 86 77
857 669 51 53 52
857 798 46 66 61
857 394 17 70 55
857 448 47 92 50
857 745 38 94 60
857 772 31 35 35
857 732 87 89 89
335 587 44 47 47
335 509 19 87 83
335 449 44 97 69
195 443 95 98 98
195 810 63 98 77
3 300 95 99 95
3 214 69 93 86
3 463 28 30 30
3 344 56 94 76
3 427 92 96 93
3 817 70 100 86
3 508 64 75 68
3 102 38 44 38
3 536 86 94 88
3 333 89 90 89
3 878 10 88 57
300 640 25 55 47
214 694 33 35 33
214 833 35 44 44
214 562 51 69 63
214 229 93 99 93
214 578 72 85 79
463 167 73 97 84
463 123 23 89 31
463 161 56 97 73
344 147 60 83 64
344 471 19 20 20
344 806 27 82 50
344 877 14 63 14
427 730 94 100 95
427 740 30 96 73
427 791 61 73 65
427 652 58 96 81
427 620 93 97 94
817 488 19 54 52
817 423 71 80 78
817 871 50 81 75
817 773 53 56 54
508 333 27 81 36
508 302 76 81 79
508 601 80 89 88
102 650 52 66 63
102 484 88 89 89
102 517 30 39 31
102 310 60 94 80
536 562 94 96 94
536 503 15 22 22
536 150 94 98 94
333 54 21 99 72
333 810 20 23 21
333 640 61 74 73
333 49 63 96 95
4 500 22 29 27
4 375 45 67 46
4 243 83 92 88
4 339 84 86 86
4 542 82 89 89
500 128 60 76 73
375 460 88 90 89
375 276 53 73 55
375 67 82 88 85
243 700 44 75 59
243 494 42 55 49
339 389 77 91 91
542 407 50 82 79
5 453 45 60 45
5 312 70 93 76
5 53 51 88 51
5 837 68 71 69
453 61 53 97 74
453 726 12 83 35
453 30 76 88 82
453 284 62 73 64
453 471 22 55 22
312 556 30 76 66
312 111 87 90 90
312 804 49 59 53
312 494 44 82 46
53 33 43 68 48
53 453 50 65 51
53 99 74 98 93
53 25 94 100 99
837 660 60 78 60
837 232 63 100 78
837 144 60 93 70
837 153 43 57 54
837 698 30 50 38
6 509 86 99 90
6 142 67 75 71
6 37 42 45 43
6 426 78 81 80
6 573 75 83 81
6 457 13 97 23
509 429 27 37 36
509 249 52 88 82
142 746 29 78 35
37 397 66 88 87
37 729 75 78 75
37 447 32 85 45
426 689 71 89 78
426 651 62 68 64
426 165 16 30 29
573 353 49 88 56
457 237 37 95 50
457 617 67 83 73
457 592 73 82 77
7 593 91 94 94
7 547 82 97 84
7 230 89 99 91
7 95 79 80 80
7 193 44 68 68
593 489 56 86 67
593 662 14 77 49
547 603 29 84 31
547 296 26 96 64
547 110 70 78 75
547 166 50 81 61
547 123 49 58 55
547 335 51 67 64
230 270 86 91 87
230 257 89 97 95
230 364 13 79 75
95 456 47 78 60
95 646 53 93 71
95 408 39 71 39
193 724 88 97 91
193 524 86 91 91
8 272 93 96 96
8 464 91 92 92
272 133 75 96 82
272 641 43 95 67
272 297 14 15 14
464 647 48 60 59
464 731 38 97 69
9 161 60 87 78
9 874 11 80 48
161 810 57 89 85
874 46 70 86 86
874 210 59 97 86
874 398 21 53 32
10 606 41 67 57
10 511 88 96 96
606 685 19 93 52
606 412 95 99 99
606 55 52 95 54
606 695 28 70 54
606 122 26 53 40
511 778 30 100 71
11 515 60 62 60
11 391 30 78 49
11 292 37 64 47
391 496 37 87 46
391 792 63 88 78
391 833 73 74 74
391 333 83 86 84
391 593 43 60 58
292 63 18 76 69
292 689 37 72 40
12 609 59 99 70
12 563 72 74 72
609 672 83 95 88
609 855 44 61 44
609 79 38 78 63
563 423 55 75 71
563 344 16 61 57
563 360 87 91 91
563 393 82 89 89
563 123 41 49 44
563 757 22 86 57
563 125 13 45 33
13 218 21 55 45
13 755 36 85 68
13 93 31 86 80
218 826 52 63 58
218 104 72 91 75
218 728 16 94 25
218 721 92 93 92
218 190 73 100 82
755 255 17 32 19
755 306 54 87 72
755 616 27 45 31
755 60 32 76 53
93 800 17 44 32
93 440 44 55 51
93 226 41 65 42
93 728 85 88 88
14 111 34 91 42
14 397 54 83 60
14 597 75 97 88
14 520 81 99 97
111 740 15 71 20
111 67 20 51 25
111 78 93 95 94
397 522 71 72 72
397 701 50 61 55
520 378 77 97 90
520 590 18 76 27
520 343 57 58 58
520 10 31 65 54
520 33 44 98 96
520 783 77 98 79
15 587 48 72 71
15 482 35 82 64
15 380 41 99 68
15 342 58 74 63
15 452 28 76 47
15 458 66 94 82
587 540 79 80 80
587 451 44 71 52
587 751 44 52 44
587 125 48 58 51
482 190 27 39 32
482 247 10 85 81
482 660 23 26 24
380 506 16 39 25
380 630 80 89 89
342 454 58 79 71
342 445 92 96 96
342 848 29 85 59
452 862 24 91 52
458 344 43 46 43
16 644 85 97 95
16 533 50 72 62
16 94 86 99 92
644 770 63 91 70
533 656 16 83 40
533 359 66 84 83
533 468 14 53 32
533 321 39 100 70
94 262 59 96 82
94 855 82 100 84
94 180 16 78 53
17 93 23 67 43
17 88 93 100 99
17 77 93 98 96
88 748 93 96 94
88 40 24 37 33
77 74 62 95 67
77 640 16 29 26
77 559 15 54 20
18 437 79 100 89
18 212 56 70 63
437 851 14 98 38
437 276 48 57 56
437 280 88 92 91
19 645 18 41 30
645 448 87 94 94
20 814 21 68 48
20 570 63 81 70
814 103 38 58 56
814 733 46 100 54
570 331 93 94 94
21 591 64 89 68
21 152 27 41 31
591 443 45 99 68
591 592 19 79 79
591 380 44 74 45
591 251 42 65 50
591 400 62 85 67
591 272 48 78 55
152 565 65 73 73
152 383 62 78 72
152 430 54 82 82
22 289 88 96 95
22 536 84 96 89
22 475 65 86 85
22 255 89 93 89
22 280 57 79 74
289 234 51 55 53
289 74 56 65 61
289 527 85 98 90
255 806 23 48 34
255 333 37 80 67
280 538 24 37 34
280 669 57 70 60
23 455 73 91 86
23 703 28 70 43
23 474 73 75 75
23 859 80 87 81
455 245 73 74 73
455 340 85 97 94
455 860 86 89 88
455 232 12 95 13
703 165 40 87 59
703 43 12 29 25
703 92 56 86 67
474 245 26 85 65
474 452 45 80 65
474 334 29 74 32
474 120 47 79 65
474 654 26 88 47
859 875 29 54 50
24 544 35 87 59
544 134 57 63 60
544 393 45 57 50
544 851 50 86 76
25 566 10 25 10
25 193 53 81 68
566 23 80 84 84
566 303 83 85 85
566 102 61 97 76
566 70 32 44 33
566 194 35 72 57
26 280 93 98 98
28 73 87 96 94
29 454 52 73 61
29 619 60 63 61
29 747 61 63 61
454 836 46 69 46
454 366 63 82 69
619 624 49 69 67
619 675 39 77 73
619 786 66 69 69
619 311 59 93 71
747 555 34 46 43
747 408 21 25 21
747 647 48 97 61
30 600 14 69 48
30 804 12 68 68
30 590 66 86 73
600 581 94 100 94
600 369 27 68 53
600 435 52 76 55
804 128 86 96 91
804 16 76 96 86
590 736 15 24 18
590 501 14 46 43
590 553 34 94 40
590 528 49 56 52
590 506 45 82 45
31 736 94 97 95
31 874 80 92 83
736 562 74 88 75
736 321 40 71 42
736 781 17 22 21
736 700 38 90 58
32 595 87 91 90
32 545 39 58 44
32 142 53 75 73
595 348 72 90 86
595 411 70 83 75
545 420 79 100 95
33 587 37 90 78
33 703 35 38 36
34 5 53 66 59
34 871 81 91 81
871 529 43 80 49
871 754 78 84 80
871 390 79 96 92
35 523 37 77 61
35 120 60 72 63
35 150 81 87 83
35 552 20 81 66
523 622 50 84 67
120 491 18 82 45
120 655 18 37 26
120 381 23 28 25
120 59 33 69 55
150 736 51 81 67
150 674 49 59 51
150 209 91 94 93
150 615 19 55 30
150 771 59 63 59
150 646 16 62 27
552 202 63 86 76
552 702 57 62 60
552 108 61 73 66
36 126 15 16 15
36 112 55 86 82
36 318 40 80 59
36 587 77 96 84
126 834 55 89 81
126 345 81 92 83
126 328 52 65 57
126 598 87 91 87
126 585 62 64 63
126 353 76 83 80
112 685 81 85 82
112 715 77 89 88
318 712 77 78 78
729 553 29 62 59
447 46 80 99 94
447 437 35 93 47
38 639 46 74 49
639 442 77 83 82
639 347 24 88 69
639 672 42 63 62
639 360 86 87 87
639 548 38 51 48
39 210 69 95 86
39 330 64 73 67
39 83 82 92 85
39 197 35 36 36
210 47 79 95 82
210 86 48 72 69
210 109 28 32 29
330 871 58 89 76
330 339 60 99 85
330 241 57 58 58
83 719 59 69 67
83 135 27 33 27
83 826 17 21 18
83 525 55 88 85
83 575 53 56 55
197 7 72 98 93
197 713 36 41 37
197 81 37 77 44
197 684 81 86 85
197 752 37 46 46
40 498 53 70 58
40 727 36 78 55
40 848 64 68 66
727 856 29 54 29
727 860 20 27 20
848 138 85 93 85
848 92 76 89 86
848 127 12 13 13
41 349 86 87 87
41 211 36 42 36
41 377 93 100 98
41 511 31 35 31
41 42 57 80 67
41 344 30 94 31
349 350 58 81 71
349 735 16 75 18
349 285 32 57 55
349 249 26 31 26
349 709 92 93 93
349 343 87 91 90
377 357 80 83 81
377 701 69 90 87
42 597 32 39 36
42 60 69 91 90
42 865 53 89 81
42 464 57 90 83
60 671 43 73 51
60 304 30 66 40
60 647 22 74 67
865 837 31 64 44
865 32 60 92 90
865 664 17 46 29
865 123 40 77 51
43 155 34 94 36
43 272 25 68 44
155 118 20 65 32
155 218 57 89 85
155 724 67 91 76
155 561 87 89 89
44 6 59 69 69
44 621 76 99 93
621 688 11 41 13
621 80 71 94 92
621 196 47 59 50
621 399 62 72 63
621 310 70 77 70
46 678 73 93 86
46 862 39 45 40
46 372 88 99 98
46 37 75 94 81
46 847 90 92 92
46 753 37 75 67
46 55 54 62 62
678 798 21 82 65
862 529 49 63 55
862 387 79 85 81
862 750 27 73 48
862 838 75 90 87
372 680 34 68 58
372 478 41 48 42
372 466 31 54 36
847 179 44 99 63
847 300 34 40 35
847 418 93 94 94
847 807 62 83 81
753 141 90 95 95
753 797 37 60 51
47 65 19 77 53
47 799 32 97 37
65 608 38 59 48
65 340 21 60 50
65 710 10 65 21
799 43 68 93 75
799 496 75 88 76
49 237 42 98 77
49 244 74 75 74
49 666 75 99 89
237 261 37 89 84
237 770 34 89 53
237 839 27 33 31
237 562 57 60 57
244 365 83 93 87
666 709 75 80 75
666 125 92 100 98
666 830 44 86 58
50 856 25 68 45
50 64 93 99 99
50 270 54 69 60
64 873 22 44 41
64 789 82 94 88
64 613 16 49 45
64 856 64 78 70
64 575 64 79 66
270 75 30 32 30
270 370 68 80 76
270 415 85 93 87
270 532 78 93 90
51 873 44 87 51
51 422 67 73 69
51 844 16 54 25
873 567 42 100 100
873 764 55 63 63
873 45 39 55 50
873 447 14 47 19
873 453 53 56 54
422 539 33 68 66
422 882 60 75 65
422 713 86 88 88
844 748 83 90 89
844 193 74 78 77
52 107 27 90 64
52 596 48 80 53
52 18 87 89 88
107 632 63 92 92
107 453 22 46 31
107 193 60 87 67
107 317 33 69 42
107 248 92 94 94
596 626 83 93 87
596 318 72 75 72
596 113 74 99 80
99 85 66 74 66
99 590 40 45 43
99 695 24 66 64
99 841 95 99 99
54 176 54 71 59
54 449 49 71 50
176 379 14 74 38
176 427 55 83 76
449 587 52 75 60
449 284 42 67 44
57 16 77 89 88
57 151 91 100 98
57 337 21 92 48
151 776 34 38 38
151 113 68 89 78
337 258 71 85 77
337 602 15 95 86
337 693 33 67 52
337 90 35 60 58
869 431 16 76 59
869 783 58 81 63
869 642 94 98 97
869 797 14 95 71
59 100 81 97 86
100 220 41 100 50
100 143 20 32 26
100 295 78 81 79
304 299 23 53 44
304 866 60 69 63
304 52 27 49 31
61 51 26 34 32
61 412 81 91 84
412 743 63 92 68
62 233 95 100 97
62 463 69 79 70
233 94 60 83 67
63 366 14 64 52
63 832 32 68 35
63 583 85 95 91
366 740 33 34 34
832 128 65 79 65
583 22 72 84 84
583 302 61 77 68
789 336 47 91 69
789 805 18 71 59
789 839 69 70 69
789 447 13 98 87
789 60 15 35 29
789 840 24 95 71
613 778 71 81 78
613 271 84 92 85
613 390 12 91 85
613 104 30 86 74
575 802 74 77 75
575 584 55 79 60
608 348 33 75 40
340 171 73 92 86
340 389 73 87 82
340 707 52 91 66
340 285 63 84 64
710 435 55 86 84
710 516 11 42 41
710 177 67 94 81
710 131 73 96 86
66 237 75 89 80
67 70 81 98 93
68 38 28 48 32
69 556 80 95 87
69 435 51 80 51
69 499 87 88 87
69 621 94 95 95
69 203 73 89 76
69 623 61 91 63
69 283 50 94 67
69 675 30 64 54
556 344 21 71 43
556 251 43 71 57
556 850 20 56 38
556 838 92 93 93
435 136 59 93 69
435 513 13 16 13
435 628 49 86 49
499 356 50 85 58
499 421 41 53 53
499 114 59 92 69
203 806 60 80 65
203 275 30 35 34
203 187 95 96 96
623 546 93 97 94
283 820 15 95 72
283 855 89 99 94
283 273 82 99 82
675 299 81 92 81
675 586 36 41 39
675 588 82 86 83
71 772 89 93 92
71 494 50 83 66
772 417 36 64 63
494 369 78 91 83
74 331 86 91 86
74 395 22 67 37
74 253 82 89 83
395 806 54 81 59
253 328 22 34 29
75 808 36 74 52
75 287 78 92 92
75 441 46 96 52
287 808 46 99 51
287 879 53 84 78
441 619 54 80 62
76 143 60 85 69
76 210 65 82 70
76 573 79 96 85
640 299 71 79 79
640 797 37 69 64
559 774 51 76 68
559 171 44 69 44
79 615 80 92 83
615 871 64 86 86
615 474 19 56 54
615 645 70 95 83
80 847 67 80 75
80 225 74 87 85
80 780 47 77 48
80 624 88 90 88
80 113 65 68 67
225 655 14 54 33
225 712 26 33 28
780 398 40 99 45
780 128 70 84 74
780 110 66 73 67
780 369 75 96 82
780 337 39 89 72
624 839 25 59 43
624 348 14 72 30
624 335 49 85 78
113 858 81 82 82
113 392 51 93 56
113 443 86 89 88
113 327 95 97 95
81 508 83 92 88
81 792 20 60 35
81 406 55 57 56
81 200 47 88 73
81 234 43 68 51
792 878 91 96 95
792 519 42 100 89
792 34 79 91 88
406 729 51 58 56
234 119 36 51 43
234 544 36 47 41
82 335 22 87 51
82 616 62 97 78
616 233 43 57 43
616 471 35 45 45
616 156 28 55 37
616 507 35 54 41
719 497 81 92 82
135 383 45 94 90
135 629 69 88 79
826 694 69 100 84
826 822 19 69 34
525 188 18 70 25
85 521 83 97 90
521 64 67 68 67
521 663 30 97 36
521 132 65 73 67
86 734 25 69 61
86 627 32 42 39
86 816 20 39 32
734 669 12 86 54
734 460 77 82 81
734 546 32 50 39
734 358 74 86 78
627 438 58 76 67
627 682 18 65 62
627 582 41 71 62
816 372 55 66 57
816 37 83 90 90
87 698 60 93 75
89 335 95 98 96
89 489 33 42 41
89 538 87 88 87
89 513 16 30 17
89 806 90 98 97
489 543 49 72 64
538 656 34 76 52
538 102 88 97 90
513 463 27 73 69
513 86 91 95 95
90 548 31 98 40
90 163 12 92 44
548 803 62 99 76
548 410 78 93 90
548 658 65 74 66
163 432 37 47 39
91 728 41 69 65
91 785 70 100 80
91 455 87 99 98
728 360 39 55 53
785 468 37 67 53
785 225 52 74 59
92 258 90 92 90
92 710 68 100 89
92 555 59 93 67
92 307 19 70 34
258 34 75 76 75
307 450 91 92 91
307 457 18 61 53
440 429 94 98 97
226 15 10 94 10
226 742 75 80 79
226 564 52 69 60
262 858 22 71 70
855 435 23 36 35
180 382 38 73 69
180 88 42 56 53
180 520 54 59 57
456 334 67 88 77
408 750 47 79 55
408 433 52 70 59
408 330 23 100 45
408 145 82 97 89
96 748 20 32 28
97 162 28 77 60
97 841 20 86 76
162 40 21 68 57
162 566 82 91 91
162 212 14 20 16
162 647 49 59 50
841 664 18 83 66
841 820 17 72 54
98 649 85 93 90
649 328 52 100 67
649 314 83 93 89
649 619 45 47 45
695 776 51 59 52
695 881 60 96 72
695 71 57 59 58
220 871 53 66 64
220 622 89 94 93
295 33 49 84 69
295 372 22 98 73
101 514 34 86 49
101 580 52 74 59
514 342 77 83 82
514 417 58 91 77
514 384 65 75 72
514 308 89 95 92
514 144 33 92 36
514 470 13 68 53
580 776 55 99 91
580 13 30 44 37
650 676 23 40 34
650 855 14 19 15
484 744 27 28 27
484 48 49 71 68
484 637 43 47 47
484 427 33 79 39
484 827 10 56 56
517 136 71 95 71
517 404 18 86 48
310 55 51 76 57
310 570 71 97 74
310 187 59 76 72
310 453 52 76 62
103 721 26 72 61
103 188 66 98 81
721 518 94 97 96
721 862 69 72 72
188 199 58 81 77
188 467 35 60 43
104 248 89 99 97
104 507 28 84 83
248 192 87 100 97
248 196 89 93 90
507 387 76 89 81
507 795 94 97 97
507 728 59 86 81
507 474 47 70 61
507 187 94 95 95
106 691 86 100 93
106 842 18 29 24
691 234 67 91 67
691 289 28 62 53
691 135 56 62 59
691 124 55 89 66
632 122 47 99 61
632 574 32 79 45
632 554 26 42 41
317 861 35 62 48
317 544 71 88 73
108 250 48 60 53
108 649 22 30 27
108 283 42 100 46
108 604 44 93 55
250 93 71 87 79
604 10 64 98 76
604 242 35 79 53
604 128 26 88 85
604 649 12 72 71
109 195 29 51 42
109 541 29 85 56
541 231 55 76 76
110 153 43 79 50
110 769 67 68 68
153 325 94 99 97
153 498 49 83 56
153 879 73 84 80
153 712 53 97 61
153 728 77 85 78
769 179 71 87 71
769 50 74 78 76
769 572 86 91 91
685 251 43 45 43
685 200 80 94 81
685 425 67 70 68
685 255 70 78 76
715 340 75 87 75
715 129 43 100 51
858 835 17 64 49
858 811 85 93 89
858 837 52 89 71
858 166 22 35 33
858 847 58 72 61
858 747 52 58 55
392 810 67 96 77
392 817 13 35 31
443 247 47 80 72
443 877 15 37 34
443 541 53 60 60
443 355 47 87 67
114 766 48 86 54
114 668 39 47 45
114 202 51 100 57
114 555 92 100 98
114 218 14 53 41
114 882 87 88 87
114 204 85 93 88
114 719 82 90 86
668 620 67 83 81
668 484 65 95 81
202 108 43 80 50
202 714 86 89 88
202 707 26 48 28
202 698 67 75 70
202 501 42 98 94
202 627 24 26 24
202 317 59 76 72
202 176 33 34 33
882 138 54 59 59
882 401 20 43 24
882 104 43 65 63
882 550 33 37 36
115 598 43 51 48
115 409 27 79 67
409 648 56 68 57
409 654 86 94 86
409 707 45 52 50
409 684 47 91 55
116 652 90 100 100
116 495 80 86 85
652 367 22 62 23
652 42 62 98 89
117 568 71 82 73
117 611 68 92 84
117 630 87 91 88
568 677 76 88 77
568 182 72 94 74
568 484 49 55 49
611 696 16 79 46
611 698 88 96 91
611 345 70 97 75
611 181 94 99 99
611 176 20 94 35
611 858 11 37 34
630 266 28 63 41
630 498 17 53 42
118 121 33 46 39
118 818 82 87 83
118 354 36 43 39
121 158 63 73 63
121 834 39 100 66
354 841 15 56 50
354 609 64 71 68
119 708 12 31 29
119 720 67 94 75
119 677 44 70 55
119 372 57 92 79
119 868 55 89 65
708 357 33 88 47
720 810 70 100 83
868 180 82 84 83
868 624 51 80 67
868 849 93 94 93
868 302 36 70 49
868 862 46 62 52
491 379 34 98 83
491 824 67 70 68
491 196 64 96 73
491 547 53 55 54
491 659 65 89 83
491 662 35 40 39
491 208 36 84 48
655 721 75 89 88
381 475 86 93 90
381 31 65 93 78
381 622 67 71 68
381 82 76 99 91
381 314 30 41 32
158 641 14 15 15
158 114 57 98 80
158 685 52 78 70
834 639 85 99 89
834 760 34 83 47
834 740 66 100 85
834 368 21 39 30
122 562 44 98 50
122 334 55 75 60
122 837 73 82 73
562 418 16 81 69
334 297 18 97 78
334 122 63 100 67
334 496 13 97 44
123 371 53 56 56
123 136 64 68 64
123 288 32 98 76
371 878 95 96 96
371 52 61 69 62
371 431 27 60 33
371 796 38 63 55
136 659 33 63 59
136 579 86 97 88
136 788 91 96 91
288 53 15 90 50
288 343 42 77 62
288 375 10 61 43
288 349 14 28 14
288 418 74 85 80
124 609 31 62 44
124 117 32 71 42
124 38 56 69 57
124 256 30 74 74
256 844 82 93 87
256 545 27 60 27
125 166 49 63 53
125 512 76 77 76
166 64 85 91 89
166 472 77 86 81
512 507 56 75 73
512 286 67 70 69
345 366 54 78 63
345 181 51 92 78
345 193 20 96 69
328 221 90 97 93
328 205 18 50 25
328 697 91 99 93
127 766 65 98 78
127 101 57 75 65
127 200 93 96 93
128 609 68 90 76
128 543 48 54 48
128 6 51 66 61
128 613 93 99 96
543 841 24 49 44
543 709 47 86 74
543 782 10 38 35
129 333 47 80 71
131 78 88 89 89
131 824 81 90 82
131 28 76 83 82
824 14 90 99 96
824 511 47 86 63
132 359 35 96 50
132 305 41 93 77
359 402 73 77 74
359 304 84 94 84
305 458 78 84 81
305 139 15 55 51
305 149 44 65 61
305 815 62 93 62
134 161 77 85 83
134 563 84 89 84
134 713 74 82 77
713 352 78 81 80
713 0 11 19 17
383 611 78 94 82
383 392 66 71 67
629 164 70 76 76
629 369 14 73 72
629 361 55 80 58
629 193 11 27 27
629 737 75 97 76
659 124 70 81 79
788 533 17 42 21
788 207 20 50 36
788 451 80 87 80
137 869 60 72 60
138 768 17 53 21
138 78 79 100 89
138 64 17 71 32
138 257 75 87 87
768 259 89 97 96
257 66 26 82 66
257 651 92 97 92
257 694 77 78 77
139 358 35 49 36
139 51 45 94 66
358 859 22 81 38
358 574 57 58 57
140 60 74 90 90
140 455 24 100 67
140 267 49 51 50
140 347 50 86 79
267 514 38 51 48
267 112 88 94 90
267 56 63 87 64
347 66 55 61 58
141 643 34 36 34
141 421 87 100 89
141 143 92 100 95
643 634 27 71 55
643 796 82 90 85
643 785 40 57 57
643 783 53 58 54
643 859 18 53 38
421 705 53 75 63
421 709 14 68 31
144 336 73 94 74
144 280 24 36 29
144 176 86 91 91
144 660 52 65 60
336 622 24 37 25
336 207 17 62 41
336 492 86 97 95
336 879 12 87 83
660 353 90 94 93
660 641 83 91 89
660 383 46 70 70
660 401 84 87 86
660 822 52 80 63
660 872 33 69 37
145 359 31 100 49
146 846 58 83 69
146 293 85 88 85
146 159 26 52 48
146 706 27 40 32
146 876 23 95 81
846 617 61 62 61
293 525 86 90 86
293 556 89 90 89
159 524 44 49 49
159 500 94 100 94
706 869 87 97 91
706 533 38 57 48
876 430 27 62 60
876 229 55 79 75
876 298 49 75 49
147 604 87 96 89
147 656 74 98 97
147 621 35 58 47
147 363 61 69 62
147 389 22 100 34
656 814 33 35 34
656 112 83 97 95
656 107 33 68 45
363 94 16 45 21
389 697 42 83 55
389 324 86 94 94
389 486 84 98 95
389 121 63 73 71
389 837 52 70 57
389 388 19 76 48
148 111 67 71 67
148 767 73 89 84
767 168 82 99 82
767 299 59 65 59
767 734 87 99 96
149 856 23 60 46
149 46 90 91 90
149 770 24 37 28
770 250 27 99 35
770 95 83 94 87
209 41 87 91 87
209 865 44 73 44
771 627 89 92 92
771 781 14 86 22
771 617 78 79 78
776 8 90 98 92
776 69 19 93 20
776 572 92 93 92
776 494 10 52 20
565 61 63 77 72
565 785 78 99 94
565 606 30 76 61
430 170 42 91 51
430 489 82 93 83
430 830 78 82 80
879 254 88 89 88
879 361 93 95 94
724 838 25 87 53
724 53 82 90 90
724 385 12 29 12
724 481 18 53 19
561 856 49 58 57
561 136 33 63 49
561 105 40 48 40
156 710 69 84 75
156 536 50 57 56
156 492 38 96 38
492 640 39 48 41
157 857 17 78 73
641 368 33 57 42
641 264 55 61 59
524 483 44 53 45
524 667 53 80 77
524 375 15 82 71
524 383 59 73 70
524 234 15 46 46
160 805 66 89 78
160 183 85 88 88
160 68 74 95 90
160 446 54 88 70
160 255 42 88 87
160 418 43 95 48
160 208 43 88 67
183 671 73 97 76
183 310 45 64 53
446 303 58 76 62
446 563 86 98 88
446 763 19 47 46
446 661 24 100 95
418 776 94 100 100
418 536 52 55 52
418 237 29 59 34
418 547 49 59 56
208 647 21 82 65
208 233 38 70 60
810 652 13 55 19
810 840 50 97 87
432 367 88 95 95
432 778 79 92 81
432 876 79 84 80
432 594 43 90 69
164 453 74 99 98
164 288 27 77 52
164 490 66 69 66
164 834 51 65 54
164 6 88 89 89
164 336 35 50 50
490 443 86 96 90
490 187 59 95 74
165 562 42 64 55
165 141 60 86 86
165 432 51 85 54
472 11 85 94 93
472 399 59 95 82
472 810 19 38 33
167 335 75 96 78
167 318 36 83 36
168 724 79 82 82
168 79 58 61 61
169 250 26 80 79
169 643 23 83 23
169 477 22 32 29
169 397 12 26 23
477 626 17 98 26
477 310 18 55 36
477 813 48 90 62
477 208 15 90 34
170 37 72 93 88
171 799 46 52 52
171 589 93 94 94
589 735 70 80 76
589 644 35 62 61
589 463 91 98 93
589 572 12 82 36
589 71 67 97 87
589 88 21 64 22
172 543 31 74 58
172 877 68 76 75
172 577 64 96 65
172 752 53 99 94
172 789 27 96 43
877 808 15 64 18
877 132 27 34 34
877 668 41 62 54
877 789 57 70 64
877 755 16 35 30
577 325 62 78 64
752 17 86 93 89
752 824 14 76 50
752 881 70 77 74
173 624 90 100 90
173 124 28 89 32
173 103 45 55 49
174 739 55 72 68
174 706 27 44 39
174 288 73 94 75
739 639 55 98 73
739 742 67 78 67
739 845 12 22 18
739 749 29 39 32
175 195 89 92 92
175 793 81 90 88
793 179 50 65 65
793 361 18 33 28
793 446 35 79 37
379 571 13 33 28
379 360 93 96 94
177 235 42 70 69
177 438 60 99 67
235 354 72 82 78
235 802 31 45 36
438 750 41 94 83
178 268 32 76 51
178 104 44 94 88
178 554 87 95 91
178 680 56 76 69
268 532 40 85 76
268 45 44 48 44
268 542 54 68 58
268 194 81 98 96
554 109 37 62 55
554 279 87 94 94
554 5 77 90 84
680 66 25 92 49
680 115 62 99 87
680 370 74 80 76
680 236 34 64 48
179 748 54 57 55
382 130 51 90 56
181 24 25 64 30
181 165 23 55 28
181 836 81 99 84
836 724 11 86 16
836 231 92 93 93
836 277 14 63 33
836 357 49 51 49
836 182 55 66 59
182 136 76 79 78
182 764 79 97 94
182 662 39 58 46
764 599 50 66 66
662 721 22 95 53
662 581 76 87 82
184 355 42 58 57
184 658 88 93 93
184 784 67 70 70
184 441 75 95 90
184 114 28 71 65
184 102 13 46 13
184 160 73 90 74
355 283 22 94 23
355 67 78 99 80
355 191 83 84 84
355 880 53 81 81
658 368 71 74 72
658 394 84 96 90
658 434 62 75 65
658 745 68 88 73
784 95 78 98 79
784 826 94 95 94
185 763 70 71 70
185 630 95 99 96
763 451 57 85 61
763 834 28 73 41
763 241 75 100 83
763 439 52 97 76
186 818 88 94 89
186 637 48 50 48
637 134 79 90 86
637 488 79 98 84
637 418 79 88 88
187 872 74 95 89
187 308 30 96 59
187 539 16 39 36
187 855 31 69 41
872 444 26 72 41
872 875 41 70 69
308 26 95 97 96
308 504 52 58 55
308 226 37 56 41
308 444 77 97 97
539 695 54 63 61
539 476 66 90 68
199 27 20 44 33
199 451 13 77 18
467 332 86 100 89
467 415 53 79 64
467 430 75 95 76
467 711 93 97 93
467 609 69 93 80
467 702 42 89 75
189 306 95 98 97
189 667 34 51 34
189 299 66 80 73
306 121 29 89 70
306 649 79 88 83
306 775 73 97 89
667 76 31 38 34
667 66 43 66 52
299 554 57 65 64
299 71 21 88 37
299 601 21 70 43
190 521 69 74 70
191 396 58 68 68
396 407 84 85 84
192 781 19 24 19
781 129 10 34 10
781 1 70 87 82
781 108 38 47 38
781 872 34 95 49
194 807 26 95 67
194 831 40 54 52
194 693 11 46 32
807 42 77 81 80
831 409 20 55 51
831 537 79 90 86
831 243 32 43 42
693 305 26 74 62
693 837 36 80 72
693 452 54 79 78
693 378 20 58 32
196 268 91 98 92
196 407 33 75 36
196 683 91 92 92
196 428 64 79 66
407 355 88 94 90
407 506 19 56 41
407 446 43 100 94
407 46 66 81 75
683 874 44 64 62
683 773 36 87 42
428 510 79 85 82
684 248 66 81 79
684 498 62 93 90
684 359 94 100 99
198 488 15 25 25
198 279 67 91 74
198 51 39 97 45
198 509 93 95 93
488 838 30 92 44
488 409 72 85 77
488 699 68 84 83
279 530 82 92 83
279 60 17 72 35
279 13 12 14 12
279 239 26 100 57
451 372 95 98 95
451 829 32 43 35
714 200 83 92 90
714 103 51 65 60
714 578 15 48 40
707 831 37 88 52
707 671 17 18 18
501 416 78 79 79
501 775 41 78 65
275 657 61 74 64
275 790 46 71 50
275 81 23 37 25
205 369 26 41 41
369 276 49 89 83
206 492 30 83 41
206 519 45 92 55
206 641 89 100 96
206 373 39 46 40
519 76 19 100 38
519 412 28 47 33
519 397 42 47 44
519 347 66 68 66
519 423 63 96 82
373 810 94 99 98
207 194 77 94 77
213 9 43 64 64
213 220 65 69 66
213 478 68 86 78
478 330 25 36 34
478 314 70 81 72
478 612 12 38 28
478 295 51 72 61
694 678 35 100 41
694 294 73 99 80
833 607 56 74 59
833 462 55 77 77
833 644 53 55 55
833 640 45 62 49
833 540 24 97 58
833 422 91 95 91
833 774 19 93 26
229 452 85 100 93
578 321 93 98 93
578 4 37 58 58
578 812 35 52 43
578 513 92 99 94
578 412 76 95 83
578 43 57 88 68
215 445 36 43 38
215 38 44 76 62
215 191 67 100 93
445 624 47 62 53
445 231 41 85 60
445 22 36 89 44
445 532 83 86 85
445 759 91 94 91
445 101 43 87 45
217 404 62 77 76
217 305 89 93 92
404 176 91 97 92
219 673 95 97 97
219 174 85 97 96
673 433 19 55 47
622 243 18 62 33
622 174 18 74 24
622 137 22 84 62
622 234 72 81 74
221 133 83 95 95
221 833 26 83 44
221 669 36 82 56
669 387 50 55 53
222 428 73 80 76
222 253 87 91 88
222 95 36 70 70
222 259 25 76 40
259 118 51 54 52
259 344 22 74 31
259 450 51 54 51
259 97 66 71 68
259 532 41 44 44
259 324 51 54 52
259 501 36 61 60
259 384 72 89 87
223 822 44 96 75
223 550 31 69 57
223 1 85 89 89
223 785 71 82 73
822 318 88 91 90
822 504 37 38 38
550 742 86 93 92
550 523 65 72 69
224 669 12 27 27
224 322 56 80 71
224 813 76 91 83
322 557 56 69 63
322 344 89 99 90
813 153 28 39 33
813 52 88 100 100
813 175 91 95 94
742 268 88 98 91
742 723 51 55 55
227 421 54 90 66
227 534 32 52 44
227 799 11 92 73
534 333 12 82 72
534 738 73 86 76
534 434 18 88 19
534 107 50 59 54
534 50 81 90 82
228 90 76 98 97
228 313 44 82 60
228 750 44 47 44
313 155 57 93 70
313 126 40 41 41
313 482 51 90 65
313 854 90 99 98
750 118 38 82 65
750 675 30 66 61
750 292 91 99 93
750 577 28 56 35
364 819 94 95 94
364 368 86 98 95
231 789 82 99 97
231 384 36 41 40
231 486 60 80 72
231 520 26 34 33
384 143 27 85 64
384 601 66 100 83
486 3 83 96 95
486 709 50 56 55
486 469 46 85 62
802 67 62 72 62
802 631 92 95 93
236 837 91 96 94
236 394 28 85 46
394 445 67 92 82
394 715 54 71 58
394 425 43 79 51
394 262 54 89 67
394 752 10 37 32
394 539 89 100 98
394 215 62 65 65
261 783 75 87 84
261 103 56 88 59
261 417 64 65 65
839 441 78 90 87
839 665 69 91 90
238 159 39 73 39
238 36 49 89 84
238 274 26 63 60
274 15 78 95 79
239 806 48 98 50
239 798 58 79 74
239 333 56 61 60
239 353 40 87 79
239 814 56 77 74
239 67 38 43 39
798 68 76 89 89
798 352 18 41 31
240 246 10 66 62
240 307 10 78 25
246 365 10 15 13
246 538 67 75 68
241 627 15 63 22
241 93 40 50 40
242 122 69 100 92
242 318 76 87 81
242 410 93 98 93
410 765 62 96 67
700 696 33 70 35
700 60 10 90 88
700 506 29 51 29
700 732 93 94 93
365 603 75 77 76
365 379 50 71 70
365 268 75 92 78
365 262 18 25 22
365 195 71 84 73
247 134 86 92 88
247 731 77 90 82
247 845 31 38 37
247 530 31 47 40
731 492 74 93 74
845 200 18 65 55
845 536 85 94 90
845 213 46 87 60
845 486 46 90 66
845 115 67 77 70
530 651 28 58 55
530 330 50 99 55
530 195 44 92 63
249 592 80 92 84
592 206 65 83 76
592 179 88 97 96
592 228 92 97 93
251 475 39 69 67
251 506 63 100 63
251 548 73 98 81
506 394 68 85 71
252 602 48 66 60
252 516 11 53 13
252 45 49 53 50
602 607 61 99 72
602 315 24 27 25
602 149 86 97 86
602 531 45 99 80
602 398 71 78 78
516 425 32 50 48
516 784 66 86 73
254 225 41 66 62
651 478 73 90 77
651 667 26 46 34
450 295 33 71 47
450 192 68 81 68
450 456 56 82 80
532 402 58 59 59
532 432 76 79 79
532 754 75 86 77
324 735 90 95 93
324 280 60 78 64
324 758 33 83 79
324 626 18 90 23
324 792 21 31 28
324 448 48 98 70
324 323 84 96 94
260 75 26 27 26
260 675 40 85 73
260 355 78 85 84
260 735 24 42 38
735 810 24 26 26
735 731 38 86 62
783 731 90 95 93
783 394 70 73 71
783 475 26 84 49
783 671 23 31 29
783 698 49 68 66
417 646 92 98 95
417 296 63 65 65
263 609 25 37 33
264 474 43 82 58
264 743 29 67 32
264 393 14 43 30
743 776 60 68 67
393 736 62 70 67
393 241 88 100 99
393 301 45 86 63
265 848 90 95 92
266 578 76 91 76
266 198 12 78 25
266 413 30 62 48
266 487 61 72 72
413 346 74 78 77
413 411 90 93 91
413 832 65 90 79
413 213 31 92 63
487 645 53 65 63
269 180 21 26 24
269 365 24 84 46
269 421 27 52 51
415 762 35 100 90
271 494 10 24 14
271 762 83 95 90
271 450 69 80 69
762 238 13 41 21
762 632 71 77 71
297 847 82 95 91
297 550 65 72 72
297 806 22 64 33
273 505 35 68 51
505 282 72 77 74
505 554 71 92 83
505 167 35 72 62
505 339 37 46 45
657 750 18 86 63
790 460 69 76 74
790 620 94 96 95
790 657 53 89 88
790 868 81 87 83
790 822 57 70 70
790 442 45 48 48
276 581 60 97 72
276 874 43 96 76
276 403 52 97 82
276 486 10 73 11
581 15 67 82 79
581 417 57 81 78
403 651 67 90 80
403 228 91 94 93
278 673 69 70 70
278 114 23 52 44
278 350 55 90 77
350 610 17 69 65
350 64 67 79 71
281 676 40 94 92
281 217 93 100 98
676 500 52 87 84
676 559 34 93 48
676 209 37 99 84
282 796 93 98 97
796 333 34 76 75
796 265 71 73 73
796 792 63 81 67
796 630 85 100 86
820 551 90 91 91
820 629 31 87 86
820 166 23 83 77
284 250 26 31 26
285 617 33 92 77
285 653 27 37 35
285 850 50 86 68
617 559 87 93 92
617 591 32 71 63
617 94 34 53 45
617 702 88 100 98
617 211 30 95 69
653 526 56 76 56
850 452 89 95 92
850 372 36 53 41
286 513 23 31 28
286 247 45 94 75
286 613 76 80 76
343 848 78 95 84
527 595 10 41 25
527 460 85 93 90
527 38 83 85 83
290 313 42 64 61
291 103 61 66 64
689 789 53 69 68
689 395 70 92 91
689 501 59 61 59
689 439 81 99 86
294 151 67 70 69
294 255 10 69 46
296 308 27 99 80
296 871 60 84 71
296 191 53 56 56
296 255 22 48 26
298 662 53 91 70
298 650 86 98 91
298 728 72 80 77
601 126 79 90 84
601 256 68 73 70
301 333 57 83 72
301 787 77 85 79
787 708 50 54 52
787 619 69 75 73
787 444 24 68 46
302 62 51 57 52
302 119 88 90 90
302 623 87 93 88
302 663 22 93 52
302 91 65 92 77
302 333 17 92 78
302 627 52 65 64
663 556 63 84 72
663 854 72 93 85
303 105 53 73 65
303 254 14 91 28
303 209 19 36 35
303 517 60 87 87
303 623 50 77 72
866 391 43 55 47
866 371 78 95 91
866 670 51 95 74
815 281 81 91 81
815 241 74 86 74
815 571 63 83 64
815 633 85 99 97
815 419 79 84 82
775 729 39 75 71
775 485 16 93 66
775 309 55 94 57
504 668 95 98 96
444 254 36 80 55
444 624 28 88 81
444 138 51 77 58
309 869 34 84 54
311 855 43 61 58
311 658 66 76 73
311 130 48 55 48
854 476 79 90 79
854 735 13 79 70
854 815 80 89 82
314 264 67 81 74
314 384 83 93 86
316 813 28 42 40
861 198 45 56 54
861 854 38 96 59
861 749 63 74 74
319 395 46 80 46
320 459 91 97 91
320 10 82 90 84
320 693 13 85 37
459 440 40 94 86
459 152 20 29 29
459 47 35 37 35
321 869 51 69 68
557 294 11 81 52
557 190 51 66 60
557 567 68 90 78
557 45 58 71 60
557 475 61 88 73
323 312 51 86 77
323 519 64 72 69
323 704 46 88 73
323 140 11 97 96
323 541 78 98 80
323 586 27 35 27
323 844 40 63 50
704 626 20 100 75
704 869 67 72 71
704 296 32 92 65
704 225 18 88 20
704 30 41 70 46
704 710 80 94 87
704 573 62 87 76
586 879 24 36 36
758 443 33 53 48
758 147 39 90 65
758 362 37 62 53
626 601 58 76 74
626 112 23 37 26
626 89 56 86 77
626 604 60 84 71
448 37 50 53 52
448 683 76 97 95
448 231 33 86 86
448 550 24 57 29
326 234 82 94 85
697 6 14 93 72
697 844 20 29 26
697 440 28 89 57
329 2 59 86 60
329 689 60 97 65
329 739 50 78 58
749 334 55 93 66
749 667 25 28 26
749 834 64 97 91
332 659 42 63 60
496 617 51 94 78
496 566 58 82 59
341 799 22 41 23
341 797 78 100 84
341 710 10 58 16
341 240 68 83 76
341 224 59 73 64
797 297 67 74 70
471 235 77 95 82
471 562 43 86 79
346 157 73 74 74
346 757 39 50 46
757 198 62 78 76
757 91 44 79 65
757 556 61 70 68
757 439 94 97 97
348 631 80 95 80
348 421 23 51 41
348 294 61 71 65
348 359 33 52 44
631 740 43 91 46
631 480 40 64 40
631 460 63 92 68
709 642 30 80 78
610 363 88 90 89
351 783 63 64 64
352 289 61 93 86
352 723 60 98 83
352 349 23 75 37
352 540 52 66 66
723 785 85 90 87
540 142 40 49 47
880 258 18 78 25
880 316 68 100 84
356 99 67 69 68
356 508 14 68 61
356 222 72 76 76
402 59 30 59 34
360 833 94 96 95
360 400 58 99 93
400 375 40 69 48
400 343 49 100 66
400 308 90 98 98
400 14 86 94 88
400 87 67 89 78
361 265 66 71 67
361 473 16 92 60
473 130 18 89 88
473 221 53 61 61
362 106 61 97 65
362 637 78 100 94
362 759 63 95 93
759 90 65 82 77
759 117 59 65 65
759 339 27 32 29
819 578 55 98 73
819 185 58 61 61
819 845 65 74 73
819 384 38 44 43
819 813 88 95 88
819 101 33 63 46
819 448 86 89 88
368 348 74 91 86
603 857 67 83 71
603 505 17 75 59
367 767 89 91 90
367 9 72 87 76
367 782 40 79 79
367 522 48 69 65
367 282 93 95 94
367 285 38 42 38
782 470 71 84 73
782 301 31 48 43
782 272 49 95 94
782 612 20 27 27
522 626 14 78 71
522 556 74 91 84
431 796 59 69 60
431 731 53 82 59
431 412 41 78 60
431 877 24 32 27
466 585 15 31 26
466 212 78 80 79
466 16 51 63 56
466 124 82 85 84
374 467 70 92 72
460 434 91 100 96
460 543 25 31 29
376 248 63 76 74
376 446 73 90 80
376 644 85 92 92
376 565 48 89 62
376 196 46 57 55
701 598 83 87 87
701 410 71 100 89
378 179 88 96 89
378 712 23 95 71
378 219 31 86 58
571 457 64 76 72
571 98 40 94 53
571 247 46 88 63
385 495 31 48 46
385 527 80 86 84
386 366 13 38 20
386 147 68 96 69
386 117 23 59 35
387 848 14 54 30
387 732 38 63 55
387 534 37 54 52
387 807 37 39 38
387 494 58 82 66
388 739 38 71 71
388 513 58 89 65
388 213 87 92 92
388 429 88 99 96
429 625 32 99 38
390 456 68 82 72
390 877 84 89 84
390 603 48 87 82
425 303 17 44 44
425 768 79 96 95
425 240 33 78 69
398 61 95 99 97
398 752 22 69 43
398 387 20 74 37
399 137 33 38 37
399 564 59 70 61
399 488 56 80 68
399 733 16 81 21
733 397 61 75 68
733 515 76 100 87
401 440 75 90 78
401 178 59 72 59
405 514 59 81 67
405 267 21 34 25
433 265 75 91 81
648 309 60 72 71
648 754 78 89 84
648 758 53 99 72
648 108 90 96 90
648 177 65 71 69
648 276 67 92 77
654 152 22 91 55
765 648 22 89 66
765 534 25 87 69
411 740 88 100 100
411 482 70 100 70
411 360 55 58 58
411 861 76 93 82
411 140 70 78 78
414 636 33 86 43
414 9 74 82 80
414 54 31 91 60
414 83 12 51 44
636 705 46 80 65
416 411 27 58 40
416 352 94 95 95
416 222 46 79 63
419 616 92 100 96
419 72 78 87 81
420 131 24 42 28
705 569 26 85 85
705 207 49 58 53
705 161 10 18 13
705 189 40 56 48
424 784 44 86 83
424 667 69 87 80
424 756 51 72 60
424 225 23 60 44
756 78 36 81 64
756 9 43 65 63
756 274 51 93 71
730 254 47 75 70
730 534 89 96 92
730 548 28 96 81
730 255 37 69 50
791 173 75 98 78
791 804 91 92 91
620 214 73 82 81
620 303 49 81 65
510 190 16 73 17
510 187 72 93 80
625 802 33 37 34
625 784 55 68 59
625 434 21 99 55
830 331 28 85 49
830 168 85 97 89
830 877 15 56 31
830 693 58 93 76
778 619 42 89 46
778 861 29 62 48
594 328 49 68 56
594 726 41 65 58
594 415 80 95 80
594 815 18 68 34
434 138 24 48 29
434 143 65 93 80
628 827 61 83 79
628 125 27 30 27
628 136 93 99 96
628 424 28 93 49
628 513 36 63 51
436 583 77 96 95
436 133 10 54 37
436 195 71 82 78
436 793 51 99 99
436 94 53 58 57
436 59 22 80 28
436 480 23 97 54
851 299 40 93 67
851 365 32 66 52
851 838 40 51 48
439 351 10 94 91
442 286 70 85 74
442 519 18 89 38
661 182 61 93 78
661 732 39 84 40
829 128 85 93 89
726 520 12 79 32
726 655 11 35 13
726 684 93 99 94
860 479 75 89 88
860 805 75 92 80
860 163 92 100 94
860 137 39 43 43
461 585 46 58 46
461 48 65 85 83
461 456 43 71 44
461 544 40 80 57
462 371 54 58 56
462 550 39 58 47
462 62 85 99 91
465 306 73 74 73
465 802 41 71 49
465 497 95 97 96
465 492 75 77 76
711 116 31 53 42
711 237 70 75 70
702 414 41 45 43
702 394 36 91 55
468 488 30 42 39
469 399 54 100 70
469 799 77 89 79
470 201 86 88 86
476 839 22 63 59
476 76 26 86 52
612 35 11 46 30
612 285 52 92 63
479 119 88 90 89
481 359 18 35 19
481 572 13 42 25
572 589 55 72 59
572 534 47 75 56
572 584 70 97 94
572 402 30 64 40
572 424 37 99 84
483 756 79 84 83
483 160 57 59 59
483 602 11 30 21
483 547 82 89 83
483 136 23 27 23
744 375 95 100 97
744 96 89 95 90
744 495 32 35 33
827 541 67 69 68
827 250 85 87 85
827 783 30 88 46
485 618 29 71 32
618 766 40 76 48
618 846 40 41 40
618 407 83 98 88
618 807 89 93 91
838 797 73 94 79
838 392 10 80 72
838 679 77 99 99
838 17 88 99 92
838 42 70 75 75
838 90 84 85 85
838 177 65 100 84
838 606 13 91 91
699 380 71 100 94
493 72 50 69 52
493 216 79 90 87
502 728 16 50 43
502 194 20 96 52
503 817 57 86 68
503 129 63 71 71
503 169 88 93 89
795 803 86 97 86
795 506 49 81 62
795 829 51 81 59
518 655 90 97 94
518 674 13 89 84
518 332 29 86 37
526 137 82 84 84
526 714 63 93 92
528 645 33 98 72
528 782 23 38 23
528 834 30 67 40
529 134 21 83 23
529 749 65 67 67
529 773 42 74 47
531 574 81 93 86
754 601 66 97 67
754 340 28 72 69
754 280 91 97 94
754 582 69 79 71
754 512 61 97 87
738 168 90 91 90
738 487 43 88 53
738 807 25 28 26
738 474 66 74 69
537 101 17 48 19
546 579 74 78 78
546 505 52 78 75
546 110 42 44 44
546 128 30 80 63
546 116 16 21 21
803 781 43 48 45
549 419 45 53 53
549 569 91 97 96
549 390 54 65 63
549 269 76 86 84
569 501 90 99 92
569 691 95 96 95
569 383 91 95 92
569 299 67 82 78
551 71 53 85 61
551 145 38 58 40
551 446 22 75 74
551 234 63 69 69
553 143 31 83 38
553 735 23 77 27
812 158 15 22 15
812 190 14 70 63
567 145 55 95 68
567 556 84 97 91
567 868 86 88 87
558 323 49 64 49
558 21 56 79 67
558 687 58 67 64
558 533 43 91 72
687 266 44 76 62
687 860 60 72 72
687 60 47 78 54
774 233 83 90 87
774 204 33 62 44
774 871 84 99 89
774 319 43 65 57
774 304 29 86 83
774 490 34 88 86
774 439 25 93 41
560 337 22 54 49
584 541 36 61 49
584 613 32 98 47
584 184 23 65 58
584 1 67 95 73
584 644 69 93 84
584 325 91 93 92
584 459 89 90 90
584 295 25 97 43
576 434 82 95 89
576 861 36 38 36
751 870 27 43 39
751 880 23 32 26
751 270 61 100 82
751 832 83 99 97
588 165 40 75 69
588 707 31 92 89
588 479 87 99 87
588 808 64 71 69
599 648 40 93 57
599 850 12 73 16
607 157 70 78 71
607 397 54 93 68
605 745 34 81 57
605 632 73 78 74
605 211 20 80 77
605 720 76 91 82
605 86 45 92 45
745 8 94 100 99
745 507 91 100 100
745 431 61 76 68
745 265 14 34 26
745 409 33 36 36
672 201 92 94 93
672 586 89 97 90
672 830 81 88 82
696 378 71 95 86
696 132 81 92 91
614 184 65 100 96
614 77 26 86 70
614 828 71 81 73
614 290 27 33 27
614 697 49 91 55
828 595 65 96 95
786 304 78 84 82
786 468 81 88 82
688 644 16 73 48
682 116 45 57 57
682 81 46 71 67
737 223 27 36 32
737 623 87 95 88
737 428 43 81 64
633 189 49 85 74
633 537 45 90 74
633 184 36 64 39
633 627 75 84 79
634 795 95 100 96
634 473 83 95 95
635 89 39 75 44
635 186 35 68 50
635 575 58 68 62
635 471 38 71 66
638 296 22 70 24
638 358 74 92 90
642 116 48 55 48
642 244 85 91 88
642 755 65 75 66
665 326 63 84 79
665 14 66 90 79
670 829 26 48 43
670 116 79 82 80
670 311 28 74 61
679 759 89 93 89
679 114 94 97 95
679 285 25 27 27
679 757 14 84 63
681 190 16 25 20
681 704 58 64 58
681 708 21 49 23
686 880 39 52 52
686 468 74 78 74
686 548 42 58 46
686 700 41 65 53
690 743 18 29 24
881 328 31 36 36
881 809 56 72 62
881 766 68 83 81
881 443 15 99 60
716 476 44 70 64
717 875 35 45 42
717 0 15 39 32
717 543 85 89 87
875 872 25 98 97
722 787 94 95 95
722 437 42 46 45
725 0 26 55 35
725 863 86 96 87
725 492 81 91 88
725 211 18 87 36
725 179 49 99 78
725 480 29 55 39
863 534 68 77 68
863 599 88 92 90
863 203 41 48 44
870 131 60 82 61
870 324 58 89 75
760 48 82 97 89
760 290 42 69 56
760 627 40 97 70
760 443 64 95 73
761 869 78 86 84
777 62 28 98 50
777 281 17 24 22
777 835 57 67 60
777 710 77 99 86
777 88 36 58 51
835 511 35 46 46
835 431 42 84 70
835 126 61 74 63
779 777 62 79 72
779 395 48 94 58
779 764 43 65 64
840 130 52 97 87
840 712 63 66 63
794 323 16 49 35
794 801 18 79 44
794 844 84 97 85
794 696 34 62 50
794 103 53 65 61
794 501 90 91 91
794 649 45 84 61
801 517 77 100 89
801 359 49 79 73
801 112 65 70 65
809 650 10 73 26
809 742 50 64 50
809 226 62 75 73
811 65 22 66 40
811 509 11 31 12
811 670 88 95 92
811 68 69 75 71
811 824 71 98 92
821 185 87 97 87
821 623 45 70 61
821 617 11 29 23
823 407 39 48 47
823 731 46 91 60
825 82 61 72 62
843 6 12 30 25
843 256 33 71 62
849 176 87 96 92
852 154 45 48 47
852 765 66 81 80
852 553 89 96 90
853 633 53 69 55
853 755 70 85 80
864 858 93 95 95
864 241 94 99 98
867 339 35 47 40
867 552 32 76 56
867 166 19 49 43
0 882
