72 173
0 10 12 63 37
0 8 38 94 67
0 59 13 58 51
10 33 13 33 17
10 51 70 92 87
10 14 35 45 43
10 43 81 86 83
8 60 30 62 37
8 67 33 52 45
59 19 54 60 56
59 2 55 59 55
59 69 10 41 28
1 35 63 91 87
1 57 47 69 64
35 26 44 88 84
35 11 37 72 44
2 48 82 87 85
2 29 51 89 53
2 20 28 45 45
48 31 68 97 68
48 1 64 97 96
48 54 43 78 57
48 49 55 98 84
20 54 22 33 25
20 46 10 52 29
20 56 66 73 72
20 33 94 95 94
20 45 94 100 96
20 53 19 43 39
20 18 11 90 43
3 47 50 89 62
3 35 20 31 30
3 4 14 22 20
3 41 15 65 36
47 18 86 94 94
5 35 88 100 98
5 39 12 58 47
39 40 33 92 45
7 29 13 35 28
7 8 40 45 42
60 21 31 100 88
60 25 67 71 68
60 4 48 71 55
60 65 31 42 33
67 8 94 99 97
67 51 93 99 93
67 53 21 97 65
67 14 53 57 57
9 6 37 87 45
33 71 27 30 28
33 37 10 85 32
33 51 28 62 40
51 59 57 76 61
51 62 57 73 72
51 68 33 57 57
51 11 63 68 68
14 5 45 78 47
14 36 37 49 49
43 46 58 99 72
43 38 47 95 86
43 23 12 62 29
11 3 44 48 44
11 64 80 91 89
11 38 42 53 44
64 58 84 90 88
64 26 19 95 53
38 62 12 14 14
38 32 51 84 54
38 71 86 89 87
12 30 19 46 44
30 59 36 69 36
13 48 94 95 95
36 30 94 95 95
36 27 83 84 84
36 41 85 90 87
36 39 67 78 74
36 5 16 72 58
15 24 12 66 18
15 58 55 69 67
24 61 81 83 82
24 43 17 56 36
24 13 80 99 82
58 26 14 15 14
58 4 42 75 59
58 37 81 100 98
16 64 72 85 72
16 70 12 54 42
16 66 36 62 57
16 17 83 100 92
16 29 36 52 45
70 9 74 96 77
70 21 95 99 96
70 42 73 81 74
66 39 61 74 74
66 69 86 92 91
17 68 20 75 47
17 70 92 100 95
68 21 26 37 35
68 65 83 95 89
68 52 12 48 34
68 55 88 94 93
68 48 42 74 69
18 64 22 59 57
18 67 20 75 41
18 35 78 79 79
18 30 64 91 87
19 68 30 95 39
54 69 66 68 67
46 60 89 100 93
56 44 37 95 82
45 42 22 38 25
45 18 18 25 21
53 41 80 85 85
53 65 59 99 68
21 29 43 92 90
22 41 30 32 31
22 33 49 50 50
22 9 70 84 84
22 61 74 95 80
22 0 72 88 74
22 7 31 39 33
61 13 34 59 49
61 64 25 68 52
61 66 80 88 84
23 20 41 93 44
23 9 26 76 38
23 0 11 47 47
25 51 92 97 93
26 52 35 95 91
26 61 61 89 88
26 66 11 64 22
52 11 82 97 88
28 60 53 89 63
28 63 52 82 76
63 26 75 93 86
63 25 54 66 58
63 48 83 99 86
63 18 60 77 69
31 1 53 98 96
31 11 45 98 92
32 15 60 81 61
71 41 89 97 90
71 48 39 73 64
71 16 28 37 28
37 49 27 70 34
37 25 88 95 93
34 37 24 93 43
49 29 16 47 30
49 56 24 38 25
49 30 23 62 54
49 19 28 48 43
49 28 19 86 73
62 66 44 79 53
62 12 94 97 97
40 1 26 47 41
42 13 47 95 77
42 3 51 86 54
42 34 10 78 24
42 55 78 83 80
55 29 77 80 79
55 30 81 98 83
55 5 94 97 94
44 69 18 69 42
44 9 16 67 45
44 35 90 94 93
44 31 33 90 74
69 27 54 99 95
50 47 65 81 68
50 66 57 72 59
50 7 34 63 59
65 61 18 71 28
65 35 14 81 70
65 0 23 71 70
0 71
