86 239
0 85 47 61 61
0 42 47 72 55
0 17 40 43 43
85 36 35 82 54
85 41 38 85 50
85 33 23 82 23
42 29 45 78 74
17 27 51 97 60
17 78 30 91 76
17 10 62 69 69
17 23 88 99 97
1 6 75 88 88
1 77 82 86 82
1 17 31 64 50
77 5 51 100 86
77 78 54 94 63
77 8 85 86 85
2 8 86 97 97
2 9 38 92 90
2 56 59 93 67
2 71 80 84 81
2 4 83 86 83
8 10 47 54 50
9 67 14 59 32
9 32 29 33 32
9 58 82 99 85
56 50 64 95 83
56 38 11 38 33
71 23 43 59 54
71 33 32 61 45
71 24 21 47 31
71 44 10 67 40
71 57 59 72 67
4 10 35 98 49
4 36 57 69 61
4 54 27 74 59
10 7 13 84 60
10 72 94 96 95
10 47 45 51 48
36 75 86 96 91
36 20 74 77 74
36 82 39 51 43
36 33 53 89 83
36 41 17 61 54
36 27 33 78 38
54 45 51 68 65
5 76 93 97 93
5 78 71 85 72
5 61 64 97 89
76 0 87 99 87
76 57 44 50 45
78 45 15 41 19
78 70 29 68 30
61 22 49 55 52
61 63 82 84 83
61 30 62 75 73
7 1 55 61 60
7 33 18 54 31
7 28 24 48 28
33 11 16 46 34
28 17 32 37 36
28 4 60 69 63
28 40 82 95 93
28 44 12 88 59
28 66 89 90 89
67 70 53 94 66
32 73 77 86 80
32 10 41 61 44
32 58 79 81 80
32 60 44 65 65
32 41 72 82 78
58 33 40 59 56
58 44 35 70 57
58 17 78 96 89
58 72 10 78 19
72 77 44 62 50
72 83 54 86 64
72 40 83 90 83
72 25 47 67 50
72 15 83 85 85
47 44 23 53 34
47 73 62 80 68
47 30 27 99 36
47 11 94 96 94
11 62 56 72 64
11 21 17 52 43
11 31 15 72 20
11 81 57 82 74
62 10 59 80 69
21 60 11 38 17
21 41 94 99 97
21 65 34 43 42
21 51 90 99 97
31 26 28 30 30
31 19 78 88 88
31 28 44 81 63
81 9 57 81 59
81 2 44 69 51
81 37 89 99 92
12 3 54 93 85
12 42 56 99 64
12 39 40 84 62
12 30 37 55 45
12 79 58 72 66
12 27 76 99 86
39 9 89 97 90
39 54 56 71 60
39 29 18 47 40
39 4 38 70 46
39 7 71 81 77
39 0 63 71 68
30 40 92 97 95
30 20 47 80 56
30 6 60 94 60
30 64 43 75 44
79 62 92 94 92
79 42 40 79 61
27 66 89 99 90
15 38 92 97 94
15 85 29 66 56
38 61 87 96 94
38 55 82 90 88
38 10 21 98 94
16 29 72 94 89
16 54 51 73 69
23 65 69 96 94
23 19 12 54 14
23 1 52 66 63
18 53 16 93 67
18 49 10 68 24
53 84 28 45 28
53 40 54 90 85
53 55 18 49 28
49 64 86 95 87
49 72 67 100 72
49 70 89 97 95
19 75 36 50 42
19 60 40 61 55
75 77 33 88 57
75 6 35 93 70
60 20 18 62 30
60 30 56 60 57
60 84 95 100 95
60 11 45 94 81
20 76 64 90 84
20 46 64 79 68
20 62 52 72 69
20 50 83 99 92
46 55 85 90 89
46 73 23 56 55
50 16 82 91 88
41 63 65 75 65
41 42 80 95 84
65 56 42 97 87
65 31 79 80 79
51 15 84 87 85
22 71 51 80 63
22 31 33 82 41
22 43 93 100 96
22 70 75 99 97
22 2 36 37 36
22 62 44 69 56
43 2 71 85 77
70 76 19 44 44
70 15 93 100 95
70 43 53 90 60
70 40 30 74 63
24 85 73 74 73
24 80 16 33 30
80 6 93 94 93
80 4 71 91 91
25 11 30 69 62
25 58 46 80 53
25 8 30 31 30
25 65 16 18 16
26 2 78 91 82
66 23 12 73 53
66 1 58 83 62
40 65 44 83 56
40 14 66 71 67
40 12 20 75 70
44 0 73 79 76
73 35 34 59 57
73 3 61 96 81
34 36 17 57 19
34 55 51 73 70
34 14 27 57 44
34 46 75 99 94
55 3 15 37 28
55 65 17 28 24
55 44 35 91 91
55 71 37 91 62
35 61 12 83 18
35 69 53 59 55
35 3 72 78 77
35 12 26 91 65
69 3 47 71 64
69 33 37 94 62
69 24 67 90 67
82 4 63 93 81
82 35 85 99 93
82 58 78 96 84
37 62 54 72 62
63 6 28 72 48
63 65 17 62 37
63 23 77 92 86
63 49 87 91 90
45 39 17 71 47
45 31 83 86 85
45 79 58 82 61
45 20 93 99 95
48 27 32 61 41
48 69 79 82 79
48 3 36 48 36
48 67 55 95 79
52 4 93 95 94
52 29 34 51 51
84 15 33 37 34
84 75 37 44 39
84 8 68 99 95
84 16 30 41 35
84 2 43 68 51
57 44 38 98 66
57 41 34 89 57
57 4 68 78 71
57 23 48 74 72
59 77 11 73 19
59 2 65 68 66
59 14 93 94 94
59 73 49 84 49
68 13 21 77 61
83 67 52 58 55
83 40 83 93 90
83 76 16 44 37
74 52 59 75 65
74 81 63 99 75
74 62 58 97 58
74 50 24 78 52
74 0 56 70 65
0 85
