1748 3209
0 628 89 90 89
0 95 69 80 79
0 175 44 55 45
0 419 35 49 44
628 438 11 80 66
628 1740 33 89 72
95 315 80 99 89
175 573 67 98 77
175 314 37 90 53
419 623 68 83 82
419 588 52 88 64
1 1514 55 65 55
1 658 24 46 32
1 1346 48 87 77
1514 866 70 98 81
2 1462 47 78 47
1462 249 29 76 69
1462 1339 39 66 47
1462 1618 69 99 92
1462 1342 38 55 49
4 1262 86 95 93
4 367 25 83 72
4 43 87 99 95
1262 1266 77 94 93
1262 1364 10 23 15
1262 333 37 96 73
1262 1184 53 61 55
1262 618 84 88 86
1262 265 57 58 58
43 637 87 94 90
5 750 59 94 62
750 33 67 92 68
6 308 25 50 48
308 533 28 84 36
7 49 16 67 45
7 610 16 59 18
7 1136 65 98 91
49 8 37 65 46
49 447 86 87 87
610 738 32 47 43
610 913 90 99 96
610 1573 80 100 85
8 254 12 39 27
8 496 26 99 39
8 434 23 47 29
254 1128 86 87 87
254 258 45 50 46
496 270 95 100 97
496 1126 34 95 77
434 1009 14 55 55
11 1223 75 100 78
1223 1323 84 93 84
1223 310 37 68 48
12 623 28 32 28
12 995 80 90 83
995 1154 29 98 44
995 1431 12 54 52
13 159 46 49 49
13 1504 21 54 49
13 1011 40 94 50
159 636 68 80 71
159 704 38 83 67
1504 1217 26 71 30
1504 464 72 74 74
1011 495 73 84 79
15 1386 83 97 87
15 1517 89 100 93
15 176 64 66 64
1386 51 84 88 86
1517 1736 66 100 74
1517 174 64 90 76
176 1333 24 29 27
176 142 50 74 68
16 1667 72 78 73
16 406 79 100 86
1667 1318 15 41 21
406 754 93 97 93
406 710 33 52 49
406 1011 16 91 67
406 290 61 94 65
17 995 12 14 12
17 1628 54 96 58
17 1384 84 93 87
17 1581 75 84 80
1628 925 62 69 64
1628 780 79 100 100
1628 794 88 94 89
1384 1682 19 71 60
1384 10 88 100 93
1581 301 57 99 95
18 520 38 79 75
520 407 64 93 73
520 1196 67 95 84
520 1355 34 37 37
520 1111 93 94 93
21 871 58 100 96
21 643 87 90 89
21 200 49 64 56
21 1417 33 37 36
871 629 51 100 91
871 489 11 30 17
643 956 69 92 90
643 1164 33 81 69
643 1224 57 65 63
200 1109 19 75 74
200 442 24 35 24
200 479 67 87 87
1417 847 11 73 60
1417 1327 76 91 86
1417 882 10 75 18
22 1370 93 94 94
22 1385 59 69 69
22 481 43 75 62
22 3 36 90 58
1370 391 55 57 55
1370 1147 77 80 79
1385 809 44 58 52
481 542 94 99 96
481 1098 40 50 40
23 1319 55 86 67
1319 326 65 90 72
24 1172 42 75 59
24 608 78 91 85
1172 579 72 92 74
608 846 91 94 93
25 1472 46 53 46
25 428 84 99 97
25 507 92 94 92
1472 1063 43 52 52
1472 1522 83 99 94
428 1232 72 86 76
428 534 45 56 55
428 935 77 78 78
27 89 41 45 43
89 1740 54 83 76
89 925 76 87 81
89 1052 48 84 50
28 507 29 33 33
28 646 33 80 62
28 914 81 97 87
28 463 84 92 89
28 597 68 76 68
646 448 53 87 62
646 1610 87 88 87
646 1707 35 61 54
646 418 23 67 42
914 1376 42 71 67
914 1509 29 41 32
597 70 20 89 89
597 1317 56 61 58
597 1487 49 83 57
29 1715 81 88 83
29 692 74 80 76
29 121 63 78 77
29 1092 17 55 24
1715 1280 91 100 91
1715 1322 39 84 56
692 838 19 58 31
692 877 78 86 85
121 1144 24 97 38
1092 685 35 49 45
31 916 53 66 53
31 1561 39 95 57
31 1614 17 38 20
916 384 91 92 91
916 427 10 30 23
916 1064 51 76 68
1561 1736 36 44 37
1561 829 57 89 79
1561 817 13 74 50
1614 1003 55 99 85
32 1686 55 82 80
1686 669 86 91 89
1686 563 45 98 94
1686 1152 46 73 73
1686 1473 89 92 89
33 475 83 86 84
475 1002 91 93 92
475 535 21 56 56
34 1018 70 95 74
34 602 64 69 66
1018 311 91 95 92
602 1621 10 17 14
35 1253 87 96 94
1253 677 65 96 87
1253 113 72 89 79
1253 1013 86 96 93
37 821 76 80 80
37 366 73 98 96
37 931 68 80 68
366 1540 49 52 49
366 676 83 100 85
931 539 42 97 58
931 187 26 95 59
38 468 84 90 89
38 1559 25 62 55
468 347 78 93 92
468 5 10 71 23
39 1402 62 78 71
1402 1287 89 99 96
40 44 12 34 22
40 348 15 88 75
40 1257 86 98 96
44 676 86 88 88
44 1041 35 99 81
44 1084 54 59 56
348 1609 77 100 84
1257 1047 45 82 72
1257 623 59 98 97
41 1533 28 33 29
41 1016 25 88 35
1533 78 30 40 39
1533 1084 54 68 68
1533 1715 44 74 58
1016 1060 59 96 92
1016 1055 26 63 44
42 969 44 65 53
969 658 48 49 48
637 1088 31 34 32
676 522 75 94 86
676 1240 27 99 87
676 491 28 36 32
1041 484 60 76 73
1041 1024 43 94 46
1084 1379 52 59 55
1084 972 68 72 71
47 794 36 47 39
47 1714 56 71 60
47 1443 40 79 57
47 934 32 93 56
794 1186 90 97 90
794 1047 69 79 78
794 30 38 53 53
794 1478 71 85 85
1714 1207 77 82 77
1714 969 30 77 64
1714 1094 92 96 93
1443 1616 14 51 48
1443 206 22 58 44
1443 1659 44 78 67
934 1746 23 24 23
934 915 67 97 83
934 1504 69 75 75
934 1475 36 58 44
447 112 39 47 41
447 348 63 79 78
53 824 20 62 50
53 1606 34 46 41
824 959 60 81 64
824 1232 66 90 89
54 1364 69 90 90
1364 562 31 72 65
1364 1023 57 83 61
1364 1713 47 83 60
1364 1009 34 89 47
56 1035 46 78 46
56 1372 49 73 54
56 735 75 94 83
56 979 82 97 94
56 416 54 81 61
1035 145 40 41 40
1372 231 48 80 54
735 1673 46 50 48
735 51 14 41 39
979 835 94 99 96
979 739 12 94 32
979 1579 94 99 99
416 951 39 65 52
416 246 77 93 93
416 1012 40 58 53
416 1426 22 31 27
57 921 31 62 59
59 1602 93 100 98
1602 548 86 95 95
61 380 73 76 75
62 59 32 77 38
62 376 34 89 46
62 899 90 93 93
62 552 13 17 17
376 1527 41 81 48
376 545 52 79 61
899 849 36 90 54
552 136 66 85 82
552 1320 25 26 25
63 716 81 99 88
63 479 60 69 64
716 20 14 89 35
716 1383 38 93 42
479 1216 41 55 47
479 1498 78 97 88
65 1601 10 92 82
65 1373 14 38 14
1601 951 59 66 62
1373 1301 32 37 37
1373 1109 83 90 85
66 1667 82 83 83
67 1121 57 99 93
69 1701 74 79 78
69 640 20 79 50
69 789 50 66 56
69 324 36 39 38
69 898 26 95 78
69 1092 24 77 58
1701 1050 79 80 79
640 1699 29 70 31
640 1742 93 96 94
789 1490 44 55 55
789 702 88 96 92
789 777 65 97 87
789 1410 67 85 82
324 959 85 89 85
898 852 20 59 52
898 1355 65 100 84
71 403 42 69 59
403 246 49 60 55
72 913 58 76 70
72 1333 29 52 37
72 863 50 72 55
913 813 74 89 80
1333 1472 71 83 73
1333 606 10 39 29
1333 910 59 84 79
1333 19 57 86 78
863 1507 20 84 54
863 362 37 77 53
863 574 79 83 80
863 1217 64 68 67
73 849 39 76 67
849 1101 55 67 65
849 557 50 60 50
74 1651 90 96 93
1651 1018 30 91 51
1651 1024 38 41 40
75 1155 74 98 79
75 221 74 85 81
75 930 88 100 88
1155 125 87 89 87
1155 864 29 86 31
930 846 28 79 77
77 1440 16 30 26
1440 1715 80 84 83
1440 1727 82 88 87
1440 1729 24 87 60
1440 343 82 88 86
79 1621 42 85 58
79 1319 51 61 58
79 1335 74 91 74
79 327 89 94 91
1335 750 12 45 16
1335 283 23 50 24
1335 901 91 99 98
327 256 33 84 66
327 648 30 51 33
327 1693 17 98 42
81 960 62 76 66
82 271 67 68 68
82 1158 84 93 93
82 111 18 54 28
271 408 57 63 59
271 1085 77 85 78
271 1352 47 85 80
271 438 22 94 22
1158 11 19 32 25
1158 881 86 99 95
111 1314 63 88 74
111 1503 77 93 82
111 509 89 100 98
83 1160 45 69 54
1160 433 18 61 34
84 1015 85 90 89
84 917 28 76 28
84 310 57 87 85
917 1141 87 99 90
917 750 76 78 77
85 1423 63 85 79
1423 126 21 100 45
1423 61 70 77 73
1423 701 19 31 28
1423 1517 55 73 58
86 906 35 91 38
86 448 56 91 70
86 260 64 73 71
906 1102 22 80 42
906 275 21 71 36
906 425 70 97 95
448 121 11 62 31
260 1634 71 84 81
260 1108 19 62 57
88 922 17 54 33
88 208 41 97 56
88 34 38 43 41
922 153 87 96 92
922 1639 28 34 34
208 152 91 95 95
208 609 88 99 93
208 973 45 48 46
208 1057 32 43 42
208 1465 34 38 36
1740 969 23 67 44
925 807 26 53 36
925 112 15 41 39
925 231 45 75 72
925 1573 17 46 46
1052 322 90 95 94
91 1281 92 93 93
92 385 31 94 93
92 1464 27 48 38
92 208 33 78 60
385 255 54 72 67
1464 423 57 62 61
1464 741 75 87 76
93 950 35 49 41
950 1019 37 51 46
950 720 79 94 83
950 769 41 68 43
94 1171 30 82 52
94 1273 19 45 42
94 140 38 77 56
1171 1547 46 99 58
1171 1743 88 100 95
1273 571 92 98 94
1273 1285 26 48 33
1273 890 77 82 80
1273 1302 76 93 88
140 1736 42 81 56
140 717 12 64 44
140 584 10 78 23
315 497 37 62 61
315 1059 70 86 72
315 656 30 47 43
96 1118 73 83 77
96 966 26 48 27
96 788 27 100 99
966 1108 85 96 89
788 436 55 87 70
97 1174 64 85 71
97 989 87 95 87
1174 543 24 64 29
1174 1426 33 34 34
989 1052 65 69 67
989 1474 51 67 51
989 645 94 98 95
989 894 15 21 20
989 82 39 56 54
98 1398 45 68 54
1398 1738 31 40 33
99 1735 82 93 87
1735 1239 78 91 83
1735 1253 84 88 85
100 1478 65 96 82
1478 1497 87 90 89
1478 716 33 45 37
101 24 11 57 40
101 632 36 56 56
101 577 91 97 93
632 1196 48 52 51
632 625 41 65 61
577 1716 69 89 83
102 266 15 100 75
102 1324 24 65 27
266 1641 80 81 81
103 130 22 45 40
130 357 76 90 77
130 269 42 58 50
104 6 79 90 82
105 1347 61 78 62
1347 61 13 55 37
1347 337 83 90 90
106 360 87 88 88
106 1356 30 81 51
106 650 14 83 55
106 113 89 91 89
360 1396 45 55 53
360 1422 12 63 60
360 811 60 94 82
1356 955 19 60 35
1356 815 70 92 75
1356 1599 94 99 98
650 1684 67 71 70
650 446 80 81 81
650 1509 31 95 82
650 126 40 99 55
109 1478 28 47 30
109 1123 23 59 43
109 1201 23 49 39
110 751 33 47 40
110 173 66 89 79
751 1073 83 98 93
173 922 91 100 97
173 445 64 82 66
1314 1721 91 99 99
1314 903 29 96 95
1503 1674 68 87 85
1503 1340 91 98 94
509 215 81 100 98
112 461 39 84 81
112 1086 77 81 77
112 1405 90 93 90
461 1240 44 90 70
461 1711 55 85 83
1086 272 39 44 44
1086 321 23 78 74
1405 824 25 26 26
1405 1523 91 97 93
115 1256 72 79 72
1256 854 90 97 96
1256 241 78 99 83
1256 1522 87 99 98
116 1467 79 86 82
116 77 40 72 63
116 918 57 65 61
1467 1679 95 98 95
918 1149 93 96 95
918 1297 22 95 48
117 526 31 44 41
118 117 14 34 33
118 269 49 79 65
269 877 86 93 93
269 647 28 67 39
119 1664 66 98 84
120 795 93 95 94
120 1544 63 95 69
1544 1467 20 65 48
1544 1093 56 98 90
1544 469 89 93 89
1144 1581 56 88 84
1144 1111 25 52 29
1144 615 13 70 45
122 1459 44 71 66
122 1572 48 87 86
122 223 72 85 78
1459 1477 73 84 84
1572 1299 10 17 12
1572 1719 32 59 53
1572 394 63 66 65
223 1634 58 91 86
223 68 29 34 34
123 1039 78 82 78
1039 363 93 95 95
1039 702 38 39 39
1039 1448 80 100 84
1039 1684 16 71 20
124 21 69 96 73
124 2 63 84 83
124 969 26 91 64
126 1235 57 67 61
1235 793 43 62 59
1235 1465 53 94 74
127 1736 95 99 98
127 1589 95 99 99
127 118 91 94 93
1736 1264 50 91 89
1736 1476 61 87 67
1589 796 11 48 48
1589 1731 20 77 44
1589 1723 50 95 71
129 821 65 70 66
357 1003 67 100 90
131 997 40 73 59
997 426 20 71 49
132 1128 30 71 66
1128 281 70 71 71
1128 1249 40 82 81
1128 1388 63 71 65
1128 1676 35 84 75
133 1650 11 84 19
133 1476 57 67 61
1650 339 82 99 89
1476 1053 63 76 74
1476 109 62 75 63
134 42 14 33 19
135 102 54 89 78
136 848 60 61 61
136 522 76 85 79
136 1199 67 85 83
136 226 33 39 33
136 1068 13 78 49
848 943 92 98 96
848 131 66 79 77
848 1544 57 68 60
848 409 50 54 50
522 757 47 59 55
522 1034 59 91 77
522 478 41 53 42
522 1186 49 59 59
522 617 13 82 14
522 303 35 95 54
522 634 55 72 69
1199 842 28 30 28
1199 768 30 76 32
226 1337 57 70 69
226 1561 66 89 71
1068 472 86 95 92
1068 647 92 100 97
1068 556 30 70 30
137 673 50 70 54
673 1161 92 95 92
138 1690 76 93 87
1690 932 54 66 58
1690 1405 75 83 81
1690 1453 39 88 66
1690 1022 11 58 31
139 848 39 45 41
139 1484 82 100 86
139 711 90 99 90
1484 1566 63 91 88
1484 796 32 66 42
711 909 61 98 76
717 1520 25 76 70
584 690 38 77 68
584 192 46 49 46
584 1436 25 34 34
584 505 49 99 59
584 973 12 19 14
584 1150 26 57 42
141 1396 81 83 81
1396 984 33 83 74
1396 1040 63 100 83
1396 302 83 87 83
142 1446 70 100 94
142 697 22 46 29
142 54 89 94 94
142 1079 83 85 84
142 1071 60 87 81
1446 1535 51 93 83
697 775 54 78 61
1079 92 95 99 95
1071 1364 83 97 89
1071 1607 29 84 54
143 672 81 93 85
143 596 73 100 100
672 483 84 100 92
672 1481 90 98 98
596 1368 55 59 57
144 854 41 72 54
854 1619 73 80 74
145 1671 63 93 64
1671 754 11 92 72
1671 1090 95 96 95
148 512 20 79 55
512 1563 83 89 88
512 1597 30 87 66
149 290 89 93 89
290 274 29 100 42
290 891 24 99 24
150 472 17 66 35
472 1687 73 89 88
472 1384 80 94 83
151 236 91 96 92
151 1617 39 68 68
236 981 33 90 84
236 863 10 46 41
236 1442 11 56 33
152 170 75 98 81
152 1109 41 67 54
152 345 14 72 20
152 1488 38 84 77
152 1689 17 25 24
152 332 49 66 53
170 1503 82 95 90
1109 301 53 89 69
345 896 76 89 77
1488 1629 40 72 65
1689 1092 61 77 61
1689 1342 43 95 90
1689 938 60 81 73
332 1011 54 81 64
154 403 10 60 52
155 716 58 75 61
155 945 75 93 87
155 740 94 97 97
945 794 29 48 45
740 1356 53 81 81
740 581 33 39 34
156 558 76 77 76
156 813 86 92 87
156 1392 90 96 93
156 620 10 80 76
156 411 15 85 15
558 825 74 95 85
813 15 51 86 56
411 507 62 76 68
158 552 15 33 17
636 615 63 92 92
160 1336 95 99 96
1336 1154 31 54 34
1336 1576 65 83 70
161 395 38 69 38
161 885 50 79 62
395 1298 24 75 57
395 1367 56 94 90
395 72 14 15 14
885 1583 59 87 70
162 357 82 86 84
162 1048 48 51 49
163 327 75 84 83
163 1169 87 89 87
163 849 21 29 21
163 954 65 83 70
164 1554 19 70 52
164 106 54 74 61
1554 978 29 31 30
165 827 28 63 49
165 613 76 77 76
165 1128 10 32 16
165 112 17 36 26
165 360 12 19 14
827 172 23 40 28
827 1459 27 72 57
613 132 10 16 13
166 490 90 97 92
490 464 29 86 60
490 1334 77 90 84
167 1275 28 48 37
167 1001 37 62 59
167 107 54 69 66
1275 909 23 38 38
1275 258 87 95 94
1001 548 69 72 70
171 1446 31 44 43
171 134 57 76 76
172 538 15 95 47
172 1175 53 82 70
538 13 41 88 47
538 1508 36 67 67
1175 788 48 76 54
1175 1676 10 80 17
1175 862 12 58 15
174 892 85 86 85
174 1690 43 84 64
174 1321 75 79 77
892 627 43 84 68
892 833 91 92 92
892 659 30 47 45
1321 1464 36 37 36
1321 1200 18 19 19
1321 1557 12 25 22
1321 973 65 88 82
573 456 39 63 51
573 949 57 85 74
573 911 94 96 95
314 1352 82 91 88
314 567 72 86 85
314 16 54 93 58
177 542 75 90 76
177 1072 48 50 49
542 996 37 100 68
542 1310 30 37 36
542 57 21 53 46
1072 1303 85 98 90
178 890 84 93 89
178 1262 64 81 67
179 508 31 52 32
179 1111 22 44 38
508 1707 44 47 45
508 1144 79 90 84
1111 558 21 82 22
1111 583 11 84 79
180 72 12 70 13
180 1411 94 96 94
1411 247 10 18 14
1411 40 58 64 60
1411 627 23 33 23
181 1694 95 99 99
1694 749 41 74 53
1694 382 85 92 87
1694 1457 26 52 38
182 322 41 45 43
322 245 83 94 92
183 1340 46 49 46
183 1037 64 98 87
1340 546 58 78 69
1037 1251 62 82 82
184 462 66 72 70
184 44 26 76 30
462 1060 89 97 90
185 1746 24 65 52
185 820 90 96 90
820 21 40 53 43
820 1315 32 55 53
820 1149 59 94 66
820 213 29 70 33
186 1281 36 99 87
187 1289 36 43 40
187 1324 52 93 62
187 348 10 84 57
1289 1390 48 65 57
1289 1096 28 84 34
1289 1724 75 82 78
1289 93 73 98 98
188 699 59 75 71
188 999 53 61 60
699 1641 66 93 67
999 148 17 69 29
189 951 29 72 64
189 237 20 23 23
951 1461 14 67 26
237 950 34 66 48
190 1273 15 87 57
191 1450 78 91 81
191 715 80 95 93
1450 930 16 82 79
1450 910 76 98 78
715 682 55 71 66
715 1455 29 65 47
715 1253 92 94 92
715 567 49 86 77
192 1666 79 80 80
192 1674 91 95 92
1666 1271 66 96 78
1666 1030 53 77 75
1666 407 52 76 63
1674 581 67 82 77
195 1005 79 85 79
195 808 25 27 26
195 154 81 93 92
195 1647 29 58 46
1005 708 63 80 75
1005 171 68 89 76
1005 663 42 70 47
1005 65 83 96 88
1647 380 93 96 96
196 280 57 69 66
196 977 18 80 33
196 1657 88 92 89
280 1726 87 90 89
280 191 63 82 66
280 981 41 71 67
280 1628 73 88 81
977 1672 72 84 78
977 712 51 65 53
977 952 12 29 26
1657 672 62 65 65
197 1184 53 63 57
1184 141 72 99 86
1184 1523 54 96 73
1184 250 76 96 96
198 1628 56 85 74
199 309 84 88 88
309 513 82 99 93
309 664 17 24 23
309 1352 37 65 42
309 1589 40 93 48
309 1159 23 29 29
442 1461 12 27 13
442 568 53 60 56
201 1636 73 96 96
201 1455 69 96 85
201 1532 79 84 82
1636 1269 81 93 85
1636 1495 27 65 36
1455 1083 44 99 93
1532 476 57 76 67
1532 388 14 44 27
202 446 35 38 36
204 429 92 93 93
204 809 59 61 60
204 921 93 95 94
205 353 27 97 34
205 1027 52 65 57
205 1465 92 100 97
353 223 17 42 18
1027 171 63 100 85
1027 470 24 98 77
1465 1290 59 84 66
1465 842 22 26 23
206 1721 49 81 54
206 286 89 98 95
206 1722 18 67 64
1721 1242 16 88 75
1721 1160 40 47 44
286 740 81 83 82
1722 929 10 75 35
1722 1279 75 90 89
1722 207 78 92 80
207 354 41 85 51
207 567 14 55 49
207 1743 65 68 66
207 1558 90 98 97
207 563 10 17 17
207 107 75 87 76
354 732 25 44 31
354 910 41 88 75
567 519 95 96 95
1743 1421 25 47 34
1558 760 84 94 93
1558 833 58 78 70
563 1559 37 93 87
563 87 63 93 74
609 1180 78 82 80
609 1307 51 73 55
973 690 86 94 88
973 644 18 99 63
973 1362 70 83 79
1057 976 16 47 44
1057 1632 10 82 51
210 1400 43 56 52
1400 1579 25 49 45
211 1024 80 98 92
211 1635 75 96 86
211 1040 78 81 79
1024 22 19 59 40
1040 1351 46 59 51
212 1733 55 93 88
212 906 12 62 12
1733 893 79 89 86
1733 431 31 69 64
1733 1479 71 99 78
214 782 62 78 72
214 723 13 57 56
214 443 25 52 26
214 1093 40 68 44
214 579 61 68 67
214 1333 34 56 39
782 1487 45 52 49
782 634 82 92 89
782 637 48 52 51
782 419 37 84 72
723 154 19 71 69
723 638 90 93 91
443 270 26 78 27
443 1180 30 75 39
1093 129 51 88 58
1093 960 79 98 92
579 1111 84 90 87
215 1005 50 58 54
215 1344 37 94 61
215 883 64 66 64
1344 1627 51 83 70
216 1264 31 61 59
1264 1085 90 97 91
217 1657 67 76 70
219 1180 36 96 75
219 898 55 72 63
1180 678 43 90 48
220 652 21 87 69
220 434 53 77 61
220 1582 87 95 95
220 1171 80 82 82
652 300 14 81 77
652 957 21 33 32
1582 283 81 98 93
222 620 13 100 87
222 1385 94 98 95
1634 1418 22 73 65
224 380 32 51 35
225 1322 37 96 84
225 1506 15 84 39
225 571 10 52 35
225 1158 72 78 73
225 1646 25 67 35
1322 558 53 99 55
1322 1434 67 78 77
1506 1225 56 59 56
1506 32 65 69 66
1506 679 76 85 79
571 950 23 44 36
571 559 18 58 42
571 1118 56 87 57
1646 1612 31 52 40
1646 1260 82 95 83
1337 943 39 69 65
1337 762 94 95 94
227 1054 32 62 54
1054 552 56 100 95
1054 1060 64 79 66
1054 389 37 55 46
1054 1016 42 54 50
228 594 19 98 43
594 1142 26 47 36
594 1491 89 91 90
229 238 71 72 71
238 346 75 98 85
230 475 92 98 96
230 1663 42 57 45
230 717 51 56 52
230 738 57 85 67
230 1606 65 83 71
230 189 39 85 70
1663 725 90 98 93
738 1326 28 84 30
738 763 45 93 47
738 445 66 70 70
738 1434 69 72 69
231 657 57 58 58
657 1418 51 75 67
657 1451 84 87 84
657 1432 55 91 71
232 256 24 55 32
256 1577 26 86 31
256 1388 47 92 78
256 681 21 99 67
256 458 36 83 44
256 1692 88 95 89
233 1577 40 68 51
233 1380 95 99 98
233 438 20 62 25
233 89 85 96 87
233 1430 85 87 87
1577 775 43 93 63
1577 1278 59 72 61
1577 1186 37 46 40
1380 364 23 28 27
438 761 78 92 82
438 1423 88 95 89
438 587 39 64 47
234 1672 72 76 75
234 403 18 43 34
234 557 71 78 72
1672 929 59 96 73
1672 465 35 63 44
557 205 89 90 90
557 1164 38 79 48
557 725 61 93 85
557 721 10 25 18
557 946 71 76 75
981 1176 26 37 32
981 86 59 69 63
1442 806 23 47 40
1442 1393 80 91 88
1442 1369 47 69 58
346 95 29 68 51
346 1066 88 99 89
240 1301 66 80 68
240 1624 74 88 86
1624 1548 56 80 78
1624 440 82 96 93
1624 1717 95 97 95
241 252 47 98 58
241 1242 11 53 51
1242 703 12 49 17
1242 232 29 39 29
1242 183 83 99 95
1242 1079 89 100 96
1242 1676 49 70 68
242 1340 24 77 72
242 192 56 60 59
243 1120 21 86 71
243 538 43 69 64
243 1316 47 94 60
1316 1657 59 95 71
1316 224 38 60 40
245 180 52 90 57
246 610 79 95 89
246 1044 39 97 86
246 692 11 24 22
1044 977 78 86 82
247 375 27 39 39
375 613 38 47 41
375 353 86 89 86
248 1460 61 86 86
1460 1373 76 90 81
1460 554 63 85 77
249 1436 69 89 85
249 226 21 34 26
1436 1589 91 96 93
251 810 61 93 78
253 824 71 75 71
253 448 30 39 37
253 934 47 65 56
253 335 20 70 40
253 1587 85 97 86
253 1611 33 69 55
335 397 81 87 81
335 144 87 98 87
1587 1073 53 92 92
1611 1619 63 89 79
1611 619 92 98 97
1611 1551 20 49 22
258 1107 66 97 92
258 1218 46 98 61
258 1154 93 94 94
255 447 66 73 69
255 1064 16 21 21
255 1494 91 100 97
255 7 80 100 92
255 381 82 84 84
1064 162 29 78 40
1064 282 64 68 65
1494 194 66 75 66
1494 374 84 97 85
1494 1622 28 97 75
1494 146 75 88 82
381 971 27 30 30
681 1019 10 58 21
458 1513 12 66 62
1692 492 53 56 54
1692 169 86 100 93
1692 816 55 65 55
1692 305 21 43 30
1692 1106 17 65 24
1218 193 84 96 86
1218 369 22 84 33
1218 28 47 81 55
1218 1579 82 90 86
259 1134 37 42 39
259 1631 54 85 66
1134 1570 95 96 96
1631 668 69 86 84
1631 109 74 79 76
1108 908 31 67 42
1108 652 33 63 36
261 154 29 56 31
261 1115 48 89 70
261 172 51 81 78
1115 1159 36 54 50
1115 1431 60 87 81
263 1614 65 96 65
263 866 62 75 75
866 407 36 39 38
866 1679 15 43 35
866 222 46 80 74
866 1075 80 97 94
264 603 69 93 80
264 1307 39 59 56
603 1745 70 88 72
603 433 80 89 85
603 1172 18 23 19
1307 1380 57 93 86
1307 521 84 97 91
265 1723 39 59 54
265 543 65 75 67
1723 358 54 71 68
1723 416 82 94 87
1723 746 85 92 89
1723 1064 33 94 50
543 1421 13 33 23
1641 1731 81 90 84
267 1 21 65 59
267 1213 56 84 78
267 362 34 46 43
362 1628 74 76 75
268 1208 33 57 57
268 1225 29 82 33
268 369 53 82 76
268 153 29 48 43
268 502 80 99 85
268 1697 66 98 79
268 1283 91 93 91
1208 1638 52 97 77
1225 123 63 94 67
1225 1114 90 93 90
502 999 48 68 51
1697 607 24 35 27
1283 788 95 96 95
1283 171 41 49 42
647 1676 60 84 67
270 190 60 86 81
270 1318 72 77 77
1318 818 76 92 92
1318 87 14 83 14
408 1603 45 53 51
1085 1667 27 37 36
1085 890 47 78 52
1352 739 44 64 49
1352 583 25 48 45
1352 1120 17 28 22
272 1674 27 28 28
272 1128 77 97 86
273 298 37 50 47
273 1413 43 76 56
298 365 28 78 64
1413 1044 47 95 55
277 1627 93 100 99
277 351 73 88 76
277 1604 56 94 88
277 1333 59 94 91
1627 483 23 63 27
1627 1090 24 77 64
1604 50 73 98 82
1604 166 49 88 54
278 403 57 70 66
279 726 63 79 64
279 1552 69 75 74
279 786 52 87 68
726 1018 71 78 74
726 861 83 92 87
1552 1379 77 99 77
1552 1430 55 88 82
1552 1205 50 87 65
786 1437 14 97 58
786 1699 43 95 87
786 430 21 29 25
786 47 41 79 41
786 574 63 100 91
1726 1061 22 32 31
1726 546 49 91 58
1726 973 55 86 63
281 316 49 72 63
316 982 32 49 37
316 716 88 98 88
316 1033 49 87 55
316 220 16 34 18
282 1720 73 83 73
282 917 65 98 75
282 1498 80 98 97
282 328 53 96 68
1720 390 75 87 75
1720 1031 63 91 68
328 1027 18 46 41
328 1622 28 71 53
283 37 40 87 62
283 873 89 99 90
283 1109 83 92 88
873 573 87 91 90
873 1223 27 67 38
284 206 35 44 44
284 647 95 99 96
284 852 21 77 38
852 276 94 95 95
285 1056 38 100 98
285 290 31 36 33
285 1321 55 87 74
285 989 64 94 81
1056 993 10 50 41
1056 1327 10 23 23
288 354 44 48 44
288 337 84 90 84
288 306 29 63 44
337 757 83 94 88
306 1616 35 84 53
291 306 40 50 43
291 52 80 84 80
292 977 47 62 51
292 26 71 74 74
292 255 95 96 96
293 1423 45 100 90
294 670 64 90 69
294 346 26 75 47
294 1326 25 49 34
294 1334 86 92 92
294 203 75 95 87
670 1672 81 91 84
670 1622 71 81 78
1326 220 81 98 96
1326 851 86 99 88
1326 1499 36 45 43
1326 1091 65 94 66
1334 1387 33 50 49
1334 595 65 95 88
1334 150 45 76 74
297 589 89 94 92
297 1094 65 90 67
589 1412 71 79 77
1094 1719 10 85 66
1094 427 11 38 24
1094 1089 76 81 81
365 878 41 56 55
365 316 46 99 93
300 1727 66 96 67
300 1135 35 64 37
300 1064 33 86 85
1727 1721 54 78 76
1727 1342 27 72 53
1135 1395 71 93 76
301 775 92 100 95
301 538 47 52 49
301 1355 90 98 96
301 1391 16 95 92
301 236 85 89 89
301 1274 67 94 90
775 1747 88 90 90
775 1621 93 100 100
775 991 22 41 36
775 1467 10 71 33
775 489 20 60 40
775 900 58 66 65
1355 162 52 63 57
1355 1270 64 78 77
1355 125 60 100 80
1355 648 66 90 82
1391 562 15 74 35
1391 904 83 94 87
302 167 46 82 56
303 915 22 37 34
303 363 58 68 59
915 777 93 100 99
363 567 72 97 89
304 1019 91 95 91
304 1563 72 79 76
304 748 65 100 74
1019 1156 62 85 65
1019 1312 62 66 64
1019 1438 24 50 41
1019 936 93 97 96
1563 1064 94 97 95
1563 1620 72 74 73
748 1574 52 79 73
748 31 32 87 78
748 1188 68 96 88
305 1242 32 86 34
305 309 12 78 42
305 24 27 49 44
1616 195 75 77 76
1616 556 33 79 62
1616 396 81 89 84
307 1650 57 62 59
533 181 21 34 28
533 930 50 89 59
513 651 12 43 34
664 830 58 85 64
664 1208 64 66 65
1159 580 18 41 26
1159 391 58 86 65
1159 378 36 41 39
311 203 77 100 96
311 174 90 98 96
312 1562 26 49 28
312 1713 11 77 54
1562 226 69 70 70
1562 451 80 93 83
1562 524 20 96 73
1562 966 36 59 59
1562 1086 69 72 69
1713 399 59 88 73
1713 411 22 90 70
1713 482 86 91 87
1713 189 30 47 31
1713 1371 59 72 60
313 221 87 90 89
497 993 62 63 62
497 176 78 93 88
1059 1218 54 59 56
656 355 14 69 65
656 1667 29 32 31
656 91 62 66 62
982 1127 80 81 81
982 35 41 71 62
982 301 12 83 21
1033 92 62 76 66
1033 1489 59 100 92
317 1394 87 94 90
320 1546 12 73 19
320 67 50 85 82
1546 1435 64 86 67
1546 546 57 87 59
321 1290 21 26 22
321 900 18 44 23
321 193 63 98 94
1290 1386 62 74 62
1290 1515 60 62 60
900 655 33 91 83
900 1413 69 74 69
959 812 71 89 79
1693 76 46 94 93
1622 1114 27 49 41
330 1242 72 91 86
330 1112 20 97 30
330 1733 76 89 85
1112 1092 39 78 68
333 744 45 69 63
333 239 70 73 70
744 1155 72 89 78
744 1418 31 84 54
744 1056 37 81 48
744 1600 53 93 62
744 258 45 69 56
397 1557 65 95 94
397 341 24 69 39
336 999 47 78 65
336 1218 13 44 44
757 226 40 94 85
757 489 56 88 75
338 480 30 95 64
480 999 37 94 85
480 377 73 82 80
340 1653 93 98 97
340 1299 13 52 16
340 7 54 78 76
1653 986 30 45 37
1299 544 11 75 27
1299 1460 63 90 66
1299 1242 86 87 87
341 694 87 96 96
341 231 73 88 79
694 332 77 83 77
694 955 64 73 69
342 1671 68 90 69
342 611 49 86 52
342 902 38 53 39
342 55 85 92 88
611 252 70 80 73
611 1396 65 93 75
902 1279 29 58 43
902 1472 70 82 79
343 819 75 76 76
343 883 63 64 64
343 116 24 69 56
344 61 50 67 56
344 1723 39 73 42
1066 1434 51 100 94
1066 58 35 48 40
347 1230 90 91 90
347 743 29 97 39
1230 1505 90 96 91
1230 1370 18 97 34
1230 586 76 90 86
743 1289 40 68 56
743 404 26 35 35
1609 1708 40 94 73
1609 1467 79 83 83
349 1020 47 87 47
1020 1619 37 62 51
1020 1353 62 71 71
350 1626 63 96 82
350 61 18 77 21
1626 662 11 31 16
1626 32 88 99 90
1626 985 62 80 78
1626 1195 17 25 22
352 39 52 80 57
352 115 27 42 27
352 1264 95 97 96
732 1741 44 96 90
732 486 45 92 56
910 881 71 99 99
910 302 58 70 67
910 259 62 94 80
910 434 71 77 72
355 520 26 89 86
356 416 79 88 87
358 1532 67 78 71
359 1123 16 62 36
359 1412 41 71 44
1422 155 78 97 90
1422 452 23 91 39
1422 1529 89 94 90
1422 145 11 100 63
1422 462 19 27 21
811 1378 94 95 95
811 1211 90 92 90
361 214 92 97 95
361 669 18 66 58
669 644 20 85 34
364 342 29 80 60
364 1223 13 81 52
364 288 76 95 83
878 290 72 86 74
1540 679 37 51 50
370 1439 17 60 18
1439 1464 85 93 89
1439 298 78 84 84
1439 514 63 95 89
371 507 38 68 43
371 1168 46 58 58
371 790 17 79 48
790 37 85 98 85
790 62 51 84 63
372 1604 68 96 83
1527 60 38 74 41
1527 660 13 83 49
1527 186 12 29 19
545 1675 67 79 73
545 801 30 48 44
378 65 16 59 58
378 1384 43 86 67
379 954 69 74 73
382 679 24 51 32
384 1185 22 60 36
384 556 67 78 74
1185 1060 56 92 63
556 353 69 80 73
386 1428 24 89 53
386 1641 49 90 54
386 30 43 63 44
386 1163 33 42 33
386 1735 70 82 80
1163 1737 88 96 95
387 1151 76 79 76
387 988 39 79 75
387 1319 41 88 43
1151 1171 55 78 63
1151 786 18 32 22
1151 1472 38 69 52
1151 758 48 92 92
388 1158 55 76 69
388 496 94 99 96
388 574 17 46 19
388 313 41 72 61
574 1038 36 91 67
391 1518 37 45 41
391 70 93 96 94
391 1245 90 96 90
392 352 94 99 98
392 468 64 69 66
393 543 46 51 47
394 1327 67 71 69
394 983 41 59 54
394 16 20 43 27
1327 1591 46 74 74
1327 172 27 43 29
1327 1180 87 88 87
1298 1579 10 69 53
1367 1001 12 51 18
1367 367 56 65 58
396 444 53 54 53
444 1501 16 56 39
1557 181 37 44 42
398 1163 17 60 57
398 627 72 76 74
398 1738 61 83 76
401 951 45 57 52
401 1652 61 97 72
1652 1220 17 91 61
402 900 77 89 81
404 1337 66 71 67
404 1164 47 53 47
405 839 57 68 64
405 127 63 78 76
839 305 37 79 78
754 1724 44 90 54
710 989 79 93 81
710 1472 29 34 31
407 98 68 74 73
407 1061 53 82 57
1061 1636 88 96 96
1061 1695 66 88 80
1603 806 66 82 74
1603 998 85 90 87
409 1588 88 91 90
409 72 21 62 36
409 161 28 44 41
1588 571 56 61 57
410 998 79 98 98
998 1207 79 85 85
998 1245 42 84 81
412 841 64 93 88
414 470 37 72 62
470 1669 75 88 85
415 874 21 47 32
874 311 90 100 97
874 1217 52 79 78
1012 373 11 25 15
1012 725 94 97 95
1012 958 69 83 76
1012 1016 55 88 63
1012 523 42 94 86
1426 147 42 55 51
1426 1214 53 59 59
1426 961 94 97 97
1426 1240 24 33 27
1426 868 51 79 66
1426 1696 10 90 53
417 1286 48 99 76
417 211 43 60 45
1286 1137 94 99 98
1286 815 69 86 70
1286 1569 31 88 72
418 110 79 82 79
588 617 84 100 89
588 1241 78 94 85
421 558 39 92 61
421 1352 17 26 18
423 812 70 79 73
423 757 77 100 77
423 1023 68 83 75
812 238 10 64 54
812 374 71 99 83
812 1404 51 72 67
1023 542 18 62 28
424 970 30 39 33
970 1569 30 68 54
970 1292 28 79 74
425 1161 72 90 84
425 1469 13 34 33
1161 579 27 36 31
1161 570 44 86 65
1469 920 79 81 79
426 1260 45 47 47
426 406 82 94 92
1260 1159 29 40 30
427 1545 35 74 55
427 1151 84 89 88
427 859 62 74 71
427 326 21 53 42
1232 1515 32 44 39
1232 1601 83 98 93
1232 166 85 98 92
1232 1202 78 95 90
534 89 62 67 65
534 506 32 65 63
935 165 44 83 54
430 1261 61 87 78
430 1233 18 77 57
1261 1410 94 96 96
1261 80 24 37 30
1261 1743 81 85 81
1233 190 21 34 33
1233 178 89 96 90
1233 616 90 100 97
431 131 83 98 83
431 669 14 95 84
432 856 20 36 33
432 585 58 69 63
432 1186 72 84 73
856 1432 46 100 59
856 977 75 90 87
856 1110 86 87 86
856 1455 63 70 65
856 412 26 66 35
856 1386 47 74 57
856 985 72 74 73
585 709 18 91 33
585 538 71 76 71
585 185 22 81 31
1186 1045 29 77 67
1186 631 72 78 78
1186 140 16 47 33
1186 1446 66 85 85
1186 1677 94 100 95
433 247 48 72 48
433 1545 87 96 94
1009 104 90 94 92
435 765 27 84 84
765 158 16 42 30
436 317 69 84 69
436 1351 43 84 64
1351 286 21 86 55
1351 495 28 49 42
1351 1148 92 99 96
1351 1120 15 76 75
1351 1012 24 77 24
437 263 93 98 95
761 278 87 94 89
761 1384 91 92 92
761 1369 12 49 30
761 815 37 75 56
761 410 55 93 93
587 1443 38 39 39
587 170 62 96 86
587 1251 79 81 81
439 1248 41 77 44
1248 1015 44 93 76
1248 242 50 99 86
1248 520 79 93 91
440 1641 72 80 80
440 363 84 98 88
440 1037 44 59 47
441 1286 14 30 24
441 1084 69 77 74
1461 1065 43 81 64
1461 1140 24 75 47
568 743 37 48 43
568 1607 23 54 51
1501 582 48 73 69
450 108 71 72 71
451 80 32 61 52
452 559 83 100 86
559 975 30 93 80
559 775 13 15 15
559 610 72 99 88
559 860 76 90 84
559 316 57 92 70
559 256 74 90 85
453 1288 10 40 23
453 566 28 89 75
453 1417 39 49 43
1288 1476 29 55 34
1288 1654 63 99 83
566 999 15 38 22
566 801 26 60 38
454 539 71 72 72
454 332 17 33 24
539 724 78 87 82
539 116 94 98 95
539 132 58 91 75
455 1468 79 87 82
455 270 54 71 65
455 1478 78 95 93
1468 348 29 59 50
1468 96 34 74 68
456 691 90 98 92
456 869 52 61 61
456 783 28 39 33
456 737 58 64 62
456 657 23 57 55
691 919 64 82 79
691 557 41 85 85
869 711 71 97 97
783 1390 26 56 28
783 80 78 90 86
783 797 60 78 65
737 86 92 98 97
737 1251 86 87 87
457 44 73 92 75
1513 543 62 89 71
459 1158 86 96 94
459 43 65 75 69
460 1549 54 84 68
1549 1727 52 94 94
1240 614 19 82 71
1240 1293 55 84 77
1240 1548 60 73 65
1711 1523 93 98 95
1711 1252 55 83 70
1060 831 70 79 79
1060 1642 65 67 66
464 135 65 85 85
465 1370 69 76 76
466 547 30 74 44
466 340 22 52 40
547 918 73 90 89
1669 1677 11 14 14
1669 842 41 61 43
471 1417 20 76 68
471 1542 91 94 93
1542 1122 28 81 61
1542 1560 18 99 81
1687 1130 36 71 55
1687 366 12 59 37
1687 812 91 92 91
1002 892 22 54 29
1002 238 67 93 87
1002 655 95 96 95
1002 585 90 95 93
535 1715 68 69 69
476 832 53 98 86
476 1513 22 56 36
477 879 39 60 46
879 298 36 37 37
879 1717 91 100 99
478 1479 60 86 65
478 1132 13 91 66
1479 394 92 93 92
1479 1419 86 97 95
1479 1215 10 43 41
1132 1273 93 94 93
1132 169 36 57 40
1132 1254 20 65 37
1216 880 83 96 96
1216 974 65 90 78
1216 1249 63 97 63
1216 1230 72 82 78
1098 1447 30 99 35
482 630 23 34 32
483 829 33 55 43
483 22 15 66 56
829 1601 25 80 44
484 169 38 80 63
485 1160 32 77 66
485 1340 69 81 70
485 767 82 89 85
485 1261 94 97 96
486 610 80 90 83
486 1713 89 94 90
488 1353 56 79 74
488 372 68 95 81
488 1224 40 77 62
1353 1741 58 60 60
1353 1021 93 95 93
1353 876 88 95 94
1353 1341 15 40 34
489 311 30 69 61
491 1681 78 96 85
491 10 47 65 53
491 760 19 37 21
491 864 42 88 49
491 471 76 84 83
1681 722 65 68 66
1681 428 54 84 80
1681 1054 94 95 94
1681 1574 30 98 46
760 1071 51 61 51
760 919 21 86 52
760 1166 95 96 96
864 837 10 84 55
864 1164 17 80 43
492 1006 79 86 79
492 190 47 92 54
1006 713 28 36 36
1006 1098 80 95 85
1006 1356 78 85 82
493 1120 22 50 36
494 1622 77 78 77
494 197 34 68 68
495 420 69 84 82
495 98 67 87 80
495 1488 69 76 74
495 1334 89 98 91
1126 291 86 90 90
1126 164 54 63 61
993 61 50 62 61
498 393 17 99 31
499 57 61 63 62
499 1641 42 75 49
499 876 23 24 24
500 1351 88 98 92
500 354 25 57 45
500 811 23 76 45
501 398 25 89 84
503 712 40 81 51
712 1477 71 87 82
712 1241 84 93 89
712 1418 85 100 98
505 792 39 79 48
505 354 90 91 91
792 1605 11 77 27
792 106 50 77 75
792 14 37 43 37
792 1698 89 97 97
506 1021 15 48 30
1707 675 74 88 86
1707 1146 58 62 61
510 1247 14 15 14
510 902 88 97 91
510 779 31 46 46
510 211 47 48 47
1247 1296 23 79 77
1247 930 66 81 69
779 41 78 82 78
779 194 32 83 71
511 1029 83 97 95
511 1036 32 73 54
511 1525 44 64 45
1029 1524 84 99 95
1029 1249 14 98 53
1036 1570 40 80 69
1036 171 51 71 51
1036 112 85 100 94
1036 935 14 57 25
1036 528 85 86 86
1525 319 11 98 39
1597 235 20 93 74
1597 769 88 89 89
651 121 54 62 59
651 994 65 93 73
514 188 91 95 94
514 142 14 78 22
515 213 93 98 96
515 223 77 78 78
515 310 10 97 25
516 548 16 71 40
516 1440 53 64 64
517 290 48 90 52
517 948 72 86 75
517 408 80 93 80
517 275 82 88 87
948 409 31 32 31
518 959 77 96 86
518 1215 70 84 74
1215 876 78 100 92
1215 1403 87 94 94
1215 1576 71 86 76
519 689 28 81 68
521 238 42 83 65
521 772 34 58 49
521 793 49 85 59
772 630 23 42 29
772 1293 40 53 40
772 474 53 89 69
793 1404 68 87 74
1034 434 79 89 80
617 1063 20 97 35
617 443 95 96 95
634 229 52 71 65
523 1114 53 82 70
1114 1521 54 70 57
1114 1706 27 93 72
524 707 67 77 70
524 895 57 60 58
524 700 33 42 42
524 1282 24 61 28
707 629 78 100 84
895 415 41 70 49
1282 68 37 91 90
1282 1062 92 99 95
527 1546 90 93 92
528 1220 27 55 36
528 618 18 95 40
1220 494 65 83 73
1220 851 74 92 80
618 1397 29 36 36
618 732 18 99 20
529 1329 83 85 84
529 1163 65 78 68
529 579 84 97 93
1329 881 16 54 21
1329 1686 81 100 90
531 1097 10 68 67
531 1367 16 76 55
531 433 72 84 80
531 713 86 89 89
531 1123 14 25 20
1097 204 62 74 73
1097 362 66 88 85
713 1348 88 90 89
713 888 10 46 36
532 2 51 63 51
537 1323 60 94 65
1508 250 59 64 63
1508 645 59 70 59
724 1574 44 91 81
541 241 28 82 41
541 1085 50 62 56
541 1600 81 96 94
541 1639 57 96 96
1600 1524 69 75 74
1639 768 53 73 73
1639 1676 56 77 73
996 857 33 55 34
1310 799 40 61 52
1310 863 21 61 32
1310 728 74 94 81
1421 1482 47 86 66
1421 108 57 69 61
1421 1129 63 82 66
1421 557 10 96 20
544 236 90 99 96
1675 1642 31 38 33
801 941 93 99 98
801 1667 32 70 34
801 139 45 86 61
549 374 36 80 58
550 1061 73 91 73
550 1202 11 48 38
1202 53 78 88 87
1202 1092 61 80 78
1202 1414 41 96 95
551 1055 60 89 64
551 452 69 95 92
1055 594 62 88 74
1055 389 55 96 82
1055 1262 57 77 64
1320 103 15 65 62
553 184 69 76 71
554 129 90 98 93
554 1574 29 38 35
554 500 22 73 28
1574 340 32 35 32
1574 457 24 38 34
1574 395 77 84 79
1574 1259 38 41 39
555 1224 54 60 60
555 1043 50 96 88
555 1110 56 84 63
1043 467 44 74 50
1110 345 68 80 75
1110 619 53 82 76
1110 1742 75 87 82
725 28 48 86 81
725 462 67 95 72
725 1320 70 99 88
946 761 75 97 77
825 149 46 80 65
825 1679 27 33 32
975 1421 63 87 67
860 64 28 100 53
560 1019 94 99 95
560 1645 92 99 94
561 479 77 91 85
562 480 29 40 32
564 511 24 51 38
564 346 88 92 92
564 698 44 88 58
698 522 89 91 90
698 1114 18 84 81
565 446 87 98 89
565 800 19 25 22
800 1418 61 98 67
800 1562 22 75 61
800 1028 34 44 39
1607 764 10 73 10
1607 1183 13 86 49
569 341 94 99 97
569 127 50 71 68
569 1203 77 94 87
569 1442 54 81 81
1203 1638 67 96 77
1203 739 26 31 28
1203 1335 16 24 22
570 925 48 73 73
570 1434 17 65 35
570 1531 43 95 95
570 1469 74 82 80
1434 255 79 82 82
1434 1584 50 66 61
572 794 13 21 14
572 498 42 85 72
572 1120 46 71 70
949 1459 10 35 13
949 1115 19 40 37
949 46 40 44 40
911 1206 80 81 80
575 831 48 77 53
831 853 55 56 55
578 327 28 96 43
578 483 82 84 83
578 288 72 84 73
578 952 15 77 65
580 385 82 92 85
580 522 15 42 33
581 1709 52 87 67
581 766 67 76 75
1709 575 19 39 20
1709 1285 20 90 86
1709 507 46 97 89
1709 717 82 98 97
766 674 34 49 47
766 1714 74 87 86
582 665 51 86 64
582 655 17 90 47
582 518 15 29 22
665 1192 30 99 60
655 618 26 80 26
583 1337 31 67 31
583 1564 39 99 91
583 934 40 88 63
1564 846 61 68 66
1564 710 11 37 37
690 1067 25 45 41
1150 1605 14 85 33
1150 61 52 98 60
709 138 47 93 60
709 1482 40 80 80
1251 761 27 48 30
1241 1706 71 100 80
1241 1199 88 98 91
590 481 86 91 90
590 1396 74 86 85
591 816 81 100 81
816 875 89 99 94
816 1068 77 89 78
592 299 40 97 81
593 802 80 84 82
802 1244 26 28 26
1142 964 18 34 26
1142 570 14 71 21
1491 1166 29 71 54
595 626 63 92 64
626 966 21 76 48
1368 1246 46 61 47
1368 977 62 73 62
1487 735 47 49 49
1487 1379 24 52 25
1487 1411 29 38 37
1487 1671 35 56 42
1487 701 80 83 82
598 164 50 67 66
599 1405 80 99 94
600 857 38 62 38
600 468 72 86 84
600 1093 45 91 55
600 378 72 83 79
600 1664 60 97 97
857 36 14 70 16
857 1436 40 92 63
601 1001 84 87 84
1745 1393 30 41 41
604 1032 91 100 92
604 827 36 62 43
605 355 24 51 26
605 196 77 90 88
605 667 85 93 92
667 641 49 87 63
667 238 37 82 60
606 1434 94 99 94
607 1565 37 46 42
1565 1160 33 35 35
1565 886 11 66 55
1565 1066 77 93 87
1565 44 60 68 62
1565 45 32 81 65
846 185 15 53 23
846 257 79 100 80
846 1517 65 96 79
1573 1234 78 81 81
612 993 14 57 22
612 620 35 79 70
614 1692 16 32 32
614 1323 76 90 79
614 1022 71 82 79
1022 393 32 67 66
1022 1281 37 42 39
1022 1492 41 79 63
615 649 51 89 56
615 530 80 95 89
615 516 32 53 42
649 1450 95 96 96
616 1418 11 87 45
616 721 93 99 95
1418 1175 82 94 93
1418 1495 50 90 79
1418 1244 64 80 68
1418 1640 40 82 78
1418 1428 49 98 62
1063 1593 27 45 39
1063 1079 18 30 23
1063 35 89 97 91
1063 1163 94 96 96
1397 83 54 64 63
1397 559 30 44 34
619 311 46 99 93
619 1463 59 83 80
1463 330 42 89 49
1463 85 11 67 18
1463 248 44 90 87
1463 822 63 76 72
621 459 83 84 84
621 1199 29 81 62
622 1191 11 70 31
622 777 67 83 68
777 1099 31 69 41
624 1630 12 14 13
624 549 37 71 69
624 1183 23 81 64
1630 1551 46 52 52
1630 809 60 82 73
1630 763 55 99 56
1183 480 43 79 77
625 1315 11 51 32
625 47 41 91 71
625 950 94 98 98
629 1447 84 98 89
629 588 82 84 83
629 103 70 83 77
1447 545 35 37 36
631 1480 51 90 54
631 1548 54 100 59
631 765 74 76 76
1480 1277 93 95 95
1480 926 69 75 74
1548 646 37 57 55
1548 195 22 55 33
633 987 41 86 42
987 1116 13 15 14
987 1205 43 47 44
987 1599 27 88 27
635 87 19 24 20
1088 759 81 96 82
638 1320 74 78 77
639 1390 52 77 72
1390 415 15 24 18
1390 600 18 63 38
1390 496 76 96 93
1699 790 60 94 84
1742 403 46 94 94
641 408 52 61 54
641 79 85 95 91
641 619 16 60 30
642 1234 52 87 65
642 868 71 97 74
1234 1075 11 60 56
1234 803 12 94 67
1234 95 94 100 99
1234 529 90 98 98
868 27 30 55 50
868 1102 87 92 90
868 1454 79 91 90
956 1417 86 98 91
644 931 33 46 37
645 1318 50 78 62
645 106 16 95 72
645 859 10 40 22
1610 1616 35 37 37
1610 400 90 94 90
1610 306 44 56 51
1676 802 91 97 92
1684 339 75 93 77
1509 654 66 81 74
1509 400 44 75 64
1509 1629 50 80 68
994 960 39 84 58
994 1323 43 76 57
957 740 33 43 39
653 1341 57 73 69
653 3 59 64 61
1451 838 94 100 100
1451 563 15 28 19
1451 1495 69 82 78
1432 4 42 80 78
1432 1231 30 35 34
659 167 48 52 51
660 212 22 80 44
660 574 36 46 37
660 154 26 33 27
661 47 19 42 27
662 1288 85 91 87
662 528 74 95 84
663 1366 77 89 89
663 1612 93 95 93
663 1479 25 94 26
1366 1086 80 81 80
1612 482 20 38 31
1612 1448 86 93 87
1612 681 49 70 68
830 47 80 85 84
1192 1631 78 99 93
666 742 35 44 39
666 374 53 57 53
666 1183 59 77 63
742 1195 49 68 63
742 716 53 55 55
668 1175 47 56 55
668 898 62 71 65
671 596 17 53 37
671 89 94 97 94
671 233 85 96 87
1481 127 48 96 65
674 1552 82 86 85
675 1228 64 69 66
675 409 70 77 73
1228 938 71 98 72
1228 1740 81 87 84
677 1594 62 98 86
677 646 81 92 83
678 1581 12 18 15
678 23 48 96 56
680 1268 16 31 28
680 372 30 89 66
1268 60 86 92 87
1268 5 39 49 39
682 116 81 88 88
682 1222 62 84 73
1222 1579 33 74 44
1222 1164 87 91 91
683 449 35 72 36
683 509 73 93 79
684 1308 27 53 33
1308 245 68 78 71
1308 1140 78 80 78
687 1600 39 99 53
687 1022 92 93 92
688 164 59 79 64
688 1128 84 85 84
1067 1126 36 59 48
1067 1240 63 98 80
1067 1737 79 85 80
1067 331 66 89 88
1067 88 59 73 72
919 435 95 97 96
919 64 87 91 91
838 615 42 91 57
838 868 25 62 57
693 784 50 51 50
693 45 75 84 77
955 519 85 93 93
955 940 37 75 43
695 1698 87 94 94
695 664 30 90 82
695 1730 23 63 35
695 1301 44 64 49
1698 154 54 71 57
1698 626 62 95 83
1698 1543 85 91 91
1730 910 50 88 69
1730 794 12 21 20
696 1027 92 98 92
702 19 44 87 56
703 1556 31 32 32
703 160 89 95 92
703 1279 77 90 81
1556 163 31 32 31
1556 1644 69 79 74
1556 517 69 93 76
1279 861 68 78 68
705 370 57 66 63
705 1131 68 78 77
1131 1160 10 12 12
708 1714 37 65 40
708 1291 10 84 28
708 337 17 70 24
1482 365 61 79 67
909 1537 95 97 96
909 1681 44 77 50
909 759 49 67 66
1477 399 63 84 82
1477 622 34 71 42
1477 128 47 92 65
1348 1422 75 81 79
1348 555 36 97 87
888 14 61 62 62
888 301 59 97 85
888 251 22 67 36
1383 1583 74 77 77
1520 1645 86 91 86
1520 1073 53 90 53
1520 672 63 68 68
718 753 66 86 75
718 1049 62 65 62
753 402 59 98 84
753 254 10 84 76
753 1125 36 67 47
719 1591 64 68 67
719 718 16 46 32
1591 1102 11 69 12
720 1405 28 81 56
720 431 18 46 44
722 1482 53 95 62
727 1292 63 83 66
1292 1589 64 94 78
1292 1462 64 75 75
729 573 72 73 72
729 1546 43 59 48
730 677 40 76 45
730 1488 58 66 58
730 99 21 41 30
730 1483 37 90 70
730 980 28 83 46
1483 1603 28 42 39
1483 1353 89 93 92
980 226 54 98 90
980 337 93 94 93
731 1575 67 75 70
1575 109 79 84 82
1575 1415 35 58 35
1741 1148 61 68 66
733 1674 47 89 60
733 100 39 97 75
734 193 33 74 68
736 50 56 77 77
736 1706 41 83 42
1706 1695 11 89 83
1706 1584 34 39 39
763 1306 81 85 83
763 1371 41 71 53
739 1219 82 84 84
739 338 59 91 76
739 931 27 76 72
1219 157 31 43 34
1219 1195 72 90 77
741 1365 46 69 51
1365 1735 56 94 84
1195 508 27 49 32
745 979 91 98 92
745 958 62 75 63
958 617 11 37 25
958 815 35 44 42
958 455 80 84 82
746 911 21 91 58
746 1212 55 58 55
1212 515 55 95 75
1212 1068 24 72 56
1212 1444 61 91 62
1212 1599 32 56 32
747 1224 50 68 56
747 27 11 62 46
1188 1331 59 63 60
1188 390 80 95 91
1188 569 53 82 72
1188 1148 25 93 57
1188 378 29 32 30
1188 1570 15 93 40
1188 681 80 95 80
1188 187 86 93 92
749 615 74 98 74
1073 566 42 86 78
1073 1675 23 71 36
1073 144 38 70 63
1073 748 53 55 54
752 468 28 85 31
752 1130 57 92 65
1130 1512 88 97 89
1130 503 17 53 32
1125 796 61 74 73
1125 105 46 97 60
1125 1659 71 90 82
1724 1383 31 37 32
755 1209 29 82 51
755 1090 90 94 91
755 52 12 19 17
1209 628 53 56 54
1090 1485 25 89 78
1090 814 59 86 81
1090 1540 78 80 80
756 688 66 73 71
756 643 59 76 74
756 603 51 85 52
756 859 15 24 17
759 566 79 91 82
759 1138 40 95 94
1138 9 37 94 93
1166 304 45 54 50
1166 977 58 68 68
1369 1309 38 48 41
1369 1672 69 87 76
1369 195 79 92 84
815 809 51 79 69
815 946 83 91 83
762 1638 51 58 53
762 621 72 82 73
1638 1407 12 84 31
1638 825 18 95 61
1638 1179 19 98 33
1306 1720 47 55 50
1306 368 13 73 43
1371 27 14 64 34
1371 892 14 21 15
1371 1171 57 66 62
764 1675 70 93 87
764 1704 25 70 30
764 109 50 95 95
764 743 54 59 55
764 848 37 53 48
1704 880 33 91 84
768 1417 49 51 51
768 103 23 37 37
768 1220 33 70 70
770 753 74 93 85
770 1661 90 97 93
1661 1346 43 58 56
1661 1139 36 91 72
1661 1012 22 69 31
771 1286 47 86 77
1293 618 43 100 51
774 1167 92 93 93
774 244 31 75 63
1167 396 26 41 35
1747 537 32 69 54
1747 102 95 99 95
1747 217 51 89 82
1747 1453 84 92 91
991 1478 93 100 93
991 53 24 80 70
991 475 55 57 57
1099 939 83 91 83
1099 851 44 67 51
778 894 30 58 35
778 1333 53 91 54
894 192 83 95 88
894 153 57 83 70
894 594 59 86 70
780 1023 63 70 68
780 642 53 61 53
780 185 38 83 60
797 1138 64 66 65
785 1441 50 76 64
785 928 24 51 50
785 1019 36 56 47
1441 806 85 100 98
1441 228 71 81 74
1437 1745 38 60 41
1437 1093 74 99 96
787 549 88 91 91
787 718 50 73 63
787 158 75 84 76
1490 215 65 77 69
1490 639 57 98 68
1490 1098 32 76 45
1410 54 75 79 79
1410 77 85 100 94
791 344 42 61 48
791 1556 84 87 86
1605 586 53 93 72
1605 780 36 50 45
1605 312 10 48 12
1404 1661 81 85 81
1404 1309 67 70 67
1404 1023 76 82 82
1047 1743 83 94 91
1047 1181 36 98 89
1047 207 41 64 49
1047 666 30 63 63
796 1072 85 94 91
796 11 32 98 73
798 705 84 92 85
799 876 70 87 79
1028 1250 82 95 87
941 775 40 43 43
941 1317 36 60 57
941 1172 83 89 83
1244 1222 12 71 34
1244 821 92 97 94
803 181 22 25 23
803 455 70 73 72
804 496 93 94 94
804 1223 79 87 81
804 115 23 75 52
805 629 87 93 87
805 470 65 77 77
806 1697 60 96 61
807 1340 19 73 61
807 61 30 69 65
807 1317 84 92 90
1378 322 60 88 61
1378 373 84 86 84
1211 412 92 93 93
1211 51 10 61 36
1211 960 43 62 49
814 1267 81 98 97
814 288 11 62 22
814 1114 84 89 85
1267 1479 35 76 69
875 637 84 85 85
875 1525 66 75 70
817 1410 82 93 85
817 709 42 100 78
818 711 70 92 85
818 900 45 90 47
818 1746 68 89 72
1149 448 68 74 74
1149 1249 93 95 94
1149 1744 49 60 51
822 1104 18 19 18
822 211 58 76 60
823 163 24 97 85
823 528 49 78 52
823 1014 73 79 77
823 398 67 88 69
823 1483 62 80 79
1679 208 79 87 87
1679 1573 66 74 71
826 1607 63 64 63
853 1365 35 74 36
834 225 64 77 77
834 84 19 61 22
834 980 47 59 47
835 1376 47 85 53
1376 1025 29 100 59
1376 16 62 97 66
1376 1644 29 82 59
836 716 61 86 61
836 1108 22 40 38
840 977 11 40 17
840 372 58 83 75
842 1691 13 27 22
842 472 52 66 58
842 623 21 92 62
843 1158 24 97 38
843 1117 43 45 44
1117 386 34 47 43
844 230 36 99 43
844 1271 62 65 62
1271 391 82 92 84
845 439 24 96 83
847 66 72 89 81
847 1469 12 96 35
943 175 83 94 84
943 850 48 62 50
1101 1328 37 100 96
850 848 10 13 11
850 1580 59 93 75
850 1134 48 92 77
1580 254 61 67 62
851 331 50 52 52
851 1254 69 99 97
1254 331 39 45 44
1254 1182 29 35 33
1254 453 95 98 95
1254 1369 93 94 94
1254 219 46 96 56
1619 40 25 53 31
855 796 21 87 63
855 1099 86 90 89
985 540 27 53 41
985 286 74 96 79
858 1610 34 92 39
858 1637 40 86 75
1637 1339 19 35 26
1637 849 17 81 57
862 1424 11 13 13
1424 393 11 52 16
1424 1262 56 67 61
1424 1649 70 75 71
1507 1269 24 85 50
1507 571 38 54 50
1507 1665 88 92 89
1507 95 43 66 63
1217 727 22 79 62
1217 1538 29 93 58
865 821 36 50 50
865 1368 57 94 67
865 1706 33 37 36
865 1372 67 94 93
865 682 80 93 92
865 471 41 70 65
867 422 42 94 49
1102 731 81 82 81
1454 130 50 73 69
1454 1531 30 56 38
870 483 20 49 32
870 784 37 71 70
872 1685 85 91 85
872 951 10 72 49
1685 1673 77 86 85
1717 1228 40 75 61
880 1050 28 81 68
1050 1440 67 84 73
1050 1408 81 90 85
1050 1017 46 50 49
882 86 54 62 59
882 1286 79 88 80
884 836 70 81 76
884 546 42 97 81
884 190 75 90 81
1583 751 85 86 86
886 1636 20 43 40
886 500 11 21 17
886 695 85 94 94
886 75 39 80 41
887 1411 94 96 94
889 1329 43 79 55
893 498 87 93 91
893 1632 89 90 89
893 60 21 44 21
893 64 21 96 82
1632 873 16 70 37
897 1652 21 83 81
897 800 34 67 50
897 898 15 43 33
897 187 33 73 55
901 95 17 71 56
903 234 75 98 82
903 1502 50 90 79
903 1270 66 85 82
1502 180 72 76 74
1270 1358 44 97 96
1270 1479 21 72 59
904 1336 58 71 68
904 298 90 92 92
905 1060 58 73 71
905 1160 72 91 79
905 1158 20 28 22
908 830 44 45 44
1206 451 77 100 89
912 861 93 94 94
912 1417 94 97 95
912 334 70 89 71
912 27 56 74 56
912 917 38 64 53
1297 761 81 87 82
1297 1499 66 75 68
1297 938 58 76 74
920 1641 34 46 39
920 1047 23 67 34
920 525 57 96 64
920 1739 37 79 44
1739 1108 13 55 30
1739 1171 89 99 99
923 1546 12 57 30
923 1343 56 80 78
923 1553 87 96 93
923 898 45 80 46
923 1679 45 62 54
923 2 39 66 48
1553 1701 95 100 100
1553 605 45 47 46
1553 1475 79 94 89
1553 719 69 82 76
924 766 77 93 93
927 100 55 86 60
927 1469 60 81 60
927 335 77 81 80
929 511 85 100 96
929 397 56 99 93
932 1489 69 82 69
1489 1538 38 97 63
1489 535 87 91 87
1475 844 12 98 61
936 1673 50 64 64
936 1056 92 96 93
936 805 76 89 84
936 73 51 73 72
936 793 85 93 90
937 1667 77 85 83
937 1355 86 99 95
937 31 90 95 90
937 1296 28 79 57
937 1458 42 94 89
1296 1188 75 83 83
1296 245 59 83 71
1458 531 69 87 74
1458 1142 65 78 69
939 130 80 84 84
939 67 10 53 13
940 1282 34 65 45
944 1657 18 100 48
944 849 28 83 63
947 144 19 51 41
947 1439 55 93 55
947 1078 63 94 67
1078 426 76 98 86
1078 539 89 98 98
953 1051 26 49 49
1051 1314 70 83 72
961 1573 66 96 83
962 1412 45 51 45
962 1561 61 64 61
962 468 79 88 86
963 816 74 77 77
963 618 21 72 23
965 16 88 99 91
967 188 64 68 68
968 235 58 100 100
1569 30 65 66 65
972 242 57 70 69
972 777 29 91 65
974 850 78 93 82
976 1422 44 56 52
976 544 59 79 73
1579 688 47 59 47
1579 869 38 83 73
984 1597 72 77 74
986 1074 23 84 25
1074 843 88 92 92
1116 365 87 96 94
1116 1076 38 71 60
1205 473 88 93 91
1205 1247 90 92 90
1599 815 74 96 86
1474 1527 56 91 71
990 40 86 97 93
990 362 85 86 85
990 507 73 97 74
992 485 28 55 32
992 857 22 25 25
992 1489 55 62 61
992 563 10 59 15
992 1287 52 80 80
1287 1145 84 97 95
1207 504 23 75 62
1207 252 41 96 74
1000 1664 59 77 67
1007 713 86 88 88
1008 29 59 80 65
1008 480 45 49 45
1008 440 27 69 63
1008 140 82 90 84
1010 844 52 58 53
1010 141 58 91 79
1010 610 81 100 87
1010 938 11 57 56
1013 788 13 64 58
1013 209 43 92 79
1013 1029 25 50 34
1017 952 13 86 45
1017 1146 81 100 94
1146 488 59 74 61
1146 823 81 87 82
1156 1617 38 82 67
1156 336 88 97 90
1312 337 15 42 37
1312 468 46 58 58
1312 1329 50 99 81
1025 292 40 55 43
1025 354 58 91 58
1025 198 60 74 68
1025 15 30 32 30
1025 639 53 77 66
1026 1710 70 84 72
1710 1657 86 98 92
1710 1290 12 32 25
1710 945 29 71 44
1250 1160 62 94 80
1250 701 45 82 56
1250 438 40 80 42
1250 569 72 95 77
1524 402 62 64 63
1524 1055 39 40 40
1031 1694 95 97 96
1031 471 23 74 40
1031 330 95 97 95
1031 1204 62 87 83
1204 1705 43 64 59
1204 44 32 55 34
1204 665 33 72 54
1448 730 62 84 64
1448 1511 44 59 57
1045 606 83 84 84
1046 511 94 97 96
1181 1197 29 69 39
1408 1745 73 74 73
1053 390 87 99 87
1053 119 56 93 82
1058 258 24 33 25
1642 638 64 95 75
1642 1218 23 69 60
1642 1503 78 89 88
1642 58 65 66 66
1062 444 54 69 56
1593 894 95 99 98
1593 1532 88 100 97
1593 1717 36 83 77
1593 1102 44 52 48
1593 928 42 59 54
1065 1142 57 86 82
1065 1353 75 82 82
1737 741 49 67 66
1069 817 29 38 34
1070 320 62 93 62
1303 1531 89 97 97
1303 948 39 72 44
1303 25 60 96 91
1303 764 90 92 90
1076 1505 92 93 93
1076 1297 13 70 33
1076 1720 53 73 64
1505 563 32 95 55
1505 1077 49 50 50
1505 1673 46 79 70
1077 76 38 73 47
1081 610 59 98 71
1081 988 88 95 91
1083 323 70 84 82
1083 566 25 97 68
1087 694 75 83 81
1087 965 55 98 64
1087 849 41 85 50
1089 1167 51 71 59
1089 1040 33 90 72
1089 918 68 90 71
1485 167 70 95 84
1485 926 42 85 79
1485 695 54 77 54
1091 603 31 60 48
1091 1574 59 99 77
1719 222 23 64 52
1719 1166 11 65 65
1095 1668 39 91 66
1095 1564 70 95 80
1095 406 20 98 21
1668 986 10 61 15
1096 1521 61 62 61
1096 592 33 48 41
1521 1262 25 31 29
1521 66 84 90 90
1100 1527 76 92 77
1100 393 77 78 77
1100 1680 72 98 84
1680 379 34 57 49
1328 1411 30 36 36
1328 1424 44 52 52
1103 1112 56 77 61
1103 426 47 73 62
1105 118 11 35 22
1105 1318 73 81 79
1106 458 10 29 14
1106 1489 12 59 26
1113 582 12 48 39
1113 1449 28 94 32
1449 852 93 99 99
1449 789 43 69 68
1119 678 54 92 59
1122 293 10 40 25
1122 738 66 85 82
1124 886 94 96 94
1659 389 57 89 58
1659 441 78 100 92
1129 496 44 51 51
1129 1537 75 95 75
1512 1071 36 39 37
1133 485 94 99 94
1133 1443 42 51 44
1395 1019 60 70 69
1395 1188 17 69 48
1137 1401 38 73 42
1401 872 80 97 92
1401 1266 36 44 41
1140 425 95 98 96
1143 872 89 94 89
1143 745 33 75 57
1143 626 92 98 96
1145 82 45 88 59
1145 1503 66 81 68
1145 1131 53 86 58
1147 8 26 57 39
1147 1554 13 22 19
1148 277 15 48 21
1148 1218 80 83 83
1148 623 61 72 70
1148 756 88 93 91
1744 1544 31 59 35
1744 352 54 65 63
1744 1248 48 83 63
1152 1688 72 94 75
1152 1559 15 59 19
1152 1331 66 93 82
1152 1271 61 98 83
1331 1603 12 48 41
1331 1689 58 64 64
1153 218 49 97 87
1157 931 91 93 93
1157 1555 64 67 67
1157 466 83 84 84
1555 776 37 69 58
1555 75 84 93 90
1165 305 73 84 79
1165 1577 84 98 93
1165 1351 18 79 36
1170 71 87 95 94
1170 1668 10 91 82
1547 552 27 60 50
1173 1268 55 100 70
1177 1247 40 46 46
1178 123 24 30 25
1179 525 55 57 56
1182 86 76 81 81
1523 276 41 72 41
1523 116 81 100 83
1677 513 84 87 87
1187 838 33 38 36
1187 318 46 78 71
1189 266 36 37 36
1190 487 75 78 78
1190 526 19 65 19
1190 1557 65 92 78
1193 610 30 88 60
1193 1222 39 84 44
1193 865 89 91 89
1194 274 33 77 47
1194 1269 87 98 90
1269 492 62 100 87
1269 314 51 55 55
1269 1309 42 64 62
1198 1351 45 92 53
1198 274 88 99 94
1200 945 38 55 50
1414 1707 45 55 55
1705 1413 67 68 67
1210 111 95 100 95
1210 887 15 95 45
1444 82 31 58 51
1214 1360 63 100 65
1360 710 54 71 71
1403 623 36 45 43
1403 1260 89 98 96
1226 1353 83 87 86
1229 1297 46 88 60
1229 403 33 41 40
1229 520 30 73 48
1231 1253 66 81 68
1231 1037 16 24 21
1515 563 60 70 67
1237 1308 29 31 30
1238 253 84 99 91
1239 147 58 82 61
1239 167 84 97 85
1239 1466 13 34 16
1239 1371 36 74 56
1239 1187 23 93 87
1466 1438 16 80 80
1243 930 39 43 39
1243 970 42 96 47
1246 676 19 79 58
1246 1498 61 93 80
1252 1080 82 93 83
1255 1678 47 54 50
1678 891 50 81 58
1678 1055 91 97 96
1678 539 91 94 94
1522 1590 31 77 66
1258 1734 53 64 57
1258 1079 80 81 80
1258 1255 74 84 83
1258 1067 83 94 87
1734 355 54 67 66
1259 808 35 51 50
1259 952 88 96 91
1259 1340 86 96 90
1266 281 84 96 87
1266 136 79 99 83
1263 1468 60 64 61
1263 1586 70 83 73
1265 1432 41 83 69
1265 1618 64 70 67
1265 1450 71 100 89
1265 810 20 40 40
1265 61 33 58 38
1265 473 76 83 81
1618 1356 91 100 92
1618 1704 10 98 51
1309 1538 76 87 84
1358 1230 94 96 96
1358 135 75 77 76
1285 558 82 88 86
1302 61 40 46 42
1277 1153 10 24 18
1277 1200 72 89 86
1278 1389 95 96 96
1278 1319 37 89 44
1284 1317 55 89 76
1284 430 49 66 50
1294 349 43 67 67
1294 1072 22 99 88
1294 636 68 87 70
1294 1111 10 78 34
1295 1584 71 76 76
1584 1642 79 93 83
1499 146 41 76 56
1300 7 71 91 85
1300 1522 57 92 69
1304 997 27 59 39
1304 882 46 87 74
1305 1288 20 27 23
1305 996 94 96 95
1305 1079 83 92 90
1305 1589 24 71 40
1311 1488 31 84 33
1311 331 40 97 77
1311 1031 41 69 51
1325 1289 25 52 32
1325 60 54 79 75
1330 32 26 71 36
1332 727 40 75 44
1332 1424 80 99 88
1332 532 18 63 25
1332 162 18 70 20
1332 239 40 43 40
1332 81 62 82 65
1387 1433 20 96 65
1387 1430 82 87 82
1387 835 77 78 78
1387 843 14 80 15
1387 840 10 67 56
1387 38 30 96 75
1338 18 89 100 89
1339 960 75 93 76
1342 1190 82 99 96
1342 1229 62 82 78
1345 1095 57 81 57
1349 1358 49 72 62
1349 201 78 96 89
1350 1492 76 88 83
1350 605 32 47 42
1350 1388 74 78 77
1354 842 93 94 93
1359 205 81 89 82
1359 1283 43 68 62
1359 780 28 45 37
1359 900 39 43 41
1359 35 17 52 26
1361 1213 81 85 81
1363 1381 31 73 42
1363 900 52 95 95
1381 867 72 86 76
1381 728 66 79 72
1381 1442 82 87 83
1375 541 10 68 20
1644 705 80 88 86
1644 589 10 61 52
1377 1378 39 40 40
1377 488 70 90 78
1377 1267 23 68 44
1377 378 91 95 95
1682 1725 55 59 59
1682 1669 84 94 89
1682 1358 44 52 49
1433 1497 47 57 52
1433 1511 84 97 97
1433 998 37 56 52
1393 1242 15 30 15
1406 746 21 30 29
1406 83 72 98 73
1407 923 91 99 99
1407 258 79 88 81
1407 1327 34 52 51
1407 287 90 96 96
1407 1416 61 92 66
1416 1430 59 84 84
1416 983 41 94 42
1416 1256 81 98 95
1409 232 26 92 61
1409 462 85 86 86
1409 78 72 75 75
1409 1465 69 82 70
1415 937 87 99 88
1415 1429 48 93 72
1429 928 44 70 69
1429 700 85 96 91
1495 1130 62 70 62
1495 1307 34 50 47
1640 795 81 86 83
1640 1360 36 94 59
1640 1467 90 97 95
1419 1617 43 89 71
1419 1456 55 89 61
1456 264 16 94 62
1456 1191 41 100 75
1529 858 39 61 53
1529 54 25 45 36
1529 877 81 85 83
1649 1119 82 83 82
1425 138 71 94 81
1425 1307 73 89 89
1696 72 82 84 83
1696 88 63 70 64
1696 125 24 25 24
1696 408 84 90 88
1696 790 17 27 17
1696 284 72 80 80
1427 44 58 66 62
1497 943 76 85 79
1497 724 43 61 57
1511 1302 66 68 67
1511 1131 57 79 68
1511 1169 33 44 43
1511 1258 81 90 86
1511 766 65 80 72
1435 726 86 88 87
1435 1567 26 92 41
1435 819 31 60 43
1435 586 80 84 84
1567 685 82 84 82
1729 1248 85 91 89
1729 703 18 78 71
1729 535 47 57 51
1729 673 12 19 17
1729 125 82 88 87
1729 840 55 96 90
1445 827 74 87 79
1445 1048 70 80 71
1445 830 71 97 84
1445 1573 95 98 98
1535 1728 77 90 89
1535 843 63 67 67
1535 1199 16 65 58
1535 1537 84 96 92
1535 1583 67 83 76
1453 305 94 97 95
1470 300 43 82 55
1470 9 24 27 27
1471 645 13 81 33
1471 1100 10 89 17
1473 72 19 40 26
1473 520 93 96 93
1486 1491 32 52 47
1486 1695 91 92 91
1486 952 37 40 38
1493 661 67 82 71
1493 19 56 76 58
1493 254 16 85 27
1665 336 56 88 57
1510 151 69 95 77
1516 671 65 78 76
1516 1420 21 68 26
1519 1449 53 74 54
1590 218 21 66 41
1526 1531 84 91 90
1526 40 28 64 42
1526 1091 19 93 62
1530 92 35 56 50
1530 1282 88 99 96
1530 1728 14 78 65
1728 43 39 43 40
1534 1323 63 72 67
1534 195 42 98 85
1534 1536 80 96 94
1539 1564 12 84 40
1539 1241 81 96 91
1541 1680 57 86 59
1560 788 88 96 90
1543 1627 36 65 42
1543 1056 76 83 77
1543 1437 73 89 73
1620 816 84 88 85
1568 486 36 64 48
1571 1020 75 92 90
1571 602 18 31 30
1585 865 51 84 59
1585 1373 28 97 40
1731 1340 44 73 56
1731 766 22 60 28
1731 1207 71 90 75
1592 1446 42 54 53
1592 1435 55 79 70
1592 561 94 95 95
1592 1387 64 83 77
1592 1084 73 93 92
1595 79 24 92 72
1595 1096 34 51 42
1596 1658 38 52 50
1658 1631 41 71 52
1658 87 13 92 53
1598 860 47 86 61
1598 1164 13 15 15
1598 1376 56 70 67
1598 1624 83 93 83
1608 628 93 98 93
1608 1514 49 77 59
1708 255 70 91 86
1708 378 57 68 67
1613 150 71 95 74
1615 841 14 58 49
1615 1205 34 87 42
1623 554 54 56 56
1623 1340 47 92 71
1625 671 25 76 32
1633 1497 88 99 89
1633 55 38 60 52
1648 1190 43 93 89
1648 396 64 68 67
1648 1192 34 90 48
1648 540 63 81 68
1655 685 17 82 51
1655 1404 60 75 68
1655 1714 37 95 86
1656 868 27 70 33
1656 1692 25 56 47
1660 914 67 83 73
1660 4 63 98 89
1662 1125 54 86 61
1662 206 84 85 84
1662 1310 12 14 12
1662 829 50 64 61
1670 1186 52 68 57
1725 992 20 42 36
1725 366 18 87 21
1725 1365 84 97 87
1725 249 63 96 67
1683 1434 49 74 63
1700 683 32 95 46
1702 820 60 75 68
1702 269 72 93 88
1703 540 79 99 82
1703 1712 90 99 96
1703 1614 21 64 36
1712 434 35 85 81
1718 1477 34 100 64
1732 541 51 79 78
1732 16 18 93 54
0 1747
