516 1535
0 209 94 97 94
0 426 31 73 66
0 186 90 96 95
0 65 48 63 60
209 4 51 87 75
209 362 76 88 88
426 333 55 99 57
186 493 72 93 91
186 237 43 48 43
186 59 95 100 97
186 406 95 97 96
186 123 19 65 53
65 239 40 45 41
65 371 34 83 82
1 438 63 83 78
1 227 91 96 96
227 68 87 95 89
227 499 45 54 45
227 514 94 95 95
2 455 35 57 35
2 189 27 67 58
455 252 14 34 22
189 389 20 72 36
189 215 89 97 97
189 384 39 97 87
3 295 69 86 77
3 103 22 40 36
3 196 21 35 30
295 424 75 88 84
295 281 93 100 93
295 142 46 55 50
103 430 36 87 36
103 368 28 37 35
103 54 33 84 36
196 391 85 98 89
196 401 20 93 59
196 200 50 56 56
196 250 77 97 83
196 97 54 69 58
4 181 58 83 68
4 248 34 58 38
4 256 65 71 70
4 276 12 53 45
181 352 58 68 64
181 435 46 59 55
181 235 66 67 67
181 197 11 86 25
181 245 77 78 78
248 332 25 63 42
248 304 17 53 49
248 500 35 51 36
248 494 50 94 66
248 414 78 99 89
248 274 21 69 37
256 44 82 100 89
256 383 36 86 39
256 127 28 30 29
276 384 83 88 87
276 414 14 85 50
276 402 14 23 15
5 163 76 78 76
5 227 95 100 98
5 402 93 94 94
163 344 17 91 74
163 405 82 99 91
163 388 30 81 44
402 439 17 26 20
402 363 17 89 36
402 253 19 20 20
6 181 92 95 94
6 85 57 59 58
85 419 41 95 61
7 371 49 66 58
7 276 13 69 37
7 226 16 92 89
371 213 66 88 66
371 323 29 51 40
226 272 56 86 56
226 364 84 99 85
226 69 76 91 85
226 334 27 48 33
226 422 57 70 69
8 35 95 100 96
8 468 22 59 48
35 249 65 99 81
35 263 34 62 58
468 124 45 53 48
468 312 82 89 83
9 179 94 96 95
9 177 60 65 60
9 102 91 94 92
9 93 25 61 25
9 112 83 94 88
9 249 26 84 62
179 169 92 95 95
179 513 41 88 57
179 262 92 97 92
179 47 18 82 66
177 462 10 48 46
177 125 79 86 86
177 2 83 85 84
102 117 51 97 56
93 393 59 70 63
93 18 30 55 45
112 110 82 99 83
112 18 68 78 70
112 285 50 70 64
112 415 52 91 88
112 181 76 78 76
249 205 47 51 49
249 328 95 100 100
10 207 14 89 49
10 4 81 98 92
10 212 41 86 49
10 144 71 88 76
10 282 63 79 77
10 276 43 50 48
207 412 76 97 82
207 320 66 79 76
207 493 62 64 64
212 123 21 65 40
212 198 82 96 86
144 303 71 80 71
144 75 48 54 52
282 237 35 96 75
282 144 47 89 68
12 428 75 77 76
12 343 18 79 23
12 475 76 94 76
428 440 53 98 85
428 432 34 53 41
428 141 93 100 94
343 137 41 48 42
343 70 34 47 43
475 321 18 72 70
475 502 72 96 84
475 349 44 75 66
13 22 94 96 94
13 130 86 95 91
22 168 20 41 20
22 120 18 83 80
22 315 40 83 52
22 413 49 66 61
22 312 91 98 94
130 437 11 18 15
130 287 11 37 15
130 367 51 90 76
14 312 56 93 58
312 484 44 56 48
312 432 89 97 96
312 31 69 77 74
312 386 31 62 38
15 2 70 88 76
15 24 69 72 71
15 444 72 89 88
24 119 75 97 83
24 355 33 72 43
24 180 51 76 66
24 114 40 97 42
24 201 75 76 75
24 351 91 92 92
444 201 20 58 42
444 438 63 70 63
444 192 60 88 78
16 274 65 89 74
16 324 58 97 82
16 66 69 86 72
274 335 65 71 65
274 5 73 78 78
274 312 51 95 62
324 55 86 88 87
324 169 77 96 86
324 340 88 99 89
66 160 15 49 36
66 200 49 54 54
66 44 63 64 64
17 223 39 100 50
17 7 68 85 74
223 503 27 61 43
223 301 51 88 83
18 20 26 41 30
18 383 14 36 35
18 49 35 51 47
18 364 38 76 48
18 187 63 71 67
18 37 25 82 68
18 44 46 63 51
18 167 90 95 90
18 75 43 62 43
20 464 10 98 38
383 505 67 79 78
49 31 36 87 74
364 503 63 93 78
364 86 83 99 95
187 515 40 90 45
187 276 71 76 75
187 510 36 45 43
187 204 48 59 49
187 342 72 89 87
37 52 60 83 75
37 276 54 63 55
37 481 43 78 75
44 267 80 85 81
44 125 13 100 59
44 8 67 99 84
167 179 43 52 51
167 177 39 69 42
75 508 28 94 62
75 373 91 93 91
75 504 74 75 74
75 407 50 60 55
75 374 34 67 62
19 339 17 49 22
19 250 33 95 66
19 18 45 81 57
19 252 81 99 83
19 302 28 85 65
19 8 58 91 82
339 348 92 99 96
339 191 95 98 96
339 85 24 36 30
339 187 35 82 76
250 233 64 85 66
250 466 19 37 34
250 133 78 87 83
250 419 13 96 71
252 412 92 95 93
302 279 35 44 36
302 338 78 87 82
464 11 84 85 85
464 116 84 96 87
464 49 72 96 74
464 367 81 88 86
21 430 39 92 89
21 146 24 71 33
21 160 40 87 77
21 1 38 66 42
21 447 42 59 55
21 381 48 59 58
21 466 34 70 70
21 105 63 82 71
430 314 70 98 76
430 2 30 43 37
430 459 41 91 45
146 27 39 53 49
160 4 35 47 38
160 34 51 97 79
160 506 37 65 45
160 496 42 83 45
160 80 46 85 72
381 439 49 94 51
466 85 19 89 47
466 264 51 72 68
466 39 41 74 64
105 215 48 83 50
168 15 61 92 67
168 70 60 95 70
120 390 50 75 52
315 322 68 94 84
315 59 78 100 91
23 275 81 82 81
23 451 83 99 97
23 263 66 80 75
23 6 53 95 53
23 28 22 77 35
275 222 48 60 58
451 431 61 76 69
451 69 63 82 65
451 64 70 83 73
263 290 60 94 73
263 394 24 47 37
263 349 39 68 60
28 488 17 91 62
28 23 77 86 81
28 433 86 94 86
28 468 49 56 50
119 260 36 92 86
119 513 38 67 44
355 426 46 86 75
355 356 37 73 41
355 262 90 94 92
180 25 84 88 85
114 154 69 75 73
114 440 32 62 52
201 218 32 37 34
201 175 29 64 39
351 61 11 51 49
351 303 52 89 81
351 32 88 98 88
351 280 43 75 52
25 5 48 91 50
25 370 87 90 90
25 489 63 81 73
25 124 85 91 91
370 169 63 69 65
370 471 62 70 66
489 435 10 73 24
489 43 90 95 91
26 34 46 80 50
26 140 49 92 53
26 208 74 87 77
26 363 30 66 55
34 335 42 64 62
34 383 16 82 22
34 127 22 48 42
140 109 68 88 79
140 1 80 87 81
208 23 49 58 55
208 188 48 67 57
208 261 82 87 82
208 193 87 98 94
363 224 17 80 28
363 398 61 88 66
363 369 92 97 93
363 152 48 57 54
363 211 34 93 63
27 461 51 94 55
27 277 50 88 64
277 10 80 94 89
277 333 32 73 65
277 24 34 88 63
277 92 10 59 10
488 206 46 87 55
488 439 55 71 62
488 323 41 55 52
488 298 50 88 56
488 369 12 61 38
433 260 45 95 83
433 111 77 97 80
433 383 79 81 81
433 418 94 97 96
433 421 28 83 55
433 41 32 46 38
29 196 55 83 56
29 92 60 82 63
92 47 80 97 82
92 344 44 68 54
92 21 26 81 70
92 183 37 62 37
30 87 34 83 50
30 245 46 53 48
87 158 59 91 91
87 131 41 76 47
87 223 74 97 89
245 107 73 88 88
245 4 36 53 38
31 287 22 39 33
31 410 34 97 88
31 1 51 88 56
31 340 92 93 92
287 49 70 86 86
287 452 54 72 61
410 276 79 97 84
410 362 82 85 82
340 70 75 77 77
340 231 82 91 89
340 144 21 31 30
340 426 12 81 55
32 396 82 92 85
396 183 26 82 54
396 304 20 39 29
396 393 81 99 82
396 215 71 83 73
33 434 59 74 70
33 290 84 87 85
33 215 83 90 88
33 266 89 94 93
33 6 35 37 35
33 198 12 48 46
33 179 94 95 94
434 96 63 65 63
434 251 54 59 57
290 8 70 87 81
290 355 48 90 72
290 412 49 59 58
290 174 36 49 47
290 451 32 69 32
215 212 11 86 34
215 118 82 88 85
215 51 68 90 71
215 175 89 98 93
215 331 31 85 37
215 402 67 68 67
266 333 72 100 92
266 237 50 95 57
198 338 66 79 70
198 32 77 82 80
198 34 22 45 22
335 134 16 69 55
335 437 93 94 93
335 385 40 90 79
335 12 37 66 46
127 84 57 85 71
36 305 40 43 40
36 25 68 69 68
36 115 43 87 69
36 212 46 82 82
305 395 88 92 92
115 174 65 94 84
115 482 93 94 94
52 114 45 52 51
52 6 36 81 62
52 274 21 44 23
481 422 95 98 95
481 38 50 74 66
481 436 83 91 86
38 52 92 96 94
38 305 84 91 85
38 143 56 93 79
38 271 49 93 82
143 14 32 77 63
271 93 61 64 62
271 95 25 91 80
271 395 21 95 45
271 360 67 84 70
39 142 64 96 70
142 178 23 84 52
40 162 29 76 40
40 216 50 95 93
40 410 23 77 53
162 436 95 98 98
162 315 15 60 32
162 495 35 91 67
216 137 82 89 86
216 17 27 49 49
216 230 65 69 67
41 84 42 79 49
41 65 62 95 62
41 498 86 87 86
41 118 38 51 46
41 254 20 30 30
84 214 62 73 63
84 493 61 91 73
84 38 14 16 14
84 273 11 60 53
498 190 73 85 76
498 188 92 100 93
118 115 57 70 58
118 302 60 65 61
118 474 12 76 44
254 359 13 72 52
254 74 12 33 27
42 281 95 99 96
281 495 40 81 76
43 203 71 74 71
43 249 38 87 52
43 204 74 100 79
203 193 70 99 75
203 61 34 90 42
203 15 75 86 83
203 440 83 95 87
204 79 89 96 95
204 305 69 94 69
204 151 83 90 87
204 20 48 76 64
267 254 93 95 93
125 155 28 67 29
125 272 82 91 88
125 158 72 81 80
125 213 73 88 83
45 55 35 80 49
45 427 13 95 88
45 156 76 96 82
45 7 28 59 51
45 261 16 74 25
55 123 31 37 34
55 408 46 100 47
55 17 65 88 85
55 305 86 89 86
427 162 84 96 85
427 91 17 38 36
427 11 41 81 73
427 256 79 86 86
156 177 38 62 57
156 171 42 75 53
261 497 51 84 84
261 92 19 35 30
261 474 61 76 66
46 8 35 51 43
46 446 75 98 86
446 279 11 59 57
446 143 22 74 69
446 95 28 43 37
47 506 46 51 48
47 436 39 70 68
47 376 61 79 77
506 452 20 56 20
506 298 17 31 17
506 406 76 100 88
506 372 26 95 89
506 3 46 59 50
436 190 94 98 97
376 477 36 97 44
376 30 77 81 77
376 107 49 86 72
48 280 68 100 73
48 365 42 84 80
48 385 17 27 24
280 47 55 65 65
365 104 76 86 83
365 396 79 81 81
365 15 68 78 74
365 13 89 91 90
385 376 86 100 93
385 150 89 96 89
385 53 78 79 79
50 346 35 52 43
50 264 75 91 85
50 59 54 61 60
50 104 59 70 61
346 487 21 50 31
346 461 42 77 62
264 145 95 97 96
264 341 69 99 75
59 57 36 51 45
59 382 67 85 84
104 315 37 50 41
104 262 84 93 88
104 237 51 86 54
51 351 19 21 21
51 387 53 71 54
51 72 66 76 72
51 369 15 72 25
51 249 79 95 79
51 127 20 41 26
387 482 47 57 57
387 419 84 90 87
387 374 26 85 29
387 208 75 95 76
387 104 12 60 58
387 171 88 89 88
72 65 33 56 39
369 175 84 87 85
369 407 17 72 52
369 492 76 94 79
53 114 18 75 58
53 209 95 98 95
53 55 64 91 88
53 58 42 73 55
53 70 50 81 73
58 467 82 100 92
58 35 81 82 82
58 261 28 65 32
58 162 22 56 38
58 71 37 91 47
70 400 65 72 66
70 156 57 90 79
70 434 11 64 42
70 264 56 94 60
54 112 55 70 62
54 267 22 48 38
54 133 35 55 52
54 170 36 64 46
133 164 28 91 39
133 491 72 75 74
133 168 63 97 97
133 13 59 68 61
170 292 16 53 42
123 404 46 66 61
123 454 76 89 79
123 117 65 66 65
123 78 73 97 97
408 374 56 94 72
408 295 80 87 83
56 53 13 62 62
56 341 81 97 90
341 456 65 91 69
341 123 73 95 88
341 374 12 96 17
341 58 47 54 49
341 226 92 97 92
341 192 65 70 70
57 224 28 89 38
57 138 63 80 80
57 480 26 88 70
57 97 73 83 82
57 265 78 86 85
224 331 51 86 57
224 448 47 57 52
224 256 92 93 92
224 202 22 26 26
224 326 41 84 43
138 331 95 96 95
480 445 76 82 78
480 450 77 84 84
480 62 37 81 67
480 203 86 92 92
97 505 79 93 90
265 108 38 75 64
265 398 30 43 40
265 221 72 90 79
265 375 47 83 58
467 164 23 57 37
467 125 20 68 40
467 94 13 25 14
382 285 66 77 74
60 357 95 96 96
60 89 37 94 91
60 140 87 98 90
60 502 49 78 65
60 457 58 85 77
60 212 52 73 68
60 426 86 96 96
357 327 88 96 92
357 64 56 66 57
89 476 15 34 23
89 509 71 76 71
89 377 49 73 52
502 188 55 85 84
502 373 36 87 60
502 193 47 94 59
457 153 71 98 84
61 471 77 87 83
61 139 39 46 43
471 25 92 96 95
139 189 12 65 14
139 242 62 66 66
139 120 87 90 90
139 221 49 64 51
62 181 65 94 84
62 54 75 94 81
62 255 69 80 80
255 191 29 64 48
255 97 41 73 47
63 374 24 99 85
63 382 45 73 49
63 468 26 50 38
374 476 67 97 70
374 237 64 71 66
374 320 94 98 98
374 474 92 98 92
374 364 31 98 73
374 82 81 82 82
64 441 77 86 80
64 125 85 89 87
64 207 55 73 64
64 338 78 90 88
441 297 51 96 68
441 448 16 20 17
441 479 90 95 95
441 373 22 37 37
338 361 80 98 87
338 359 65 67 66
338 373 71 100 72
239 408 35 46 43
239 302 42 82 57
239 194 12 60 20
200 255 22 42 42
200 126 83 97 92
200 382 23 26 25
67 33 37 54 38
67 503 43 78 77
67 345 53 75 63
503 413 12 41 19
503 492 77 99 85
345 337 71 94 74
345 123 71 78 71
345 214 38 100 95
345 422 21 79 38
345 498 37 59 50
68 157 90 99 92
157 513 88 92 89
157 364 70 74 70
157 400 31 35 31
69 35 85 93 85
73 56 55 98 70
73 433 76 91 90
73 280 45 96 67
74 249 48 92 49
74 201 68 85 74
74 453 84 97 94
453 28 24 61 50
453 477 74 100 81
508 131 68 97 94
508 485 30 84 39
508 90 32 60 54
373 447 59 99 84
504 421 24 97 65
407 466 38 48 45
407 1 86 92 91
407 320 82 98 87
407 462 22 87 50
76 156 74 90 78
77 374 18 45 21
77 407 49 59 52
77 68 23 94 53
77 179 39 86 68
78 24 22 69 50
78 161 27 86 52
78 323 37 51 44
161 200 33 53 48
161 66 18 87 69
323 213 65 93 68
323 15 24 42 27
323 43 23 35 35
79 331 45 65 47
79 386 75 87 84
79 362 91 99 92
79 435 17 58 58
331 170 77 83 79
331 219 82 85 84
331 57 58 66 58
331 378 31 78 55
386 232 82 86 82
386 465 50 80 54
386 167 93 95 93
386 291 90 98 98
362 153 20 39 25
362 372 43 71 57
362 81 39 76 44
362 231 25 52 30
435 515 51 73 52
80 93 18 47 34
80 368 19 85 25
80 271 20 82 49
80 128 90 91 91
80 162 22 64 58
368 186 59 75 71
368 61 45 89 87
368 67 71 94 77
128 448 95 99 96
128 470 58 72 64
81 352 86 98 98
81 196 94 97 94
352 489 55 84 55
352 168 57 94 58
352 339 68 81 68
82 504 32 61 41
82 331 50 66 51
82 397 21 28 28
397 240 88 94 92
83 58 88 90 88
83 337 66 77 66
337 507 81 85 82
337 92 72 93 81
337 418 52 95 81
337 182 21 52 30
214 475 83 95 83
214 379 28 55 47
214 278 39 42 39
214 403 30 60 37
214 205 44 92 63
493 344 28 62 60
493 279 94 100 94
493 329 77 92 92
273 227 68 98 84
419 360 60 94 93
419 353 59 62 62
419 294 36 61 56
86 130 51 70 70
86 110 62 63 62
86 506 69 79 78
86 100 18 31 27
110 58 57 86 83
110 39 26 53 44
110 397 79 91 85
110 413 43 89 48
100 167 33 81 46
100 154 91 96 93
100 294 41 67 55
100 261 78 95 90
158 467 95 98 96
158 347 13 68 63
158 241 91 97 94
131 463 11 86 31
131 102 32 54 40
131 466 22 62 44
131 448 32 90 39
131 331 68 80 77
131 126 21 42 31
88 258 72 74 73
258 153 94 100 96
258 435 31 51 48
476 58 41 74 72
476 181 12 18 16
476 393 19 56 26
509 7 89 96 93
509 58 51 59 59
509 88 93 94 93
509 500 35 68 51
377 31 71 72 71
377 184 58 83 72
377 448 25 37 29
91 320 58 61 59
91 171 66 70 66
91 362 71 100 71
91 187 15 63 27
320 381 51 75 69
320 270 36 59 37
320 8 38 64 51
171 21 24 44 39
171 498 91 98 91
171 396 93 96 93
171 81 65 72 67
344 244 92 99 92
183 174 43 76 63
183 404 44 53 44
393 153 71 79 79
393 191 77 79 78
393 134 82 87 84
393 133 14 51 41
393 385 23 26 26
393 478 29 46 43
393 321 73 98 76
94 91 67 96 68
94 418 11 17 16
418 229 42 93 50
418 426 95 98 95
95 143 79 98 84
95 285 19 41 20
285 330 54 99 96
285 41 31 43 35
285 280 94 97 95
285 249 79 95 93
96 514 35 85 43
96 9 66 96 75
96 202 28 31 30
96 345 36 86 46
514 349 62 66 66
202 343 11 37 32
202 132 93 95 93
202 421 11 26 18
202 312 49 60 57
202 194 19 50 29
505 432 27 65 42
99 141 74 75 75
99 394 70 82 78
99 498 15 38 15
141 369 54 97 60
141 400 42 57 49
141 483 95 97 97
394 267 32 95 89
394 21 71 77 73
154 346 56 92 92
294 149 31 49 45
294 512 94 98 95
294 419 39 94 44
294 461 90 96 91
294 115 33 93 78
294 196 58 61 61
294 251 59 87 59
101 380 68 75 73
101 493 51 56 52
101 466 93 95 93
380 415 80 82 81
262 221 10 21 13
262 129 42 43 42
106 450 50 54 52
106 227 29 58 48
106 15 42 80 57
450 192 71 100 99
450 77 74 85 75
107 171 88 99 98
107 63 24 94 83
108 409 40 93 88
108 45 86 95 86
108 224 33 61 57
409 33 66 78 70
409 412 30 59 33
409 206 90 95 91
109 155 32 59 59
109 222 60 95 91
109 66 12 94 37
155 252 93 99 93
155 513 61 98 87
222 132 56 71 63
222 514 63 81 66
222 98 69 80 73
222 512 33 93 72
111 261 36 70 66
111 308 18 21 20
111 386 62 65 63
111 341 45 82 46
111 305 38 51 46
111 443 74 80 74
111 114 88 97 90
308 323 36 80 50
308 7 72 86 72
443 451 87 96 88
443 205 78 99 80
415 305 26 82 43
415 74 16 73 18
113 376 42 52 51
113 242 73 95 85
113 89 66 73 69
242 129 75 91 90
242 54 66 82 81
242 274 52 71 71
242 177 16 82 70
242 128 94 99 97
440 429 17 57 39
440 335 73 79 74
440 329 95 97 97
440 215 86 91 90
440 170 56 57 56
174 483 54 74 74
174 405 21 38 31
174 3 29 73 36
174 73 11 69 38
482 308 64 97 84
482 304 71 72 71
482 467 16 56 35
116 22 35 48 35
116 1 15 53 20
116 378 38 91 77
378 457 79 80 79
378 515 29 57 34
378 486 34 53 48
378 261 22 89 83
378 493 30 65 55
378 58 69 85 76
260 216 45 70 49
260 441 69 81 69
390 120 61 92 69
390 195 29 45 37
390 101 86 89 87
390 208 37 50 37
121 145 18 55 31
121 217 67 96 78
121 152 53 72 61
145 284 77 78 77
145 99 19 45 41
217 157 22 29 24
217 421 59 73 59
217 321 42 76 55
217 225 76 93 87
217 65 83 86 85
152 436 37 61 49
152 288 82 83 83
152 92 68 93 82
122 486 33 57 48
486 452 19 79 26
486 55 51 63 58
486 411 77 88 77
486 199 53 89 72
486 459 31 49 36
486 401 69 98 72
404 364 25 51 43
404 501 78 93 86
404 399 75 87 76
404 264 29 87 32
454 315 77 83 78
454 243 93 97 96
272 299 47 75 51
272 119 26 74 55
272 180 26 60 56
213 512 58 59 59
213 128 18 38 18
126 409 32 43 32
126 486 68 80 74
448 233 34 68 44
448 112 39 78 43
470 455 91 93 91
470 160 79 97 90
470 499 67 92 88
129 136 47 69 65
129 55 54 76 57
129 165 77 83 83
129 415 31 33 32
136 148 57 61 60
165 38 94 98 95
165 47 38 48 44
165 509 27 83 45
165 320 91 92 91
367 267 75 81 76
367 510 16 78 30
367 6 53 84 59
367 206 95 100 97
463 302 54 79 71
463 503 68 99 84
463 368 69 98 83
132 364 52 63 59
132 347 16 28 24
132 231 21 74 37
132 328 93 98 93
132 125 56 86 76
132 58 22 24 24
132 124 75 90 76
347 482 45 63 63
347 477 55 80 73
347 492 31 33 31
347 155 29 89 44
231 503 45 60 56
231 8 42 94 87
231 25 22 53 44
231 294 57 92 89
328 13 65 82 67
328 163 44 71 64
328 43 34 55 55
328 440 62 74 65
328 18 18 92 46
328 326 75 89 76
328 468 60 74 69
164 201 92 94 94
164 367 57 100 62
491 3 51 90 72
491 332 88 99 89
491 225 47 48 48
491 214 58 93 70
491 304 10 91 48
491 247 83 91 88
134 129 83 86 84
134 146 64 81 71
134 89 20 52 49
134 397 77 90 77
134 46 57 81 65
135 380 72 87 81
135 145 81 93 85
135 118 57 96 77
135 222 87 93 93
148 491 73 80 73
148 79 22 32 30
148 373 61 81 76
148 17 86 93 93
137 13 90 99 98
137 267 34 59 52
137 82 18 96 22
137 387 77 84 84
137 510 27 97 65
510 395 92 95 94
510 86 56 77 77
221 191 34 76 45
221 132 66 67 66
221 390 66 68 66
483 424 33 74 70
483 105 28 48 45
483 454 58 85 80
178 304 30 75 53
303 496 93 98 97
303 143 81 82 82
303 88 86 93 93
303 487 25 59 38
284 462 18 42 23
284 400 18 72 50
284 52 62 76 62
147 503 26 55 42
147 445 71 92 89
147 21 72 93 82
445 257 92 100 92
149 469 62 83 72
149 233 87 100 95
149 58 14 64 37
149 187 57 64 60
149 393 68 70 69
469 467 67 93 75
233 69 16 87 72
233 324 16 80 47
233 151 49 92 63
150 321 54 86 58
321 140 68 70 70
288 461 78 96 89
153 483 57 82 66
153 515 42 77 48
153 350 57 79 73
515 132 68 78 78
350 259 40 67 63
241 320 73 77 73
241 427 85 90 87
241 293 62 84 72
159 379 36 45 45
159 510 49 52 50
159 34 82 84 84
379 515 73 100 93
379 279 81 82 81
379 464 73 94 89
379 427 58 94 70
496 227 56 86 72
496 12 93 94 93
496 268 72 92 88
495 136 94 98 98
495 374 69 74 73
405 115 15 93 47
405 87 10 100 71
405 131 55 86 78
388 246 69 74 69
388 462 80 85 82
166 65 88 90 90
166 509 11 58 36
166 23 76 100 98
169 329 30 75 53
329 135 94 97 97
329 147 38 86 63
329 254 78 89 86
292 394 31 94 90
292 24 14 58 26
292 274 18 54 20
292 167 83 89 83
292 464 46 80 67
172 158 47 55 55
172 470 23 81 71
173 142 80 96 95
173 481 58 79 76
173 508 36 92 85
173 395 85 97 92
395 324 68 78 69
395 190 24 91 68
395 416 18 58 52
175 56 91 100 100
175 221 27 50 44
175 408 53 86 84
175 211 15 32 21
175 366 22 61 30
211 245 19 67 32
211 428 75 91 86
366 52 24 26 24
366 431 95 98 96
366 503 23 76 33
462 92 55 59 56
462 117 47 55 55
304 465 65 71 69
304 297 47 81 69
304 181 59 73 64
304 220 57 98 58
235 189 31 49 44
235 339 33 63 46
235 32 32 52 37
197 392 36 88 45
197 110 50 72 57
182 268 56 90 87
182 117 29 48 30
182 339 77 97 81
268 441 11 49 15
268 365 16 94 65
268 319 59 80 61
268 230 79 94 91
268 344 45 56 51
184 294 56 94 57
184 87 11 86 51
185 344 68 99 74
185 1 81 83 81
185 329 51 94 51
406 160 47 75 55
406 274 11 79 26
406 403 91 96 96
342 271 29 96 60
188 105 59 83 70
188 316 27 67 54
188 157 43 52 51
188 491 56 63 57
188 234 91 92 91
188 297 88 93 89
316 149 65 88 76
316 144 86 89 89
316 394 12 52 16
316 87 35 68 55
234 285 90 92 92
234 136 17 23 18
234 488 33 46 34
234 407 51 84 55
234 172 28 35 34
297 302 52 82 81
297 130 69 100 81
297 30 47 54 47
389 407 79 83 83
389 230 83 87 84
389 478 71 89 76
389 458 11 57 46
389 469 79 97 89
384 368 63 78 67
384 175 22 84 83
384 429 84 86 85
384 242 73 74 74
190 342 47 73 70
191 493 49 91 89
191 380 46 55 46
191 413 30 85 69
191 120 13 99 62
191 342 81 93 90
192 321 88 100 96
192 138 11 95 34
192 485 57 59 59
485 29 17 77 52
485 281 43 44 44
485 426 95 99 97
485 91 63 70 66
193 117 88 98 96
193 21 15 62 25
194 17 35 57 42
194 504 55 81 68
194 452 64 87 81
194 111 85 99 94
452 456 25 55 44
452 87 22 100 70
452 127 40 98 51
452 202 42 44 42
452 53 27 31 27
195 134 40 70 49
195 193 49 79 70
195 155 90 98 92
391 214 92 99 93
391 515 40 65 56
391 21 10 33 23
391 208 61 87 87
391 56 15 71 54
391 129 14 34 28
401 501 69 77 75
401 10 86 93 89
401 51 74 90 76
401 20 79 86 86
392 213 28 71 31
392 8 59 84 77
392 267 62 76 76
392 239 42 80 69
199 438 25 100 28
199 474 43 79 66
199 92 71 94 74
199 453 13 100 87
199 122 35 62 44
199 487 24 31 25
199 359 49 96 66
487 21 76 83 81
359 363 23 93 34
218 54 19 54 28
218 496 15 24 21
218 345 59 81 74
421 86 90 98 97
421 374 47 68 51
421 152 62 77 72
421 412 60 78 69
205 370 34 54 54
205 443 49 74 54
206 432 13 33 25
206 71 48 66 60
206 384 25 78 55
206 11 64 88 64
206 271 43 83 83
432 273 45 100 47
432 157 51 70 64
432 214 81 87 85
432 437 31 99 67
412 318 89 94 89
278 246 10 54 46
278 391 25 69 34
278 496 40 86 83
278 239 57 82 73
278 281 95 97 95
403 355 88 99 92
403 245 73 88 86
403 20 27 96 88
230 12 93 97 95
230 441 87 99 92
230 289 73 87 78
230 297 84 93 85
230 82 44 86 73
230 320 43 80 54
230 162 87 98 92
230 9 87 88 88
230 258 65 94 65
225 436 67 92 67
225 374 52 75 75
225 180 27 89 79
225 258 83 86 83
225 313 38 49 39
225 94 55 74 63
225 117 26 63 62
225 36 95 97 95
225 376 92 98 97
219 216 28 30 30
220 479 73 83 73
220 105 22 42 33
220 263 47 98 84
220 29 67 93 90
220 185 33 62 37
301 406 86 91 91
301 336 73 77 73
301 223 49 97 92
301 32 11 21 18
301 175 39 89 75
301 388 13 98 31
326 73 46 51 47
326 19 57 78 77
326 366 61 93 78
313 267 71 92 80
313 50 33 37 35
313 227 68 95 78
313 88 30 78 42
334 218 53 76 68
334 81 17 88 38
334 329 65 79 69
334 79 35 59 52
422 323 65 78 66
422 420 33 41 35
499 164 28 36 33
499 242 26 60 48
228 341 44 67 56
228 227 24 90 82
228 317 23 87 56
228 24 86 93 89
228 344 93 94 94
317 293 15 79 50
229 456 54 99 73
456 335 70 91 74
456 221 78 82 81
456 494 58 100 76
456 454 89 91 89
289 419 75 77 76
289 28 56 62 62
289 75 89 91 90
289 271 13 40 29
289 100 60 76 71
289 379 92 94 92
232 326 87 92 90
236 305 85 96 95
238 501 15 96 93
238 250 53 69 67
238 50 28 80 80
238 380 30 39 32
240 488 77 98 91
240 202 44 95 59
240 447 21 70 29
240 237 37 90 67
293 323 12 27 17
293 62 31 33 31
293 479 63 94 91
293 483 46 60 59
243 6 20 42 22
243 116 50 57 56
243 77 52 89 52
243 371 35 60 35
244 7 41 89 45
244 129 23 87 44
244 309 45 71 63
309 305 40 60 48
309 401 66 99 69
246 301 86 91 91
246 163 84 85 85
246 296 95 96 96
246 351 40 46 41
296 419 89 100 94
296 115 60 79 69
296 75 33 68 41
296 408 12 40 33
247 159 78 85 80
332 228 59 88 73
332 22 51 66 61
500 382 83 94 87
500 293 66 68 66
500 47 60 85 67
494 502 53 69 60
414 45 66 80 80
414 13 81 82 81
414 485 57 71 62
414 294 45 79 56
251 26 24 35 29
251 159 44 93 66
251 404 23 24 24
253 24 10 43 28
253 390 20 70 70
257 174 91 98 98
257 410 28 63 63
259 65 82 87 86
259 122 74 82 79
259 348 45 54 49
259 379 45 59 57
259 203 54 62 56
348 184 22 87 43
348 327 21 92 40
348 112 43 72 62
348 482 29 94 89
497 276 38 83 74
497 469 48 73 66
497 216 83 88 87
497 302 93 97 93
497 509 28 33 28
497 333 94 99 98
349 396 37 78 71
349 65 63 68 66
349 12 32 47 32
349 127 42 73 71
398 466 65 82 71
375 212 45 96 46
375 39 46 72 67
375 77 63 72 70
375 6 70 87 83
375 345 94 99 96
333 94 95 100 95
333 27 93 98 95
333 148 83 89 89
319 227 35 65 42
319 61 80 96 91
319 490 49 97 71
319 283 64 84 71
269 444 48 72 58
269 346 45 53 45
269 391 38 72 62
270 221 86 92 87
270 228 44 96 56
270 157 65 80 80
270 99 55 59 56
360 386 38 94 85
360 319 67 81 81
299 130 13 20 15
299 137 55 67 60
299 278 48 99 71
299 306 93 95 94
279 51 84 94 92
279 154 95 100 100
283 413 27 42 41
283 289 86 95 88
283 425 19 29 25
283 94 39 51 43
425 202 50 96 79
425 459 86 98 90
330 208 83 93 93
330 138 89 97 92
330 235 80 92 89
286 321 92 95 94
291 42 50 77 55
291 214 13 86 28
424 168 11 59 46
424 512 11 18 16
298 443 53 87 58
298 363 76 82 82
298 127 88 94 88
298 314 24 73 57
314 183 23 70 38
314 353 55 90 82
306 398 10 72 13
306 320 33 37 35
300 434 50 63 55
300 337 19 63 62
300 411 77 86 77
336 236 43 57 48
336 40 30 45 37
465 419 46 50 46
465 152 15 54 36
465 450 45 50 45
307 215 42 81 58
307 370 35 60 58
310 1 60 97 88
310 203 95 98 97
310 17 14 54 48
310 362 48 80 53
311 199 46 68 57
484 370 63 70 63
484 391 18 43 41
484 18 56 59 59
484 194 78 84 79
484 84 10 88 47
484 76 86 94 93
484 359 19 34 20
353 26 64 80 71
353 198 58 63 59
353 488 44 55 52
353 375 26 72 31
353 455 41 89 60
322 447 43 63 43
322 155 42 89 60
322 108 52 70 63
318 235 13 99 18
318 274 37 96 85
318 397 65 83 76
490 465 83 99 90
325 23 61 82 62
325 465 60 65 64
325 173 41 81 59
325 266 91 99 97
325 208 80 91 80
327 392 69 80 71
327 205 78 100 85
327 125 23 36 35
507 204 44 74 47
507 242 63 76 76
507 265 32 82 61
507 426 22 23 22
507 34 17 81 65
361 400 87 100 95
361 296 91 97 93
361 384 64 81 68
361 43 64 98 98
361 168 11 17 14
477 402 16 60 32
492 344 50 93 93
492 222 84 96 86
492 55 49 63 50
354 301 85 95 95
354 396 63 99 69
354 444 16 17 17
354 508 90 97 91
356 237 79 91 84
356 60 65 77 76
358 336 69 86 74
358 128 58 72 62
358 513 21 39 21
372 80 17 88 37
372 411 61 66 63
372 60 68 96 80
372 144 71 80 75
431 354 84 87 85
431 366 87 93 93
431 100 22 93 50
431 195 79 89 82
431 10 16 73 55
439 120 84 99 98
439 488 85 93 92
439 393 38 65 38
439 39 68 70 68
429 406 26 65 49
429 93 57 91 58
429 195 63 84 71
429 301 77 90 88
429 53 47 67 60
429 293 55 79 77
478 260 58 92 90
458 422 40 80 72
458 218 68 97 89
458 374 28 79 72
416 353 34 56 46
416 174 12 72 20
416 366 69 70 69
416 385 81 88 86
399 337 63 97 64
399 443 24 82 64
399 384 91 99 97
399 28 86 100 89
399 281 79 89 82
399 506 48 76 50
399 364 89 98 95
417 462 25 72 33
417 255 58 75 70
420 317 22 97 53
420 265 46 47 47
423 73 28 79 79
459 212 55 78 56
459 68 17 57 50
442 216 42 51 49
442 474 41 91 71
449 25 71 84 82
449 175 55 69 57
460 178 18 47 44
460 4 28 84 62
460 60 49 69 68
472 147 66 100 80
511 31 88 99 98
511 222 94 95 94
0 515
