57 126
0 6 69 97 70
0 19 10 38 25
6 38 12 76 38
6 42 65 84 74
6 21 52 70 61
19 13 12 39 32
1 32 57 58 57
1 15 25 39 32
32 46 11 24 13
32 51 54 62 59
15 32 89 91 90
15 33 24 97 59
2 26 13 17 17
2 33 73 74 73
2 51 26 52 30
33 29 88 90 89
51 50 25 80 29
51 37 53 100 67
51 9 87 99 90
3 15 73 96 86
5 53 42 83 66
38 50 78 88 83
38 46 21 29 21
38 49 47 72 68
38 28 61 75 63
42 24 13 99 66
42 26 21 23 21
21 23 51 55 53
7 24 34 61 43
7 38 65 87 87
24 20 24 36 31
24 34 65 98 80
8 18 25 96 29
8 49 40 85 81
8 16 42 92 71
18 37 43 67 58
49 16 23 54 34
49 31 65 86 85
49 24 23 50 25
49 11 77 84 79
49 38 63 93 63
9 32 71 86 80
9 17 49 59 49
9 40 35 65 39
9 36 46 69 66
17 46 19 72 72
17 3 68 90 77
17 8 12 94 33
17 49 39 93 45
17 42 94 99 94
40 55 55 63 55
36 51 60 98 81
10 31 84 89 87
10 33 53 75 69
10 38 76 94 94
31 4 43 81 76
31 50 86 89 88
11 0 57 81 58
11 19 11 44 39
13 24 94 98 97
13 20 78 90 83
20 16 86 93 90
14 11 30 93 36
46 34 92 100 92
37 44 69 82 73
37 27 16 88 77
37 46 77 87 86
37 32 89 96 96
37 11 56 89 76
23 28 45 95 75
22 40 78 86 80
22 56 88 90 88
22 32 55 68 59
56 35 64 93 85
56 46 10 43 22
56 5 84 97 84
56 34 41 95 73
28 34 69 74 70
28 3 92 96 96
28 47 72 97 86
34 17 11 74 27
34 55 30 97 89
25 13 90 92 90
25 1 56 87 80
27 41 83 97 86
27 38 89 96 91
27 18 13 46 44
41 8 15 88 15
41 1 14 79 69
41 48 60 89 82
47 24 90 93 93
47 54 34 88 39
29 24 49 87 77
29 0 22 70 22
29 15 59 96 64
29 3 36 62 60
29 17 18 21 18
30 51 62 93 65
50 56 12 56 38
50 35 23 61 31
50 37 43 49 49
55 9 21 27 21
55 31 59 89 74
35 1 55 58 58
35 48 28 78 53
48 21 53 74 63
48 4 56 80 72
48 34 44 78 54
44 22 93 100 97
44 6 13 59 42
44 12 91 100 95
39 8 92 97 92
39 31 75 98 84
39 20 70 90 70
39 25 10 64 63
39 2 72 100 98
39 18 50 98 95
43 54 10 28 16
43 33 91 95 93
54 25 33 44 33
54 46 66 94 85
54 29 53 73 55
45 14 66 74 69
52 28 74 100 82
52 45 49 68 57
52 11 95 98 98
0 56
