685 1308
0 206 77 95 82
0 164 59 80 62
0 670 68 73 71
206 551 53 71 58
206 575 16 87 77
206 529 36 98 55
164 631 58 69 65
670 684 35 80 80
1 185 24 75 30
1 602 63 69 69
185 354 24 76 65
602 385 44 99 51
602 37 92 97 92
2 47 67 96 91
2 440 25 37 31
47 596 71 72 71
47 190 93 94 94
440 4 89 94 90
440 631 28 38 33
440 414 63 77 74
3 83 18 75 51
83 648 21 24 22
83 162 12 98 27
4 115 46 96 82
4 396 57 66 58
115 502 50 84 57
396 318 33 90 51
396 400 49 87 81
396 103 40 54 51
6 571 19 81 31
571 232 88 96 93
571 400 28 77 55
8 249 78 89 81
8 436 27 56 37
249 4 28 97 76
249 363 56 65 60
436 266 78 86 82
9 142 82 100 88
10 367 92 96 94
10 653 37 55 43
10 86 34 62 42
10 434 91 98 93
367 184 83 90 86
653 18 82 84 84
86 195 59 74 59
86 585 61 84 63
86 152 78 83 83
11 49 16 97 91
49 58 11 86 64
12 302 91 99 99
302 170 48 64 56
302 520 39 73 61
302 361 13 99 46
302 587 10 29 29
302 214 78 89 79
13 571 60 100 62
13 51 64 76 68
51 394 38 48 46
51 7 12 38 16
51 309 53 99 98
51 585 88 95 93
14 587 71 81 77
14 281 29 53 43
587 236 51 92 79
587 374 22 79 26
281 14 52 58 56
281 330 56 81 70
281 615 21 48 48
15 357 31 48 32
15 133 64 94 67
357 619 84 94 91
357 520 83 89 85
133 609 32 36 32
133 512 53 89 89
133 73 13 94 78
17 483 47 52 51
483 449 94 97 94
483 76 18 25 24
483 77 37 47 39
18 357 92 96 93
18 358 55 95 62
18 318 42 44 43
18 242 87 94 94
358 115 33 64 42
358 409 12 16 15
318 619 88 90 88
19 644 43 61 47
644 49 46 55 54
20 634 51 94 67
20 396 29 46 41
634 282 61 78 70
634 321 29 66 61
634 505 81 98 87
634 276 29 61 38
21 411 93 98 98
21 354 42 94 66
21 430 70 94 85
21 609 33 69 33
411 289 86 91 88
411 385 79 100 98
411 369 61 63 63
354 491 90 98 97
354 188 48 63 58
430 452 48 56 49
430 123 40 81 45
609 560 55 72 61
24 295 89 90 89
24 487 49 57 55
295 222 12 71 63
487 12 59 64 60
26 418 12 36 12
418 329 51 59 57
27 141 79 92 82
27 558 51 73 52
558 205 72 90 82
558 499 12 52 21
558 425 95 96 95
558 548 26 64 40
28 24 84 99 98
29 306 38 98 97
29 169 24 51 35
306 271 29 91 36
306 638 69 74 73
169 129 31 86 61
169 140 83 97 94
30 519 69 75 71
519 26 78 91 86
519 411 28 88 44
31 78 33 41 39
78 594 39 50 45
78 455 84 93 85
32 86 19 57 43
33 573 20 98 25
33 267 59 64 64
573 501 86 100 96
267 529 66 88 75
267 605 40 71 58
34 38 60 68 64
34 505 27 89 79
38 238 76 92 90
38 613 92 94 94
505 31 93 95 95
35 348 70 91 86
348 13 87 100 99
36 179 88 100 97
36 161 74 76 74
179 510 53 76 54
37 636 56 72 56
37 98 86 92 87
37 259 54 99 71
636 362 18 60 31
636 31 27 35 29
636 282 73 89 86
636 203 16 21 21
636 607 49 54 49
98 478 84 98 89
98 382 89 95 93
98 322 84 97 96
98 652 47 67 62
259 495 92 97 95
238 279 12 22 18
238 361 78 79 79
238 559 18 24 20
613 582 62 64 62
613 89 67 70 68
613 120 58 70 70
613 135 75 99 87
613 482 37 88 75
39 628 30 74 50
39 357 11 74 26
39 128 14 18 18
628 34 24 96 90
628 346 48 85 67
128 550 31 57 44
128 308 40 85 73
40 656 84 91 89
40 96 47 59 55
40 267 60 76 76
656 1 78 82 78
96 527 86 96 92
96 430 45 65 50
41 157 47 49 47
41 414 88 96 94
41 194 39 95 55
157 84 62 94 84
414 112 89 96 96
414 662 40 64 45
194 606 55 80 79
42 31 40 80 68
43 314 93 100 98
314 171 62 64 64
314 73 56 90 60
314 677 77 79 79
314 70 46 52 52
314 586 84 92 91
44 398 90 91 90
398 380 72 80 73
45 133 61 83 72
46 398 33 77 35
46 236 89 99 95
46 612 14 64 55
46 232 82 93 86
236 89 85 90 89
612 183 88 94 89
612 463 73 99 80
612 365 26 81 26
232 577 84 96 86
596 369 74 77 76
596 434 44 85 63
596 106 38 65 52
190 207 21 29 27
48 147 36 75 42
147 437 75 76 75
147 331 84 89 88
147 523 19 56 53
58 463 21 32 26
58 3 87 100 94
50 642 19 97 25
50 89 13 22 21
642 495 91 93 92
89 10 79 90 84
89 245 55 73 70
394 545 34 41 40
394 294 55 62 62
394 108 19 88 35
394 325 40 77 41
309 569 95 100 95
309 505 10 84 44
309 85 34 61 56
309 600 72 94 83
52 405 36 82 50
405 364 42 95 52
405 160 27 32 31
405 662 31 63 44
405 178 95 96 95
53 336 26 34 34
53 453 25 52 27
53 497 10 69 66
53 562 18 63 25
53 643 65 81 73
336 569 27 66 65
336 250 57 81 81
497 217 71 72 71
497 504 79 81 80
562 146 92 97 93
562 510 83 89 86
643 654 27 100 69
643 97 57 81 61
643 580 56 77 58
643 608 12 67 15
643 515 42 68 56
54 200 56 100 60
54 134 57 98 87
54 255 74 100 100
54 194 27 95 60
134 566 93 96 95
134 505 39 100 92
255 51 70 89 76
255 222 76 79 79
55 104 37 86 86
104 625 74 80 74
104 12 60 62 62
56 249 90 99 92
56 28 80 95 90
56 465 89 90 90
56 375 87 98 89
56 683 21 24 24
465 636 56 63 57
465 424 48 52 52
375 182 73 74 73
375 364 54 98 83
375 435 85 95 89
683 659 31 63 38
683 245 36 59 42
683 172 16 69 45
57 21 81 93 86
57 459 88 99 90
459 651 83 99 96
459 546 63 83 63
463 33 44 46 44
463 116 82 86 83
463 559 12 77 30
59 194 81 91 90
59 239 11 60 14
239 302 39 40 40
239 553 17 21 19
61 408 43 50 50
61 259 30 34 34
408 328 93 95 93
408 635 39 46 40
408 649 61 62 61
62 3 95 99 98
62 96 66 97 68
62 649 69 86 77
62 658 86 89 88
62 35 71 84 73
62 632 17 81 57
649 157 45 86 56
649 101 60 62 62
658 601 26 85 70
658 367 69 98 72
658 665 62 71 71
632 649 75 84 82
632 199 83 87 84
64 550 90 93 90
550 446 89 93 91
550 109 26 88 31
65 160 40 48 48
160 178 20 79 45
160 633 89 99 97
160 589 46 78 68
160 93 13 22 21
160 673 43 97 59
66 495 47 100 75
66 261 76 91 82
66 252 71 77 74
66 327 82 85 84
66 653 85 91 91
495 548 54 62 62
261 459 78 99 78
261 682 22 51 36
252 284 56 97 71
252 598 70 92 72
252 548 82 94 85
327 554 18 21 19
327 176 17 73 33
67 131 31 58 52
131 499 29 86 85
131 218 52 53 53
131 450 95 97 96
131 508 83 94 92
131 119 74 99 93
68 399 26 48 47
68 76 29 95 71
68 275 50 58 57
68 121 35 47 47
399 327 71 100 75
399 512 80 94 91
399 4 54 99 89
275 488 40 83 59
275 639 59 95 65
275 519 46 50 46
275 673 89 93 89
121 453 21 48 21
69 155 21 31 23
155 189 19 67 59
70 198 83 97 87
70 639 29 72 54
70 472 70 90 72
70 310 74 99 74
198 564 32 53 42
472 201 54 78 72
472 449 56 81 74
472 492 78 87 83
472 0 79 99 93
472 557 40 79 68
310 124 91 98 91
72 361 73 99 82
72 243 73 83 75
72 263 89 91 91
72 373 55 92 84
72 594 36 93 64
72 69 43 45 44
361 105 33 91 83
361 114 73 75 75
361 62 40 82 44
361 644 52 58 53
263 576 55 96 86
263 422 52 56 53
373 402 77 86 81
594 436 23 58 51
73 275 30 50 47
73 407 33 55 45
407 211 12 60 12
77 537 75 88 84
455 379 50 66 61
79 289 45 62 56
79 587 27 87 73
81 256 35 70 50
81 136 68 81 73
256 145 39 75 64
256 224 59 69 65
256 105 41 72 49
256 561 80 95 91
136 24 86 90 90
136 313 35 66 40
82 544 13 82 62
82 51 76 89 89
82 65 31 81 65
82 521 28 77 44
544 441 40 81 77
544 391 20 66 33
521 614 71 73 72
521 369 45 97 94
648 606 82 94 94
648 349 69 94 70
648 447 89 95 94
162 381 89 95 94
162 205 55 99 86
84 230 87 89 88
84 18 76 97 93
230 193 71 73 73
85 558 64 70 68
85 160 13 83 47
85 339 12 57 43
195 412 75 93 85
195 298 70 84 73
195 229 26 89 83
152 258 18 93 80
152 199 27 32 29
87 165 54 78 54
87 583 37 89 49
87 240 68 99 96
165 622 80 93 88
165 457 51 68 51
165 301 94 98 98
165 216 24 45 42
583 181 42 74 49
583 416 79 93 79
583 345 48 98 89
240 676 27 29 27
240 510 12 51 16
88 255 87 94 91
88 505 93 95 94
88 365 12 72 54
88 354 53 84 59
88 5 62 70 67
365 339 44 52 48
365 604 89 96 89
245 669 73 92 78
90 555 60 78 74
90 135 19 84 37
90 292 10 89 24
555 507 61 76 75
555 426 25 53 25
135 94 46 93 86
135 307 43 74 58
91 587 63 79 70
91 326 77 100 90
91 585 43 47 46
91 222 15 39 32
91 466 89 93 92
326 547 29 60 53
222 193 57 84 70
222 553 69 94 87
466 510 66 79 71
92 499 59 71 67
92 310 46 87 59
92 650 84 96 85
499 463 73 75 74
650 470 12 99 77
650 370 46 48 48
93 588 66 81 72
93 385 65 87 81
93 201 77 88 87
588 633 76 87 77
385 629 71 79 76
385 324 22 93 30
201 621 72 79 78
94 71 51 74 51
94 684 41 78 59
94 315 36 37 37
94 391 36 53 41
315 266 11 64 11
391 93 74 81 74
391 32 20 26 25
391 633 78 99 79
391 85 22 71 46
391 656 37 86 59
391 557 59 96 67
95 71 79 100 88
95 546 90 98 97
527 72 40 74 41
97 299 38 93 89
97 325 43 100 98
97 215 76 85 78
299 571 12 56 29
299 615 26 50 32
299 313 31 92 78
325 58 50 86 64
215 27 35 86 63
215 262 79 85 85
478 670 84 99 85
478 228 92 99 99
382 647 90 96 92
652 211 38 80 47
99 269 79 82 79
99 518 58 96 62
518 511 41 92 92
518 669 81 84 81
100 506 39 64 54
506 475 38 73 54
506 330 46 61 56
101 120 50 55 54
101 389 39 79 69
101 153 75 96 83
101 314 86 88 87
120 43 30 86 58
389 23 13 35 33
153 609 95 99 99
102 247 78 91 83
102 567 62 71 69
247 652 67 91 90
247 261 86 88 86
247 651 82 96 83
247 359 43 58 53
247 42 15 62 29
567 109 66 81 81
567 626 20 52 46
103 253 94 96 94
103 453 57 80 78
103 188 79 88 88
103 217 11 46 11
103 582 26 71 27
253 565 62 75 70
217 354 80 85 80
582 451 56 81 71
582 42 41 91 78
625 346 44 57 52
105 672 86 99 90
672 424 92 99 94
107 548 41 57 45
107 626 18 93 61
548 84 70 73 70
548 507 38 40 39
548 353 30 100 44
626 63 72 100 94
626 18 23 48 46
108 10 31 58 50
109 672 57 62 58
109 524 78 93 90
109 242 44 87 64
109 82 22 46 23
524 390 72 89 78
524 562 12 54 25
110 273 61 88 69
110 445 20 22 21
110 562 38 84 49
273 360 87 95 92
445 55 10 99 52
111 88 88 95 95
114 35 90 93 93
502 458 73 78 74
502 437 91 99 95
502 419 54 64 64
116 151 20 31 24
151 238 38 87 47
151 397 61 89 71
117 81 37 68 56
117 50 42 94 82
118 223 35 67 54
118 379 92 97 92
223 388 66 84 79
223 272 19 41 21
379 123 94 96 95
379 406 21 72 21
379 266 32 90 54
119 360 16 31 24
360 33 50 63 60
360 120 89 96 95
360 577 24 44 28
122 390 49 54 54
122 304 15 90 44
122 432 49 79 52
390 406 57 87 57
390 141 93 96 96
432 476 24 71 43
432 43 48 66 51
123 420 58 66 58
123 539 26 38 32
123 122 95 98 98
123 443 86 89 86
420 627 78 87 81
539 386 82 83 83
539 441 56 76 70
124 156 36 41 40
156 417 53 72 68
125 118 10 13 13
125 313 92 94 94
126 412 60 65 61
412 311 66 73 71
412 221 66 69 66
127 386 11 60 57
127 675 79 94 84
386 368 63 77 72
386 428 73 82 75
675 282 47 76 53
675 285 17 74 53
675 520 81 90 82
308 451 58 84 63
308 563 21 70 27
129 22 85 100 97
129 568 15 76 24
129 318 39 70 46
130 501 93 98 93
501 325 60 93 69
218 354 39 98 57
218 306 56 68 58
450 218 87 92 92
508 398 64 87 87
508 491 19 79 24
508 451 94 95 95
132 674 18 27 19
132 651 33 38 35
674 554 65 92 75
674 548 74 91 87
651 125 40 84 40
651 493 14 59 17
651 145 33 74 39
307 0 39 81 51
307 674 17 64 52
137 67 58 67 65
137 365 67 73 72
138 111 36 42 37
139 405 93 98 94
139 336 37 89 37
140 615 66 89 69
615 210 17 56 33
615 302 31 55 39
143 227 36 79 41
143 431 50 76 67
227 661 24 86 79
144 165 30 75 56
145 290 74 98 95
145 382 27 81 33
290 301 64 84 70
290 189 17 48 44
146 484 64 97 97
484 604 63 91 91
484 84 72 78 78
484 102 32 77 48
484 585 47 58 54
437 16 92 98 96
437 28 70 81 72
437 377 84 96 90
437 61 76 87 78
437 298 43 59 45
331 179 82 100 86
331 144 82 88 83
331 111 81 85 84
523 220 45 97 50
148 81 73 76 75
148 356 64 95 81
356 499 10 94 57
356 326 51 80 58
356 520 27 59 52
149 225 39 98 93
149 185 44 52 52
150 215 19 78 32
150 210 62 64 64
150 332 53 77 65
150 455 38 66 53
210 530 69 88 72
210 645 67 69 67
332 210 72 86 75
332 287 10 78 22
332 615 25 65 27
332 661 28 88 28
397 468 92 98 98
258 291 74 87 83
258 682 80 97 93
258 281 42 47 46
258 154 70 99 89
199 651 85 90 88
154 109 11 98 97
189 180 34 82 46
189 640 31 87 47
189 457 51 99 73
417 529 51 70 67
158 526 15 59 17
158 213 87 94 87
158 157 88 90 88
158 154 44 91 84
526 423 42 55 53
213 345 47 87 54
213 43 40 43 40
159 264 88 91 91
159 293 47 88 65
264 503 70 73 73
264 544 64 95 72
293 512 25 88 26
293 586 80 86 86
178 579 14 15 15
178 468 25 50 38
178 515 89 95 94
633 676 62 99 66
589 413 66 75 68
673 84 57 81 79
673 655 90 94 94
673 192 14 36 21
673 567 46 80 57
163 658 78 93 93
163 499 44 63 58
163 257 95 99 98
257 547 13 37 23
257 378 69 95 73
631 285 34 56 50
622 73 54 84 58
622 91 17 46 21
622 376 12 28 15
457 370 32 60 45
457 181 39 94 61
301 473 31 47 43
301 517 60 65 63
301 640 79 81 80
216 329 20 59 58
216 517 60 82 80
167 355 36 97 39
355 622 71 72 71
355 393 47 50 47
168 425 37 80 47
168 458 48 93 75
168 377 30 63 58
425 639 39 80 44
458 103 68 84 82
458 149 76 89 81
458 143 65 71 68
458 384 72 100 79
170 422 12 16 15
422 675 67 91 77
422 412 17 85 29
172 280 53 96 65
280 70 43 94 85
280 668 52 53 53
280 332 43 50 48
174 595 42 64 55
174 447 76 85 76
595 456 84 96 87
595 664 93 96 93
595 69 62 67 65
595 543 35 71 50
447 460 23 31 28
175 310 31 65 53
176 276 40 62 46
579 532 12 15 14
510 8 16 54 24
180 98 61 91 78
182 552 25 31 26
182 223 12 74 57
552 22 59 91 91
183 136 38 81 64
184 428 86 95 86
428 493 41 43 41
428 517 88 93 92
428 99 21 88 67
186 157 44 60 58
186 296 86 98 92
186 475 47 73 58
186 337 33 49 40
186 675 12 23 19
296 404 63 88 76
475 152 64 88 87
337 666 39 81 57
337 281 18 85 77
337 440 42 91 47
187 185 35 85 75
187 675 18 27 23
640 204 21 83 40
640 295 24 81 51
207 595 33 83 46
191 165 31 66 51
191 655 31 37 35
191 7 68 94 92
191 134 86 87 87
191 473 90 100 92
191 46 93 98 96
191 618 15 80 17
655 88 76 80 77
655 215 92 100 95
473 512 14 15 15
473 40 75 92 91
473 582 78 92 81
473 178 41 46 43
192 464 68 100 75
192 216 44 80 62
464 114 95 96 95
464 565 30 83 35
464 249 13 14 13
193 536 63 82 78
193 509 50 82 58
193 512 67 78 72
536 556 82 84 84
509 552 90 93 93
509 15 26 43 28
509 536 41 68 51
298 542 60 73 72
298 454 67 89 69
196 567 19 80 40
621 358 85 100 87
621 536 49 56 49
621 498 44 95 93
202 433 62 80 77
202 86 13 72 18
433 231 86 97 95
433 351 57 88 74
203 682 83 99 84
203 52 17 20 19
682 271 18 100 89
682 600 72 74 74
682 647 83 99 95
682 258 62 76 67
204 371 17 77 75
204 258 29 50 35
204 308 19 23 22
551 486 17 26 22
575 617 28 50 44
575 506 89 99 94
208 4 73 78 74
209 310 24 77 31
209 332 64 79 72
209 187 90 95 90
209 461 87 90 88
209 564 91 95 94
209 512 66 90 66
461 321 95 97 96
530 294 11 35 22
530 291 32 53 45
645 502 74 87 75
211 631 11 39 39
211 490 83 97 93
211 47 65 73 68
490 353 66 87 86
212 36 20 94 68
212 175 64 91 80
345 639 37 64 45
345 493 72 84 73
214 638 46 72 53
214 333 24 52 32
638 60 95 98 95
638 38 55 72 71
638 325 22 31 26
638 380 85 94 90
638 14 37 93 45
262 130 84 90 84
262 140 18 25 25
329 440 35 77 36
329 291 85 97 93
329 594 35 72 36
329 346 54 65 62
517 502 73 96 92
517 12 68 89 82
517 299 71 83 71
517 355 77 92 89
219 286 79 80 80
286 207 17 78 51
286 301 49 57 49
221 235 38 48 44
235 62 80 91 85
235 150 48 71 56
553 551 34 40 39
388 263 49 85 68
272 149 42 63 56
272 378 73 91 90
272 157 39 40 39
224 285 89 96 96
285 588 82 96 92
285 258 16 24 22
661 621 74 75 74
228 394 66 96 96
228 453 71 94 88
231 105 83 86 84
577 599 49 61 53
577 84 37 70 38
233 78 30 35 33
233 419 90 96 96
233 610 55 97 67
419 353 19 86 66
419 486 78 91 78
610 425 25 27 27
610 604 12 94 23
234 186 92 96 94
234 63 16 99 55
234 672 24 48 39
234 298 52 99 83
559 299 43 77 66
559 563 85 93 89
676 504 67 71 70
676 357 64 79 78
241 554 13 48 44
241 15 85 90 90
554 604 71 81 74
554 666 34 50 50
244 428 79 94 80
244 458 22 78 27
669 199 47 78 74
669 72 17 51 38
669 127 26 71 28
669 175 70 80 76
669 417 95 98 98
246 381 77 80 78
246 152 89 99 99
359 616 27 58 29
359 635 39 46 39
359 395 62 100 100
359 344 67 91 68
248 562 60 82 65
248 336 64 89 68
248 214 82 91 83
250 469 24 57 27
469 541 41 92 75
469 186 23 64 30
469 183 35 84 69
251 34 12 69 17
251 203 10 25 15
251 543 81 82 82
251 41 42 47 47
543 512 59 86 68
543 264 71 88 84
284 412 40 83 48
284 268 11 80 21
284 625 48 84 63
284 162 69 75 70
598 467 30 74 49
565 421 54 66 61
565 323 22 88 55
561 211 45 81 77
561 42 53 83 53
547 615 74 84 74
378 391 77 100 94
291 145 39 55 45
576 582 26 30 27
503 647 53 67 65
503 307 82 95 95
265 555 94 100 95
265 663 84 95 94
266 97 32 71 39
266 642 34 68 63
605 627 92 94 93
605 215 45 87 72
605 329 94 98 94
268 287 27 75 58
268 388 64 81 80
270 622 64 78 70
270 561 71 73 73
270 555 65 96 78
270 31 23 50 36
271 589 49 69 52
271 402 51 99 68
271 654 76 86 85
402 582 60 85 74
654 414 21 97 69
488 56 36 62 42
488 671 36 87 39
488 41 35 37 36
278 427 14 22 14
278 246 31 54 47
427 185 68 81 72
427 197 32 82 49
427 382 29 57 33
427 642 45 61 60
668 308 53 69 59
668 505 77 83 80
668 631 72 98 76
330 621 30 63 63
282 397 50 61 53
282 310 24 97 27
294 51 55 90 63
294 649 11 61 59
404 280 42 60 60
404 435 86 95 91
297 668 75 91 84
542 276 40 85 41
454 100 24 55 46
300 364 75 91 75
364 210 29 52 39
520 95 41 71 71
520 545 86 92 88
520 633 85 92 91
520 268 78 100 84
303 224 40 65 48
303 665 93 98 95
303 193 87 100 97
665 36 73 80 75
665 73 27 48 28
305 189 22 75 49
305 603 14 66 26
305 454 31 96 36
305 231 88 99 97
305 173 33 87 71
603 36 88 90 88
603 663 90 96 96
451 644 41 42 41
451 337 80 96 91
600 141 37 47 47
600 472 16 50 30
600 389 61 92 87
600 289 88 89 89
600 197 37 49 46
311 33 20 38 32
312 359 59 79 79
312 33 25 69 32
677 451 84 90 84
316 427 25 62 42
317 178 10 85 15
317 120 24 56 53
619 291 41 77 48
619 506 42 56 48
619 341 26 79 28
619 319 63 83 78
619 511 20 24 20
319 444 43 66 46
319 286 32 88 68
444 25 66 93 72
444 331 25 97 80
320 141 16 52 24
320 368 59 85 79
320 644 72 84 76
368 437 12 46 14
321 460 55 92 72
460 134 80 94 84
460 435 64 79 75
323 62 93 98 93
328 681 64 67 66
681 335 41 48 41
346 198 24 31 24
346 168 76 83 80
346 488 57 77 75
346 528 42 46 43
346 227 70 93 82
334 283 37 78 62
334 46 46 100 79
334 293 83 85 83
335 653 58 90 59
666 416 40 49 46
666 232 52 71 58
340 446 95 97 95
340 385 70 76 75
340 92 73 83 81
446 107 87 95 95
446 79 29 54 37
342 13 31 54 39
342 488 77 87 84
342 112 94 99 95
342 613 24 35 33
342 151 12 64 61
343 546 31 63 56
343 448 42 75 70
343 188 55 76 64
448 204 13 71 44
448 659 22 92 57
448 123 22 77 70
344 662 24 42 37
344 457 60 75 60
493 99 60 83 65
528 630 25 36 33
528 28 59 83 80
528 411 55 56 55
347 345 54 55 55
347 184 34 48 47
347 191 16 40 22
349 525 11 36 29
349 238 92 97 93
350 590 11 84 50
590 116 58 100 83
590 533 42 97 74
590 390 81 82 82
590 196 72 91 87
351 397 60 72 61
352 417 18 94 75
352 367 60 76 65
352 202 41 87 68
353 641 10 48 15
353 161 40 47 45
353 156 39 63 53
641 462 48 78 65
641 451 89 96 96
641 626 66 89 67
491 201 47 50 47
491 499 51 67 65
491 309 42 93 75
393 521 50 52 52
409 610 57 61 61
616 343 30 82 81
616 191 51 95 51
635 240 31 64 46
395 468 80 92 80
395 45 79 100 98
395 312 88 97 95
395 611 63 89 68
362 246 84 92 84
362 656 49 70 49
362 110 39 91 53
604 217 47 61 59
366 42 48 73 73
366 304 84 90 84
369 159 34 63 52
369 99 73 83 80
370 602 43 46 43
370 297 48 95 65
370 478 29 47 38
374 389 49 96 92
374 166 69 76 74
435 544 20 73 41
435 453 21 34 22
435 26 75 76 76
376 538 32 72 50
538 407 86 94 90
406 659 63 87 65
380 84 59 67 61
380 209 19 42 41
647 442 33 92 73
647 567 86 87 86
383 568 58 95 69
383 220 77 79 79
383 140 23 51 46
383 299 26 32 28
383 273 31 84 44
384 434 43 54 45
384 176 36 84 79
629 364 18 63 36
629 90 12 21 16
629 312 45 68 63
629 514 15 18 17
387 177 68 81 71
387 304 52 95 80
387 253 37 42 39
557 436 56 97 65
557 44 89 94 89
392 530 29 76 63
392 101 83 90 88
392 85 58 91 82
392 130 17 59 35
545 92 84 85 84
611 418 70 81 73
611 42 74 85 79
400 662 27 39 35
400 199 13 60 16
400 397 13 67 22
400 200 58 68 68
400 128 11 22 12
400 260 24 30 25
401 666 36 39 37
401 515 45 72 52
401 25 95 97 97
401 570 42 77 66
570 344 56 81 62
403 505 28 70 32
659 235 53 61 60
410 244 11 89 13
410 672 10 92 57
410 243 46 74 52
410 135 60 81 62
413 527 24 95 41
413 243 31 41 40
415 204 72 97 92
415 254 44 57 46
415 634 22 36 22
416 82 29 99 51
486 630 76 93 80
486 597 69 92 88
486 200 66 82 72
627 89 21 35 26
421 305 41 82 58
421 44 85 86 86
421 285 82 97 92
423 179 72 83 79
423 436 41 67 58
423 297 54 68 67
424 79 22 57 32
424 439 60 96 83
424 614 80 97 90
439 414 32 75 35
614 511 14 36 30
429 376 70 97 82
452 255 62 83 68
452 266 62 82 68
452 307 41 61 52
476 49 22 43 38
441 16 49 67 50
449 166 89 100 96
449 568 46 98 69
449 108 33 64 51
456 35 19 59 38
456 400 72 86 78
462 533 89 96 90
462 41 36 64 38
462 82 12 64 23
533 81 87 98 95
467 327 18 68 35
470 630 39 63 42
470 288 22 65 46
470 266 25 83 74
630 191 92 98 92
630 306 16 26 21
471 266 76 89 81
471 658 86 92 89
492 393 78 95 94
474 132 28 82 70
477 644 89 96 90
477 672 15 36 19
479 322 16 90 60
479 143 13 38 30
479 63 14 59 20
480 575 17 97 54
481 587 87 94 90
481 532 94 100 96
532 447 54 80 79
482 210 69 73 71
482 427 32 78 42
482 12 67 68 67
485 34 36 50 46
485 675 43 91 83
597 461 85 87 85
671 589 72 75 72
671 8 49 66 60
671 582 86 90 87
671 423 11 89 14
489 88 95 98 97
489 329 42 84 56
489 260 28 56 51
494 1 31 33 33
494 561 10 77 69
496 535 68 88 79
496 232 90 91 90
496 317 57 78 67
496 454 49 94 49
535 499 54 84 59
535 74 93 100 97
535 18 87 92 90
498 90 65 100 70
498 344 73 93 93
500 333 25 45 32
500 83 80 94 93
507 319 62 69 68
507 497 74 99 91
507 133 12 93 42
511 45 30 90 72
511 646 89 97 96
511 630 36 40 40
511 440 58 98 92
646 60 38 59 42
646 171 19 88 87
646 458 35 56 36
646 72 35 50 38
513 541 61 77 74
513 346 86 95 91
513 633 32 89 55
513 345 63 68 67
514 162 41 91 79
514 661 12 87 75
516 667 66 67 66
667 650 10 17 14
667 66 87 89 89
667 433 25 74 60
522 333 38 57 48
522 480 78 95 78
531 41 78 90 86
531 19 78 79 78
534 667 91 99 93
534 586 55 99 97
556 189 37 96 95
556 319 30 39 36
540 343 15 92 53
549 288 73 82 77
560 203 68 77 75
560 80 31 52 36
560 385 49 89 87
572 5 75 96 78
574 75 38 69 69
574 444 80 82 81
617 517 31 65 36
617 296 60 63 63
578 676 31 65 65
580 294 58 71 59
580 215 31 80 68
580 582 54 84 83
581 648 82 83 83
581 272 27 66 36
584 249 19 59 52
591 320 59 79 70
591 654 17 88 27
591 356 45 55 54
592 667 41 68 56
592 73 15 89 63
592 276 29 41 34
664 617 83 90 90
664 367 49 81 72
664 411 52 100 60
601 331 87 89 89
601 38 81 84 84
601 327 12 28 18
601 97 46 75 75
607 410 57 58 58
607 119 11 99 49
620 653 82 83 83
620 63 74 98 75
623 495 70 98 79
624 347 91 94 93
624 351 28 38 38
624 520 61 69 63
624 265 41 95 76
624 231 17 98 30
624 325 78 97 82
637 496 40 82 80
637 369 72 93 85
637 172 38 85 58
657 124 84 100 90
660 118 26 47 28
660 373 35 56 35
660 256 43 81 53
678 288 17 29 27
678 248 12 60 37
678 630 69 79 73
678 66 94 95 94
679 293 34 60 52
680 252 15 54 48
680 211 79 84 84
680 562 67 98 83
0 684
