693 1659
0 557 52 77 58
0 198 90 95 93
557 660 60 96 63
198 585 24 74 69
198 550 67 76 75
198 302 53 73 72
1 620 14 63 23
1 245 93 99 95
620 604 67 82 81
620 438 39 82 81
620 625 65 80 79
245 639 76 88 83
245 161 51 85 62
2 632 76 96 83
632 64 43 63 53
3 356 25 74 60
3 472 34 95 35
3 534 76 81 79
356 340 67 69 69
472 459 11 81 49
472 279 35 51 38
472 402 56 89 77
472 588 86 87 87
4 159 17 84 20
4 156 45 93 61
4 332 10 25 24
159 532 81 82 81
159 338 14 47 14
159 448 90 93 93
159 15 59 72 72
156 273 78 86 80
156 423 51 89 57
156 392 62 81 78
156 358 26 52 46
156 209 60 86 77
332 202 55 58 57
332 8 60 89 70
332 143 35 50 45
332 134 16 68 49
5 499 35 85 58
499 568 92 96 92
7 17 33 34 33
8 455 94 99 98
8 541 53 80 61
8 172 69 89 87
455 500 95 96 95
541 552 70 89 75
541 576 91 100 100
541 592 86 91 91
172 131 64 84 72
172 38 60 90 63
172 578 78 96 85
172 423 90 100 94
9 413 20 22 21
9 124 19 43 35
9 603 51 60 60
413 300 28 86 45
413 516 23 31 28
413 310 76 78 77
124 88 23 27 24
603 300 83 99 91
603 635 54 67 64
10 608 75 82 80
10 420 82 88 86
10 597 21 25 22
608 236 94 96 95
608 373 38 43 38
420 317 88 96 88
420 249 78 94 91
597 95 68 87 82
597 167 10 36 17
597 117 29 99 81
11 287 12 98 97
11 437 23 86 26
287 194 11 36 28
287 652 74 83 74
287 11 45 74 46
287 236 63 78 72
287 157 46 86 85
287 9 63 69 66
437 340 59 74 68
12 641 25 84 26
12 238 55 82 58
12 116 88 91 90
116 51 20 33 25
116 381 17 66 61
13 177 44 49 46
13 354 46 82 68
13 607 91 99 96
177 370 54 64 64
177 524 67 81 72
177 404 93 100 97
354 233 65 90 79
607 374 47 66 61
607 314 26 100 60
607 63 56 86 79
14 55 89 95 95
14 393 26 64 27
55 447 78 96 84
393 485 70 98 79
15 80 35 95 60
15 671 75 90 87
15 455 76 95 84
15 543 10 16 12
80 377 83 86 86
80 83 65 99 92
671 175 67 96 69
671 524 19 31 19
671 545 26 86 34
543 148 24 75 46
16 617 46 69 53
16 156 23 83 39
16 451 91 96 96
617 591 58 82 59
617 211 67 77 75
617 641 22 88 84
451 278 76 90 89
451 335 89 93 89
19 415 33 81 42
415 333 57 77 65
415 517 91 97 95
415 674 36 87 53
20 77 46 78 50
20 125 21 83 51
20 293 52 56 52
77 610 70 99 85
125 171 78 94 83
293 493 82 84 82
293 539 27 71 34
21 554 94 98 94
21 489 26 91 37
554 191 33 88 62
489 96 91 99 97
489 83 69 90 85
489 202 69 82 73
22 316 90 94 93
22 653 41 65 60
653 368 94 97 95
653 468 66 86 72
23 330 75 89 76
330 347 88 92 92
330 333 39 97 43
330 280 69 72 70
24 682 94 97 97
24 555 48 49 48
682 643 64 92 69
682 357 42 85 77
682 295 15 23 15
682 507 90 93 90
555 665 92 94 94
25 136 46 62 51
25 546 61 96 82
25 634 37 39 39
25 135 52 91 60
136 236 61 67 61
136 275 57 63 58
136 482 16 60 24
546 61 40 42 42
546 572 72 84 78
634 613 52 59 59
634 263 27 98 52
634 379 29 64 53
634 441 26 76 71
634 654 95 98 95
135 548 47 58 49
135 646 77 90 90
135 220 24 52 43
26 287 21 48 25
26 186 55 68 58
26 298 14 92 42
26 291 83 91 86
26 521 20 56 21
26 65 95 98 96
186 494 19 81 50
298 641 85 92 88
298 511 58 63 59
298 490 59 61 59
298 499 11 97 74
298 469 66 83 70
298 405 37 61 56
298 163 46 68 50
291 506 14 62 29
291 584 42 92 79
291 81 16 57 35
521 56 19 71 68
521 581 33 70 34
65 567 81 85 83
65 112 63 89 74
65 439 18 70 60
65 95 42 60 52
28 636 68 82 70
636 408 75 84 82
29 498 45 88 82
29 191 90 100 100
29 641 79 90 87
29 520 95 96 95
29 510 90 99 91
29 182 68 79 69
29 640 15 18 16
29 519 22 72 38
498 351 63 64 63
498 53 75 92 84
191 673 80 99 82
191 640 92 99 98
520 450 90 93 92
520 592 70 94 94
520 175 11 49 31
520 515 90 95 92
510 244 50 92 80
182 62 29 90 72
640 345 83 85 83
640 676 17 43 43
640 33 46 84 63
519 155 35 84 64
519 208 32 66 55
519 575 73 90 73
519 152 30 77 56
30 135 38 100 98
31 359 57 98 89
31 496 23 59 54
31 608 63 95 82
359 9 92 99 98
359 515 21 36 35
32 678 30 56 53
32 649 76 93 88
32 57 74 78 77
32 10 11 58 53
678 348 23 43 28
678 26 81 97 85
678 207 81 96 89
678 628 71 73 73
649 288 36 95 81
649 2 69 82 73
649 560 52 97 91
57 465 32 50 49
33 12 45 98 53
33 238 15 62 35
33 579 16 51 44
33 625 89 91 90
579 213 75 95 81
579 262 15 94 88
579 245 27 87 27
579 192 70 84 74
625 386 29 79 44
625 281 62 98 82
625 31 17 47 42
625 409 11 67 12
34 447 82 94 88
447 159 94 97 97
447 292 39 81 67
35 388 81 98 82
35 591 92 96 94
35 462 56 94 60
388 392 83 85 85
388 174 44 88 77
591 70 23 50 30
591 296 43 59 44
591 135 84 90 90
591 634 45 100 70
462 541 86 95 86
462 80 54 86 78
462 105 84 87 87
36 38 33 95 72
36 24 53 59 58
38 111 48 77 54
38 144 20 64 46
38 605 18 68 45
37 68 33 40 33
37 79 52 85 70
68 654 65 92 71
68 397 88 91 91
68 419 89 95 94
79 321 51 90 58
79 495 51 90 81
111 471 45 49 45
144 208 77 92 78
144 226 38 74 62
144 288 17 60 58
144 358 26 58 56
605 657 17 19 17
605 263 31 32 31
39 303 86 98 91
39 531 37 43 41
39 105 59 98 74
303 68 12 49 34
531 691 78 95 91
531 85 14 48 45
105 168 76 90 81
105 34 57 76 72
42 633 38 41 39
42 449 63 89 76
42 632 68 93 73
42 290 89 93 93
633 66 90 91 91
633 581 24 52 47
633 645 72 75 72
449 557 48 79 55
449 613 70 90 70
449 117 50 68 52
449 18 16 42 16
449 373 45 72 67
290 528 95 97 96
43 150 20 91 58
43 610 70 99 80
43 174 48 79 72
43 336 29 100 48
43 81 68 87 74
150 203 65 73 67
150 307 76 97 78
150 156 23 30 24
150 605 70 79 78
150 630 93 99 97
610 459 76 93 76
610 252 44 98 65
610 500 79 85 84
174 477 94 99 97
174 427 35 63 39
174 224 88 95 90
174 343 68 74 74
336 123 72 88 79
336 644 63 99 73
81 358 67 79 71
44 377 28 56 45
377 614 14 83 29
377 430 52 100 100
45 118 48 58 48
45 12 53 54 53
45 327 65 71 69
118 34 89 94 90
118 391 87 97 91
118 565 59 85 74
118 260 54 80 77
118 217 66 100 97
327 687 80 99 89
46 469 95 99 97
46 661 45 48 45
469 681 70 79 79
469 83 18 62 24
469 416 55 87 57
469 569 93 98 98
661 534 69 84 82
661 525 48 77 54
48 594 53 95 61
48 652 14 99 45
48 394 35 87 81
48 349 35 79 48
594 640 65 93 91
594 645 65 92 90
652 681 63 79 64
652 670 42 77 58
652 573 67 92 92
652 167 12 32 22
394 52 64 78 76
394 487 30 96 47
394 452 61 65 64
394 222 28 30 30
394 451 90 98 93
394 149 94 97 95
394 194 10 89 67
349 607 50 92 54
349 348 17 86 44
349 280 19 84 40
49 272 41 80 51
49 429 62 83 81
272 528 89 92 91
429 512 35 92 69
429 282 30 34 30
429 600 91 93 92
50 498 77 93 78
50 368 80 89 81
50 64 55 59 58
50 523 79 92 91
368 164 10 66 50
368 588 15 27 15
64 156 49 97 81
64 413 75 98 97
64 464 28 99 63
523 13 87 89 87
523 555 40 58 49
523 236 13 48 15
51 419 39 81 71
51 18 17 71 35
51 628 78 99 80
51 427 13 25 25
51 476 71 93 84
419 167 52 95 66
419 340 89 93 92
427 101 24 90 90
427 174 39 40 39
476 678 30 43 41
476 310 28 82 46
476 692 61 70 64
52 673 41 48 48
52 53 27 53 42
52 358 33 42 33
673 212 85 97 96
673 321 84 93 85
53 142 60 75 68
53 3 79 99 94
53 373 40 54 45
358 177 53 79 77
358 570 57 100 69
358 503 19 100 86
142 574 31 78 37
373 55 27 42 37
373 46 77 85 84
54 287 21 53 37
54 411 89 94 91
54 228 24 61 52
54 617 49 61 59
411 488 46 87 73
411 17 72 84 72
228 605 19 44 26
228 600 19 86 57
228 33 67 72 70
228 148 40 83 81
56 302 44 86 48
56 606 75 99 76
302 572 82 89 87
302 176 91 92 92
302 508 46 69 60
302 578 77 99 82
302 398 52 80 80
606 263 15 94 44
465 253 38 46 38
465 582 53 66 54
58 387 94 96 94
387 77 73 82 82
387 339 29 54 37
59 585 36 44 38
59 488 92 98 96
59 301 61 62 62
59 261 58 69 69
59 55 13 41 38
301 283 26 28 28
301 550 90 95 95
301 572 65 95 86
301 245 21 66 40
261 320 47 79 56
261 70 12 85 16
261 519 16 27 19
261 256 44 99 53
60 61 54 66 55
60 111 84 96 89
60 548 30 96 37
60 509 20 28 25
60 133 31 54 39
61 613 18 27 18
548 203 20 79 77
548 231 41 46 41
509 608 55 69 63
509 374 71 80 73
62 194 48 99 68
62 229 37 43 37
229 142 95 100 97
229 234 25 99 36
229 662 56 62 59
63 602 43 89 50
602 160 23 38 33
602 618 63 92 78
602 545 23 44 39
464 246 83 87 87
464 390 34 87 82
464 428 68 95 80
464 403 23 50 44
567 573 93 96 93
112 215 94 96 96
112 144 71 82 79
439 509 19 36 33
439 75 20 76 45
95 179 86 95 94
95 377 60 76 67
95 416 89 99 93
66 336 68 74 69
66 207 67 99 89
207 215 38 54 50
207 477 83 88 83
207 327 38 81 39
67 212 56 75 73
67 56 54 79 68
67 51 30 53 37
67 453 59 65 63
453 631 10 54 52
453 615 70 98 94
453 56 45 96 69
453 327 24 74 46
453 132 11 83 69
453 241 47 86 51
397 445 11 57 57
69 83 32 68 39
69 632 34 84 57
69 353 54 98 86
83 500 23 89 51
353 207 42 92 51
353 381 63 84 76
353 142 24 94 67
353 538 89 90 89
70 555 74 98 84
70 412 65 99 82
412 549 64 82 73
71 337 58 70 65
71 501 55 95 80
71 124 25 74 34
337 387 87 88 88
337 240 81 100 86
501 625 48 56 48
72 582 78 85 80
72 215 36 46 36
72 355 67 94 76
582 450 29 90 84
582 288 60 78 78
582 523 18 63 42
215 10 35 39 39
215 239 31 66 62
355 538 67 94 80
355 298 13 84 37
73 659 89 91 89
73 687 27 58 56
73 246 11 22 15
73 483 10 95 19
659 28 16 32 30
659 268 50 77 52
659 594 53 68 62
687 454 20 47 39
687 114 52 62 55
687 289 31 37 31
246 12 44 77 70
246 82 66 91 91
246 40 52 67 63
483 120 72 93 75
483 613 80 90 81
483 303 37 56 39
74 535 32 92 55
74 513 42 55 44
74 318 83 100 93
74 507 60 76 64
535 440 49 89 85
535 400 87 90 90
513 296 32 70 54
318 236 12 47 41
75 357 53 92 54
75 253 31 41 39
75 29 37 97 63
75 664 90 100 91
75 559 84 97 93
253 677 42 48 48
253 416 35 85 56
253 661 26 90 33
664 283 22 69 50
664 583 91 92 92
559 639 64 87 66
559 596 11 28 16
559 190 19 85 28
559 242 80 100 80
559 530 78 82 80
76 84 66 73 69
76 621 75 87 85
84 508 82 85 84
621 434 35 52 40
621 236 53 87 79
621 159 60 91 63
78 93 27 32 27
78 202 14 17 14
78 268 10 56 15
78 651 14 74 39
93 312 45 71 55
93 380 62 66 64
202 432 38 62 39
202 453 25 63 53
202 557 12 61 39
268 282 57 82 61
268 301 71 81 72
268 169 58 80 60
651 599 20 52 20
651 497 47 62 52
651 291 35 90 71
321 457 72 76 73
321 594 32 57 33
321 345 55 85 83
495 561 16 82 38
495 54 19 77 67
495 438 56 63 56
500 344 55 68 60
500 531 82 100 92
500 368 17 24 22
500 187 55 95 75
508 590 80 85 81
86 454 37 77 62
86 151 62 85 70
86 61 56 67 65
454 633 60 80 72
454 184 71 83 78
151 329 31 64 36
87 137 90 99 94
87 156 86 96 90
137 641 34 35 35
137 550 56 58 58
137 84 88 99 95
88 415 38 72 44
88 650 59 71 66
650 143 64 80 78
650 609 10 49 36
650 239 11 24 16
89 584 40 54 52
584 240 18 49 43
90 557 80 97 85
90 509 18 73 69
90 459 73 88 73
459 687 92 96 95
459 502 26 61 51
459 124 61 90 64
459 367 55 93 56
459 366 60 64 60
92 43 21 52 52
92 8 85 92 88
92 461 15 88 68
92 687 12 53 48
92 255 45 55 50
92 505 11 49 16
461 32 30 80 66
461 538 47 53 51
461 15 23 38 32
255 389 64 98 79
312 328 60 77 72
312 46 40 66 40
312 129 92 93 93
380 25 59 64 64
380 611 53 65 59
94 376 52 73 69
179 480 44 48 45
179 64 28 55 40
179 421 33 59 54
179 534 30 72 60
179 274 95 100 100
179 49 18 28 24
416 355 36 85 54
96 373 12 23 21
96 339 59 100 73
339 639 83 91 86
339 64 89 91 91
97 228 49 60 60
97 25 24 36 33
98 132 64 100 90
98 688 30 64 57
98 598 86 99 99
98 182 38 48 46
132 564 42 47 46
132 312 71 77 77
132 176 45 100 72
688 260 74 85 82
688 138 21 72 72
598 618 86 90 87
99 378 55 98 95
378 23 90 92 91
378 612 46 60 47
101 299 62 88 72
299 541 55 62 56
299 605 40 65 40
103 146 55 95 91
103 364 91 92 92
103 643 32 94 90
146 587 83 98 93
146 312 95 97 96
364 312 67 77 67
364 607 27 80 60
643 121 72 90 77
643 189 20 30 20
643 690 89 98 97
643 307 76 90 82
104 628 68 82 81
168 97 16 67 46
168 441 66 89 82
106 84 33 82 48
106 684 93 94 93
106 491 72 84 81
106 238 85 92 92
106 408 54 85 67
106 619 10 51 10
106 252 88 99 91
684 557 11 19 14
684 655 70 83 78
408 51 90 95 90
408 161 77 82 78
619 374 22 38 29
619 336 83 94 94
619 55 14 19 17
252 168 82 90 88
108 196 37 84 59
108 471 78 100 79
471 317 11 70 48
109 437 40 51 44
109 69 32 75 58
110 646 34 42 40
110 213 52 65 57
110 618 16 29 25
646 479 36 47 45
646 540 66 69 66
213 262 61 66 65
618 317 57 78 66
113 463 25 38 36
113 590 54 57 54
463 385 61 65 64
463 404 79 92 88
463 338 91 94 92
463 541 81 100 88
463 582 10 38 32
590 502 84 100 92
590 125 88 91 89
114 223 19 28 25
223 390 22 86 80
223 362 15 81 63
223 371 42 88 85
115 569 71 100 82
115 633 67 77 68
115 368 41 79 65
115 35 14 53 46
569 422 61 79 68
381 325 54 62 62
381 682 77 93 86
381 329 55 58 57
381 596 41 59 49
117 121 75 77 75
117 262 86 90 86
121 619 61 67 66
121 421 53 63 55
262 4 59 80 75
262 323 76 86 84
262 218 80 86 83
391 458 84 96 85
391 361 16 25 20
391 545 14 75 29
565 692 43 94 87
565 522 86 88 88
565 323 58 64 64
565 598 20 58 41
565 132 56 96 56
565 501 81 99 90
260 13 49 95 49
260 458 19 78 73
260 567 70 83 79
260 386 47 59 48
260 4 87 92 91
217 30 28 46 37
217 418 57 80 64
119 45 12 32 14
119 126 41 97 51
126 237 68 96 88
120 167 63 71 66
421 584 89 97 92
421 673 57 100 75
421 275 53 96 84
421 538 83 89 87
122 573 30 35 35
122 292 77 98 82
122 624 27 88 61
573 604 72 87 72
573 429 39 88 55
573 61 76 89 78
573 482 90 95 94
573 19 13 60 59
292 398 71 82 79
624 245 44 79 76
624 599 31 68 58
123 407 29 89 75
123 439 94 97 95
123 660 17 21 20
123 151 28 31 31
123 304 60 63 63
123 348 10 58 16
407 663 67 86 70
407 481 82 98 82
407 221 11 91 22
660 452 55 91 69
660 326 91 94 92
348 574 36 66 58
171 266 77 80 80
171 91 65 89 78
171 543 50 99 56
171 214 38 79 75
171 515 42 76 68
237 278 26 71 26
237 633 11 52 34
127 263 19 84 69
127 527 36 66 37
127 679 72 75 72
127 78 48 71 49
263 302 53 79 76
527 277 39 79 69
527 192 19 24 24
679 315 50 77 68
679 382 71 78 76
679 224 87 88 88
679 591 91 92 91
679 400 36 99 39
679 212 10 91 36
128 263 42 76 64
129 328 78 100 87
328 467 53 75 59
130 286 87 92 87
130 127 11 67 28
130 674 60 81 61
286 66 27 71 49
286 205 95 96 95
286 564 28 92 76
674 40 68 77 71
674 577 93 94 94
131 47 95 97 95
131 550 88 97 93
550 692 50 75 65
550 654 52 53 53
550 542 89 99 98
564 586 82 87 84
564 558 79 98 93
176 507 91 94 93
176 64 67 72 69
134 90 50 85 56
134 480 54 72 68
134 640 50 60 50
134 264 75 80 78
134 77 30 31 30
480 375 73 94 77
480 598 87 93 90
264 239 54 72 72
220 314 76 99 86
220 537 34 39 37
236 526 46 77 58
236 96 27 83 38
236 497 16 60 33
482 596 12 45 24
482 235 59 80 68
138 192 68 90 86
138 3 78 80 79
138 126 47 66 53
138 496 37 70 46
192 637 53 76 59
192 140 51 66 65
192 338 64 72 67
192 261 70 82 82
139 23 92 99 96
140 346 58 82 67
346 330 60 65 65
346 664 86 97 91
346 400 77 95 83
141 35 79 87 86
141 554 84 100 85
574 652 47 79 75
143 596 75 77 75
143 621 33 90 73
596 218 29 64 32
596 338 36 62 40
596 322 77 84 81
208 347 34 91 44
208 371 44 67 56
226 229 73 92 85
226 264 13 68 22
226 337 64 97 83
226 10 33 66 66
226 100 91 95 92
226 262 30 98 36
226 574 79 82 82
288 196 84 85 84
145 93 32 68 34
145 374 20 43 32
145 497 20 23 21
145 347 78 79 78
145 533 53 57 57
374 280 17 30 19
374 452 64 67 66
374 165 36 66 47
374 692 67 91 88
497 550 67 91 77
347 475 94 100 94
347 451 58 84 71
347 325 63 96 69
533 649 28 54 49
587 682 59 60 60
147 553 18 52 20
147 35 82 94 84
147 155 49 89 80
147 126 43 45 43
553 185 37 65 57
553 594 54 97 96
553 49 37 90 70
155 435 43 81 59
203 223 61 65 65
203 55 68 90 82
203 404 20 90 57
307 517 43 89 50
630 57 64 74 66
630 237 18 91 77
329 526 42 73 63
329 16 90 96 91
329 667 79 82 82
152 308 26 82 46
152 510 38 84 58
308 12 44 97 62
308 516 95 99 96
308 249 32 95 34
153 208 48 86 58
154 555 64 93 74
154 313 27 69 27
154 274 95 100 97
154 586 62 100 71
154 464 41 73 70
154 198 53 71 64
313 18 11 93 45
313 355 23 27 24
313 686 27 48 34
586 639 22 57 56
586 447 13 89 46
435 250 83 93 91
435 427 36 58 57
273 567 10 82 42
423 130 29 69 38
423 60 37 56 50
423 553 84 95 87
423 651 56 65 64
423 1 55 64 57
392 388 18 53 38
392 636 44 97 80
209 175 29 95 54
209 416 12 100 100
157 405 26 49 26
157 487 39 83 56
157 169 37 59 50
405 528 84 86 84
405 0 21 78 56
405 222 64 86 80
487 281 43 76 51
487 194 80 92 82
169 507 14 100 14
169 453 41 48 45
169 508 67 72 70
158 13 10 79 33
158 371 78 81 78
158 431 87 93 91
158 152 66 74 68
158 605 49 79 51
158 286 81 94 88
371 240 11 70 18
371 607 11 20 13
371 561 38 98 71
371 117 89 93 93
371 444 53 94 56
431 342 21 79 22
532 428 76 93 87
532 619 26 99 39
532 6 15 59 40
448 212 53 99 95
448 376 16 99 29
160 197 57 67 58
160 3 61 68 63
160 579 93 94 94
160 255 85 93 87
197 217 75 79 77
197 382 50 91 84
197 131 46 61 47
197 257 24 83 55
197 447 41 50 48
161 150 47 56 52
162 55 18 80 59
162 225 86 91 86
225 456 42 58 52
225 297 41 80 80
225 254 33 99 71
225 347 72 85 84
225 326 84 97 97
225 220 17 68 27
163 570 82 83 83
570 445 40 89 71
164 501 10 25 23
164 135 15 31 30
164 493 41 66 61
493 380 41 68 66
166 289 92 93 93
166 257 66 71 67
289 144 78 84 80
289 674 11 95 59
289 81 63 93 84
289 475 54 75 58
257 39 53 57 53
257 132 80 81 81
257 329 12 56 23
441 497 53 68 58
441 291 22 47 35
441 179 74 80 76
170 220 19 76 31
214 674 77 98 88
214 61 90 99 96
214 434 72 86 81
515 170 63 80 77
515 558 10 89 37
515 603 74 78 76
515 580 65 89 88
173 234 83 85 85
173 91 89 92 89
173 212 75 76 75
173 58 30 91 88
234 457 12 49 17
234 627 84 92 90
224 542 57 73 58
224 151 47 60 60
224 499 95 96 96
224 303 87 99 89
343 619 51 79 67
175 620 13 36 16
175 598 11 96 88
370 38 17 98 49
524 369 36 92 69
404 20 43 58 45
404 111 41 82 64
178 371 65 74 68
178 439 21 65 61
178 212 61 67 67
178 20 58 81 75
180 635 92 95 95
180 8 80 97 85
635 192 88 95 94
635 145 16 78 42
635 144 70 93 88
635 251 49 94 55
635 608 76 80 79
635 530 14 56 48
183 189 95 98 96
183 70 64 67 67
183 383 70 83 83
183 146 86 91 88
189 618 63 90 76
189 562 10 64 54
383 590 48 72 64
383 641 70 73 72
383 459 70 83 83
184 175 20 71 20
184 278 87 91 91
184 662 59 79 68
278 225 37 40 37
278 251 70 87 75
278 518 28 73 61
278 540 86 100 93
662 211 34 44 42
185 370 11 49 42
185 470 58 68 67
185 685 91 99 91
185 524 19 45 37
470 281 42 76 51
685 19 38 87 48
685 512 54 97 63
685 516 38 59 39
685 269 94 97 94
685 148 67 71 70
494 436 49 78 57
494 377 19 33 24
494 486 46 49 46
187 336 61 87 68
187 149 68 93 74
187 643 18 36 24
187 540 59 93 78
540 51 21 60 50
540 503 14 37 22
540 668 64 80 67
540 124 18 73 34
540 468 49 53 50
188 479 71 77 71
188 400 34 82 45
188 519 72 83 81
479 100 27 57 54
479 146 45 57 52
479 495 80 100 91
400 85 87 93 93
637 453 39 47 40
637 577 50 69 63
637 39 46 75 72
193 38 92 96 94
195 454 36 51 36
195 540 60 75 61
195 611 91 94 92
611 155 17 93 64
382 332 58 65 58
382 666 49 91 86
382 328 16 100 66
199 635 16 60 30
199 555 56 97 75
199 412 56 88 61
199 21 18 35 29
199 427 79 86 83
200 206 42 92 75
200 88 17 56 41
206 203 71 82 79
206 291 91 94 94
201 395 11 99 22
201 297 61 64 64
395 555 12 68 12
395 248 59 60 59
432 48 50 98 53
432 460 10 26 13
432 668 28 83 43
432 181 87 90 89
204 571 41 50 45
571 687 89 92 90
571 611 91 100 96
205 240 76 85 79
205 364 87 97 95
205 257 33 75 54
240 83 12 44 43
240 255 15 47 45
210 475 46 70 70
210 657 51 56 56
210 55 78 86 82
475 546 60 65 65
475 228 57 87 68
475 2 64 85 73
475 97 11 61 32
475 324 15 36 33
475 165 33 84 34
657 617 88 99 90
657 616 21 50 38
211 398 72 74 73
211 505 39 50 40
211 26 85 86 85
211 530 69 91 86
211 28 93 94 93
211 466 49 83 57
398 245 48 63 62
530 266 48 79 52
530 574 95 100 96
530 310 46 83 58
466 645 22 64 30
466 633 67 90 83
466 258 12 36 22
466 292 39 42 41
466 571 30 69 47
216 407 56 88 63
418 256 49 100 93
418 682 52 84 55
418 200 82 87 84
418 429 91 97 97
218 651 65 93 84
218 548 39 74 47
218 439 65 68 66
219 49 35 71 47
314 131 69 76 71
314 300 86 99 95
537 179 87 95 95
537 581 63 84 67
537 391 92 100 95
221 628 29 84 31
221 129 39 94 58
222 59 70 71 70
222 84 10 17 17
222 593 42 94 74
593 551 65 84 76
593 41 29 32 30
593 530 90 92 92
390 51 51 86 84
362 279 50 53 50
362 39 79 83 81
542 258 65 100 71
456 149 33 91 54
456 679 22 99 37
456 686 57 91 66
456 11 88 96 88
456 461 91 93 91
254 66 15 40 34
254 21 89 97 94
254 335 88 100 92
254 548 16 84 30
326 480 46 66 53
227 663 76 77 77
663 49 83 85 85
663 179 61 62 62
663 255 56 60 58
663 548 18 89 65
663 106 95 97 97
663 33 84 97 91
600 150 35 97 61
600 114 88 96 91
600 483 70 85 81
230 566 26 69 65
231 142 38 59 49
232 631 11 12 11
232 675 80 92 91
232 304 38 73 39
232 648 35 52 41
232 318 36 71 41
631 6 79 91 79
631 654 21 32 28
631 521 28 33 28
675 606 41 92 54
675 527 87 92 90
648 523 23 46 26
233 499 41 58 47
233 76 92 98 94
233 450 43 92 48
233 241 62 67 67
450 101 25 84 36
450 247 86 88 88
450 648 84 91 86
450 622 57 62 57
241 426 55 59 55
241 265 13 64 35
241 133 88 98 92
241 688 40 75 48
241 449 43 54 53
457 594 66 87 77
457 295 38 89 45
627 518 40 46 45
235 354 51 59 55
526 509 28 60 40
526 223 64 76 69
426 217 92 98 92
426 608 37 44 43
426 405 53 70 60
426 651 35 83 41
265 547 91 99 91
242 130 71 89 86
242 637 93 97 96
242 640 56 94 86
243 366 32 46 39
243 21 63 85 75
243 383 34 76 54
243 279 69 82 79
366 332 34 35 34
366 510 21 30 24
366 115 24 63 52
279 272 44 65 44
244 11 20 61 54
244 23 57 77 60
639 687 61 95 87
639 410 27 40 30
639 552 80 86 82
639 662 38 47 41
247 661 88 92 88
247 617 60 94 87
247 531 14 98 75
247 553 45 98 79
247 395 62 79 64
248 154 45 98 49
249 610 19 86 30
249 598 62 86 82
249 319 76 92 79
249 510 75 93 77
319 48 51 57 52
319 624 30 90 36
250 178 27 44 29
250 22 70 71 70
250 347 59 98 89
251 571 13 60 57
251 647 71 96 72
251 69 83 92 87
251 350 64 90 84
251 484 57 71 69
251 479 33 93 52
647 292 77 80 78
350 408 87 95 95
350 377 20 22 20
350 160 26 39 28
350 163 52 66 65
484 196 20 73 37
484 594 94 96 95
677 185 80 97 85
677 149 21 60 46
335 456 93 97 93
389 198 78 79 78
256 199 79 94 91
256 382 11 19 15
258 79 43 85 76
258 73 16 46 38
258 10 91 96 93
458 604 35 78 76
386 402 82 88 88
320 244 63 69 68
320 491 76 78 76
323 42 53 62 60
323 328 16 65 34
547 28 68 92 81
547 556 41 82 57
267 621 69 94 94
267 394 90 97 93
267 223 47 71 71
282 610 67 88 70
269 206 95 98 97
269 413 65 100 75
269 638 69 97 89
638 349 78 90 84
638 609 72 89 84
638 148 44 45 45
638 611 49 63 55
270 605 89 94 89
270 417 25 87 45
417 465 65 94 79
417 583 66 76 73
271 18 21 49 38
271 305 84 99 93
305 578 86 93 91
305 159 13 86 30
528 611 35 100 49
528 50 93 97 97
276 4 18 69 44
276 27 56 97 67
276 389 62 75 70
276 341 70 83 77
341 585 65 94 91
341 611 91 100 95
341 392 43 74 43
341 343 84 93 89
277 39 38 83 58
277 118 18 86 85
277 575 54 90 57
575 540 58 83 66
575 480 82 99 89
575 391 17 60 24
518 297 14 58 40
518 508 43 75 54
518 672 83 90 88
280 506 87 94 93
280 535 29 31 31
280 289 45 87 82
506 33 83 92 86
281 573 30 72 52
283 109 46 80 58
283 253 36 84 58
284 613 11 60 30
284 291 59 81 76
285 164 17 81 32
285 354 38 45 38
539 391 41 97 52
294 653 83 84 84
294 393 85 99 98
294 163 71 90 86
294 130 94 99 96
295 420 26 47 41
296 386 70 92 75
296 20 66 73 67
511 505 93 96 95
511 504 44 92 87
490 597 67 76 72
300 334 47 100 84
334 203 75 94 80
334 119 78 79 78
334 392 38 44 41
334 606 38 71 56
572 647 90 94 92
306 551 18 36 30
306 36 26 89 30
306 402 67 70 68
306 153 77 92 79
306 100 70 86 85
306 448 84 93 89
551 444 61 69 64
551 599 76 90 87
402 372 15 95 33
517 611 29 88 54
517 301 25 36 32
517 216 47 67 58
516 348 13 81 35
516 160 32 71 62
309 666 33 80 76
666 437 52 73 58
310 479 74 96 92
310 214 10 34 26
310 312 49 74 70
310 219 47 81 75
310 645 60 74 74
310 277 43 77 52
310 617 54 86 61
645 349 51 98 76
645 665 55 64 60
645 216 21 22 21
311 515 94 99 98
311 460 24 69 61
460 28 66 81 78
460 213 66 82 69
460 572 75 84 76
686 533 27 37 28
686 542 26 88 28
315 231 25 88 75
315 214 91 98 96
317 156 70 78 75
345 550 52 73 73
345 283 38 53 40
322 24 47 86 48
322 501 65 82 70
324 684 20 99 92
325 356 91 98 94
325 61 51 68 63
325 462 29 83 72
467 287 23 86 33
467 691 44 89 80
467 681 84 99 86
467 653 39 60 51
667 237 40 84 45
667 333 73 83 79
333 501 65 93 92
333 302 55 63 59
333 84 91 95 93
331 334 75 95 94
331 212 27 70 28
644 26 68 84 80
644 310 87 93 93
644 12 41 45 42
644 254 64 85 80
340 504 53 84 74
340 492 75 87 86
340 555 39 44 40
504 294 69 96 86
504 126 29 81 51
504 286 15 34 34
504 279 32 53 35
492 99 65 73 72
492 446 70 100 93
342 507 24 52 36
344 57 86 97 93
344 264 25 47 28
344 407 49 67 56
351 577 66 76 71
351 30 73 96 74
577 288 32 59 36
352 464 79 93 85
352 392 43 82 76
352 67 68 78 71
352 427 14 31 27
352 585 93 94 94
538 372 79 90 89
538 32 73 100 73
503 467 86 87 87
503 234 59 79 73
360 330 65 86 68
360 34 94 100 97
361 602 34 67 40
361 106 88 100 90
361 149 19 61 52
363 378 50 74 56
363 73 86 91 89
363 660 70 93 74
363 226 55 75 65
363 207 70 87 76
363 489 32 91 65
365 117 86 95 93
367 254 21 47 32
367 573 61 95 85
588 643 15 84 15
588 323 60 82 70
588 409 24 33 30
588 527 64 83 73
588 367 21 54 48
369 439 20 80 63
369 374 36 39 38
369 279 25 33 28
369 395 81 96 96
561 259 90 92 90
444 481 10 13 11
444 361 94 97 97
372 448 38 96 40
372 523 26 82 54
452 379 35 92 46
452 408 76 93 81
692 650 90 91 90
375 476 92 96 93
614 259 20 42 38
614 641 36 41 36
614 391 33 63 38
614 252 25 44 27
614 410 71 79 74
430 184 31 54 48
430 8 60 62 60
430 423 87 93 91
612 501 91 97 94
612 6 81 100 81
612 91 72 99 89
379 463 36 58 51
379 152 16 99 75
379 689 31 65 60
689 270 79 80 80
384 479 76 100 98
385 306 85 95 92
385 101 37 66 48
385 447 48 98 71
385 397 20 26 20
385 99 17 25 24
545 150 51 81 77
545 188 11 55 23
545 355 13 16 14
485 276 93 100 100
485 185 68 91 88
396 629 50 71 71
629 551 54 91 68
445 542 35 46 45
445 339 42 59 54
445 427 19 50 40
399 143 92 98 96
399 59 39 80 76
399 665 80 84 84
399 354 47 60 50
401 492 71 79 71
401 463 67 77 67
401 351 94 100 97
403 162 28 63 31
403 161 12 65 33
403 378 11 54 13
406 312 18 53 47
406 373 26 36 27
481 321 33 99 36
409 164 86 98 90
409 189 36 99 96
409 285 76 87 80
410 166 31 49 48
410 579 23 52 36
549 503 51 62 60
549 481 42 85 70
414 688 80 87 85
583 244 26 95 93
583 163 84 94 85
583 527 38 70 49
422 378 67 72 70
422 393 10 13 13
424 309 95 100 96
424 525 41 46 45
424 536 12 70 67
424 618 16 62 34
525 604 55 82 82
525 690 34 72 70
536 207 89 93 92
536 305 87 88 88
536 21 77 96 80
536 48 28 30 30
425 487 75 83 75
425 575 44 78 44
428 265 29 83 66
428 461 84 91 91
428 249 13 34 15
512 669 79 81 81
512 684 48 82 81
668 495 44 51 50
668 2 75 91 91
668 200 49 56 53
433 175 89 94 94
433 397 25 55 54
436 153 84 87 87
436 271 59 71 63
436 411 94 97 95
438 87 92 93 92
438 222 73 79 75
440 367 59 80 77
442 332 53 74 70
443 152 76 79 78
443 401 62 68 68
446 134 59 65 59
446 229 28 51 31
446 53 52 73 61
446 45 11 73 32
446 364 74 88 83
446 680 35 54 51
680 183 59 62 59
680 80 49 66 57
622 532 91 95 94
615 159 36 48 45
604 145 85 91 88
502 280 31 73 31
502 683 40 59 41
502 611 66 93 83
502 272 86 90 86
691 479 71 93 74
691 49 53 86 60
691 255 88 90 89
691 613 25 78 78
681 46 89 95 92
681 349 71 98 91
681 569 20 34 22
681 62 16 22 21
468 175 26 28 27
468 378 25 41 30
468 687 67 98 89
473 163 76 87 81
473 107 73 87 80
473 208 50 54 54
473 242 87 94 91
473 346 25 78 32
474 310 31 33 31
478 37 42 45 43
478 547 62 87 62
478 280 42 54 45
478 655 15 30 20
655 395 50 59 53
486 152 87 97 91
486 626 37 56 49
486 645 81 100 88
486 38 85 97 88
486 177 85 98 87
683 396 86 89 87
669 404 74 93 80
669 217 24 96 30
669 176 16 83 25
669 363 85 93 87
669 644 89 93 90
514 298 11 81 43
514 659 76 80 79
514 570 82 86 82
514 22 59 63 60
558 49 33 79 46
558 378 36 43 39
580 95 45 96 77
580 125 73 84 81
672 616 87 96 93
672 442 49 84 59
672 646 25 43 32
672 31 63 76 76
592 167 90 94 93
592 66 61 81 61
592 414 13 91 91
592 537 56 85 69
592 60 90 99 92
592 176 14 41 33
581 593 91 97 92
581 537 68 80 68
581 61 74 87 82
522 216 45 59 48
522 546 48 94 75
522 602 92 99 96
522 11 60 76 64
522 572 45 77 76
522 110 64 76 70
529 149 79 88 80
529 401 66 72 68
529 248 19 40 22
529 546 95 99 96
552 184 79 100 81
576 335 12 36 23
576 640 79 85 83
556 273 22 95 40
556 574 33 82 67
599 299 72 100 100
560 339 44 61 58
563 55 47 63 50
563 92 79 100 96
563 33 60 69 66
589 103 55 80 72
589 686 28 31 30
589 375 20 41 41
595 588 63 74 67
595 444 65 70 70
601 134 77 100 79
601 570 85 98 87
609 55 78 87 87
616 350 90 91 91
616 320 35 53 37
623 177 53 99 97
623 540 14 86 39
676 298 30 49 40
676 572 46 64 62
676 297 79 81 80
676 691 54 61 56
676 434 16 19 19
642 204 73 99 99
642 499 77 82 80
670 562 63 91 89
656 607 35 80 37
658 405 74 90 81
658 182 13 33 26
658 343 74 100 87
0 692
