31 96
0 30 95 99 98
0 6 80 86 81
0 20 16 87 48
0 16 80 94 82
0 11 24 72 47
30 21 12 45 45
30 14 80 98 92
30 24 75 92 85
30 22 57 58 58
6 22 76 100 98
20 13 35 63 52
20 23 68 73 70
20 30 21 90 65
16 13 32 73 54
16 2 67 85 70
16 24 25 38 30
1 28 93 100 96
1 2 33 58 38
1 4 40 77 69
28 19 39 46 39
28 14 90 92 90
2 29 17 91 24
2 5 88 93 90
2 0 89 97 91
2 15 53 84 73
2 28 62 87 81
2 4 64 90 82
4 27 51 59 52
4 18 80 89 81
4 8 48 50 50
4 23 32 86 81
29 18 66 76 74
29 5 77 83 82
5 16 84 90 87
15 7 22 76 43
3 9 46 65 50
3 16 57 76 74
9 10 71 84 80
27 22 30 51 47
27 20 76 99 81
27 28 22 80 72
27 7 36 62 46
18 12 13 61 35
8 23 45 92 72
8 19 26 96 80
8 24 95 98 96
23 9 81 98 92
23 1 88 93 91
23 8 60 64 63
7 29 31 62 57
7 3 95 99 96
19 6 34 90 85
19 11 37 76 64
19 23 65 79 65
19 24 88 94 92
24 6 62 91 80
24 16 44 69 49
24 19 88 89 88
24 18 12 41 12
24 9 33 94 63
10 2 29 31 30
10 27 26 45 37
12 26 95 99 97
12 22 46 71 66
12 20 23 36 36
12 0 94 95 95
12 27 76 83 79
26 6 78 96 80
26 3 48 65 51
13 24 41 74 45
13 27 38 80 76
13 11 24 27 26
14 5 79 93 82
14 23 60 64 63
14 29 40 57 50
17 22 44 68 44
17 19 32 93 67
17 15 57 79 76
17 8 40 99 55
17 25 74 75 74
25 22 48 81 58
25 7 15 62 48
25 24 45 59 52
25 29 36 98 92
25 0 27 39 28
25 8 13 52 26
25 17 81 86 86
21 26 70 91 88
21 25 45 52 45
21 9 55 91 76
21 2 16 82 52
21 5 13 28 15
21 8 40 98 67
21 30 75 99 98
21 29 29 92 43
21 24 27 88 57
0 30
