115 292
0 58 47 68 68
58 32 33 47 34
58 84 56 99 80
58 111 27 44 35
1 87 83 87 87
1 45 48 64 59
1 57 59 74 68
87 76 56 97 64
87 62 45 84 69
87 44 88 97 92
87 31 59 68 59
45 51 11 92 91
45 97 77 79 78
45 67 37 58 50
45 113 73 74 74
45 40 45 76 60
57 31 87 95 94
57 54 18 40 26
57 109 12 85 45
2 99 79 82 79
2 107 10 97 58
2 72 60 73 67
2 71 30 98 95
2 89 55 59 58
99 85 71 83 80
99 47 16 60 22
99 63 88 97 97
99 36 84 96 84
99 69 84 95 93
107 15 50 71 62
107 25 48 86 60
72 66 82 86 84
71 21 89 98 91
71 32 68 77 72
71 10 60 65 65
3 73 95 98 95
3 95 95 97 97
95 70 12 33 20
95 30 66 82 67
95 36 36 58 49
95 19 90 91 90
5 79 37 87 45
5 63 91 98 92
5 32 70 85 70
79 62 72 73 73
79 16 12 70 61
63 23 88 91 88
63 102 65 70 67
63 96 21 73 23
63 17 33 95 59
32 74 64 74 72
32 15 76 95 88
32 7 83 89 85
6 32 73 96 76
6 78 82 97 87
6 57 83 95 83
6 88 16 97 59
78 68 78 84 80
78 80 70 77 77
78 4 28 31 30
88 47 93 100 98
88 32 34 58 36
88 14 46 69 49
7 49 51 89 53
7 91 28 72 45
7 40 27 43 35
49 25 39 60 57
49 9 29 65 36
49 53 16 68 62
49 64 66 80 72
91 65 80 96 84
91 97 48 92 81
40 97 58 71 71
40 94 28 91 65
40 81 86 98 90
40 13 78 88 83
40 22 34 53 34
8 23 54 99 87
8 40 28 59 48
8 102 31 79 75
23 38 62 76 72
102 9 50 100 80
102 69 19 21 20
9 91 14 52 31
9 55 59 63 63
55 75 33 85 81
55 99 23 25 24
55 28 85 90 89
55 114 35 84 81
10 50 95 99 99
50 14 47 62 51
50 56 80 86 80
50 36 26 33 33
50 86 49 92 73
50 48 41 96 46
11 81 13 33 25
11 70 38 100 98
11 7 38 65 59
11 24 65 81 68
11 72 56 93 91
81 8 36 47 43
81 21 40 61 55
81 24 45 55 46
81 107 35 59 46
70 44 41 85 84
70 38 81 82 82
70 86 14 100 56
70 90 60 100 89
70 50 34 97 49
24 95 92 97 96
24 98 50 89 72
12 64 62 63 63
12 110 23 47 47
64 14 68 81 75
64 91 53 80 57
64 41 51 73 56
110 74 25 65 48
13 51 65 92 81
13 58 53 61 60
13 40 61 85 75
13 65 77 95 78
51 54 19 45 24
51 101 93 95 94
65 2 30 32 30
65 76 30 39 38
65 74 17 24 21
65 105 53 88 63
65 87 87 92 89
65 14 33 86 35
65 90 53 62 55
15 45 91 97 94
16 15 36 90 81
17 111 45 58 46
17 67 86 89 87
17 18 43 93 90
111 109 36 60 60
111 114 46 81 50
67 63 85 97 87
67 71 77 78 77
19 24 54 79 61
19 48 31 47 39
48 64 35 54 53
20 44 12 60 49
20 109 76 100 90
20 80 14 76 49
20 64 21 64 54
44 68 55 58 58
44 77 32 68 63
44 35 26 79 30
109 80 54 66 63
80 44 17 39 21
80 114 90 91 91
21 28 59 100 100
21 97 91 93 93
21 90 93 100 96
21 114 60 88 88
97 103 45 99 74
97 22 31 80 64
90 76 65 76 72
90 15 51 86 52
90 1 55 91 70
114 54 88 90 88
114 31 42 61 47
22 35 65 87 74
22 42 39 56 51
22 66 21 40 32
35 0 39 78 53
42 79 39 94 47
66 73 40 58 51
66 5 30 57 55
38 19 60 89 63
38 11 79 80 79
38 103 89 96 90
38 58 11 65 36
98 68 78 80 80
98 2 85 88 85
98 63 79 96 96
25 36 88 96 94
25 17 53 88 59
36 60 67 97 89
26 44 77 97 82
26 69 82 95 85
26 96 84 89 86
26 99 15 58 21
69 20 33 45 35
96 79 10 60 17
96 76 65 82 77
96 111 74 93 79
27 15 18 83 23
29 11 92 100 97
30 24 35 79 58
30 8 43 76 56
31 33 22 96 27
31 54 41 93 58
31 96 16 85 64
33 108 75 81 79
54 72 11 76 55
54 18 66 69 66
54 68 47 72 50
74 114 67 74 71
74 93 19 36 35
74 27 57 69 61
108 37 19 83 25
108 111 47 97 60
108 90 64 92 76
34 60 81 88 83
34 68 87 94 94
34 71 79 91 81
34 65 61 72 62
60 91 92 96 94
60 37 37 93 43
68 34 85 88 85
68 95 55 73 55
68 109 75 83 82
37 25 16 99 77
37 81 29 76 39
37 1 31 44 43
37 9 71 80 71
37 99 42 72 50
37 44 24 33 33
37 70 80 88 87
103 100 72 79 76
103 73 26 74 34
103 36 86 99 89
39 90 92 99 97
39 88 74 88 78
39 3 36 52 38
39 95 92 96 96
94 65 10 59 39
94 45 18 83 44
94 86 43 52 49
41 87 71 93 77
41 90 48 65 53
41 84 70 92 76
84 72 68 82 72
77 52 82 93 87
113 60 89 98 89
113 81 37 93 46
46 86 17 85 26
46 12 75 80 77
46 70 49 83 60
86 34 14 53 18
86 60 52 63 58
47 94 34 62 52
47 108 49 79 68
53 29 17 39 37
53 18 37 65 65
56 10 40 54 47
56 93 39 54 53
56 57 90 96 95
56 106 10 74 28
101 66 69 75 75
52 85 29 55 52
52 4 53 54 54
52 113 42 73 53
52 108 82 84 84
85 74 42 53 51
75 14 49 73 68
75 23 38 56 53
75 98 63 70 66
93 98 15 100 39
93 107 67 83 78
93 13 57 71 58
106 100 16 90 31
106 66 40 95 88
59 78 40 94 73
59 72 68 86 68
59 23 48 56 52
59 12 32 43 34
61 41 55 72 61
62 18 89 96 96
62 44 44 73 56
76 92 72 98 72
76 50 60 88 81
76 103 39 63 57
105 100 68 69 69
105 18 45 85 80
105 94 68 89 88
92 53 25 90 62
92 60 83 97 90
92 20 41 48 47
82 66 32 67 58
82 30 72 81 72
83 43 16 39 28
83 112 27 76 34
112 22 70 78 76
100 35 59 92 86
100 46 45 98 95
104 17 78 95 95
104 50 29 87 53
104 44 31 49 31
104 74 19 35 32
0 114
