755 2328
0 312 45 86 47
0 489 60 97 76
0 409 72 85 80
0 523 86 93 90
312 372 57 99 64
312 123 81 85 84
312 730 18 69 51
489 668 18 44 21
489 514 34 95 42
489 498 68 89 72
523 301 47 89 86
523 130 33 43 42
523 331 60 99 98
1 471 49 65 53
1 25 67 98 80
1 286 51 86 73
1 174 78 94 89
1 561 73 94 88
471 415 59 98 76
25 234 87 96 95
25 507 86 93 89
286 96 53 90 80
286 366 77 91 78
286 506 55 92 71
174 575 13 67 65
174 223 73 84 79
174 33 68 93 78
174 205 77 86 84
561 437 12 26 14
561 431 86 99 98
2 334 38 72 64
334 81 49 80 76
334 27 32 46 41
334 224 55 65 57
334 745 32 35 33
334 535 40 65 52
4 248 59 80 61
248 674 64 75 73
5 630 19 57 50
5 748 69 83 77
630 117 60 83 64
630 573 51 56 56
748 147 21 79 73
6 578 56 73 57
6 427 93 99 94
6 587 42 77 46
427 415 36 68 67
427 218 73 82 79
427 544 60 78 73
427 325 57 83 63
427 533 79 94 80
427 307 80 82 82
427 458 67 94 83
587 583 93 98 95
587 183 12 58 14
587 26 50 71 64
587 703 60 73 62
587 97 30 100 75
7 242 85 90 86
7 427 60 96 80
7 695 51 66 54
7 599 65 95 80
7 512 75 81 80
7 149 47 75 49
242 178 37 58 47
242 701 25 44 28
695 109 63 80 66
695 694 92 94 94
695 535 40 58 49
599 573 80 90 86
512 711 95 97 95
512 38 20 38 33
8 229 72 78 77
8 577 82 96 89
8 436 13 88 13
229 337 83 91 83
229 38 31 39 32
577 100 33 52 44
436 333 67 84 75
436 339 88 95 95
436 503 60 84 72
436 143 61 77 69
436 536 26 58 54
9 4 41 84 45
9 709 25 58 35
709 574 68 86 82
709 112 63 92 63
709 59 26 69 48
709 163 29 91 84
10 466 35 100 49
10 89 37 72 55
10 201 84 94 85
466 715 65 88 87
466 95 49 86 54
89 231 10 59 45
89 623 28 38 31
89 383 68 72 72
201 529 54 77 60
201 334 76 91 84
201 355 31 54 42
201 524 87 100 90
201 476 51 65 51
201 502 65 97 91
11 224 46 66 48
11 394 59 79 71
224 155 60 88 76
224 63 26 27 26
394 254 12 46 22
394 701 87 95 94
394 216 61 68 67
12 331 84 99 92
12 181 65 96 83
12 300 81 82 82
12 462 21 91 77
331 423 15 53 29
331 209 77 90 78
331 585 20 84 59
181 462 40 87 49
181 394 56 81 64
181 508 11 38 19
181 718 86 94 91
300 76 54 61 55
300 515 72 86 77
300 72 65 80 80
300 277 18 93 44
462 330 48 53 50
462 492 51 89 89
13 536 21 92 45
13 295 68 72 69
536 294 87 99 87
536 512 73 78 73
295 556 53 97 57
14 740 39 55 42
14 294 59 74 67
740 176 62 94 72
740 458 20 48 33
294 108 84 91 86
294 645 24 57 55
294 156 15 75 43
294 514 57 96 57
15 134 62 75 73
15 132 42 49 45
15 169 30 67 31
15 149 18 77 30
134 737 85 96 94
134 423 56 76 76
134 538 52 55 55
134 90 85 94 89
132 643 33 37 33
132 464 26 39 28
132 115 59 89 76
132 479 68 80 80
132 401 40 96 64
132 683 83 91 90
169 508 88 100 93
169 661 46 80 55
169 464 37 52 41
16 695 27 38 32
16 528 61 92 64
528 125 93 95 94
528 681 51 54 51
528 453 18 33 28
528 748 94 98 96
528 421 91 93 91
17 387 82 99 82
17 66 60 71 65
17 334 58 65 62
17 538 92 98 98
17 422 59 88 88
17 732 50 88 58
387 228 90 94 94
387 220 47 94 47
66 541 23 46 35
538 419 78 86 80
538 255 31 49 39
538 84 67 70 70
538 450 76 77 77
422 141 13 64 19
732 139 84 88 84
732 665 94 97 96
18 540 10 62 23
18 343 27 41 30
540 114 31 39 32
540 300 69 90 76
540 445 50 57 57
343 29 68 80 76
343 705 84 92 89
343 186 11 91 72
19 446 50 74 54
19 367 76 93 87
446 419 95 98 96
446 672 90 98 97
446 600 35 80 58
20 447 36 54 52
20 114 41 44 41
447 481 64 74 74
447 446 64 71 65
447 92 11 63 44
447 561 61 66 63
447 35 60 84 75
447 303 42 62 51
114 279 95 97 96
114 28 44 62 60
114 548 75 100 78
21 651 47 76 52
21 326 89 94 93
651 461 47 85 50
651 411 15 81 21
326 211 90 95 94
326 363 63 84 68
326 244 65 91 77
22 653 49 95 69
22 293 59 94 86
22 655 66 86 84
22 649 50 91 81
653 339 49 94 73
293 741 92 97 96
293 435 58 98 59
293 319 71 74 73
655 178 65 96 75
655 61 25 32 25
655 9 46 96 56
655 564 36 85 39
649 187 92 93 93
649 383 11 92 39
649 304 14 96 62
23 677 38 53 51
23 276 78 83 80
23 319 43 55 45
23 174 83 96 85
677 164 52 83 53
276 539 64 71 67
276 22 72 87 75
276 124 95 100 95
276 510 10 96 30
276 670 10 18 14
276 677 64 97 75
276 386 30 67 44
319 607 13 54 54
319 129 48 76 63
319 672 57 87 77
319 32 68 94 70
319 164 92 97 94
319 566 67 82 80
319 216 92 98 94
24 596 89 99 97
24 278 70 91 78
596 460 48 71 50
596 602 70 79 73
596 573 24 47 33
278 340 73 97 83
278 551 29 71 57
234 747 37 60 51
234 1 20 33 28
234 355 15 26 22
234 526 31 78 50
507 362 44 59 48
26 46 41 99 91
26 637 71 74 74
26 481 94 98 97
26 548 70 90 81
26 569 67 93 68
26 541 51 100 53
46 321 31 70 51
46 565 28 93 67
637 23 87 92 89
637 162 42 67 67
481 210 47 84 65
481 458 42 99 85
481 413 91 100 95
481 687 24 34 32
481 716 34 90 56
481 589 56 65 61
481 24 20 86 50
548 91 69 90 69
548 64 47 56 54
548 574 55 71 58
569 517 71 93 90
569 454 42 54 46
541 308 43 75 55
27 560 60 78 72
27 708 65 92 65
27 655 82 87 87
27 44 17 47 40
560 364 59 62 61
560 157 30 59 55
560 150 31 73 65
560 534 32 58 39
708 621 42 88 68
708 97 25 56 49
708 184 61 71 64
44 335 61 96 86
44 101 51 58 56
44 121 17 76 56
44 189 38 95 94
44 267 48 76 69
28 524 13 33 22
524 691 27 41 29
29 581 11 36 34
29 419 16 48 28
29 533 35 74 38
581 224 81 82 82
581 220 73 76 76
581 148 67 100 76
419 459 27 39 36
419 753 28 29 29
419 624 12 35 15
419 632 60 67 62
419 508 81 83 83
419 387 61 83 83
419 410 26 57 46
533 253 37 89 62
533 272 69 72 69
533 395 57 63 59
533 748 49 81 56
533 584 26 73 64
30 60 43 61 46
30 282 44 88 50
60 324 76 89 77
60 62 92 98 98
60 400 65 86 66
60 479 59 77 70
60 207 90 95 95
282 162 14 77 27
282 617 44 95 55
282 432 69 91 76
282 305 51 68 61
282 48 93 98 94
31 263 49 65 56
31 575 11 45 14
31 238 86 99 89
31 700 39 67 44
31 324 24 72 58
31 93 52 68 55
263 223 88 93 90
263 613 93 100 93
263 144 58 95 58
263 654 33 85 70
575 594 11 37 34
575 375 90 92 92
575 581 85 99 97
575 460 11 89 46
238 737 21 61 52
238 475 93 100 94
700 73 60 67 60
700 696 93 99 96
324 20 63 88 76
324 671 59 89 65
324 264 63 72 68
324 100 64 70 66
93 565 93 99 96
93 294 64 88 70
32 558 92 98 93
32 143 27 55 55
32 430 64 82 71
558 210 76 95 86
558 446 93 97 97
558 278 14 58 43
558 90 73 75 74
558 174 31 43 39
558 488 23 31 23
143 155 17 82 72
143 621 80 91 86
143 113 86 97 86
430 554 11 92 64
430 561 82 95 90
430 244 67 80 79
34 500 11 16 13
34 380 92 96 92
34 517 30 47 42
34 365 64 96 84
500 519 35 74 63
500 305 31 71 43
500 563 54 72 72
380 37 23 63 37
380 443 62 77 77
380 506 50 93 64
380 361 76 97 93
365 99 29 64 30
365 593 86 93 88
35 355 42 60 43
35 430 62 72 72
355 46 62 82 70
355 149 81 88 86
355 724 41 64 51
355 638 63 95 86
36 596 43 55 54
36 476 44 69 64
476 501 67 92 88
476 609 88 93 89
37 36 61 81 70
37 357 39 96 77
37 424 14 30 16
424 304 33 98 61
424 446 23 73 40
424 274 64 94 67
424 66 80 88 86
38 571 61 95 76
38 726 57 80 59
38 593 19 49 42
571 174 46 99 70
571 379 12 44 43
571 584 15 84 43
571 12 39 91 73
726 645 95 99 98
593 715 77 82 79
39 507 56 65 62
39 71 19 98 44
71 468 64 82 68
71 178 15 75 25
71 517 75 90 84
71 13 17 87 79
40 329 56 87 84
40 352 53 80 66
40 280 77 85 83
329 159 56 74 56
352 402 82 94 85
352 571 75 100 79
352 518 77 86 84
280 409 51 90 77
280 623 75 84 80
280 132 21 77 38
280 394 47 87 71
41 320 78 87 80
41 609 82 87 84
41 114 44 85 66
41 274 55 87 57
41 234 32 67 59
320 562 41 42 41
320 713 52 64 55
274 529 83 85 83
274 103 18 93 70
274 367 25 70 59
274 301 55 98 83
274 541 16 66 38
274 199 67 100 100
42 17 62 88 72
42 357 73 85 80
43 525 53 58 55
43 41 84 90 90
43 470 37 61 61
43 629 67 98 71
525 40 95 97 95
525 505 80 89 87
525 324 23 91 42
470 51 55 96 95
470 185 41 48 48
470 87 10 84 64
470 78 62 91 85
470 709 38 57 40
470 574 21 48 27
629 511 45 47 45
629 442 57 86 81
629 716 49 97 53
629 184 31 35 31
335 728 67 95 77
335 539 80 88 88
335 168 57 87 63
335 135 68 97 74
335 735 35 44 41
335 55 25 45 29
335 93 64 68 66
101 298 51 86 64
101 620 62 99 66
121 158 89 100 89
121 668 95 100 96
121 87 20 95 71
189 576 67 96 76
189 616 33 60 47
189 662 42 59 59
189 451 40 82 67
189 73 12 24 20
267 506 12 93 46
267 498 57 59 57
267 203 40 84 63
45 542 43 99 73
45 484 12 99 54
45 583 77 80 77
45 273 44 53 45
45 486 73 85 84
542 285 81 87 84
542 615 35 60 47
542 124 79 86 84
542 407 12 60 32
484 248 13 75 44
583 536 84 89 84
273 281 48 83 53
273 1 87 94 87
273 154 79 83 83
321 418 91 92 91
321 644 20 78 24
565 615 81 86 85
565 51 43 64 59
565 512 30 46 42
565 598 51 82 54
565 272 49 99 55
47 507 90 99 97
47 44 52 67 58
47 290 80 93 80
47 190 59 84 61
47 703 81 85 82
290 486 90 93 93
290 53 68 87 87
290 723 84 92 89
190 198 20 91 34
703 412 40 60 44
703 581 54 87 54
48 339 34 55 47
48 138 66 73 72
138 703 91 96 95
138 243 21 72 30
49 680 15 43 32
49 669 16 84 68
49 602 65 98 65
680 182 29 43 34
680 338 47 76 62
680 692 10 94 15
669 705 38 96 93
669 521 87 96 90
602 517 36 96 39
602 194 26 62 54
50 320 15 67 23
50 620 90 99 99
50 549 61 70 63
50 588 66 89 82
620 117 93 96 95
620 163 26 70 69
620 252 26 63 31
620 446 90 94 93
588 170 24 69 39
588 33 77 82 81
588 384 21 75 42
51 250 46 89 57
250 669 56 99 79
250 714 54 61 59
250 271 81 96 91
250 418 84 92 85
52 32 93 98 95
52 592 53 79 59
592 433 65 82 81
53 738 86 98 97
53 290 94 98 96
53 152 49 57 57
53 503 40 90 72
738 156 38 41 39
152 705 79 84 80
152 297 94 98 98
152 265 85 91 88
503 485 13 71 37
503 426 49 99 62
503 0 87 91 88
503 297 16 83 72
55 359 77 92 85
55 746 42 78 63
55 194 81 99 83
55 424 78 98 85
359 290 15 93 40
746 510 46 65 50
746 465 70 81 70
746 480 40 85 66
746 39 64 70 66
746 238 42 95 86
746 625 43 56 55
746 167 31 35 33
746 743 19 29 20
194 251 58 84 78
194 665 76 83 81
56 191 19 94 71
191 117 29 88 46
191 167 57 79 69
191 316 93 100 96
57 597 18 68 57
57 1 54 63 55
57 376 69 83 79
57 626 47 91 50
597 440 57 90 83
597 95 53 94 53
376 352 67 88 72
376 673 61 78 65
376 359 16 29 29
376 537 65 67 67
626 582 45 76 69
626 691 22 41 41
58 295 44 78 49
58 398 28 74 58
58 3 24 80 40
58 599 66 76 69
58 498 72 99 82
58 300 53 95 94
398 734 76 98 79
398 657 59 81 64
498 550 79 91 83
498 697 32 39 39
59 354 41 75 59
59 489 23 78 38
59 8 48 74 54
59 698 51 98 51
354 416 61 73 67
354 409 29 30 29
698 377 84 100 90
698 315 78 92 79
698 685 82 83 83
698 723 31 36 36
698 341 46 49 46
62 326 75 99 89
62 158 93 97 95
62 73 84 90 90
479 246 36 94 80
479 247 92 98 94
479 421 50 57 50
479 202 93 97 94
479 0 15 69 66
207 679 46 96 56
207 113 75 97 95
207 487 75 94 77
207 183 95 100 100
207 300 80 98 93
207 480 44 90 70
61 659 14 20 14
61 242 37 81 66
61 485 92 100 93
659 415 47 62 57
485 49 36 67 65
485 336 47 70 61
485 11 21 57 33
158 600 46 89 73
158 641 16 40 39
158 619 22 70 39
158 597 88 90 90
158 309 81 85 82
158 651 17 83 38
73 348 94 100 99
73 53 10 21 18
73 646 90 91 91
63 106 11 65 64
63 640 36 66 64
63 747 50 73 55
63 655 78 87 85
106 476 75 95 94
640 129 71 81 75
640 373 19 56 39
747 656 64 70 70
747 11 66 67 66
747 382 16 85 17
747 742 17 38 33
747 446 80 93 89
64 544 18 43 32
544 277 79 81 81
65 11 35 85 45
65 687 67 85 77
687 420 19 86 42
687 95 69 80 74
687 228 29 87 82
687 88 27 34 34
687 140 17 71 48
687 29 77 88 87
687 326 36 56 56
67 203 55 96 55
67 510 13 47 13
67 640 33 90 90
203 557 49 68 52
203 699 63 80 70
203 417 15 24 17
510 681 35 64 40
68 241 88 92 88
68 120 77 95 82
68 264 88 92 91
68 491 84 98 94
241 680 86 97 91
241 268 32 71 33
241 459 18 44 39
120 626 72 87 75
120 96 30 48 43
120 110 57 85 77
264 386 18 38 20
264 326 26 84 82
491 112 54 62 59
69 685 53 58 56
69 479 87 99 95
685 196 36 70 53
685 320 54 92 77
685 492 58 100 97
685 408 40 49 49
685 697 20 51 39
70 626 92 94 94
468 201 62 84 77
468 490 79 86 84
468 577 45 67 66
178 438 12 20 19
72 680 63 96 94
348 346 70 99 83
348 432 21 53 48
74 80 38 80 68
74 363 26 86 46
74 115 30 42 42
80 346 74 89 76
80 212 30 81 32
80 485 21 40 36
80 671 25 83 40
80 73 11 50 11
80 47 55 77 74
80 482 82 99 99
363 461 92 93 93
363 231 22 23 22
363 241 73 97 74
363 447 37 61 56
363 18 80 88 80
115 461 22 36 33
115 44 47 89 68
115 288 90 97 92
115 579 11 100 57
115 56 91 96 91
115 122 80 97 94
75 598 42 93 44
598 604 64 66 64
598 64 58 74 61
598 91 14 92 81
76 60 17 82 24
77 326 65 83 70
77 633 11 43 12
77 285 67 88 71
633 361 85 87 86
633 216 77 89 80
633 408 59 99 75
285 308 74 99 89
285 46 58 76 63
78 627 73 78 75
78 58 72 96 73
78 71 77 80 79
78 324 26 43 34
78 663 27 89 69
78 464 40 90 58
78 371 39 94 51
627 603 65 75 65
627 88 89 96 94
627 393 19 25 24
663 314 77 85 81
464 559 46 71 65
464 678 44 51 51
371 586 10 13 13
371 38 30 32 30
371 435 86 97 93
79 501 91 92 92
79 333 48 57 52
79 215 39 75 56
79 409 84 93 89
501 44 79 97 91
501 604 86 91 89
501 566 62 71 71
501 335 10 80 35
501 33 14 92 17
333 91 46 91 60
333 550 41 46 44
333 264 80 85 81
215 82 67 80 78
215 151 63 71 66
215 512 67 75 67
215 615 86 92 91
346 87 82 83 83
346 714 94 96 96
346 750 20 83 56
346 728 21 68 58
212 51 92 93 93
212 627 20 46 34
212 44 49 82 62
671 197 57 90 67
671 465 47 74 50
671 637 66 76 74
671 129 17 40 31
482 472 88 96 95
482 556 82 88 87
482 239 39 91 49
482 641 36 82 77
482 498 54 98 58
81 8 53 84 80
81 258 89 92 91
81 315 47 61 51
81 427 72 89 87
81 636 77 94 86
258 413 44 64 48
258 623 37 61 42
258 349 25 91 62
315 209 31 77 36
636 445 39 58 45
636 590 44 83 59
82 47 14 17 15
82 572 92 95 94
82 503 42 94 76
82 283 74 80 76
82 449 50 74 51
82 596 49 92 50
82 228 46 56 52
572 369 54 61 54
283 116 81 99 85
449 744 95 96 96
449 190 14 83 66
228 338 95 96 95
228 337 53 87 83
228 63 39 99 90
228 508 68 70 70
228 155 85 88 85
228 727 95 98 95
83 283 16 90 30
83 402 53 84 55
83 64 21 31 31
83 588 85 90 87
402 568 95 96 96
402 124 62 73 64
402 511 36 47 37
84 673 38 44 39
84 636 47 76 66
84 465 77 83 80
84 637 19 30 27
673 720 60 85 73
673 224 35 77 47
465 442 83 84 83
465 106 40 57 52
85 273 75 91 86
85 206 95 96 96
85 540 74 93 87
85 104 39 72 62
85 618 22 46 29
206 497 62 64 64
206 453 27 70 61
104 594 23 45 31
104 266 21 57 26
618 471 12 25 19
618 252 13 26 22
618 46 49 65 53
618 257 81 91 82
618 745 85 100 94
618 595 48 79 58
86 395 16 93 30
86 74 87 93 87
86 239 47 70 63
395 754 78 100 93
395 31 93 98 97
395 171 27 68 31
395 115 30 40 39
395 500 22 46 30
239 593 91 97 95
239 106 81 88 86
239 220 51 53 51
87 685 73 100 88
87 633 58 90 75
87 566 73 90 75
87 522 70 81 75
87 344 33 74 73
87 98 55 74 64
87 215 72 89 72
566 324 61 86 79
566 372 30 77 69
566 93 34 84 84
522 567 19 38 27
522 317 62 88 87
522 676 89 97 95
344 662 62 83 82
88 326 85 88 86
88 576 60 75 73
88 296 52 66 60
296 490 83 93 92
296 699 73 87 77
296 384 11 24 16
231 376 61 72 71
231 502 40 78 56
623 659 48 70 50
623 148 92 99 94
623 445 25 46 42
90 530 69 81 73
90 271 87 97 91
90 179 16 78 24
530 713 82 95 89
530 721 89 90 89
271 214 23 75 25
271 349 16 31 29
271 729 57 88 86
179 693 62 84 72
179 158 58 74 65
179 140 86 91 86
179 389 10 80 54
179 109 51 72 63
179 373 30 98 46
91 628 74 95 88
91 90 68 74 73
628 365 70 96 96
628 440 53 81 64
628 569 32 49 39
628 645 56 62 60
92 696 78 100 86
92 300 18 29 25
92 456 29 36 32
92 621 61 100 95
696 200 38 56 46
696 12 16 58 28
456 339 11 94 14
456 330 92 94 92
456 2 59 91 77
456 608 95 97 95
621 346 29 99 87
621 656 76 88 81
621 736 34 95 44
621 614 26 29 27
621 97 43 80 65
621 366 74 83 80
621 356 32 37 35
621 189 56 62 59
621 475 74 98 77
94 723 25 50 46
94 658 75 96 79
94 259 46 55 52
94 748 26 51 34
94 428 55 80 78
94 63 62 89 70
723 397 43 88 53
723 45 69 99 91
658 598 75 82 78
658 476 53 97 95
259 324 62 68 63
259 508 90 99 97
259 17 56 93 76
259 552 50 78 65
259 426 60 62 61
428 414 37 49 48
428 709 12 60 40
428 152 48 87 64
428 446 74 92 86
428 476 89 97 95
428 432 91 96 91
95 683 61 71 61
95 476 47 56 48
683 218 39 55 44
683 562 32 71 34
683 690 57 93 78
683 196 48 78 70
96 497 21 42 36
96 742 92 97 95
497 568 52 82 58
497 71 74 76 76
497 336 19 43 26
742 82 12 67 16
742 168 37 57 45
742 343 80 91 87
97 47 28 98 85
97 593 48 60 51
99 313 62 90 62
99 613 90 91 91
99 720 76 92 82
99 646 15 78 69
99 593 25 53 46
313 687 95 96 96
313 309 33 53 38
313 684 21 87 84
313 418 67 73 73
313 487 25 61 46
613 544 12 73 35
613 42 65 79 68
613 354 67 93 93
720 437 41 86 50
720 418 18 91 51
720 669 61 95 62
720 268 46 96 57
100 453 36 44 42
100 16 72 92 91
100 92 22 61 24
453 673 33 85 67
453 234 61 89 72
298 191 50 55 52
298 282 35 93 46
298 323 76 90 89
298 222 40 89 45
102 48 36 52 40
102 356 41 71 47
356 27 86 92 90
356 378 77 90 88
356 20 73 77 76
356 513 18 63 56
103 427 41 66 44
103 310 55 85 85
310 91 44 85 49
310 745 43 91 54
310 603 66 80 73
310 260 31 99 62
594 358 57 60 58
594 256 52 77 67
594 183 67 73 68
594 38 88 98 95
266 149 46 63 55
266 98 11 88 47
266 33 22 28 27
266 568 13 40 13
266 516 30 45 36
266 630 55 81 65
105 43 63 83 71
105 683 29 30 30
108 260 84 94 92
108 594 42 44 43
260 27 53 68 56
260 476 64 91 70
260 191 40 58 56
260 621 92 98 98
260 557 31 44 39
260 252 19 22 22
109 82 16 19 18
109 237 79 86 79
109 745 89 97 93
109 290 91 92 92
109 212 45 90 77
237 673 53 81 65
237 187 90 99 96
745 378 82 91 82
745 712 76 98 92
745 36 65 83 83
745 79 50 72 52
745 738 16 92 83
110 144 15 19 15
110 684 37 67 59
110 443 90 95 95
110 694 33 87 82
110 507 57 76 60
110 648 24 78 42
110 214 42 75 72
144 228 19 56 50
144 414 18 39 27
144 323 77 90 77
144 184 79 83 82
684 172 61 84 84
684 346 25 80 49
684 233 19 30 23
443 431 35 69 39
443 614 49 93 92
443 385 39 67 57
443 82 41 44 44
694 432 65 73 65
694 345 21 35 31
694 414 21 39 34
648 307 66 81 81
648 67 92 96 92
648 313 90 93 92
648 686 13 47 29
214 121 95 100 98
111 624 32 65 48
111 333 73 76 74
111 648 84 90 90
112 440 24 42 24
112 227 49 92 70
440 516 78 87 86
440 149 11 72 46
227 567 28 94 59
227 657 95 96 95
227 727 35 80 75
113 171 82 89 83
171 6 45 81 45
171 110 79 91 91
171 317 31 89 69
279 494 58 69 62
279 92 39 94 69
279 748 48 64 53
279 308 41 76 51
461 156 79 90 80
288 34 43 73 56
288 292 51 91 56
579 343 29 42 39
579 578 50 62 59
579 94 11 13 13
579 498 42 85 85
122 0 10 12 11
116 693 79 92 89
116 127 67 75 67
116 447 76 82 81
693 434 11 94 84
127 295 31 38 35
127 89 92 93 93
127 729 95 97 95
127 64 84 91 91
117 575 77 80 80
117 437 50 78 78
437 406 49 69 55
437 105 37 85 55
437 352 52 54 53
118 649 67 78 72
118 615 27 63 38
118 654 22 61 52
118 346 23 43 32
615 293 80 84 80
615 739 63 67 66
615 669 49 66 56
615 169 33 58 40
615 591 18 19 18
654 741 71 86 84
654 396 74 90 76
654 106 77 89 78
654 339 88 97 92
119 498 48 69 59
119 194 75 99 77
119 31 52 100 86
668 611 79 81 80
668 617 32 70 65
123 493 76 77 76
123 568 54 79 73
123 357 37 65 54
493 191 60 87 70
493 476 28 86 67
493 108 69 87 70
493 70 36 55 51
493 111 24 48 40
568 313 55 87 58
124 71 82 97 88
124 486 76 99 97
124 366 86 98 92
124 315 92 93 92
124 102 42 73 57
124 329 86 97 92
124 350 21 64 61
124 654 45 48 45
366 106 33 42 34
366 64 45 74 58
366 70 44 74 53
366 540 40 77 45
350 610 88 90 90
350 660 31 76 33
125 212 31 79 69
125 451 51 93 91
125 44 46 69 48
451 741 95 98 95
451 244 64 74 67
451 521 24 41 37
451 167 30 92 61
451 714 74 96 94
126 639 54 83 83
639 163 42 87 44
639 32 61 90 62
639 715 35 45 36
639 46 71 92 71
729 208 94 99 95
729 410 83 94 86
729 697 40 67 42
128 52 89 92 90
128 115 45 50 46
128 148 93 94 94
128 68 86 98 92
148 512 46 49 47
148 241 10 37 33
148 277 63 69 66
129 664 10 47 40
129 439 29 64 64
129 68 21 48 36
664 32 40 75 57
664 523 31 79 43
664 327 27 63 41
439 128 69 86 84
439 584 79 86 79
130 582 86 87 87
130 82 46 83 76
130 559 77 96 92
130 552 64 79 68
582 34 87 95 94
559 190 25 92 30
559 231 22 28 25
559 427 74 100 91
559 66 15 28 18
552 62 72 80 76
552 519 83 90 89
552 477 86 93 89
131 366 70 74 70
131 643 60 87 69
643 736 21 100 72
643 681 62 83 64
643 743 55 99 71
643 109 62 94 93
643 721 72 78 77
643 263 45 77 58
643 665 47 100 93
401 387 42 61 61
401 749 67 96 81
133 326 88 89 88
133 275 87 98 96
133 195 21 94 76
133 543 58 60 59
275 710 69 70 70
275 740 23 36 32
195 102 32 45 37
195 508 14 82 71
737 701 43 75 75
737 705 56 62 61
737 532 67 71 67
737 18 60 85 61
737 79 75 76 76
423 14 89 93 91
423 263 15 26 23
135 21 82 85 83
135 13 49 65 62
135 607 20 61 29
135 363 32 95 33
135 149 94 99 98
135 583 43 63 51
135 101 61 80 78
135 699 37 84 59
607 154 52 78 64
699 614 36 51 40
136 649 33 69 65
136 541 64 79 71
137 725 29 79 46
137 737 40 53 40
725 629 93 99 96
725 383 22 32 25
725 656 11 77 11
243 722 30 97 89
243 729 89 98 98
243 378 86 95 95
243 626 29 89 88
243 45 85 97 85
243 582 67 94 79
139 412 41 90 50
139 611 81 88 88
139 623 56 77 71
412 15 91 92 92
412 185 62 81 81
412 110 68 69 69
611 743 39 56 44
611 673 70 91 72
611 16 28 74 55
611 340 66 92 81
611 327 31 43 41
140 298 33 60 51
140 651 87 89 88
140 315 87 96 95
141 517 20 41 30
141 589 92 93 92
141 370 27 38 36
141 473 59 70 68
473 260 77 80 80
473 673 77 88 86
473 459 90 91 90
473 89 56 87 58
142 88 30 49 43
142 116 89 99 97
142 35 81 98 98
155 728 42 71 42
155 192 85 90 89
155 346 28 85 71
155 70 34 52 34
155 410 89 100 89
414 163 85 90 88
414 397 82 88 85
414 679 33 84 43
414 503 46 51 50
414 135 77 91 85
414 55 67 100 84
414 585 48 99 92
323 9 55 100 100
323 349 75 86 75
323 719 64 83 83
184 283 92 98 96
184 14 38 67 45
184 71 25 97 55
184 121 62 89 86
184 320 69 73 72
145 16 92 94 93
145 737 68 98 96
145 613 67 88 73
145 18 38 81 55
145 105 81 91 86
146 378 54 86 78
146 734 88 95 88
146 250 21 55 36
378 310 83 93 86
378 231 30 61 31
378 28 32 93 72
734 477 84 88 85
734 6 57 99 83
147 401 24 85 44
147 438 49 60 56
147 425 39 80 56
147 77 52 95 64
438 183 84 88 86
438 182 13 50 20
438 647 32 65 48
425 258 79 91 83
425 103 93 99 99
277 651 64 99 87
277 519 95 98 95
277 188 77 90 89
277 63 51 95 55
150 393 56 92 67
150 675 57 83 74
393 641 74 76 76
393 678 30 45 34
675 361 69 72 69
675 659 62 89 85
675 465 39 98 86
675 682 46 50 47
675 227 28 96 88
151 562 33 60 49
151 349 23 47 29
151 197 64 86 75
562 159 24 46 25
562 132 18 80 76
562 493 90 97 95
562 465 90 99 92
349 522 22 56 45
349 125 86 93 91
197 256 89 91 90
197 202 73 94 88
705 71 91 94 94
705 166 67 69 69
705 665 27 29 28
705 745 90 100 93
705 34 33 42 42
705 66 46 60 56
297 700 26 75 61
297 419 44 47 45
297 15 56 67 62
297 22 18 45 34
297 95 93 98 96
265 714 12 13 13
265 636 78 94 78
265 587 52 77 71
265 720 19 56 50
153 447 21 87 31
153 530 26 29 29
153 174 37 45 42
153 724 52 61 60
724 335 50 89 83
724 482 72 86 81
724 394 14 91 54
724 29 64 86 76
724 9 85 88 85
154 460 71 78 75
154 655 72 77 74
154 323 54 98 71
154 502 32 59 37
154 44 70 87 76
154 654 63 70 68
460 138 70 95 76
460 700 35 36 35
502 544 12 96 39
502 457 79 96 93
728 659 67 92 77
728 498 58 61 60
192 48 60 88 85
192 395 88 92 90
192 197 75 88 86
192 606 24 33 29
156 608 58 99 91
156 366 38 96 39
156 294 86 93 89
608 75 91 97 93
608 344 75 100 96
608 334 43 98 64
608 405 41 75 42
608 518 95 97 95
608 238 75 91 89
157 276 32 86 73
157 79 55 100 83
600 691 46 50 49
600 311 53 87 65
600 163 77 96 89
600 401 61 100 66
641 418 49 52 50
641 60 83 100 91
641 593 36 97 88
641 190 32 47 41
641 24 43 66 65
619 479 69 84 75
619 553 17 40 21
619 311 31 45 36
309 363 80 100 95
309 134 48 80 54
159 453 29 64 55
159 132 82 99 83
161 601 74 100 83
161 664 46 86 64
161 371 54 97 58
161 183 53 90 70
601 429 35 86 48
601 716 29 71 69
183 176 35 46 39
183 413 65 68 67
162 169 21 68 37
162 70 49 52 51
162 651 69 77 77
162 370 28 48 43
162 453 65 95 85
162 281 36 59 57
281 718 65 98 86
281 5 31 45 35
163 745 29 86 75
163 263 83 100 87
163 369 43 47 44
163 513 47 97 86
163 623 86 90 88
369 303 61 100 67
369 454 81 97 88
369 356 36 53 46
513 269 53 70 56
513 714 20 66 29
513 314 24 95 65
513 22 24 87 70
164 667 95 97 96
164 246 31 72 68
164 347 48 59 52
667 74 65 98 78
667 7 45 53 45
667 122 50 57 50
667 738 65 67 67
667 413 49 72 60
246 638 64 66 64
347 739 87 97 97
347 731 13 42 20
165 496 36 59 47
496 550 94 100 96
496 175 79 96 83
166 72 59 82 77
167 10 16 68 33
167 91 28 51 48
167 251 30 94 85
167 12 53 99 97
167 36 19 28 22
251 556 74 92 92
251 644 58 86 65
168 403 76 85 78
168 140 28 37 32
168 41 49 75 52
168 719 75 81 75
403 101 31 81 37
403 673 55 65 56
403 266 62 66 62
403 6 84 88 87
719 132 35 65 50
719 24 72 73 72
719 750 49 98 89
719 670 34 81 71
719 510 58 99 83
719 215 44 97 85
719 221 69 100 91
508 293 13 32 23
508 721 31 98 53
661 21 19 90 55
661 226 16 40 25
661 659 89 97 94
661 368 95 97 97
661 238 21 30 23
170 213 94 98 95
170 525 74 97 82
170 528 18 32 21
170 427 28 31 28
213 44 95 96 95
213 243 26 93 89
213 72 60 61 61
317 101 19 23 23
317 654 76 96 78
317 165 84 96 89
172 428 78 95 91
172 334 46 99 49
172 743 43 95 54
172 13 27 49 33
172 509 84 94 93
743 70 90 99 97
743 379 17 50 18
743 617 81 90 89
743 692 14 34 23
743 522 25 57 53
743 131 60 96 76
509 220 23 67 29
173 45 29 78 57
173 126 92 98 94
223 449 74 91 85
223 541 25 35 26
223 693 60 63 60
223 496 38 93 42
205 365 26 28 28
175 634 50 54 54
634 119 11 73 27
634 86 75 99 90
176 265 20 30 21
176 416 10 33 23
176 22 77 84 81
416 618 77 89 77
416 153 51 67 63
416 694 94 95 94
416 528 60 94 89
177 116 52 73 58
177 613 85 99 93
373 500 32 35 32
373 596 54 65 64
180 710 73 81 77
710 640 95 96 95
710 685 73 90 87
710 694 87 100 92
710 374 11 98 81
710 102 73 91 88
718 498 10 50 44
718 392 16 52 24
182 701 85 89 87
182 153 15 66 36
182 157 69 94 93
701 391 81 99 81
701 205 33 52 51
701 518 86 96 87
701 650 54 94 83
701 350 36 83 48
701 329 19 51 48
413 336 81 88 86
413 497 49 56 55
413 6 61 75 63
413 669 67 87 67
185 12 80 88 81
185 661 87 94 94
186 501 18 35 20
187 239 90 96 96
187 622 65 69 69
187 672 16 18 18
622 208 20 87 31
622 105 15 78 53
672 722 75 90 84
672 601 31 77 45
672 533 25 61 49
672 337 76 86 81
188 55 58 69 61
188 536 81 86 85
616 632 95 99 97
616 99 21 96 24
616 351 28 80 66
616 370 69 77 75
662 594 36 38 38
662 728 58 77 75
662 590 59 89 81
198 35 23 72 36
198 286 59 61 59
198 176 92 94 94
316 357 27 34 29
316 198 41 58 52
316 508 47 87 56
606 455 86 98 97
606 474 69 76 76
606 130 80 100 95
606 746 80 89 81
606 20 43 82 52
193 425 85 90 87
665 432 94 100 97
665 35 34 63 51
665 216 46 65 49
196 172 46 80 76
196 322 44 95 73
196 233 14 48 38
196 300 81 83 82
196 133 91 100 100
196 256 63 82 71
322 186 81 88 81
322 178 60 81 75
322 712 24 41 35
322 253 67 99 68
233 310 90 95 92
233 315 49 62 59
256 523 63 94 88
256 340 69 80 69
256 562 27 82 80
202 308 79 100 96
202 563 64 68 65
202 281 71 85 81
202 45 92 97 97
202 724 64 94 82
202 508 48 49 48
199 666 18 92 31
199 358 46 54 47
199 439 63 100 79
666 736 63 86 84
666 242 39 97 62
666 482 27 100 37
666 130 72 73 72
358 459 51 59 56
358 148 12 34 19
358 275 73 100 75
358 330 71 95 79
200 746 48 98 57
200 616 39 65 44
200 193 27 92 33
529 264 52 66 61
529 225 61 89 67
529 75 15 98 15
529 615 77 91 80
308 53 53 79 54
308 499 80 87 83
308 673 89 99 94
308 405 17 51 36
563 600 46 96 74
563 297 77 88 80
563 523 95 97 95
563 361 82 83 83
557 19 47 57 55
417 656 76 87 87
417 172 67 90 78
417 407 48 76 70
204 39 33 67 61
204 192 57 91 61
204 105 47 53 51
679 395 92 93 93
679 352 70 71 70
679 100 94 97 97
679 633 33 57 41
679 30 62 71 66
679 320 67 96 83
487 400 39 84 78
487 161 49 67 64
487 3 83 99 96
480 368 56 70 60
480 504 87 99 89
208 721 37 53 53
208 210 53 63 56
208 522 68 69 69
208 523 50 86 56
208 551 90 92 90
208 569 68 80 74
721 235 78 80 78
210 732 38 43 41
551 719 24 29 29
551 64 78 95 79
209 329 14 95 88
209 628 23 95 56
209 640 86 94 86
209 736 95 98 96
209 415 77 89 88
736 482 70 92 78
736 490 10 91 32
736 738 59 91 79
736 151 46 70 51
415 99 48 91 88
211 58 70 86 73
216 499 31 48 35
216 320 81 84 83
216 16 95 98 98
216 222 34 100 93
216 362 46 64 55
499 225 95 98 96
499 288 22 70 64
499 411 48 99 55
222 709 25 59 57
222 493 18 77 25
222 80 56 85 79
222 628 14 72 56
222 334 78 90 80
362 19 57 98 61
362 88 27 88 42
362 120 45 55 52
218 591 45 78 62
218 643 43 65 61
218 511 23 36 32
591 626 91 99 99
591 445 14 63 26
591 47 35 73 45
591 563 17 76 45
511 510 65 73 70
219 174 26 82 57
219 674 12 59 32
219 368 37 54 39
674 118 94 95 95
674 178 85 99 86
674 264 85 100 86
674 147 70 78 76
368 197 10 64 54
368 656 36 44 41
368 503 37 47 46
368 235 38 77 63
220 690 74 78 77
220 219 72 91 79
220 145 10 43 19
220 464 63 74 69
690 47 67 73 73
221 380 19 85 77
221 87 53 80 56
221 420 68 77 71
420 30 42 96 82
420 650 64 71 71
225 442 46 71 51
225 540 23 97 36
442 697 46 75 62
442 659 95 97 95
442 322 95 98 96
442 103 49 50 50
442 701 36 71 38
226 473 37 77 67
567 505 18 98 77
567 566 38 39 39
567 390 60 94 83
567 537 80 89 88
657 691 67 83 74
657 683 50 84 77
727 739 79 83 79
338 118 43 86 73
338 220 95 98 95
338 189 94 96 94
338 551 13 90 90
337 377 26 40 28
337 73 40 54 52
230 339 40 93 74
230 359 78 87 83
230 369 73 94 89
232 695 76 95 77
232 112 85 86 85
232 599 54 62 56
232 387 94 100 99
526 290 15 30 18
526 458 46 68 48
526 550 27 35 27
526 575 25 89 76
526 297 56 94 72
235 79 50 51 50
235 644 43 89 83
235 174 36 77 71
644 291 24 93 42
644 68 87 93 90
644 44 86 90 90
236 72 47 79 54
236 143 31 65 34
475 87 76 99 87
475 156 10 19 13
240 217 14 85 42
268 332 22 54 34
268 537 26 77 43
268 114 54 85 76
459 416 63 76 64
459 273 24 31 27
722 649 46 77 67
722 376 53 91 75
244 650 75 94 93
244 716 18 55 33
244 599 52 77 64
244 616 68 82 71
244 52 69 86 75
650 318 16 42 32
650 111 65 94 67
716 286 71 73 71
716 297 14 57 44
716 334 44 90 62
245 146 72 89 87
245 558 49 97 58
245 503 78 90 86
245 341 60 75 66
245 17 13 86 69
245 50 31 84 78
341 498 27 52 30
341 436 56 92 74
341 512 85 86 85
341 86 93 96 95
341 250 83 88 87
341 486 36 95 62
341 357 39 76 63
341 488 22 88 36
638 518 76 87 83
638 687 78 92 88
638 431 20 65 20
247 58 72 94 92
247 693 57 60 60
249 607 16 18 17
249 490 36 96 61
249 112 19 85 34
490 578 50 89 76
490 438 43 54 51
490 665 86 88 87
490 335 11 46 36
714 451 94 100 100
714 495 81 83 81
714 749 10 28 19
714 122 46 54 50
714 435 67 88 77
418 319 40 74 72
418 318 69 72 72
418 96 52 61 61
418 40 77 98 85
556 341 58 78 69
252 742 57 58 57
252 690 51 99 51
253 374 22 98 95
374 151 16 56 46
374 170 72 86 74
374 645 70 84 83
254 626 85 94 92
254 720 92 94 92
254 306 39 81 66
306 102 14 76 25
306 177 71 87 74
306 738 93 99 94
306 602 45 86 50
306 279 94 100 97
306 607 94 99 98
255 523 15 48 45
340 653 95 99 98
257 228 55 97 83
257 191 17 99 88
426 595 86 98 86
426 109 13 15 15
426 63 41 58 58
426 679 60 86 60
261 193 36 91 42
261 711 60 92 63
711 63 33 71 63
711 426 51 69 67
711 395 72 83 79
262 630 18 59 25
262 378 80 89 83
262 472 69 84 80
262 747 49 67 54
472 473 74 84 80
472 634 28 31 31
472 738 28 29 28
472 32 41 98 71
472 428 51 86 75
472 395 57 63 59
386 176 28 49 37
386 250 66 83 77
386 188 49 53 49
516 467 40 83 47
516 28 83 90 90
516 265 22 93 74
516 646 69 87 75
516 258 50 75 61
516 468 69 95 69
506 635 27 83 60
332 744 24 68 28
537 267 16 38 35
537 449 12 20 13
537 496 39 46 40
269 728 46 68 67
269 387 74 85 80
269 195 36 70 67
272 619 29 89 74
272 431 74 84 74
431 709 49 90 80
431 468 83 90 86
431 180 19 61 20
431 278 61 97 85
301 74 30 53 50
301 261 91 98 97
301 476 90 98 91
301 685 18 51 26
539 145 13 58 40
539 587 44 56 50
539 628 81 87 87
539 9 84 93 92
670 293 26 37 32
519 518 88 94 94
519 86 25 49 37
519 261 54 82 80
519 140 20 31 20
494 545 85 97 91
617 21 59 62 59
617 376 90 93 93
617 539 27 61 55
617 378 60 98 65
432 267 91 99 97
305 183 41 56 47
305 236 41 42 41
305 391 53 88 68
305 555 76 98 84
305 2 22 80 42
305 92 79 90 80
284 324 64 80 65
284 562 92 100 99
284 340 70 92 81
284 256 11 86 12
287 509 13 82 57
287 150 10 51 51
287 145 26 31 31
287 332 88 95 93
287 739 61 86 73
739 294 55 66 64
739 113 67 80 80
739 674 46 97 49
739 264 90 96 96
292 416 81 86 82
292 310 42 76 66
292 205 63 87 81
289 134 41 98 65
291 372 10 63 37
291 127 86 97 96
291 221 54 87 68
291 389 66 72 71
291 733 86 95 95
291 119 79 97 87
291 579 68 100 72
291 224 71 78 77
291 663 79 97 88
372 23 35 42 40
372 635 76 96 81
372 105 91 98 97
372 662 10 18 12
733 542 72 80 73
733 499 68 69 68
741 312 12 17 14
435 387 91 95 91
435 299 33 100 47
435 616 87 100 96
435 606 43 71 52
435 752 61 82 61
645 256 58 75 66
645 265 46 77 49
645 365 45 50 49
645 450 34 61 61
645 619 23 71 46
514 497 55 77 74
514 591 45 48 48
514 549 37 45 42
514 380 69 84 75
514 531 13 77 73
514 219 35 68 42
384 555 93 97 93
384 583 24 41 28
384 86 85 94 93
299 211 65 81 69
515 348 90 98 90
515 197 95 100 98
515 540 68 79 74
302 115 21 45 31
302 337 26 100 42
302 204 59 64 62
302 239 37 99 37
303 112 92 96 94
303 392 84 98 98
303 495 77 87 87
392 342 25 86 31
392 615 18 51 41
392 34 45 78 61
495 439 47 49 48
495 659 67 86 71
495 440 82 91 91
495 714 91 98 92
495 312 47 72 54
495 305 51 59 55
304 671 12 38 22
304 199 16 56 43
304 662 47 82 61
304 191 68 94 72
304 495 27 80 78
304 249 80 96 93
391 132 29 44 34
391 160 14 60 51
391 227 17 81 33
391 389 34 66 47
307 409 72 79 74
307 203 65 69 67
307 655 93 95 95
307 533 61 70 64
405 392 83 93 86
603 449 44 46 45
311 289 45 68 57
311 349 34 53 52
311 472 14 76 57
311 161 21 22 22
314 379 93 94 93
314 703 34 42 36
314 717 39 44 40
314 127 32 90 87
379 434 57 62 62
379 80 19 34 31
717 2 78 81 78
717 51 84 93 86
717 140 16 50 42
717 470 69 90 75
318 90 60 80 73
318 565 59 62 61
318 508 47 71 61
713 287 61 85 75
713 408 86 92 91
712 96 54 64 60
712 379 82 93 86
325 292 68 76 74
325 149 78 93 80
327 358 22 69 69
327 418 81 97 83
328 176 41 70 46
330 196 68 97 93
330 206 29 42 32
330 543 73 98 79
585 38 64 84 82
585 26 67 69 69
744 339 47 55 51
744 183 93 97 93
744 670 81 100 89
744 634 11 46 31
744 464 45 96 90
744 514 42 77 75
744 56 34 61 39
744 89 36 86 68
744 710 51 94 53
550 698 12 72 49
550 272 76 93 93
550 529 71 91 77
550 375 90 99 96
550 249 87 97 88
535 244 70 73 70
535 88 39 42 40
535 559 78 96 96
535 352 88 98 90
535 266 93 96 94
535 293 58 96 63
535 165 41 89 87
735 649 65 99 79
735 101 66 97 93
735 219 53 55 54
336 193 63 75 67
336 237 14 70 29
377 711 20 87 28
377 38 80 84 82
488 386 40 88 88
342 17 78 98 88
342 732 71 89 84
345 567 73 86 86
345 685 81 89 82
750 70 32 37 33
750 173 33 34 34
750 134 71 98 84
731 321 13 34 30
731 329 54 59 54
731 454 94 100 94
610 666 58 69 64
610 722 93 95 95
610 477 16 51 41
610 115 65 89 74
610 73 82 84 83
660 8 12 45 26
660 232 86 100 92
660 350 51 76 64
351 467 30 54 41
351 734 71 79 73
351 521 20 55 42
467 36 17 64 35
467 528 67 73 70
467 88 41 72 45
521 407 17 51 45
518 242 71 77 74
518 720 89 95 95
518 293 44 89 71
518 337 33 98 98
353 703 36 51 38
353 15 51 73 65
353 125 61 79 76
353 283 13 46 45
360 370 16 41 34
360 716 69 71 70
360 477 58 98 83
360 593 75 77 76
477 287 49 95 81
477 649 70 81 70
361 651 27 54 50
364 86 56 91 70
364 264 92 98 98
364 407 69 78 69
364 109 17 82 25
364 752 37 68 51
364 34 33 38 36
407 601 27 38 29
407 615 12 67 27
407 504 31 84 40
407 522 39 80 42
752 361 92 93 92
752 12 53 70 60
656 477 10 56 41
656 456 58 59 59
656 149 38 53 51
656 98 39 57 57
454 282 33 80 58
454 258 35 56 44
586 274 66 92 74
586 316 14 41 27
586 560 55 86 61
586 737 85 95 86
586 144 11 35 12
635 233 22 75 66
635 88 59 72 59
375 271 90 95 94
375 195 66 96 84
375 228 23 41 29
434 489 65 91 88
434 471 52 94 52
434 751 15 96 73
381 444 34 46 41
444 221 89 90 90
444 421 71 72 71
444 657 53 71 70
444 429 43 46 44
382 678 60 70 66
382 469 14 20 18
678 530 95 96 95
678 483 93 94 94
678 303 41 96 50
469 648 69 78 75
469 706 63 69 66
469 735 18 71 35
385 597 76 97 90
388 251 82 99 86
388 407 67 85 81
388 634 40 87 59
390 531 13 18 18
390 199 67 95 84
390 194 55 66 55
390 77 42 64 59
390 163 50 91 81
390 259 21 26 25
390 43 23 77 56
390 598 39 97 85
390 160 22 85 72
531 681 84 95 91
531 597 47 83 67
531 651 40 96 92
531 599 95 98 96
531 743 78 94 85
754 596 91 97 96
754 64 88 93 91
754 331 23 75 24
754 342 54 76 70
396 295 50 90 88
396 563 28 51 31
396 619 43 59 43
396 458 15 79 15
396 500 72 81 72
396 398 38 67 41
397 291 61 76 70
397 176 24 33 27
397 735 15 73 41
397 489 19 37 35
397 623 26 40 26
399 100 35 60 60
399 639 46 65 62
399 683 14 71 33
399 328 44 46 45
404 180 69 70 70
404 29 17 30 26
404 326 47 84 54
406 19 24 53 34
406 165 65 78 76
406 391 51 55 55
406 692 66 90 80
406 471 17 38 23
406 383 91 93 91
692 565 70 84 74
692 685 83 96 94
692 242 41 67 56
692 600 51 98 94
692 144 42 57 44
504 158 15 91 15
504 452 13 73 55
504 545 55 62 60
408 679 24 40 34
411 434 35 87 72
411 460 22 54 41
411 326 65 92 90
411 685 54 82 82
411 51 94 100 99
411 437 47 96 55
411 314 61 64 62
411 106 68 100 79
753 457 38 90 83
753 426 14 90 85
753 165 28 71 50
753 176 59 85 62
753 665 56 71 57
753 552 13 66 52
632 592 77 86 78
632 690 93 95 95
632 518 93 100 98
632 655 46 61 46
632 425 73 89 78
632 281 15 29 25
421 339 95 96 96
421 268 77 99 88
421 93 87 93 88
421 254 36 96 43
421 586 33 63 34
421 362 53 71 70
595 684 48 73 71
429 725 95 98 97
429 335 56 83 58
429 191 10 51 29
429 709 23 72 55
429 421 16 36 34
554 79 54 62 62
554 120 62 91 73
554 134 81 100 100
554 277 41 84 81
554 526 45 70 63
433 178 17 96 45
433 273 61 63 61
433 236 42 68 64
433 132 43 81 48
433 91 88 92 90
751 619 49 84 64
647 168 53 68 61
647 35 63 84 69
647 402 34 91 51
647 90 62 71 71
584 629 31 46 33
584 506 12 95 18
584 6 90 92 92
441 209 47 97 90
697 569 54 55 54
614 381 33 93 67
614 218 32 49 43
614 103 82 85 82
445 513 81 91 81
445 127 88 92 92
445 293 18 51 29
445 17 29 92 60
448 633 33 73 57
448 531 40 43 41
450 403 57 78 71
450 63 93 97 96
452 0 41 88 66
452 403 77 91 86
452 34 90 97 90
452 733 88 89 89
452 521 94 95 94
455 592 62 74 71
455 3 62 70 68
457 97 33 51 46
457 367 71 73 72
457 754 74 96 85
492 698 33 67 33
492 708 52 85 83
463 494 64 75 65
463 330 75 93 85
715 332 36 71 44
715 284 67 96 85
715 467 32 50 32
706 536 16 64 55
706 664 52 86 83
706 289 66 90 66
574 519 75 84 77
574 373 54 72 71
574 511 19 52 27
574 590 29 45 36
574 663 95 97 95
474 325 35 41 40
474 423 89 98 95
474 545 74 93 90
474 123 12 26 14
545 281 94 98 98
545 540 10 25 17
545 16 29 33 31
478 396 20 89 81
483 452 66 97 91
483 656 16 49 49
604 554 17 79 58
604 673 34 100 35
604 122 84 85 85
604 724 74 86 86
604 93 46 76 49
505 445 23 30 25
505 444 66 82 68
505 515 57 75 61
681 403 15 80 30
681 394 59 71 65
520 313 20 60 30
520 413 15 86 63
676 705 40 55 49
676 226 85 86 86
676 603 37 63 45
691 305 64 67 67
691 189 10 65 42
527 452 42 57 55
532 405 70 76 71
532 520 47 95 87
534 393 48 71 48
534 30 22 26 26
534 349 83 95 86
534 294 92 95 95
546 697 33 72 43
547 197 14 56 16
547 62 59 62 61
547 355 15 47 37
553 97 11 60 22
553 562 94 96 96
553 369 89 93 89
553 730 21 80 26
564 80 83 91 86
564 554 71 91 71
570 56 29 79 72
570 210 11 14 14
570 14 74 81 78
573 580 23 98 42
573 691 47 78 55
573 577 75 100 75
573 604 62 66 63
573 135 38 56 56
580 41 60 68 60
580 435 33 76 53
590 376 28 91 78
590 103 57 81 80
590 348 33 57 40
590 249 36 60 36
605 320 24 32 24
605 337 88 96 92
605 359 48 74 59
612 141 66 78 75
612 326 75 94 87
625 569 58 90 77
625 727 40 97 69
625 367 70 82 73
631 654 38 80 38
631 486 44 88 60
642 244 75 81 75
686 345 16 89 85
686 308 95 100 100
686 711 94 97 96
686 152 58 74 59
686 701 42 53 45
686 16 52 69 58
686 426 53 85 61
652 37 57 81 72
652 333 68 85 73
652 362 57 94 64
682 40 32 66 55
682 25 28 56 38
682 467 87 91 87
682 335 51 62 56
688 225 84 91 91
688 711 70 78 73
689 132 27 33 31
702 200 80 92 83
702 302 36 48 37
702 375 94 100 95
704 352 15 48 22
704 195 63 74 65
704 452 67 79 78
707 130 43 60 43
707 350 63 99 92
707 242 31 97 74
707 512 15 31 31
707 622 57 91 60
0 754
