262 701
0 61 48 79 78
0 16 44 96 83
0 39 53 78 73
61 228 46 60 50
16 51 32 77 59
16 231 43 91 60
16 211 87 88 87
39 102 80 82 81
39 142 34 42 38
39 57 82 93 92
39 77 38 73 46
39 256 10 11 10
1 135 73 95 85
1 16 31 84 54
1 118 71 78 73
135 9 76 89 79
135 72 92 96 92
118 77 13 32 20
118 97 19 66 26
118 82 54 60 60
118 195 14 24 21
118 258 19 26 21
2 168 41 81 55
2 85 81 84 83
2 64 21 64 39
168 33 78 95 89
168 180 16 57 26
85 172 88 98 92
64 203 86 98 97
64 24 10 94 21
64 188 27 89 54
3 24 75 98 92
24 124 93 96 94
4 64 30 73 31
4 60 76 85 83
4 216 12 92 40
4 137 14 56 39
60 40 81 98 94
60 127 78 94 91
60 19 23 53 26
60 49 50 52 51
60 185 17 73 52
216 102 67 97 82
216 14 84 99 93
216 190 41 74 50
216 66 46 91 68
5 119 20 85 67
119 13 62 63 62
119 147 93 100 98
119 52 44 87 66
119 77 93 98 97
119 27 38 70 53
119 221 93 99 97
119 108 58 79 66
119 234 50 58 50
119 22 61 79 72
6 134 21 22 21
6 47 24 47 39
6 258 34 79 35
134 199 86 96 93
47 10 87 99 90
47 153 21 93 74
258 123 67 86 82
258 205 65 83 69
7 229 38 75 47
7 47 33 86 35
229 222 78 87 86
8 175 66 79 74
175 20 27 43 27
9 90 58 69 68
9 105 55 96 72
90 206 12 19 19
105 243 71 93 91
105 220 53 88 80
105 100 58 94 89
105 3 37 40 40
10 242 41 69 60
10 154 85 86 85
10 43 45 80 56
242 222 40 98 44
242 250 27 51 42
242 111 81 99 91
242 202 25 99 46
154 155 17 24 24
154 24 50 87 76
43 260 84 98 97
43 85 91 96 91
43 92 14 68 64
11 220 71 91 83
11 50 18 38 31
11 59 77 82 78
220 10 39 80 39
50 172 36 38 38
59 182 52 54 52
59 33 44 51 51
59 185 69 97 95
12 55 83 97 93
12 191 50 55 55
12 229 11 60 29
191 166 95 98 98
13 110 57 63 58
13 133 14 70 23
13 143 20 32 21
110 259 75 93 78
110 72 26 31 27
133 93 58 59 58
133 21 40 70 67
133 168 39 51 42
133 129 74 82 81
143 66 37 52 44
143 103 32 97 69
143 226 60 96 81
15 194 87 98 90
15 136 61 73 70
15 217 11 40 26
194 113 80 93 84
194 35 43 57 55
194 85 32 89 80
194 8 29 76 39
136 112 68 75 73
136 248 14 82 76
136 32 81 86 82
217 22 51 91 83
217 59 63 90 77
217 220 95 99 96
217 175 33 99 84
51 139 80 97 84
51 45 49 79 60
231 29 43 48 47
231 32 27 85 36
231 238 91 99 94
211 157 56 97 73
211 49 84 95 85
211 104 73 87 79
17 176 90 94 90
17 142 24 89 24
17 157 69 79 70
17 120 16 22 21
17 9 67 74 74
176 224 93 100 93
176 104 10 96 85
176 157 71 98 90
176 75 95 98 98
176 53 35 72 44
176 120 66 96 70
142 79 33 54 36
142 84 90 97 97
142 34 78 92 91
142 235 38 48 42
157 255 71 89 76
157 92 58 75 72
157 243 87 91 89
120 57 44 85 65
120 77 60 68 66
120 173 44 78 73
120 238 49 62 58
18 123 55 65 59
123 34 57 78 58
19 68 46 56 52
19 56 57 69 61
68 223 82 92 92
56 47 86 88 87
56 221 61 72 65
56 157 50 65 61
20 160 35 98 40
20 206 88 92 91
20 100 11 72 44
160 164 77 97 95
206 154 54 97 67
206 0 27 42 32
206 149 91 96 91
100 257 84 100 90
100 51 88 100 88
100 171 48 98 50
100 102 88 89 89
21 101 90 92 90
21 58 57 91 69
101 150 31 53 37
101 116 16 87 32
22 90 50 78 68
22 244 32 100 49
23 191 59 93 82
23 98 10 27 13
98 139 34 68 55
98 197 13 19 18
98 110 16 79 46
98 83 62 83 70
98 250 41 58 51
98 101 30 89 73
124 176 54 58 56
124 114 63 97 72
25 124 40 72 72
25 52 51 54 54
52 98 16 88 82
52 115 75 98 88
52 202 55 83 55
52 220 34 66 53
52 17 65 82 75
26 69 89 96 91
26 34 52 66 58
69 71 46 86 64
69 209 31 66 58
69 63 32 75 51
69 241 85 90 90
69 215 76 98 87
34 241 56 99 56
34 208 47 72 72
27 115 81 84 84
27 117 60 83 61
27 182 54 96 77
27 159 32 88 36
27 177 38 91 48
115 174 21 48 39
115 199 36 72 37
117 170 23 99 36
117 79 75 86 80
182 242 84 92 85
182 183 74 99 75
159 101 76 84 77
159 228 33 34 33
177 83 11 35 19
177 24 57 83 57
28 153 57 99 93
28 237 20 51 36
28 154 49 75 62
28 53 57 100 90
153 249 18 54 32
153 46 89 98 90
153 175 29 51 39
237 151 57 85 61
237 180 48 82 78
237 79 34 97 54
237 230 81 83 83
237 76 14 85 50
53 84 91 98 91
53 133 88 96 95
29 113 45 46 46
29 258 32 55 42
29 112 27 57 33
113 21 90 91 90
112 211 11 36 36
112 93 10 59 15
112 28 85 93 91
112 25 75 92 75
30 92 76 91 87
30 67 89 99 96
92 216 84 88 87
92 143 67 70 69
31 76 29 35 33
76 173 28 89 71
76 45 64 86 70
76 205 23 100 32
76 41 60 93 66
76 185 84 97 97
76 178 67 89 68
32 183 95 99 97
183 229 47 75 73
183 164 69 84 73
33 258 38 93 81
33 111 77 93 82
33 185 56 93 61
111 229 48 56 50
111 89 32 95 78
111 127 38 73 46
111 243 60 69 64
241 180 27 93 73
241 153 13 97 25
241 236 15 86 38
208 124 67 72 67
208 237 87 90 90
35 225 10 67 55
35 133 34 45 34
225 206 63 97 83
36 155 90 100 97
36 144 53 100 84
155 64 40 100 98
155 165 40 99 85
155 84 67 100 80
144 43 64 99 83
37 123 23 65 63
37 78 63 91 76
78 82 22 100 54
78 208 43 86 71
78 46 73 81 81
38 78 92 99 99
38 122 13 27 13
38 96 40 79 40
38 207 16 70 28
38 211 74 75 74
122 31 14 26 25
122 233 36 39 37
122 220 63 92 68
96 251 85 89 86
96 197 93 96 95
96 206 41 58 49
207 260 18 80 48
207 255 50 56 52
102 48 81 96 88
102 5 88 93 88
102 210 19 41 32
102 219 37 56 53
102 76 93 96 93
57 233 24 82 46
77 26 66 98 69
77 209 17 85 39
77 156 12 79 17
256 4 21 96 87
256 161 58 89 71
256 249 41 97 96
40 189 12 88 39
40 118 75 89 82
40 16 14 76 52
40 39 49 75 53
189 83 72 80 72
189 209 90 91 90
189 49 11 89 34
189 229 85 88 85
41 72 72 78 73
72 171 20 87 36
72 252 91 96 96
72 121 77 99 97
42 215 92 96 95
42 9 91 93 91
42 232 72 81 75
42 95 77 82 79
42 125 53 71 58
42 45 36 92 59
215 211 17 37 24
232 30 51 53 53
232 95 26 98 63
95 49 21 29 23
95 151 82 84 83
125 148 57 70 67
125 56 53 54 53
125 242 74 95 95
125 43 95 97 97
45 99 60 72 63
45 171 60 82 60
45 141 62 67 65
45 241 21 45 25
45 254 30 91 36
45 153 76 100 94
260 3 41 43 43
260 133 72 75 75
44 47 79 90 86
44 253 89 96 92
253 225 80 99 84
253 208 34 94 94
253 226 42 45 42
253 150 56 87 81
253 16 73 79 74
253 250 75 83 80
99 45 18 44 28
171 161 33 49 37
171 51 93 95 94
171 41 81 100 84
171 194 74 95 92
171 44 21 94 36
171 17 58 91 61
141 57 73 83 74
141 174 30 54 39
141 239 87 100 89
254 183 25 92 53
254 157 79 85 81
254 124 30 43 36
254 80 18 24 21
254 190 50 88 73
254 113 42 94 56
254 30 69 77 70
46 120 40 44 41
46 201 11 92 23
46 52 58 93 58
46 232 15 31 25
201 220 60 72 69
48 77 66 99 80
48 29 15 73 17
49 191 55 90 81
172 254 85 89 85
172 124 85 90 89
139 60 84 85 84
139 73 54 66 61
139 198 91 100 95
202 74 90 92 92
202 72 23 36 24
202 139 79 87 85
84 97 64 65 64
84 191 80 86 84
84 12 79 82 82
84 228 45 94 76
54 224 29 45 43
224 168 38 99 41
224 236 76 100 81
221 80 17 58 55
221 74 78 92 83
233 78 82 91 91
233 206 72 77 73
233 181 81 82 82
233 172 46 96 94
233 111 70 95 76
127 190 23 97 77
228 82 41 49 49
228 142 78 86 83
228 242 20 57 36
228 256 79 98 89
62 158 25 77 71
158 162 14 80 14
158 140 28 73 39
158 219 87 96 94
158 76 48 80 67
158 126 72 77 76
158 238 48 52 52
63 260 91 98 94
203 174 42 65 50
203 99 59 98 68
203 25 64 88 65
188 84 80 82 82
188 47 44 93 58
188 233 17 21 18
188 66 13 53 46
188 117 27 91 68
65 175 88 98 92
65 261 70 73 72
65 28 34 63 39
261 235 69 80 78
261 136 19 55 31
261 226 81 94 90
261 80 19 28 23
261 230 94 100 100
66 197 44 62 46
197 259 42 88 74
197 234 60 81 61
223 109 59 92 91
223 222 69 95 71
71 174 94 95 95
209 234 67 76 75
70 207 12 54 51
174 261 73 99 80
174 225 58 65 65
174 14 48 59 48
174 258 25 76 50
174 244 70 77 77
174 172 39 85 41
174 94 56 58 56
252 17 31 97 31
252 55 25 53 35
73 66 33 77 68
73 130 49 76 68
73 181 81 87 85
73 173 43 48 45
130 67 93 99 94
130 245 10 84 53
130 113 16 74 29
181 239 73 76 73
181 191 63 82 68
181 244 52 63 63
181 126 37 44 44
181 247 23 31 26
173 150 29 67 44
173 103 18 49 25
173 180 91 93 91
173 240 45 71 68
74 160 53 97 91
74 26 41 85 84
75 73 81 92 88
75 97 77 99 85
75 146 45 69 55
97 8 18 100 95
97 24 56 70 62
146 116 11 83 28
205 221 47 54 50
205 169 38 56 44
205 34 89 94 93
178 102 13 71 58
156 250 93 98 96
156 97 42 66 48
156 124 72 86 81
156 220 52 53 52
82 92 14 76 24
82 216 85 97 89
82 30 54 84 78
82 139 43 86 83
79 244 51 72 67
79 251 54 59 55
79 116 45 83 79
79 4 22 67 29
251 67 41 98 94
251 29 28 81 39
116 245 17 86 33
116 114 20 92 68
81 31 81 85 85
81 82 20 61 35
81 203 23 98 48
81 144 45 95 80
81 218 80 91 85
81 90 40 73 42
81 99 94 100 95
81 12 37 83 66
81 148 81 82 81
218 31 18 68 25
218 194 94 96 96
218 254 19 33 21
218 244 89 94 89
218 177 61 92 75
83 168 40 52 46
83 122 26 31 28
83 241 15 47 40
83 112 63 92 73
86 3 14 60 43
86 138 56 60 60
138 71 80 93 92
138 119 89 96 96
138 61 62 77 67
87 141 90 97 90
87 211 71 75 75
87 119 27 88 84
87 189 41 100 76
87 20 70 89 87
88 157 69 81 76
88 79 90 97 91
89 238 22 64 49
89 32 13 80 33
238 26 21 38 29
238 172 24 94 38
238 60 52 100 65
91 259 21 45 29
91 82 20 21 21
91 126 43 82 56
91 166 17 36 19
259 199 79 83 80
259 142 84 96 89
126 130 53 54 53
126 176 74 86 75
166 5 90 99 96
93 165 26 55 50
93 106 17 46 41
93 227 51 88 79
93 186 51 95 71
93 58 41 60 52
93 131 18 89 37
165 164 47 70 69
165 159 73 97 75
106 249 65 86 75
227 23 67 89 86
227 72 26 35 31
227 257 13 87 79
227 58 29 39 39
186 127 85 97 87
186 10 63 87 64
131 9 36 51 39
131 187 19 48 22
131 204 56 89 62
94 126 25 56 44
94 31 44 49 48
94 20 44 84 45
250 218 24 56 27
250 248 83 92 92
250 88 71 86 74
250 103 36 78 65
257 172 29 55 55
257 198 11 68 32
257 226 35 54 53
150 33 52 66 55
150 247 36 51 48
219 11 85 90 90
219 46 89 92 92
219 64 21 92 85
103 77 73 81 75
104 16 38 61 41
104 100 89 98 91
104 238 19 22 22
104 11 90 92 92
243 28 22 57 29
243 154 50 89 65
249 105 77 90 87
107 89 86 94 93
107 257 94 97 95
108 246 52 91 77
108 49 90 96 90
109 3 51 86 52
114 122 38 90 71
114 241 68 87 86
114 221 22 36 36
114 210 76 89 83
114 63 57 70 66
199 210 51 77 53
199 45 31 92 62
245 45 40 50 45
245 153 16 24 20
245 175 69 76 75
170 240 58 79 76
170 57 36 44 43
195 250 27 77 29
195 229 71 94 83
195 243 80 90 84
195 240 93 96 93
195 157 84 99 85
195 18 57 58 57
147 242 60 95 89
147 88 45 76 75
147 42 37 44 43
234 168 11 83 67
234 53 68 77 77
234 181 80 81 81
190 51 68 76 73
129 91 33 91 70
187 222 77 85 78
204 236 76 84 78
204 16 17 39 39
204 142 76 95 79
248 81 70 94 82
248 225 86 96 94
198 93 70 79 71
198 224 88 94 93
198 122 11 58 54
140 156 95 98 95
140 240 54 70 58
240 77 95 97 95
240 57 62 73 68
240 47 89 98 93
240 164 92 98 94
240 206 21 90 80
240 146 75 97 87
240 108 88 96 93
239 127 11 13 12
239 41 90 94 90
235 217 60 84 76
235 238 73 78 75
235 74 72 96 83
235 166 33 81 48
145 118 30 33 31
145 184 82 90 84
145 149 32 51 38
184 49 64 67 67
184 223 26 75 58
184 51 60 87 62
149 248 60 70 65
247 224 35 83 80
247 98 20 29 28
152 125 16 38 38
152 45 68 98 77
255 25 85 94 91
255 120 72 88 73
255 243 94 95 95
255 81 51 76 52
255 256 25 28 26
162 20 93 99 94
162 35 64 78 76
164 167 94 96 94
161 12 91 100 97
161 112 36 41 40
161 17 16 51 37
161 99 56 75 59
161 53 86 91 86
163 0 68 92 89
163 66 91 100 99
163 217 41 71 66
163 188 81 85 83
163 32 52 93 92
163 124 93 94 93
163 97 17 58 26
167 235 57 97 63
167 259 48 93 92
167 51 41 78 49
167 236 44 71 59
167 24 43 79 69
167 200 47 84 72
167 63 26 42 32
236 233 82 95 83
236 61 20 55 51
236 162 14 29 24
200 16 49 65 56
200 31 90 93 92
180 235 42 58 45
169 148 77 98 77
169 50 80 90 85
169 25 11 93 14
179 210 69 97 92
179 62 20 56 30
179 40 42 64 42
222 77 47 58 48
222 48 46 61 60
222 233 90 99 94
222 231 29 70 57
222 259 60 72 68
193 116 24 84 28
193 47 40 57 42
193 234 56 83 68
193 55 29 97 95
196 21 44 98 82
196 201 67 71 71
196 0 87 100 89
196 26 36 77 39
212 91 38 83 82
213 188 42 52 46
213 81 20 65 27
213 8 74 84 82
214 83 15 43 28
214 169 24 55 38
214 228 75 98 89
230 259 26 80 80
230 79 85 95 91
0 261
