89 311
0 58 51 64 62
0 62 13 26 17
0 85 66 89 87
0 14 56 60 58
0 70 49 62 52
0 80 34 94 48
58 88 62 76 72
58 52 20 72 26
62 9 21 100 44
62 27 53 60 58
62 75 31 96 62
85 76 33 51 42
85 77 31 44 34
85 50 58 83 67
85 47 31 78 60
85 57 83 93 91
85 52 21 80 71
14 35 54 80 74
14 3 78 85 83
70 54 30 32 32
70 85 45 94 61
70 34 23 45 41
70 80 61 90 78
80 61 53 65 61
80 48 20 94 26
80 8 90 98 93
80 68 90 91 90
1 37 12 51 32
37 28 68 100 79
37 39 19 91 19
37 24 94 97 95
2 85 86 90 90
2 32 65 68 68
2 55 18 93 55
32 19 16 66 59
32 78 27 76 41
32 60 87 94 91
55 35 33 78 46
55 44 78 79 78
3 81 90 96 94
3 10 92 97 92
3 73 13 88 26
3 69 13 65 40
3 9 15 35 16
3 54 92 99 93
3 66 24 49 36
81 77 81 100 82
81 86 46 67 60
81 28 92 100 93
10 20 94 99 95
10 18 86 90 89
73 4 10 68 64
73 45 67 95 81
69 7 76 77 76
69 71 68 74 71
69 46 59 60 59
69 2 44 67 66
69 51 51 76 72
9 66 64 99 96
9 50 36 56 54
54 70 82 84 83
66 9 48 71 62
66 44 25 62 28
4 55 76 95 86
4 5 34 99 55
4 22 18 70 59
4 18 47 75 65
4 3 78 81 80
5 73 40 50 41
5 17 86 87 86
5 41 66 83 66
22 39 82 92 92
22 2 45 82 75
22 61 90 100 95
22 1 14 24 22
22 83 70 93 71
18 65 27 72 69
18 67 51 90 73
17 9 40 60 47
17 47 30 62 38
17 42 46 49 47
17 68 90 96 92
41 27 33 85 83
41 19 73 99 90
41 84 60 86 68
41 2 38 94 47
6 74 51 55 54
74 58 28 63 60
7 3 48 57 51
7 46 19 35 23
7 17 37 46 43
7 76 52 57 53
46 43 95 100 98
46 77 49 96 82
76 23 84 94 84
76 34 59 63 63
8 66 20 83 67
8 35 91 98 95
8 72 81 97 88
8 37 79 99 83
35 74 85 92 90
72 65 22 90 87
50 63 88 95 88
50 58 74 97 97
50 41 63 83 76
50 24 48 94 84
50 75 80 100 90
20 80 92 93 93
20 3 30 45 45
20 87 51 65 54
20 28 25 37 31
20 25 28 58 28
11 8 95 97 97
11 47 11 26 18
47 70 57 78 60
47 73 43 57 57
47 7 75 91 89
12 74 69 88 75
12 57 56 94 74
12 55 67 97 68
57 70 41 85 66
57 85 70 92 87
57 72 11 21 17
13 27 81 98 86
27 59 51 82 71
27 4 51 87 77
27 35 76 88 84
16 14 95 98 97
16 12 48 80 57
16 41 51 71 52
16 44 42 45 44
44 26 24 95 37
44 61 52 64 55
44 28 20 39 29
44 65 19 50 37
44 52 57 58 58
44 74 65 100 94
42 84 15 71 50
68 51 38 67 64
65 9 22 33 26
65 13 10 62 51
65 58 33 51 43
65 45 58 67 66
65 60 25 66 46
65 11 13 69 14
65 50 62 67 64
65 32 13 89 88
65 8 33 51 35
65 20 67 87 79
67 34 46 61 50
67 17 59 87 76
67 84 15 30 24
67 70 59 94 72
19 47 27 40 34
19 31 32 90 40
19 13 36 39 37
31 80 83 99 90
31 7 22 61 32
31 25 79 100 99
87 5 14 73 62
87 72 57 93 68
87 86 83 100 92
87 54 66 99 66
28 46 53 90 57
28 80 52 57 52
28 3 60 72 64
28 50 43 54 48
25 8 53 72 57
21 7 59 78 69
21 82 81 96 89
21 40 11 36 30
21 34 33 59 36
82 34 63 64 63
82 68 52 57 52
40 25 65 88 72
40 22 54 86 82
40 28 40 93 48
40 61 13 62 50
40 18 49 50 49
40 32 76 88 79
34 85 93 98 94
34 14 84 89 84
34 6 33 67 37
34 24 86 87 87
34 41 43 91 74
34 62 22 52 50
61 78 34 61 36
61 54 30 93 51
83 55 19 75 28
83 53 70 73 71
23 14 53 78 58
23 41 85 97 86
23 5 50 87 76
23 12 93 94 93
23 75 65 83 80
23 66 11 30 30
75 29 66 84 67
75 59 13 72 15
75 36 89 99 90
75 5 68 87 79
75 23 68 76 74
24 10 47 68 55
24 15 60 78 63
24 72 26 67 38
26 39 22 63 52
26 22 67 96 86
59 22 25 96 90
29 58 75 87 77
29 0 67 91 81
29 13 42 67 44
29 82 16 28 17
29 16 90 97 97
29 74 60 98 63
30 75 79 97 86
30 49 44 65 52
30 5 70 86 80
30 24 89 96 94
30 54 43 53 43
30 35 12 53 26
30 87 74 77 76
49 5 31 47 47
49 78 56 68 60
49 38 30 33 31
78 43 60 88 76
78 67 27 80 54
78 27 82 88 82
78 74 50 68 57
60 37 51 65 64
60 68 16 94 82
60 25 31 32 32
33 49 64 96 86
33 7 71 78 76
33 66 25 30 28
33 31 72 74 74
36 30 24 61 55
36 27 56 68 62
36 57 47 71 50
38 55 84 97 97
38 49 57 100 67
38 87 15 84 59
84 0 71 98 87
84 55 91 92 92
84 17 83 85 84
84 81 51 85 57
84 54 38 61 42
43 5 27 38 37
43 77 37 55 37
43 46 36 53 44
43 12 68 88 88
43 87 24 66 37
77 19 65 100 83
77 60 28 67 39
77 25 37 79 71
77 52 92 97 97
77 43 85 91 91
77 58 50 99 51
77 57 18 30 22
77 40 78 84 83
52 40 91 97 96
52 30 40 53 41
52 29 71 85 77
45 47 22 75 56
45 22 52 66 60
45 18 83 86 86
45 0 64 77 68
45 71 57 94 58
45 87 31 86 36
45 16 30 72 46
45 75 74 98 79
71 85 15 25 24
71 8 28 79 32
71 48 36 67 60
48 42 85 96 91
48 13 73 86 86
48 34 26 77 50
63 76 21 37 33
63 15 29 65 41
63 34 59 82 64
51 9 90 94 92
51 25 52 53 53
51 38 76 84 84
51 66 63 99 86
51 13 24 53 46
51 75 62 70 66
53 81 85 86 86
53 77 83 91 90
53 27 77 82 80
53 3 26 28 26
53 12 38 87 61
56 53 37 43 40
56 59 64 85 78
56 68 34 63 34
88 81 64 99 88
64 71 63 87 77
64 48 20 96 54
64 47 61 90 88
64 22 58 94 74
64 51 74 90 81
79 62 46 95 63
79 75 83 100 93
79 66 12 69 67
79 22 52 75 64
79 58 57 73 69
79 24 74 80 76
86 67 50 64 54
86 38 21 36 29
86 10 87 92 89
86 37 50 72 56
86 84 59 89 88
86 18 69 93 71
86 42 24 82 45
0 88
