2007 5549
0 1915 91 100 92
0 395 25 56 32
0 304 11 52 45
0 675 13 84 42
0 932 39 86 55
0 239 79 89 83
1915 1069 36 58 36
1915 1840 57 97 68
1915 1671 53 66 60
395 1600 82 89 85
395 1964 86 98 92
395 984 18 38 34
395 238 73 79 74
304 263 70 96 90
304 335 20 41 30
304 896 53 100 90
675 1667 52 90 88
675 958 92 95 95
932 367 50 79 54
932 1952 58 85 81
239 1314 73 89 78
239 1666 71 74 74
239 726 71 96 75
239 136 94 97 94
239 610 61 88 79
1 1046 78 87 85
1 1679 58 68 67
1 1814 82 94 90
1046 1205 42 55 50
1046 1152 48 80 65
1046 1326 50 86 70
1046 45 16 58 39
1679 1846 81 90 81
1679 717 15 51 21
1679 619 26 88 40
1679 1327 21 59 46
1679 1224 21 49 39
1814 151 25 67 63
2 195 72 81 74
195 458 46 92 59
195 926 15 90 82
195 1191 84 88 87
3 533 43 96 49
3 1003 68 89 80
533 1995 68 82 80
533 1355 13 77 58
533 611 59 73 62
533 1957 25 73 34
4 988 95 100 100
4 630 72 85 73
4 1570 27 53 38
988 1307 94 99 95
988 1160 60 82 65
988 1452 16 74 33
988 796 85 92 87
988 13 87 96 89
630 756 65 100 67
1570 190 51 64 57
1570 895 73 87 74
5 930 11 38 24
5 1435 79 87 84
5 1550 68 94 94
930 1522 59 60 59
1435 453 34 85 61
1435 577 58 65 60
1550 1684 77 97 92
1550 611 10 16 10
1550 415 50 87 57
6 1042 56 100 69
1042 409 21 38 25
1042 1617 11 37 28
1042 63 19 31 30
1042 506 14 40 32
1042 1595 43 83 49
1042 195 60 86 66
7 708 35 55 53
708 31 65 95 92
708 17 87 94 87
708 529 88 100 95
8 1427 93 95 95
8 40 80 88 83
8 1802 85 94 88
1427 83 30 41 38
1427 1018 62 75 63
1427 627 58 71 58
1427 125 43 59 54
1427 1246 20 48 38
40 1383 67 73 71
1802 1908 83 94 92
1802 1660 28 85 67
1802 726 48 84 50
9 638 85 99 95
9 1470 55 87 86
638 862 31 43 34
10 813 47 86 71
10 707 50 95 50
10 980 39 64 53
813 151 26 86 75
707 686 16 76 43
707 1019 77 93 83
707 1811 34 99 99
980 1544 31 51 51
980 96 58 97 68
980 732 52 97 58
11 996 34 66 47
11 1966 93 94 94
11 111 64 83 68
996 839 63 75 64
996 959 53 97 56
996 49 79 98 90
996 1166 94 98 98
996 968 50 73 58
1966 960 82 99 86
1966 1259 72 97 91
1966 825 57 100 98
111 1955 74 93 81
12 539 49 92 70
12 173 79 89 84
12 535 61 94 72
539 1871 54 85 75
173 1126 75 98 82
173 1306 91 98 91
173 625 72 92 74
535 1405 70 92 78
535 1348 59 83 83
535 327 20 58 57
14 1349 24 78 48
14 351 36 48 40
1349 1571 83 84 84
351 723 91 97 93
351 1157 88 96 95
15 940 89 97 95
15 48 43 91 90
15 1667 74 98 90
15 1819 61 96 75
940 201 25 61 52
1667 762 63 87 80
1667 1931 10 95 29
1819 1138 32 44 42
1819 1756 18 34 29
16 94 25 41 27
16 194 43 81 77
94 34 44 66 65
194 421 15 47 40
194 1914 54 70 58
194 173 35 87 86
17 1697 14 84 58
1697 139 94 98 96
1697 85 74 94 92
18 1851 58 88 78
18 578 86 97 92
578 18 74 93 79
578 1210 25 71 65
19 52 83 95 95
19 753 86 96 87
19 968 10 81 52
19 1452 85 89 89
52 21 75 88 83
52 1468 25 39 34
52 852 18 59 44
753 1988 93 99 99
753 238 86 89 88
968 1653 52 79 66
968 279 64 90 85
1452 850 86 99 98
1452 1274 35 53 52
1452 1354 73 75 73
1452 671 52 59 58
20 1524 23 73 56
20 67 18 63 42
20 1840 62 85 66
20 501 60 72 64
1524 379 28 38 31
1524 606 58 69 64
1524 1203 60 90 62
1524 554 32 93 32
1524 490 61 86 74
1524 1591 37 93 63
67 668 18 55 28
67 919 72 94 81
67 209 55 100 100
1840 102 31 73 51
1840 1349 39 83 60
1840 109 95 100 99
1840 1469 79 99 98
1840 1747 36 90 51
501 1842 82 85 84
501 1953 49 89 57
501 1883 13 73 45
501 961 46 69 54
21 321 30 58 44
21 1176 12 53 13
21 1323 35 46 45
321 327 65 79 69
1176 376 71 83 75
1176 917 85 87 86
1176 896 66 76 66
1323 311 26 75 56
1323 1624 30 70 38
1323 1415 61 85 69
22 434 23 75 70
22 501 32 58 53
434 1037 70 89 74
434 1941 35 50 40
434 1453 14 49 15
434 837 84 96 95
23 459 44 66 61
23 951 31 94 65
23 284 36 46 43
23 1063 28 100 64
23 1024 68 91 88
459 998 65 91 70
459 985 11 70 64
459 1509 51 74 63
459 1208 19 57 36
951 1228 51 81 66
284 878 64 88 81
284 1460 10 20 14
284 1062 92 94 94
1063 1954 24 60 50
1063 267 54 81 64
1024 333 57 74 73
1024 1667 13 63 60
1024 1555 21 65 26
1024 676 56 64 57
1024 1604 45 85 77
1024 1539 44 66 46
24 971 57 63 57
24 671 87 91 91
971 1046 59 90 68
671 1931 91 93 92
671 774 43 76 46
671 1590 44 50 48
25 663 64 79 71
25 1290 35 86 41
663 1523 70 78 75
663 1122 48 94 83
663 756 71 79 79
1290 1592 89 96 95
1290 419 35 66 50
1290 109 16 93 61
26 875 91 100 100
26 428 55 89 72
26 1980 44 68 48
875 81 37 62 40
875 1319 57 68 64
875 253 73 91 82
875 807 30 71 45
875 1801 17 27 24
428 1625 68 72 69
428 995 28 53 41
428 1863 84 89 87
428 697 85 94 94
1980 690 42 47 44
1980 160 15 66 45
1980 1626 94 100 99
1980 1895 94 97 94
28 985 16 50 41
28 1349 26 31 28
985 345 38 70 68
985 270 32 51 45
985 834 82 88 87
985 618 30 31 31
29 830 40 96 86
29 1943 81 92 88
830 1292 69 99 77
830 852 58 79 65
1943 1467 89 96 94
1943 1159 82 99 99
30 1716 45 57 55
30 1035 27 88 66
30 1658 73 94 85
1716 1802 76 82 76
1716 1160 49 85 72
1035 139 68 90 73
1035 1564 75 83 79
1658 1788 45 68 60
1658 313 63 93 64
33 1597 11 57 42
33 1646 58 59 59
33 48 91 98 94
33 1093 78 89 81
1597 1884 14 81 44
1597 357 48 63 59
1597 829 92 93 93
1646 616 87 91 87
1646 486 12 77 24
1093 434 27 93 57
1093 1795 46 52 49
1093 1402 72 89 81
1093 1837 63 86 86
34 1557 55 97 97
34 1194 61 83 83
1557 1209 49 77 59
1557 539 53 79 75
1557 866 80 85 82
1194 1281 69 97 70
1194 1192 36 79 67
35 652 59 97 69
35 785 85 93 93
35 1664 58 95 91
35 1444 30 32 30
652 1979 52 90 89
652 1507 31 97 82
785 319 81 87 82
785 816 92 97 96
785 912 66 100 95
1664 39 15 85 55
1664 1632 68 77 71
1664 542 82 88 85
1444 942 43 86 74
1444 831 81 87 83
1444 1393 28 76 39
36 711 84 100 100
711 1177 49 65 64
711 242 15 92 88
37 1529 51 61 53
1529 516 56 61 60
1529 535 81 96 85
38 972 18 71 38
38 1350 64 91 77
38 1462 82 91 86
38 588 37 82 70
38 425 82 86 82
1350 410 41 71 71
1350 1302 51 64 55
1350 1172 44 78 75
1350 913 10 100 21
1350 946 11 69 50
1350 1755 40 77 72
1350 595 92 98 98
1462 1303 27 87 65
1462 1445 72 96 79
1462 1487 59 74 71
1462 166 64 85 75
588 1261 53 73 65
588 900 72 73 72
588 1404 56 85 76
425 34 27 67 29
425 1543 58 75 59
39 479 93 94 93
39 169 62 64 63
169 1077 22 36 22
169 727 12 57 35
169 345 62 81 62
169 397 93 97 94
1383 1768 29 90 49
1383 458 40 42 40
41 184 28 68 66
41 1054 40 51 42
184 1072 56 96 65
184 495 69 93 74
184 1589 24 57 24
1054 1355 43 83 67
1054 8 64 89 82
1054 1286 84 85 84
1054 453 13 45 16
42 1217 74 82 75
42 415 82 91 88
1217 1032 62 63 62
1217 1218 11 44 20
1217 618 53 54 54
1217 158 75 89 86
415 1090 24 29 26
415 752 84 94 85
43 93 94 97 95
43 1405 57 90 71
43 870 71 92 91
43 680 22 100 47
93 919 63 86 68
93 1104 86 87 86
93 87 32 60 43
1405 1203 59 89 81
1405 135 49 100 66
1405 494 42 44 42
1405 1925 12 65 56
1405 904 30 52 34
1405 1580 68 97 69
870 1833 67 76 67
870 1022 53 99 74
870 1657 19 32 28
680 1277 85 87 87
680 317 57 70 70
680 1038 83 91 85
44 1214 48 72 58
44 1857 24 35 25
44 1997 44 68 66
44 1837 23 30 29
1214 1029 81 95 82
1214 1588 79 81 79
1214 1437 54 100 89
1214 1966 54 62 58
1214 1592 46 96 88
1214 1551 41 83 81
1857 304 37 77 67
1857 721 89 96 92
1857 1044 83 96 89
1857 294 49 79 75
1857 628 29 38 32
1997 1641 70 72 72
1837 1370 48 68 58
1837 285 85 90 85
45 1383 87 95 90
45 226 14 42 38
45 144 45 84 80
45 999 27 42 38
226 990 43 100 54
144 1931 86 94 87
144 1650 80 91 85
144 1216 30 40 33
144 603 42 59 59
144 189 53 86 83
999 120 56 91 90
999 1981 61 72 63
999 1462 46 83 57
999 1216 79 86 85
47 1740 57 75 58
47 808 88 93 88
47 553 11 78 55
1740 1450 35 52 44
1740 1425 89 92 90
1740 1169 46 82 61
808 1848 10 43 27
49 1730 11 52 35
49 1546 37 81 81
1730 607 22 74 57
1730 1300 37 82 46
1730 1485 79 97 79
1730 1842 74 93 83
50 29 88 93 93
51 204 18 36 29
51 1173 16 47 16
51 1046 89 92 90
204 92 32 40 34
204 1415 58 88 66
204 595 58 100 97
1173 1531 81 94 85
1173 396 43 55 50
1468 1257 21 84 43
1468 1747 29 47 35
1468 409 94 99 96
1468 1985 41 87 67
1468 1807 40 78 40
852 1611 90 95 90
852 611 95 98 96
54 515 36 96 60
54 1891 50 71 61
515 443 36 74 48
515 1705 28 73 59
515 1117 21 50 39
515 1213 48 80 49
515 1619 22 41 39
55 653 17 85 55
653 1260 61 72 72
56 352 75 99 83
352 257 20 99 99
59 654 11 24 13
59 771 16 71 58
59 915 59 73 64
771 956 57 75 71
771 31 18 80 76
771 1242 78 92 81
771 715 95 100 99
915 689 86 100 89
915 340 47 68 62
915 269 58 83 75
915 650 84 98 92
60 1174 89 99 89
60 189 19 52 37
60 1821 69 76 75
60 599 18 38 38
60 1540 43 44 43
60 52 80 90 89
60 1809 44 56 49
60 732 17 74 38
1174 1548 52 96 52
1174 1628 39 96 85
1174 420 26 63 31
1174 1084 39 61 41
1174 120 72 89 86
1174 44 58 99 82
1174 783 65 99 81
189 1366 60 98 65
189 684 57 82 67
189 376 12 97 30
1821 1717 25 50 28
1821 272 61 81 76
1821 1985 18 67 62
1821 493 66 98 85
599 635 22 79 41
599 146 30 76 66
1540 612 24 56 28
1540 235 51 92 74
1540 740 31 33 33
1540 1039 34 58 52
1540 1323 42 54 53
1809 40 45 97 72
1809 1219 44 81 67
1809 1290 32 70 40
732 1544 16 39 21
732 1438 81 83 82
732 141 53 85 59
732 720 75 99 89
61 1413 70 100 79
1413 1031 63 92 74
63 229 91 97 97
63 845 83 97 89
63 490 56 72 57
63 639 44 72 52
229 273 62 97 91
229 1001 37 69 60
845 1562 49 70 56
490 106 36 44 37
490 519 14 20 19
639 1153 66 99 95
639 841 85 88 86
64 319 92 100 99
64 493 21 44 28
64 1156 46 63 63
319 685 29 33 31
493 343 19 58 23
493 1247 66 87 75
493 969 52 89 87
1156 360 58 94 80
1156 1576 91 97 94
65 1639 88 97 95
65 269 68 86 84
1639 998 44 85 75
1639 1786 26 63 27
1639 440 73 100 94
1639 240 66 92 81
269 1649 68 91 91
269 542 73 93 87
269 1747 27 59 43
269 817 35 57 36
269 989 42 92 65
66 177 69 97 85
177 878 47 98 49
668 421 89 94 89
919 1491 54 93 54
209 735 95 97 95
209 1247 52 68 68
209 242 34 36 35
209 889 56 61 56
209 1824 20 36 32
68 1969 20 26 20
68 610 90 99 90
68 1472 78 81 81
1969 1449 46 66 58
1969 1481 88 97 93
610 383 86 91 86
610 1559 75 81 78
70 1927 26 53 39
70 575 43 88 87
70 1179 84 96 95
70 86 23 92 38
70 797 88 93 92
575 1500 49 68 59
575 863 89 96 90
575 119 68 100 74
1179 1943 13 93 37
1179 1091 11 98 46
86 1123 43 64 56
797 1770 71 72 71
797 280 36 41 36
71 1127 37 54 40
71 1837 28 71 50
1127 203 42 65 48
1127 1592 24 42 29
1127 681 46 84 70
72 1988 16 75 40
1988 1849 65 69 65
1988 506 58 63 60
1988 12 45 51 51
73 1867 68 72 71
73 562 74 79 74
73 745 24 28 25
1867 649 61 79 78
1867 654 63 93 83
1867 1014 51 69 68
562 897 22 44 34
562 1492 29 92 72
562 1467 80 93 85
562 1111 59 94 62
562 135 68 72 71
562 1069 70 85 85
745 1245 71 91 82
745 939 11 43 18
745 1701 22 52 37
745 1449 79 98 82
74 1177 43 51 48
74 1907 30 55 51
74 1229 70 91 75
1177 991 64 67 65
1177 1035 21 46 24
1907 1994 60 65 60
1907 1768 57 74 69
1229 1057 18 49 40
1229 1831 20 34 23
1229 1182 18 42 23
76 1020 15 21 20
76 359 34 91 59
76 1323 17 45 45
76 1788 83 95 94
76 465 83 98 98
76 1283 73 83 81
1020 1203 75 83 75
1020 1609 14 94 25
359 1893 50 77 69
1788 549 51 79 78
1788 706 61 77 69
1788 399 41 89 75
465 436 92 94 93
465 1499 48 49 48
465 703 91 100 94
465 516 91 94 94
1283 1217 90 91 90
1283 1746 93 100 93
77 402 92 100 99
77 787 25 69 28
77 93 91 99 94
402 807 52 91 74
787 698 54 78 76
787 1198 83 85 83
787 183 87 100 91
787 431 82 90 85
787 55 89 99 97
78 1204 24 94 50
1204 1771 29 97 97
1204 629 41 89 78
1204 615 77 94 89
79 1113 84 93 92
79 356 13 88 57
79 646 46 65 53
1113 702 30 87 39
1113 1130 38 53 51
1113 486 57 80 63
1113 927 72 82 73
1113 2006 67 85 70
646 1767 60 91 60
80 1465 82 97 95
80 120 73 83 77
80 151 84 85 85
80 1698 33 96 58
80 660 39 61 53
1465 918 92 93 92
1465 725 85 91 87
1465 1877 71 85 80
1465 1815 53 66 58
1465 1616 38 76 38
1465 1840 31 61 40
1465 1346 90 94 91
120 1460 72 84 83
120 357 43 62 51
120 611 38 50 42
151 780 23 61 49
151 1497 71 98 71
151 20 68 72 70
151 377 42 70 64
151 564 90 93 91
660 2002 76 96 92
660 323 10 24 23
81 43 89 96 95
81 1639 93 100 97
81 1557 24 54 41
81 1294 46 49 46
1294 1680 71 96 73
1294 871 70 79 73
1294 1111 14 80 35
1294 556 25 99 88
1294 599 68 72 70
82 704 22 23 23
82 914 23 94 49
82 1868 13 34 22
82 1746 91 97 92
82 1171 39 71 44
704 157 61 81 68
704 434 63 96 83
914 1481 52 96 58
914 1928 10 45 13
914 970 72 88 85
914 1467 22 30 28
1868 1171 64 89 64
1868 1285 59 93 76
1868 1683 82 95 93
1868 583 46 65 55
1746 1970 28 55 41
1746 1701 17 93 91
1171 956 43 45 43
83 879 41 95 58
83 525 83 100 93
879 1980 92 95 92
879 552 41 91 64
525 139 11 15 15
84 1143 16 41 21
84 49 71 80 78
1143 1619 11 87 84
1143 1551 87 98 87
85 1136 41 79 54
85 471 20 73 54
85 1565 29 95 95
1136 1069 71 89 83
1136 1854 75 77 76
1136 14 45 77 69
471 1873 48 81 67
471 758 74 92 85
471 234 60 75 63
1565 544 39 95 77
1565 128 77 88 78
1565 1583 72 76 75
1123 298 28 71 34
88 1604 93 95 95
1604 1506 28 78 46
1604 899 10 60 50
89 965 50 76 58
965 1493 31 53 42
965 440 82 96 84
90 1395 58 85 84
90 814 36 91 49
1395 1029 22 77 68
1395 914 47 62 61
814 1045 82 91 87
814 897 31 49 44
814 1068 81 100 84
91 115 26 42 29
91 1363 18 25 23
91 916 37 71 55
91 632 40 95 75
115 1135 30 37 34
115 604 95 97 97
115 318 53 65 61
115 982 73 96 83
1363 1501 85 86 85
1363 357 15 94 85
916 1256 55 93 69
916 1049 87 97 93
632 1705 41 42 42
632 1455 73 75 74
92 377 44 87 65
92 843 73 96 73
377 788 55 93 62
377 27 81 96 81
843 1110 48 77 59
843 340 49 62 53
1104 1069 31 54 40
1104 1792 30 43 31
1104 369 31 61 39
1104 1597 14 65 18
1104 1184 60 94 78
1104 337 11 89 49
1104 1598 15 89 39
95 1636 64 72 67
95 223 39 42 39
95 552 56 69 68
95 635 69 94 71
95 412 79 83 81
95 1950 66 78 76
1636 1550 63 81 69
1636 1053 50 56 50
1636 767 16 38 33
223 1316 38 56 39
223 5 56 70 61
552 470 72 79 74
552 767 18 46 33
635 992 70 84 84
412 469 30 92 73
412 737 43 86 45
412 1146 25 85 48
412 1300 39 41 40
412 316 85 97 96
412 1309 49 74 63
1950 1403 85 95 87
1950 1677 56 88 79
96 1361 34 96 47
96 199 87 94 94
1361 1130 25 74 47
1361 1192 59 97 68
1361 1740 80 94 86
1361 1297 43 47 44
199 102 70 96 84
199 35 23 52 46
199 1679 81 83 83
199 151 88 98 93
97 1408 12 31 16
97 960 15 71 38
1408 1119 48 94 60
1408 650 72 88 86
1408 1557 17 25 23
1408 1751 94 99 94
98 1602 57 79 67
98 398 82 90 88
1602 847 22 30 25
1602 62 64 93 75
1602 1095 78 99 88
1602 842 90 97 96
1602 437 26 73 50
1602 980 54 56 55
398 805 45 58 57
398 340 63 90 83
398 59 80 91 80
398 20 60 95 95
398 2001 80 92 86
99 1289 20 53 51
99 1718 48 81 52
99 810 76 91 91
99 1800 75 84 78
1289 396 80 88 82
1289 878 59 85 64
1718 1 42 85 79
1718 1230 79 100 88
810 63 83 96 88
810 421 66 69 68
1800 1996 28 86 32
1800 1792 88 99 92
100 677 48 73 54
100 136 84 92 88
677 151 49 53 52
677 301 70 93 74
677 1568 87 89 88
677 1024 64 87 79
136 1125 70 89 74
136 1851 89 91 90
101 619 14 46 21
101 325 60 83 61
101 1978 59 70 59
101 1180 25 45 43
101 1127 41 75 67
101 1952 48 72 56
619 935 37 88 42
619 459 52 91 74
619 811 57 96 95
619 1737 21 63 52
619 310 61 93 71
619 1690 88 91 90
619 42 20 46 40
619 622 52 55 53
619 512 68 92 70
325 735 78 82 80
325 520 75 94 88
1978 581 77 86 85
1978 936 28 54 37
1180 1559 11 25 17
1952 1627 87 91 89
1952 262 46 59 57
102 693 63 96 94
102 498 22 26 23
102 1912 84 93 90
102 976 30 95 35
693 34 34 55 45
693 1253 48 50 48
693 809 28 33 30
693 646 32 34 34
693 800 85 86 86
498 1181 23 85 43
498 223 13 52 18
498 1012 24 38 30
498 1647 70 77 77
1912 1978 31 91 65
1912 1896 19 29 26
1912 744 79 84 84
1912 1004 28 94 91
976 1533 47 61 52
976 940 27 38 35
103 436 20 31 28
103 1627 92 93 92
103 1832 85 95 90
103 344 55 66 56
436 379 18 93 80
1627 1024 65 81 80
1627 285 78 89 82
1832 577 79 80 79
1832 660 49 67 58
1832 10 67 80 71
344 1521 39 87 70
104 58 90 92 91
104 915 83 98 93
104 995 47 48 48
104 341 73 100 73
104 1599 64 71 65
104 1988 80 87 84
995 1533 85 91 88
995 156 56 79 64
995 1016 56 68 61
995 1116 33 74 37
995 407 43 63 49
1599 971 48 79 64
1599 591 61 80 76
1599 1666 26 42 33
105 1276 44 67 57
105 972 75 76 76
1276 723 38 96 55
1276 993 39 82 51
106 1726 94 98 96
106 365 67 100 68
1726 980 47 86 61
1726 399 36 89 37
1726 426 80 88 80
1726 1063 66 67 66
1726 1704 73 94 85
365 18 80 89 88
365 1203 29 85 50
107 367 36 85 39
107 991 91 92 92
107 932 72 90 77
107 1686 56 95 84
367 1773 55 71 59
367 533 35 86 46
367 1105 41 90 79
367 1945 69 89 69
367 1879 55 96 55
367 1564 30 35 34
991 1294 19 24 19
991 1031 45 86 83
991 1235 43 48 44
1686 1634 83 89 86
108 1198 39 76 51
1198 1506 32 60 53
109 1241 95 98 96
109 1803 76 93 84
109 1256 90 99 90
1241 59 46 65 46
1241 1255 58 87 62
1803 1045 45 69 55
1256 1929 34 65 45
1256 147 26 40 39
1256 901 82 95 88
1256 44 83 94 87
110 130 41 50 47
110 711 63 66 66
110 1485 17 32 30
130 1687 14 75 24
130 1262 77 85 81
1485 215 28 78 52
1485 663 58 72 62
1955 437 42 56 52
1955 1123 14 61 24
112 91 70 71 71
112 649 84 100 94
112 413 63 82 71
112 1844 22 27 26
112 1656 40 54 53
112 1052 72 97 84
112 1009 46 79 61
112 359 73 85 77
112 982 14 36 17
649 0 62 89 65
649 1433 72 94 72
649 909 21 69 23
413 1713 74 81 80
413 1676 35 95 67
413 1330 91 94 94
413 580 19 56 49
413 457 49 70 49
1844 172 58 85 70
1844 249 93 96 94
1656 1949 54 81 79
1656 1078 64 85 76
1656 1670 19 27 24
1656 1338 10 79 64
1656 1457 68 87 78
1052 449 68 97 74
1009 962 61 93 71
1009 1279 15 35 15
982 1270 23 56 38
113 74 27 71 35
113 1400 42 55 51
1400 1395 70 73 72
114 626 34 36 36
114 883 88 99 93
114 687 25 31 30
114 1968 85 100 89
114 1420 30 72 55
626 680 69 95 85
626 1281 54 65 63
883 1342 27 49 32
883 525 37 56 49
883 559 45 70 52
883 1192 69 99 88
883 1266 87 100 99
687 316 53 74 63
687 1687 72 77 77
687 650 58 100 88
687 1631 31 84 72
687 1574 10 88 78
1968 1926 89 95 93
1968 1239 35 61 54
1420 1606 79 99 92
1420 1980 32 92 83
1420 1463 41 96 70
1420 1525 82 87 82
1420 806 79 89 84
1135 30 75 82 79
1135 1850 80 81 80
604 1752 10 32 29
318 1414 17 47 29
318 1135 59 73 67
117 153 40 87 53
117 239 32 91 85
153 561 46 47 47
153 650 72 74 73
153 1471 62 66 64
153 1444 38 42 39
153 956 42 57 47
118 86 95 98 96
118 692 34 84 66
118 703 46 58 56
692 1853 21 31 26
692 1208 15 42 35
692 1227 59 78 74
692 1452 37 60 40
692 1661 91 97 95
703 156 51 68 57
703 1177 65 100 77
703 1878 20 91 66
703 818 60 93 82
119 1049 13 36 29
119 1381 84 89 88
119 2 74 75 75
119 25 10 18 18
1049 1280 20 22 20
1049 1256 27 92 53
1049 880 45 83 47
1049 1263 84 92 84
1049 1292 52 57 52
1049 1155 85 100 98
1381 648 62 93 70
1381 1191 41 79 75
1381 1699 68 80 78
1460 1780 39 64 46
1460 1256 64 98 84
1460 743 83 91 83
1460 163 33 100 90
357 286 85 95 94
611 1554 81 83 83
611 81 87 90 89
611 1305 79 96 84
611 1411 65 71 69
611 507 23 42 42
121 1547 81 84 81
121 1238 16 83 23
121 254 88 94 90
121 1478 70 76 71
121 956 86 91 86
121 1876 82 85 85
121 198 38 94 72
1547 192 57 99 94
1238 403 85 89 85
1238 1806 36 47 38
1238 8 90 99 92
1478 180 73 79 78
1478 1582 75 93 91
1876 979 47 89 66
1876 1145 14 95 41
1876 1864 35 96 56
1876 1528 87 92 88
1876 1738 53 68 62
198 1000 63 73 72
122 1073 46 60 46
1073 995 30 76 43
123 1209 27 47 36
123 512 92 98 94
123 352 49 51 49
123 717 28 82 49
1209 571 59 65 64
1209 1933 36 44 37
512 1906 42 75 54
512 835 32 51 44
512 1507 13 90 26
124 591 64 65 64
591 138 24 60 44
591 1877 68 87 83
125 1232 34 80 71
125 99 77 92 84
125 927 59 80 80
1232 895 20 73 21
1232 1061 77 92 86
927 50 59 68 68
927 455 16 70 50
927 374 73 77 77
927 707 87 88 87
126 983 31 54 42
126 1838 65 70 70
126 373 15 97 44
126 393 42 60 50
126 435 11 12 12
983 1879 87 97 97
983 547 41 53 45
983 740 23 66 29
983 917 68 99 79
983 1268 44 48 46
1838 1746 41 91 91
1838 1342 79 99 96
1838 367 92 93 92
1838 1870 93 95 94
373 1259 91 99 91
373 804 33 58 54
393 1022 16 77 29
435 378 62 88 83
435 1176 95 96 95
435 917 23 40 25
127 457 17 37 35
127 1337 50 80 63
127 152 27 53 31
127 787 60 91 80
457 1970 66 67 66
457 81 62 95 79
457 1287 63 77 76
457 1819 62 76 65
1337 1709 17 72 43
1337 125 50 65 65
1337 4 50 60 50
152 1326 32 74 38
128 1329 18 23 21
1329 1782 21 56 49
1329 1568 64 86 64
129 52 82 96 88
129 492 43 90 74
129 113 26 38 28
492 75 67 73 73
492 925 13 82 23
492 422 32 36 34
1687 1529 46 82 67
1262 1584 54 60 57
1262 22 54 100 72
131 730 27 48 34
730 930 20 29 25
730 1680 28 97 78
730 284 76 99 96
730 519 17 97 27
132 1666 46 72 53
132 1888 13 41 26
132 670 34 99 65
132 1360 45 52 45
132 1213 73 76 73
1666 617 74 78 78
1666 411 40 51 42
1666 362 25 66 49
1666 902 54 74 59
1888 843 57 64 59
1888 1575 42 69 69
1888 274 41 67 46
670 812 23 32 29
670 587 19 96 23
1360 914 32 61 38
1360 17 86 91 87
1360 223 40 94 51
1360 326 91 98 93
1360 1722 54 66 60
1213 665 12 66 65
1213 1495 11 76 53
1213 1720 48 72 62
1213 497 38 59 57
133 1313 25 80 75
133 797 36 84 78
133 1648 58 98 76
1313 579 44 64 63
1313 330 61 91 86
134 584 49 63 53
584 652 26 98 76
584 1906 23 45 36
584 391 11 41 36
584 777 89 97 89
135 1937 75 99 97
1937 1929 27 86 72
1937 1623 54 73 58
1125 798 33 35 34
1125 1412 57 58 57
137 760 58 92 64
137 549 64 72 72
137 455 21 42 25
455 1593 13 44 31
138 671 67 83 77
139 1763 94 99 98
139 1899 42 80 76
139 438 10 94 81
1763 1197 39 52 41
1763 1899 18 40 18
1763 313 35 88 42
1899 189 68 74 69
1899 448 21 74 57
438 1246 72 80 77
141 281 73 74 74
141 1445 17 67 37
281 1560 72 91 74
281 566 42 81 53
281 290 14 36 33
281 751 89 90 90
281 1195 57 67 61
1445 1149 45 95 70
1445 1127 68 88 71
1445 1424 27 90 35
142 1514 70 96 79
1514 456 84 91 86
1514 1703 48 87 71
143 1955 26 96 90
143 764 79 88 87
143 1254 57 84 69
764 1976 93 94 94
764 1267 74 76 76
1254 1333 70 78 78
1254 458 13 14 14
1931 601 49 100 94
1931 687 59 98 94
1931 1878 44 77 46
1931 688 91 97 97
1650 355 22 44 43
1650 1768 29 63 29
1216 1509 30 35 35
1216 590 83 90 88
1216 1901 95 97 97
603 1879 72 89 80
603 829 48 59 52
603 1894 92 95 94
603 514 46 61 60
145 722 24 46 24
145 1321 56 89 85
722 1682 92 98 95
146 1547 70 74 74
146 1290 88 97 92
146 59 34 37 37
146 9 30 68 42
147 1214 30 35 33
147 1373 28 47 39
147 1712 26 41 31
1373 1030 69 91 84
1373 1915 26 67 35
1373 135 88 100 94
1373 180 53 66 55
1712 1770 54 89 84
1712 574 77 100 99
1712 879 71 82 76
1712 1705 85 94 90
148 539 88 94 94
148 1462 77 86 82
148 582 32 50 50
148 1566 24 36 28
582 1052 60 81 72
582 851 15 35 15
582 601 24 37 36
582 659 41 71 56
1566 246 29 77 30
1566 1685 64 65 64
1566 1683 54 81 66
1566 1047 72 89 84
1566 1314 94 98 98
149 945 36 87 45
149 1459 66 71 70
945 812 62 96 68
1459 784 67 100 92
1459 351 55 85 56
150 462 38 93 84
462 858 25 40 32
462 87 27 39 36
462 1374 79 93 79
780 556 34 47 47
780 1577 13 36 25
1497 599 40 69 53
1497 226 94 95 94
1497 398 30 92 46
564 32 80 88 88
564 817 86 100 86
1326 1333 68 97 80
561 1865 31 83 50
561 1068 48 76 48
650 1221 36 85 44
650 1454 48 67 48
650 1344 17 38 19
1471 1032 53 99 53
1471 1414 42 56 55
154 1941 40 72 68
154 448 29 35 31
1941 892 65 68 68
1941 1500 59 79 72
1941 1423 70 78 70
1941 430 33 60 50
1941 859 41 76 46
1941 1692 30 37 37
448 1217 21 93 60
448 1137 21 43 30
155 1974 56 71 59
155 788 82 85 84
1974 159 10 86 57
1974 797 40 97 47
788 96 34 58 37
156 348 60 100 82
348 207 42 72 48
348 437 31 32 32
348 1706 85 90 90
157 571 69 96 70
157 694 62 90 66
157 1021 46 81 70
571 611 94 97 94
571 1353 10 64 25
694 1682 41 64 47
694 616 27 29 28
694 982 64 72 71
1021 392 80 92 82
158 1916 33 94 59
158 978 66 67 66
158 837 59 78 72
158 604 78 92 91
1916 1858 92 93 93
1916 1542 24 47 26
978 1045 11 68 23
978 1846 50 65 56
978 1128 48 50 50
978 1891 81 87 87
978 1015 72 78 78
978 1466 74 86 74
837 1908 23 84 64
837 441 12 54 16
159 996 28 84 62
159 1709 18 24 22
159 1028 16 69 43
1709 23 48 91 81
1709 1668 29 58 36
1709 856 15 54 34
1028 776 92 97 92
1028 111 90 100 92
1028 1623 64 84 81
160 85 25 68 25
160 1471 74 96 93
160 225 11 19 12
225 1334 22 79 45
164 433 53 76 76
164 1089 45 99 70
164 347 52 81 72
164 747 11 94 74
164 16 28 90 57
164 1222 85 86 85
164 574 22 72 57
433 1184 45 68 61
433 1766 63 69 69
433 105 55 63 61
433 888 16 53 39
433 1239 13 54 23
1089 1259 33 38 35
1089 559 94 98 95
1089 984 46 65 59
1089 1760 52 97 86
1089 781 94 99 98
1089 1424 10 22 14
1089 540 10 43 16
1089 1426 22 59 47
347 1267 56 71 63
347 1745 29 93 45
747 349 20 57 30
747 1604 75 76 76
747 1958 40 86 73
1222 98 65 91 87
574 1122 53 76 64
574 956 37 91 70
574 480 72 82 82
165 974 57 75 71
165 1692 67 71 68
165 761 81 87 87
974 139 26 36 30
974 1218 24 70 41
974 217 82 91 82
1692 49 37 66 62
1692 1616 61 92 75
1692 1464 55 94 78
1692 772 34 93 47
1692 366 67 84 67
1692 1164 28 37 30
761 1260 59 74 72
761 1056 93 94 94
761 320 93 95 94
761 1786 90 97 93
166 419 55 69 64
419 566 12 50 24
419 664 77 83 81
419 913 71 77 76
419 684 67 93 79
419 814 23 39 26
167 1206 68 95 80
167 598 95 99 95
167 1839 25 87 85
167 1513 65 93 85
167 1774 95 99 99
1206 1911 30 59 44
1206 1327 47 77 59
598 1188 63 81 76
598 406 53 75 72
1839 1191 77 94 83
1839 509 69 91 89
1839 978 32 84 71
1839 702 79 90 79
1513 1557 32 74 43
1774 1673 28 75 58
1774 1303 53 59 55
1774 483 24 81 69
1774 835 34 80 57
1774 1059 32 89 79
168 186 16 39 22
186 1540 23 96 67
1077 1520 81 94 82
727 608 34 98 42
727 530 15 66 43
727 1753 90 99 94
397 1572 23 57 49
397 850 73 79 75
397 1909 91 98 96
170 1140 37 88 81
170 608 17 85 41
170 1143 87 100 99
1140 914 70 87 79
1140 1663 38 44 44
1140 697 34 39 35
1140 1409 43 46 45
1140 501 40 69 46
1140 661 80 98 86
608 1309 41 89 79
608 683 28 39 33
171 1414 92 96 92
171 1710 28 48 43
1414 1848 43 57 53
1414 1733 95 98 98
1710 343 81 95 85
1710 1590 22 56 32
172 304 94 99 94
1126 40 37 73 69
1126 1351 70 95 71
1306 465 21 89 26
625 758 67 85 74
625 993 28 50 32
625 456 54 93 67
174 1293 33 69 54
1293 459 32 60 36
176 1295 57 97 90
176 46 59 94 87
176 119 62 99 90
176 394 18 89 70
176 621 71 72 71
1295 50 52 88 56
1295 1044 43 57 43
1295 1727 49 58 58
1295 1091 36 75 75
394 540 24 92 85
394 1372 79 99 82
394 1551 38 42 39
621 12 70 84 74
621 955 26 82 81
621 1426 61 68 66
621 1564 11 69 62
621 1212 82 100 95
878 1776 69 100 70
878 1728 69 99 81
878 1975 45 60 53
878 793 30 53 48
878 721 70 91 71
878 1516 48 83 70
178 1401 32 64 57
178 586 57 78 67
178 855 21 88 66
178 1094 84 92 85
1401 991 64 79 74
1401 1588 82 85 82
855 294 68 77 76
855 988 25 68 44
855 1783 42 80 74
1094 1006 51 81 56
1094 1863 66 98 98
179 827 29 71 39
179 1501 59 67 67
179 1780 55 81 73
179 1136 17 97 74
827 953 28 97 93
827 85 12 89 69
1780 1662 14 81 29
1780 384 14 19 16
1780 721 16 57 38
180 1049 91 96 95
181 1822 17 77 48
181 1197 16 89 56
1822 1080 87 91 87
1822 1616 88 96 95
1822 1504 83 91 84
1197 1107 41 43 43
1197 1557 19 69 31
1197 1355 39 71 68
182 7 12 47 22
183 1602 57 82 68
183 1318 11 45 29
1318 1957 83 86 85
1072 1785 85 98 93
1072 942 90 97 92
1072 1313 76 82 80
495 703 62 68 66
495 1790 29 64 38
495 1381 58 100 97
1589 1251 20 43 25
1589 442 86 95 89
1589 374 37 73 46
185 546 57 90 72
185 1486 73 76 73
185 1938 63 89 72
185 319 37 57 45
546 1133 36 43 36
546 1236 46 50 46
546 1297 79 80 80
1486 77 41 76 46
1938 1155 45 51 48
1938 89 61 70 61
187 798 40 90 79
187 1943 74 96 91
187 786 93 100 94
798 359 65 79 79
798 1715 45 46 46
798 43 66 97 93
786 974 54 89 71
786 1131 70 73 73
786 757 37 57 47
786 1812 10 55 26
188 1320 55 56 55
188 785 31 49 33
188 1442 58 85 67
188 1349 83 88 87
188 1517 45 75 54
188 1601 71 87 86
1320 74 43 100 93
1320 325 60 90 62
1320 836 48 77 77
1320 181 73 90 79
1442 1605 20 45 40
1442 643 45 74 71
1601 1009 10 34 31
1601 1862 32 69 42
1601 725 79 80 79
1366 1702 79 87 81
684 1724 30 92 30
684 1534 45 72 58
684 1430 93 95 95
376 327 47 53 49
376 1940 12 94 60
376 1342 44 48 47
190 1125 65 68 67
190 1544 48 52 52
190 1620 35 44 39
190 933 52 56 56
1544 945 78 96 93
1544 632 89 98 97
933 796 24 90 83
933 1268 73 97 74
933 588 45 90 46
933 1107 77 99 90
191 478 26 45 42
478 1879 17 28 19
478 1948 15 46 38
478 1857 54 58 56
192 1161 59 81 81
192 1399 70 82 74
192 1976 20 88 58
192 613 75 87 77
1161 727 28 79 63
1161 772 63 85 79
1161 1339 17 61 24
1399 1358 23 28 23
1399 1263 78 93 87
1976 1669 82 89 82
613 626 82 99 88
193 1850 68 93 68
193 1436 51 65 54
193 832 91 95 94
1850 1657 46 70 63
1850 217 63 70 69
1850 434 15 88 37
1436 1689 31 86 32
832 1220 48 58 53
832 869 59 99 82
832 747 58 85 59
832 1237 35 98 38
832 934 85 94 92
832 234 80 98 97
832 87 70 87 73
421 121 87 97 88
421 1501 45 86 57
1914 964 85 95 90
1914 979 55 80 57
1914 815 11 45 34
1914 1437 53 99 96
458 1940 44 70 62
458 173 45 46 46
926 1441 44 58 52
926 1832 46 93 49
926 611 84 98 92
1191 653 52 93 82
1191 476 11 43 24
1191 1703 40 80 68
1191 1262 45 60 51
196 367 34 55 41
196 1205 71 78 77
1205 1457 45 97 68
1205 1790 52 64 57
197 1473 54 66 65
197 708 27 93 36
1473 1659 37 81 74
1473 1583 32 92 52
1000 1205 94 100 99
200 1308 36 77 70
200 1726 57 98 97
1308 1273 45 64 52
1308 289 86 96 87
1308 1238 22 67 33
201 1140 72 80 72
201 1138 77 81 77
201 1786 11 68 27
1138 1408 57 90 65
1138 1093 64 78 68
1138 415 48 74 55
1138 754 10 100 83
1138 498 14 44 18
1138 885 79 99 94
1786 1079 65 71 69
202 126 25 68 29
202 706 55 88 55
202 819 46 51 49
202 285 59 86 61
706 333 19 79 76
819 556 55 58 56
819 253 61 88 70
819 641 36 51 46
819 598 21 79 71
285 1175 60 69 61
203 231 76 92 89
203 905 40 70 45
231 395 10 24 22
231 519 66 93 87
231 492 87 89 89
905 117 67 77 74
905 748 79 89 83
905 253 72 86 73
1415 326 59 79 78
1415 1845 64 93 70
1415 1433 80 98 92
595 1283 52 53 52
595 1039 15 80 16
205 962 81 88 84
205 1422 62 97 93
962 1211 91 97 93
962 570 54 85 82
962 899 27 44 38
962 362 69 73 73
1422 1086 50 73 51
1422 1629 24 93 27
206 1296 60 72 72
206 1414 70 84 81
206 446 15 82 38
206 1119 45 53 53
206 1169 73 100 74
206 1858 57 95 63
206 522 46 55 46
1296 5 55 68 55
1296 397 29 33 30
1296 1228 53 99 89
446 1026 51 70 63
446 1107 33 50 36
446 471 61 77 62
1119 437 84 99 87
1119 478 29 82 34
1119 1276 20 24 22
1119 56 41 91 64
1119 1359 86 100 95
1119 736 81 86 81
1169 213 79 100 81
1169 1723 32 48 36
1169 1447 64 74 66
1858 1533 95 99 98
522 1511 62 71 67
522 613 56 78 63
207 1683 73 94 82
207 459 68 99 88
1683 349 43 70 69
1683 1601 61 64 61
208 1097 56 91 61
208 1897 40 93 80
208 189 58 88 61
208 1733 30 32 32
1097 799 41 53 49
1897 1935 19 93 91
1733 1840 61 97 81
1733 1066 11 24 13
1733 1438 57 97 61
1733 1414 80 89 88
1733 1093 75 93 78
735 1685 81 92 88
735 1211 65 87 68
1247 1889 32 78 36
1247 377 67 72 69
1247 3 76 77 76
889 1876 19 84 38
889 253 18 66 34
889 240 89 90 90
889 1647 59 87 79
1824 1073 79 84 80
1824 1749 87 92 88
1824 56 82 83 82
210 834 41 81 76
210 135 68 79 78
210 226 28 51 35
834 640 44 88 53
834 1450 57 86 57
834 1016 74 86 86
211 240 70 75 72
211 227 35 73 39
211 218 37 50 42
211 1967 40 88 88
211 590 60 85 84
240 605 49 81 68
240 33 43 44 44
227 1148 64 94 64
227 308 50 72 70
218 237 55 91 80
218 1138 82 95 83
218 892 76 82 76
590 1585 82 95 89
590 1255 48 82 79
590 952 18 79 56
212 960 39 54 53
212 233 40 60 58
233 348 54 85 65
233 1866 16 26 17
213 1179 90 93 93
214 741 35 56 41
214 732 82 97 82
214 867 51 53 51
741 1328 72 85 84
741 903 86 96 96
741 1058 81 82 81
741 1874 13 27 19
741 1974 80 91 81
867 1081 74 87 87
867 960 74 86 77
867 309 35 39 38
215 1209 31 56 49
215 1648 30 37 31
215 727 91 94 92
215 327 52 78 70
327 1100 17 18 17
327 1455 50 79 52
327 651 52 58 57
327 1348 16 38 24
327 944 46 51 50
216 1210 35 100 92
216 1380 31 66 44
1210 888 24 84 77
1380 1739 36 70 37
1380 365 44 70 63
1380 595 22 82 24
1380 170 29 31 31
1380 508 55 94 85
217 1584 94 96 95
217 296 45 75 47
1584 561 75 95 77
296 891 38 59 49
296 516 92 93 93
296 1916 14 28 28
237 206 35 45 35
237 666 81 85 82
237 361 11 54 23
237 1129 71 85 73
237 803 31 98 45
237 976 54 56 55
892 1290 19 89 46
892 2000 58 90 69
892 1491 80 95 88
219 168 58 83 59
220 923 56 95 58
220 1265 88 92 92
220 1655 35 47 47
220 351 16 56 28
220 1445 21 57 49
923 844 22 68 26
1265 1111 65 100 94
1265 1845 29 66 52
1265 1816 68 81 70
1265 1389 71 74 74
1655 226 67 76 73
1655 1856 80 94 91
1655 1439 64 99 65
1655 426 56 85 67
221 1178 87 96 92
221 903 59 67 67
221 333 92 94 93
221 1885 31 46 34
221 35 49 81 72
221 464 68 97 88
1178 1672 40 97 55
1178 1187 10 31 13
1178 628 19 50 28
1178 807 57 89 83
903 1722 66 73 73
903 1051 87 91 91
333 1995 63 78 63
333 1094 73 93 93
1885 1451 64 100 78
1885 722 67 84 84
464 350 11 36 23
464 473 20 59 29
464 367 65 88 74
222 433 94 100 94
222 391 66 84 81
222 1033 31 70 44
222 1908 30 83 53
391 949 65 67 67
391 1605 27 51 49
391 292 24 83 49
391 889 70 83 75
391 424 57 76 63
1033 1017 76 80 78
1316 283 95 97 96
1316 1074 22 31 26
1316 1192 49 88 77
224 110 39 55 47
224 4 90 98 94
224 113 45 93 50
224 1900 17 89 47
1900 51 57 97 61
1900 1526 19 68 25
1334 781 64 85 64
1334 1399 85 93 88
1334 768 30 90 60
990 1092 88 97 97
1148 1763 13 76 40
1148 1153 17 21 20
228 1064 46 77 75
228 1959 95 97 96
228 1980 77 83 83
228 1747 26 65 49
1064 1158 13 96 20
1064 1037 57 91 77
1064 681 72 76 74
1959 1048 53 82 73
1959 1523 83 92 91
1959 1299 49 90 60
1747 1706 19 69 63
1747 453 73 77 73
1747 27 54 94 62
273 1513 69 71 70
273 1640 22 56 40
273 1902 29 83 61
273 1062 86 94 92
1001 1470 37 64 40
230 877 10 32 16
230 839 94 95 94
230 672 11 54 45
230 1125 34 77 39
230 1513 37 51 48
877 1247 49 72 58
877 398 71 79 78
877 1109 24 89 29
877 1058 57 69 69
839 1535 55 99 56
839 860 80 81 81
839 168 12 70 45
519 1559 34 97 97
232 1452 68 91 79
232 150 24 77 45
1866 994 35 89 61
1866 258 54 86 83
1866 235 93 97 97
1866 954 56 79 67
234 684 91 97 92
234 1564 74 100 91
234 533 27 69 36
1564 861 10 41 31
1564 224 20 74 59
1564 1111 69 92 79
1564 1130 85 93 86
1564 825 17 27 22
1564 1545 20 29 21
1564 801 55 63 62
1564 1754 55 80 58
235 996 80 95 94
235 167 58 75 60
235 388 65 89 76
388 472 26 97 90
388 1244 32 98 85
236 327 47 54 49
236 1065 66 94 89
236 292 40 46 41
1065 544 81 91 86
1065 1126 38 90 59
1065 732 72 79 79
292 731 24 30 28
361 1851 32 71 39
361 1512 67 96 92
361 1298 27 58 41
361 815 50 92 65
1129 1914 13 87 30
1129 827 48 73 68
1129 520 89 94 90
803 1753 34 37 36
238 136 22 81 73
1314 1826 84 85 84
726 1680 46 51 50
726 1730 12 16 15
605 297 34 86 83
605 1994 41 76 45
605 891 34 67 46
605 988 50 69 54
241 801 64 93 76
241 1092 38 62 49
241 972 55 93 55
241 1109 31 95 67
241 1719 81 94 90
801 946 81 84 84
1092 19 68 95 95
1109 35 84 86 86
1719 1463 49 51 49
1719 339 24 68 35
1719 1362 50 77 51
1719 561 51 87 64
1719 1310 78 81 80
1719 963 72 99 76
243 474 85 86 86
243 1547 44 87 82
474 1608 64 77 71
474 1666 19 49 36
244 1971 88 96 91
244 159 41 47 46
1971 978 86 92 88
245 250 33 91 37
245 1171 53 96 76
245 1092 36 74 57
250 1095 90 96 92
250 761 31 88 68
250 980 34 76 45
246 879 79 97 79
246 1610 15 92 42
246 229 22 63 27
1610 252 88 89 88
247 237 64 72 64
248 38 25 64 49
248 1415 75 78 75
249 892 90 98 91
1095 744 80 86 84
1095 1959 16 21 17
1095 1818 31 56 38
251 1249 83 86 86
251 1099 43 76 63
251 4 55 67 65
1249 1416 27 30 30
1249 1949 41 56 46
1249 1398 57 96 83
1249 202 58 98 82
1099 828 56 72 72
1099 1630 80 95 80
1099 41 87 88 88
252 54 46 98 49
253 484 22 25 25
253 1497 37 46 43
484 1480 85 99 85
484 1774 68 87 86
255 1520 84 89 89
1520 1847 74 78 77
1520 1849 94 99 97
1520 1070 46 66 59
1520 1828 71 91 72
256 39 58 92 92
256 1086 38 47 41
1086 209 59 89 85
1086 25 55 85 60
1086 508 70 88 75
258 616 39 100 90
258 1332 14 81 48
258 1501 30 56 46
616 418 39 58 44
616 1572 43 67 57
616 978 22 29 23
616 643 44 94 79
616 79 36 86 42
616 1933 94 95 94
616 1342 25 67 31
1332 1311 60 80 72
1332 572 39 91 66
1332 114 72 97 85
259 161 60 87 76
259 1331 44 75 71
259 757 20 77 67
259 1489 61 81 64
259 895 51 91 74
1331 1767 95 97 95
1331 660 27 85 36
1331 266 19 88 73
1331 1230 54 86 57
1331 580 56 99 65
1331 226 88 99 99
1331 1247 27 36 28
757 535 41 100 41
757 199 22 39 24
757 653 15 20 18
757 1586 52 81 55
757 617 24 49 33
1489 1657 31 43 38
895 894 74 87 85
895 208 91 93 92
895 302 71 89 80
895 1842 87 99 87
260 7 32 58 55
260 1648 55 57 56
260 1358 28 97 37
1358 1392 36 45 38
261 895 35 37 36
262 108 88 98 96
262 376 18 66 28
262 417 65 93 81
262 939 88 96 95
417 399 42 67 48
417 328 25 59 33
939 1339 52 89 87
939 1066 43 89 88
263 506 11 75 31
263 1125 20 87 71
263 50 18 67 54
263 380 74 85 74
506 1766 44 71 47
380 1925 33 72 39
380 923 66 67 67
264 579 30 53 50
264 820 87 98 88
579 1421 11 44 16
579 1030 77 82 81
579 1812 58 59 59
579 719 40 94 69
820 818 64 95 68
820 1878 22 96 52
820 1039 70 72 71
820 1089 91 94 93
265 660 44 82 45
265 610 21 84 34
266 1778 79 88 81
266 592 88 91 88
266 1321 11 33 33
1778 149 65 93 80
1778 953 74 91 81
592 1255 46 100 85
592 931 58 78 75
592 1374 73 74 74
592 573 81 99 89
592 54 80 97 83
267 1541 78 84 79
267 656 66 83 72
267 471 17 39 23
267 986 90 94 91
1541 1280 93 95 94
656 908 91 94 93
656 1766 34 35 34
656 252 91 96 93
986 752 75 95 91
986 449 47 61 54
986 1054 10 56 29
268 494 70 95 84
268 574 88 96 89
494 617 37 96 84
494 1754 48 67 63
494 753 13 59 28
1649 1208 83 89 83
1649 1420 83 99 89
1649 1991 44 100 66
1649 1162 20 50 38
817 1496 21 33 23
817 262 67 84 68
817 77 37 66 63
817 629 27 42 29
989 387 47 90 48
989 1091 79 93 84
989 760 42 88 48
989 34 86 94 93
270 322 45 62 46
322 791 88 96 89
322 238 58 61 59
271 570 55 67 65
271 1440 43 71 50
570 1387 79 94 80
570 1096 52 64 55
570 1308 16 72 33
1440 1823 22 92 26
272 613 64 84 71
1640 491 89 97 92
1640 1168 44 59 51
1902 994 42 48 45
1902 28 35 56 54
1062 408 39 87 46
1062 226 37 62 57
1062 360 64 82 70
274 1125 52 67 53
274 911 28 65 65
274 1763 76 95 80
274 260 21 46 25
911 1830 68 99 99
911 301 19 23 21
911 1710 26 41 37
275 1975 31 94 80
275 319 45 68 68
275 1971 77 78 78
275 29 40 50 42
1975 229 27 83 74
1975 1026 79 83 82
1975 1189 12 15 12
1975 1590 67 82 73
1975 1307 86 92 89
276 538 34 92 92
276 503 26 98 30
276 1608 45 99 67
538 1884 11 28 19
538 957 13 74 60
538 839 36 77 67
503 1024 75 79 79
503 1863 89 99 93
1608 1904 17 28 22
277 65 63 68 65
277 979 65 91 84
277 1140 73 99 82
277 1996 17 39 22
277 1376 42 88 81
277 84 57 87 86
979 1688 64 88 72
979 1268 70 91 74
979 907 74 86 74
1996 1549 54 65 65
1996 953 76 99 88
1996 1753 76 85 78
1996 1063 45 65 50
1996 1569 89 90 90
1996 794 38 69 69
1996 1254 25 28 25
1376 825 90 91 91
1376 1537 23 92 61
278 1355 23 33 24
278 1204 80 94 84
278 1366 78 82 80
278 1166 19 39 25
1355 1116 23 91 24
1355 303 35 48 38
1355 1362 18 81 29
1355 264 90 96 93
1166 1419 70 75 75
279 1550 16 75 61
279 1880 53 91 83
1880 1225 72 83 78
1880 392 45 88 63
280 1780 24 80 39
1560 685 46 82 81
1560 1830 82 93 92
1560 1163 36 100 40
1560 83 41 99 47
566 1161 80 87 84
290 1973 66 85 76
290 1653 35 73 73
290 799 67 72 67
290 975 61 64 61
751 1361 83 87 86
751 1636 69 73 69
751 1683 90 95 91
751 1866 40 78 65
751 222 67 91 84
1195 643 82 91 88
1195 326 82 92 82
282 1106 62 98 66
282 256 86 89 86
282 1777 81 83 83
282 38 89 97 90
282 412 60 80 74
282 296 92 93 92
1106 916 23 48 23
1777 225 15 79 53
283 935 95 98 97
283 158 63 83 72
283 609 36 77 50
935 1341 38 97 97
935 803 62 71 68
935 1126 76 84 79
935 886 37 80 61
609 128 92 100 96
609 1209 56 97 80
609 830 47 86 86
1175 840 92 93 93
1175 1179 45 61 46
1175 1028 36 89 77
286 1067 71 73 72
1067 869 44 84 47
287 346 19 29 19
287 1551 20 59 24
287 1870 24 50 36
287 1737 68 88 87
346 1603 44 89 63
1551 836 51 70 66
1870 466 70 87 73
1737 1614 45 50 50
1737 969 73 81 76
1737 1298 42 72 49
288 970 74 99 95
288 1996 76 92 81
288 716 83 88 85
970 523 85 87 87
970 1128 20 56 34
716 1042 19 37 31
716 547 39 63 55
716 1902 87 92 89
716 728 37 99 68
716 776 64 87 74
716 732 23 88 83
289 1895 23 89 62
289 671 89 95 90
1895 872 93 95 93
1895 1898 33 48 34
1895 1466 86 97 92
1973 1250 88 100 92
1973 788 46 57 50
1653 871 81 93 87
799 28 35 59 51
975 228 71 76 74
975 488 55 83 68
975 38 93 94 94
291 778 31 51 43
291 611 12 83 30
778 1146 88 100 90
778 1778 43 60 60
778 1793 79 87 85
731 637 49 63 56
731 320 27 58 30
293 307 40 72 47
293 940 13 89 77
293 1726 44 63 53
307 1675 91 93 92
294 1206 58 94 61
294 1705 55 76 75
294 717 95 99 98
295 1795 45 53 45
295 1607 12 55 13
295 1616 11 55 36
295 251 90 91 91
295 1061 34 51 48
295 628 37 74 66
1795 1810 24 95 67
1795 200 26 89 82
1795 2005 18 42 32
1795 1515 44 71 56
1607 622 63 95 70
1061 1819 64 82 77
1061 572 33 34 33
1061 264 58 59 58
1061 1462 52 87 69
628 1554 70 87 87
628 692 18 50 47
628 1096 16 30 19
628 831 69 90 85
891 834 62 67 62
516 334 49 55 50
516 1993 24 94 29
516 1778 24 68 31
297 1124 32 33 32
297 866 16 26 24
297 1379 57 60 57
1124 1933 46 83 70
1124 1341 41 84 48
1124 1663 10 22 22
866 550 63 85 68
298 971 26 90 50
298 291 64 85 67
300 851 94 99 99
300 93 38 76 62
300 83 11 69 52
300 1810 31 100 59
300 970 79 97 88
300 1411 19 64 26
300 769 17 37 20
300 757 83 94 85
300 1081 32 76 63
1810 1410 60 87 76
1810 1677 59 66 65
1810 1552 25 29 27
1411 1124 57 75 63
1411 707 81 99 89
1411 317 29 76 66
1411 181 46 53 51
1411 1931 61 75 73
1411 759 68 80 72
769 1875 58 64 58
1081 1725 95 96 96
1081 573 73 78 73
1081 97 32 76 57
301 1587 93 97 97
1587 1004 44 95 59
1587 1929 34 37 35
1587 1512 76 80 79
302 81 11 26 18
335 13 36 38 37
335 373 61 83 74
896 873 50 76 62
896 1633 14 71 26
896 465 70 95 70
896 1598 36 72 58
896 1482 62 88 65
896 183 29 74 49
896 1311 43 63 44
305 1138 68 94 72
305 1876 28 98 78
305 1505 82 96 95
1505 1122 19 96 59
306 261 63 67 65
306 893 83 89 84
306 1084 80 95 92
893 1674 71 90 90
893 1940 60 81 64
893 927 56 57 56
1084 934 79 87 85
1084 274 12 66 65
1084 953 32 34 32
1084 1636 77 94 89
1084 462 34 70 36
1675 1912 37 44 39
1675 497 75 93 83
1675 1222 59 82 72
309 1360 14 33 31
309 386 58 87 69
309 1118 33 46 36
309 568 21 76 70
386 1961 44 99 96
386 1634 78 90 85
1118 1029 65 88 72
1118 1916 38 70 45
1118 1379 21 69 42
1118 1889 81 100 83
1118 797 21 29 29
310 627 48 94 63
310 381 53 69 68
310 501 89 95 95
627 1034 55 90 56
627 262 21 90 78
627 883 80 82 80
627 836 37 76 68
627 479 11 40 31
627 1713 13 79 39
381 81 89 90 89
311 380 14 68 29
311 1546 55 85 67
311 742 18 42 33
742 37 14 78 72
314 1449 20 75 40
314 1317 67 83 74
1317 703 11 63 40
315 1868 31 87 47
315 1182 49 65 61
1182 197 58 80 74
1182 1147 78 86 80
1182 866 82 99 84
316 671 30 61 38
316 1100 57 94 71
316 1551 18 28 22
1100 147 79 97 97
1100 1326 63 90 69
1100 1918 77 100 91
317 1154 40 46 46
317 886 59 96 96
317 923 20 80 72
317 89 16 93 51
317 546 80 98 98
1154 1472 59 78 74
1154 1220 71 84 77
886 800 18 24 24
886 1217 66 89 79
886 458 34 79 60
685 558 68 73 73
685 543 84 86 85
685 1787 24 90 56
685 666 55 65 64
685 985 87 89 87
320 187 27 43 33
320 725 54 87 79
320 669 12 65 20
320 1578 66 74 70
725 701 75 98 84
725 152 41 71 57
725 1424 18 29 22
669 478 27 44 29
669 879 91 99 94
669 810 25 95 42
669 972 37 58 45
669 1122 91 92 92
1578 1318 16 50 20
1578 790 13 69 27
1578 115 80 90 87
791 1656 42 96 75
791 2000 71 82 74
791 6 72 88 81
323 1006 28 90 83
323 1755 46 99 78
323 1988 23 28 25
1006 1316 17 48 30
1006 1809 26 66 48
1006 1935 52 98 96
1755 423 37 95 37
1755 349 31 66 40
1755 198 64 99 84
324 1435 67 74 67
324 1185 56 80 59
1185 1154 11 41 20
1185 1828 58 100 79
326 474 34 92 50
326 1582 35 53 45
326 426 14 36 22
1582 987 55 72 62
1582 1502 14 38 34
1582 1089 87 89 87
426 1609 88 92 92
426 1992 46 50 46
1455 737 52 82 75
1455 1566 52 87 77
1455 1275 68 81 68
651 1372 94 97 95
651 80 91 96 91
651 1720 15 42 35
651 278 81 97 96
1348 231 82 93 83
1348 1836 12 14 13
944 1252 12 70 29
944 646 85 96 85
328 708 62 83 73
328 902 83 90 87
328 968 10 78 59
902 535 11 46 42
329 1294 75 94 90
330 1228 93 99 93
330 1290 26 71 49
330 758 40 92 64
1228 1308 85 93 93
1228 1866 54 79 55
1228 131 15 49 21
758 748 46 79 55
758 809 14 36 15
758 627 73 78 75
758 1806 52 80 77
758 503 89 97 91
331 926 23 93 83
331 1597 42 67 52
332 1389 31 63 37
1389 1112 72 85 83
1995 1698 15 94 17
1995 1270 47 93 71
334 1693 43 46 45
334 583 66 78 78
1693 978 30 52 44
1693 1948 49 80 69
583 119 41 100 60
583 1370 80 88 87
583 1879 31 63 49
336 1394 89 97 96
1394 442 18 49 30
1394 627 34 94 72
1394 1946 75 87 87
1394 76 81 83 83
337 1776 22 48 46
337 226 73 100 81
337 59 50 74 55
337 1619 12 96 67
1776 622 54 86 60
1776 1884 48 59 49
1776 1587 27 33 33
1776 43 16 86 44
1619 1067 78 93 88
338 153 49 100 56
339 187 21 53 39
339 1850 19 50 34
340 1468 82 98 82
340 531 41 66 56
340 574 93 95 94
531 867 33 51 47
531 1894 21 56 52
342 1548 15 87 65
1548 824 16 63 54
1548 1752 72 80 76
1548 472 32 45 40
1548 220 50 66 55
343 1808 10 52 28
343 641 10 51 10
343 1796 25 32 26
343 741 32 81 32
1808 1696 15 53 52
641 1690 31 80 35
641 1955 47 98 68
641 33 20 60 56
641 942 51 78 62
1796 838 56 91 90
1796 1543 65 72 65
1521 1680 44 76 56
1521 579 66 70 68
1521 123 95 97 97
1603 1022 16 98 42
1603 1541 61 100 95
1603 488 23 37 28
1267 1476 81 83 82
1267 236 39 89 85
1267 1416 85 100 87
1267 133 26 91 54
1267 1302 77 93 90
1745 833 94 95 95
437 197 10 79 13
349 744 88 94 88
349 1101 34 73 39
744 218 33 63 36
744 349 32 64 47
744 721 39 79 66
744 1547 75 100 100
744 1673 73 93 85
744 1839 55 59 57
1101 1951 48 89 48
350 1444 34 45 36
350 1001 65 69 67
350 1672 91 98 96
1672 186 89 95 93
1672 695 39 62 49
1672 1740 54 78 77
723 1157 29 67 42
723 1688 65 79 65
723 255 66 67 66
723 1408 24 60 28
1157 74 36 70 46
1157 1808 10 21 11
1157 1029 43 65 45
1157 1618 95 96 96
353 633 78 79 78
353 861 33 79 72
633 1954 18 38 34
633 1283 49 68 64
633 803 95 100 95
861 1758 84 96 95
861 880 29 94 54
354 1381 36 55 52
354 1336 42 54 50
354 1596 14 94 55
1336 1239 58 73 58
1336 959 13 50 30
1336 1391 70 91 71
1336 655 78 79 78
1596 1732 43 54 47
355 1322 89 94 91
355 769 83 97 97
355 1373 76 82 78
355 144 83 87 86
355 1608 72 87 79
1322 105 39 60 51
1322 495 86 96 91
1322 585 82 95 94
1322 1337 62 94 84
358 396 56 57 56
358 181 62 67 62
396 1858 31 84 38
396 1205 74 94 88
1893 749 80 82 80
360 1181 95 98 98
360 515 95 100 100
360 1028 92 99 99
360 1218 72 93 86
360 267 61 99 98
1181 1206 74 95 87
1181 1721 59 92 64
1181 1777 26 43 39
1218 1268 51 89 83
1298 390 66 77 72
1298 1619 47 96 93
815 1080 29 72 58
815 1772 77 100 91
362 1621 47 84 80
1621 1029 64 81 72
1621 733 95 97 95
1621 1418 81 92 84
1621 1511 88 95 92
1621 556 62 80 79
1621 25 76 78 77
363 1296 89 98 92
363 1961 44 82 59
363 1357 68 73 69
363 1836 92 97 94
1961 303 89 100 97
1961 199 73 84 79
1961 1105 84 98 97
1836 872 91 92 92
1836 1758 71 83 81
1836 299 68 70 70
1836 1423 22 100 84
364 1817 34 95 50
364 1015 91 100 99
364 115 90 91 91
1817 261 42 59 43
1817 1264 95 96 96
1817 1840 11 59 12
1015 1367 55 84 65
1015 1822 65 76 69
1015 1145 95 96 96
1015 1690 66 91 88
1015 264 71 96 80
1203 724 69 80 70
1203 1233 35 60 41
1203 1778 70 88 75
1203 494 45 63 60
1203 1803 10 58 37
366 1060 18 44 29
366 266 54 89 75
1773 440 59 70 63
1773 1398 27 34 29
1105 647 69 78 71
1105 760 67 89 74
1105 39 63 84 81
1105 1776 43 70 70
1105 1205 89 91 90
1945 1419 45 92 62
1945 1691 61 93 62
1945 453 21 62 39
1879 1627 47 50 47
368 1346 75 100 93
368 799 17 35 25
368 1271 84 86 85
1346 1356 39 65 39
1271 543 68 87 77
369 69 60 63 63
370 1988 74 80 74
370 1237 42 98 90
370 1465 84 99 98
370 45 14 75 28
370 1664 55 97 74
1237 1999 28 63 48
1237 1277 83 91 85
1237 998 76 77 77
371 1193 31 100 97
371 1091 88 92 91
1193 61 58 88 67
1193 1236 12 38 21
1193 52 69 86 69
372 897 20 28 23
372 1343 36 39 37
372 434 43 84 56
897 21 21 34 27
897 1661 18 42 29
897 496 49 64 60
897 1703 44 92 70
1343 654 54 92 58
1343 1458 68 74 74
1343 645 92 100 94
1343 561 55 75 60
1259 1224 90 97 92
1259 536 44 54 45
1259 292 91 93 93
804 1536 10 92 41
374 463 79 82 79
374 1581 57 67 64
463 1444 38 64 61
463 1412 10 13 11
1581 1998 54 95 77
1581 1477 81 82 82
1581 1990 33 62 46
1581 434 28 61 53
1581 563 24 93 88
375 350 36 96 42
375 1469 67 98 72
375 48 49 69 68
375 342 67 79 72
1469 964 93 95 94
1469 730 80 98 81
1469 425 10 85 12
1469 1264 14 65 14
1469 563 78 84 79
1940 1975 39 100 72
1940 1470 95 96 95
1940 624 66 94 74
1940 841 54 92 92
1940 657 25 39 29
1342 1787 22 84 59
1342 551 12 49 16
1342 433 55 82 82
1342 1521 35 68 63
1342 54 95 97 97
378 822 95 98 98
378 798 38 78 44
378 592 57 59 58
378 348 74 87 85
378 1522 22 53 26
378 310 86 90 90
822 230 93 97 97
822 414 84 96 93
822 773 11 27 18
1522 791 67 77 73
1522 100 29 75 55
1522 1953 20 70 23
1522 446 57 75 72
1522 1317 11 82 74
379 184 85 86 85
379 1111 86 87 86
379 660 89 98 96
379 682 23 33 26
379 4 86 93 88
379 686 34 72 39
379 451 59 84 60
1111 397 70 94 83
1111 1153 31 93 34
682 1090 61 88 67
682 1509 92 94 92
682 1905 47 99 87
682 967 78 79 79
682 1244 64 68 64
682 779 58 90 69
682 1326 41 91 59
686 890 47 63 57
686 1131 78 79 78
451 1877 89 95 89
451 966 79 83 83
1925 1091 69 74 74
1925 261 88 97 95
1925 1783 18 60 56
1925 588 18 62 51
382 1437 37 64 46
1437 1366 67 90 77
1437 1020 86 89 87
1437 1794 44 56 54
1437 896 75 95 89
383 1061 75 86 76
383 680 39 61 41
384 1599 56 96 71
384 594 91 93 93
384 1506 18 58 46
594 1258 27 51 45
594 1189 88 93 88
594 1702 64 77 66
1506 1970 57 97 69
1506 795 91 97 92
385 1018 25 46 34
385 1786 51 74 64
1018 1983 61 81 71
1018 729 16 59 23
1634 1478 38 53 45
1634 1571 37 61 60
1634 2001 90 95 94
1634 1505 56 98 58
387 231 21 30 25
387 627 31 99 67
387 1625 89 91 91
1625 370 26 50 46
1625 686 54 71 59
472 1963 10 94 39
472 1986 82 100 87
472 361 74 89 74
1244 949 21 33 26
1244 1126 26 43 37
1244 101 15 36 19
389 484 86 100 98
389 455 30 43 40
389 1717 51 97 58
1717 686 63 76 72
390 1520 82 96 90
390 1292 79 83 79
390 570 66 75 66
390 161 71 97 77
1292 680 54 63 62
949 1902 93 95 93
949 999 17 93 49
949 458 79 97 89
1605 4 62 64 64
1605 1773 33 81 81
1605 268 88 96 91
424 1552 48 51 49
424 1506 29 58 32
424 1989 14 64 51
424 283 55 98 73
392 1336 14 82 75
392 1113 50 81 74
1022 487 92 94 94
1022 1724 44 76 74
540 1844 80 84 83
540 405 59 94 85
540 441 23 38 36
1372 1130 91 96 96
1372 1636 80 91 88
1600 193 23 48 47
1964 689 88 99 96
1964 1724 55 83 70
1964 891 94 97 94
984 453 20 43 37
984 540 27 86 84
984 1823 57 58 58
1572 74 61 80 69
1572 1734 66 75 73
1572 464 60 68 68
1572 157 92 94 93
1572 1027 42 60 60
850 975 14 25 18
850 2 38 80 68
850 1766 12 73 19
1909 1047 74 89 81
1909 80 76 87 80
805 520 80 91 89
805 1384 64 81 71
805 1799 14 40 24
805 1054 62 93 65
805 180 94 95 94
805 467 56 59 57
2001 1415 12 46 35
2001 1074 56 73 64
2001 901 44 50 47
399 179 81 96 95
399 772 78 81 81
399 1446 77 80 77
772 1687 62 91 83
772 1340 77 89 81
1446 976 67 92 78
1446 1010 74 80 78
1446 798 85 88 88
1446 854 48 56 53
400 1891 82 98 96
400 640 53 54 54
400 591 57 96 88
640 1376 18 50 44
640 83 18 83 42
640 578 89 95 92
640 1297 93 95 95
640 1903 24 72 42
401 218 91 96 96
807 1207 72 83 77
807 340 49 82 80
807 1520 11 15 12
807 1232 26 41 39
807 1756 44 70 49
807 460 89 96 90
403 166 26 35 34
403 714 80 84 84
403 354 31 60 43
714 538 31 71 59
714 1910 41 98 92
404 1832 19 55 20
405 1173 39 99 87
405 1015 27 70 54
405 751 76 93 92
405 1900 64 82 74
406 644 87 99 97
406 769 31 61 33
644 313 61 69 65
407 1059 51 54 51
407 130 88 95 89
1059 22 30 32 31
1059 496 81 93 82
1059 1130 64 89 86
1059 35 20 55 43
408 1590 72 77 72
408 445 82 84 83
408 1392 91 94 94
408 171 71 83 74
408 1463 61 62 62
408 958 32 58 45
1590 982 35 55 54
1590 1765 28 43 43
445 1243 35 54 49
445 1693 18 86 58
445 1969 70 74 73
1392 1108 90 99 99
1392 272 50 65 53
1392 1679 25 83 37
1463 199 19 22 20
1463 1462 21 87 72
958 605 94 95 95
958 377 88 97 97
958 1643 56 65 56
409 515 81 83 81
409 1286 89 94 93
409 578 37 82 75
1286 52 40 97 67
1286 1338 64 85 67
410 561 28 100 59
410 1795 10 60 35
410 1844 52 97 88
411 1604 79 81 80
411 623 24 64 63
623 565 30 94 34
623 1213 42 60 48
469 191 54 90 90
469 1177 70 73 73
469 863 57 59 59
737 947 21 51 47
737 81 15 32 32
737 447 94 100 98
1146 113 84 94 88
1146 1199 95 99 98
1146 1523 42 62 47
1146 1594 48 76 52
1146 1160 16 84 59
1300 518 93 98 93
1300 655 53 69 67
1300 917 49 62 62
1300 1519 27 64 52
1300 1703 83 96 83
1300 1984 55 60 59
1309 1931 22 87 52
1309 1390 80 98 86
1309 163 21 50 24
1309 1633 20 53 22
1309 1264 21 23 21
1309 892 14 69 33
1309 431 63 89 82
1309 155 14 41 39
1713 1553 57 79 74
1713 462 88 100 95
1676 1370 57 91 89
1676 182 64 70 69
1676 1119 30 82 60
1676 1467 53 69 53
1330 1513 72 84 74
1330 1364 60 84 63
1330 1942 95 99 95
1330 5 61 86 76
580 152 35 78 52
580 1051 40 77 77
1090 1432 42 87 49
1090 668 59 95 81
752 134 81 92 81
752 199 30 89 64
416 993 47 61 47
416 1639 82 93 82
993 340 36 45 40
993 1256 35 96 42
993 1691 39 100 52
993 1766 51 77 53
993 1638 12 83 61
418 46 31 67 32
418 775 20 67 59
664 194 36 93 80
664 1584 27 43 37
664 77 35 88 63
664 1126 90 97 97
913 215 29 99 41
913 1692 38 73 52
420 1040 33 46 43
420 285 75 81 80
1040 1249 79 86 80
1040 785 37 61 55
1040 1409 75 86 76
422 167 67 72 71
422 1600 38 69 50
1989 41 57 90 58
1989 1144 18 87 64
1989 262 32 100 78
1543 17 28 29 28
1543 643 36 96 43
1543 620 13 52 34
1543 1842 13 65 57
1543 827 24 49 31
1609 918 38 39 38
1609 1824 86 89 89
1609 824 90 91 91
1992 96 65 78 76
1992 678 49 71 62
1992 1591 50 83 51
1992 985 20 49 23
427 28 89 92 92
427 940 21 58 37
427 1561 93 94 94
427 1046 52 90 86
1561 1785 28 89 39
1561 1980 24 74 42
1561 388 70 94 78
1863 736 29 82 67
1863 1601 94 96 96
1863 3 80 92 83
1863 196 46 57 48
1863 1115 89 99 97
697 119 80 89 86
429 1988 20 57 33
429 1010 44 67 65
1010 532 34 43 43
430 1355 26 31 28
430 1028 21 85 56
430 786 37 61 47
430 453 40 63 60
430 136 48 95 90
453 937 59 91 76
453 1946 47 73 55
453 994 75 81 76
453 10 35 41 35
431 479 66 72 68
431 674 80 90 85
431 1571 62 87 79
431 1453 29 77 52
431 1714 25 96 26
674 1175 52 78 68
674 919 29 31 29
674 566 12 82 72
674 557 51 81 51
674 182 74 86 79
1571 1228 14 41 32
1453 90 88 92 88
1453 1094 24 78 41
1453 1741 89 90 90
1453 1807 68 79 72
1453 459 73 76 75
432 850 45 89 75
432 1170 13 34 22
1170 492 43 66 58
1170 409 11 38 24
1184 85 18 39 38
1184 1476 94 98 94
1184 723 43 90 67
1184 404 31 100 97
1184 1437 92 94 93
1766 1797 21 99 33
1766 1771 89 92 90
1766 1869 36 75 51
1766 1572 49 98 61
1766 856 85 88 88
888 1587 78 99 99
888 290 14 99 68
888 233 71 92 75
1239 230 16 51 39
1239 1786 57 96 79
1239 531 36 41 39
1239 510 52 82 54
1037 1758 19 98 58
1037 182 79 85 84
917 1637 15 66 57
917 803 59 88 79
917 591 28 60 57
1246 268 56 58 58
1246 1144 88 90 88
1246 366 38 81 71
439 1167 58 66 58
439 126 87 95 93
1167 319 47 82 78
441 466 87 99 91
441 492 79 82 81
441 1591 58 81 74
441 1520 23 24 23
441 880 62 80 74
441 940 86 100 95
441 1918 79 83 83
466 125 43 58 52
466 21 60 62 62
466 217 14 80 67
466 1214 65 83 65
466 833 61 70 64
1591 1237 26 79 53
1591 1299 19 38 30
880 685 13 25 21
880 1606 71 98 96
880 1390 31 36 33
1918 687 30 37 36
1918 1323 88 100 100
1918 1138 33 78 58
1918 1303 11 95 12
1918 1580 23 25 23
442 1127 57 81 76
442 214 12 62 23
443 209 25 28 26
444 393 24 92 71
1243 1782 27 44 41
1243 952 58 94 86
1243 1838 47 93 73
1026 706 46 98 94
1026 4 49 98 58
1026 1682 17 56 32
1026 480 46 100 96
1107 1087 43 49 46
1107 483 46 77 68
447 737 79 83 83
447 346 74 95 91
447 894 15 36 25
447 1318 70 91 77
894 1098 39 63 49
894 147 85 91 86
894 875 94 98 96
1137 329 46 55 53
1137 1142 53 73 73
449 1135 45 66 48
449 94 19 27 20
449 1166 34 72 34
449 6 70 89 73
449 1834 47 98 96
1834 1353 68 89 74
450 986 26 40 28
450 718 29 95 64
718 816 65 87 67
718 1931 62 86 72
1877 1240 78 83 79
1877 1920 62 73 72
1877 1660 46 56 54
1877 792 70 80 71
1877 1512 95 98 95
1877 1257 41 76 61
966 974 78 94 93
966 659 72 85 84
966 1309 82 97 91
452 74 40 70 45
452 1950 27 98 97
452 216 85 92 88
452 1426 86 87 87
1426 1708 61 97 78
1426 401 79 94 80
1946 162 52 75 55
1946 1659 32 37 33
1946 145 73 99 93
1946 213 66 83 80
994 529 66 81 70
994 1482 28 56 42
994 209 33 49 33
994 1677 16 89 88
454 495 89 95 92
454 1195 31 71 33
1593 685 48 76 51
1593 428 78 91 85
1593 0 53 58 56
456 851 30 65 54
1970 1074 53 62 53
1970 159 81 99 89
1970 379 43 58 49
1287 380 84 86 84
1287 1516 59 61 61
1287 424 26 75 54
1287 1465 92 94 93
998 772 59 88 72
998 1318 84 90 86
998 1013 81 83 81
1509 208 51 96 82
1509 1145 95 98 98
1509 917 18 35 32
1509 1349 79 83 82
1208 1281 35 76 49
1208 170 52 87 86
1208 1875 82 94 85
460 1496 71 75 72
460 1283 93 94 94
460 1628 52 80 57
1496 676 45 48 46
1628 1784 26 34 32
1628 1697 95 99 97
461 813 89 90 89
461 1082 62 72 67
461 1633 23 51 47
461 1647 56 71 63
1082 1990 31 49 45
1633 573 45 57 45
1633 1864 93 100 97
1633 1268 58 88 69
1647 1151 62 73 67
1647 1677 40 41 41
1647 1071 17 31 29
858 1478 68 77 69
1374 1650 81 88 83
1374 45 59 63 62
1374 1477 47 73 58
1374 816 94 98 97
1412 1186 81 84 84
1412 591 13 87 30
473 518 30 36 32
473 1992 74 86 82
1499 390 46 53 49
1499 2004 75 83 83
833 1765 16 95 36
833 803 91 100 92
833 29 27 85 73
467 280 53 67 57
468 655 70 83 78
468 1025 57 65 57
655 1565 80 95 93
655 392 31 91 38
655 1765 54 90 74
655 505 50 78 73
655 1352 51 62 53
655 50 75 94 80
1025 59 79 86 80
863 897 39 44 40
863 1378 34 42 39
470 1554 62 76 73
470 1060 24 55 30
470 770 70 99 97
470 940 83 98 98
470 1930 60 95 89
1554 1958 43 81 73
1554 1624 38 83 61
1554 1495 86 95 95
1554 1441 23 43 26
1554 159 41 50 42
770 1460 50 82 54
1873 881 27 48 43
1873 42 38 39 39
1873 1084 64 70 65
1873 668 91 92 92
1873 298 64 100 80
1873 896 78 88 83
1873 1470 57 67 59
1873 932 64 78 72
1963 401 24 91 86
1963 1778 52 98 80
1963 1958 12 25 16
1963 1541 56 99 82
1986 1223 92 98 96
1986 1206 37 57 40
518 1922 34 73 47
518 1067 31 93 59
518 1674 58 90 71
518 1558 53 74 63
475 1652 16 35 34
475 1546 73 97 84
475 1915 72 99 88
475 12 21 39 23
1652 1162 77 86 83
1652 180 64 99 90
476 138 15 70 23
476 217 87 92 87
476 731 29 40 40
476 1210 63 84 77
476 689 78 80 80
476 320 51 83 70
476 1942 83 99 97
476 597 55 97 57
689 907 62 79 75
1942 826 49 53 53
1942 647 59 94 87
597 1532 35 73 62
597 1476 74 78 74
477 1182 50 68 64
480 867 57 87 80
480 1276 57 68 64
481 668 92 93 92
481 1895 39 44 44
481 609 25 27 26
481 1115 38 98 97
481 1146 24 60 27
481 1728 17 42 32
1115 1108 25 55 37
1115 301 56 85 69
1728 802 88 90 90
482 1412 93 95 93
482 1885 88 99 97
482 1529 75 85 79
482 1372 54 90 89
482 1781 46 83 48
482 361 51 56 53
482 24 83 97 97
482 1296 72 98 95
483 216 10 13 13
483 1783 46 71 57
1783 723 44 95 91
1783 1866 13 37 35
1480 953 93 94 94
1480 963 89 96 91
1480 1556 45 51 48
1480 1502 20 57 40
485 382 73 95 89
485 395 72 99 92
486 1323 89 96 91
487 415 54 86 64
487 1384 91 97 96
487 1795 22 55 46
1384 1478 79 97 92
1384 1435 61 83 63
488 250 39 90 67
488 551 41 78 70
488 1214 16 80 40
488 1470 54 84 57
551 1368 60 93 63
551 1500 24 40 30
551 898 56 95 79
551 845 27 57 48
551 2 14 18 14
489 463 39 98 94
489 1927 39 49 44
489 9 64 97 78
489 212 21 78 36
491 1380 34 38 34
491 423 86 98 98
925 696 92 99 92
925 1022 68 83 74
925 448 10 97 30
925 1048 21 68 68
925 1967 67 94 85
969 1963 61 88 79
969 812 26 63 48
969 355 42 74 64
617 1367 68 100 71
1754 568 64 91 78
1790 328 22 33 24
1790 496 94 99 99
1790 1070 86 100 95
1790 1225 18 26 19
1790 1025 22 90 42
496 763 49 99 70
496 249 95 97 95
496 135 23 79 41
496 1325 51 69 57
496 1423 70 81 75
763 1549 77 94 87
1325 1632 74 100 92
1325 543 38 80 39
1423 270 11 49 28
1423 584 76 85 82
1423 1971 70 94 79
1423 1060 11 50 26
497 1661 79 97 88
497 1333 36 85 57
497 311 13 34 32
497 1017 63 67 65
1661 366 27 64 45
1661 320 68 99 72
1661 654 30 79 39
1661 1221 23 67 67
1661 1194 44 99 70
1661 990 30 76 47
1333 579 63 86 77
1333 1497 16 74 21
1333 539 41 99 41
1333 1734 45 70 47
1017 52 49 95 78
1017 292 16 48 46
1017 1439 82 96 82
1012 817 63 84 63
1012 608 23 38 36
1012 1163 62 71 68
499 278 62 64 63
499 792 21 77 74
792 1603 54 98 95
792 1 88 100 94
500 244 87 92 92
500 807 46 70 51
500 1315 83 86 85
500 1422 84 100 99
1315 94 61 73 63
1842 1007 57 65 57
1842 1415 30 31 30
1842 816 17 58 18
1842 1164 80 95 84
1842 326 32 84 66
1953 787 81 97 82
1953 1135 18 19 19
1953 672 36 98 58
1883 1977 34 73 38
961 920 78 80 78
961 1294 40 72 56
961 249 13 78 64
961 1482 42 98 53
961 946 56 87 69
502 1485 61 76 71
502 1634 16 89 72
502 56 38 39 38
504 449 10 80 40
504 576 55 81 61
504 1187 73 83 80
504 279 55 57 55
504 77 54 65 57
576 867 71 90 81
576 371 58 60 58
576 1577 42 52 49
576 1289 15 72 27
576 997 42 56 46
1187 415 11 41 28
1187 569 36 65 44
1187 25 88 99 99
1187 988 69 71 71
505 1651 21 45 31
505 1507 68 85 85
505 1001 34 76 36
505 1634 70 98 90
505 1871 57 89 60
505 1891 93 100 98
1651 1073 10 38 11
1651 1655 88 99 96
1651 705 32 34 32
1651 573 64 73 66
1651 248 79 92 87
1507 1853 10 82 48
1507 887 26 63 56
1507 1069 63 86 76
1507 1950 32 38 32
1871 32 16 40 21
1871 1091 50 98 67
1871 1759 30 31 30
507 705 20 80 61
507 1806 53 95 88
705 871 17 45 21
705 1045 65 68 65
705 1239 24 74 70
705 1435 83 93 91
1806 1470 58 81 74
508 961 56 81 65
508 270 45 56 49
508 1061 93 99 93
509 628 29 47 45
510 495 61 72 63
510 44 81 87 87
510 1530 47 98 94
1530 420 90 95 93
1530 1478 69 76 73
511 1472 38 58 48
1906 576 16 25 22
1906 1822 80 99 88
1906 514 94 98 98
1906 1828 56 80 75
513 1426 86 97 94
513 236 88 99 89
513 1169 95 96 96
513 1799 78 79 79
1799 1900 23 58 49
1799 949 72 96 75
1799 1668 37 38 38
1799 1706 89 96 93
1799 1391 24 61 30
514 1035 19 98 73
514 1246 88 94 91
514 1553 86 91 88
1553 78 52 93 89
1553 3 44 53 50
1553 338 20 36 34
1553 360 85 91 85
1117 55 27 38 31
1117 260 27 97 42
1993 648 76 96 96
1993 499 43 93 81
1993 1747 84 95 84
1993 1163 94 98 97
517 1127 13 58 57
517 603 50 60 50
517 578 27 82 56
1922 1142 85 93 86
1922 1713 20 72 67
1922 317 91 100 96
1674 157 71 73 72
1674 1709 48 59 53
1674 565 16 18 18
1558 910 41 44 43
1558 920 52 69 68
1558 1095 65 82 78
1558 140 52 79 57
1558 511 28 84 38
1559 1730 20 22 22
1559 736 44 86 78
1559 967 87 91 89
1559 244 72 92 84
521 1958 43 68 65
521 93 53 65 62
521 755 48 72 56
521 1265 62 83 66
521 1311 87 88 88
1958 1299 48 54 50
1958 1290 73 98 82
1958 612 18 51 41
1958 1718 65 69 68
755 1864 62 73 62
755 359 83 97 86
1311 81 69 90 89
1311 435 49 58 54
1511 1184 77 78 77
1511 808 24 60 28
523 583 48 87 85
523 989 95 98 97
523 1005 52 86 69
523 1419 26 85 71
1005 156 81 100 81
1005 1173 25 85 46
1005 971 75 80 78
1419 711 46 54 48
1419 1958 59 80 80
524 1926 87 93 90
524 410 67 94 89
524 1856 35 64 55
1856 1869 15 52 26
1856 1494 46 57 53
1856 134 61 88 65
1856 26 38 47 42
526 134 38 78 51
526 478 12 56 25
526 205 57 92 67
528 1242 71 84 71
1242 1603 61 63 61
1242 893 26 85 43
529 1365 79 93 90
529 1633 32 70 35
1365 954 52 97 79
1365 391 71 79 78
1365 643 14 92 62
530 1663 45 82 74
1663 260 29 99 61
1663 174 57 90 82
1663 743 56 86 76
1894 1272 37 93 75
532 827 49 73 50
532 1863 65 91 78
532 514 89 97 93
532 1782 78 86 81
532 1151 11 57 32
1782 230 68 71 69
1782 136 31 57 36
1151 191 38 88 66
1957 569 70 72 72
534 495 30 70 61
534 1638 54 100 69
534 1139 71 100 86
1638 204 41 72 43
1638 1543 51 56 52
1638 504 44 96 56
1139 659 19 34 33
1139 992 72 96 79
1139 767 72 85 82
536 1439 83 93 88
536 749 90 92 90
536 1399 79 92 89
536 1652 77 82 77
1439 670 85 96 96
1439 269 52 77 57
749 687 94 99 99
749 1967 84 94 94
537 927 36 38 38
537 1206 68 91 84
1884 751 61 91 75
957 1297 21 36 27
957 966 60 73 65
957 578 77 95 77
541 180 27 87 41
541 1938 61 69 61
541 471 66 85 80
543 205 73 85 85
543 1133 45 60 59
543 787 39 41 41
543 1584 67 79 77
543 1871 62 83 76
1133 1327 56 73 68
1133 869 48 94 66
1133 1520 36 80 57
544 1880 71 93 90
544 269 35 40 40
544 736 65 91 75
736 1821 81 85 83
736 1440 40 61 61
545 114 31 61 48
545 842 61 86 62
545 387 71 91 82
842 1594 77 86 86
842 1526 62 88 82
842 1604 57 70 67
842 602 36 46 36
842 1858 43 67 47
1236 997 50 86 74
1236 751 58 76 58
1297 1700 48 100 90
1297 832 39 40 40
1297 1366 68 73 70
547 1610 36 62 50
547 683 74 83 76
547 1343 22 78 39
683 679 32 67 53
548 1958 59 62 61
548 777 42 90 79
777 414 55 100 56
550 1540 15 45 16
550 759 45 85 77
550 1072 60 88 88
550 639 73 100 94
550 1723 11 47 42
1723 1757 34 65 43
1723 556 31 35 35
1723 1179 80 98 87
1723 1672 50 86 75
1723 311 39 88 67
1368 926 68 90 73
1368 1691 67 76 75
1500 1610 57 82 81
1500 208 13 91 65
767 317 93 98 93
767 990 57 75 73
554 1584 36 78 64
554 1636 69 86 71
555 1327 32 36 32
555 141 84 89 88
1327 1522 84 85 85
1327 1072 26 35 29
1327 1116 82 91 91
556 890 85 94 94
890 152 73 91 76
890 1394 24 96 94
557 787 61 73 68
557 133 44 58 58
557 886 70 82 74
557 813 91 100 93
558 962 74 100 81
558 1905 48 98 86
558 610 59 98 85
1905 827 84 95 95
1905 1174 19 76 71
1905 1507 78 80 78
1905 1908 63 96 77
559 968 33 88 65
559 1839 77 100 93
559 1618 13 22 14
559 1093 12 81 51
559 1951 85 97 96
1618 1062 64 97 73
1618 932 37 90 55
1618 756 68 87 81
1618 1811 32 95 42
1618 1773 94 97 95
1618 1569 92 99 99
1618 933 75 93 87
1618 1198 27 28 28
1618 896 93 95 95
1951 1828 14 23 14
1951 1196 89 98 89
1951 1838 92 97 95
1951 538 34 85 37
560 127 16 85 18
560 1726 25 84 84
560 271 12 60 19
560 229 43 53 50
1865 270 58 62 60
1865 1514 18 96 96
1865 451 53 99 90
1068 137 60 96 74
1068 1503 89 95 89
1068 28 35 76 60
1068 18 55 91 69
1068 1499 64 67 67
1068 1858 45 83 80
1492 229 93 100 98
1467 850 67 95 91
1467 38 13 24 18
1467 791 64 81 67
1069 60 75 84 83
1069 502 32 91 43
1069 1287 75 98 92
563 1538 55 81 56
563 946 31 76 75
563 368 71 96 83
563 1406 34 50 41
1538 1024 51 84 72
1538 435 18 27 20
1538 1390 77 91 85
946 775 61 94 85
946 1427 54 68 62
1406 347 75 84 78
1406 787 29 47 46
1406 1800 52 87 71
565 1314 37 83 71
565 1517 23 73 36
565 128 34 91 45
565 1275 68 95 74
565 1331 83 85 83
1275 1328 30 88 36
1275 352 14 26 20
567 586 92 93 93
567 473 89 92 90
569 717 29 71 36
1387 114 91 98 96
1387 1011 29 99 40
1387 1423 47 95 54
1387 1777 51 55 54
1387 663 42 51 46
1096 1433 23 77 36
1096 1251 90 92 91
1096 1957 41 69 47
1096 741 44 95 83
1096 1559 82 88 86
1353 1651 60 85 65
572 805 27 43 39
572 477 39 89 63
573 916 55 92 90
573 1869 87 100 92
573 187 36 92 81
573 412 65 66 65
573 1137 24 70 32
1869 1961 74 78 78
1869 328 19 86 42
1122 789 89 92 89
1122 1345 39 92 41
1577 563 42 87 81
1577 1898 24 49 31
1577 1978 73 83 83
1577 2000 38 78 52
1577 732 26 59 43
1577 900 13 100 38
1577 869 28 66 32
1577 704 10 75 41
1577 1671 37 57 54
577 955 34 77 50
577 516 56 96 57
577 408 87 92 91
577 524 33 42 40
577 1259 57 77 75
577 1948 50 58 52
577 1635 78 98 95
577 1367 25 54 29
577 689 52 92 57
955 1994 86 95 95
955 699 89 93 90
955 475 65 88 76
955 498 43 70 65
1635 1115 11 15 12
1635 997 44 99 71
1635 1066 90 97 92
1635 1578 37 57 51
1635 846 91 95 95
1635 1497 70 84 70
1367 138 70 81 77
1367 835 68 84 69
1421 1793 13 58 38
1421 1268 68 71 71
1421 50 80 81 80
1421 1932 42 67 62
1421 622 88 95 95
1421 1410 21 80 36
1030 942 89 100 97
1030 2 26 33 33
1030 93 33 76 34
1030 1223 86 89 88
1812 313 39 53 50
719 754 62 78 74
719 1077 48 98 91
719 1797 92 95 94
719 1892 91 99 97
1051 1477 26 52 34
1051 1390 70 73 70
601 1885 25 81 55
601 1944 63 96 78
601 1236 19 96 40
601 969 24 80 47
659 716 58 88 69
659 1049 77 97 79
659 1052 93 100 96
659 491 42 46 46
659 563 70 86 78
1370 1419 86 95 87
1370 1524 51 54 54
1370 1546 83 88 87
1370 1200 69 80 75
585 1712 43 80 72
585 126 46 60 54
585 771 37 96 58
587 299 12 64 20
587 1059 62 88 81
587 1936 36 61 54
1936 1517 56 92 76
1261 1253 89 96 94
1261 1393 49 56 56
1261 614 32 80 72
1261 1252 38 89 86
900 1595 89 100 92
900 1369 37 49 43
1404 362 62 63 63
1404 1022 57 59 58
1404 1603 39 94 92
1404 31 76 82 76
589 1240 10 16 15
1240 440 23 72 47
1585 1980 24 82 42
1585 1630 33 62 52
1585 1415 89 97 89
1585 1547 19 35 30
1255 95 43 59 56
1255 513 23 50 40
952 1757 48 61 53
952 1019 18 26 24
931 108 71 83 75
931 764 15 22 16
931 1353 43 64 45
931 337 82 90 82
1258 1411 18 80 27
1258 567 48 51 51
1258 1257 49 54 54
1258 749 53 86 82
1258 961 74 95 87
1189 582 81 92 90
1702 652 92 98 98
1702 977 57 98 90
1039 1576 22 79 67
1039 778 26 32 28
1039 1633 16 31 31
596 1624 19 67 26
596 1993 21 53 39
596 1379 51 73 71
596 746 22 55 27
1624 339 75 76 76
1624 352 73 85 76
1624 1649 95 99 95
1624 1966 11 84 40
1624 706 46 56 48
746 1831 75 89 80
746 1454 78 82 81
746 1413 14 81 22
746 841 61 80 66
1532 902 73 86 86
1532 1830 32 91 84
1532 790 80 97 80
1476 391 52 76 70
1476 849 50 80 54
1476 193 43 52 45
1476 1770 61 66 64
1476 1531 82 100 84
1476 1891 15 90 77
1188 1354 55 56 55
1188 321 53 57 55
1188 1590 43 46 43
600 315 72 92 83
600 1150 50 54 51
600 65 27 67 65
1150 437 83 86 83
1150 343 72 87 78
1150 1598 64 74 64
1150 81 40 97 83
1150 321 38 51 49
1944 1901 57 84 84
1944 1185 64 67 66
1944 1660 63 66 65
1944 94 36 83 44
1944 1007 61 84 64
602 62 53 97 94
829 1609 81 95 90
829 1534 28 33 33
829 795 34 43 39
829 1833 16 26 17
829 1229 44 53 49
1994 97 19 34 22
1994 1118 26 46 33
1994 844 42 98 45
1994 1224 85 99 89
1994 1687 59 70 62
1994 136 75 78 77
606 1876 85 92 91
606 216 24 98 57
606 1636 59 63 62
606 839 67 93 90
606 1988 38 47 42
607 649 17 45 38
1305 875 63 74 71
1305 673 62 85 66
612 1407 17 19 19
612 159 49 51 49
612 748 40 52 49
1407 1252 83 93 85
748 1115 58 82 60
748 1368 60 90 71
748 928 77 97 80
614 762 14 68 65
614 254 79 100 85
614 433 85 92 91
762 1737 77 83 79
762 763 86 98 91
762 580 36 38 38
643 575 52 97 75
643 380 36 63 53
1933 1321 43 80 46
1933 713 37 68 43
1933 653 50 53 51
1933 1005 67 69 68
618 1101 83 92 89
618 1074 76 77 76
618 1340 23 65 36
1074 10 39 61 40
1074 860 35 51 47
1340 1369 57 68 58
1340 1059 82 91 91
1340 1392 68 69 68
1340 1524 57 84 61
1340 862 72 78 77
811 1598 71 73 73
811 1105 22 39 36
811 940 47 64 59
1690 1056 54 58 55
1690 1858 70 86 83
1690 358 92 93 93
622 206 32 65 64
622 1347 15 36 25
622 1217 61 75 73
620 1306 34 89 57
620 1346 80 86 86
620 1109 75 89 78
620 1896 95 96 96
1896 993 78 79 78
1896 389 32 93 38
1212 657 59 84 66
1212 1183 69 95 84
1212 1671 55 76 68
1347 897 80 86 86
624 250 78 92 82
1281 428 32 93 72
1034 383 72 96 96
836 1004 46 52 46
836 1645 64 74 67
836 1953 36 78 54
831 1974 95 100 100
831 118 27 83 69
831 1703 65 78 75
831 1755 66 91 75
629 1649 84 92 89
756 1930 26 44 34
631 1269 38 76 38
631 58 19 81 72
631 1901 83 85 83
631 8 26 40 31
1269 1335 55 100 59
1901 664 42 82 79
1901 986 10 96 47
1954 1400 31 32 31
634 1094 50 62 62
634 907 65 76 70
634 1198 80 98 86
907 930 18 29 26
907 1172 82 87 84
907 1475 17 91 64
907 186 21 23 21
907 1126 81 97 85
992 1552 62 91 87
992 459 62 82 71
992 805 91 95 94
636 1913 68 71 71
636 1746 19 51 34
1913 1212 70 83 74
1913 534 23 90 41
1913 1483 65 76 66
1913 154 27 77 61
1913 976 50 81 79
1913 658 95 96 96
1913 1176 67 99 78
637 1771 87 96 89
637 43 63 68 67
637 1146 94 96 95
637 1405 93 100 94
637 1348 94 98 96
1771 453 89 90 89
862 1469 70 94 84
862 458 20 89 44
1153 1047 43 94 77
1153 502 29 42 33
1153 914 40 73 59
841 1540 23 96 67
841 1692 85 94 94
841 830 69 83 77
1903 1214 44 69 53
1903 1059 74 89 83
942 1888 27 29 28
942 966 69 94 82
642 111 58 88 77
642 962 22 23 22
642 1623 75 81 78
1623 263 71 76 74
1623 1321 31 85 55
1623 819 95 96 95
1623 1608 15 91 33
1623 818 53 63 53
1623 1443 89 96 92
1623 1293 64 65 65
645 712 84 89 87
645 2005 71 95 93
712 1654 15 96 63
2005 1754 71 92 90
1767 1207 10 89 89
1767 985 73 95 74
1767 919 91 95 92
1767 978 88 99 97
647 1720 64 83 67
647 1905 82 88 84
647 1410 71 80 71
1720 1865 11 25 21
1720 1794 66 89 77
1720 1170 58 86 85
1720 1777 20 43 42
1720 1694 37 48 43
1720 350 19 96 31
1410 351 71 96 82
1410 458 19 96 85
1410 43 13 82 69
648 151 62 82 64
648 5 33 76 39
648 1800 20 41 37
648 646 12 24 12
648 616 28 67 48
1433 1642 19 43 41
1433 375 22 43 42
1433 1957 30 72 50
1433 1733 87 96 93
909 1292 17 49 24
909 849 70 76 72
909 701 71 75 72
909 1019 67 79 73
909 1610 78 79 79
1221 1294 48 93 62
1454 747 41 61 56
1454 900 33 60 50
1454 517 17 95 53
1454 820 16 50 47
1344 1480 87 90 87
1979 619 27 89 68
1979 1516 43 98 67
1979 683 56 75 67
1979 1109 25 67 67
1260 971 28 67 30
1260 768 50 91 75
1260 1471 36 90 51
1260 1938 47 60 57
1260 481 73 92 76
1765 725 46 74 58
1352 1052 36 59 41
908 512 83 84 83
908 192 57 95 89
908 297 44 91 65
908 1677 47 55 53
657 487 70 79 70
657 556 28 59 48
658 830 55 70 59
658 631 83 98 92
658 730 90 98 95
658 32 64 78 67
2002 870 12 22 19
2002 1907 89 94 91
2002 119 78 97 92
2002 1486 27 49 36
2002 1450 95 96 95
2002 1660 34 75 66
661 532 79 99 90
661 79 36 91 81
662 211 43 46 44
1523 1289 80 84 82
1523 1522 78 89 84
1523 265 93 96 95
665 161 59 69 62
774 1015 86 99 90
774 274 38 65 56
673 104 15 84 63
673 195 64 67 65
673 705 15 65 25
673 1466 48 80 67
673 1808 44 66 50
1466 446 23 43 26
1466 884 84 100 84
1466 1714 74 100 80
1466 811 70 73 73
676 1355 95 100 98
676 1012 93 100 98
1568 1876 86 91 91
1568 1699 44 52 52
678 794 57 88 73
678 786 56 93 75
678 1292 75 78 76
678 1047 12 76 68
794 1021 52 60 55
1047 501 31 32 32
1047 1172 84 94 88
1047 920 33 56 48
679 1671 64 73 66
1671 1860 14 60 19
1671 923 94 96 94
1671 756 68 80 75
1671 1592 76 79 79
1671 187 46 92 92
1671 899 72 75 73
1671 1617 33 49 40
1277 1448 71 96 72
1277 367 67 85 70
1277 787 53 63 58
1277 1299 69 99 97
1038 1235 89 97 95
1038 1920 53 64 64
681 1633 78 94 79
967 1266 60 90 78
967 502 56 100 83
779 80 58 84 59
1724 1688 44 49 48
1724 1711 50 94 74
1724 600 67 87 76
1724 1562 16 55 20
1724 114 21 95 31
1724 1378 32 35 33
1534 615 81 86 85
1534 1217 12 99 26
1131 1102 67 87 78
1131 547 78 98 95
1131 637 38 88 52
1131 180 44 84 71
1131 1228 39 71 39
1631 589 61 85 81
1631 20 81 94 91
1574 445 38 71 44
1574 33 82 94 87
1574 816 33 90 47
688 1112 10 24 24
688 811 18 43 40
688 1162 76 79 76
1112 15 74 88 76
1112 1853 66 95 90
1112 1372 38 84 56
1112 1208 24 73 39
1112 1663 39 58 48
1162 66 40 97 96
1162 988 62 78 63
690 1448 54 70 57
690 1686 22 80 79
690 1547 80 91 87
1448 1661 22 57 22
1448 858 30 83 70
1448 8 82 96 90
691 1796 35 98 67
691 903 82 96 88
691 1275 18 75 58
1853 1 51 52 51
1227 1155 61 81 74
1227 9 66 68 68
1227 80 28 50 46
1253 695 49 92 61
1253 826 74 96 96
1253 198 26 53 40
809 752 74 90 87
800 227 10 74 38
800 1803 17 21 21
695 286 72 78 72
696 422 46 69 67
696 572 95 97 96
699 759 40 54 54
699 1365 29 69 62
700 603 90 98 93
701 1384 36 75 51
702 582 79 87 84
702 556 28 36 29
1878 1236 91 94 94
1878 1245 41 76 56
1878 1547 22 81 23
818 1159 93 98 95
818 1367 77 84 81
818 817 37 41 37
871 155 87 99 88
871 394 57 94 81
1019 1116 72 78 72
1019 629 90 95 91
1019 1930 80 94 83
1019 1748 27 42 38
1811 1105 71 77 77
1811 76 76 98 77
1811 479 17 98 29
709 1863 80 100 86
709 790 75 82 78
709 884 75 94 80
709 277 52 64 54
790 173 19 71 45
790 16 52 69 62
790 912 26 83 55
884 910 31 59 32
884 777 42 49 42
884 1333 50 56 53
884 1907 48 84 55
884 1443 83 95 85
713 244 80 95 83
715 1525 14 57 50
715 32 93 99 93
715 1800 76 93 78
715 243 73 86 75
1525 1237 21 77 61
1525 455 27 86 75
1525 1446 70 71 71
728 119 42 48 45
728 1127 75 95 83
776 1932 90 96 91
776 1295 31 94 82
816 1075 82 92 88
816 1580 83 92 86
754 884 52 56 54
1797 1328 85 95 89
1797 92 70 81 79
1797 1017 26 93 43
1797 333 32 53 43
1797 1818 26 72 46
1892 1463 30 82 37
720 26 40 90 71
720 431 29 63 55
720 1184 94 95 94
1688 1383 32 63 32
724 262 51 58 53
724 481 16 19 16
724 1580 59 70 64
1580 1060 69 95 92
1580 702 18 45 18
1424 388 21 60 21
1424 414 66 77 71
1424 1228 60 63 60
1680 460 78 90 81
1680 958 18 96 65
1680 186 22 60 22
1680 1031 92 97 97
1680 1330 57 82 73
1680 840 10 52 12
1753 1898 56 68 63
1753 722 72 76 74
1753 1315 95 98 96
1753 746 71 95 81
729 1107 49 53 53
729 1533 89 91 91
1533 1234 87 95 94
1533 469 68 94 71
1533 757 44 47 47
1438 1654 34 85 78
1438 131 94 95 95
1438 1523 32 37 32
733 1957 82 87 86
733 1882 68 80 76
733 1864 35 49 45
1882 1009 33 93 61
1882 1740 29 70 56
1882 1429 67 70 70
1882 1731 83 95 92
1864 780 43 80 77
1864 1021 60 63 62
734 770 34 86 77
734 509 14 52 28
734 107 50 64 57
734 1637 29 88 46
1637 709 65 95 87
1637 120 21 38 30
1637 1744 52 81 69
1637 1150 49 72 67
1637 1311 78 80 80
1685 1796 15 55 48
1685 1150 82 87 87
1685 584 58 60 60
1685 859 67 68 67
1211 1564 51 56 54
1211 889 59 78 75
1211 612 22 95 57
1211 1395 18 98 82
1211 1304 33 56 54
947 1153 31 43 35
947 1412 32 43 38
947 1848 46 86 70
947 1092 83 98 83
947 555 90 99 99
947 1311 81 87 81
738 1563 61 83 70
738 666 77 93 80
738 34 22 97 24
738 1573 64 99 73
738 619 43 47 44
738 1500 92 99 93
1563 1445 41 93 85
1573 1329 82 98 86
1573 421 46 50 47
1573 627 25 58 39
739 1487 79 87 84
739 406 54 94 64
739 501 11 77 40
1487 922 14 51 20
1487 1825 85 97 86
1487 1320 11 44 23
1487 1993 90 97 96
740 1686 31 81 80
1328 370 14 47 47
1328 929 18 93 59
1328 1261 82 89 85
1328 1949 80 84 82
1328 1387 33 80 74
1328 419 63 99 84
1058 1237 38 56 38
743 1806 95 100 98
743 354 71 72 71
1673 1865 14 60 29
1245 219 64 81 81
1245 592 17 37 30
1701 1320 86 97 97
1701 8 91 98 94
1831 72 28 84 46
1831 1288 63 80 77
1831 1104 16 52 16
928 139 16 21 19
928 303 34 97 86
928 909 37 68 59
928 1433 26 95 29
750 1475 23 71 68
750 831 70 76 70
750 291 89 98 94
1475 1688 40 84 59
1475 1217 94 96 95
1475 1956 43 96 66
1475 379 49 63 61
1586 773 25 74 41
1586 1441 34 90 80
1056 1119 44 96 62
1056 1079 69 89 81
1056 7 62 77 68
1056 1117 14 40 22
1056 1967 19 27 22
1549 1927 77 93 77
1549 331 90 91 90
1549 1391 12 91 59
1549 1258 88 98 96
1549 405 51 77 73
765 1752 77 93 85
765 1580 70 91 77
765 841 47 79 65
766 1887 79 100 89
766 1904 49 98 69
1887 1400 10 87 14
1887 1803 95 98 96
1904 54 11 31 23
1904 1707 78 82 78
1904 567 93 99 93
1904 478 47 79 58
1904 331 81 95 91
768 989 35 72 44
768 585 22 89 38
768 1332 68 70 69
768 854 69 80 79
768 1913 19 52 36
1875 466 69 90 71
1875 1126 50 98 61
773 1631 62 95 78
773 366 56 66 57
773 737 55 98 89
1932 280 60 97 68
1932 604 49 74 60
1932 73 49 50 49
1793 1706 46 66 49
1793 1986 27 30 28
1793 1784 30 74 47
1793 1378 65 99 77
781 1142 51 63 61
1142 378 69 78 73
1142 1700 11 27 16
1142 468 92 96 95
782 1939 86 92 90
782 1454 75 81 76
782 66 15 88 43
782 886 87 92 92
1939 1581 21 93 53
1939 1555 65 76 68
1939 1162 58 100 75
1939 2 63 79 76
783 1730 72 84 77
783 492 48 70 55
783 453 38 76 48
784 1644 67 97 89
784 176 89 91 89
1644 183 18 24 20
1644 121 65 79 70
1644 1001 64 99 80
1644 1739 84 93 91
912 1093 53 74 69
912 759 53 69 69
912 1059 74 97 81
912 595 69 71 71
912 73 74 77 74
789 141 62 73 71
789 653 27 61 34
2000 169 13 26 25
2000 292 62 91 82
2000 957 27 50 42
795 811 29 95 63
795 1006 34 84 57
796 255 78 92 82
796 644 94 95 95
1770 1522 38 61 55
1770 783 10 66 25
1770 430 14 47 46
1770 161 95 100 98
1715 218 83 98 86
1715 1126 68 71 68
1715 150 95 96 95
802 1997 64 72 70
802 1982 51 80 69
1982 719 91 92 92
1982 303 95 100 97
1536 1990 43 90 83
1536 1525 43 78 60
1536 1303 59 68 62
806 1702 41 73 50
806 1216 67 76 74
1207 258 11 71 34
1207 1104 75 76 76
1756 336 18 21 18
1848 1095 18 30 26
1848 160 50 71 67
1598 158 91 95 93
1598 611 50 85 63
1080 569 40 72 58
1080 22 63 97 67
1772 258 31 86 50
1772 739 81 94 86
1772 56 62 95 87
1075 726 50 90 72
1159 1163 80 89 83
1159 77 71 77 72
1159 632 94 98 94
821 1728 85 93 91
821 1137 13 28 20
821 1162 16 94 76
821 2 19 33 28
823 1182 84 88 86
823 1664 29 53 51
823 1084 91 100 96
823 1701 77 89 79
824 1157 90 94 91
824 663 29 48 41
825 1853 57 66 64
825 237 42 98 69
826 106 69 76 73
826 1404 45 46 45
953 1430 56 61 57
828 664 63 93 70
1833 747 70 75 71
1833 1271 29 71 58
1833 877 24 34 24
1703 1848 45 86 83
1703 388 12 43 32
1703 318 56 68 60
1703 1678 94 99 98
1220 1627 40 77 77
869 1145 26 68 27
869 396 71 77 71
869 1524 94 98 98
934 1924 12 54 17
934 973 15 54 24
934 522 90 91 91
934 133 40 77 66
934 1400 29 83 43
1450 47 35 62 60
1016 1535 52 88 82
1016 143 58 67 60
1016 898 62 100 63
1004 505 73 82 81
1004 424 46 52 47
1004 1333 76 89 84
1645 1408 71 85 84
1645 1549 34 84 35
1645 1595 19 54 41
1645 396 64 80 66
1645 1999 20 91 65
1645 574 40 81 59
838 231 81 87 82
838 1597 68 82 76
838 439 69 97 76
838 1026 35 71 61
838 639 51 86 74
1535 519 61 68 67
1535 577 89 95 93
860 1524 48 51 49
860 928 73 97 86
840 308 36 44 38
840 1139 33 82 57
840 695 60 81 79
1594 1586 11 99 61
1594 1959 80 87 86
1594 305 88 90 90
1594 388 13 94 27
1526 1335 77 81 78
1526 1357 56 60 58
1110 1591 78 97 89
1110 953 87 93 87
1110 1280 31 68 53
844 1888 59 73 59
844 939 58 63 60
844 1445 67 68 68
844 884 41 91 59
844 914 51 70 54
1562 1849 89 98 91
846 457 64 88 68
846 536 69 80 73
846 50 43 52 47
847 1664 48 67 64
847 889 53 58 53
847 1667 63 88 67
847 1352 77 81 77
848 708 46 79 54
848 1782 77 85 79
849 1586 73 85 78
849 1266 53 73 63
849 2004 32 52 32
849 400 35 45 45
849 1976 46 76 58
1266 1446 36 60 60
1266 1911 75 92 76
1266 48 92 99 97
2004 1867 76 88 79
2004 1241 31 44 36
2004 1521 35 75 38
2004 596 37 73 48
2004 969 89 94 91
1611 1930 28 88 30
853 1257 92 95 94
853 969 34 92 65
853 244 15 30 16
1257 1848 92 96 94
1257 215 37 60 45
1257 1525 89 97 96
856 444 22 94 77
856 219 82 84 82
856 867 93 97 94
856 406 23 77 27
857 1229 64 75 72
857 1907 69 92 83
857 786 21 37 28
857 1570 58 64 63
859 1547 16 79 27
1758 82 24 41 28
1758 1059 55 76 55
1758 1180 36 74 58
1758 1709 69 90 83
1758 1477 45 49 47
1758 1441 25 47 42
1758 1171 32 43 37
1378 951 91 93 92
1378 1108 70 100 92
864 991 33 57 33
864 1825 34 95 53
1825 94 41 50 44
1825 655 32 74 73
1825 1212 68 98 76
1825 633 38 49 38
1825 1477 43 80 47
1825 68 93 97 96
865 705 25 44 29
865 1846 37 88 49
865 462 71 74 74
865 275 90 97 92
1846 580 32 84 58
868 923 88 96 95
868 907 26 63 60
1145 171 37 51 37
1145 978 75 99 89
1657 1841 48 96 76
1657 1988 64 90 86
1657 1260 67 78 77
1657 1874 75 94 92
872 1882 77 98 88
872 329 50 84 73
873 698 59 95 63
873 817 90 100 97
873 1479 35 92 43
873 328 76 80 79
1479 1094 65 86 65
1479 551 41 96 65
1479 829 74 75 74
874 712 63 72 69
874 1893 65 67 65
1319 1513 44 85 49
1319 1392 64 88 64
1801 1861 70 84 79
1801 451 41 49 45
1801 180 88 93 92
876 1296 67 81 78
876 527 50 52 52
876 56 87 91 89
1516 339 20 73 34
1516 1348 67 76 75
1516 1550 95 96 96
1606 860 72 99 88
1606 1027 86 94 87
1390 1769 38 91 46
1390 223 65 97 81
1390 1251 49 69 55
1390 1832 22 55 32
1390 366 49 82 82
1390 1665 58 68 67
1390 128 31 52 48
881 1583 23 41 39
881 546 19 52 50
882 361 51 94 68
882 1120 13 43 17
1120 1572 33 53 34
1120 608 16 28 21
1192 682 51 63 59
1192 1154 20 63 20
1192 814 31 99 85
1192 900 18 70 23
1192 2002 52 75 73
1192 479 18 51 20
1192 1509 93 94 94
910 35 59 100 87
1443 1241 60 71 67
1443 370 72 88 80
1443 848 21 72 43
1443 167 74 99 77
1443 1 29 40 36
1443 372 58 99 96
885 1807 39 99 74
1807 496 22 38 27
1807 1798 31 37 34
887 520 77 96 88
887 512 35 88 88
887 1308 22 100 95
887 151 75 97 84
887 165 38 65 56
1491 1613 19 80 37
1491 1979 27 82 43
1098 196 33 100 52
1482 381 40 100 60
899 314 25 100 77
899 1416 78 95 78
1416 1656 17 82 35
1416 232 70 76 76
1416 1329 57 97 80
1416 469 18 45 43
1416 574 53 75 74
1416 153 66 94 94
1416 461 60 96 66
1595 392 13 29 20
1595 759 38 74 54
1595 1660 87 90 87
1595 100 30 39 34
1595 1219 13 45 22
1595 112 38 62 44
1595 145 90 96 95
1595 1519 84 100 97
1369 371 47 82 68
1369 199 64 69 69
1369 1178 83 93 85
901 1807 46 67 56
901 872 82 94 90
901 238 11 41 22
1722 1302 35 44 39
1722 1985 44 92 48
904 55 85 87 85
904 1248 64 100 99
904 869 14 80 15
904 893 85 99 98
1248 549 63 73 69
1248 71 87 92 91
906 321 66 68 68
906 1782 41 52 42
1172 1686 41 49 43
1172 375 64 67 67
1677 566 64 78 74
1677 1631 14 60 27
1677 1275 60 68 66
1677 1278 38 80 69
1830 69 64 75 69
1481 1828 50 90 59
1481 1984 66 94 67
1481 1982 43 45 45
1481 1691 34 82 47
1481 1797 11 21 11
1481 587 16 27 17
918 1308 65 90 72
918 131 64 84 73
918 1190 71 73 72
918 681 59 79 75
1190 574 52 62 61
920 849 48 86 54
920 1969 65 82 77
920 2000 94 99 99
920 1648 73 100 83
920 325 57 93 91
921 911 84 96 88
922 1560 60 72 66
922 1154 27 87 38
922 932 60 75 61
924 942 46 69 63
1048 315 80 84 81
1441 1267 50 70 65
1441 934 31 89 32
1441 73 51 90 62
1441 1695 77 91 77
1441 1960 31 60 49
929 976 33 35 33
929 518 18 49 43
929 1736 92 95 94
1736 1286 11 93 17
1268 52 58 61 61
1268 17 57 80 57
1268 1830 60 89 87
1268 316 26 30 28
1924 1861 82 93 84
1924 405 87 100 89
1924 272 62 63 63
1924 409 78 100 81
1341 491 28 81 35
1341 684 72 82 74
1341 374 79 94 87
1341 876 31 33 33
936 1416 27 36 29
936 1390 18 54 54
938 88 43 92 70
938 1552 73 88 78
938 363 58 99 69
1339 1408 76 97 80
1339 408 31 42 40
1339 547 16 65 18
1339 1207 32 58 40
1339 1529 23 76 55
1066 558 40 51 47
941 58 73 96 92
941 867 16 38 38
941 1031 54 97 90
1031 467 62 84 74
1031 77 92 99 98
1031 419 56 57 57
1031 1268 80 85 83
943 1419 49 76 56
943 1233 35 44 42
1233 965 85 99 90
1233 284 10 20 16
1252 99 72 79 75
1252 837 11 37 17
1252 1066 59 80 64
1252 1141 44 81 79
948 1006 43 74 50
948 464 86 92 88
948 689 24 52 34
948 556 87 90 87
948 193 58 67 59
948 410 44 57 51
948 78 43 69 67
950 989 42 64 52
950 1723 51 73 55
950 602 14 36 25
950 221 53 73 57
950 309 16 83 37
950 412 29 78 55
950 932 37 87 45
1757 1877 33 95 69
1757 913 87 90 87
1757 1603 55 66 57
1757 1302 21 23 23
1757 1974 36 71 60
954 435 33 54 47
954 1960 41 84 83
954 797 65 70 69
954 250 88 90 88
954 1780 83 97 97
1960 662 74 87 74
1643 1696 84 95 85
1643 524 43 63 55
1643 584 49 81 81
1643 1625 73 96 76
1643 1908 92 96 95
1643 201 69 92 84
1643 627 42 86 66
959 560 82 95 84
959 636 62 93 76
959 1126 69 73 72
959 1996 10 65 19
964 1011 59 61 61
964 467 65 84 75
964 739 44 67 58
964 463 74 99 95
964 244 34 40 36
1011 1189 18 33 29
1011 1428 24 81 59
1011 1907 50 51 51
1011 1959 84 95 90
1011 1707 41 62 56
1011 778 74 99 90
1128 1853 48 77 64
1128 1530 58 91 78
977 1941 73 82 74
981 896 88 94 92
981 799 68 86 83
1270 983 69 71 71
1270 1936 27 36 27
1270 332 44 56 52
1270 1909 60 73 70
1270 1782 48 83 48
1270 380 60 68 65
1823 125 11 83 30
1823 1024 59 97 80
1823 1372 23 66 41
1823 384 87 88 88
987 1995 42 62 44
1307 1511 89 96 90
1307 415 89 97 92
1307 253 70 88 77
1307 1116 23 70 51
1160 1055 76 90 87
1160 510 89 100 100
1235 1011 29 69 33
1235 558 49 69 67
1691 963 44 96 52
1691 333 33 100 59
1691 1478 85 100 98
1116 1441 67 83 80
1013 1261 45 63 51
1013 1962 38 92 56
1013 1466 89 95 90
1013 170 47 83 64
1981 706 42 83 76
1981 1944 23 90 45
1002 555 31 71 46
1002 550 48 96 83
1935 1122 60 98 84
1007 396 27 83 73
1008 1502 38 93 58
1008 650 36 70 60
1008 451 20 38 24
1008 213 64 72 72
1008 1883 10 38 25
1502 1028 45 70 54
1502 1779 82 92 84
1279 721 38 41 38
1279 638 65 87 71
1279 1189 70 98 82
1279 677 33 47 34
1428 829 66 97 70
1428 1397 57 84 76
1428 54 92 94 92
1707 1023 34 45 43
1707 81 48 85 73
1707 1116 25 46 27
1707 116 89 92 92
1163 275 83 100 91
1163 447 67 82 75
1163 803 64 86 71
1163 301 43 57 45
1962 1701 45 60 46
1962 1805 65 92 92
1962 746 54 55 54
1962 59 84 99 98
1962 1343 62 93 79
1962 1856 33 78 46
1983 1454 80 82 81
1748 537 59 70 67
1748 515 84 100 89
1748 471 51 75 60
1023 1153 81 82 81
1023 1919 14 22 22
1919 1907 43 61 50
1555 776 75 93 80
1555 1581 37 60 57
1555 116 29 35 33
1555 826 95 96 96
1555 610 73 84 78
1539 906 28 33 29
1539 958 24 93 51
1027 999 14 23 16
1027 1509 69 97 95
1027 88 48 52 52
1029 184 13 37 32
1029 770 30 69 54
1029 566 40 69 50
1029 457 71 77 71
1029 243 36 78 59
1223 587 82 95 84
1223 1296 24 72 46
1223 757 17 39 37
1223 1879 31 73 31
1032 533 70 99 87
1036 1109 19 30 24
1036 120 10 91 91
1036 1012 42 47 46
1036 1871 82 84 84
1036 370 85 95 90
1920 754 80 81 81
1920 686 53 85 55
1576 459 59 62 61
1576 886 37 92 84
1409 210 30 64 44
1409 495 22 79 42
1409 538 42 61 57
1041 799 70 83 77
1041 584 33 42 42
1041 1282 55 94 60
1041 112 22 75 52
1282 1096 70 85 76
1282 49 49 96 92
1617 1433 27 81 80
1617 1014 41 46 46
1617 44 22 48 25
1617 552 10 66 30
1043 1267 52 69 52
1043 1583 68 96 93
1043 1508 18 89 85
1508 1900 14 50 21
1508 1269 71 85 81
1044 294 60 83 70
1152 1716 79 88 82
1152 1806 55 71 71
1152 956 19 34 26
1152 103 65 99 91
1280 1711 20 41 29
1280 864 19 51 49
1155 1177 28 35 32
1155 362 28 72 46
1155 1988 51 52 52
1155 655 80 86 82
1155 1774 28 92 65
1155 1458 70 91 75
1477 841 25 47 40
1053 1768 11 67 44
1053 439 23 65 59
1053 1462 47 62 54
1768 1682 85 98 91
1768 1211 21 85 38
1055 382 64 85 84
1055 895 68 73 71
1055 1667 23 87 34
1079 439 53 69 69
1079 1920 60 92 80
1057 276 63 92 86
1057 1642 73 97 95
1642 524 63 93 78
1642 1348 67 77 74
1642 620 88 91 88
1642 1574 16 68 26
1642 1619 53 72 66
1642 1968 64 82 71
1642 1377 12 29 19
1642 453 32 94 59
1130 225 78 93 78
1130 1634 35 42 38
1130 1837 63 65 65
1158 395 44 57 57
1158 1962 78 79 79
1158 28 35 96 75
1158 1137 54 91 54
1158 1566 92 100 94
1158 1989 90 98 98
1158 1593 10 39 14
1503 581 11 20 17
1503 652 63 87 73
1503 1716 35 79 49
1503 1276 62 86 74
1070 250 33 72 42
1070 226 67 87 81
1071 508 23 58 33
1071 37 21 51 30
1071 1005 23 38 35
1071 1094 47 74 64
1785 940 46 75 71
1785 1284 16 41 17
1785 619 92 96 96
1785 1096 33 100 62
1078 12 64 80 70
1078 842 59 62 62
1078 71 80 97 94
1078 472 40 85 42
1725 1191 86 99 94
1725 1002 71 80 76
1725 1526 14 82 33
1725 1511 20 73 23
1990 1945 94 99 97
1990 1394 51 73 59
1990 81 72 86 77
1990 4 30 82 60
1083 565 22 29 29
1085 70 12 82 46
1085 1696 61 82 75
1696 507 76 98 92
1696 759 88 100 94
1696 1166 38 92 58
1696 1669 72 99 89
1696 1248 92 99 96
1696 1543 18 60 38
1696 1175 50 94 57
1696 1278 20 59 23
1087 314 77 97 84
1087 863 17 89 77
1087 1926 77 88 88
1088 130 40 94 66
1088 1150 40 90 85
1760 1585 87 96 89
1760 1786 82 99 90
1760 1176 76 91 90
1432 79 13 48 45
1432 1139 81 94 81
1432 41 27 69 57
1402 418 67 96 82
1402 317 59 65 63
1402 1586 18 65 39
1818 326 60 72 71
1251 1390 22 71 62
1251 1147 20 47 26
1630 871 48 62 61
1630 1527 57 61 58
1102 1581 77 91 84
1102 1584 20 87 20
1102 518 93 96 95
1102 1780 72 92 79
1103 1000 59 73 69
1103 1748 19 63 57
1103 995 37 81 49
1103 1106 85 88 85
1792 673 15 28 24
1108 752 94 96 96
1108 1270 66 87 76
1108 1196 18 100 58
1108 1843 57 78 75
1196 1963 44 59 57
1196 540 61 63 62
1196 1877 56 95 82
1196 403 54 96 77
1196 400 73 85 85
1843 284 56 63 61
2006 531 13 29 21
2006 1896 45 89 60
2006 262 42 82 75
1114 289 66 79 66
1114 963 89 100 98
1114 152 11 99 33
1889 685 81 100 88
1889 669 46 92 76
1889 1562 37 85 68
1889 1727 73 90 86
1889 1705 53 67 57
1889 1718 55 67 57
1359 1578 75 79 79
1359 327 42 99 56
1359 1460 11 63 25
1121 276 88 99 93
1121 1030 73 96 77
1121 1385 90 100 93
1121 1128 17 35 17
1385 1586 47 98 59
1385 1642 18 79 52
1385 1133 68 97 96
1385 792 25 34 31
1385 236 85 92 85
1385 1121 34 60 56
1385 827 48 88 83
1345 749 52 75 63
1345 188 69 100 71
1351 1404 77 93 82
1351 232 78 99 86
1351 1292 31 47 38
1592 980 47 79 51
1132 305 31 61 48
1132 1319 65 74 66
1132 755 80 83 83
1134 144 49 56 56
1134 1999 56 98 63
1134 1982 84 92 85
1999 937 35 84 71
1999 574 49 94 51
1999 507 95 97 95
1999 1830 62 96 93
1999 638 85 95 87
1854 863 54 64 59
1141 790 87 96 91
1144 1196 13 96 68
1144 450 40 68 40
1144 179 38 64 62
1144 413 45 69 53
1144 728 72 91 90
1144 1465 75 79 75
1199 1763 27 47 41
1199 1570 22 59 50
1199 671 45 65 50
1199 1386 73 86 81
1147 1928 21 47 33
1147 192 40 70 58
1147 147 75 92 81
1147 17 57 84 68
1149 446 90 92 90
1149 1227 93 94 94
1164 687 62 68 63
1164 307 20 48 35
1165 1855 68 90 73
1165 291 69 85 79
1855 37 63 73 69
1855 1028 30 49 46
1855 796 92 98 92
1855 816 17 51 41
1168 1489 62 79 62
1168 1961 38 73 59
1168 1502 45 58 56
1168 1873 73 88 85
1168 481 94 96 96
1447 1860 32 56 35
1447 1651 27 56 43
1447 1982 69 99 92
1447 1371 75 99 78
1531 1300 55 89 68
1531 91 34 90 72
1531 493 38 94 63
1531 1779 80 91 83
1721 665 84 86 86
1721 761 34 61 61
1183 417 60 61 60
1183 191 82 83 83
1183 472 43 56 45
1183 1954 55 69 65
1828 1896 33 68 46
1828 1137 93 97 95
1828 432 29 40 34
1186 1864 34 76 70
1186 1384 92 100 93
1186 953 44 90 77
1186 1342 20 68 20
1186 371 82 89 83
1354 1106 27 79 70
1354 1747 70 88 82
1386 1147 44 51 46
1386 542 80 87 81
1386 1206 69 84 75
1200 1068 39 50 45
1200 185 66 72 68
1200 697 88 95 89
1200 897 41 57 53
1201 561 25 98 93
1201 1655 73 90 90
1201 1624 56 69 58
1202 485 62 84 63
1202 511 18 37 28
1202 857 62 85 84
1202 910 15 56 32
1457 1275 71 92 77
1457 462 55 85 58
1911 1318 33 75 55
1911 365 71 83 77
1911 354 14 72 15
1304 1187 95 97 95
1304 193 52 95 66
1304 1135 31 48 35
1495 606 33 96 73
1588 1202 36 67 40
1215 722 37 81 78
1215 609 71 88 74
1215 65 44 66 49
1215 1706 23 63 47
1215 1714 89 97 97
1219 1986 85 86 86
1219 74 42 51 46
1224 1037 36 68 54
1224 14 85 88 85
1226 284 94 95 95
1226 1874 61 72 72
1226 1115 55 95 75
1226 1659 64 93 81
1659 659 84 99 86
1659 1298 64 80 65
1659 2003 58 62 59
1659 612 56 97 95
1659 285 44 55 53
1659 351 77 90 88
1659 832 20 34 21
1230 1834 19 37 23
1230 846 18 27 20
1230 1440 75 93 87
1230 1761 91 97 93
1761 440 17 89 18
1761 1592 12 28 27
1231 1598 45 49 45
1231 1406 74 86 82
1231 1551 33 53 40
1231 32 80 94 93
1234 168 70 86 74
1234 1069 47 58 58
1234 316 84 95 95
1234 272 49 90 84
1234 1115 70 73 71
1949 1081 57 63 57
1949 1350 52 92 78
1949 1637 59 87 76
1949 1762 79 80 80
1949 916 27 98 43
1949 1182 23 79 38
1398 1969 81 100 83
1398 884 88 93 91
1398 938 38 55 51
1398 119 43 63 61
1250 622 95 100 97
1250 1576 38 64 42
1929 179 27 72 66
1929 1261 13 64 25
1929 81 19 72 55
1929 271 48 58 52
1929 824 87 96 96
1393 153 46 65 55
1393 708 86 92 92
1264 1531 43 89 66
1264 1225 28 83 80
1264 1717 18 75 25
1845 1708 26 81 45
1845 1549 73 79 74
1816 302 58 60 58
1302 645 77 82 79
1302 1544 34 77 44
1302 1090 89 90 90
1335 578 87 89 89
1272 1795 17 69 37
1273 55 69 75 73
1273 1668 23 24 24
1273 1889 93 94 93
1273 1864 63 69 63
1668 415 42 89 79
1668 1903 76 97 77
1274 1912 38 72 45
1299 305 54 62 58
1299 1702 50 75 73
1299 178 39 53 42
1299 730 16 43 36
1299 1731 79 89 82
1299 550 30 34 33
1278 1995 60 73 61
1278 695 47 57 57
1278 844 34 54 48
1711 1928 90 96 93
1711 1847 35 83 69
1711 1470 33 56 37
1711 946 45 56 46
1711 343 28 31 28
1284 1844 22 32 25
1285 1308 24 70 44
1338 1276 40 67 49
1338 1696 64 78 75
1338 693 90 92 91
1288 868 22 44 22
1288 1030 86 87 86
1288 1619 81 89 82
1288 793 39 45 45
1288 1375 18 53 49
1288 1187 27 42 30
1375 1259 22 28 28
1375 1577 34 64 39
1375 629 83 94 86
1375 1457 83 89 88
1375 1483 78 96 88
1375 155 41 48 41
1291 1861 10 51 31
1291 186 57 76 71
1291 732 26 50 42
1861 1121 81 91 82
1519 1685 60 95 61
1519 459 36 40 38
1519 1513 90 95 95
1519 373 82 94 84
1984 1221 25 55 28
1984 427 14 76 74
1984 1419 64 86 65
1301 1612 31 72 66
1612 1490 42 49 43
1612 1561 27 99 98
1612 489 33 34 33
1303 261 23 75 66
1303 173 54 100 93
1303 642 74 83 78
1303 1463 36 68 68
1310 1962 87 90 87
1310 603 38 76 41
1310 1820 26 36 30
1820 1053 23 26 23
1820 1159 27 46 36
1820 751 90 96 94
1312 1625 63 99 66
1312 1538 10 69 24
1826 1386 35 70 55
1324 627 47 62 51
1324 1164 52 72 72
1324 1717 41 100 77
1324 892 21 54 28
1324 1309 56 89 67
1632 1763 29 52 38
1632 1928 77 94 89
1632 1231 87 100 96
1364 1456 91 92 91
1364 796 71 91 76
1364 407 32 98 73
1734 260 86 95 93
1391 1960 18 44 20
1356 1479 75 85 78
1356 1294 88 96 88
1356 1822 50 69 68
1362 1985 70 78 75
1362 1555 67 98 87
1362 1250 42 86 56
1985 981 81 100 86
1985 444 28 53 35
1456 1054 19 52 25
1456 1961 15 47 35
1456 1207 63 68 64
1456 1172 83 86 84
1456 1178 69 72 71
1456 687 76 93 79
1456 1455 46 61 57
1456 817 85 99 89
1371 1710 32 85 83
1371 610 21 100 22
1483 1437 37 50 42
1483 1425 14 15 15
1483 1073 33 56 56
1483 1202 95 98 96
1537 1755 19 46 40
1537 1881 52 53 52
1537 897 89 96 93
1377 1441 56 88 82
1739 20 88 99 90
1739 528 24 94 84
1739 107 66 90 71
1382 104 22 66 27
1382 1721 43 47 45
1382 349 11 87 24
1388 1543 67 99 67
1388 1869 72 74 74
1665 1373 51 82 59
1665 1402 35 77 41
1396 1960 77 82 80
1396 16 15 66 64
1396 726 44 70 55
1397 1258 13 64 30
1397 1466 15 24 18
1397 10 38 51 44
1403 1700 23 68 25
1403 1021 57 77 77
1751 1903 23 57 26
1751 1358 40 59 54
1751 1652 38 85 52
1751 809 47 73 65
1417 1457 42 90 63
1629 1447 15 80 48
1629 894 76 91 88
1629 360 20 33 31
1629 919 78 80 78
1629 453 33 38 33
1629 1867 56 68 59
1425 592 53 91 70
1425 678 81 100 83
1425 1327 53 63 63
1425 1875 44 50 46
1708 1314 61 87 82
1429 1391 92 100 99
1429 1397 81 83 81
1431 1916 35 59 51
1434 99 44 53 44
1434 1610 82 95 84
1794 557 57 64 58
1794 673 35 79 48
1794 1313 54 80 64
1695 1796 55 67 65
1695 1042 67 80 72
1860 792 76 93 79
1451 109 10 68 46
1741 1978 78 84 80
1741 895 48 83 60
1741 1676 92 100 94
1741 968 71 90 72
1741 275 17 57 40
1461 237 15 95 62
1461 1988 88 93 89
1461 37 20 36 35
1461 1816 14 82 66
1461 1064 50 98 86
1461 1074 77 78 78
1461 1270 39 58 52
1464 6 14 27 14
1464 722 57 96 90
1464 1998 59 85 59
1464 399 31 49 45
1464 1286 86 94 90
1998 440 64 77 69
1998 1330 68 98 75
1998 664 69 99 86
1474 446 34 64 51
1474 1298 32 91 89
1474 290 25 36 30
1474 441 37 85 71
1956 604 60 86 86
1556 1567 66 75 69
1556 1682 23 33 27
1556 1669 14 22 17
1556 1978 56 82 62
1484 100 69 71 70
1488 1681 17 98 55
1488 1643 83 85 84
1488 1282 55 92 74
1681 1869 25 62 31
1490 837 20 41 23
1613 765 40 66 53
1613 2005 87 90 89
1494 1430 88 98 96
1494 1307 55 96 61
1494 999 36 98 78
1494 209 70 74 70
1498 1782 16 87 69
1498 1771 37 52 48
1498 1905 11 70 36
1498 1966 32 96 80
1498 719 11 43 13
1498 169 90 98 93
1498 1182 69 100 74
1779 1182 73 85 78
1779 868 50 59 54
1779 174 31 85 62
1779 1738 68 87 82
1504 1638 56 75 63
1504 499 66 93 82
1504 981 86 95 91
1510 1584 57 96 77
1510 332 15 90 43
1515 1750 60 84 61
1515 1617 50 86 70
1750 1914 37 59 58
1750 1147 84 90 90
1518 228 94 98 96
1518 845 41 56 45
1518 1070 15 76 72
1518 1779 41 68 42
1847 1416 11 82 64
1847 1350 52 76 76
1847 872 59 81 59
1849 2006 36 82 82
1849 217 67 87 77
1849 2000 25 53 39
1849 873 55 81 80
1528 1868 51 63 63
1528 900 49 69 58
1528 1106 60 97 95
1528 85 42 81 70
1881 1049 39 57 43
1881 1659 60 77 69
1684 1872 72 76 72
1684 1484 56 74 73
1684 1549 87 90 88
1684 1283 45 55 45
1684 208 42 53 43
1567 1184 56 82 70
1669 1442 74 94 75
1569 681 69 88 74
1569 1908 85 91 85
1569 1795 60 92 64
1575 995 65 71 70
1898 1345 75 92 83
1898 1503 48 84 72
1898 154 55 62 60
1898 363 30 37 30
1579 239 41 97 74
1660 924 16 52 44
1660 1396 37 88 64
1660 515 45 53 52
1732 1271 84 96 86
1732 1445 47 68 51
1732 135 74 93 82
1862 718 94 97 94
1862 1289 43 64 53
1862 1267 86 98 95
1614 986 37 65 40
1614 810 26 97 91
1614 197 56 87 81
1615 1814 57 86 82
1615 7 11 50 15
1615 814 95 99 95
1622 1600 22 78 27
1622 1325 69 96 76
1622 834 30 34 33
1622 505 89 90 90
1626 1026 11 44 43
1626 471 69 78 78
1626 1420 41 99 63
1784 598 89 96 91
1784 1401 10 49 39
1784 552 65 83 70
1744 752 16 50 46
1641 1765 45 83 63
1641 1780 14 47 43
1641 522 60 92 82
1641 1223 75 94 92
1641 263 92 97 93
1641 1569 30 44 40
1641 544 79 90 80
1991 247 75 88 78
1991 1704 73 96 96
1991 1309 50 63 63
1670 1374 75 91 86
1670 160 31 44 42
1670 349 39 63 47
1670 1851 59 99 64
1670 1224 64 69 67
1841 526 63 91 79
1841 1492 73 91 90
2003 638 50 68 60
2003 1856 53 100 60
2003 1740 63 78 75
2003 575 26 42 35
1662 20 40 47 45
1662 1467 59 78 63
1662 1850 60 64 60
1662 435 44 85 58
1662 1760 57 60 59
1678 788 50 98 73
1678 393 83 97 90
1872 1498 21 67 43
1872 408 10 94 20
1872 352 40 46 45
1872 1045 24 62 37
1694 251 21 40 30
1694 1343 95 98 97
1694 224 60 93 64
1694 1225 71 76 75
1694 358 87 98 95
1704 1462 27 56 45
1704 1782 39 72 68
1735 1831 12 96 28
1738 485 49 83 77
1738 424 92 93 92
1738 807 42 94 68
1742 1580 23 81 81
1742 230 84 100 88
1742 1031 58 62 60
1743 361 40 55 55
1743 1053 92 96 92
1749 1378 34 63 54
1749 1144 93 100 99
1749 1868 53 72 59
1749 896 67 100 69
1759 52 94 95 94
1759 1171 82 87 86
1759 1724 22 38 35
1759 707 20 23 22
1762 306 15 80 44
1762 1784 19 100 57
1762 1707 46 90 54
1762 1611 54 94 65
1762 1822 17 22 22
1764 1732 61 99 92
1764 788 20 88 82
1775 708 50 70 52
1775 489 30 72 31
1789 1893 81 97 90
1798 377 37 72 69
1798 11 42 74 51
1798 347 79 84 83
1804 1885 57 68 59
1804 328 91 92 91
1805 902 95 99 95
1805 1688 21 33 33
1805 1367 28 49 44
1813 1176 19 100 26
1813 1915 72 86 77
1827 531 41 59 54
1827 451 79 81 79
1829 1522 77 100 83
1829 364 84 97 86
1835 610 77 93 77
1835 469 22 52 52
1835 169 26 44 36
1852 429 76 77 76
1852 821 58 65 64
1852 237 36 100 81
1852 396 20 77 38
1859 1517 77 97 93
1977 789 22 97 96
1977 1746 23 61 36
1977 585 19 59 31
1886 1780 27 30 28
1886 1198 18 71 36
1890 308 32 79 61
1890 317 65 68 66
1917 1179 91 92 92
1921 1844 93 100 95
1921 127 72 76 76
1921 1693 26 97 73
1923 1657 93 96 95
1923 1381 62 97 64
1923 508 12 40 39
1934 739 61 64 63
1947 182 75 97 75
1965 1532 93 98 95
1965 304 66 77 68
1972 109 89 92 89
1972 1534 83 84 83
1972 646 54 63 56
1972 1083 55 75 63
1972 1595 13 44 26
1972 1946 62 89 69
1987 706 79 83 82
1987 4 49 93 86
1987 946 58 79 69
0 2006
