17 47
0 16 64 83 70
0 5 34 98 87
0 15 42 51 51
16 9 28 62 28
16 7 75 98 86
16 0 82 91 82
16 11 10 53 15
5 8 61 96 94
5 15 10 86 79
5 12 63 100 80
15 1 80 99 83
15 6 16 43 30
15 14 45 100 47
1 9 35 51 40
1 3 38 69 52
1 8 92 97 94
9 4 86 89 87
3 5 27 77 41
3 11 74 93 82
8 5 55 85 82
2 7 55 100 77
2 4 65 68 67
7 12 71 87 72
7 16 16 44 41
4 2 16 22 16
4 0 87 88 88
4 14 93 100 96
4 9 47 79 52
11 8 34 52 50
11 2 31 60 34
11 14 49 80 50
14 15 65 92 85
14 6 21 38 37
12 13 39 87 75
12 8 94 98 94
12 14 71 86 73
12 1 93 98 97
12 3 81 99 87
6 11 91 99 99
6 3 54 78 67
10 14 77 94 77
10 8 53 96 72
10 4 68 69 68
10 1 54 60 60
13 9 56 91 85
13 0 89 97 93
13 7 40 60 43
0 16
