442 819
0 306 70 96 71
0 279 21 24 24
306 39 58 71 61
306 173 92 95 95
279 240 60 92 84
279 410 60 70 62
1 313 42 52 45
313 366 28 53 53
313 180 83 93 92
2 312 36 87 37
2 240 36 82 54
312 298 27 53 41
312 196 70 73 73
312 340 20 96 22
240 432 92 99 93
3 383 45 76 73
383 130 94 99 98
4 369 26 46 41
4 50 58 96 60
369 383 24 70 68
369 264 88 91 91
369 362 30 72 69
369 427 61 64 64
50 213 66 84 74
50 150 41 52 41
50 158 78 92 80
5 237 85 92 86
5 244 87 89 88
5 335 32 46 37
237 155 54 79 62
237 104 12 70 36
244 26 28 73 61
335 188 38 82 41
6 191 92 93 93
191 164 21 37 36
7 103 24 56 24
103 319 63 85 84
103 176 59 61 61
8 296 78 84 83
8 348 44 57 49
8 44 87 93 89
8 311 63 73 63
296 102 34 47 45
296 30 61 72 61
348 120 75 98 77
348 173 54 69 60
44 380 38 55 41
44 345 50 92 80
44 437 60 77 60
311 201 11 83 47
311 364 54 62 57
311 20 42 44 44
9 48 51 60 55
48 216 21 52 23
10 41 79 82 82
10 276 20 97 79
41 214 19 31 19
41 351 21 41 31
41 4 17 19 18
276 135 35 37 37
276 361 37 65 62
276 5 30 54 35
276 99 91 94 92
276 434 48 85 48
11 35 10 20 12
12 340 73 87 75
12 169 39 90 47
12 131 76 89 84
340 249 84 90 90
169 110 95 96 95
169 48 95 97 96
13 11 90 91 91
15 43 87 98 90
15 119 82 92 89
43 145 90 99 95
119 59 67 93 76
16 5 11 15 12
16 163 23 66 66
16 224 19 42 20
163 224 89 96 93
224 193 23 74 66
17 179 46 92 47
179 135 11 26 14
179 141 57 83 63
18 437 52 55 52
437 422 31 67 46
437 312 25 85 25
21 226 52 74 67
226 167 77 98 78
23 405 42 82 64
23 87 14 85 69
405 259 86 89 88
405 317 37 78 51
87 184 69 91 83
87 349 63 93 64
87 343 68 98 86
24 418 21 23 22
24 111 10 64 32
418 275 26 63 51
111 307 77 97 90
111 342 71 90 74
111 421 61 99 86
25 164 64 95 79
25 149 25 87 66
164 302 34 99 86
164 8 72 94 91
164 350 44 46 45
164 213 31 64 36
164 352 48 50 49
149 150 55 60 57
26 428 82 95 93
26 134 16 72 33
26 417 48 77 57
428 119 27 40 36
134 404 73 81 73
417 30 82 85 85
29 393 33 66 50
29 382 36 56 48
29 92 17 96 71
393 219 94 99 95
393 144 92 97 97
382 77 42 73 70
382 224 72 96 96
382 37 12 55 40
92 80 60 69 61
92 101 75 81 79
92 184 94 100 97
92 335 43 76 43
32 363 76 78 78
32 336 11 68 34
363 141 40 74 68
363 120 58 76 59
336 233 85 94 86
33 52 88 97 91
52 129 36 84 69
52 147 72 75 73
34 295 86 91 91
34 63 14 42 16
295 334 37 45 38
295 79 61 83 65
295 56 60 79 73
63 104 67 88 72
63 33 37 42 42
36 71 52 57 56
36 144 48 78 72
36 419 20 76 23
36 230 68 88 76
71 409 28 59 33
144 439 20 38 34
144 82 31 42 33
144 197 28 53 40
144 16 32 64 63
419 182 33 96 60
419 411 24 60 54
419 22 89 91 89
230 140 93 96 93
37 169 73 76 74
38 280 35 68 48
280 85 52 67 61
280 332 79 81 79
39 117 70 92 92
39 240 66 94 75
117 215 19 89 70
117 439 22 75 28
40 229 83 96 85
40 346 35 92 68
40 260 84 94 92
229 234 36 75 53
346 350 94 100 96
260 119 41 42 41
214 399 68 69 69
214 309 47 65 53
351 379 30 100 90
42 253 39 40 40
42 89 66 71 66
253 297 92 96 95
253 325 91 97 92
89 365 26 56 41
89 32 92 99 96
89 210 90 99 92
89 147 22 33 22
89 221 25 77 60
145 197 79 98 91
380 268 19 23 23
380 16 33 91 53
345 404 37 94 52
45 341 27 62 43
46 348 47 73 72
47 363 76 95 79
47 56 52 53 52
56 141 27 88 42
216 96 48 59 54
49 23 24 33 26
213 359 17 70 21
150 311 45 75 58
51 312 57 80 76
51 326 18 81 62
51 113 51 76 60
51 215 93 99 98
51 433 17 93 31
113 277 11 98 80
113 432 22 50 50
215 348 67 92 90
215 294 79 83 82
215 437 44 69 61
215 223 49 64 50
215 279 39 79 50
433 264 82 84 83
433 8 52 85 64
129 387 56 80 65
129 349 40 63 53
147 273 41 89 80
53 188 81 87 81
53 215 67 81 72
188 82 25 31 25
54 264 71 78 77
264 411 94 95 94
55 60 26 41 38
55 219 14 70 57
60 63 30 85 39
60 181 14 67 50
60 118 49 93 88
60 216 11 95 49
60 15 48 80 69
141 257 46 78 76
57 232 14 62 55
232 144 95 99 95
232 394 43 72 64
58 289 61 82 70
58 325 32 46 44
289 100 31 58 54
289 96 75 93 88
289 160 70 97 75
325 421 24 74 62
325 151 10 11 10
59 178 27 32 30
59 113 63 91 68
178 39 18 91 81
178 200 71 94 84
181 358 91 97 94
181 109 40 64 51
118 364 85 89 88
118 277 12 66 64
118 420 66 84 81
62 136 71 95 83
62 393 85 88 85
62 50 72 84 72
104 300 15 42 18
104 215 25 63 47
104 394 41 89 59
65 392 33 41 35
65 280 55 93 88
65 247 72 78 75
392 276 55 79 75
392 413 23 36 28
392 261 58 69 66
247 325 27 52 49
247 269 80 93 88
66 326 93 96 94
67 135 20 68 20
67 346 30 86 39
67 386 67 100 100
135 428 77 100 94
386 70 42 98 74
386 159 12 60 60
386 74 74 89 85
68 134 39 49 49
68 187 25 79 61
69 94 93 96 93
69 276 66 80 75
94 293 23 83 69
94 375 30 76 36
70 48 43 51 51
70 227 64 66 64
70 320 19 55 37
227 323 76 79 78
227 157 25 75 71
320 400 52 74 55
320 321 38 89 53
320 166 14 86 59
320 149 89 92 92
320 282 80 86 86
409 193 49 78 65
409 159 19 92 75
73 153 81 85 84
73 386 37 54 44
153 55 65 86 71
153 262 95 100 95
153 29 86 93 93
74 321 93 94 94
74 64 17 90 41
74 326 77 85 85
74 57 67 85 76
74 110 46 94 66
74 187 48 88 74
74 153 65 67 66
74 313 85 87 85
74 200 18 37 36
321 361 29 74 52
321 2 43 86 74
321 264 44 88 81
110 411 87 95 90
110 418 94 95 95
110 435 83 87 83
200 182 73 98 73
200 26 84 93 89
76 11 32 62 36
76 197 37 60 57
76 99 61 83 73
197 210 81 95 93
197 371 91 92 92
78 158 58 92 59
78 234 65 76 73
78 228 49 83 58
78 139 69 91 71
228 194 76 88 85
139 55 61 99 81
139 406 69 93 89
139 236 43 90 85
139 209 51 70 70
79 323 15 26 20
323 420 77 92 87
323 401 75 90 75
80 91 44 77 70
81 103 69 98 81
81 27 67 86 74
81 105 25 85 64
81 339 26 92 48
81 21 59 74 69
105 4 26 84 35
105 224 89 97 96
339 268 29 65 29
339 200 43 69 47
339 13 23 74 55
339 196 38 66 41
82 246 78 96 86
82 223 10 18 14
82 123 57 93 61
246 94 20 97 23
246 334 70 99 94
223 3 39 94 49
223 20 13 46 18
223 148 70 99 81
123 94 10 45 19
83 356 10 24 19
83 22 10 45 42
84 328 89 91 91
328 139 65 98 71
328 80 69 96 78
86 255 76 85 76
86 245 55 71 66
86 323 67 94 80
86 321 31 67 56
86 284 65 68 67
86 394 65 73 70
255 71 11 55 11
245 378 53 83 58
284 415 86 87 86
284 372 25 37 28
284 437 44 52 46
394 367 51 65 51
394 236 40 62 61
184 44 93 100 95
184 99 37 76 59
184 392 11 19 16
349 124 60 69 68
349 293 75 97 88
343 47 38 66 51
343 16 31 75 48
343 277 66 99 82
88 43 65 86 81
365 280 79 100 86
365 52 47 88 61
210 354 18 90 68
90 107 47 70 57
90 35 59 97 77
107 82 42 72 56
101 242 72 84 72
101 431 14 26 26
93 21 63 73 70
293 144 46 92 66
375 100 84 91 90
375 193 38 55 49
375 203 23 61 58
375 247 72 79 72
95 369 73 88 83
95 79 73 95 91
96 146 28 77 57
146 437 65 78 72
146 274 36 82 74
97 88 92 93 92
97 166 36 87 36
98 65 29 71 37
98 252 12 50 47
252 122 82 99 97
252 165 64 74 74
252 347 25 61 30
100 300 86 88 86
300 8 52 82 56
300 181 52 85 75
242 34 50 91 68
242 407 47 91 61
102 365 61 95 90
102 120 67 90 80
102 167 64 78 65
120 441 64 78 67
120 319 16 87 33
120 434 20 24 21
120 313 15 83 64
167 204 86 100 95
167 297 61 92 66
167 438 76 100 79
167 189 89 92 90
167 133 91 99 98
319 440 38 72 54
176 233 13 23 22
176 174 82 83 83
106 321 60 65 64
106 391 72 89 81
106 300 74 100 90
108 286 92 100 94
108 233 94 99 97
108 73 34 80 37
286 289 15 42 19
286 8 13 88 78
286 267 67 75 68
286 90 26 63 41
233 62 21 28 25
233 139 15 55 52
233 329 52 70 60
233 165 50 58 55
109 206 85 89 86
206 361 84 87 86
206 232 57 95 81
411 323 32 86 45
411 190 14 37 26
411 218 74 95 82
307 103 90 93 91
307 343 81 89 88
307 208 19 73 48
307 241 89 95 93
342 353 74 96 92
421 358 66 75 71
421 247 44 46 45
421 101 11 78 76
421 28 47 51 51
421 428 17 26 17
421 336 17 98 98
112 114 46 85 76
114 211 66 72 72
277 160 85 92 91
277 227 45 75 71
115 190 72 78 75
115 167 44 54 53
115 392 57 67 62
190 53 76 92 81
190 325 12 25 16
116 432 16 62 50
439 118 10 11 10
439 26 17 39 19
364 303 13 23 21
420 151 46 98 49
420 389 35 42 37
420 291 47 53 47
441 74 43 65 57
441 108 66 78 75
441 276 21 65 34
121 312 57 71 61
121 83 41 80 59
122 288 12 72 33
125 263 43 60 54
125 423 80 100 81
263 378 57 100 82
423 383 19 20 20
126 96 62 70 68
126 191 88 94 88
127 120 78 81 79
127 326 16 32 21
127 25 74 77 76
128 326 81 99 99
128 15 63 85 76
128 277 50 68 51
128 311 13 32 22
128 172 26 95 35
128 411 20 82 20
172 418 64 91 71
172 383 69 98 97
172 196 15 38 28
172 65 32 61 55
387 65 79 81 81
132 398 46 93 81
132 10 95 96 96
132 181 15 49 32
398 249 70 94 73
398 285 48 89 54
133 141 19 83 43
133 28 12 14 12
404 105 61 65 62
404 375 63 78 72
138 359 73 93 90
138 44 46 76 54
138 403 81 96 87
359 244 13 70 49
403 108 73 74 74
406 113 62 88 63
236 11 92 100 100
209 91 59 75 73
209 148 30 78 74
257 393 66 80 74
257 230 74 95 81
257 142 88 93 91
142 41 26 77 36
142 370 86 92 88
142 33 69 87 79
142 377 55 71 68
370 158 41 56 55
370 382 78 94 84
370 230 37 45 44
377 413 57 76 66
377 45 43 99 58
377 166 24 93 80
377 409 17 53 45
143 37 63 76 65
143 189 50 83 54
143 381 87 97 91
189 309 37 60 39
189 343 64 95 75
381 256 72 83 80
381 287 90 91 90
274 312 50 72 72
274 102 50 95 65
273 427 23 91 51
151 102 57 70 59
151 200 82 93 85
151 172 27 99 98
151 375 88 97 91
151 332 14 23 18
332 5 55 74 69
332 320 16 95 47
152 84 25 77 48
152 269 48 57 49
152 167 14 27 18
269 365 60 73 62
269 260 64 73 64
269 218 13 34 22
262 336 22 47 33
262 237 71 95 86
262 392 62 85 73
154 421 14 68 46
154 101 10 75 22
155 373 88 93 91
156 52 19 88 48
156 381 43 51 43
156 105 39 47 46
157 309 80 87 80
157 52 30 43 35
309 200 73 94 86
159 299 16 91 55
160 124 21 84 26
160 19 35 39 35
160 337 85 99 94
160 316 75 81 76
160 40 75 89 75
337 99 56 87 81
316 240 49 73 60
316 33 78 88 84
161 159 87 91 90
161 284 58 72 69
161 29 29 75 54
161 67 82 87 83
162 407 41 98 93
162 208 44 64 58
162 180 20 65 25
162 173 76 84 83
162 54 28 88 60
407 0 66 89 76
407 413 42 87 58
208 319 46 89 58
173 435 62 71 62
302 311 71 89 88
350 127 22 88 25
350 24 16 49 47
350 307 22 66 63
352 18 72 85 75
165 100 44 82 78
165 101 72 100 97
165 148 93 100 99
165 312 68 92 69
204 365 65 93 82
438 179 62 72 63
170 101 48 83 71
171 308 17 38 17
308 436 79 80 80
196 372 53 79 66
174 18 74 83 83
174 64 19 26 19
175 424 35 72 39
177 3 20 34 29
177 421 31 76 34
182 22 43 90 87
183 395 26 66 34
183 59 55 69 68
395 103 71 98 71
185 206 79 89 82
193 68 12 42 25
194 45 22 39 39
194 7 55 58 57
194 39 55 67 61
194 173 11 58 52
194 154 66 79 73
195 231 61 69 66
231 193 72 80 73
372 278 37 79 70
372 57 17 86 66
371 277 70 93 91
198 142 74 93 82
198 10 15 52 24
199 7 58 59 59
201 50 45 70 45
202 438 62 66 66
203 145 56 85 62
203 86 55 61 56
203 285 56 69 66
285 402 65 80 73
285 127 39 96 49
205 159 19 61 57
205 405 88 92 91
361 63 57 63 62
361 219 28 33 33
361 171 42 96 65
361 247 64 78 73
361 26 78 97 95
207 435 42 72 62
207 239 55 71 62
207 294 88 89 88
207 392 65 88 74
239 97 46 77 70
239 75 11 50 14
294 156 64 76 76
294 183 30 37 33
294 288 40 96 57
294 245 25 26 26
294 435 66 73 66
294 345 95 97 96
354 425 92 95 92
212 241 17 88 55
212 307 49 86 78
241 155 35 78 69
241 230 55 80 78
399 204 50 57 55
399 317 85 91 86
399 386 36 60 60
399 217 10 66 23
399 235 35 93 79
217 310 35 75 63
217 103 48 73 73
217 33 43 45 45
217 348 30 69 37
310 21 10 52 21
310 131 69 83 70
310 61 32 49 37
218 284 83 93 92
218 28 38 45 38
220 329 91 93 92
220 334 63 81 71
220 37 53 74 56
220 292 21 23 21
220 193 63 96 90
220 320 73 95 87
292 51 45 61 58
292 319 60 77 60
222 390 89 92 92
222 395 57 81 75
390 354 20 96 96
225 253 80 90 89
225 103 65 88 87
225 413 10 47 32
225 89 17 88 26
413 40 64 74 66
413 262 21 54 28
235 384 69 77 72
235 396 78 85 85
384 124 23 83 67
384 122 92 97 95
396 244 92 94 93
396 390 74 81 76
396 420 77 88 88
238 220 82 91 89
243 314 64 67 67
243 259 92 93 92
243 70 46 58 46
243 266 75 83 81
266 84 72 82 73
378 126 27 68 34
378 163 25 40 28
378 300 21 64 44
248 304 79 100 99
248 435 86 92 90
248 61 42 89 53
248 244 64 98 77
248 245 24 31 25
248 144 16 19 19
248 400 70 80 80
248 210 79 89 89
304 368 44 59 57
304 372 83 88 85
400 256 94 99 99
400 272 53 57 53
400 407 91 98 95
249 179 73 81 73
250 125 36 99 54
250 88 18 36 28
250 81 36 73 52
250 36 83 85 83
251 336 92 99 99
347 255 25 76 73
347 5 31 37 37
347 328 32 66 34
347 110 10 59 29
254 136 73 99 96
254 119 89 98 96
254 346 25 33 31
258 226 65 93 89
258 343 26 35 31
258 428 34 68 51
265 346 36 68 52
265 305 14 33 16
267 44 71 80 72
267 345 50 56 51
268 260 66 73 69
268 344 33 39 35
268 367 32 35 33
367 400 58 67 64
367 113 28 44 30
270 301 56 96 64
301 86 92 98 96
271 239 19 34 28
271 297 41 60 54
271 7 95 96 95
272 56 90 93 92
427 209 76 93 92
275 233 62 71 67
278 297 87 97 90
278 396 82 94 90
278 277 76 91 79
281 234 12 66 51
281 368 60 62 62
281 184 30 84 67
281 364 36 46 43
281 5 91 96 96
368 338 65 86 76
368 41 74 87 81
283 421 86 97 86
283 254 19 56 49
415 247 92 93 92
415 194 80 94 93
287 103 89 100 96
291 85 88 100 90
291 356 42 61 42
291 35 84 91 90
291 168 65 76 75
298 121 69 73 72
298 425 89 97 92
425 80 45 94 77
425 343 53 70 62
303 20 79 86 86
303 427 67 83 69
303 93 62 64 64
436 291 44 56 44
436 194 32 33 32
436 282 94 100 96
366 129 68 81 78
317 14 15 16 15
317 98 37 90 72
318 246 18 31 30
318 165 75 81 80
318 24 53 64 59
318 15 74 100 98
440 123 11 42 32
440 221 48 92 69
440 4 29 67 50
440 154 79 90 90
322 352 53 57 54
401 70 93 99 94
324 177 88 100 97
327 64 61 75 61
330 426 58 89 83
330 359 29 73 44
330 147 69 88 69
330 189 39 79 40
330 125 57 100 86
331 133 73 74 74
331 35 38 61 57
331 267 74 83 78
333 242 15 82 34
333 3 47 82 48
333 199 19 40 28
353 53 39 97 43
379 337 17 31 17
355 340 74 94 94
357 260 25 64 37
362 204 34 76 65
362 328 48 93 50
376 110 56 66 64
385 335 93 97 93
388 162 62 67 66
388 298 30 37 34
389 352 36 91 72
389 71 38 77 53
389 332 43 50 44
389 258 21 53 41
397 109 44 82 54
412 415 77 79 79
412 176 91 95 92
414 245 45 51 46
416 426 65 75 67
422 348 75 95 94
429 116 16 98 69
429 259 36 41 40
0 441
