675 1855
0 531 58 91 84
0 121 83 87 85
0 616 75 88 81
0 637 59 82 59
531 641 71 82 75
637 514 51 91 89
637 599 87 92 87
637 189 58 98 67
1 557 77 99 97
1 171 21 93 35
1 68 80 92 86
1 632 87 90 89
1 106 21 33 28
557 126 85 96 89
557 497 20 88 34
557 105 14 53 46
557 24 50 70 51
557 667 36 60 53
171 329 28 69 29
171 56 47 77 68
171 592 58 72 69
171 555 18 49 38
171 438 50 86 71
171 263 12 61 41
171 422 44 76 45
68 373 90 97 97
68 549 11 57 49
68 261 86 90 86
632 412 22 37 36
632 221 12 33 23
106 225 22 69 39
2 372 85 98 91
2 605 31 96 34
2 664 31 60 55
372 224 43 77 53
372 417 62 83 81
605 208 18 94 84
605 24 34 81 69
605 270 18 53 39
664 406 89 99 98
664 91 82 94 93
664 193 56 65 58
664 11 27 95 35
3 343 44 59 57
343 297 75 92 79
343 56 16 54 39
4 372 11 21 15
4 574 51 78 52
4 497 77 80 78
4 55 40 88 54
574 19 27 55 39
574 218 76 95 92
574 268 23 55 53
497 409 60 80 75
497 158 49 81 73
497 352 38 45 44
497 306 54 74 58
55 512 70 79 75
55 318 40 73 56
55 353 29 86 47
5 71 37 92 55
5 227 92 96 96
5 423 51 63 62
5 674 78 96 94
71 421 95 100 96
71 586 32 76 43
71 36 91 94 91
71 611 34 96 68
227 201 82 83 83
227 110 76 82 78
423 115 47 74 72
423 108 27 64 61
674 111 48 88 77
6 605 19 71 25
7 663 24 61 57
7 238 54 56 55
663 273 50 75 71
663 7 25 74 61
663 540 92 94 94
663 466 28 32 29
663 248 93 96 96
238 350 34 37 35
238 630 77 90 83
238 263 88 92 89
8 296 47 48 47
8 131 35 81 79
8 568 33 83 46
296 152 84 85 85
296 629 41 57 47
296 547 21 91 27
131 3 44 100 95
131 202 66 97 76
568 237 19 39 28
568 133 25 44 28
568 23 50 84 82
568 350 45 61 58
9 214 56 59 57
9 485 59 65 63
214 137 75 85 82
214 542 35 65 51
485 436 89 95 93
485 668 28 56 37
10 620 13 89 78
10 236 93 98 94
10 649 23 36 31
620 131 65 98 84
620 461 77 86 83
620 652 80 85 82
620 614 33 96 37
620 291 37 62 43
236 25 28 80 72
236 425 93 98 95
236 384 61 69 69
236 459 24 63 41
236 498 41 69 60
649 493 55 98 58
11 468 51 93 88
11 406 72 75 75
11 431 79 93 92
468 160 61 64 64
406 324 25 46 39
431 534 54 91 89
431 61 82 92 82
431 301 82 94 91
431 612 80 86 84
12 589 69 82 69
12 233 77 90 84
12 413 92 93 92
233 328 91 99 94
233 94 66 99 67
233 424 21 27 26
413 65 59 97 95
413 441 60 73 61
413 334 41 79 57
13 577 25 97 70
13 288 85 98 92
13 180 55 91 79
577 541 47 52 52
288 600 93 98 95
288 636 34 76 73
288 259 34 44 42
180 278 41 100 83
14 162 78 95 84
162 510 12 78 19
162 653 95 100 98
162 404 22 53 24
15 667 56 91 69
667 274 14 20 17
667 332 52 75 56
667 421 14 94 43
667 367 21 34 22
16 530 12 14 12
530 133 35 100 44
530 131 38 79 54
530 487 58 69 67
530 87 23 43 26
530 166 67 85 67
17 48 26 47 31
17 670 45 84 76
17 9 49 53 49
17 528 74 78 74
48 627 76 94 84
48 337 21 51 34
670 7 77 78 77
670 356 59 65 61
528 667 53 93 93
528 144 69 77 76
18 239 62 67 66
18 534 71 79 74
239 518 28 31 31
534 481 58 76 73
19 638 35 67 63
19 152 32 90 32
19 303 83 86 83
19 107 44 77 75
19 301 31 32 31
638 352 89 95 90
638 370 45 97 74
638 307 12 52 27
638 330 11 18 13
638 233 30 90 67
638 234 53 90 86
638 104 39 58 43
152 434 69 89 79
152 156 74 77 77
152 283 27 79 75
303 500 78 91 83
303 80 69 76 72
107 145 42 63 43
107 407 43 94 74
301 83 44 94 50
301 636 23 26 24
20 449 57 89 57
20 100 38 61 48
449 484 42 96 80
449 383 42 68 65
100 26 66 82 81
100 549 50 58 57
100 439 70 88 80
21 222 68 80 78
222 495 65 83 65
22 445 82 88 86
445 668 31 96 40
445 209 43 61 53
445 21 87 100 94
23 670 36 64 61
23 193 78 89 87
23 82 93 96 93
23 634 93 96 94
23 671 73 75 75
82 480 18 31 31
82 618 40 50 40
82 644 70 96 82
82 197 89 91 91
82 122 27 60 41
634 400 73 92 74
634 656 43 51 48
634 547 71 89 77
671 84 21 84 53
671 65 60 83 78
671 674 42 84 43
671 410 92 98 96
671 154 33 40 37
671 23 51 59 57
671 294 77 89 83
24 271 79 94 86
24 287 75 80 76
24 279 40 70 42
279 560 67 83 74
279 184 24 43 25
279 243 69 90 88
25 237 53 70 62
25 353 52 89 82
237 515 37 83 49
237 199 61 68 62
353 334 69 99 99
26 76 84 98 85
26 612 44 59 49
76 471 63 83 83
76 357 52 98 65
612 288 52 93 58
27 541 86 93 93
27 214 19 50 47
27 149 12 41 35
27 8 64 96 74
541 259 80 89 86
149 50 87 93 90
149 575 86 97 88
149 375 54 57 56
149 284 54 82 56
149 501 40 93 93
28 471 77 84 83
28 188 73 99 97
28 267 46 66 48
471 476 92 94 93
471 656 56 78 78
188 261 74 90 78
267 488 57 67 66
267 158 31 46 39
267 45 90 91 90
29 83 23 72 54
83 466 30 98 70
83 609 85 94 93
83 416 50 94 79
83 437 41 61 50
30 318 61 69 61
30 358 37 59 53
318 543 60 78 67
358 299 45 85 74
358 159 49 61 52
358 60 56 85 82
358 650 89 100 89
358 442 15 93 53
358 321 26 29 29
358 254 67 87 86
31 481 33 44 34
31 534 91 95 91
31 177 75 98 86
481 109 32 36 36
481 598 19 29 20
177 380 44 48 47
177 151 46 82 76
177 599 32 97 63
32 583 45 96 95
32 652 62 97 95
583 96 60 93 62
583 405 36 62 60
652 388 26 27 26
652 467 21 100 39
652 613 95 96 96
33 502 80 95 86
33 546 37 96 40
33 366 32 45 33
33 210 21 65 44
33 129 78 99 79
33 68 90 93 91
33 118 62 88 81
33 440 46 54 49
502 349 87 97 95
502 358 34 51 51
502 617 79 84 79
546 158 49 56 49
546 312 23 70 59
366 7 53 96 65
210 398 60 97 68
129 322 34 87 57
129 339 61 91 87
129 532 63 83 69
118 433 11 54 53
118 349 46 57 52
440 170 86 95 88
440 176 72 87 81
34 608 35 71 63
34 361 86 100 88
34 202 54 75 58
608 366 90 100 99
608 625 14 45 15
361 36 89 96 89
202 519 89 95 90
202 471 40 87 78
35 588 73 93 78
35 503 35 82 77
588 585 69 87 72
588 359 69 86 85
588 253 81 87 85
588 109 86 90 86
588 313 12 37 18
503 193 29 87 61
36 574 10 65 59
37 611 21 80 80
37 117 89 94 90
117 205 87 94 88
117 163 84 92 87
117 350 78 96 90
117 14 22 85 66
117 632 10 30 13
117 425 87 92 91
117 404 14 20 16
38 328 95 99 97
38 546 92 95 95
38 204 81 99 98
38 337 82 94 90
328 546 62 93 73
328 329 67 92 90
204 440 21 30 25
204 246 82 100 86
337 329 72 76 73
337 366 45 87 47
39 392 95 100 96
39 308 94 95 95
39 443 58 61 61
39 266 34 56 53
308 42 76 91 81
308 501 82 87 82
443 169 24 52 48
443 123 80 84 81
266 315 61 79 75
266 585 74 99 87
40 569 94 95 95
569 42 42 85 46
569 654 66 99 71
569 68 12 40 12
569 440 45 99 94
41 117 66 69 69
42 581 93 95 95
42 474 81 99 93
42 118 83 86 83
581 380 10 63 27
581 64 48 84 67
474 307 84 96 87
44 153 71 74 73
44 39 68 94 84
44 112 87 98 93
153 160 72 73 72
153 198 20 94 83
112 240 78 79 78
45 48 18 85 56
45 607 73 99 91
45 588 12 18 12
45 326 29 65 41
607 281 40 83 58
607 227 70 98 87
607 595 24 49 40
607 365 27 87 79
326 181 33 37 34
46 661 86 88 86
46 43 95 100 95
46 485 72 80 80
46 438 14 53 20
46 650 93 95 95
46 602 73 75 75
46 494 47 67 67
661 270 44 48 48
661 263 59 91 77
438 492 63 88 88
650 536 78 95 87
650 292 40 86 79
650 168 81 100 99
650 592 63 83 81
602 208 62 84 71
602 78 25 66 56
494 580 33 49 47
47 116 17 18 18
47 387 30 95 83
47 545 32 76 63
47 181 95 99 97
47 195 58 78 76
47 494 26 53 27
116 200 16 87 29
116 484 93 94 94
116 370 71 75 74
116 144 61 98 97
387 188 52 86 56
387 89 38 53 39
387 190 59 94 83
387 326 37 58 43
545 561 51 98 93
545 673 75 77 75
545 59 59 100 71
545 70 72 97 77
181 560 37 83 40
181 613 75 85 81
195 73 20 28 26
195 633 61 66 66
195 425 15 66 38
195 109 34 77 59
195 497 68 99 95
627 182 10 24 23
627 32 85 88 87
627 443 27 40 40
49 517 28 62 40
49 299 28 50 41
49 91 13 94 58
517 412 69 84 72
299 518 54 75 62
91 243 30 66 61
91 256 84 100 89
91 576 62 97 63
50 396 93 97 93
50 42 39 60 45
50 352 16 95 85
396 545 40 51 43
396 195 41 53 47
396 582 13 29 22
396 457 52 89 68
352 535 17 75 54
352 62 43 51 43
352 607 95 96 96
352 80 40 85 71
51 215 81 88 85
51 27 25 85 61
215 272 28 69 64
215 314 47 62 48
215 505 16 54 32
52 222 66 83 83
52 470 24 83 55
52 334 80 97 87
470 167 17 85 63
470 343 37 92 61
470 132 93 95 94
470 77 67 96 93
470 261 55 78 65
53 355 89 100 100
53 5 49 53 50
54 476 51 72 58
476 132 16 45 44
476 539 71 88 82
512 107 84 96 87
512 83 12 84 26
512 199 49 61 56
512 191 60 98 97
56 138 91 96 91
138 83 25 42 35
57 201 94 100 100
201 299 76 83 81
201 334 36 40 39
201 426 11 98 25
58 669 33 57 48
58 428 50 69 69
58 160 88 98 92
58 72 53 97 88
669 79 13 85 51
428 26 29 47 31
428 432 49 66 59
160 477 88 93 91
160 526 44 93 74
160 88 92 95 92
160 216 42 92 69
160 149 55 97 88
72 558 39 97 47
59 141 12 31 30
59 620 90 96 95
59 93 90 94 92
141 654 86 96 94
141 252 65 74 72
141 183 29 48 36
141 401 25 37 25
141 49 33 95 73
93 378 78 81 80
93 443 88 93 93
93 274 49 77 52
60 168 82 89 88
60 657 59 87 87
60 103 33 36 36
168 238 73 97 89
168 476 68 78 70
168 89 34 75 49
168 582 52 79 68
168 607 51 80 59
657 550 91 100 99
103 615 69 91 73
61 53 31 46 46
61 507 16 40 38
507 97 16 88 46
507 58 36 52 36
62 545 56 70 58
63 440 23 52 37
64 178 84 91 89
64 198 24 91 31
64 438 16 93 38
64 593 49 96 95
64 391 61 89 79
178 548 81 97 84
178 270 56 69 62
593 347 27 92 31
593 636 84 96 94
593 396 91 94 93
391 9 10 43 15
391 300 95 97 95
391 331 45 81 45
391 58 44 61 47
65 267 39 99 74
65 56 38 47 39
66 28 30 87 35
66 188 89 100 99
66 207 55 77 64
66 323 53 95 67
207 453 21 38 26
207 462 51 61 55
207 247 30 40 40
207 30 75 77 76
323 458 12 28 25
323 587 12 44 25
323 415 29 53 41
323 551 76 79 79
67 161 36 86 60
67 83 75 80 80
67 251 92 100 96
161 377 18 25 25
161 666 95 97 96
251 587 78 87 86
251 206 23 24 24
251 478 20 38 34
373 229 37 91 39
373 598 78 95 78
373 42 70 94 75
373 609 78 82 79
373 433 23 46 36
373 172 49 91 64
549 358 12 52 38
549 502 19 26 21
261 405 79 95 81
261 638 31 34 31
261 222 85 95 91
70 533 70 85 83
70 367 37 47 40
70 496 52 82 73
70 355 62 98 70
533 166 23 29 24
533 115 72 87 72
367 116 57 88 78
367 58 30 40 40
367 453 20 42 23
367 313 75 92 87
496 201 13 16 14
421 103 63 84 78
421 616 44 51 49
421 31 51 77 53
421 94 81 88 86
586 593 20 65 55
586 254 77 80 79
586 17 88 96 89
586 673 50 100 84
558 622 27 36 29
558 63 86 96 89
558 333 90 99 99
73 46 16 59 27
73 53 16 61 35
73 154 69 92 85
73 50 68 95 78
74 436 52 83 71
74 7 95 96 95
74 634 37 63 61
74 553 88 97 94
436 2 67 73 67
436 416 62 68 67
553 665 59 76 71
553 16 81 85 83
75 163 77 88 84
163 318 20 40 27
357 303 13 46 28
357 115 52 75 57
357 469 17 97 57
77 339 58 63 58
77 578 92 97 92
77 22 88 93 90
77 285 48 67 59
339 173 32 41 41
339 464 35 69 54
339 284 46 52 52
339 615 13 78 49
578 464 68 88 69
578 435 25 70 47
578 296 72 97 80
285 108 40 96 40
285 197 93 100 96
79 29 22 30 29
79 72 65 95 94
79 198 47 66 48
80 27 40 96 79
80 562 84 93 88
80 72 60 69 66
562 611 75 98 80
562 264 73 97 93
562 504 66 98 73
562 516 37 93 77
81 470 51 77 55
81 189 68 93 79
81 626 40 65 58
81 403 95 99 98
189 400 50 60 56
626 376 38 84 42
626 254 40 70 67
403 670 32 96 52
480 406 24 63 51
480 359 29 63 40
480 411 36 91 55
480 476 88 89 88
480 12 47 57 50
618 529 55 62 60
618 329 66 93 85
618 125 90 97 97
644 105 79 86 82
644 656 53 65 55
197 385 69 95 82
197 610 33 82 80
197 170 16 22 17
197 336 95 100 98
197 104 43 96 66
122 509 94 98 98
122 231 23 87 63
466 335 94 95 95
466 431 86 91 87
466 593 39 89 70
609 603 89 100 100
609 572 30 90 71
609 134 34 79 66
609 535 73 76 74
416 613 25 98 76
416 478 49 67 59
437 235 29 93 69
84 351 35 84 57
84 131 70 88 79
84 586 55 58 56
84 333 52 67 61
84 533 41 69 57
351 179 54 66 59
351 73 26 48 38
351 104 44 85 63
333 654 21 90 43
333 150 50 71 60
333 587 79 96 81
333 439 63 68 68
333 602 94 100 97
85 585 15 91 19
85 474 80 92 92
85 39 88 92 92
585 342 94 99 99
86 469 45 82 76
86 474 10 46 41
86 95 26 61 47
469 54 14 60 40
469 306 50 87 53
469 303 41 53 50
469 249 12 77 32
95 331 11 24 20
88 218 16 96 68
88 497 34 36 35
88 477 86 91 86
218 32 22 98 55
218 340 59 94 87
218 582 22 99 81
218 107 41 82 57
218 444 31 37 31
218 361 82 92 92
477 456 13 96 42
477 266 85 86 85
477 544 93 96 95
477 443 28 97 64
89 519 48 81 63
89 641 53 55 53
519 599 77 80 78
519 89 12 99 23
519 659 89 96 95
519 590 22 96 89
641 276 18 34 21
641 175 73 79 78
641 368 16 91 53
641 236 13 64 34
641 78 58 80 66
641 262 31 78 73
641 663 64 78 77
90 10 24 38 25
90 79 54 72 56
90 318 52 79 75
90 36 73 95 86
90 661 58 85 61
243 91 81 83 82
243 621 41 87 67
243 447 11 92 92
243 322 92 99 96
243 294 77 89 82
243 216 48 100 99
243 144 65 80 80
256 533 67 82 80
256 363 86 98 87
256 440 52 55 55
576 555 14 15 15
576 97 28 89 49
92 629 43 47 47
92 573 17 90 68
92 481 75 97 83
92 4 51 91 71
629 355 81 87 83
629 109 70 95 82
629 621 16 52 19
573 373 72 98 87
573 192 15 95 62
573 549 72 75 75
573 287 34 58 38
573 133 40 80 64
378 178 82 88 88
274 668 22 67 36
274 599 31 88 80
274 429 20 100 98
274 41 49 58 56
94 358 64 75 68
94 193 66 67 67
94 82 58 60 58
331 268 84 92 90
96 598 32 94 37
96 165 31 98 63
96 132 32 56 55
598 671 79 98 84
165 220 18 95 63
165 363 51 53 51
165 634 22 91 47
132 74 55 82 66
97 535 45 81 75
535 136 46 83 59
535 597 65 86 86
535 35 85 94 88
535 198 57 76 57
535 177 37 86 81
535 69 95 98 96
98 387 72 94 82
98 508 19 34 25
98 426 25 54 31
508 219 76 82 77
508 303 74 77 74
426 463 22 30 23
426 443 92 99 98
426 512 64 66 66
99 538 23 86 79
99 200 46 66 59
99 509 66 85 77
99 584 16 33 21
99 554 58 87 81
99 359 87 100 94
538 98 86 97 92
538 152 58 66 62
538 604 32 46 38
200 138 54 94 70
200 561 13 35 28
200 611 66 81 66
200 113 27 40 28
509 62 72 76 75
509 37 37 65 58
509 91 53 77 75
584 75 51 83 66
584 56 23 46 41
584 478 94 98 94
584 360 31 82 78
554 80 10 58 37
554 38 71 95 74
554 93 78 80 78
359 441 31 34 32
359 507 47 86 64
439 674 23 46 26
101 13 54 67 54
102 210 59 63 59
102 199 25 47 25
199 664 94 100 100
199 542 62 66 64
615 112 93 99 98
104 199 82 93 82
104 375 41 76 41
104 263 57 71 62
375 85 36 65 51
375 659 84 89 87
375 225 61 90 65
263 382 53 60 60
263 620 34 81 54
263 61 33 95 85
105 541 33 53 51
105 649 65 88 69
105 258 50 91 66
105 491 12 81 22
105 247 69 89 77
105 112 59 86 76
258 554 51 65 55
258 311 35 43 35
258 565 12 58 34
258 512 54 89 67
491 477 91 99 97
491 564 55 57 57
247 262 42 62 44
247 129 38 59 53
247 598 13 93 23
225 109 17 90 22
225 55 45 55 48
225 405 73 97 95
225 611 47 48 48
145 237 38 55 55
145 11 50 72 66
145 546 50 95 75
407 426 30 98 84
407 261 41 92 67
407 52 27 61 49
109 654 54 74 70
109 59 42 79 63
654 591 18 63 19
654 84 77 86 80
110 500 20 68 42
110 595 28 81 55
110 639 18 49 46
500 392 79 92 90
500 456 22 47 23
595 503 22 78 48
639 154 89 97 90
111 41 63 79 79
111 358 11 40 34
111 418 37 57 41
418 159 16 46 25
240 181 49 78 64
240 144 15 23 21
240 109 12 62 15
240 187 24 89 76
240 404 15 74 57
240 525 63 75 72
113 169 63 65 63
113 210 30 88 40
113 63 68 99 83
169 141 57 84 70
114 413 75 94 76
115 198 64 71 64
115 236 10 100 15
115 427 13 74 48
115 154 40 95 44
427 71 12 58 29
427 199 35 47 45
370 237 28 73 33
370 273 66 75 72
370 555 10 100 78
144 463 34 61 58
144 603 88 97 96
144 452 10 88 41
144 147 83 91 91
144 566 57 79 75
144 116 72 84 73
350 603 18 86 38
350 50 62 65 64
425 164 14 36 18
425 245 43 78 56
425 19 38 100 54
425 58 17 41 37
404 561 44 92 54
433 376 31 73 39
433 111 28 79 60
433 576 20 98 33
433 465 62 67 63
433 133 80 94 83
349 604 44 98 66
349 396 51 53 52
119 58 20 67 57
119 6 32 38 38
119 471 25 63 26
119 360 36 93 79
119 175 86 93 92
119 112 69 100 81
175 547 62 90 84
175 69 54 63 54
175 509 22 54 54
175 395 90 97 92
120 296 16 24 16
120 386 13 18 13
120 430 10 33 17
120 170 60 79 62
120 302 55 99 83
120 573 57 69 57
120 417 15 94 90
386 351 37 64 63
386 468 88 98 90
430 553 95 99 99
170 424 71 79 76
170 585 21 81 45
170 53 55 73 66
302 364 23 90 88
302 492 79 85 79
417 390 70 85 82
417 429 20 65 51
231 93 91 95 93
123 653 90 98 98
123 79 33 34 34
123 561 27 53 43
123 551 79 82 79
653 395 41 72 72
653 544 66 95 90
653 364 10 84 53
561 383 66 94 69
561 263 19 31 25
561 329 31 64 63
561 27 14 29 24
551 87 82 94 90
551 412 81 82 81
551 43 52 98 89
551 387 61 68 65
124 645 48 62 51
124 36 79 92 83
645 398 21 82 25
125 328 50 53 52
126 293 39 89 81
126 101 83 84 83
126 115 10 83 35
126 171 56 70 58
127 421 57 91 74
127 300 90 97 90
300 670 22 96 62
300 197 16 41 36
300 97 55 78 57
128 245 74 99 86
245 208 71 91 74
245 206 82 87 82
245 398 76 96 96
245 436 90 100 90
245 316 95 99 95
322 175 55 90 71
322 48 95 99 96
322 168 87 95 88
532 121 34 76 46
532 39 47 96 90
134 186 19 69 24
134 223 11 73 46
134 607 72 78 74
134 424 88 91 90
186 153 59 80 59
186 111 43 99 75
186 261 93 100 95
186 492 86 93 91
186 377 76 99 85
223 220 62 90 68
223 438 17 69 35
424 477 15 55 27
424 582 33 56 48
424 425 53 92 62
424 303 61 80 61
135 650 39 48 40
136 573 66 88 86
136 275 53 92 54
275 142 23 89 47
275 324 78 89 85
275 205 82 100 97
137 86 76 91 88
137 152 23 67 36
137 182 12 69 60
137 385 39 55 43
137 119 83 84 83
182 115 35 53 47
182 560 16 22 22
182 670 90 94 92
385 389 35 81 69
385 204 26 55 44
139 637 44 78 75
139 380 78 86 85
139 39 62 86 70
380 35 55 93 92
380 343 11 70 69
380 223 28 86 59
140 120 73 96 79
252 57 16 81 72
252 160 44 64 50
252 16 46 71 53
252 25 73 75 74
183 658 44 49 44
401 251 49 52 52
401 141 61 62 62
401 571 24 75 26
401 147 59 70 65
142 528 74 98 90
143 564 45 86 55
564 62 73 86 78
564 613 90 95 95
564 195 54 72 66
564 47 11 24 16
463 211 11 46 35
603 560 72 80 76
603 431 18 54 31
452 1 52 72 57
452 561 34 67 41
452 271 46 48 47
147 372 33 43 40
147 458 74 81 74
147 272 56 83 61
147 669 13 27 19
566 85 21 34 30
146 39 81 89 81
458 406 89 95 89
458 159 33 43 42
458 90 62 94 89
458 105 28 57 29
272 92 36 60 42
272 185 87 95 87
272 356 37 88 49
272 280 20 97 52
148 73 71 90 80
148 556 45 99 81
148 635 43 99 66
148 345 86 92 88
148 662 46 96 84
556 267 24 83 29
556 189 91 98 91
556 161 44 91 90
635 265 11 83 29
345 538 68 74 74
345 207 91 95 95
662 533 81 93 89
662 376 82 98 95
662 632 21 72 67
662 379 14 53 44
575 227 34 67 35
575 195 59 97 92
284 550 56 62 60
501 396 55 73 72
501 309 43 57 46
501 459 53 57 56
501 62 67 79 79
150 670 89 94 92
150 647 28 84 31
647 404 92 100 94
647 540 77 91 83
647 524 79 93 82
647 633 16 61 32
647 575 40 83 83
647 96 69 87 87
151 517 47 97 95
434 550 81 86 84
434 591 72 87 73
434 446 41 96 81
434 537 54 64 63
434 77 15 69 34
156 154 12 71 22
156 605 17 55 55
156 58 10 32 31
156 249 66 85 72
156 71 72 85 85
156 221 33 71 40
156 129 12 41 26
283 3 34 76 66
283 96 32 62 48
155 536 85 90 86
155 462 18 23 23
155 152 64 84 66
155 483 84 100 91
536 298 60 97 77
462 370 69 84 75
462 640 16 98 96
462 276 37 48 40
462 264 27 63 61
483 22 84 87 84
483 398 37 95 75
483 114 40 95 84
249 7 50 59 55
221 478 19 68 32
221 564 95 99 95
157 521 31 90 34
157 146 36 73 62
157 208 66 100 95
157 528 87 94 94
521 612 26 35 34
521 419 65 98 72
521 236 66 74 66
521 158 51 70 70
208 464 15 51 44
208 377 90 91 90
158 576 10 87 64
158 596 57 70 63
158 155 21 28 22
158 564 68 73 70
596 557 22 68 23
596 300 12 17 17
596 214 41 61 61
159 32 51 83 70
159 167 82 89 85
159 230 91 98 96
159 517 32 94 45
159 44 49 68 58
167 164 54 57 57
167 360 78 91 81
167 382 25 53 53
167 234 54 69 69
230 215 28 32 32
230 430 86 89 86
526 324 39 58 43
526 289 13 35 17
526 537 77 95 93
526 5 52 66 64
216 503 95 100 98
216 310 27 52 29
377 244 30 73 35
377 466 14 23 15
666 672 76 77 76
666 634 23 89 46
510 449 16 38 34
510 500 34 37 37
510 639 55 56 56
510 487 46 54 48
164 360 29 40 33
164 86 53 87 59
220 421 82 94 88
363 402 85 87 87
363 299 11 52 19
166 674 44 73 61
166 283 75 82 81
166 553 56 99 61
166 434 50 93 51
166 156 43 51 50
382 214 18 52 24
234 462 37 93 78
234 310 67 97 94
234 122 16 96 41
234 470 27 79 56
582 215 33 59 33
329 148 66 98 78
592 287 36 88 40
592 190 26 39 33
555 268 41 80 52
555 254 54 68 60
555 42 28 91 62
422 405 53 68 62
422 374 62 88 76
422 425 71 91 75
422 536 20 70 54
172 301 29 63 59
172 597 67 79 69
172 410 21 98 94
172 659 38 46 38
597 438 23 60 59
597 651 78 90 82
597 507 53 83 55
597 625 49 94 82
410 185 23 48 27
410 323 72 94 91
410 68 86 91 90
659 424 52 65 64
173 175 46 52 51
173 143 11 49 49
173 521 30 73 55
173 340 17 36 24
340 347 27 36 31
174 633 17 75 45
174 199 48 50 50
633 540 32 48 36
633 40 19 44 19
633 182 69 90 83
633 18 63 75 64
547 640 85 100 95
547 450 86 94 89
547 178 90 91 90
547 35 61 63 63
547 85 23 61 58
547 400 23 66 55
395 651 18 43 26
395 453 84 86 84
176 382 66 80 67
176 601 53 70 61
601 566 23 35 23
601 67 35 54 52
601 261 55 63 58
599 606 48 93 68
599 193 12 47 43
548 668 56 57 57
270 450 23 82 28
270 589 71 77 74
270 128 73 89 73
270 149 65 94 73
270 202 69 70 70
179 572 82 87 82
179 440 40 100 87
572 25 68 84 84
572 510 32 80 73
278 116 18 20 20
278 178 73 87 81
560 313 81 88 81
560 3 95 99 96
560 287 67 79 69
560 510 86 95 87
613 604 84 86 84
613 534 43 57 43
613 513 18 27 26
613 205 25 82 67
613 192 82 84 82
613 222 41 53 43
658 536 64 84 83
658 483 31 67 46
658 103 62 73 73
658 345 63 76 66
658 475 23 42 31
658 145 57 59 58
658 259 63 70 65
184 27 62 78 75
184 76 40 80 70
184 466 61 82 70
184 370 34 89 74
185 18 87 96 94
492 643 39 65 59
492 658 18 88 61
187 18 59 100 63
400 293 22 36 28
191 132 31 33 33
191 572 22 53 38
191 385 15 42 26
191 254 11 81 60
191 43 42 58 55
191 659 58 81 76
191 604 59 61 61
191 41 45 54 52
191 504 95 96 96
254 281 11 53 47
604 32 74 98 92
604 663 90 99 91
504 68 58 82 65
192 169 73 82 73
192 423 10 34 19
192 555 70 94 84
192 20 23 30 24
194 90 13 22 18
194 127 18 95 42
196 608 22 87 38
196 240 60 70 61
196 504 44 60 49
196 439 93 95 95
196 379 79 92 85
379 481 21 62 36
379 532 16 30 16
379 158 14 93 90
379 301 91 92 91
610 223 84 86 84
336 452 31 60 43
336 460 23 45 44
336 172 91 100 97
542 464 44 87 46
542 97 80 100 98
542 244 32 56 56
542 238 94 99 98
203 569 52 66 59
246 235 20 50 23
246 229 52 60 60
206 203 60 85 82
206 233 64 82 70
206 76 39 80 42
206 232 12 54 32
206 289 84 98 98
232 654 54 89 65
232 565 86 98 90
289 230 22 43 37
289 220 66 67 66
453 387 81 96 82
453 432 47 65 63
453 170 27 77 36
464 613 11 77 70
464 338 80 99 96
209 212 64 92 86
209 296 61 85 81
209 132 56 95 58
209 344 25 45 37
209 58 20 50 28
212 168 11 75 44
344 5 92 94 92
344 587 61 64 64
344 212 27 53 31
344 323 68 97 94
344 179 33 50 38
344 585 37 76 56
344 105 67 89 75
344 543 93 100 98
344 287 56 97 92
344 138 67 79 68
398 498 26 93 44
213 402 67 74 70
213 59 80 86 83
213 317 83 94 85
402 514 34 45 37
402 384 90 93 90
317 414 15 24 21
314 336 60 86 67
505 226 31 40 35
310 51 41 75 57
310 655 64 76 68
310 233 92 97 94
310 152 80 83 82
310 585 38 40 40
310 616 18 67 33
217 324 79 92 91
217 331 89 94 92
324 383 85 100 85
444 658 35 54 48
444 86 74 76 75
219 360 24 95 31
219 46 34 91 42
219 514 20 48 41
219 297 82 89 88
514 140 34 89 58
514 306 34 59 44
514 206 48 49 48
297 458 18 28 27
297 9 39 74 64
297 61 54 95 94
297 487 89 100 92
478 508 33 50 45
478 370 31 67 35
478 0 91 93 91
478 261 40 73 68
478 410 12 72 32
495 228 68 100 97
495 14 84 90 88
495 508 53 93 56
224 559 35 99 39
224 5 89 97 92
224 324 10 20 17
224 504 84 89 84
224 571 86 93 86
224 503 47 77 74
224 433 13 62 41
559 501 59 90 77
559 315 25 56 33
559 172 67 90 88
559 634 79 96 91
559 162 39 43 43
571 216 93 100 94
571 480 61 68 65
571 496 80 83 80
405 276 28 75 51
405 262 67 73 68
226 199 87 96 89
226 629 34 68 52
226 456 39 87 84
226 405 41 77 58
456 267 90 99 99
456 452 69 87 81
228 595 50 55 50
228 227 17 20 20
228 213 43 62 57
228 480 88 89 88
228 59 26 68 64
229 543 82 87 86
229 121 52 99 58
229 464 11 51 40
229 336 39 87 41
229 426 19 75 21
229 71 32 85 46
229 172 34 81 59
543 433 48 52 50
543 161 68 75 72
565 651 16 78 76
565 433 45 82 77
235 213 80 93 90
235 175 62 83 81
384 634 46 77 56
384 612 81 98 84
384 430 56 85 81
498 108 91 99 96
498 446 41 42 42
515 258 18 57 40
515 137 52 98 89
630 308 70 80 80
630 280 59 69 67
630 353 78 87 78
630 29 72 97 88
518 82 72 79 77
518 90 79 100 95
518 319 50 66 61
525 30 29 63 60
525 36 67 77 70
241 153 50 91 69
241 426 22 96 63
241 544 75 83 82
544 300 66 88 80
544 232 16 99 25
544 320 37 38 37
242 472 60 66 61
242 666 92 95 95
472 149 77 98 78
472 622 93 95 95
472 269 71 94 87
447 76 19 95 81
447 65 81 82 82
447 354 10 88 63
447 513 14 28 17
447 39 94 99 94
294 138 77 81 77
294 634 78 89 78
294 370 39 89 53
244 159 18 75 23
316 65 25 74 31
262 451 66 73 68
262 182 27 67 31
262 255 16 86 80
248 453 81 100 88
248 442 27 68 37
248 345 57 76 76
442 135 92 97 92
250 473 44 66 50
250 198 85 86 86
250 288 47 62 47
250 31 70 91 81
250 616 77 94 80
473 299 60 98 74
473 145 53 87 69
587 273 28 48 32
253 586 45 57 49
253 373 66 84 77
253 25 89 93 93
281 581 84 93 89
281 189 67 100 89
281 652 11 73 21
255 665 84 89 84
255 441 72 96 89
255 411 46 98 75
255 248 87 94 94
665 666 38 76 67
665 659 24 61 48
665 241 16 34 16
441 401 52 90 83
441 238 25 47 33
441 347 32 97 67
411 624 32 93 37
411 486 21 84 55
411 266 60 69 65
257 578 30 46 45
257 618 66 71 66
257 613 70 87 72
311 392 48 82 58
259 26 81 91 84
259 492 34 98 77
259 536 54 72 60
259 242 71 72 72
259 133 55 92 67
260 108 29 100 92
260 213 79 86 83
260 394 76 83 80
394 364 48 52 50
394 221 41 76 54
451 158 63 77 70
264 231 28 36 32
264 273 94 97 96
264 478 10 24 14
264 608 68 92 79
264 128 40 81 54
264 180 26 63 35
273 256 37 64 49
273 412 78 91 87
273 116 55 77 58
273 287 58 72 62
265 100 15 68 55
265 79 69 99 99
265 204 26 57 52
315 597 27 68 53
315 40 51 89 78
315 135 15 70 60
315 317 51 89 52
488 385 80 90 86
488 504 62 93 78
488 360 56 68 58
488 236 59 63 62
268 428 22 75 29
268 234 92 97 96
268 474 26 69 30
268 252 43 59 44
269 452 13 96 70
269 238 46 75 63
450 234 55 80 80
280 515 68 76 75
280 156 63 78 68
280 80 48 82 59
412 14 36 82 45
412 294 94 99 94
668 244 45 69 60
668 212 28 72 52
668 488 47 83 74
276 497 13 40 17
276 344 15 23 18
276 208 15 68 55
276 419 27 88 28
419 305 12 49 21
419 78 68 84 70
419 533 89 100 96
419 365 39 92 77
419 598 49 80 70
419 383 18 67 57
277 414 30 48 39
277 227 88 95 90
277 609 64 72 66
277 554 48 74 66
277 461 56 72 71
414 582 41 88 55
414 535 25 60 44
414 281 15 80 73
414 231 93 100 95
414 166 21 90 34
414 43 75 100 86
414 549 40 85 51
461 33 21 24 21
282 285 13 63 17
282 442 81 88 86
282 58 65 94 87
282 575 77 86 86
550 418 46 59 51
600 590 45 94 85
600 180 31 41 32
636 70 26 34 34
636 479 58 70 70
290 424 47 96 52
290 135 36 55 41
290 278 25 34 25
290 272 55 65 65
290 588 20 38 25
292 490 19 41 32
292 513 71 92 74
490 138 71 87 83
490 642 33 41 41
513 520 53 59 58
513 626 43 92 65
295 544 86 88 86
295 619 93 95 94
295 446 68 70 69
619 219 31 44 40
619 450 12 49 46
619 243 64 78 69
446 82 22 100 78
446 537 54 91 63
487 515 35 96 82
487 493 78 91 90
487 149 38 80 50
298 215 94 98 95
298 650 81 100 96
298 493 75 77 76
493 372 51 61 57
493 240 12 51 14
493 479 44 86 50
364 308 87 92 87
364 367 28 66 31
364 572 22 37 27
364 596 45 84 53
305 392 25 42 37
305 466 82 88 88
305 400 16 52 32
306 277 89 98 94
306 474 33 81 45
307 577 45 52 52
307 101 87 97 96
307 165 22 32 30
309 111 91 98 94
309 299 89 93 91
309 343 14 86 75
655 95 37 87 46
313 448 42 60 58
313 608 47 64 48
313 329 90 97 92
313 210 48 57 48
448 302 82 94 88
448 54 46 56 52
319 61 63 89 84
320 624 32 95 78
320 391 14 98 17
320 598 22 29 24
624 609 48 64 59
624 54 61 98 79
624 36 15 77 42
321 279 87 91 87
321 265 86 100 95
321 611 49 83 61
415 22 47 53 53
415 124 39 88 80
415 622 79 85 81
415 456 15 97 69
383 19 59 94 82
383 655 49 87 63
383 92 42 67 43
383 67 60 62 62
325 534 66 67 66
325 296 24 65 58
325 350 94 99 97
325 562 59 85 68
327 184 89 95 91
327 241 84 92 90
327 378 64 82 70
327 441 56 79 64
327 209 68 99 75
330 623 68 94 85
330 470 39 72 50
330 168 17 59 47
330 319 75 76 76
623 404 24 64 25
332 572 63 79 67
332 149 70 77 76
332 233 45 85 59
332 52 44 66 56
335 113 50 63 57
335 434 95 100 100
335 368 37 39 37
335 474 14 37 33
368 167 36 41 40
460 612 61 70 66
338 655 55 89 81
338 161 87 100 91
338 645 12 100 41
338 300 28 85 85
347 332 80 89 80
347 437 16 63 46
347 119 50 56 53
341 111 84 98 98
341 535 52 85 67
341 252 45 77 54
342 44 38 63 59
346 91 85 95 94
348 634 93 96 96
348 54 35 87 44
348 488 26 68 39
354 384 56 88 77
354 652 81 88 82
354 344 88 98 94
362 468 20 31 29
362 202 38 90 73
365 30 49 78 63
365 408 18 28 20
408 147 61 63 61
408 292 84 100 95
408 589 64 81 77
369 35 94 96 94
369 346 19 100 75
369 386 78 79 79
369 553 29 85 66
369 535 71 76 72
371 126 33 76 40
371 285 32 52 42
371 536 35 93 59
374 618 91 95 93
374 559 48 81 54
374 100 77 90 88
376 359 22 37 36
376 60 61 100 67
376 430 88 100 94
376 207 61 99 92
381 528 65 71 71
381 556 41 63 45
389 339 65 68 65
389 430 72 98 79
389 490 38 50 39
389 550 31 67 47
389 475 67 95 80
389 454 39 83 72
388 662 55 60 56
388 525 93 96 95
388 191 87 96 88
388 15 66 99 77
388 492 25 36 31
475 586 86 89 86
475 425 62 64 62
475 430 22 35 35
454 254 37 48 47
454 391 14 86 47
454 479 79 92 84
454 221 21 86 84
454 290 33 88 50
390 9 42 100 84
390 213 54 99 75
390 558 80 87 87
393 326 76 84 76
393 593 14 34 25
393 299 34 40 34
651 409 72 74 72
651 556 59 87 75
651 190 88 95 88
457 635 44 49 45
457 315 70 89 76
397 382 52 71 52
397 479 54 57 55
397 207 54 70 66
397 231 46 74 63
397 666 72 88 74
479 40 11 77 74
479 570 45 72 52
479 636 53 99 95
399 412 44 69 50
409 44 80 93 89
409 419 88 91 88
486 460 36 100 59
622 670 12 93 83
622 394 34 96 79
420 343 76 97 92
420 23 56 88 87
420 528 38 96 94
420 386 47 53 47
432 437 87 88 87
432 327 12 39 31
432 654 58 69 69
432 125 32 55 49
465 592 24 72 25
465 13 58 92 77
465 306 70 74 74
465 463 26 39 30
591 543 44 81 73
591 483 87 91 88
591 65 93 97 96
591 598 50 59 52
537 465 57 69 63
537 588 10 52 20
537 667 26 85 41
435 602 27 91 67
435 542 83 97 96
435 242 73 91 75
435 86 86 99 98
435 434 23 65 58
435 453 21 75 55
455 175 72 87 84
455 413 94 99 96
455 391 81 100 90
455 666 34 74 38
455 22 94 97 95
640 242 77 99 77
640 221 17 64 18
467 464 77 85 81
467 648 89 92 91
648 216 14 64 31
648 246 51 91 91
656 239 79 87 84
656 380 41 90 51
539 216 39 75 67
539 579 39 70 59
570 249 73 93 86
570 102 37 70 40
570 641 87 93 88
570 531 31 53 34
570 155 15 32 18
570 396 65 97 92
482 623 62 65 65
489 606 61 62 62
489 200 79 92 90
606 634 55 56 56
606 341 20 100 98
606 70 70 81 79
606 639 16 40 24
606 203 41 63 56
606 39 18 39 35
606 209 52 91 65
606 490 27 47 43
642 393 23 100 76
643 393 22 80 49
643 331 72 82 76
643 354 58 81 72
580 233 80 100 85
580 317 26 60 28
580 189 90 94 94
499 46 49 73 54
499 238 52 90 61
499 226 34 87 38
617 221 38 87 64
617 620 65 88 68
506 278 55 88 79
506 47 62 83 64
506 363 23 72 68
506 330 21 38 35
511 140 46 47 47
511 268 91 98 91
520 211 75 96 89
520 223 48 49 49
516 3 73 92 92
516 212 77 94 92
590 137 11 95 29
590 77 84 86 85
522 63 69 83 76
523 576 93 98 96
524 271 38 56 47
524 551 12 96 70
524 243 60 87 63
524 566 32 69 57
527 283 61 82 76
527 92 33 47 37
527 61 64 70 66
527 341 92 93 93
579 580 91 97 93
579 262 76 89 81
579 76 57 80 66
579 103 54 89 63
540 321 69 92 75
540 612 35 92 69
673 452 33 51 49
673 313 81 92 89
673 599 61 63 63
673 570 67 84 78
673 255 83 92 86
673 44 71 94 92
552 77 11 92 17
552 512 30 55 51
552 158 64 97 77
552 156 76 79 76
552 114 78 81 80
552 565 84 89 86
563 509 95 98 95
563 672 28 77 65
563 539 23 67 42
563 382 33 39 37
672 327 46 59 50
567 211 65 70 67
594 163 66 89 89
594 557 68 73 71
594 166 82 100 100
625 621 80 82 81
625 573 91 99 96
625 628 88 92 90
625 180 93 99 95
625 499 72 79 74
625 388 56 84 71
614 252 91 98 91
614 53 60 61 61
614 308 38 39 38
614 272 47 94 54
614 466 41 89 84
631 672 67 79 76
631 286 33 53 38
631 496 31 58 53
660 545 27 53 36
660 59 49 86 79
660 77 26 62 38
660 381 25 65 25
0 674
