215 814
0 130 82 83 82
0 80 79 87 80
0 116 32 98 74
0 127 94 98 97
0 36 50 95 77
0 148 60 97 68
0 119 57 79 74
130 213 63 77 63
130 84 22 74 64
130 89 77 85 85
130 5 53 83 78
80 44 12 58 42
80 139 54 55 55
80 136 23 50 49
80 3 27 80 74
80 185 19 55 48
80 186 39 81 63
116 197 71 74 73
116 110 81 87 87
116 56 76 95 93
116 142 46 49 46
116 12 92 100 99
127 69 95 96 95
127 178 55 81 74
127 198 14 37 26
127 111 83 93 91
36 0 79 80 80
36 155 92 95 94
36 10 33 93 70
36 138 47 85 68
148 170 17 53 43
148 19 49 67 51
148 90 63 89 80
148 58 88 91 88
119 139 86 88 87
119 131 11 88 37
119 38 89 99 97
119 182 86 97 97
119 73 16 84 71
119 187 54 72 63
1 9 14 82 77
1 64 71 93 91
1 17 72 77 74
1 62 53 79 71
1 121 53 80 66
1 41 85 97 87
9 48 34 91 50
9 196 32 50 42
9 67 31 56 37
9 4 25 84 35
64 62 71 83 72
64 128 16 87 33
64 92 40 95 44
64 154 44 53 51
64 164 35 66 35
64 25 92 93 92
64 161 24 51 39
64 30 89 96 96
64 56 20 95 84
17 134 90 96 94
17 193 92 95 92
17 58 40 51 43
17 156 27 71 62
62 6 67 73 71
62 72 13 18 17
121 167 38 60 38
121 137 32 53 34
121 9 19 27 25
121 89 72 80 72
41 76 94 96 94
41 74 60 84 79
2 60 80 87 81
2 203 72 87 85
2 72 85 93 93
2 68 25 62 44
2 96 78 100 89
60 198 82 98 97
60 19 32 34 33
60 76 10 74 36
60 197 62 74 74
203 103 12 67 40
203 84 28 90 74
203 60 44 47 46
203 111 91 99 92
72 15 39 63 60
72 184 33 78 43
72 0 87 99 94
68 3 78 83 80
68 126 86 97 88
68 56 13 18 16
96 183 47 90 61
96 42 64 82 70
96 149 78 88 84
96 95 77 90 82
96 0 91 95 95
3 139 56 74 74
3 89 14 62 62
3 97 76 91 77
3 19 68 82 80
139 122 48 80 49
139 211 53 94 66
139 183 74 79 76
139 47 27 49 46
89 205 42 96 93
89 116 18 88 32
89 80 68 85 69
89 84 25 94 38
97 33 39 98 98
97 210 93 98 96
97 108 72 98 94
97 205 59 70 70
97 36 92 93 92
97 136 48 55 51
97 45 37 86 57
19 129 77 94 78
19 36 65 83 69
19 187 55 64 56
19 22 20 91 35
19 17 64 84 76
4 211 68 98 88
4 110 55 99 82
4 175 93 96 93
4 124 65 71 67
4 181 47 61 55
211 214 29 88 40
211 18 42 44 43
211 28 35 39 38
211 31 54 65 63
211 44 80 91 82
211 68 95 99 97
110 66 34 75 58
110 43 20 70 66
110 164 83 90 90
110 173 10 55 41
175 69 35 69 60
175 43 73 74 74
175 144 38 87 49
175 50 42 59 54
175 61 16 44 44
175 106 72 80 73
175 141 16 27 19
124 2 82 94 84
124 54 76 95 85
124 197 28 81 45
124 3 92 93 93
181 158 80 98 95
181 10 75 89 84
5 185 67 91 83
5 190 65 86 85
5 33 13 38 36
185 30 12 43 21
185 162 87 92 87
190 60 48 67 56
190 180 68 79 76
33 176 71 80 79
6 209 28 33 32
6 67 92 99 95
6 127 14 88 40
6 145 42 73 42
6 139 39 94 69
209 172 30 71 66
209 36 28 79 50
209 173 84 93 89
209 83 39 61 43
209 80 83 84 84
209 59 26 92 86
209 137 26 27 27
67 54 48 97 52
67 153 49 65 65
67 136 34 98 76
145 1 28 89 58
145 78 30 77 45
145 13 86 99 90
145 187 48 53 50
145 56 54 90 77
145 164 55 99 63
7 79 40 48 42
7 81 73 75 75
7 19 77 84 83
79 16 35 70 52
79 113 88 95 88
79 77 37 85 61
81 63 50 62 56
81 22 15 51 37
81 145 80 88 87
81 119 67 87 67
81 174 38 53 50
81 72 11 30 26
8 54 52 56 56
8 175 31 59 46
8 64 60 76 70
8 40 39 63 42
8 53 50 54 52
54 214 14 26 24
54 73 90 96 92
54 113 35 52 44
40 83 18 47 25
40 121 82 99 86
53 9 79 97 83
53 122 13 21 21
53 40 15 35 31
53 136 82 93 88
53 105 34 91 54
196 171 40 52 50
196 52 60 97 61
196 145 27 35 33
10 58 13 87 15
10 86 23 79 57
10 121 41 49 46
10 158 42 45 43
58 167 43 45 45
58 189 64 69 64
58 85 13 25 13
58 65 95 99 95
58 40 68 75 70
58 101 21 91 27
86 123 64 96 78
86 185 80 88 81
86 147 62 72 65
86 45 85 100 100
158 207 63 85 82
158 50 67 85 85
158 117 88 91 90
11 58 40 84 75
11 152 85 97 91
11 135 49 58 51
11 45 33 93 35
11 79 25 35 35
11 8 50 89 53
152 197 42 72 57
152 166 29 66 43
135 157 35 91 70
135 165 21 95 83
45 181 34 100 67
45 169 20 81 67
45 102 82 99 84
45 27 52 69 68
12 109 11 26 20
12 148 13 66 38
109 42 92 95 93
109 213 23 100 85
109 173 88 96 91
14 106 25 94 84
14 136 53 69 53
14 37 15 40 34
14 172 36 75 51
106 38 74 79 74
106 93 90 99 92
106 4 31 96 89
106 203 77 100 99
106 158 33 75 74
106 9 38 46 39
136 33 81 94 89
136 208 25 40 27
136 1 85 100 95
136 211 43 94 61
136 194 71 73 73
37 169 41 78 67
37 171 93 100 98
37 14 36 85 76
37 158 53 76 60
37 180 40 68 63
37 188 34 91 87
172 76 56 58 56
15 166 35 47 35
15 170 78 84 81
15 191 22 58 32
15 169 10 89 52
166 76 17 18 18
166 207 45 73 59
170 3 94 100 96
170 161 58 97 94
170 94 28 69 33
170 43 93 99 93
170 7 56 81 75
170 91 59 84 84
170 206 52 85 66
191 209 74 75 75
191 59 89 93 92
191 13 35 54 54
191 64 61 78 67
169 30 84 92 89
169 172 29 56 42
169 12 33 45 38
16 25 94 95 94
16 163 56 87 80
16 171 58 67 61
16 26 58 65 58
16 111 93 96 95
16 202 32 44 38
16 212 47 59 52
16 192 13 55 41
16 156 48 99 84
25 134 58 73 60
163 133 64 78 76
163 170 79 88 86
163 192 76 82 77
163 150 71 87 79
171 45 16 38 37
26 194 52 79 61
26 49 90 98 95
26 41 52 75 69
26 152 61 83 76
26 122 82 97 95
111 165 21 29 29
202 124 82 87 83
202 126 62 83 83
202 67 81 86 85
212 20 63 74 71
212 121 95 96 96
212 129 40 78 74
212 192 87 98 90
212 10 22 48 22
192 173 57 63 57
192 79 21 64 60
192 99 39 44 40
192 103 91 97 93
192 77 36 44 36
156 200 32 48 47
156 8 15 51 33
156 28 71 100 90
134 200 16 28 23
134 170 66 70 66
134 94 30 65 33
134 178 21 45 45
134 168 79 87 81
134 5 45 67 53
193 143 54 78 56
193 172 54 99 77
193 179 85 98 95
193 107 35 85 39
18 159 93 94 94
18 14 83 91 90
159 19 10 42 35
159 179 81 82 81
159 128 69 88 81
159 29 44 51 45
129 45 67 96 96
129 134 29 40 31
129 171 81 95 89
187 91 70 76 76
187 80 27 75 34
187 90 49 63 52
187 159 94 100 97
187 10 39 99 60
187 213 59 63 60
187 88 28 44 28
22 194 67 86 78
22 187 41 70 59
20 130 38 86 47
21 142 67 87 79
21 10 46 97 94
21 107 30 35 31
142 153 94 100 94
142 125 88 89 89
142 79 16 26 20
142 210 80 95 94
107 193 20 61 57
107 78 52 66 60
194 101 27 42 27
194 98 23 69 60
194 8 91 96 91
194 177 67 80 67
23 37 92 94 94
23 109 95 97 95
24 49 58 60 59
49 208 47 94 91
122 214 88 98 90
122 197 20 91 42
27 69 15 41 28
27 188 10 75 65
27 141 46 86 61
27 91 24 51 30
27 173 69 90 70
27 31 82 95 90
69 8 47 55 55
69 190 76 88 83
69 56 38 58 45
69 105 56 63 60
69 39 95 100 99
69 206 48 58 56
188 173 53 91 74
188 3 85 98 94
141 33 26 91 29
141 211 90 94 94
91 75 61 80 74
91 176 32 33 33
91 23 32 85 50
91 70 59 97 97
91 17 23 71 27
91 110 23 96 49
173 211 21 34 31
173 89 62 73 73
173 55 89 99 99
31 1 56 98 87
31 0 44 67 51
31 110 76 93 80
28 164 23 70 32
28 197 32 79 68
28 166 44 56 53
28 40 91 95 91
164 34 27 91 28
164 203 43 53 47
164 2 53 63 57
164 77 80 83 83
164 83 57 70 64
164 106 78 98 88
164 113 26 40 26
197 108 66 72 69
197 17 78 81 80
29 124 93 96 93
30 28 79 92 87
30 206 48 52 49
30 97 52 93 54
30 7 93 95 93
30 45 10 16 15
30 174 57 96 57
206 113 60 95 83
206 21 91 100 92
206 69 45 56 54
206 19 79 96 85
206 183 78 86 80
174 191 25 87 47
32 102 16 29 23
32 0 77 98 94
32 121 72 84 80
32 137 25 36 31
32 18 77 81 77
102 158 84 98 89
102 134 83 86 85
102 154 40 81 62
102 137 61 70 66
102 97 82 97 94
137 16 11 26 26
137 190 58 61 59
176 209 11 72 54
176 76 58 73 67
176 99 15 76 22
34 26 55 72 60
34 140 85 92 86
34 113 83 99 85
34 75 44 60 57
140 156 23 57 34
140 175 52 90 87
140 131 34 50 38
113 92 57 72 67
113 13 43 46 46
113 200 81 89 84
75 180 95 96 96
75 145 85 91 90
75 86 94 99 95
75 29 93 97 97
35 73 27 55 30
35 83 27 57 46
35 186 11 66 40
35 123 22 29 26
35 26 18 21 19
35 150 87 89 88
73 88 26 62 52
73 125 59 61 60
83 24 55 98 89
83 25 39 63 54
83 212 34 99 37
83 19 22 37 31
186 118 73 85 82
123 142 23 43 23
123 175 95 99 99
123 79 34 73 40
123 20 18 48 28
123 137 14 28 15
123 53 54 72 67
150 106 87 90 87
150 49 72 83 82
150 33 57 85 57
155 66 65 79 65
155 199 53 59 55
155 38 33 78 78
138 50 95 99 98
138 211 50 61 52
138 168 34 84 40
138 7 28 35 35
138 10 10 76 43
180 167 37 97 75
180 141 83 92 92
180 24 45 83 54
180 62 51 94 69
38 162 80 93 87
38 99 55 94 58
38 63 10 41 19
38 205 67 95 79
38 117 81 94 93
162 98 95 96 96
162 119 94 99 99
162 52 37 38 38
162 92 62 73 66
63 161 31 96 32
63 97 47 95 65
63 90 14 32 17
63 181 59 73 60
63 22 78 85 83
63 139 89 91 91
63 78 76 81 76
63 11 87 88 88
63 4 15 76 38
205 87 69 74 71
205 135 43 83 75
205 173 49 90 79
205 96 30 71 33
117 205 81 84 82
39 118 41 99 43
118 201 52 78 78
118 113 18 66 56
76 13 75 83 82
76 149 91 100 96
74 199 64 76 68
74 108 71 75 75
42 93 55 90 90
93 69 73 85 73
93 108 61 97 78
93 75 43 82 70
93 55 93 96 96
43 191 95 99 97
43 110 12 37 19
43 44 68 86 74
44 121 68 70 68
44 60 75 91 82
44 203 63 66 65
44 66 48 49 49
44 6 12 15 15
66 10 37 60 41
66 31 49 66 50
66 152 36 49 49
66 96 26 78 75
66 130 70 80 78
46 4 20 51 27
46 106 93 95 94
208 48 30 73 30
208 62 53 72 55
208 103 73 81 73
208 108 50 73 50
50 115 61 84 65
50 104 90 100 97
50 184 34 40 34
50 155 88 98 96
50 195 21 54 25
115 194 85 87 86
104 21 70 75 74
104 53 24 36 32
184 179 21 84 60
184 86 25 40 26
184 15 71 100 99
184 187 60 61 61
184 196 22 47 43
184 23 56 98 75
195 93 60 93 74
195 14 73 81 80
195 95 67 93 71
51 132 91 96 92
51 53 55 71 67
51 54 36 79 37
51 207 17 77 19
51 149 11 91 59
132 96 95 99 96
132 78 28 94 77
132 151 77 90 88
207 47 49 86 73
207 130 78 94 90
207 18 71 79 77
207 61 12 86 46
207 205 72 75 74
149 196 51 96 65
149 25 84 94 92
149 180 82 89 88
149 35 67 81 69
52 194 75 84 78
52 45 23 29 26
52 10 63 73 73
52 63 18 33 19
105 115 88 95 92
55 32 81 93 81
55 181 39 74 45
55 171 91 97 93
55 184 51 92 81
55 23 24 95 64
55 24 23 36 35
56 96 67 78 70
56 66 87 91 88
56 30 58 74 72
56 20 74 76 76
56 195 68 78 74
57 90 24 92 80
57 45 61 79 75
90 122 63 70 69
90 194 93 99 94
90 35 36 40 40
90 62 20 32 20
90 31 82 100 85
167 51 12 43 22
167 109 21 72 66
167 42 88 99 96
167 143 39 100 93
167 177 29 60 45
167 203 62 78 78
189 181 38 97 84
189 193 35 99 54
189 78 62 73 64
85 56 31 76 37
85 154 31 54 46
85 29 11 40 11
85 64 21 70 55
65 131 31 72 70
65 57 64 76 66
65 84 41 99 48
65 179 79 80 79
65 140 76 90 88
65 160 83 95 94
65 137 71 72 71
65 105 48 71 61
101 140 57 62 58
101 128 65 70 70
101 4 46 71 61
59 98 75 98 95
59 47 57 82 61
59 114 79 100 82
59 80 76 79 77
59 53 40 47 47
59 134 95 97 96
59 16 20 52 47
59 194 66 94 73
98 109 45 79 69
98 173 44 62 57
98 142 69 73 72
98 32 12 76 71
98 91 54 80 69
114 30 19 27 24
114 166 29 42 31
114 90 76 95 91
114 80 64 100 75
114 158 46 66 59
198 136 34 80 79
198 162 21 31 24
61 36 44 98 55
61 144 16 41 40
61 32 76 85 81
61 178 62 76 67
61 165 83 90 90
61 26 30 47 45
144 207 32 88 45
144 23 21 44 34
144 94 92 98 95
178 23 13 60 37
178 166 43 54 51
178 4 77 84 77
165 138 11 84 48
161 204 82 88 86
161 116 15 100 83
161 34 82 98 90
78 190 48 73 57
78 69 29 34 34
78 25 68 71 70
78 91 95 99 95
78 172 91 94 92
78 16 42 60 44
128 129 11 65 45
128 143 79 93 85
128 13 50 73 60
128 91 85 91 85
128 206 74 86 80
128 2 26 54 54
92 156 90 100 93
92 184 51 73 51
92 213 43 80 54
92 187 45 75 61
154 92 46 87 75
154 188 58 76 73
154 178 82 93 92
154 141 71 75 72
131 50 63 96 90
131 28 13 23 19
131 195 41 88 82
84 29 88 93 91
84 130 13 96 28
84 206 52 88 67
179 12 85 90 89
179 28 86 89 87
160 56 11 58 54
160 71 55 78 72
153 141 31 94 52
153 82 40 74 40
153 8 65 66 65
126 39 83 95 93
126 3 74 85 80
126 111 70 88 78
126 211 94 97 96
126 93 24 100 100
126 176 64 83 77
70 203 52 88 83
70 4 90 92 92
70 76 51 81 70
70 20 86 96 86
71 129 86 95 92
71 31 37 48 40
71 82 47 64 48
71 184 14 76 40
71 174 18 75 42
71 169 95 100 100
71 187 20 96 80
82 34 92 96 96
82 145 45 75 54
82 211 59 82 67
88 165 63 99 84
88 3 75 76 76
125 192 42 61 55
125 74 85 90 87
125 83 74 77 76
125 194 54 70 61
125 9 72 100 72
125 120 24 73 62
199 35 83 95 91
199 141 16 75 33
199 27 34 41 40
199 38 17 73 37
199 196 43 72 59
199 29 78 92 79
199 43 94 96 95
108 185 66 98 85
108 79 45 46 45
108 32 72 75 74
108 66 33 50 37
108 161 16 83 82
77 46 11 38 19
77 189 90 96 93
77 186 24 80 40
77 110 17 50 33
77 99 75 99 80
147 53 57 65 61
147 79 30 85 70
147 118 84 88 87
87 165 20 100 39
87 67 21 29 24
213 80 81 94 84
213 134 94 100 100
94 201 64 99 73
94 131 55 59 59
94 29 68 89 83
94 165 52 75 58
94 208 14 38 30
201 32 94 96 94
201 100 74 76 74
201 90 23 83 77
201 196 83 88 86
201 126 86 87 86
95 22 71 95 86
95 179 72 91 78
95 141 36 58 51
183 93 80 99 89
183 210 50 61 50
183 148 36 53 50
183 50 86 91 87
210 0 66 86 66
210 138 52 63 55
210 180 10 19 19
210 151 20 54 31
210 95 16 65 19
210 175 70 82 71
210 201 82 84 84
100 31 51 86 52
100 35 94 96 95
100 201 80 85 83
100 199 10 35 27
100 161 16 53 47
100 96 24 100 69
103 139 28 79 34
112 18 51 64 52
112 11 73 90 82
112 152 16 55 46
112 2 38 95 89
200 99 37 73 66
200 176 52 65 59
200 184 83 98 88
200 141 89 96 93
182 22 95 96 95
182 196 10 31 24
182 202 36 84 70
120 177 10 15 15
120 60 93 95 95
120 190 32 70 59
120 133 30 71 52
120 151 65 90 73
177 105 47 61 50
177 33 14 88 57
177 210 27 69 51
177 41 23 90 58
177 201 72 87 82
133 131 59 71 67
151 165 23 56 23
151 140 26 65 28
151 163 75 78 76
151 159 56 69 68
151 67 24 96 48
151 185 81 98 81
143 10 78 84 82
143 198 22 38 38
168 85 60 86 70
168 82 78 84 80
157 134 57 94 73
157 73 62 100 66
157 176 70 87 80
157 214 47 64 53
146 29 43 61 50
146 7 86 98 96
146 158 36 57 42
204 187 30 37 36
204 128 19 87 50
0 214
