68 248
0 67 51 91 82
0 6 35 57 57
0 20 85 97 90
0 60 79 91 86
0 45 50 83 68
0 55 37 99 64
0 39 73 87 83
67 32 42 60 59
67 16 77 79 77
67 57 82 86 84
6 30 11 25 18
6 54 71 85 73
6 37 50 99 59
20 23 50 54 53
60 43 51 63 62
60 25 84 88 88
60 13 13 87 22
60 29 86 91 90
60 55 32 46 32
45 18 88 91 89
45 31 94 97 95
45 26 47 75 47
45 39 40 57 43
45 52 31 52 37
45 64 33 58 49
45 47 80 87 82
45 57 21 65 47
55 5 75 99 88
55 57 83 85 85
55 26 95 98 97
39 67 18 75 26
39 12 58 79 65
39 14 94 100 97
1 12 46 77 65
1 26 24 81 77
1 50 82 88 87
1 57 17 45 23
1 58 62 93 89
12 63 21 26 26
12 6 86 91 89
12 13 36 89 64
12 14 18 28 28
26 0 95 96 95
26 4 64 76 65
26 12 32 49 46
26 27 21 82 37
26 11 22 77 48
26 59 30 38 37
50 0 69 77 74
50 12 34 87 61
57 36 85 89 85
57 22 62 69 68
57 35 60 61 61
57 2 91 99 96
57 37 41 69 64
57 55 13 14 14
58 0 54 96 92
58 39 21 90 33
58 44 71 99 94
58 66 33 78 34
58 19 20 55 43
2 8 20 99 58
2 66 16 64 40
2 14 91 96 93
2 57 46 75 62
8 57 95 100 99
8 43 70 87 83
8 58 80 84 84
66 8 51 96 52
66 62 34 72 38
66 0 86 95 95
66 22 46 67 51
14 10 33 82 35
14 19 92 99 93
14 44 49 61 53
3 36 34 65 61
3 30 70 83 75
3 56 24 88 28
3 11 40 88 48
3 42 27 50 37
3 4 12 58 18
3 48 91 98 91
36 32 94 98 95
36 24 55 89 84
36 26 80 97 97
36 9 85 100 87
30 38 63 100 66
30 22 18 99 55
56 23 52 71 57
56 29 30 65 40
11 34 54 81 67
11 37 26 87 86
11 5 22 49 30
11 0 52 92 55
11 12 79 80 79
42 35 24 74 73
42 7 63 99 74
4 57 27 33 27
4 55 41 90 84
48 2 30 69 50
48 38 50 66 50
5 45 93 99 99
5 55 62 77 72
5 53 89 97 91
53 56 54 99 83
53 3 87 92 91
54 56 50 54 50
54 33 42 63 49
54 65 39 79 45
54 0 16 33 21
54 64 71 73 73
54 26 68 71 70
37 19 35 81 46
37 27 92 96 94
37 66 63 96 84
7 25 90 97 96
7 41 48 57 57
25 15 87 92 88
25 18 29 87 61
25 58 81 91 88
25 29 79 84 84
25 38 58 94 63
25 13 65 85 83
41 29 24 67 50
43 44 48 63 54
43 33 49 95 55
43 17 10 16 11
9 16 33 43 35
9 3 26 55 47
9 20 45 57 48
9 19 37 46 37
9 56 81 100 89
9 18 68 89 87
9 8 92 94 92
16 29 92 94 93
16 18 24 50 40
16 50 89 100 91
16 2 13 20 20
19 20 80 93 80
19 66 73 100 99
19 11 13 14 13
19 54 73 85 73
19 62 39 80 44
18 5 94 99 96
18 25 38 88 79
10 44 56 58 57
10 19 51 93 68
44 10 95 97 95
44 41 86 97 86
44 33 35 51 43
44 24 52 75 52
34 65 66 72 71
34 29 83 95 85
34 3 35 38 38
34 10 56 100 97
63 46 46 56 48
63 30 91 97 91
63 9 77 100 94
63 17 42 92 72
63 11 10 98 45
63 27 70 84 78
13 36 15 39 38
15 67 36 74 65
15 34 84 99 90
15 55 33 83 56
29 55 35 42 42
29 59 87 98 89
62 66 41 79 74
62 38 95 98 95
62 35 52 58 58
23 51 55 90 82
23 62 53 75 56
21 30 23 33 29
21 58 15 43 25
21 31 36 66 65
21 62 92 100 92
21 36 73 92 82
31 58 65 76 68
31 14 78 79 78
31 3 57 75 72
31 16 81 96 94
31 22 54 64 55
22 2 80 99 82
22 17 76 95 94
22 41 63 77 74
22 6 11 52 38
51 3 13 96 90
51 11 93 99 94
24 8 45 59 56
24 48 49 66 52
24 14 46 74 68
38 58 61 75 62
38 47 87 92 92
38 15 50 84 71
38 37 23 90 24
38 56 48 54 49
38 21 24 76 33
38 36 31 68 58
27 51 45 62 50
59 52 94 97 95
59 28 95 97 97
59 61 93 97 96
28 42 93 95 94
28 6 39 46 40
28 15 78 88 88
28 52 51 99 55
52 53 93 95 95
52 39 60 98 97
32 56 71 87 78
32 11 89 100 97
32 6 89 91 91
32 52 93 100 96
33 48 68 80 79
33 56 14 34 21
33 46 27 33 32
33 34 58 100 91
33 10 10 93 33
46 6 21 63 63
46 20 94 96 94
46 59 25 26 26
65 34 31 65 38
65 67 68 82 68
65 30 77 81 79
65 60 10 49 39
65 32 18 25 21
35 48 93 97 97
35 20 74 99 83
35 36 70 97 88
47 31 39 58 42
47 8 34 74 65
47 7 58 85 62
40 66 51 90 53
40 57 28 45 33
40 3 89 96 90
40 64 75 76 75
64 58 16 17 16
64 25 70 96 86
64 50 67 72 71
49 11 69 96 77
49 54 62 76 70
49 42 20 48 42
49 7 70 91 89
61 60 68 69 68
61 28 14 44 22
61 31 41 100 82
61 6 11 91 59
61 55 54 82 80
61 64 80 89 87
0 67
