97 368
0 3 63 68 65
0 20 72 88 75
0 87 86 97 87
0 12 13 76 61
0 71 58 84 65
0 46 55 68 64
3 70 59 79 60
3 88 17 51 32
3 17 21 23 23
3 15 48 60 51
3 77 14 30 24
3 64 14 54 22
3 72 93 100 98
3 69 65 66 66
20 16 47 52 52
20 50 87 92 90
87 96 15 83 26
87 77 27 53 36
12 60 90 96 92
12 35 40 91 70
12 64 31 100 37
12 47 14 34 23
12 57 71 95 95
12 54 72 95 83
71 75 45 61 55
71 76 23 56 46
71 63 29 74 57
71 56 33 75 51
71 84 20 46 34
46 60 79 80 80
46 88 48 87 57
46 40 87 100 88
1 78 27 79 64
1 29 70 87 85
1 51 74 80 78
1 57 42 73 48
1 71 89 98 92
78 0 49 98 67
78 81 66 69 67
78 43 28 99 76
29 49 24 90 81
29 78 55 75 60
29 79 77 85 82
29 33 77 96 87
29 63 80 92 84
29 90 21 28 26
29 76 60 90 64
51 18 16 89 63
51 20 90 95 95
51 38 36 38 37
51 87 78 96 85
57 49 25 96 48
57 63 91 98 98
57 50 35 82 57
57 66 64 72 71
2 69 36 67 54
2 10 14 59 36
2 92 68 78 75
2 67 60 92 71
2 81 15 64 52
69 49 72 91 74
69 13 90 94 91
69 5 22 64 29
69 27 53 63 57
10 37 42 57 50
10 75 25 92 58
10 60 49 85 59
10 82 77 85 83
10 67 46 59 53
92 17 85 98 91
92 43 79 95 83
67 52 82 96 82
67 39 17 57 27
67 55 72 76 72
81 62 25 47 43
81 63 79 92 88
81 57 40 62 59
81 49 21 56 34
70 84 30 32 30
70 11 25 40 25
70 39 21 57 35
70 48 44 57 50
70 91 78 91 83
70 96 33 40 36
70 10 15 85 62
70 17 23 72 58
88 24 75 76 76
17 81 70 100 78
15 62 67 93 70
15 2 39 81 47
15 5 24 87 45
15 36 33 52 33
77 80 61 64 63
77 48 65 74 68
77 6 64 74 68
77 40 74 91 88
64 26 31 97 92
64 78 68 87 76
64 45 63 68 64
64 14 49 90 58
64 91 75 83 80
64 86 18 69 43
72 83 95 100 99
72 85 82 94 89
72 87 22 92 54
72 4 41 99 77
4 96 29 61 47
4 29 53 56 54
96 80 83 90 83
96 59 19 35 20
96 35 29 89 84
5 48 19 100 52
5 77 12 18 13
48 74 17 62 27
48 78 18 76 76
48 23 70 97 75
6 35 80 87 86
6 36 25 84 38
35 55 69 85 85
35 8 68 93 79
35 26 11 59 15
35 10 95 99 98
35 36 75 76 75
35 40 78 82 79
35 54 23 39 34
36 73 15 89 78
36 65 12 84 47
7 92 90 95 92
8 19 50 82 61
8 7 83 86 83
8 16 18 68 58
8 77 37 77 51
8 78 53 76 71
19 87 27 62 32
19 68 86 89 86
19 15 30 92 85
19 89 39 73 67
19 12 62 83 74
19 40 49 63 54
16 83 76 96 80
16 56 33 59 45
16 53 78 92 87
16 46 71 91 85
9 21 37 57 38
9 51 68 95 90
21 67 23 38 31
21 85 45 67 66
21 77 71 88 82
37 88 18 44 36
37 39 18 29 27
37 57 94 99 97
37 64 15 56 29
75 72 44 94 49
75 64 75 96 92
60 50 14 97 54
60 25 42 92 79
60 73 20 54 48
82 38 72 95 85
82 15 76 97 95
82 24 47 76 52
11 89 65 99 71
11 96 63 80 80
11 85 15 78 76
11 63 73 100 87
11 35 22 35 27
11 56 31 77 35
11 13 74 99 83
89 72 15 72 25
89 19 42 95 46
89 41 68 92 88
89 90 84 88 88
85 72 19 41 25
85 93 53 95 59
85 22 78 88 83
85 86 86 95 91
63 37 71 81 74
63 53 35 37 37
63 47 83 85 83
63 0 59 90 69
63 73 66 80 78
63 48 59 64 60
63 91 79 98 96
56 81 11 29 27
56 52 90 91 91
56 4 42 73 67
56 85 13 100 15
56 63 44 60 54
56 84 31 32 31
56 60 75 77 75
13 1 60 95 60
13 6 48 93 71
13 73 90 92 90
47 91 54 57 56
47 9 73 100 84
47 78 36 62 61
47 39 86 89 86
73 8 30 60 43
73 38 94 95 95
73 34 74 88 83
73 50 40 97 78
14 95 36 48 37
95 51 15 86 31
62 57 37 95 48
62 14 56 94 65
62 10 23 78 46
62 29 28 43 39
83 32 85 90 87
83 48 76 78 76
83 23 53 92 61
53 80 12 95 63
53 75 31 87 41
53 70 39 60 51
18 3 73 88 77
18 19 55 92 89
18 76 18 81 80
18 36 36 52 46
76 77 14 77 42
76 63 19 23 21
68 35 12 55 45
68 26 57 95 72
68 63 45 87 80
68 78 55 98 98
68 42 26 50 40
68 9 16 83 32
68 15 91 96 92
68 94 32 82 74
40 61 81 89 81
40 3 78 80 78
40 57 62 67 62
40 45 56 97 94
40 33 21 94 60
50 65 76 89 87
50 49 40 66 54
50 39 92 93 93
50 37 84 87 85
50 22 94 100 99
50 93 84 88 84
50 82 69 96 91
50 67 47 78 62
50 86 54 90 76
22 88 83 91 90
23 56 66 88 76
23 54 61 83 61
23 11 42 91 75
23 9 35 96 94
24 9 60 85 68
24 2 36 99 44
24 53 70 95 70
24 44 44 74 58
24 52 77 86 81
44 17 83 95 86
52 90 21 50 44
52 62 50 88 58
52 50 23 61 54
52 40 83 85 84
52 24 49 68 60
25 24 89 96 89
25 36 66 100 72
25 31 62 95 93
25 67 66 77 72
31 71 47 87 61
31 43 92 94 92
31 78 14 17 16
31 3 77 81 81
26 75 75 98 87
26 88 74 86 86
27 51 44 92 61
27 3 33 40 38
27 30 44 70 64
30 52 32 47 36
30 69 30 76 42
30 68 91 100 95
28 8 19 77 66
28 92 81 82 81
28 68 88 95 89
28 32 80 97 91
28 94 94 96 95
32 53 57 75 70
32 96 68 98 79
94 95 61 84 80
79 29 11 46 15
79 86 78 91 90
79 34 31 38 38
33 40 88 92 91
90 8 81 98 91
90 74 52 81 69
90 93 16 35 24
90 56 53 89 75
90 23 34 92 87
90 9 38 58 58
90 78 92 93 93
90 75 41 85 59
90 58 39 77 57
34 22 54 58 58
34 4 74 98 87
55 47 75 94 91
55 71 47 63 54
55 34 34 50 44
55 29 41 65 65
55 73 34 96 42
55 95 75 85 80
65 43 78 80 79
65 47 32 90 36
65 86 81 82 82
65 26 81 95 92
39 22 46 67 48
39 1 57 63 63
38 80 20 63 42
38 67 27 83 38
38 64 89 90 90
38 2 27 31 27
38 51 65 88 72
80 5 37 71 45
80 50 24 63 38
80 15 19 22 21
80 61 24 94 67
80 46 34 58 53
61 71 10 92 17
61 81 15 97 62
61 14 73 88 88
61 85 81 89 87
61 13 30 44 33
45 88 87 92 88
45 23 83 92 90
45 72 28 72 44
45 54 24 27 25
45 89 23 86 56
45 8 35 100 97
41 23 43 59 43
41 90 66 83 78
41 54 39 49 45
41 74 26 85 31
41 37 40 47 46
41 53 56 74 56
74 94 95 99 99
74 8 35 90 64
74 69 72 100 72
74 29 45 97 82
74 9 88 98 89
42 73 21 41 24
42 72 93 94 93
42 94 57 82 66
42 68 50 55 54
91 78 15 74 31
91 81 65 74 68
91 53 55 92 57
91 56 68 70 68
91 12 15 55 33
93 75 55 61 58
93 14 46 47 47
86 40 65 66 65
86 17 43 59 43
86 42 26 61 49
86 82 58 81 70
84 52 23 27 25
84 74 59 79 65
84 58 37 40 37
66 60 20 49 42
66 35 76 78 77
66 41 30 65 61
58 59 79 92 83
58 35 43 89 74
58 21 15 78 39
58 42 95 97 96
59 58 60 88 79
59 31 45 91 49
59 55 54 78 58
59 35 18 60 58
0 96
