714 2216
0 389 21 85 43
0 520 26 69 64
0 648 85 99 85
0 114 51 85 65
0 455 69 71 69
389 148 84 92 88
389 683 44 76 58
389 11 59 76 60
520 421 81 82 82
520 62 14 98 83
520 234 30 70 32
520 694 75 97 93
520 604 13 73 36
648 291 92 93 92
648 675 43 53 51
648 465 70 87 83
114 142 34 63 55
114 107 58 74 58
114 240 14 81 80
455 479 47 62 47
1 36 27 50 44
1 420 30 96 75
1 585 43 94 50
1 249 42 87 66
36 326 46 95 55
36 559 84 92 85
585 37 41 79 46
585 219 82 91 85
585 621 59 62 60
585 320 56 73 68
249 169 12 56 52
249 394 42 54 47
249 679 47 70 49
249 418 27 92 72
249 674 44 98 50
2 510 64 98 78
2 212 47 93 54
2 584 74 94 86
2 405 43 68 63
510 194 84 98 85
510 195 47 93 84
510 197 50 89 55
510 205 16 67 57
212 707 13 73 43
584 633 85 92 91
405 673 49 83 55
405 559 40 78 43
3 238 82 94 82
3 602 89 91 91
3 445 73 81 78
238 274 30 93 77
238 104 66 86 83
602 351 47 78 70
445 365 36 76 58
445 364 65 97 96
445 276 92 95 93
445 570 85 89 86
4 75 29 96 39
75 444 61 70 67
75 518 46 85 49
75 169 28 31 28
6 353 71 91 71
6 332 20 39 21
6 387 49 54 52
6 674 41 44 44
353 452 16 19 19
353 602 15 99 40
332 561 16 69 56
332 416 20 70 63
332 293 70 74 72
387 608 83 90 83
674 64 73 85 84
674 658 94 97 95
674 412 68 85 68
7 369 62 74 65
369 335 24 29 25
369 220 58 100 59
8 637 87 98 92
637 645 57 63 60
637 405 92 100 95
637 93 58 68 68
637 118 78 97 79
9 393 33 78 69
9 284 20 33 29
393 197 31 47 37
393 512 71 86 84
393 593 24 81 29
284 421 85 87 87
284 155 85 96 94
284 322 42 71 54
10 653 84 98 86
10 55 86 87 86
10 646 43 79 69
653 245 63 88 64
653 460 62 99 72
55 427 36 68 58
55 484 81 97 83
646 667 41 76 42
646 284 28 50 29
646 286 77 84 82
11 334 20 36 20
11 53 15 85 68
11 668 60 69 62
334 44 77 93 87
334 0 83 89 89
334 535 55 98 89
334 18 55 69 67
53 361 47 55 49
53 370 35 70 68
668 556 89 97 89
668 430 18 65 21
12 486 13 49 24
12 37 34 82 79
12 161 67 82 69
486 537 16 58 27
486 30 32 89 59
486 131 54 90 70
486 279 91 94 92
37 323 81 91 89
37 377 57 96 75
161 37 69 84 83
161 713 73 99 99
161 501 94 99 94
161 649 16 77 47
13 240 20 98 63
13 62 27 62 42
13 406 75 95 84
13 134 51 67 58
240 327 28 40 33
240 326 66 86 81
240 27 23 48 34
62 8 14 45 35
62 207 64 85 84
62 73 46 97 62
62 638 27 94 77
406 680 34 62 42
406 71 75 85 78
406 599 72 93 86
134 604 37 44 41
134 199 95 96 95
14 254 62 68 64
14 581 64 69 67
14 400 49 64 59
254 105 51 83 76
581 518 94 95 94
581 675 70 72 70
581 68 31 67 42
400 114 85 93 93
15 544 11 90 57
15 611 50 75 65
544 1 93 98 93
544 272 31 85 50
544 235 18 64 49
544 129 24 34 28
544 32 56 80 60
611 479 15 18 17
611 235 28 32 30
611 151 81 84 81
16 185 39 95 75
16 102 58 69 68
16 93 49 89 88
185 126 11 66 47
185 657 64 91 64
185 313 74 83 82
102 8 62 89 75
102 516 10 34 28
102 639 90 100 99
102 238 59 69 63
102 143 76 85 76
93 317 90 100 92
18 628 76 95 94
18 671 25 45 30
18 429 19 37 25
628 294 21 66 54
628 697 38 76 58
628 104 65 98 83
671 311 13 41 31
671 630 66 73 68
429 702 14 59 50
429 529 50 74 57
429 618 34 35 35
429 426 15 77 47
19 20 48 70 48
20 526 60 68 60
526 409 33 93 93
526 562 75 97 80
21 302 77 90 79
21 376 94 99 99
21 466 52 60 56
21 325 12 99 31
21 545 52 80 65
302 60 33 63 37
376 677 70 71 71
376 69 66 78 76
376 241 11 71 44
376 289 91 97 91
376 261 70 90 80
466 213 83 91 83
466 568 22 84 35
325 536 67 82 68
325 116 44 57 53
545 198 68 91 85
545 393 38 45 44
22 349 91 100 93
22 482 57 81 63
349 252 45 75 47
349 211 51 69 68
349 180 92 96 93
349 320 77 81 77
482 438 32 90 74
482 285 17 74 47
482 10 66 90 90
23 365 75 92 91
23 706 16 71 42
365 703 35 83 67
365 516 36 59 45
365 450 78 86 81
365 444 71 78 77
365 264 89 99 95
365 219 78 95 94
365 622 18 99 63
365 409 67 73 70
365 577 25 94 89
706 436 77 97 81
706 519 83 91 87
706 220 40 97 54
24 159 88 100 90
24 33 62 76 76
24 216 11 18 13
24 520 39 61 43
24 591 14 35 14
159 699 79 96 84
159 269 67 91 75
159 685 53 66 59
159 474 23 54 53
33 708 95 96 95
33 276 36 99 66
33 249 28 72 40
33 652 21 64 36
216 662 54 65 58
216 34 45 57 47
216 544 94 99 98
591 472 21 38 30
591 699 13 46 44
591 549 21 100 80
591 122 69 84 77
591 404 66 76 76
25 382 92 98 98
25 600 84 85 84
382 388 94 100 94
382 496 25 91 38
382 87 72 79 77
382 7 63 84 79
382 11 92 99 94
600 67 11 64 49
600 515 15 40 16
600 630 62 90 87
600 81 39 88 79
26 261 40 56 46
26 363 56 87 73
26 561 67 95 92
26 84 58 92 91
26 614 90 91 91
26 529 40 49 49
26 286 21 43 43
261 88 53 94 79
261 353 70 90 86
261 551 88 92 88
261 211 15 64 48
363 480 95 98 98
363 291 67 89 82
363 209 17 93 76
561 319 52 99 59
561 157 72 91 73
561 454 71 100 94
84 126 28 79 71
84 461 18 83 35
84 411 13 27 14
84 307 84 92 87
84 414 22 93 25
614 706 13 18 17
614 299 53 60 58
614 15 13 68 19
614 168 24 61 36
529 388 19 56 51
529 639 11 50 15
529 242 57 85 61
529 7 59 98 76
286 644 36 79 73
286 282 52 62 55
27 81 80 87 83
81 187 10 91 60
81 562 37 93 50
28 322 32 68 67
28 4 10 95 55
28 641 85 94 86
28 561 88 93 93
28 65 58 59 58
322 454 52 83 81
322 204 91 95 92
641 266 61 68 68
65 386 23 68 61
65 211 86 93 86
29 59 90 95 94
29 675 48 96 81
29 353 69 100 79
59 682 27 81 53
59 273 73 79 76
59 376 70 79 78
675 264 75 80 76
675 611 62 71 63
675 238 24 56 55
30 434 48 81 61
30 255 34 69 38
30 303 41 73 64
434 357 53 84 69
434 465 82 94 83
303 410 92 93 92
303 78 77 91 88
303 66 10 22 20
303 358 80 96 85
303 44 61 75 64
31 416 54 59 54
31 581 84 97 86
31 498 65 89 79
416 257 54 82 68
416 224 64 98 64
416 680 18 79 68
32 87 88 95 89
32 171 60 93 76
32 630 48 59 50
32 191 64 78 78
87 38 50 61 51
87 490 88 93 91
87 213 73 100 80
171 712 27 54 50
171 194 66 91 74
171 549 59 96 59
630 408 66 99 79
630 655 36 59 36
630 52 71 98 98
191 106 84 98 86
191 109 43 95 49
708 348 11 66 35
708 135 55 99 88
708 229 22 73 46
708 332 31 82 43
276 7 34 67 41
276 260 60 69 60
276 610 89 97 92
652 706 22 73 63
34 278 47 55 54
34 633 43 48 46
278 367 62 100 73
35 533 49 83 83
35 153 11 35 31
533 559 18 89 37
533 461 61 83 65
533 706 15 72 38
153 470 79 94 83
326 293 22 66 51
326 388 90 97 90
326 579 23 31 27
326 423 92 93 92
559 52 43 82 76
559 701 15 37 33
323 327 72 76 72
323 122 18 90 71
323 625 27 98 69
377 83 44 48 45
377 567 67 83 79
38 491 28 33 32
38 362 11 67 42
38 293 92 99 98
38 111 11 56 24
491 387 22 43 43
491 293 23 59 32
362 481 33 83 36
362 496 72 93 85
362 214 42 97 78
362 537 63 71 70
362 163 12 37 16
362 73 29 59 35
293 706 40 81 76
293 362 89 96 89
293 173 10 79 36
293 699 77 79 77
39 404 20 33 21
39 658 59 73 64
404 390 48 89 53
404 239 10 28 13
404 583 26 37 32
658 407 14 51 26
658 22 62 83 79
658 107 95 100 99
658 569 72 75 73
40 497 82 89 83
41 302 48 59 48
41 457 47 99 54
41 227 92 93 93
41 216 64 68 68
457 119 69 91 89
457 271 81 88 86
457 8 89 92 90
227 469 60 67 65
227 455 11 17 15
42 238 16 31 22
42 163 47 74 63
42 417 35 41 40
163 575 69 71 70
163 475 10 87 15
163 162 72 87 87
163 248 71 83 82
417 161 36 71 40
417 200 89 99 98
417 657 81 85 83
43 557 85 92 86
557 624 63 83 81
557 581 34 47 34
557 406 45 50 45
557 616 44 84 73
557 411 35 95 52
44 496 45 93 63
44 466 14 97 51
44 115 21 65 43
496 391 31 63 41
496 510 29 43 31
115 578 48 79 57
115 377 29 95 86
115 412 61 82 78
46 195 38 91 72
46 459 44 83 74
195 681 88 96 92
195 697 55 68 58
459 690 27 74 61
459 550 30 69 55
459 335 68 79 68
459 626 62 69 68
47 622 32 69 51
622 547 79 92 89
622 314 73 93 76
48 147 32 91 68
48 416 89 100 100
48 79 48 54 50
48 470 12 56 23
48 15 23 85 23
147 404 71 88 85
147 319 44 78 66
79 34 15 61 36
79 155 32 76 63
79 300 12 26 24
470 335 54 58 57
470 362 91 96 96
470 233 53 72 57
470 285 21 66 59
49 26 84 92 87
49 142 47 86 57
49 373 65 76 65
49 336 39 56 43
142 39 38 98 64
142 133 68 96 95
373 649 11 18 13
373 179 65 68 67
373 678 79 90 87
373 676 74 76 76
373 8 32 38 36
373 56 61 66 61
373 198 23 27 24
336 251 92 98 96
50 374 75 97 85
374 653 44 91 88
374 539 30 31 30
374 703 24 89 89
374 276 70 81 76
374 188 38 86 48
51 124 73 79 76
51 192 26 66 41
51 194 58 61 58
51 570 26 93 90
124 245 13 42 27
124 52 70 88 86
192 598 60 70 68
192 59 18 44 23
192 625 81 88 88
194 683 88 95 88
194 637 91 98 93
194 145 20 23 23
570 650 61 91 69
570 461 32 42 41
570 28 65 97 67
570 157 82 86 85
52 144 89 97 95
144 690 43 100 72
144 685 94 96 94
144 548 31 49 48
361 413 46 55 54
361 688 86 89 88
361 418 36 88 46
361 487 90 95 94
370 526 91 96 96
370 461 50 60 53
370 551 57 85 58
54 311 33 58 43
54 148 84 93 90
54 3 24 32 26
311 317 25 26 25
311 685 68 83 77
148 452 78 84 80
148 123 69 76 76
148 149 28 80 74
148 40 59 62 61
148 229 75 86 86
148 6 92 99 95
427 416 37 46 44
427 150 66 93 86
427 241 62 89 87
427 176 77 92 83
484 231 17 22 19
56 221 65 93 83
56 582 18 77 50
56 59 29 96 46
56 610 92 97 93
221 634 27 94 58
221 129 90 98 90
221 420 48 71 63
221 103 14 44 18
582 336 88 92 89
582 685 43 66 56
582 683 12 77 49
582 426 14 90 77
582 272 89 90 90
582 209 25 89 52
610 663 79 96 86
610 656 32 88 46
610 145 68 92 79
610 712 13 70 70
610 314 12 57 34
57 214 92 97 94
57 469 63 90 76
214 185 49 72 63
469 310 68 99 98
469 580 47 89 53
469 343 58 93 58
58 217 86 90 90
217 129 88 90 90
217 160 78 86 86
682 295 29 81 74
273 630 19 46 20
273 694 85 93 85
273 552 49 66 57
273 106 37 75 74
273 57 60 89 81
61 30 79 83 81
61 210 34 53 46
61 359 81 99 87
61 227 50 91 51
210 335 52 59 59
210 67 56 61 58
359 588 24 89 54
359 454 80 89 83
359 590 85 87 86
359 536 81 95 82
359 99 28 31 31
359 554 59 68 60
207 352 95 96 95
207 466 28 66 28
73 144 27 77 45
73 422 92 96 92
73 199 29 78 73
73 658 52 53 52
73 231 10 74 74
638 710 81 96 84
638 639 34 63 38
638 207 83 85 85
638 191 90 94 94
63 487 28 94 53
63 299 27 67 32
63 4 47 66 66
63 255 26 83 45
487 483 73 87 77
487 72 51 74 54
487 427 56 59 59
487 69 56 89 58
299 553 17 30 18
299 195 62 68 68
299 393 52 91 72
299 634 43 78 62
299 378 68 98 98
64 33 41 62 41
64 361 19 89 77
64 34 14 78 42
64 516 13 64 24
516 65 65 66 65
516 374 39 41 41
516 331 87 98 97
211 679 32 65 35
211 435 43 90 60
211 667 55 67 59
211 119 64 82 82
66 366 10 37 15
66 76 59 65 61
66 617 28 44 42
366 333 29 52 35
366 352 27 47 47
366 393 95 100 95
76 171 33 52 49
76 600 47 80 51
76 157 81 91 84
76 627 53 82 72
76 158 16 37 17
76 391 57 97 77
76 565 31 41 40
617 601 47 84 68
617 312 84 85 84
67 248 42 67 48
67 103 20 90 76
67 149 17 86 41
67 1 29 99 95
67 449 79 86 83
67 126 67 85 74
248 434 88 92 88
248 111 40 51 50
248 557 51 67 58
248 693 89 92 90
248 9 62 93 82
103 70 36 90 52
103 253 31 79 68
103 363 28 29 28
103 533 72 78 75
149 213 78 97 96
149 560 27 97 73
149 532 90 98 90
149 635 62 98 69
449 415 14 89 57
126 400 78 93 78
126 414 88 96 91
126 176 64 90 68
68 661 11 42 37
68 362 37 98 40
661 219 59 70 70
661 147 41 46 44
69 81 91 97 95
69 496 91 92 91
69 584 66 92 69
69 104 51 84 65
69 331 16 57 17
69 177 31 76 63
69 426 10 11 11
104 542 51 80 66
331 153 53 71 65
331 619 30 75 67
331 590 31 77 31
177 326 52 68 68
177 208 64 68 64
177 449 54 60 56
177 21 27 35 31
177 52 95 98 98
426 456 75 98 75
426 216 89 97 90
426 264 54 80 71
426 525 62 91 85
426 143 21 43 35
426 660 58 79 62
70 463 86 88 88
70 416 65 87 87
70 30 92 100 98
70 514 21 72 63
70 611 71 91 76
70 130 73 96 91
463 240 46 67 48
463 416 35 67 58
514 77 62 100 79
514 95 82 93 91
514 276 27 52 44
514 166 13 75 49
514 414 90 92 91
514 607 13 81 63
130 711 62 67 64
130 461 85 88 87
130 573 43 57 45
71 95 84 86 86
71 651 41 54 47
71 705 48 62 62
71 557 94 100 94
95 420 74 92 74
651 10 93 99 99
705 212 39 49 43
705 506 78 83 80
705 512 46 47 47
705 634 62 71 71
705 401 12 43 29
705 235 69 88 75
705 306 17 74 74
705 535 18 55 26
72 626 69 99 70
72 646 56 91 57
72 690 50 76 64
72 351 59 95 74
72 162 40 85 62
72 636 12 83 60
72 201 24 43 41
626 703 45 60 49
626 386 42 45 45
626 311 20 63 48
626 297 68 90 75
690 246 75 88 81
690 304 52 60 57
690 215 86 97 95
351 566 87 100 100
351 550 82 87 85
351 525 78 94 84
351 477 18 80 63
351 328 33 97 38
162 244 95 99 96
162 509 46 70 63
162 551 55 60 56
636 123 72 87 87
636 205 62 92 77
636 67 80 86 81
636 185 14 77 39
636 165 70 73 71
201 469 38 85 46
201 487 68 90 89
422 493 29 70 58
199 524 82 98 91
231 683 50 99 54
74 190 69 95 74
190 432 47 87 56
444 373 52 75 67
444 306 51 64 55
444 392 69 100 97
518 546 38 81 40
518 513 82 86 84
157 79 86 93 89
157 289 76 94 94
627 654 89 98 97
627 60 46 50 48
627 542 33 69 53
627 298 67 84 81
158 164 33 95 76
391 26 72 92 73
391 378 74 85 83
391 372 85 99 97
391 289 51 56 56
565 195 91 99 95
77 593 93 94 94
77 278 60 96 66
77 392 27 60 39
593 278 67 87 78
593 459 58 68 63
392 534 77 99 98
392 4 43 93 51
392 606 85 92 90
78 663 22 76 62
78 586 60 72 61
78 153 31 90 69
78 168 75 90 87
78 182 26 78 76
663 578 16 95 32
663 691 42 75 51
663 229 36 39 37
586 281 18 45 22
586 483 12 96 29
586 457 77 80 79
586 656 26 49 33
586 371 55 89 70
586 698 80 83 82
168 601 79 96 83
168 481 55 97 97
182 93 16 91 31
182 392 12 71 21
155 684 94 100 95
155 391 73 76 73
155 167 85 100 91
155 91 32 59 49
155 215 25 86 47
300 602 61 85 69
300 637 52 77 77
300 695 12 78 39
300 44 92 95 93
300 145 95 98 97
80 221 36 73 72
80 262 88 94 93
80 647 27 50 28
262 2 85 89 86
647 531 57 73 72
647 479 37 42 41
647 361 71 89 89
647 463 62 83 69
187 414 16 37 20
187 585 42 89 51
562 454 38 48 48
562 121 55 85 58
562 35 41 91 68
562 375 52 61 57
562 447 75 83 81
562 236 38 91 80
82 312 39 47 43
82 643 43 59 44
312 463 76 86 79
312 244 88 90 89
643 66 16 20 17
643 450 69 70 69
83 250 93 95 93
83 410 26 62 32
250 540 39 92 84
250 607 24 78 36
250 300 63 72 72
250 321 32 84 44
250 235 13 63 28
250 281 12 72 41
250 433 52 57 53
410 590 49 78 67
410 659 50 75 75
410 639 90 100 90
410 286 57 88 75
410 409 85 92 86
410 246 53 59 57
410 598 93 100 98
410 186 30 67 30
410 249 23 95 77
461 334 89 92 90
461 670 21 94 70
411 526 26 90 74
411 397 33 52 43
411 97 65 85 84
411 43 49 81 68
411 445 52 72 64
307 440 58 64 64
414 25 50 64 62
414 248 64 98 96
86 439 94 100 96
86 101 20 39 39
86 472 16 50 43
86 209 95 97 96
439 492 27 52 51
439 704 88 89 89
439 556 34 60 36
439 469 58 81 81
472 555 83 98 83
472 641 28 72 59
472 362 48 54 54
472 635 82 83 83
209 611 26 60 26
209 74 52 73 68
209 272 43 74 52
209 28 24 61 34
209 549 44 84 56
209 516 94 97 97
490 65 77 80 79
490 392 29 51 43
213 304 83 97 90
88 669 17 53 44
88 348 83 89 88
88 76 79 94 82
88 560 45 47 45
88 619 30 64 57
669 207 62 74 71
669 149 48 77 51
669 241 81 83 81
669 140 16 69 57
669 161 94 95 94
669 446 59 83 71
348 98 13 70 42
348 533 63 64 63
348 226 22 82 45
348 359 82 85 83
619 661 38 84 44
89 234 64 83 69
89 37 17 43 21
89 498 78 81 79
89 409 39 75 66
89 575 76 78 78
234 528 31 78 55
409 28 80 98 94
409 325 44 60 45
409 183 22 79 54
409 419 29 92 35
575 420 93 95 94
90 45 92 95 93
90 381 81 94 93
90 452 84 88 84
90 73 17 71 29
381 367 30 57 37
452 166 76 89 85
452 614 53 66 61
452 592 25 56 26
452 488 83 87 85
91 58 89 90 90
91 622 77 91 83
91 373 88 92 92
92 625 25 87 75
92 158 17 48 21
625 16 26 63 37
625 640 17 34 27
625 485 32 83 42
317 29 42 66 54
317 427 55 77 63
317 350 42 63 59
317 622 27 36 35
94 266 10 80 20
94 427 13 29 27
94 214 27 95 93
266 288 83 90 83
266 668 84 93 87
266 677 72 76 76
266 629 67 71 68
266 495 45 76 64
96 359 19 34 29
97 460 78 91 87
97 47 56 59 59
97 311 40 98 42
97 515 15 54 26
460 689 74 96 86
460 694 73 77 73
515 146 35 36 35
515 549 21 67 36
515 187 12 21 14
515 57 22 78 48
515 161 56 65 64
515 30 63 83 75
515 31 92 99 95
98 603 19 42 38
98 435 92 95 93
603 170 11 12 12
603 372 19 81 22
603 29 80 95 94
435 482 65 85 71
435 497 46 100 61
435 366 59 66 61
99 108 15 93 85
99 375 21 70 28
108 573 92 94 94
108 83 26 47 38
108 58 88 100 90
375 469 94 98 98
375 684 63 97 78
375 165 76 97 93
375 359 93 96 95
375 120 27 48 27
100 140 33 63 39
100 461 23 27 24
100 2 20 88 63
100 85 88 93 93
100 637 68 74 74
100 420 14 80 22
140 38 43 57 56
639 18 42 65 64
143 17 57 83 75
143 626 36 65 60
143 335 80 98 98
143 519 36 65 55
253 65 11 49 20
253 330 58 75 70
253 159 43 86 67
253 59 39 65 64
253 455 92 96 95
542 279 41 100 88
542 353 22 88 38
105 681 92 96 93
105 519 72 87 87
681 423 90 99 91
681 598 39 91 91
681 434 39 45 44
681 49 42 90 63
519 660 81 97 82
519 410 61 94 67
519 679 69 89 77
519 675 36 49 47
519 592 14 79 27
106 542 17 89 63
106 381 92 95 94
106 205 73 88 84
205 255 67 72 68
205 99 35 79 55
205 415 92 95 93
107 219 68 89 84
107 359 69 87 81
107 133 30 33 32
107 43 62 70 68
219 201 94 96 96
219 395 28 97 46
219 560 59 80 72
133 161 81 99 89
133 428 95 98 95
133 639 82 85 82
133 272 86 89 87
133 51 72 92 88
573 510 69 75 75
573 337 68 89 79
109 550 52 100 88
109 647 51 91 83
109 302 13 100 98
550 595 57 96 77
550 16 83 90 89
550 126 80 82 82
550 326 34 43 36
550 99 53 84 82
550 403 23 94 36
550 271 93 98 97
550 142 21 92 70
110 108 26 40 38
110 159 34 53 36
112 529 81 93 92
112 527 11 51 36
527 618 61 72 61
527 64 17 79 78
527 77 93 97 95
527 490 79 81 80
113 597 18 40 30
113 587 61 77 75
597 311 63 82 79
597 160 22 32 22
597 66 43 87 75
597 685 89 94 94
597 712 48 74 74
587 147 29 32 32
587 676 23 33 24
578 690 64 86 66
578 670 35 89 59
578 9 61 65 61
412 571 47 85 82
412 630 16 96 80
116 400 40 42 41
117 512 89 90 89
117 147 89 90 90
117 634 15 91 76
117 109 73 80 73
117 105 14 40 17
512 344 22 49 40
512 54 59 98 75
512 271 69 96 92
634 412 72 96 86
634 186 53 73 55
634 637 50 83 68
634 550 75 85 85
118 441 59 69 61
118 295 39 74 64
118 347 79 95 94
441 374 80 99 88
441 504 50 60 60
441 259 45 96 67
441 417 55 83 80
295 30 92 94 93
295 253 17 77 44
295 464 60 89 89
347 699 51 85 53
347 271 77 94 85
119 435 79 81 81
120 371 54 69 59
120 642 75 97 88
120 425 38 92 65
120 680 59 94 80
120 564 91 100 99
371 528 35 85 67
371 563 30 55 50
371 99 46 100 96
371 293 31 94 55
371 625 39 52 49
642 359 57 59 59
642 181 15 71 46
642 77 13 91 63
425 255 67 99 67
425 159 54 83 68
425 505 47 72 51
680 582 35 98 46
680 3 66 71 68
680 479 49 93 82
564 500 30 34 33
564 456 31 42 31
564 58 50 82 67
121 303 74 97 89
121 403 63 81 68
121 64 37 85 38
121 713 87 95 93
121 651 94 99 99
403 692 59 92 87
403 365 66 67 66
403 533 12 56 55
713 222 33 79 77
122 475 66 72 69
122 650 27 66 40
475 562 13 17 16
475 28 59 75 66
475 631 32 36 36
475 86 63 70 65
650 518 57 84 62
650 416 10 95 36
650 426 37 71 52
650 655 68 73 68
123 589 55 67 61
123 630 16 78 61
123 694 49 68 56
123 230 78 97 94
589 335 62 85 71
694 542 56 95 72
694 571 86 87 86
694 241 91 99 94
694 159 94 98 95
694 633 73 79 73
230 437 28 93 53
230 386 74 75 75
230 418 66 75 70
230 167 48 88 74
230 596 80 96 80
230 243 84 89 87
245 23 80 92 82
245 4 39 54 50
125 619 38 54 50
125 6 65 71 69
125 549 35 74 44
549 644 52 81 62
549 602 13 19 18
549 94 70 83 70
549 80 78 97 79
176 574 37 56 40
176 348 74 99 78
127 610 41 68 57
128 398 63 70 64
128 126 21 72 72
129 619 33 38 37
129 210 33 52 41
711 513 36 98 81
711 684 13 54 15
132 677 90 100 92
677 590 40 85 55
677 392 48 69 54
428 425 26 85 79
428 171 53 92 58
428 224 68 92 69
428 285 22 92 91
272 242 18 60 51
604 145 60 64 63
604 534 60 75 75
604 143 26 42 41
604 72 47 51 50
604 151 19 52 52
604 34 18 31 26
604 111 65 68 68
135 186 11 43 20
135 2 73 84 79
135 177 79 84 84
186 666 69 78 70
186 353 57 67 60
136 444 93 96 96
136 709 16 96 41
136 210 21 85 71
136 701 22 35 24
709 104 53 63 58
709 642 29 45 38
701 16 94 95 95
701 462 40 47 44
701 96 87 90 87
701 329 25 70 31
701 113 94 99 98
137 203 35 91 50
137 623 41 68 42
137 204 84 100 96
137 12 90 95 94
203 562 60 76 70
203 69 91 98 92
203 574 74 88 87
203 694 85 89 89
203 195 50 59 57
623 372 14 79 38
623 444 70 71 70
623 580 62 85 69
204 290 14 82 75
138 217 70 100 80
138 323 35 81 66
138 414 39 88 86
138 262 24 36 27
138 300 13 40 30
139 195 15 88 29
139 43 46 59 47
141 385 79 96 86
141 380 21 24 21
385 293 49 55 52
380 56 32 49 48
380 210 74 78 75
380 338 23 25 25
380 474 49 94 91
335 683 93 99 95
685 380 58 92 80
685 403 13 20 18
685 384 46 67 67
145 674 94 96 96
145 624 23 27 24
145 293 76 86 83
146 0 52 71 58
146 577 95 97 95
146 276 25 38 26
146 106 12 66 42
577 446 25 63 25
319 299 39 41 39
319 87 33 46 42
319 449 75 83 80
229 696 88 96 93
229 442 52 98 79
229 227 88 97 91
229 264 19 83 64
532 618 73 96 90
532 670 91 98 97
532 548 86 100 94
532 397 16 41 21
635 74 26 37 37
635 79 33 42 33
150 169 33 47 43
150 706 64 94 66
151 284 93 99 99
151 470 67 96 92
152 107 54 68 63
152 27 73 89 84
152 283 75 98 81
152 682 10 11 11
152 245 81 93 81
152 665 62 89 87
152 193 88 89 88
152 165 51 55 53
152 291 91 97 92
283 635 20 47 37
283 469 34 39 35
283 275 41 55 47
665 304 86 91 88
665 546 10 38 25
665 161 43 62 59
193 159 64 100 79
193 690 40 42 40
193 44 15 69 60
193 207 33 92 78
193 337 57 88 79
165 121 74 96 85
165 431 70 97 83
165 37 85 95 90
165 80 68 92 69
165 225 34 37 37
165 269 27 94 49
291 111 91 99 91
291 578 85 92 92
291 5 23 34 34
291 100 43 94 50
154 699 63 90 85
154 389 95 98 97
154 612 79 86 81
154 142 20 21 20
154 375 50 81 56
154 658 28 63 40
699 120 36 41 41
699 259 27 92 86
699 71 45 74 60
699 10 29 91 40
699 528 28 34 34
699 188 45 57 51
612 693 83 99 86
612 558 35 51 38
612 285 18 28 20
612 700 68 97 89
167 496 48 50 48
167 584 12 90 72
167 649 95 100 95
167 454 74 96 93
167 274 85 91 91
167 214 46 76 50
167 541 86 99 95
167 693 76 83 81
215 362 69 92 87
215 614 47 50 49
215 86 92 96 94
215 620 27 32 29
156 456 71 73 71
456 59 37 49 38
456 161 16 63 25
289 639 68 81 80
289 273 11 92 80
289 522 13 75 42
289 578 61 69 63
289 478 11 88 73
289 605 47 62 50
164 461 18 19 18
164 290 24 80 32
164 344 12 77 41
164 212 80 82 82
269 559 95 96 96
269 389 43 57 53
269 631 71 92 79
269 283 95 98 96
269 498 77 99 83
474 501 78 98 86
474 248 30 75 49
160 496 89 94 93
160 518 71 82 71
160 484 41 71 48
160 280 86 91 89
160 427 75 92 85
160 572 10 44 32
280 168 33 53 39
280 293 70 99 79
280 169 40 93 88
572 380 89 99 94
572 710 93 95 95
572 521 67 71 67
501 272 95 96 96
649 74 21 78 21
649 436 18 67 27
649 344 28 34 33
244 382 65 98 83
244 109 41 91 80
244 215 42 85 74
244 151 73 90 81
244 611 42 65 61
244 149 32 90 33
509 460 89 94 94
509 334 52 78 61
551 264 19 20 20
551 563 70 88 77
551 66 21 75 42
551 321 35 45 35
551 514 84 91 89
290 56 32 86 75
290 135 45 49 47
431 33 21 50 21
431 397 64 100 75
431 226 24 62 38
225 68 62 86 69
225 659 23 74 32
225 183 92 99 95
225 64 31 57 55
166 12 79 90 79
166 453 58 76 75
166 74 78 95 80
453 646 74 97 82
454 216 58 100 76
454 431 38 76 62
454 390 77 90 89
541 404 50 69 50
541 7 76 88 80
693 122 42 98 95
693 154 86 94 94
693 246 43 67 53
601 448 79 96 96
601 571 74 98 97
601 4 56 62 58
601 170 90 98 95
601 195 82 100 82
601 158 61 70 68
601 498 81 88 83
481 666 22 81 28
170 192 54 77 66
170 317 52 64 57
170 600 90 92 90
170 75 60 66 64
170 463 75 100 91
170 601 11 39 25
712 506 33 82 59
712 253 92 93 92
172 503 74 90 76
503 582 70 97 81
503 20 80 83 83
173 169 56 59 56
173 218 64 84 75
218 543 94 95 94
174 150 26 78 70
174 52 16 30 26
174 292 86 90 89
174 93 50 65 63
174 184 78 92 85
174 370 47 90 68
292 213 15 94 51
292 139 14 86 63
292 444 29 65 65
292 373 88 92 92
292 353 15 31 23
292 393 58 83 83
292 488 88 90 90
184 142 13 78 29
175 415 94 98 98
175 10 72 94 90
175 454 87 94 93
175 585 44 59 48
175 337 15 42 23
175 156 76 94 79
415 184 87 91 88
415 502 30 88 56
415 485 45 99 50
415 634 80 82 81
337 241 49 90 74
337 128 12 27 13
337 403 62 84 81
574 159 22 84 81
574 198 64 66 64
208 137 36 75 51
208 270 31 68 54
208 571 94 98 98
178 236 75 96 82
178 472 66 95 69
178 558 12 15 13
236 553 79 90 86
236 540 67 69 67
236 380 42 85 66
236 271 12 13 12
236 707 63 70 63
236 357 74 98 83
236 132 21 70 66
558 253 74 87 76
558 453 11 91 36
558 0 48 74 59
179 281 34 44 43
179 689 66 77 66
179 105 15 57 38
179 104 26 62 29
179 135 63 83 76
281 172 19 85 56
281 473 68 86 78
281 596 33 36 34
689 619 26 100 69
689 149 54 56 54
689 364 12 92 40
689 487 86 93 86
180 677 45 64 48
180 418 52 82 71
180 35 84 87 87
180 636 49 94 75
180 249 41 94 66
180 422 39 63 49
180 93 48 84 67
418 646 82 100 94
418 203 87 100 99
418 56 17 98 43
418 501 47 69 68
418 607 11 57 37
418 628 56 80 79
181 51 67 97 96
183 12 63 100 86
183 327 66 80 73
183 471 41 58 47
183 380 61 88 86
183 441 89 96 90
327 417 95 99 96
327 484 38 50 45
327 149 41 49 45
471 338 83 97 89
471 567 29 34 30
471 198 46 93 81
471 47 49 75 72
471 173 64 68 67
471 205 60 94 73
657 608 36 45 40
657 548 68 88 73
657 522 57 98 74
657 211 11 87 79
657 86 82 94 94
313 601 23 53 28
313 321 27 52 44
313 97 40 90 62
313 610 59 69 59
313 50 24 51 47
313 711 27 52 46
313 572 21 87 74
313 599 41 45 43
666 300 10 57 57
666 97 88 89 88
188 216 40 46 46
188 66 87 94 87
188 61 48 91 52
188 459 75 90 79
188 361 81 92 83
189 425 65 81 76
189 624 38 45 40
189 205 83 91 84
189 41 78 89 80
432 72 52 56 54
432 383 92 97 93
432 616 39 63 40
432 147 86 88 87
432 356 90 92 90
432 68 14 49 19
432 305 67 78 78
432 470 80 96 89
598 399 28 30 28
598 71 76 82 79
598 374 58 62 59
683 150 39 79 66
697 14 86 88 88
196 629 43 87 76
196 20 52 85 53
196 489 30 65 31
629 346 92 96 94
489 178 17 82 18
489 567 64 65 65
489 34 72 98 88
197 516 57 74 73
197 100 76 87 85
197 359 61 99 88
198 487 31 96 38
198 565 63 78 72
198 462 65 91 71
198 38 58 65 62
198 677 29 61 54
198 280 11 29 19
198 687 11 26 14
462 123 22 28 23
462 705 19 86 74
462 101 46 90 81
687 44 30 99 74
687 417 53 88 75
687 594 88 100 97
687 634 18 97 44
687 559 43 52 52
524 642 21 79 38
200 148 67 78 75
200 558 25 56 46
200 179 20 53 35
202 305 93 96 94
202 205 67 78 67
202 87 47 68 60
202 568 87 91 87
202 284 66 92 75
305 531 15 20 19
305 209 93 95 94
305 512 54 94 92
568 586 19 88 25
568 11 38 55 50
568 206 14 47 45
206 364 86 98 96
206 445 48 58 48
364 97 75 98 78
364 548 66 99 69
352 234 70 86 83
270 29 69 99 89
270 232 12 41 22
270 260 63 91 70
270 703 44 91 68
270 238 12 99 72
270 592 35 49 35
571 226 48 66 59
571 321 62 79 68
571 670 24 89 30
571 563 63 92 87
571 109 60 82 69
571 536 10 26 22
679 662 79 99 98
679 105 57 64 57
679 187 40 88 60
679 96 59 70 65
667 145 28 93 85
667 365 29 77 59
667 82 24 80 52
707 324 53 80 53
707 388 82 100 97
707 224 14 47 40
707 655 63 91 67
707 31 23 27 27
707 258 83 87 85
707 25 65 89 79
304 46 81 83 83
304 611 33 82 76
620 115 77 86 86
620 48 20 26 25
662 221 93 99 96
662 137 58 100 89
543 486 17 82 67
543 382 89 96 89
543 206 37 98 67
543 452 15 36 19
395 712 41 92 75
395 512 65 96 80
395 399 57 70 63
395 173 13 91 75
395 672 54 85 74
395 687 75 81 76
220 367 79 81 80
220 266 63 79 74
220 314 50 62 55
220 470 50 90 64
220 79 81 95 83
367 673 75 92 83
367 44 28 29 29
314 639 24 36 32
314 627 87 98 95
314 159 92 99 97
314 346 56 84 67
222 305 21 43 29
223 519 85 98 95
223 52 91 94 92
223 355 48 90 72
224 174 79 94 81
224 162 95 99 97
224 86 11 90 47
224 340 33 73 34
340 123 12 77 36
340 48 83 96 89
659 525 80 100 86
226 713 22 82 23
226 520 12 34 13
226 607 95 99 95
226 538 30 54 33
226 707 54 57 56
226 261 22 38 27
226 271 54 57 54
607 553 30 73 69
607 673 11 89 33
607 167 39 66 39
607 291 80 97 88
538 580 33 86 59
538 238 57 99 89
538 106 38 70 39
538 304 69 92 86
538 693 66 96 69
271 663 29 86 76
271 458 50 82 68
271 586 76 82 81
228 623 37 96 54
228 242 60 80 63
228 384 40 42 41
228 124 79 83 83
242 34 85 98 89
242 668 65 91 80
242 250 12 99 28
384 676 14 100 27
384 299 22 42 31
384 573 34 67 44
696 3 94 99 95
696 442 82 89 86
696 417 41 79 42
696 69 30 88 60
442 595 90 99 97
442 68 25 90 56
264 325 95 98 96
264 160 43 79 57
264 105 89 100 97
437 302 70 88 72
437 658 42 48 43
437 397 64 97 93
437 529 54 81 66
596 77 37 82 69
596 324 66 100 89
596 72 20 50 28
243 154 58 95 92
243 160 39 74 49
232 175 38 53 46
232 99 13 24 14
232 275 78 84 83
275 34 34 79 49
275 442 68 78 70
275 519 16 91 24
233 489 86 89 87
233 504 94 97 96
233 403 22 91 66
233 270 69 94 73
233 238 46 81 56
504 174 56 81 70
504 155 87 100 98
504 505 39 49 41
235 224 25 100 30
235 712 30 32 32
553 565 76 80 77
553 103 92 93 92
540 424 65 67 67
540 628 78 83 81
540 231 25 62 25
357 122 41 81 80
357 297 63 95 74
357 428 70 84 74
357 401 30 67 40
357 706 94 98 94
357 194 95 96 95
237 328 53 87 87
328 622 31 37 33
239 184 21 90 55
239 354 35 68 44
354 315 75 85 77
354 127 82 89 86
354 85 53 95 67
241 113 71 83 79
241 74 66 88 85
241 245 82 96 94
246 585 79 97 88
246 247 37 99 61
394 478 32 72 41
321 106 46 82 76
433 183 16 51 46
433 289 59 88 59
251 517 47 83 47
251 423 76 94 90
517 302 75 89 79
517 594 15 19 15
517 170 91 93 93
423 677 34 75 39
423 201 39 78 70
252 92 67 74 67
252 45 68 88 88
252 590 66 70 69
590 361 85 92 91
590 297 65 89 87
590 665 29 96 51
590 421 74 92 77
590 172 84 98 91
330 373 11 96 27
330 96 76 90 83
256 605 54 83 58
256 157 43 49 48
256 89 78 100 90
605 419 65 79 79
605 220 19 45 45
605 613 30 40 31
605 496 45 98 78
257 521 85 99 86
257 21 62 94 91
257 451 11 80 19
521 271 91 96 93
521 628 68 82 76
521 313 61 77 65
521 533 32 60 32
451 684 85 87 85
451 357 86 87 86
451 144 47 65 63
451 690 47 73 66
451 136 28 84 38
258 348 15 75 28
258 422 15 53 34
258 22 25 30 30
259 288 71 89 77
288 620 12 93 89
288 561 74 79 78
288 695 82 97 83
288 547 25 31 28
288 635 50 80 64
288 381 18 35 22
260 706 76 84 84
260 15 86 87 86
260 205 48 56 53
263 210 95 97 97
263 34 36 57 47
263 695 22 58 43
263 408 56 87 81
695 178 16 56 34
695 697 31 100 33
695 702 77 90 84
695 384 26 28 28
408 399 27 54 32
408 159 23 64 44
408 308 50 82 69
265 503 88 92 88
265 429 10 17 10
495 62 11 73 66
495 37 17 76 40
495 533 30 36 33
495 142 91 94 92
267 397 67 87 69
267 177 26 38 31
267 206 35 73 50
267 343 62 99 92
397 14 61 92 86
397 236 77 87 80
397 513 75 84 76
343 104 42 100 43
343 261 50 53 52
343 189 40 50 42
343 331 63 91 72
343 5 86 93 91
343 87 14 19 18
343 227 61 85 80
268 469 11 34 29
268 439 50 63 58
268 52 94 98 97
268 257 55 79 59
631 90 60 94 74
592 324 12 89 78
592 50 64 73 67
592 311 75 87 85
458 414 13 61 56
458 87 38 91 66
458 175 24 41 34
552 289 18 76 58
552 151 52 70 60
277 133 94 100 99
277 120 23 35 31
277 235 48 92 88
277 28 87 91 90
279 375 13 45 19
279 81 44 81 53
279 688 86 95 92
688 381 11 54 51
688 670 22 40 26
473 44 57 72 72
473 483 77 81 79
473 569 90 96 92
282 46 34 44 34
282 341 76 98 86
282 516 63 84 69
282 423 82 94 87
341 610 57 65 63
341 344 86 98 96
341 255 95 99 95
341 296 46 53 52
341 416 71 72 72
421 622 33 62 44
285 597 34 83 42
285 553 56 82 56
285 129 41 49 46
285 588 87 88 87
588 463 72 79 75
588 683 64 82 67
644 21 59 72 70
644 9 15 21 16
644 0 78 97 88
644 288 80 93 81
644 328 71 81 73
287 474 66 81 73
287 696 78 99 84
287 406 33 39 39
287 688 26 60 55
287 248 22 30 30
547 242 13 100 70
547 596 62 99 80
547 108 20 55 27
522 437 28 84 72
522 236 65 73 73
522 342 11 19 18
478 643 41 71 67
488 672 28 92 57
488 662 66 73 70
294 434 69 83 72
294 343 18 80 33
464 586 28 73 33
464 104 86 99 91
297 302 44 56 54
297 41 82 86 82
298 560 55 84 77
298 45 82 84 83
298 687 12 82 51
298 199 40 94 71
298 467 70 82 72
298 15 82 91 91
298 21 63 87 81
298 285 45 54 54
467 356 28 60 33
467 470 17 73 51
467 414 50 67 55
467 392 72 93 90
467 79 46 89 88
467 3 24 39 29
467 630 84 95 85
467 12 86 93 88
378 477 40 90 65
378 642 92 100 95
378 74 34 68 60
301 547 95 96 96
301 239 15 32 19
301 485 56 61 61
485 284 95 99 97
358 32 77 99 99
358 436 16 74 63
358 692 26 29 27
531 322 31 95 86
531 693 23 86 51
531 560 85 90 86
306 691 54 55 54
306 655 46 92 86
306 242 21 52 27
691 706 64 86 68
691 173 60 96 74
691 20 26 89 27
691 405 62 98 79
691 488 58 81 78
691 641 59 63 59
691 568 26 99 64
691 570 75 98 84
655 108 69 82 76
655 144 57 92 78
655 692 63 71 65
655 344 85 94 94
440 322 76 88 88
440 191 76 96 79
440 376 23 59 37
440 377 90 95 91
440 98 15 53 38
440 171 88 90 89
308 214 70 87 77
308 569 27 57 52
308 3 71 85 81
308 420 30 33 32
308 217 89 97 95
569 490 70 76 75
569 681 81 87 83
569 553 87 91 90
569 196 38 100 62
569 416 53 89 60
309 684 18 77 51
309 132 24 64 55
309 663 93 96 94
310 97 18 70 22
310 203 45 80 66
310 420 82 91 89
599 376 52 96 83
599 505 70 93 84
599 517 19 72 59
346 352 60 82 81
346 647 62 94 68
346 659 93 98 98
346 617 16 32 31
346 164 86 88 87
346 419 88 100 88
346 109 34 47 41
315 234 27 50 46
316 547 40 89 86
316 44 59 76 65
316 709 42 86 75
316 542 53 83 77
316 30 42 45 43
316 157 20 26 20
350 335 39 49 47
350 670 19 50 37
350 127 26 100 53
318 327 66 80 66
318 203 89 90 89
318 384 71 90 75
320 312 57 81 62
324 567 46 88 58
324 13 58 61 61
567 412 55 85 79
567 454 89 91 89
567 616 45 71 54
536 51 25 55 47
536 521 69 94 88
536 710 53 58 55
536 697 61 82 63
536 68 51 96 54
388 305 40 61 55
579 470 91 100 92
579 490 85 95 95
333 559 92 100 94
333 632 86 89 87
333 28 68 88 75
632 338 37 38 37
632 619 17 90 88
632 135 37 54 47
338 683 42 80 49
338 75 87 97 94
338 432 45 82 59
339 483 53 69 62
483 148 83 90 90
483 705 43 100 76
483 219 74 95 91
342 475 57 80 61
342 173 89 96 90
342 312 45 87 55
345 665 20 86 75
419 150 94 100 97
419 188 11 83 40
419 384 12 47 37
419 136 18 30 30
419 513 56 59 58
419 616 30 82 48
670 268 16 61 35
670 350 24 50 28
670 222 52 53 53
670 701 32 50 34
670 203 37 94 93
566 426 88 90 88
566 165 30 34 32
477 404 30 92 66
477 269 59 83 69
477 568 33 91 35
477 151 24 97 54
477 11 66 95 92
356 493 78 99 84
356 456 81 93 84
356 80 37 45 38
493 389 83 84 83
493 227 26 88 58
493 491 35 42 42
401 674 63 97 86
401 34 60 95 66
436 622 23 45 23
436 546 75 90 86
436 350 87 98 97
436 221 29 83 60
692 133 17 65 52
692 115 71 74 74
692 615 27 32 27
554 585 26 49 31
360 175 35 80 44
360 407 94 98 97
360 469 65 73 66
360 677 25 83 34
407 332 68 95 79
407 587 63 90 76
407 460 43 44 44
413 246 62 69 62
413 232 33 52 51
537 137 71 81 76
537 123 46 62 54
537 307 79 80 79
537 401 16 66 33
537 703 60 100 88
537 57 92 98 93
537 117 49 66 63
537 396 63 88 66
537 580 42 48 46
480 29 77 81 77
480 36 74 77 76
480 574 28 78 65
480 58 45 63 48
480 619 81 82 81
480 361 15 39 33
480 411 19 70 52
450 73 95 96 96
673 599 37 67 49
368 268 43 84 45
368 325 36 42 41
368 661 10 79 25
368 343 29 42 32
368 3 59 64 63
563 224 74 95 91
563 370 45 52 47
678 67 59 84 62
678 323 56 81 67
678 116 31 85 72
676 682 58 91 84
539 6 28 67 62
539 682 36 51 39
539 664 39 75 51
539 623 30 50 46
379 384 22 25 22
379 96 30 62 57
379 422 76 100 80
379 705 90 91 91
383 516 31 34 32
383 196 76 85 83
383 626 77 99 79
608 151 95 96 96
608 407 23 35 24
390 341 29 68 40
390 706 49 83 72
390 285 17 33 23
390 318 95 98 98
534 374 10 31 13
534 293 20 62 52
534 124 83 92 85
606 666 17 60 23
606 489 66 72 69
606 199 31 83 62
606 32 78 91 80
606 91 37 96 76
399 610 86 94 89
399 582 60 87 62
672 378 75 77 77
672 334 93 97 95
672 122 33 44 33
396 382 94 98 95
396 534 42 59 45
396 431 21 75 59
396 429 50 99 93
396 428 53 100 86
513 255 83 91 84
513 93 21 44 29
513 56 15 76 57
513 351 62 87 63
513 449 44 57 45
402 374 10 98 43
402 429 46 63 54
583 698 88 96 93
583 300 70 75 73
502 128 16 93 64
502 18 65 94 87
502 474 20 68 38
616 658 39 48 48
616 41 68 76 70
616 256 37 40 39
616 567 75 79 75
616 106 86 87 86
424 411 36 41 41
424 106 76 100 77
424 699 74 88 83
505 493 83 85 83
505 41 65 69 67
505 105 48 89 77
505 264 40 42 40
505 629 86 91 86
660 498 35 49 39
660 144 10 22 15
660 110 20 29 22
660 695 89 96 93
702 346 42 54 46
702 350 49 94 50
618 642 20 21 20
618 194 76 93 91
618 649 34 89 77
618 24 50 79 59
430 27 64 82 70
465 106 50 98 67
465 203 48 71 71
465 616 91 100 94
465 97 51 61 52
465 343 77 81 79
546 112 81 84 82
546 406 12 91 64
438 383 39 63 61
492 667 29 54 43
492 302 54 93 70
556 657 75 77 77
595 371 89 93 90
595 96 10 15 14
595 260 33 39 35
443 88 24 79 50
446 170 57 63 59
446 261 45 61 45
446 592 20 64 44
447 385 28 45 28
447 32 43 81 65
447 497 34 86 76
447 460 33 83 40
447 168 87 88 87
448 140 23 55 47
448 222 20 74 39
448 113 53 56 56
448 670 79 91 91
448 71 45 70 51
479 366 86 94 93
479 339 68 75 74
468 313 59 80 66
468 29 23 66 58
468 142 12 84 20
468 161 21 54 32
580 305 65 89 78
580 434 17 88 76
580 269 88 92 91
580 351 26 68 32
580 329 11 50 36
476 162 82 85 84
476 337 85 90 87
476 25 23 72 62
476 528 19 45 32
476 65 59 74 61
494 444 72 77 75
494 532 94 97 94
494 538 92 100 92
499 300 78 88 81
499 380 79 95 95
499 339 81 89 87
499 69 18 76 63
500 22 23 48 28
500 457 48 72 54
500 187 19 32 22
506 318 11 28 22
506 662 38 92 58
506 551 67 89 84
506 362 94 99 97
506 584 66 83 81
507 185 89 95 94
507 514 54 74 67
507 245 84 91 86
508 355 25 38 32
508 690 83 95 89
508 0 57 99 93
508 197 13 18 13
508 214 38 64 39
508 26 42 68 67
508 114 10 97 21
508 46 84 88 87
511 412 23 27 27
511 486 84 90 84
511 40 89 91 91
511 207 17 69 45
594 252 26 77 70
594 605 64 84 78
523 610 52 79 56
523 341 33 47 42
523 263 39 68 64
523 211 54 90 61
523 267 35 76 35
530 370 70 83 74
530 710 53 61 53
530 161 88 98 98
710 160 44 47 45
710 468 28 69 46
710 461 59 84 74
664 194 78 94 88
664 691 90 97 95
664 491 87 89 87
664 586 90 99 94
576 231 24 81 77
576 459 39 79 44
698 263 37 100 64
698 588 79 87 86
621 27 77 86 81
621 611 28 100 70
621 234 14 57 47
656 493 93 96 95
656 593 36 87 71
656 180 50 72 54
656 458 53 56 55
656 202 63 65 64
609 514 42 44 42
609 313 41 65 65
700 385 26 37 37
700 617 38 75 73
700 305 95 96 96
700 109 58 61 58
700 659 88 95 90
700 409 72 98 79
615 328 42 77 64
615 447 90 96 93
640 262 26 33 29
640 25 81 95 92
654 562 74 87 78
654 478 85 97 91
654 431 95 97 95
654 329 65 73 71
654 297 91 93 91
645 114 32 59 37
686 380 40 78 71
686 87 24 96 51
686 427 35 85 47
686 169 57 87 65
0 713
