44 86
0 24 55 59 57
24 43 92 94 93
24 1 90 99 98
24 29 48 49 48
2 35 40 71 69
2 15 36 56 46
35 40 21 83 50
35 24 92 97 92
35 8 67 91 88
15 10 16 32 26
15 33 39 73 65
3 40 31 71 59
3 21 34 40 40
40 1 51 57 56
4 39 36 61 36
39 3 42 73 54
39 37 68 72 72
39 16 24 46 37
5 0 95 96 95
5 18 69 74 71
5 29 11 88 55
18 40 15 82 33
18 2 94 99 94
18 8 34 72 44
18 22 90 93 90
29 36 68 88 71
29 10 15 21 21
7 24 69 78 73
8 22 70 98 77
22 27 88 93 90
22 41 90 97 97
22 38 18 69 63
22 26 23 35 25
22 19 84 96 88
9 17 39 57 42
17 0 17 22 19
10 30 75 89 79
10 38 66 77 70
10 20 66 93 93
30 22 42 70 70
38 21 29 70 35
38 27 26 83 47
20 23 43 74 63
20 24 84 88 84
11 18 69 78 76
11 7 95 96 96
11 43 34 97 77
11 14 69 74 71
11 36 22 91 32
43 37 54 73 56
43 40 41 55 42
43 5 13 89 19
43 41 59 92 83
14 31 16 23 23
14 30 27 84 64
14 18 95 96 96
36 14 63 67 66
12 11 64 66 65
13 10 41 94 52
13 25 90 97 94
13 5 82 90 84
25 34 71 91 79
25 30 61 74 73
25 11 42 86 48
31 23 52 93 77
33 27 54 68 66
33 36 72 100 96
16 28 63 97 72
16 10 85 94 88
16 7 89 96 90
16 15 43 74 67
19 40 79 91 90
19 8 36 69 58
27 7 81 94 85
41 29 39 68 39
41 27 10 49 48
41 25 35 41 39
26 30 17 42 33
34 23 68 77 75
34 9 48 81 71
34 3 14 50 23
32 8 38 41 41
32 1 50 75 51
32 29 61 81 78
37 26 85 95 95
37 21 59 81 63
0 43
