65 258
0 64 19 44 32
0 55 89 97 93
0 29 66 95 84
64 33 15 74 20
64 26 48 97 58
64 27 68 71 71
55 60 69 98 75
55 42 47 78 52
55 51 58 77 75
29 14 47 78 52
29 62 85 98 92
29 57 49 82 76
29 27 34 94 72
29 44 71 100 92
29 63 20 36 26
29 41 52 67 58
29 49 27 69 29
1 54 64 92 66
1 41 64 94 74
1 23 85 88 85
1 58 84 86 84
1 16 61 97 65
54 28 14 58 39
54 30 26 96 82
54 38 82 94 82
54 10 15 29 26
54 8 37 60 37
54 16 81 92 86
41 12 35 43 43
23 47 66 75 66
23 15 91 94 91
23 35 30 70 69
58 29 66 84 84
58 4 92 95 93
58 40 81 98 97
58 1 86 89 89
16 41 80 95 84
16 19 71 100 89
16 10 82 90 87
16 34 53 80 60
2 22 80 98 80
2 35 72 98 90
2 49 75 80 75
2 44 57 86 71
22 1 69 97 72
22 5 83 91 86
22 14 89 98 91
22 25 42 43 43
22 13 16 83 46
35 56 10 79 58
35 1 69 98 77
35 46 80 99 86
35 2 14 52 47
35 52 82 94 91
49 47 35 58 37
49 44 35 89 71
49 50 29 69 46
49 36 66 94 84
49 26 85 100 86
49 1 69 80 71
49 0 67 98 78
44 39 26 40 28
44 22 26 60 36
44 59 43 50 48
3 21 89 91 90
3 31 78 80 79
3 9 74 90 90
21 3 95 97 95
21 61 39 58 54
31 9 85 98 97
31 39 14 29 18
31 49 26 100 51
31 62 15 28 28
9 12 19 47 21
9 43 84 88 88
9 55 95 97 95
9 34 40 89 48
9 26 95 96 95
9 57 58 99 88
4 10 32 55 52
4 34 27 28 27
4 61 28 45 43
4 31 71 77 76
4 37 88 94 92
4 44 17 32 17
4 0 64 88 76
10 16 22 35 32
10 32 90 94 90
34 52 50 63 63
34 13 25 57 26
61 47 33 58 44
61 18 39 99 60
61 10 26 72 49
61 40 20 54 53
61 53 51 58 52
37 3 88 100 94
37 52 47 73 50
37 39 70 82 72
37 11 91 96 91
5 45 30 69 43
5 59 33 47 36
5 4 43 47 43
45 52 71 90 78
45 46 74 88 79
45 2 29 74 33
45 57 79 82 82
45 19 13 65 54
45 33 18 19 18
59 3 11 26 12
59 19 46 50 49
59 29 88 99 98
6 51 21 51 21
6 36 34 37 37
6 47 92 97 97
6 62 18 19 19
6 31 34 88 56
6 4 77 91 78
51 4 76 96 93
51 7 61 93 67
51 56 49 61 58
51 2 30 42 40
51 15 20 92 83
36 47 29 57 52
36 45 23 59 44
36 14 16 37 18
36 22 22 46 30
47 53 55 69 61
47 42 22 71 25
47 36 28 67 61
47 27 20 40 35
62 34 60 61 60
62 59 88 92 88
62 26 18 44 43
62 55 30 99 81
7 28 36 67 66
7 54 63 95 82
7 34 55 76 76
7 39 22 78 38
28 45 85 88 85
28 61 40 54 47
28 56 94 98 98
28 58 84 91 89
28 64 79 100 90
28 25 68 69 68
28 8 57 62 61
39 2 67 96 78
39 0 59 69 65
39 17 29 33 32
39 5 24 25 24
8 29 88 94 90
8 5 12 16 15
8 18 76 80 78
8 27 18 59 38
8 6 57 85 76
8 56 88 90 90
18 6 19 100 58
18 5 65 80 68
18 9 33 87 58
18 49 10 28 16
27 2 23 99 40
27 23 18 96 67
56 47 26 51 43
56 54 29 35 35
56 44 76 80 76
56 61 93 95 95
56 36 37 38 38
12 58 92 96 96
12 24 11 14 14
43 59 92 97 96
43 27 16 43 40
43 11 74 90 76
43 54 64 94 68
43 39 24 33 31
26 45 47 93 77
26 5 52 54 52
26 58 73 82 73
26 52 95 97 96
57 62 15 88 78
57 27 27 42 41
57 61 56 75 66
57 38 92 99 99
57 39 89 96 89
57 14 71 75 73
57 42 49 78 77
57 18 93 95 95
32 56 16 74 72
32 14 79 95 80
32 7 72 83 80
32 38 43 98 59
32 21 39 56 40
32 43 21 92 54
11 39 95 98 95
11 50 46 54 54
11 19 32 68 46
11 17 11 28 14
11 4 35 75 71
11 33 54 85 61
50 14 83 94 91
50 54 94 95 94
19 10 45 79 58
19 31 68 72 70
19 3 51 84 53
19 28 25 83 35
19 18 78 93 78
17 2 77 87 80
17 19 50 57 55
17 56 40 67 63
17 23 68 83 75
33 45 74 96 75
33 50 48 60 56
24 14 71 97 71
13 26 42 44 42
13 63 11 78 74
63 49 19 50 22
63 59 15 51 46
14 49 45 77 50
15 35 21 45 30
15 46 45 51 45
15 52 38 96 69
15 48 18 33 33
15 17 35 91 87
15 44 15 76 68
46 17 75 100 98
46 34 73 80 79
46 23 76 80 77
52 24 70 91 81
52 54 18 59 37
52 32 76 79 79
48 11 85 88 88
48 60 83 86 86
48 37 25 95 48
48 17 17 88 33
48 46 70 94 92
20 45 59 95 94
20 29 36 71 45
20 4 27 76 42
25 24 59 76 67
25 43 25 47 45
25 7 92 99 99
25 59 58 80 76
25 62 61 94 91
25 13 11 84 75
25 35 95 98 96
25 18 46 68 55
30 34 15 22 22
30 0 79 88 85
30 9 45 56 53
30 2 86 90 88
38 42 85 90 88
38 43 72 95 78
42 41 69 94 85
42 7 45 91 79
53 57 55 80 78
53 4 14 46 45
53 28 32 63 41
53 41 13 87 68
53 8 13 96 31
60 49 79 92 92
0 64
