116 369
0 62 88 99 99
0 78 20 62 36
0 102 14 18 16
0 7 18 37 25
0 31 61 77 65
0 110 59 82 62
0 10 83 89 89
62 17 93 95 95
62 10 49 65 63
62 83 48 75 74
62 85 46 83 74
62 114 36 63 46
78 101 39 82 54
78 65 66 84 80
78 19 89 97 94
78 7 32 59 55
78 3 18 38 22
102 113 51 78 52
102 48 38 98 57
102 47 10 47 45
31 108 42 54 51
31 22 43 46 43
31 45 17 40 30
31 76 35 41 35
110 76 76 82 77
110 30 72 87 87
110 17 85 100 90
110 61 13 97 22
110 2 26 31 28
10 5 49 57 53
1 101 23 68 29
1 111 30 35 31
101 89 84 92 87
101 111 45 73 69
101 25 47 65 49
101 86 86 94 86
101 16 56 89 56
101 72 56 82 64
111 46 29 47 35
111 75 32 56 34
111 69 37 93 53
111 43 65 66 66
2 43 45 93 53
2 113 19 42 29
2 12 41 98 88
43 27 44 71 61
113 40 41 69 49
12 74 76 86 81
12 51 28 69 49
12 43 49 76 53
3 102 15 66 17
3 1 49 84 77
3 13 83 98 90
13 78 88 92 90
13 81 16 47 22
13 1 32 99 36
13 39 52 76 61
4 55 23 45 40
4 62 76 98 88
4 66 42 66 56
4 9 40 81 50
4 99 90 98 97
55 96 63 100 88
55 24 81 86 84
55 92 66 85 83
66 7 26 59 56
9 79 77 90 86
9 111 75 93 83
9 16 94 96 96
9 51 45 72 64
99 75 69 74 70
99 82 43 71 62
99 27 19 82 48
99 93 48 64 63
99 53 47 81 47
99 96 45 100 88
99 73 63 90 74
99 84 62 100 99
5 43 69 88 86
5 88 42 77 60
88 81 28 83 79
88 32 48 83 52
88 40 28 35 35
88 14 47 57 53
6 55 81 91 88
8 110 42 76 54
8 24 76 79 78
8 41 36 63 49
24 19 18 77 26
24 87 18 56 41
24 10 76 91 91
41 22 77 98 94
41 37 25 29 27
79 50 28 58 47
79 6 80 99 84
16 26 69 73 73
16 87 76 99 85
16 32 28 36 35
11 47 46 52 47
11 112 84 90 89
47 16 14 27 18
47 106 44 91 73
47 48 16 66 29
112 0 46 61 50
112 114 12 57 46
74 72 14 74 53
74 73 74 83 79
81 114 57 60 58
81 27 81 84 83
81 11 42 56 49
81 34 49 52 50
81 112 70 75 70
39 34 71 94 78
39 9 36 64 41
39 55 11 41 22
14 29 63 92 89
14 13 46 51 50
29 33 75 92 79
29 6 94 98 96
15 71 34 71 44
15 104 83 92 87
15 8 86 92 87
71 22 17 35 23
71 24 66 87 77
71 92 46 92 64
104 96 43 94 85
104 15 18 64 41
104 37 42 75 69
26 4 43 73 60
87 30 17 18 18
87 28 43 60 51
32 91 50 55 53
32 46 85 93 87
32 83 29 35 34
17 72 71 97 72
17 70 93 95 95
17 28 54 56 56
17 111 60 87 64
17 40 40 61 46
17 22 76 84 78
17 25 92 100 98
17 10 43 91 48
17 11 88 97 90
72 1 34 54 37
72 48 23 63 49
72 28 83 85 83
72 80 53 74 55
72 18 35 54 46
70 82 41 68 66
70 77 90 95 95
28 47 34 52 46
28 48 37 97 83
40 115 60 62 61
40 101 55 94 79
40 73 79 90 83
40 97 64 95 68
22 36 73 88 82
22 97 78 81 79
22 105 34 90 36
22 60 19 94 36
25 91 82 95 91
18 101 42 95 67
19 38 71 81 71
19 93 56 82 78
19 63 74 98 92
19 5 88 99 93
38 28 53 54 53
38 45 25 61 55
93 15 13 94 27
93 78 91 94 93
93 42 62 72 68
63 92 58 79 64
63 2 12 75 32
20 54 11 64 35
20 91 11 38 22
20 113 59 93 86
20 43 63 89 82
20 100 66 81 68
20 55 10 53 41
54 105 48 100 99
54 50 66 99 87
91 20 63 94 93
91 19 37 52 40
100 57 14 48 23
97 3 21 89 50
97 31 92 97 93
97 105 36 92 66
105 104 87 91 90
105 8 52 71 53
105 87 64 73 65
105 44 95 99 95
105 112 64 92 88
60 88 86 94 91
60 56 72 95 72
60 106 51 54 52
60 109 77 95 92
60 49 66 73 67
60 93 56 64 63
23 34 84 98 91
23 31 87 100 95
23 94 24 53 44
34 52 24 29 24
34 100 87 90 87
34 92 55 99 83
34 13 59 92 75
34 79 84 88 85
34 28 69 93 73
34 3 56 87 63
34 57 59 98 94
34 26 35 94 76
94 48 95 99 97
94 70 26 33 27
94 15 93 100 98
94 54 65 81 70
94 36 84 89 89
27 98 35 52 45
27 67 62 83 77
27 102 50 84 80
98 89 95 100 98
98 38 94 100 99
98 9 68 86 86
98 64 75 94 77
67 54 89 98 91
67 115 60 75 64
67 90 62 97 66
67 77 24 82 43
48 52 10 83 32
48 70 15 18 15
33 104 67 92 91
33 2 51 71 68
33 81 19 84 37
33 109 32 45 43
33 55 71 87 77
30 22 93 96 96
108 111 42 77 58
108 19 22 25 24
108 84 74 79 78
45 30 36 72 63
45 74 85 90 88
45 53 43 99 49
45 89 38 44 43
45 78 33 64 64
76 40 10 72 56
76 81 33 65 49
76 97 71 75 73
76 9 85 98 96
76 70 90 93 91
46 12 80 81 81
46 83 10 81 13
46 88 70 89 87
46 19 12 39 28
46 28 13 74 74
83 91 20 85 52
83 55 11 27 24
109 61 74 100 81
109 10 81 98 89
109 70 57 70 61
109 1 11 16 16
52 110 60 98 86
52 40 17 32 29
52 115 83 89 85
52 108 82 86 84
52 67 80 98 86
92 71 19 49 26
92 109 74 81 74
92 81 70 84 84
57 34 49 88 61
57 55 30 54 36
57 79 58 86 61
57 83 75 77 77
35 73 66 92 86
35 81 60 70 69
35 93 80 92 89
35 65 75 93 91
73 47 63 92 65
73 79 95 99 97
65 9 60 81 64
65 42 21 44 32
65 8 78 100 83
65 97 47 90 51
65 34 11 22 14
37 93 44 65 49
37 87 69 90 69
37 70 21 73 42
37 112 33 90 51
115 37 89 94 90
115 109 85 100 97
42 88 57 73 58
44 33 32 64 45
44 20 24 97 69
44 53 46 91 87
44 42 16 25 16
44 31 53 85 74
53 33 73 78 75
53 35 66 71 68
89 48 56 72 62
89 53 42 78 45
89 95 35 51 44
89 25 16 36 25
89 46 61 93 74
89 4 20 39 28
106 94 50 77 65
106 109 32 35 32
106 52 21 86 47
106 33 52 66 60
49 70 64 89 68
49 28 95 96 96
50 86 69 95 83
86 4 88 97 90
86 67 62 87 76
96 97 49 70 61
96 8 46 100 94
96 74 93 95 94
56 64 51 62 57
56 100 64 96 92
64 113 41 68 60
64 97 25 51 40
64 96 37 95 74
64 88 81 87 86
64 105 90 99 95
64 31 18 90 67
58 55 61 80 70
58 7 78 97 91
59 14 14 67 47
59 30 75 80 79
59 28 68 87 72
61 66 74 75 75
61 80 76 85 76
80 15 93 99 97
80 48 32 39 35
80 98 86 91 91
80 72 95 99 95
80 19 72 94 93
85 94 45 98 90
85 25 41 90 55
114 2 87 96 87
114 72 34 75 46
114 9 28 66 66
114 106 30 35 35
90 84 35 72 60
90 103 86 92 92
90 42 19 80 35
90 94 70 90 89
90 110 30 34 30
77 109 59 99 63
77 19 21 70 47
68 5 32 53 49
68 1 76 100 81
69 62 72 75 73
69 61 54 65 54
69 95 52 57 52
95 74 86 98 86
82 46 86 97 86
82 105 27 100 55
82 68 61 70 65
75 80 81 93 81
75 2 32 64 57
75 33 46 55 48
75 31 95 96 96
75 29 77 84 79
84 97 54 79 78
84 12 33 54 36
84 92 39 42 41
84 78 15 27 21
103 112 20 84 79
103 41 95 98 97
103 33 10 30 19
107 109 83 86 84
107 83 14 92 86
0 115
