407 685
0 182 63 67 64
0 77 27 78 69
182 324 64 84 66
1 207 95 99 95
207 71 59 95 87
207 80 72 82 80
207 12 95 97 97
2 372 27 66 49
2 316 59 71 69
316 30 59 63 61
3 370 79 81 80
3 161 45 51 47
370 81 16 22 18
370 385 70 74 73
161 105 54 92 77
161 80 36 41 40
161 284 36 42 39
161 393 72 85 83
4 263 46 95 75
4 104 93 99 93
4 345 84 88 88
263 121 56 79 67
263 6 75 79 78
345 191 26 49 31
5 129 66 91 69
129 113 28 74 40
129 6 35 74 49
129 31 43 49 48
7 335 63 72 72
7 173 39 41 41
7 170 61 63 61
7 109 74 88 85
7 383 79 96 90
335 92 95 99 98
170 391 70 98 75
170 320 32 86 42
383 85 29 80 34
383 320 91 100 99
383 64 94 100 97
383 26 26 43 30
8 120 49 51 51
8 73 45 51 50
8 168 38 94 84
8 286 11 79 48
73 211 64 69 69
73 142 75 93 90
168 154 55 100 92
168 293 28 85 32
168 20 56 82 68
286 64 54 90 90
286 387 94 99 94
10 132 31 49 34
10 62 95 99 98
11 235 48 90 77
235 382 79 86 79
235 140 75 87 82
12 386 17 39 17
12 350 26 83 34
386 393 59 74 66
350 252 43 52 43
13 73 42 61 46
13 345 71 97 87
14 65 52 95 75
14 343 16 66 57
14 112 67 97 80
112 59 59 68 68
15 367 57 83 66
367 269 46 69 61
367 9 54 81 59
367 405 25 43 36
16 238 94 95 94
238 299 76 89 76
238 370 61 69 67
238 224 68 99 69
238 57 42 85 46
18 262 61 93 75
18 154 23 76 75
262 395 88 94 92
154 130 95 96 96
19 103 15 17 15
19 399 32 38 36
19 144 53 59 57
19 342 44 88 62
103 216 50 68 50
103 132 32 38 34
103 182 80 95 90
399 168 74 90 75
399 151 83 87 85
399 12 18 40 26
399 260 84 98 92
144 28 31 97 54
144 287 35 81 71
144 305 34 50 34
144 227 90 100 97
21 252 38 98 50
252 135 79 81 80
252 19 77 90 81
22 356 43 57 56
22 373 27 66 40
356 143 89 96 92
356 138 37 93 61
356 387 71 93 89
356 155 70 99 74
23 127 41 75 45
127 29 81 90 83
127 147 43 56 49
25 128 64 83 66
128 224 13 63 47
128 226 76 80 80
26 92 24 64 24
92 124 64 98 76
92 6 91 98 92
92 64 10 27 17
92 165 21 90 41
27 249 64 82 72
27 226 28 37 36
249 37 45 68 56
28 97 92 95 95
28 64 82 98 84
28 71 12 97 37
97 199 51 90 78
64 5 64 65 64
64 325 18 78 61
64 20 48 74 64
71 359 86 92 89
30 306 11 81 76
30 34 59 73 70
30 158 63 91 67
306 395 94 100 98
158 18 53 81 59
158 205 35 91 90
158 59 50 71 53
158 387 20 57 42
31 239 38 81 39
31 306 57 66 57
239 137 11 82 12
239 59 53 83 82
239 189 40 82 55
239 161 15 49 46
32 219 43 59 52
32 245 39 81 77
32 196 27 64 42
219 196 80 89 89
219 168 67 86 74
219 159 64 96 83
245 106 74 89 79
196 398 30 94 76
196 202 53 84 75
33 189 68 100 88
189 199 88 100 100
35 148 46 96 58
148 12 30 38 38
148 277 17 58 25
148 362 90 98 95
148 280 91 99 96
37 401 85 94 91
37 294 74 99 79
401 182 95 98 96
294 404 65 80 73
294 101 78 91 80
39 219 18 41 32
39 101 91 99 92
39 99 35 41 41
101 240 21 36 34
99 55 18 74 23
40 128 77 83 78
40 33 44 68 48
40 51 33 51 49
51 402 79 90 84
41 74 15 82 63
41 76 25 79 31
74 311 50 74 72
76 277 18 44 39
76 202 46 57 57
42 298 43 52 45
42 142 73 88 73
298 166 32 55 54
298 146 41 89 73
142 394 65 88 67
43 30 22 36 27
44 9 61 91 83
45 34 37 79 74
45 207 32 59 55
46 406 70 100 93
406 211 46 86 54
47 213 16 29 21
213 174 81 91 90
213 179 74 92 84
50 274 13 60 53
274 135 52 72 59
274 44 66 75 67
402 209 28 67 45
402 105 50 71 67
402 361 19 57 35
52 313 46 48 46
313 263 34 86 85
54 218 61 70 67
54 260 27 85 36
54 240 52 70 54
218 339 19 50 46
260 252 52 82 81
240 264 12 46 28
240 299 74 92 79
240 42 30 65 44
240 120 68 85 75
55 18 83 90 88
55 95 38 51 46
55 264 76 91 76
55 51 61 62 62
95 210 81 89 85
95 327 38 73 68
264 346 40 63 63
264 299 91 93 93
56 160 29 59 39
56 238 65 77 75
160 307 50 68 66
160 178 64 72 65
58 382 56 66 57
58 85 21 33 26
382 46 49 85 74
382 198 81 84 84
382 75 58 71 65
382 260 91 93 92
85 305 18 94 72
85 295 82 84 83
85 63 21 37 30
85 253 22 55 31
59 156 58 60 58
156 125 26 74 35
60 295 82 85 84
60 205 84 98 92
60 90 91 94 91
295 281 67 87 75
295 256 89 91 90
205 46 25 39 33
205 18 57 61 57
61 11 93 94 94
61 72 51 94 67
72 28 72 86 84
325 201 61 73 62
66 403 26 99 62
67 301 85 92 90
67 42 95 96 96
67 277 55 87 79
67 349 38 83 41
349 382 13 54 44
349 64 65 70 66
68 150 46 62 49
68 60 40 60 44
150 236 15 48 33
69 86 23 51 31
86 235 21 62 59
86 348 26 76 29
70 124 23 64 24
124 321 18 62 40
359 349 76 100 77
211 153 25 89 37
211 314 63 74 70
211 318 56 91 76
211 30 64 72 70
311 162 21 26 24
311 107 47 58 49
75 182 66 70 66
75 187 82 87 83
187 34 48 82 50
187 31 51 97 89
79 106 55 74 57
79 201 81 83 83
79 177 61 88 68
79 206 81 93 93
106 146 34 48 36
106 387 69 80 73
106 90 74 87 82
106 219 53 79 71
106 266 34 99 62
201 250 82 88 84
201 66 81 82 81
206 344 54 58 57
206 48 14 25 21
80 225 94 95 94
225 40 45 62 48
81 288 51 92 61
288 334 68 81 81
82 280 25 35 29
280 288 20 28 20
280 365 25 45 28
84 53 63 72 70
84 27 93 98 94
84 138 31 41 31
305 0 31 50 35
305 95 44 68 50
253 40 83 87 87
348 405 47 52 51
348 40 80 96 82
348 118 61 74 62
87 99 66 73 73
87 12 80 83 80
91 216 18 24 24
91 159 46 79 50
216 98 12 44 36
159 154 35 42 41
165 285 75 85 81
93 245 14 62 28
93 70 77 99 90
210 157 39 56 50
327 241 83 92 91
96 97 31 56 55
96 23 31 79 53
98 238 40 46 42
98 286 82 83 82
100 378 80 91 90
100 92 17 22 21
100 108 75 98 92
378 227 87 90 88
108 246 20 61 40
108 75 81 94 90
105 212 51 79 52
212 339 79 90 82
146 298 51 81 64
146 240 20 89 84
387 294 21 31 22
387 94 29 41 37
387 139 50 52 51
387 270 67 99 74
266 329 34 68 62
107 55 11 55 29
246 393 55 96 70
246 365 41 54 53
111 267 31 70 70
267 214 42 78 47
113 325 86 88 86
113 361 61 100 77
113 406 82 96 94
361 72 58 82 65
361 79 38 72 39
361 206 11 34 16
114 202 63 92 69
114 401 68 77 72
115 103 75 93 92
116 285 40 79 62
285 399 63 79 77
285 396 36 90 62
117 384 57 100 92
117 375 81 90 86
117 350 44 88 87
117 3 63 97 77
384 248 31 77 48
375 180 60 69 64
375 9 74 93 80
118 216 54 83 66
119 203 22 95 24
119 84 93 97 95
203 62 87 91 91
121 325 53 99 88
121 75 20 80 38
121 152 53 54 53
152 219 52 53 52
152 331 72 91 83
122 250 64 80 64
122 233 47 78 77
250 357 88 93 89
321 34 17 39 30
321 285 38 53 41
125 269 64 73 65
125 305 63 92 73
269 333 27 33 27
126 19 30 63 57
224 273 94 95 94
224 339 66 93 91
224 219 18 76 54
130 254 56 72 62
254 309 63 80 70
254 285 40 66 59
131 65 52 59 55
131 217 11 71 63
217 147 87 92 90
133 335 89 96 94
133 334 42 88 42
133 233 31 81 79
134 330 16 93 90
330 74 30 89 71
330 16 28 44 29
330 61 83 88 88
330 299 80 96 95
135 225 66 85 77
137 344 39 76 65
139 213 73 79 74
139 323 33 39 39
323 115 54 70 56
140 103 40 71 64
141 259 23 94 36
259 226 52 98 83
394 180 32 93 39
143 337 80 94 86
143 287 67 92 70
337 168 64 93 92
287 144 28 64 36
287 190 52 97 93
287 43 35 93 56
145 347 11 95 91
145 199 91 97 92
347 225 26 86 52
362 321 24 37 32
362 19 31 99 42
362 55 90 91 90
362 158 83 99 99
149 406 61 81 67
236 183 67 90 71
236 389 16 78 62
151 282 76 78 78
151 356 57 62 59
282 236 72 99 86
331 183 46 62 60
331 217 89 100 96
153 139 38 66 44
153 176 53 83 83
153 222 74 76 74
222 224 85 99 90
222 67 29 74 70
155 107 32 36 35
157 42 25 84 37
157 101 33 91 51
157 337 93 100 96
157 215 38 63 56
215 138 25 75 62
215 143 81 96 84
215 329 10 51 21
215 375 87 97 97
215 155 81 85 82
307 335 56 79 76
178 0 59 64 61
178 300 79 81 80
178 157 10 85 62
178 233 60 94 68
284 46 95 97 97
284 2 14 90 86
162 342 45 85 51
162 271 88 94 88
271 227 50 83 73
271 148 26 57 50
271 343 85 100 97
163 219 69 100 73
166 32 84 94 91
167 223 21 51 30
167 248 29 99 77
167 326 48 49 48
223 199 58 96 66
223 75 47 87 60
223 269 21 54 30
223 26 92 97 96
248 321 71 73 73
248 250 49 67 67
326 131 87 96 88
326 214 66 91 70
293 195 16 81 77
169 397 84 97 87
397 403 93 95 94
397 126 53 71 61
397 28 64 72 69
391 192 53 61 61
391 205 51 60 53
391 271 52 67 65
171 384 41 42 41
172 141 10 83 20
174 273 93 98 94
174 37 91 92 92
273 192 82 86 82
175 366 83 94 87
175 174 72 97 96
175 220 10 31 26
366 122 35 70 66
366 17 94 96 94
366 153 69 87 78
220 327 56 88 64
220 250 44 90 52
220 278 72 80 77
300 73 54 64 62
300 143 71 87 76
179 262 71 73 73
180 304 18 23 23
180 232 51 79 59
180 309 72 85 81
304 58 47 63 54
304 274 33 94 35
232 147 92 93 93
232 58 73 97 83
309 325 46 57 54
309 209 36 68 66
309 378 63 73 64
181 222 65 77 77
181 240 24 49 37
324 125 17 47 23
324 157 61 83 81
324 144 49 53 53
183 112 30 90 48
184 42 45 50 48
184 157 42 63 47
184 119 80 81 80
185 321 58 74 64
185 163 42 61 57
186 268 89 95 93
186 81 70 100 100
186 47 26 86 66
268 73 11 48 44
268 393 94 98 98
190 322 55 60 60
190 248 19 42 23
190 77 39 68 57
190 179 48 70 55
190 300 32 67 40
322 67 10 82 51
191 314 78 86 84
191 203 70 98 86
314 299 50 99 73
192 19 32 55 37
192 405 27 58 42
405 123 79 87 82
405 44 63 79 76
405 171 17 20 19
193 222 35 37 36
194 285 27 60 42
194 109 87 97 93
195 27 69 93 91
195 370 73 89 77
398 268 75 88 76
398 275 31 94 69
398 299 66 86 68
398 326 69 89 84
197 273 21 35 35
198 204 95 96 95
204 339 85 95 87
204 0 86 87 87
204 131 82 97 91
339 142 58 68 68
208 338 42 100 80
208 142 86 100 88
208 193 10 32 17
208 89 42 54 49
338 126 47 83 70
338 187 92 98 96
209 104 39 59 43
209 314 13 49 22
329 31 34 97 59
329 91 49 67 55
278 247 79 99 79
278 399 90 93 91
221 27 22 66 50
228 186 79 94 84
229 34 21 57 26
229 273 58 93 60
230 223 49 76 67
230 238 10 96 33
231 143 50 96 81
231 382 12 59 35
234 53 24 31 26
234 198 72 86 78
234 24 85 95 93
237 157 86 88 87
237 333 71 82 79
237 256 12 75 35
237 379 90 93 92
333 210 78 95 87
256 223 67 77 67
256 388 51 79 67
256 372 95 99 97
379 11 72 94 94
379 382 31 78 36
379 195 16 86 59
299 207 79 94 94
299 337 69 88 81
242 274 74 81 81
242 129 75 93 76
242 319 55 97 68
243 262 31 68 35
243 95 74 81 80
244 398 22 74 67
365 325 74 85 80
365 58 41 77 66
365 135 41 66 63
365 170 11 100 42
357 34 65 85 65
251 41 22 59 50
251 68 80 96 85
251 250 39 62 62
255 338 86 87 87
388 384 56 58 56
388 45 34 59 40
257 162 88 97 96
257 110 42 87 83
257 225 66 71 69
257 147 13 22 21
258 144 61 93 63
258 164 91 96 95
258 339 74 75 74
258 188 67 86 73
261 121 42 53 46
261 360 25 31 30
360 283 22 80 37
360 187 20 69 20
360 95 17 55 26
395 332 95 99 96
395 175 38 98 77
346 119 15 75 46
270 154 92 98 95
272 235 58 100 82
272 217 85 93 85
272 2 72 98 94
276 250 81 89 89
276 363 76 89 81
363 63 35 71 36
363 403 94 97 96
279 258 17 73 23
279 39 75 77 75
281 197 34 35 34
281 34 73 86 73
281 320 52 74 66
281 36 49 66 56
396 97 66 80 69
289 146 20 63 40
290 189 35 98 60
290 284 24 39 35
290 241 28 50 37
291 304 26 53 50
404 257 67 75 73
296 376 46 86 48
296 65 29 31 31
376 397 70 91 72
297 298 66 92 67
297 191 26 31 30
302 0 94 99 97
302 364 48 99 52
303 323 52 54 52
303 67 80 94 86
308 151 74 78 77
308 197 41 68 63
308 315 10 55 15
315 104 45 73 73
315 47 71 73 71
315 308 43 61 52
315 125 25 28 27
315 357 14 63 41
310 121 19 33 27
312 102 46 49 46
312 367 77 92 82
317 45 16 28 23
317 294 56 96 86
317 5 17 89 20
328 151 30 90 53
332 305 10 38 21
332 125 48 54 49
336 24 23 61 28
336 240 78 87 83
336 328 65 94 77
336 124 63 83 71
340 136 21 50 48
340 219 30 80 45
340 139 71 99 86
341 81 59 72 68
351 255 30 92 92
351 16 40 83 82
352 190 11 12 12
353 9 73 74 74
353 50 16 73 72
353 178 62 94 69
354 141 95 97 97
354 20 88 95 93
355 207 62 92 70
368 375 27 46 27
369 349 55 83 72
369 169 40 85 79
385 144 93 97 95
385 80 41 100 93
371 34 49 78 54
371 109 92 97 95
371 235 86 97 89
377 398 66 96 71
377 53 10 47 25
380 151 24 35 32
380 248 82 92 90
381 262 48 74 60
381 50 16 19 18
390 406 42 99 58
392 24 39 54 49
400 148 35 76 45
400 383 66 85 70
0 406
