81 138
0 80 79 95 90
0 12 52 83 61
0 2 42 43 42
80 77 32 41 38
80 20 74 97 92
2 35 64 84 79
2 9 72 84 80
2 24 91 92 91
1 35 17 22 17
35 21 92 95 93
35 62 44 47 45
9 0 22 64 27
9 14 30 89 35
24 48 81 86 83
24 16 79 99 94
24 59 90 95 94
3 4 33 42 37
4 61 48 57 51
4 1 85 100 87
61 55 52 82 82
5 49 91 96 96
49 77 46 48 46
49 57 30 44 41
49 47 46 75 49
6 23 31 52 51
6 61 64 100 91
6 9 29 76 36
23 30 72 93 72
23 15 67 73 72
23 33 89 91 89
23 21 56 90 69
7 63 24 48 28
63 45 70 97 79
63 32 77 94 83
8 76 50 96 93
8 38 27 86 72
76 48 60 100 73
76 39 17 27 21
38 5 44 78 61
38 63 94 100 99
14 0 55 56 56
10 77 79 84 81
10 21 39 66 44
77 68 47 66 50
77 63 25 95 49
77 7 72 99 85
77 16 37 92 62
21 75 15 98 91
11 0 75 95 90
16 78 23 50 43
78 13 48 57 55
78 48 79 98 95
17 75 68 82 82
17 36 36 48 37
75 46 92 100 99
36 11 60 95 79
36 57 44 98 58
36 58 89 97 95
18 2 10 56 16
19 15 18 95 60
19 5 59 94 85
19 9 43 62 43
19 0 91 93 92
20 24 15 92 51
22 37 47 64 48
22 76 72 96 93
22 59 59 97 86
37 63 21 84 44
37 60 71 91 73
59 46 91 99 98
30 53 15 33 31
30 70 43 62 61
33 61 66 81 69
33 47 28 92 85
48 33 89 100 90
25 71 92 93 93
71 11 94 98 97
26 71 59 82 73
26 37 32 85 71
26 27 36 50 43
27 36 26 28 27
29 52 51 65 61
29 13 86 94 92
52 30 64 86 65
52 51 68 96 91
52 58 69 83 80
53 17 74 86 74
53 73 20 91 31
70 14 32 86 50
70 49 65 79 77
70 37 69 100 72
31 56 64 91 81
31 71 14 18 18
31 43 65 78 71
56 14 83 95 95
56 6 75 92 78
43 9 42 54 50
43 12 53 97 65
32 21 65 75 73
32 70 11 58 56
32 0 26 32 29
58 35 38 69 53
58 9 79 88 88
60 75 86 96 92
60 50 79 83 80
39 62 32 46 40
39 16 93 99 97
39 64 50 70 59
64 15 19 23 22
64 3 68 89 81
40 57 43 91 69
40 30 21 38 34
40 23 63 75 72
42 8 34 60 41
42 19 54 85 68
42 15 39 44 42
45 36 39 71 63
50 68 86 100 86
68 69 54 82 77
68 52 31 86 40
51 5 91 100 98
73 29 47 84 59
54 45 42 57 49
54 67 35 42 35
67 14 89 96 94
67 3 88 89 88
55 19 88 99 97
55 0 87 100 99
55 12 12 38 31
65 6 69 82 80
65 25 43 64 57
65 72 14 47 24
72 61 40 42 40
69 60 81 99 99
74 65 94 95 95
79 54 82 91 91
79 14 60 76 75
79 48 22 91 75
0 80
