510 1567
0 355 28 92 64
0 216 76 99 81
0 174 36 68 50
0 378 17 34 18
355 170 93 98 98
355 340 18 99 37
355 64 93 99 94
216 32 28 90 73
216 298 74 98 96
174 139 55 95 63
378 62 35 100 42
378 428 73 76 74
378 7 73 87 80
1 416 62 74 63
1 137 51 68 64
1 199 66 100 72
416 67 33 36 36
416 168 46 67 47
137 509 38 100 96
137 31 84 93 93
137 301 58 100 100
137 50 85 87 86
199 81 10 75 60
199 381 15 83 56
199 197 42 50 48
199 328 38 57 42
199 144 65 75 75
2 363 13 99 64
2 141 41 71 44
363 137 23 60 37
363 90 46 88 50
363 180 14 98 19
141 0 27 43 43
141 112 40 75 42
3 439 94 99 98
3 146 48 82 67
3 307 16 70 38
439 509 29 81 65
439 311 90 99 91
439 304 44 96 65
146 315 52 75 66
146 498 84 95 90
307 167 25 90 81
307 355 24 100 29
307 293 84 99 98
4 71 44 89 72
4 292 37 54 40
4 167 86 87 87
71 111 49 60 51
71 454 35 74 68
292 272 35 39 35
292 471 46 75 75
292 229 60 76 69
292 258 89 97 93
167 166 82 85 85
5 189 26 59 49
5 495 90 97 92
5 298 54 66 65
5 228 60 70 67
5 263 27 93 68
5 270 50 90 54
5 309 55 85 81
189 449 40 58 51
189 327 29 56 47
495 391 83 86 84
495 371 78 95 85
298 284 21 81 62
298 388 93 97 93
228 58 57 85 71
263 346 29 85 58
263 251 77 80 78
263 503 66 98 71
263 126 38 67 38
270 353 90 93 91
270 246 34 68 45
270 120 65 77 76
270 127 81 98 87
309 505 69 82 72
309 224 71 89 81
309 104 81 86 86
309 1 78 98 85
6 297 58 98 84
6 483 33 38 36
6 337 65 89 75
6 499 94 98 94
6 298 95 99 95
297 141 92 97 95
483 144 27 41 35
483 166 23 48 29
483 377 84 86 85
483 16 24 98 84
337 431 47 68 54
337 505 46 92 48
337 212 23 86 55
337 129 13 80 18
337 64 55 65 61
499 158 67 99 96
499 281 37 67 53
499 482 61 74 67
499 38 71 83 79
499 427 10 76 74
499 409 64 74 71
499 404 35 47 41
7 383 50 63 53
7 36 72 82 74
7 473 72 89 88
7 115 21 97 24
7 313 27 74 32
7 206 29 60 50
7 73 21 52 45
383 471 37 43 38
383 388 91 97 93
383 105 35 82 72
36 348 81 83 83
36 131 47 54 50
36 54 28 42 31
36 38 20 75 31
36 508 52 69 69
473 330 85 92 88
473 446 92 100 94
473 494 20 21 21
115 33 37 64 59
115 483 94 99 97
115 181 54 76 64
115 460 81 98 83
115 16 59 94 61
115 427 26 35 29
313 203 15 49 26
313 192 78 94 92
73 383 33 34 33
73 487 95 97 97
8 271 37 63 57
8 260 50 85 62
271 434 34 99 99
271 79 57 74 73
271 128 43 78 52
271 14 34 65 47
271 262 66 67 67
271 200 13 42 25
271 348 39 77 45
271 243 86 89 89
260 108 87 98 94
260 276 29 95 50
260 392 20 29 26
9 221 49 62 59
221 494 90 91 90
221 49 91 93 93
221 30 47 83 72
221 285 85 98 98
10 46 47 55 48
10 453 12 71 47
10 249 55 100 86
46 491 42 44 44
46 304 81 94 85
453 72 74 98 93
453 79 53 63 62
453 285 28 43 28
453 35 38 45 43
453 354 45 66 52
249 384 94 96 96
249 318 83 92 87
249 313 26 50 26
249 152 92 99 95
11 71 81 89 88
11 442 17 50 24
442 371 16 39 38
442 270 39 82 66
12 180 48 71 71
12 75 28 99 31
180 432 83 86 86
180 218 59 79 76
180 481 12 32 21
75 193 60 92 88
75 480 44 48 44
75 90 14 48 21
13 72 15 27 22
13 238 18 66 21
13 117 42 89 61
13 142 36 57 40
72 487 54 95 57
72 302 41 48 42
238 111 33 84 46
117 314 60 67 61
117 376 61 93 83
117 429 73 97 87
142 51 20 59 31
142 353 95 96 95
142 345 51 96 95
142 118 55 97 77
142 102 85 99 92
142 67 51 90 70
142 227 34 50 37
14 18 52 67 53
14 261 93 97 94
14 135 26 91 71
18 21 45 70 54
18 158 78 88 80
18 27 92 93 92
18 9 83 88 84
18 255 76 99 97
18 70 81 88 86
261 252 14 35 29
261 385 43 83 54
261 400 32 55 53
135 278 39 96 83
135 340 16 23 16
135 106 50 97 71
135 315 29 73 72
15 117 89 96 95
15 484 72 91 88
15 419 88 94 92
484 444 53 73 60
484 381 71 92 88
419 363 17 83 48
419 217 18 20 18
419 473 82 99 93
419 250 20 98 44
419 105 74 86 77
419 277 83 89 84
16 435 28 32 29
435 425 23 81 44
435 140 38 83 49
21 356 78 97 93
21 236 29 82 78
158 393 24 77 75
158 416 47 65 55
158 162 91 97 97
27 108 95 100 95
27 301 42 79 57
255 192 92 97 96
255 183 84 89 88
255 56 70 85 74
255 460 30 59 50
255 339 92 94 94
70 414 22 23 23
19 458 36 62 44
19 289 49 56 54
19 234 36 69 49
19 457 80 87 83
19 450 61 88 68
289 306 68 97 75
289 183 10 48 43
234 167 43 60 43
234 11 76 88 85
234 89 25 44 40
457 164 93 95 94
457 251 26 84 38
450 331 70 74 74
450 344 62 74 68
450 94 40 55 53
450 452 74 98 93
450 53 46 49 48
450 60 17 90 35
450 144 73 97 83
20 444 89 100 92
20 222 75 93 88
20 109 37 45 45
444 260 46 67 54
444 83 66 67 67
444 226 92 98 92
444 98 16 69 50
444 185 13 53 38
444 190 41 52 50
222 339 76 78 76
222 90 70 97 84
109 71 51 99 59
356 187 82 96 90
356 291 75 96 75
236 172 62 88 70
236 104 13 68 30
236 358 18 81 28
236 106 77 81 81
236 202 45 60 55
236 218 11 41 28
22 486 72 89 72
22 357 87 91 87
486 495 18 53 42
486 161 57 70 67
486 129 61 65 65
486 252 91 92 91
486 319 27 62 53
486 99 42 82 45
357 407 62 72 70
357 389 95 97 97
357 9 54 89 67
357 61 51 55 51
357 254 58 92 77
23 273 11 57 31
23 456 64 77 67
23 490 46 58 56
23 282 34 97 87
273 509 19 37 19
273 429 35 90 86
273 374 11 62 19
456 210 50 95 70
456 497 68 73 69
456 182 93 98 95
490 198 74 77 75
490 333 30 64 55
490 311 77 93 92
490 473 44 98 86
490 275 41 67 53
490 432 94 97 94
490 452 45 66 56
490 505 28 36 32
282 358 21 76 37
282 44 67 98 77
24 390 66 73 70
24 451 62 100 81
24 278 60 100 73
24 168 59 68 66
24 151 40 72 67
24 236 85 96 95
24 220 31 52 34
390 192 60 86 86
390 278 72 97 88
390 487 24 77 76
390 181 91 98 93
451 271 26 98 30
278 198 44 95 89
278 264 30 40 31
168 393 75 97 84
168 223 79 83 82
168 84 75 92 83
168 280 36 73 39
168 344 50 62 54
168 97 28 93 34
151 55 44 87 57
151 492 60 70 66
220 55 55 61 57
220 140 88 91 88
220 235 63 67 64
25 155 95 97 95
25 431 47 68 62
25 305 62 100 78
25 313 34 67 42
155 22 65 83 67
155 471 65 84 75
155 141 73 84 78
431 36 71 78 77
305 448 61 66 61
305 405 15 88 76
305 449 30 42 35
305 156 54 79 65
305 42 74 93 92
26 12 93 94 93
26 97 64 74 67
26 449 50 97 89
26 248 48 56 49
26 457 69 82 76
97 155 32 99 80
97 397 14 49 21
449 75 95 99 98
248 155 90 94 90
108 167 20 82 26
108 151 12 48 40
301 95 37 81 74
28 254 89 100 95
28 322 33 45 37
28 213 59 83 79
254 79 32 33 33
254 447 20 71 71
322 509 91 99 98
322 369 16 59 34
322 15 37 68 37
213 348 88 98 93
213 473 75 87 78
213 81 75 98 88
213 171 60 80 60
30 214 60 76 64
30 431 73 95 76
30 41 88 100 96
30 72 19 45 21
30 35 75 85 84
214 485 27 36 35
214 218 54 68 55
41 128 56 87 75
41 440 79 96 86
41 114 69 95 72
41 15 35 42 38
41 347 28 56 30
41 279 32 33 33
41 422 95 96 95
41 455 53 98 97
41 482 44 100 79
35 241 89 94 93
31 54 29 76 55
31 57 31 65 37
54 2 57 97 73
54 38 25 70 30
54 453 31 36 36
54 144 41 95 60
57 430 25 70 68
57 76 70 76 73
57 172 15 60 53
57 66 44 88 71
32 264 61 99 79
32 325 43 68 60
32 356 18 76 40
32 422 25 99 28
32 202 62 81 73
264 319 85 93 88
264 78 94 100 99
264 279 55 56 55
325 97 30 76 76
325 237 72 100 82
325 405 47 100 91
325 346 83 84 83
325 300 10 58 14
325 299 35 84 81
325 53 26 48 39
325 114 72 86 82
325 440 65 96 89
325 155 54 59 56
422 456 93 98 96
422 81 66 93 93
422 507 92 95 92
202 391 76 94 94
202 274 79 88 86
33 266 39 83 45
33 322 48 85 74
266 468 82 92 82
34 269 77 99 88
34 100 46 87 77
34 57 53 67 65
34 166 58 98 82
269 380 87 91 91
100 189 69 81 70
100 106 82 83 82
100 256 35 64 55
166 216 44 71 44
166 182 67 88 78
166 161 69 99 78
166 360 10 34 34
166 236 21 39 39
166 288 44 95 46
348 460 24 38 35
348 101 13 35 32
348 381 34 59 40
131 288 46 63 56
131 459 16 69 55
131 111 79 96 82
131 14 76 85 79
131 401 45 97 97
131 276 83 99 94
38 449 11 48 12
38 199 67 74 71
38 490 80 85 80
508 171 68 94 86
508 337 76 87 81
508 476 38 73 42
508 151 52 55 55
37 263 66 80 71
37 169 67 69 68
37 202 91 95 92
37 6 30 87 62
37 265 82 85 83
37 181 68 69 68
265 422 80 92 80
181 70 21 73 40
181 457 35 46 45
181 309 76 100 100
39 94 22 23 22
39 84 21 30 27
39 67 64 73 70
94 185 37 60 49
94 433 27 94 63
84 189 48 91 78
84 49 73 85 84
40 446 21 75 46
40 249 52 66 59
40 461 55 73 61
446 247 55 59 55
446 351 23 68 63
461 101 66 84 77
461 221 48 95 88
461 378 81 91 82
461 382 10 85 67
461 66 57 69 63
128 473 41 82 72
128 339 28 97 92
128 280 92 94 94
440 279 70 85 74
440 87 35 65 49
440 437 69 77 74
440 2 29 85 37
440 461 41 70 55
114 122 46 97 76
114 231 17 62 19
114 130 40 95 68
347 336 48 95 59
347 409 23 38 24
347 116 72 92 86
347 359 91 96 94
347 263 26 46 38
347 452 57 72 70
347 497 61 72 70
279 319 11 32 11
279 410 80 87 83
279 111 25 32 26
279 98 64 78 70
279 77 95 99 96
279 178 58 89 86
455 5 66 75 75
455 347 51 75 66
455 327 80 92 92
482 110 33 66 50
42 248 69 84 77
42 87 67 86 68
42 373 25 80 65
42 23 20 43 23
42 92 66 78 68
42 472 17 26 25
87 266 29 64 31
87 71 78 92 81
87 45 11 21 17
87 26 62 79 77
87 395 25 92 82
87 219 28 58 56
373 94 58 96 59
373 286 83 88 88
373 213 93 100 99
92 188 14 87 21
92 180 21 53 32
92 311 38 75 48
472 390 11 93 50
472 365 24 69 66
472 137 31 83 51
43 222 42 52 50
43 331 13 96 83
43 355 76 95 95
43 303 56 63 61
331 52 78 80 79
331 76 82 99 86
331 450 63 89 82
303 117 49 55 49
303 71 45 73 66
44 113 34 81 71
44 224 27 48 28
113 339 41 73 62
113 493 21 61 35
113 63 78 98 86
113 460 81 82 81
224 114 71 78 76
45 131 45 65 49
491 347 82 84 82
491 54 94 97 97
491 58 36 64 63
304 225 41 65 58
304 86 68 73 73
304 72 36 86 49
47 100 18 92 63
47 217 28 58 35
47 94 62 78 78
47 230 21 65 30
217 331 58 60 58
217 221 73 75 73
230 479 51 98 65
230 422 87 99 92
230 293 57 88 73
230 465 81 93 82
230 365 49 77 59
48 472 89 90 89
48 447 27 30 27
48 15 47 71 58
48 272 68 85 80
447 308 42 98 49
447 369 87 100 98
447 172 82 88 86
272 22 47 90 78
49 238 42 97 61
49 309 10 28 14
49 441 48 78 56
49 291 55 85 73
49 503 24 94 67
49 122 60 85 63
49 13 60 69 64
441 484 91 94 91
441 264 18 62 36
291 249 86 89 89
291 281 59 87 75
503 349 36 75 69
503 99 48 61 49
503 433 55 98 68
122 177 43 59 46
122 255 55 61 57
122 206 11 66 34
122 289 73 87 83
50 79 32 91 32
50 128 89 94 93
50 398 69 71 69
79 492 10 94 69
79 412 19 23 22
79 434 67 85 79
79 506 29 68 56
79 439 82 98 96
398 501 33 38 35
398 325 47 58 53
398 455 87 94 90
51 129 48 52 50
51 100 85 87 85
51 59 39 91 51
129 54 75 79 77
59 391 84 90 86
59 452 79 90 84
59 439 41 96 76
59 160 13 51 16
52 330 91 96 95
330 131 72 94 94
53 260 38 49 46
53 78 87 88 87
53 27 41 67 45
53 306 10 35 18
78 195 92 93 92
78 507 48 95 55
78 25 36 94 52
306 254 94 96 96
306 234 58 88 72
306 44 24 30 27
306 484 27 94 83
144 347 80 91 90
144 303 66 89 81
55 251 30 97 56
55 367 48 74 50
55 185 68 81 75
251 184 82 96 94
251 307 65 89 80
251 269 72 97 94
367 214 49 71 58
185 373 65 67 67
185 205 41 77 71
56 229 93 98 96
56 409 59 96 74
56 7 10 85 53
229 341 27 66 31
229 34 40 93 84
409 352 12 99 43
409 388 34 97 52
430 88 32 41 35
430 363 18 82 35
76 54 72 87 85
76 201 16 69 32
76 195 77 80 80
76 4 32 89 69
76 246 72 76 76
172 480 69 79 79
172 168 35 40 35
66 3 46 61 52
58 59 63 69 63
58 275 36 53 40
58 453 47 98 68
275 400 93 99 94
275 164 14 83 54
391 276 29 99 59
391 114 17 71 38
452 297 60 62 60
452 59 38 93 42
452 260 39 79 71
60 121 30 54 52
60 468 84 99 84
60 223 75 93 92
121 42 65 66 66
468 6 31 98 75
468 113 94 96 95
223 305 26 97 30
223 356 43 54 46
223 218 20 61 59
223 62 77 80 77
61 342 16 24 21
61 47 92 93 93
61 266 40 70 65
61 347 74 81 78
342 47 65 68 65
342 163 24 41 39
342 151 66 82 76
342 257 21 60 26
62 196 87 89 89
62 289 13 35 35
62 380 39 68 60
62 108 20 65 24
62 431 42 98 83
196 306 57 100 86
196 380 72 73 72
196 85 63 95 82
380 158 90 93 91
380 353 18 38 20
380 23 44 47 46
63 24 33 84 54
63 454 74 79 79
454 221 28 100 91
454 37 47 52 48
454 308 20 71 43
454 268 81 86 85
64 125 53 86 70
64 91 93 98 98
64 415 89 99 89
125 278 64 68 64
125 175 31 32 31
125 183 46 48 47
91 86 29 89 88
91 152 58 92 83
91 288 60 70 60
415 446 65 75 72
415 509 95 97 96
415 439 29 55 37
415 142 17 75 35
415 86 20 21 20
415 250 78 91 87
65 288 22 69 23
288 234 63 90 86
288 421 14 59 28
288 163 72 84 75
288 37 73 86 73
68 465 68 86 85
68 115 42 48 46
68 194 70 84 84
68 54 61 66 62
68 195 34 36 35
68 497 71 79 71
465 380 25 49 43
194 497 59 93 79
195 333 51 52 52
195 280 49 80 53
497 507 58 61 59
497 342 65 90 68
497 419 38 97 43
69 348 47 70 47
414 5 60 98 98
111 250 27 82 71
111 497 57 74 72
111 436 47 87 56
111 0 84 90 84
487 387 87 100 89
487 37 41 58 42
74 65 62 77 68
74 258 62 65 65
74 485 30 72 33
258 433 54 68 66
258 498 36 42 40
485 82 89 90 89
485 381 41 75 57
480 161 51 65 62
480 184 15 28 26
480 107 46 47 47
480 48 30 64 40
90 2 85 94 93
90 84 53 71 70
90 169 59 87 78
90 477 86 89 86
90 160 77 82 78
90 508 74 100 89
201 289 95 99 97
201 231 35 84 81
246 89 51 99 78
246 494 69 89 75
77 185 82 91 82
77 205 66 80 76
205 153 76 91 85
205 60 56 91 61
507 385 85 100 99
507 231 48 72 62
492 142 87 89 88
492 369 69 71 71
412 420 16 25 20
412 417 69 77 70
412 375 57 64 63
412 205 86 94 89
434 418 48 90 69
434 451 36 73 47
434 420 74 97 80
434 485 39 56 51
506 385 72 77 74
80 85 32 83 71
80 0 88 98 97
80 204 61 92 81
80 155 58 86 79
80 281 90 91 90
85 219 29 80 50
85 466 85 98 95
204 401 33 75 67
204 233 84 92 85
204 2 36 57 49
281 401 46 90 61
281 326 56 67 62
281 224 90 96 93
281 383 11 82 13
281 316 65 92 88
281 463 85 88 87
281 257 36 100 41
281 152 21 39 29
281 211 52 73 58
281 29 46 63 50
281 212 58 97 84
81 83 56 98 65
81 346 87 99 92
81 403 75 97 77
83 229 90 98 93
83 395 32 55 55
346 5 68 95 93
346 507 51 68 59
403 116 77 78 77
403 218 47 81 50
403 457 94 96 94
403 108 23 32 32
403 418 22 26 23
82 75 24 65 37
82 139 83 100 89
395 297 24 92 42
395 422 54 81 75
395 22 38 48 46
395 386 47 73 67
395 321 56 69 58
219 295 86 93 92
219 123 66 88 87
219 337 38 46 46
466 181 83 86 83
466 43 46 67 50
466 427 63 74 73
466 425 95 98 96
466 210 18 100 43
466 239 47 87 64
466 292 40 59 40
466 422 58 88 72
466 508 57 65 60
466 374 70 99 95
86 309 34 54 36
86 9 46 82 55
88 18 70 82 82
88 33 28 52 49
89 193 20 21 20
89 264 10 90 84
89 157 60 87 80
89 406 12 98 19
89 119 55 89 65
157 14 72 94 83
157 379 42 78 55
157 399 51 81 68
157 386 95 97 97
406 27 63 72 71
406 344 32 37 35
406 443 19 25 24
119 34 84 93 93
119 417 41 49 47
477 146 88 100 97
477 242 42 79 57
152 273 33 73 49
188 143 68 87 70
188 167 13 31 13
188 500 61 71 63
188 397 95 98 98
188 114 61 84 64
311 346 56 79 58
93 248 93 95 94
93 338 38 42 42
93 282 41 42 41
93 122 48 58 56
93 256 57 76 66
338 124 85 94 89
256 51 38 67 42
256 384 66 98 88
433 281 95 98 95
433 259 49 72 64
433 51 93 94 94
433 74 41 96 68
433 149 67 82 68
95 374 50 82 61
95 50 19 46 35
95 288 61 67 65
95 428 76 86 82
374 47 16 65 48
374 99 53 57 55
374 454 39 78 56
428 136 28 78 53
428 275 26 68 29
428 132 74 77 74
96 62 38 80 40
96 38 42 74 69
96 193 92 94 92
96 57 95 97 97
96 373 73 86 82
96 276 39 47 45
276 354 67 73 71
276 493 24 92 47
397 68 31 73 47
397 438 52 93 69
397 23 47 87 70
397 220 78 96 82
98 181 83 96 87
98 453 93 96 94
99 381 33 93 55
99 88 12 31 22
99 14 42 73 54
99 413 67 90 75
99 429 47 88 81
381 274 52 83 72
381 111 18 64 44
381 78 13 78 27
381 144 42 79 52
381 465 40 63 62
381 287 82 95 90
381 382 70 100 73
381 505 30 73 44
413 238 86 89 86
429 7 15 67 16
429 293 75 82 81
429 194 90 92 92
429 469 12 56 28
429 242 76 87 79
106 176 54 59 55
106 117 87 94 91
101 466 52 84 56
101 81 61 93 83
102 428 26 62 45
103 460 84 95 95
103 323 87 91 87
460 356 75 94 86
460 69 30 84 79
460 271 29 49 35
460 349 16 77 65
323 86 18 70 33
104 457 79 98 90
104 100 23 53 27
104 226 14 44 17
104 251 64 92 78
104 435 53 83 83
226 302 86 97 97
105 96 27 43 27
105 59 13 38 20
105 277 87 98 89
105 166 53 80 59
105 88 40 51 41
105 66 76 88 88
105 236 91 96 94
105 430 23 86 78
277 223 12 92 45
277 236 55 74 59
277 10 72 93 77
277 146 27 66 36
277 361 28 77 50
277 45 84 96 85
176 232 36 70 39
176 48 23 70 67
107 18 92 99 95
107 109 90 91 90
107 468 77 94 81
110 466 47 69 64
110 428 15 21 15
110 234 92 99 92
250 368 31 73 44
436 411 22 48 47
112 319 88 95 94
112 22 27 76 68
112 504 45 65 60
319 50 36 81 76
319 458 36 63 38
504 199 15 76 16
504 14 91 100 91
339 394 59 75 59
339 119 47 87 63
339 47 31 90 37
493 403 54 80 66
493 40 66 89 83
493 14 79 95 92
493 105 29 72 52
493 182 76 87 78
231 14 84 91 85
231 72 26 75 46
231 432 21 25 23
231 77 14 65 34
231 46 40 47 45
130 505 10 72 52
427 266 51 83 58
427 245 89 95 89
427 112 44 75 44
116 266 47 92 71
116 319 68 81 71
116 429 17 75 21
314 422 15 62 28
314 79 67 96 73
314 505 44 74 67
314 456 59 89 59
376 153 34 76 35
376 386 19 62 42
376 182 84 99 99
376 150 30 87 52
376 316 67 87 73
118 452 77 89 84
118 2 20 98 35
118 78 34 54 43
118 360 43 93 69
360 58 86 99 87
417 38 23 32 27
417 457 44 54 50
417 115 16 73 68
417 415 40 51 41
417 350 14 76 51
120 475 55 97 90
120 33 85 100 88
120 333 92 94 92
475 132 39 97 89
333 347 18 32 30
177 415 72 99 75
177 171 10 91 37
123 248 93 100 99
123 341 91 97 93
123 235 71 97 79
123 189 79 83 82
341 479 33 81 63
341 250 35 41 36
341 287 95 97 97
235 460 48 90 81
124 373 47 92 76
175 33 83 85 85
175 485 64 96 71
175 113 67 70 67
175 39 40 54 53
183 89 65 98 73
126 375 82 98 91
126 196 10 24 22
126 410 25 54 44
126 38 36 70 46
126 108 70 91 74
126 484 83 86 85
375 80 77 98 78
410 165 29 93 67
410 433 44 61 45
410 22 89 96 91
410 189 69 86 86
410 400 33 97 87
127 294 75 100 91
127 435 71 86 82
127 414 91 97 97
127 426 41 76 68
127 343 52 56 52
294 82 91 94 91
294 13 90 97 91
294 465 23 37 24
294 113 81 92 88
294 189 20 80 30
294 291 95 97 96
426 12 58 64 63
343 191 72 91 78
343 185 26 59 30
343 435 85 98 95
343 241 89 97 89
280 327 25 60 53
280 416 80 89 87
280 445 87 93 87
505 334 24 92 68
505 143 11 75 61
505 3 11 97 66
459 250 56 67 65
401 140 64 75 75
132 211 22 78 56
132 194 83 94 89
132 321 17 87 60
132 423 51 76 69
132 94 56 87 86
132 78 23 72 64
211 123 43 60 52
321 324 79 98 97
423 29 24 57 56
133 13 44 69 46
133 116 39 89 50
134 165 10 79 50
134 289 16 26 23
134 261 65 99 75
134 175 73 95 90
165 304 59 100 85
165 363 95 97 97
340 251 29 34 34
340 16 12 41 18
340 426 14 54 54
315 495 69 89 80
315 127 54 72 61
136 382 94 100 99
136 380 62 64 62
136 40 48 67 49
136 3 47 68 48
136 473 89 100 100
382 427 49 75 54
382 390 81 95 94
509 247 73 80 79
509 422 89 98 97
138 110 56 81 70
138 461 56 62 57
138 225 48 77 50
138 184 58 67 64
225 101 89 94 90
225 13 64 100 93
225 131 62 92 86
184 467 94 100 96
140 470 18 88 73
140 110 87 99 90
140 468 56 61 60
140 62 18 66 43
140 427 49 88 68
140 111 89 94 94
470 260 34 36 35
353 92 45 83 45
353 277 81 96 82
353 219 47 84 66
345 252 46 52 46
345 481 69 82 79
345 256 93 97 96
345 438 41 72 58
345 200 12 30 30
227 443 22 75 45
227 239 90 97 97
227 129 14 51 46
227 376 44 98 63
227 270 73 90 78
143 481 73 94 75
143 286 18 90 30
143 3 61 73 72
143 300 38 75 38
481 80 35 93 41
481 27 76 84 82
481 477 85 99 88
286 324 93 94 93
286 389 20 92 22
286 383 49 63 59
300 150 44 80 55
145 321 79 94 91
498 86 53 62 61
498 509 42 49 47
147 261 70 71 71
147 13 17 88 37
148 271 80 86 84
148 195 95 98 98
148 243 76 81 79
243 161 63 75 69
243 474 89 90 89
243 111 32 95 53
149 474 14 22 18
149 423 82 86 83
149 124 72 92 82
149 326 13 73 16
474 48 79 80 80
474 134 85 95 91
474 159 34 82 49
474 143 26 93 61
474 262 94 96 96
474 458 71 79 79
326 157 16 32 25
326 476 70 89 70
326 164 54 71 55
150 257 39 84 60
150 477 64 72 71
150 181 77 80 79
150 431 39 59 48
150 460 14 92 74
150 182 77 90 83
257 369 46 92 51
257 392 87 100 100
257 113 56 98 74
182 425 76 98 92
182 60 16 62 47
182 92 82 91 90
153 86 67 71 71
153 57 54 82 60
153 283 32 87 71
153 411 20 72 46
283 402 72 95 95
283 223 37 88 79
283 28 92 93 93
411 242 79 96 82
411 317 81 86 83
411 313 48 88 56
411 447 62 100 81
411 482 61 67 66
411 355 60 94 91
411 492 12 24 18
411 328 10 37 15
411 239 70 94 79
411 473 21 24 23
154 264 78 85 78
154 355 73 84 81
471 320 59 63 59
471 45 80 97 89
156 83 95 96 96
156 291 18 51 19
156 32 90 97 93
156 155 51 57 55
156 166 83 99 99
379 114 57 77 72
379 441 19 82 63
379 17 46 88 83
379 277 70 81 77
379 86 25 97 74
399 417 51 97 65
399 79 54 59 57
399 66 27 89 62
386 232 52 94 55
386 59 20 24 23
386 460 29 97 59
386 409 58 96 89
393 384 48 94 79
393 331 64 95 64
393 106 49 68 61
162 497 24 33 30
162 45 62 75 72
162 264 16 40 36
159 409 86 98 86
159 188 72 76 73
159 415 87 94 87
161 157 21 30 25
161 288 70 94 79
161 192 14 90 29
161 401 11 91 30
192 220 27 84 41
192 1 33 65 40
192 115 19 52 39
192 488 79 82 81
192 405 74 97 81
164 472 81 88 83
164 378 49 67 62
164 110 63 83 82
164 350 58 95 80
350 371 61 77 75
344 205 62 86 63
344 376 58 98 66
344 266 15 61 33
170 105 15 63 18
170 463 92 100 94
170 70 38 95 51
463 280 94 98 94
173 356 17 69 61
173 441 51 99 76
173 454 23 43 41
173 200 61 79 68
173 384 12 73 72
200 402 44 59 47
200 437 71 77 72
384 213 86 100 92
384 387 93 95 93
384 365 12 100 72
384 452 59 68 66
384 350 34 35 35
384 423 88 96 93
232 375 67 78 68
178 61 73 80 73
178 303 38 71 64
178 419 11 78 42
179 106 18 19 18
179 247 33 77 65
179 363 63 79 69
247 228 10 64 38
247 386 50 83 65
247 219 16 94 58
247 500 23 24 24
247 279 25 97 33
432 440 47 91 60
432 390 43 58 57
432 148 79 90 81
218 424 40 61 46
218 371 75 100 83
425 454 63 82 75
425 125 68 84 74
186 185 76 95 82
186 240 34 44 42
186 436 57 60 60
240 241 19 36 24
240 418 83 85 84
187 194 15 47 43
187 481 58 63 61
187 349 59 99 90
349 488 62 79 74
349 82 63 80 80
349 233 41 93 70
500 495 23 94 76
500 16 78 82 79
190 213 37 47 41
190 81 10 45 10
190 63 65 99 77
190 270 66 80 68
190 434 32 36 34
191 441 17 24 23
191 325 80 83 80
488 182 70 100 75
488 467 60 84 81
405 183 39 93 54
405 490 51 88 54
405 331 71 82 75
197 29 54 69 69
198 130 23 66 66
198 59 74 86 77
198 23 77 100 87
198 262 93 95 93
198 184 34 64 54
262 100 20 100 96
262 426 88 96 88
262 343 46 69 54
262 267 21 65 63
328 268 30 57 34
328 485 42 88 77
328 23 82 87 85
328 199 21 66 29
402 135 79 99 83
402 412 93 99 95
437 63 82 87 87
437 267 72 91 79
437 62 28 77 44
437 19 19 20 20
274 59 28 77 44
274 290 28 56 41
274 69 71 92 76
274 220 33 34 33
274 75 13 21 19
274 431 58 76 59
203 455 58 60 60
203 355 13 32 15
203 57 50 91 51
203 325 15 41 25
203 336 46 60 47
203 399 12 94 35
336 134 52 94 82
336 497 13 57 40
336 119 84 88 85
233 395 29 92 84
233 243 24 48 44
233 61 90 92 90
207 164 82 100 83
207 263 14 69 56
208 427 70 72 70
210 315 61 68 61
210 43 36 72 66
210 171 78 93 80
210 463 89 95 89
212 334 70 80 74
212 5 55 67 62
212 305 62 86 79
334 264 45 74 67
334 238 93 97 96
215 202 29 64 54
215 422 67 100 87
215 438 60 80 75
215 89 72 87 76
215 374 77 96 83
438 180 29 69 62
438 148 46 98 72
438 425 27 75 67
438 18 75 79 75
438 509 61 79 70
424 446 41 51 51
424 239 36 64 59
371 289 42 46 42
371 434 40 59 51
371 200 94 96 96
371 145 34 65 50
371 187 45 73 49
295 195 52 91 53
295 25 70 83 80
295 451 87 96 91
295 10 28 86 55
295 423 18 38 34
295 154 92 94 93
295 103 86 93 86
494 211 84 91 86
494 404 57 75 62
494 136 37 68 47
285 308 38 57 39
285 368 28 78 43
285 56 19 50 27
443 289 57 95 81
443 25 78 90 86
443 27 88 90 90
443 361 42 100 88
443 194 48 72 61
443 36 69 72 71
443 287 34 89 36
443 507 27 92 76
443 472 86 91 87
239 358 48 61 61
239 261 21 39 32
479 493 36 76 71
479 352 58 81 59
479 259 17 93 89
293 354 56 78 73
293 254 93 99 94
293 427 29 52 40
365 326 56 75 65
358 17 28 61 28
358 350 28 38 33
358 312 84 90 89
358 288 33 40 38
358 197 57 84 61
237 45 85 99 87
237 328 54 76 58
237 457 70 79 76
237 72 43 82 51
237 345 67 91 82
418 347 69 81 78
418 444 50 97 66
418 233 35 79 71
418 262 43 55 50
242 37 65 84 75
242 263 16 63 51
242 394 65 75 70
394 487 39 58 52
394 237 24 59 59
394 21 36 79 57
244 23 83 86 83
244 192 62 97 75
244 489 16 86 17
245 192 28 91 76
245 77 12 79 40
245 449 31 78 52
245 111 31 44 43
245 467 80 85 84
245 395 89 92 91
368 150 90 93 90
368 446 59 63 62
368 495 36 99 93
252 390 69 93 80
253 228 19 47 27
253 245 90 94 93
253 498 75 94 91
253 183 80 95 86
369 271 51 56 56
369 129 19 42 32
369 156 87 98 92
392 250 74 96 74
392 443 59 78 62
259 252 60 80 65
259 471 18 71 44
259 264 35 38 38
385 425 24 95 58
385 438 41 53 51
385 196 82 84 84
385 504 36 52 38
400 122 86 87 86
400 504 37 73 48
400 39 90 96 96
400 80 27 69 56
400 453 90 96 93
267 112 51 97 75
267 145 60 82 67
268 239 38 91 48
268 375 41 99 77
290 71 32 69 68
354 103 34 81 58
354 106 46 74 74
354 288 24 84 75
354 24 36 93 55
361 356 41 90 71
361 464 66 95 75
361 91 37 38 38
361 195 61 99 69
445 480 10 26 10
445 351 46 51 48
445 262 73 84 78
445 62 11 85 78
316 31 59 91 90
316 233 41 57 50
316 425 36 67 45
284 467 72 84 74
284 462 88 98 93
284 330 73 100 80
284 363 51 72 58
284 423 87 89 87
284 184 76 97 76
284 508 62 80 64
284 182 76 87 80
462 310 20 37 31
462 351 20 35 20
308 416 39 69 48
324 95 68 97 77
324 410 27 84 66
389 106 59 99 94
287 213 39 85 39
287 203 31 71 58
421 200 76 88 79
296 380 50 67 57
296 166 64 73 70
296 259 60 71 71
296 397 28 46 42
388 230 51 94 63
388 23 59 73 65
299 25 31 44 35
299 155 90 98 96
299 238 44 58 51
448 433 22 72 37
448 49 64 85 69
310 443 49 80 71
310 357 30 32 30
312 356 25 67 55
312 299 17 46 31
312 346 33 40 36
312 206 51 68 66
312 283 59 71 61
312 491 49 50 50
312 261 70 74 70
317 275 85 99 89
317 169 22 97 50
320 245 11 86 39
320 501 47 49 47
320 385 36 96 58
320 339 24 95 75
501 296 80 89 80
501 448 27 45 45
476 6 74 98 87
476 10 86 88 87
329 466 50 81 65
329 484 49 76 60
332 140 35 99 66
332 314 18 26 23
335 326 55 76 75
359 174 28 93 34
359 452 87 96 88
351 205 32 70 39
351 128 63 75 67
351 36 22 58 33
351 144 89 91 90
351 265 38 50 40
352 133 44 55 49
352 492 36 86 80
352 358 26 55 49
407 216 50 57 57
407 346 34 51 51
464 492 30 58 51
464 226 65 75 66
464 145 29 32 31
362 325 89 93 93
362 449 46 89 61
364 311 76 89 81
364 113 31 99 56
366 379 40 89 57
366 360 69 94 79
366 357 90 96 90
366 36 51 84 80
366 477 18 85 48
366 97 23 61 37
366 374 59 85 70
366 284 66 74 74
370 437 31 70 57
370 85 58 78 74
370 24 20 51 35
372 57 31 91 36
372 174 92 95 94
377 202 57 73 64
377 164 85 93 87
377 382 46 80 79
377 343 36 79 70
377 263 24 82 41
377 62 60 93 72
377 458 36 71 37
387 18 30 55 32
387 498 42 47 47
387 295 26 66 42
396 269 26 47 44
396 393 50 70 66
404 18 31 93 34
404 116 95 96 96
404 486 90 94 93
404 9 59 87 62
404 323 32 78 60
404 403 66 88 70
408 173 21 24 21
469 97 45 68 46
469 242 64 96 71
469 18 66 84 75
478 453 51 55 52
496 106 26 76 32
496 58 86 87 86
502 451 35 47 45
502 99 15 67 62
0 509
