448 930
0 338 64 74 71
0 112 51 70 64
0 407 20 71 32
338 145 61 93 71
338 234 78 85 82
407 286 29 65 53
407 193 87 90 88
407 47 80 84 83
407 355 87 93 93
4 257 55 81 60
4 296 95 96 95
4 125 95 99 96
257 403 82 100 97
257 88 83 93 83
257 113 46 54 47
296 372 62 94 87
296 377 93 98 98
296 334 34 52 49
296 173 49 58 50
296 418 44 51 47
125 334 32 73 38
5 252 26 87 48
5 259 57 80 72
252 140 82 83 82
259 416 62 99 70
259 106 42 70 51
6 323 78 93 89
6 310 23 57 47
323 138 48 94 77
310 64 65 87 71
310 323 26 73 45
7 88 36 60 53
7 335 56 80 65
88 261 11 56 47
88 362 60 100 91
335 158 40 79 60
335 424 20 86 42
335 210 55 94 91
8 14 82 86 82
8 342 81 95 82
8 300 32 51 47
14 349 23 32 29
14 127 47 56 49
342 57 38 61 53
342 369 92 98 93
300 434 29 52 46
300 49 84 88 88
9 53 68 90 88
53 300 34 37 34
12 66 29 93 78
12 49 92 98 95
12 242 73 79 74
66 445 61 71 68
66 281 47 65 57
49 397 68 74 74
242 388 76 85 76
242 58 70 75 71
242 326 74 78 77
349 186 60 69 61
349 245 85 94 92
349 21 20 87 25
349 253 64 82 77
127 162 76 93 89
127 331 51 100 64
127 377 75 96 91
127 271 18 89 89
127 226 41 81 50
15 102 86 89 89
102 332 62 77 72
16 443 40 97 62
16 134 51 64 55
134 265 18 55 38
134 286 31 58 38
17 146 89 95 93
17 198 92 94 92
146 205 42 90 78
198 132 84 85 84
198 180 42 79 52
198 5 79 80 79
18 165 31 70 46
18 412 84 94 92
18 311 81 90 81
165 192 41 98 83
165 340 84 88 88
412 250 68 100 86
412 219 57 97 70
311 13 38 39 38
311 249 34 72 69
19 67 76 86 78
67 111 83 99 88
67 194 48 49 48
20 330 11 38 15
330 447 25 49 26
330 75 61 94 61
330 365 91 93 91
330 66 90 100 94
21 201 68 87 86
201 239 22 24 22
22 269 16 39 29
22 77 13 41 35
269 96 69 95 81
269 54 84 99 89
77 31 17 28 24
77 23 62 92 78
77 206 55 76 76
77 139 12 28 15
23 55 36 61 61
23 183 88 91 90
23 432 73 76 74
23 65 43 83 81
55 283 67 71 71
183 175 74 77 77
183 198 50 93 72
432 326 26 54 28
432 303 59 82 59
24 307 17 26 23
24 341 33 39 38
24 304 45 94 54
307 278 53 69 55
307 437 10 39 35
307 153 70 99 84
341 205 86 91 88
304 342 45 84 55
304 290 13 91 85
25 347 89 90 90
25 7 40 69 59
347 12 61 80 63
347 228 15 55 39
347 344 77 90 87
26 167 84 98 93
167 110 90 93 92
167 48 14 74 29
167 351 29 34 32
167 343 27 53 34
27 343 35 79 57
343 28 38 74 50
343 52 48 99 90
28 437 13 74 64
28 363 69 88 69
437 233 94 97 97
437 194 42 78 49
437 166 18 27 20
437 294 33 49 39
363 317 37 61 49
30 267 54 82 57
30 395 34 60 45
30 127 49 84 79
267 337 47 67 49
395 10 15 66 28
31 328 26 54 36
31 17 58 75 62
31 34 63 98 73
31 309 73 95 84
328 163 95 99 96
34 213 31 32 31
34 398 27 37 34
34 218 37 61 37
34 359 78 88 80
34 90 51 65 64
309 62 26 79 78
309 291 14 28 16
32 369 77 85 84
32 143 42 67 65
369 374 15 57 43
369 43 34 74 45
143 405 33 77 70
143 160 58 61 61
143 40 77 84 83
213 172 48 55 54
213 408 78 100 93
213 287 31 35 34
398 152 58 90 58
398 229 15 52 15
398 217 62 83 79
398 251 22 65 33
398 414 78 80 79
398 323 41 100 85
218 380 68 96 79
359 38 28 71 65
90 92 84 99 97
36 40 93 99 94
36 351 71 83 71
36 411 39 69 53
36 233 77 98 93
40 2 89 98 96
40 230 27 30 28
351 400 93 97 97
351 80 32 71 36
351 362 26 38 32
351 69 91 97 97
411 118 75 85 80
233 246 20 46 37
233 213 93 99 93
37 404 77 92 91
37 279 23 88 54
404 369 88 100 97
404 131 59 99 66
279 390 36 81 66
279 133 92 100 95
279 17 25 79 71
38 360 82 99 82
38 252 15 42 28
360 240 88 89 88
360 411 73 99 78
39 57 45 77 64
39 97 41 62 52
57 149 21 55 46
230 396 34 80 42
230 241 91 96 92
41 76 48 96 51
41 438 93 97 97
41 351 49 95 66
41 13 68 90 73
41 445 68 88 78
76 107 27 28 28
76 136 78 97 86
76 370 93 95 93
438 206 69 78 73
445 432 76 83 83
445 34 51 67 52
445 248 25 65 26
43 185 39 81 73
43 55 18 48 41
185 416 69 81 74
44 70 50 51 51
70 7 22 97 79
70 421 69 88 75
45 149 27 55 36
45 349 59 75 59
149 124 59 85 75
149 151 83 89 89
46 66 37 65 62
46 363 19 48 25
47 196 74 78 74
47 72 83 93 91
196 318 70 77 73
196 326 12 45 25
72 213 47 59 59
72 441 89 91 89
72 175 64 97 65
72 442 69 75 75
48 6 24 65 57
48 44 83 91 87
48 53 66 99 91
48 432 25 81 34
397 179 25 47 35
397 347 53 87 78
50 380 55 88 85
50 329 78 99 95
380 118 44 97 83
380 116 11 57 38
329 334 50 90 87
329 353 67 78 72
51 195 61 83 70
51 84 51 90 70
195 182 16 74 31
195 304 49 79 57
195 46 64 96 80
195 23 67 69 68
84 196 87 92 90
84 221 23 66 65
52 218 39 89 48
54 224 55 61 55
54 170 75 77 76
54 284 85 100 98
224 181 91 96 92
224 9 12 23 19
170 185 41 86 63
170 31 16 53 39
284 295 15 61 56
283 373 18 29 24
283 364 42 98 87
56 407 56 100 92
56 300 31 71 44
56 324 48 63 60
56 8 25 77 41
324 371 27 72 55
58 64 31 91 69
64 349 56 74 72
60 165 81 85 84
61 353 78 100 92
61 24 34 91 35
61 396 53 99 59
61 79 16 66 34
353 213 85 90 90
396 62 70 72 71
396 313 50 87 59
396 255 85 90 87
63 316 58 70 64
316 355 21 87 79
316 304 59 75 61
316 151 11 49 16
281 11 58 78 75
281 146 19 83 45
281 395 82 100 83
281 187 82 97 83
281 238 86 90 89
111 169 57 66 62
111 379 45 94 87
111 323 43 47 44
111 25 76 79 78
111 10 26 66 62
194 444 30 86 75
69 237 41 47 46
69 412 86 100 90
237 168 15 57 44
421 148 47 48 48
71 347 51 59 58
441 181 71 89 77
441 271 24 90 38
441 168 16 76 28
442 203 39 55 52
73 102 59 70 66
74 159 30 66 57
75 80 38 69 52
75 103 95 100 97
75 217 56 98 86
75 293 61 69 67
75 122 95 98 98
75 117 35 53 44
75 180 28 83 64
80 213 78 85 81
80 406 25 66 62
103 358 16 99 98
217 165 94 97 96
217 76 29 81 43
217 96 21 28 25
293 372 40 61 46
293 160 50 93 54
122 34 31 47 34
122 307 35 47 45
122 418 62 85 74
122 77 33 48 38
117 133 86 95 92
117 112 54 77 73
117 300 74 100 96
180 404 50 92 74
180 369 11 66 14
180 384 64 84 74
107 287 72 89 87
107 377 65 100 84
107 375 43 63 60
107 0 85 98 93
136 40 63 91 87
370 424 59 69 59
370 223 22 65 40
370 330 49 52 50
206 8 62 80 65
206 34 53 67 64
139 91 77 98 96
139 364 85 96 96
406 231 28 58 37
81 349 95 97 95
81 228 23 43 32
81 249 37 90 42
228 253 12 26 13
228 358 74 99 83
249 256 16 94 54
82 162 65 77 67
82 75 36 67 36
82 352 20 58 38
162 75 90 96 92
162 96 86 87 86
352 151 76 98 95
352 407 57 92 69
352 279 52 86 59
83 82 80 95 83
83 105 88 91 89
83 364 32 33 33
83 293 14 28 28
83 223 69 74 73
105 221 30 44 30
105 207 10 34 30
105 391 58 90 84
105 364 45 76 72
105 154 16 23 17
105 111 70 95 85
105 163 85 90 86
364 117 66 71 68
223 77 24 25 24
223 321 50 73 70
221 52 17 64 48
221 89 62 79 79
221 55 62 81 68
85 269 80 93 92
85 126 32 45 45
126 423 78 99 92
126 60 58 87 67
86 299 75 90 89
86 89 46 83 55
86 153 75 78 77
299 297 30 64 33
299 147 12 84 67
299 115 34 80 43
299 177 35 91 72
299 393 66 75 71
89 93 88 96 93
87 434 66 68 67
87 385 83 92 90
87 67 16 94 24
434 347 93 95 95
434 303 67 88 68
385 17 28 45 44
385 429 68 88 78
385 330 32 61 49
362 374 24 39 34
362 7 63 64 64
362 424 62 83 78
93 120 11 25 11
93 432 88 99 97
92 269 34 39 35
92 261 52 85 82
92 284 78 95 84
92 349 15 81 65
91 103 29 68 32
94 163 51 99 72
163 173 74 98 91
163 268 36 56 36
163 380 44 46 46
95 17 48 100 84
99 387 41 43 43
99 29 17 22 21
99 227 69 97 87
387 331 35 74 72
227 82 34 74 34
227 275 73 96 88
227 36 59 62 60
101 226 82 87 86
226 264 15 76 73
226 250 84 97 95
332 117 28 55 41
332 436 81 92 87
332 311 13 97 13
358 337 63 82 65
104 153 66 77 74
104 400 72 92 80
104 303 24 32 25
104 197 76 96 90
104 234 24 27 27
400 331 57 67 60
303 268 14 100 96
303 198 37 60 48
303 248 37 98 78
303 109 52 88 53
303 309 42 93 67
303 49 39 92 73
207 125 45 55 47
207 168 85 91 91
391 166 31 94 34
391 433 16 65 16
154 325 10 24 10
154 142 35 57 35
106 413 66 98 80
106 428 63 74 73
413 99 90 98 92
413 105 48 94 91
413 328 48 74 53
413 194 62 81 80
413 22 58 98 68
428 280 63 77 64
428 38 23 47 37
428 439 35 65 36
287 285 86 91 91
287 193 78 99 83
377 177 59 88 66
377 103 77 99 87
377 170 67 68 68
377 359 63 90 89
377 73 76 80 80
375 293 64 94 86
375 208 49 82 59
108 441 65 76 68
109 65 87 91 87
109 17 88 96 93
169 313 59 89 68
169 284 90 94 92
169 244 82 85 85
169 193 72 77 73
169 147 35 63 41
169 54 41 98 58
379 406 22 24 24
114 6 86 92 92
114 132 91 95 94
114 263 19 90 87
132 245 50 86 64
132 342 86 98 90
132 225 18 52 24
132 85 12 25 19
263 306 15 87 67
263 150 79 97 89
115 435 12 78 39
115 59 62 67 63
115 197 60 65 62
115 99 27 70 45
115 246 72 89 82
435 247 15 73 27
435 3 83 85 84
435 374 30 59 52
435 422 68 88 69
435 396 76 81 78
435 24 47 74 72
435 58 63 91 64
246 73 40 73 50
116 2 85 91 86
116 385 33 61 36
116 210 14 60 38
210 435 94 98 94
210 339 58 62 62
133 164 53 81 79
133 333 30 71 35
119 9 41 73 45
418 428 43 89 48
123 30 34 43 34
124 245 77 87 87
124 138 49 87 53
245 306 72 87 78
245 396 24 30 25
138 0 24 82 80
334 34 40 83 62
334 134 50 98 59
334 8 37 72 40
334 135 16 66 36
423 8 51 55 51
423 258 53 65 60
423 343 22 26 26
423 391 31 84 82
423 356 68 84 80
331 198 29 64 52
331 439 89 95 92
331 54 76 94 88
331 184 83 92 92
331 316 19 89 75
271 139 13 53 25
271 331 44 71 64
271 17 39 70 41
128 381 81 97 89
381 44 89 95 89
381 159 87 99 98
129 425 45 98 48
129 228 27 100 95
129 59 60 73 63
425 221 78 83 79
130 79 21 65 50
131 310 44 62 54
225 135 75 83 76
225 443 11 26 16
164 271 63 83 80
164 255 45 78 57
333 321 81 83 81
333 260 92 98 93
333 25 69 73 73
265 326 90 99 93
265 433 40 72 56
286 103 31 66 42
286 234 80 97 85
135 341 10 24 13
137 76 91 93 92
140 123 51 72 65
140 378 43 75 58
378 253 15 81 72
378 21 83 93 91
141 185 59 85 77
141 175 28 71 61
141 183 47 61 48
141 399 10 32 27
141 207 82 92 83
399 257 22 58 31
399 16 16 100 78
399 34 87 94 93
142 87 63 91 68
142 127 16 81 18
405 230 21 67 60
405 57 12 93 55
160 322 57 75 73
144 278 11 85 72
144 46 80 85 84
278 290 76 95 77
278 276 43 93 77
278 145 68 92 69
278 359 28 42 41
145 417 90 98 90
145 41 29 30 29
417 429 74 78 75
417 241 67 86 82
417 95 23 43 30
417 302 24 30 29
205 248 68 81 69
205 37 86 99 97
147 313 84 100 92
147 230 78 99 82
313 301 67 82 70
313 231 23 42 25
148 108 51 89 57
151 130 24 85 79
151 111 84 86 86
151 398 32 54 39
151 321 11 31 26
150 206 16 46 32
150 283 67 79 77
321 318 41 93 55
321 231 81 82 82
325 36 36 64 42
325 364 37 88 56
155 150 44 83 78
155 240 37 57 40
155 11 91 95 92
240 422 95 98 97
240 249 20 23 23
156 352 91 99 98
156 35 76 86 76
158 308 73 92 89
158 268 49 82 55
158 112 37 63 58
308 6 41 94 45
308 36 85 98 89
308 153 72 91 86
308 295 83 89 88
308 322 13 21 18
268 150 17 66 42
322 130 85 96 91
322 83 74 100 76
322 174 66 85 68
161 87 60 89 64
161 162 43 100 86
161 350 55 65 61
350 55 26 40 40
350 183 31 86 49
350 401 55 69 69
173 213 33 69 52
173 397 24 50 38
173 11 81 91 90
255 416 73 78 78
255 159 44 99 79
255 177 93 98 93
255 2 86 100 87
255 116 47 48 47
192 42 35 97 38
192 416 58 66 64
340 381 14 46 43
340 102 47 77 56
340 376 80 85 84
166 212 56 91 82
166 399 54 83 83
166 100 81 99 85
166 78 64 78 64
212 403 30 76 55
212 145 82 86 82
168 338 89 99 94
168 21 77 82 77
193 39 46 85 75
193 217 26 37 37
193 194 27 30 29
171 36 17 100 29
172 99 76 97 84
172 319 42 81 55
172 217 73 78 75
172 369 60 99 83
172 190 57 75 60
319 376 79 86 81
319 153 57 71 57
190 144 47 67 55
174 385 86 89 87
174 78 34 48 34
176 381 33 35 35
176 3 52 75 54
177 361 68 69 69
177 320 79 81 81
177 324 49 56 55
361 256 16 33 31
361 397 34 91 40
320 306 93 94 93
320 289 12 55 35
179 381 15 90 69
384 244 21 82 25
384 68 94 95 95
181 368 65 86 78
368 130 91 96 92
368 188 67 96 68
368 236 25 48 34
368 177 58 90 86
182 412 23 86 52
184 138 19 61 40
184 103 76 92 79
184 152 10 34 23
416 84 52 62 56
188 208 28 32 32
188 175 17 69 23
188 47 13 96 68
208 5 54 61 58
208 447 76 94 83
208 159 64 86 85
208 381 71 83 73
208 191 34 68 60
189 232 93 99 93
189 116 90 93 91
189 301 67 91 70
232 88 76 84 84
232 357 49 50 50
232 141 91 94 94
301 68 22 43 42
301 446 95 100 100
301 44 89 93 93
191 422 83 98 84
444 195 52 77 73
318 32 78 84 82
318 167 24 75 56
318 279 61 99 87
326 172 74 97 81
326 1 32 79 54
326 404 51 85 84
326 33 68 98 73
326 260 60 92 66
326 263 66 77 67
199 293 89 100 91
199 185 77 88 82
199 434 76 83 78
199 320 72 87 84
199 103 14 84 71
200 232 26 87 40
200 325 65 90 87
200 446 81 83 83
446 257 48 72 48
446 147 47 51 48
239 373 39 67 54
239 142 22 79 50
239 87 63 87 69
202 336 30 64 32
202 269 14 79 26
202 361 42 71 59
336 198 71 73 73
336 61 74 80 78
336 13 18 33 29
203 414 30 70 45
414 240 24 60 49
414 168 36 70 40
204 11 23 43 37
204 210 18 23 20
204 71 52 94 78
204 233 46 50 48
447 84 57 98 84
447 372 35 39 36
209 446 18 87 19
339 92 22 74 31
339 131 53 82 78
339 383 36 61 41
211 277 52 86 54
211 245 64 76 71
277 67 11 51 51
408 426 32 55 49
214 95 42 67 58
214 149 68 81 70
215 206 58 70 67
220 72 13 92 30
264 436 33 44 38
264 419 61 73 69
250 357 13 63 24
250 293 37 74 60
250 202 21 88 60
253 8 77 91 78
253 318 22 31 27
229 403 93 98 96
229 117 72 79 78
229 119 51 99 98
229 397 57 98 71
229 61 68 72 69
241 65 79 81 80
241 56 88 93 89
241 190 77 95 87
231 270 21 27 24
231 302 85 99 94
270 89 18 34 34
302 432 28 97 93
235 283 40 64 56
235 180 84 100 88
235 124 87 91 88
236 405 74 94 92
236 300 16 72 28
236 226 86 97 89
236 310 82 85 84
236 217 70 77 71
236 17 48 57 57
238 389 27 37 28
238 107 47 77 56
238 90 75 85 75
389 132 74 81 74
389 379 84 99 92
373 39 26 29 28
373 383 58 95 67
373 137 37 46 40
388 310 24 25 24
388 353 47 59 50
388 387 35 65 39
243 189 71 87 82
243 259 49 96 91
306 447 81 89 81
306 333 78 86 79
247 136 32 69 68
256 334 12 36 36
256 266 45 69 67
256 65 42 49 47
256 12 73 84 81
256 17 13 52 22
256 255 46 54 48
256 368 12 21 15
251 363 58 63 63
251 395 29 86 35
254 235 37 91 51
254 447 77 85 83
266 350 16 63 24
258 332 80 98 85
260 322 15 59 57
419 247 31 35 34
337 288 53 55 55
272 378 46 90 86
272 437 53 86 69
272 411 23 52 25
272 132 77 84 84
272 360 80 85 83
273 301 27 48 28
273 426 68 77 68
273 415 27 94 83
273 110 90 100 100
273 255 78 89 87
426 319 22 48 25
274 235 49 88 70
290 233 27 95 55
290 288 51 97 88
290 61 84 87 84
390 152 26 36 27
280 162 49 83 75
280 133 36 65 58
280 204 54 100 85
280 45 72 94 91
282 217 20 72 70
295 247 27 99 48
295 121 94 98 96
285 39 75 91 78
288 38 61 86 63
288 169 61 95 82
291 142 50 81 72
291 221 71 90 87
292 433 31 43 36
372 204 36 90 64
294 90 58 63 61
297 296 73 90 74
297 251 59 100 83
393 124 71 76 73
393 38 50 81 58
305 144 44 56 56
305 115 87 96 89
305 344 60 92 67
305 273 61 74 66
305 114 36 83 60
305 269 86 89 89
305 65 20 38 27
344 316 16 72 23
344 97 82 91 88
344 15 56 67 67
344 65 23 28 24
344 397 22 26 25
344 427 33 69 50
312 119 68 98 77
312 380 67 94 74
314 198 49 86 71
314 215 72 95 92
314 171 89 90 89
315 319 56 60 57
317 279 58 75 71
317 4 26 36 33
376 337 46 99 99
376 367 16 37 22
376 370 37 64 41
371 327 21 36 32
365 39 92 98 96
365 59 86 89 89
439 70 69 98 71
424 425 18 64 53
424 94 94 100 95
424 294 38 56 40
383 334 31 56 44
383 335 77 81 81
383 278 75 85 76
345 333 88 96 93
345 130 87 90 87
345 255 91 94 94
345 39 48 73 49
346 87 86 93 87
346 267 77 96 90
348 106 27 89 48
348 349 21 54 49
348 180 10 26 16
348 147 50 93 90
401 182 27 73 33
401 424 82 91 86
354 295 51 56 51
354 314 14 18 17
354 355 11 20 14
374 415 20 65 55
374 36 36 60 57
374 84 35 40 36
374 377 42 46 46
366 34 48 95 93
367 411 64 95 91
367 97 39 53 43
382 147 84 95 84
382 381 46 97 77
382 231 85 87 85
429 434 52 65 65
429 177 78 84 83
429 382 20 66 36
429 388 71 97 77
429 58 92 97 93
386 415 40 56 56
386 61 53 100 63
392 185 84 91 90
392 47 29 93 34
392 155 13 81 22
392 386 92 96 93
402 290 54 85 70
410 90 40 69 54
420 83 32 35 33
420 163 50 88 70
430 248 88 99 92
430 227 10 91 25
431 410 72 98 96
431 107 69 100 71
440 6 60 62 61
440 355 45 71 50
440 36 14 76 67
440 90 30 62 57
0 447
