835 1826
0 59 37 90 56
59 127 46 51 48
59 289 15 91 77
59 510 89 97 96
1 607 65 98 91
1 419 76 86 76
1 398 13 60 58
607 808 44 70 62
398 579 68 83 81
2 170 46 65 58
3 822 51 86 60
3 297 65 79 77
3 405 91 98 98
822 303 42 61 44
822 33 69 97 75
297 629 86 96 91
297 660 59 86 67
297 6 71 72 72
297 718 20 64 53
297 177 38 72 51
405 400 27 100 76
405 411 76 81 76
5 680 75 90 89
5 432 78 100 89
5 788 28 42 30
680 728 48 52 52
680 562 27 91 46
680 599 31 90 67
432 556 69 98 77
432 677 30 31 30
788 55 47 83 56
788 179 40 49 41
6 431 48 64 52
6 252 53 78 53
6 627 79 100 93
6 368 44 96 63
6 686 84 85 85
252 214 43 94 63
252 254 71 80 71
627 194 65 88 83
627 807 55 100 80
686 323 43 57 46
686 472 61 100 88
7 819 94 96 96
7 572 44 71 58
7 369 92 95 94
7 685 94 100 97
819 255 73 88 88
819 32 93 97 96
819 648 66 70 70
572 410 18 24 23
572 251 30 99 39
369 546 35 91 44
369 134 25 90 30
369 220 61 83 82
369 743 35 70 57
369 647 42 80 47
369 190 65 75 66
685 259 18 89 39
685 437 10 16 16
8 294 46 89 46
8 652 65 66 65
8 574 93 96 93
8 728 85 88 85
294 589 31 53 34
574 829 81 95 89
574 342 26 36 28
9 664 70 89 87
664 556 38 73 42
10 352 61 81 77
352 816 77 93 92
11 12 60 86 77
12 572 79 95 89
12 387 36 55 47
12 355 67 70 70
12 60 48 74 59
12 35 62 92 88
387 609 78 99 95
387 302 79 98 82
355 218 92 95 93
355 517 85 99 97
355 349 54 97 56
355 284 67 99 67
60 364 43 74 65
60 589 10 44 25
35 508 22 38 27
35 447 44 81 71
13 160 51 52 51
13 236 20 52 33
236 492 25 31 29
14 184 37 72 46
184 668 53 57 55
15 221 72 91 80
15 541 44 87 74
15 403 47 63 59
15 452 12 100 27
221 481 52 89 52
541 790 81 100 94
541 596 88 91 88
541 53 30 83 79
541 783 32 57 41
541 317 13 47 36
403 69 64 72 72
452 501 76 85 84
452 344 30 89 72
452 274 77 88 78
16 433 12 45 20
433 243 19 89 82
17 249 22 93 36
17 628 21 85 78
17 384 18 40 34
17 92 25 89 77
249 757 33 55 35
249 437 56 57 57
628 610 26 72 51
628 572 86 94 88
92 204 51 97 84
92 451 27 32 31
19 527 59 77 77
19 827 74 85 75
19 732 22 35 25
19 20 74 95 85
527 794 76 93 77
527 23 82 90 88
527 390 12 40 40
827 112 51 57 53
827 163 72 97 74
732 707 24 79 60
20 243 14 45 38
20 718 40 87 52
20 468 72 98 92
243 199 79 99 79
243 566 67 76 74
243 624 72 90 81
243 407 32 65 40
718 439 45 72 56
718 393 15 61 59
468 154 89 96 92
21 699 12 24 24
21 288 45 60 53
21 269 32 79 49
21 546 48 70 66
21 662 82 99 88
699 131 18 31 29
699 423 79 98 91
699 405 47 77 72
699 141 75 87 75
699 499 85 94 90
288 354 20 77 58
288 635 12 29 24
288 281 24 51 33
288 605 52 60 52
269 511 31 63 54
269 653 20 79 72
269 735 13 67 45
546 188 31 88 52
546 583 19 21 21
546 366 79 91 86
546 566 56 61 61
546 176 84 100 84
662 266 78 96 87
662 402 35 67 62
22 427 12 82 28
22 724 67 94 67
22 472 67 91 83
427 84 74 99 86
427 687 47 58 58
427 453 71 98 85
427 406 10 91 66
472 276 35 63 63
23 189 11 46 44
23 723 71 78 73
189 249 54 71 69
189 560 28 91 68
189 315 53 68 67
723 626 89 99 89
723 268 27 50 36
24 122 63 77 77
24 510 90 99 96
122 433 10 31 30
122 320 93 95 93
122 332 84 91 89
510 534 35 93 75
510 39 94 100 94
26 569 14 91 60
569 544 12 30 28
569 609 41 51 49
27 772 11 40 11
27 393 24 70 50
772 705 60 91 66
772 298 92 95 95
772 583 65 82 80
772 290 90 96 92
772 470 24 80 75
772 806 54 92 55
28 232 13 70 57
232 356 92 100 98
232 585 76 92 85
232 565 81 92 88
232 410 73 93 84
29 762 77 86 86
29 441 10 86 35
29 390 36 66 53
29 255 66 79 72
29 631 38 45 39
29 87 42 59 44
762 833 42 90 55
762 349 53 68 58
441 801 10 27 13
390 655 61 71 64
390 399 69 85 83
255 288 30 97 77
255 241 80 98 90
631 214 49 54 52
87 395 91 94 94
87 664 66 70 68
87 703 45 60 57
30 32 78 99 83
30 101 49 81 77
30 355 49 73 66
30 397 57 83 73
32 510 11 31 21
101 769 22 90 72
397 165 79 87 86
31 91 42 46 43
33 708 92 96 94
708 440 70 73 71
708 771 55 78 71
34 188 15 22 22
34 186 37 57 57
188 529 53 60 59
186 68 23 80 54
508 489 74 84 82
447 510 64 91 82
447 749 44 100 84
447 509 41 90 79
447 657 46 73 67
447 413 19 46 20
36 96 56 99 65
96 215 75 88 75
96 465 74 77 74
37 112 77 94 86
112 282 78 82 82
112 320 62 93 75
38 785 92 95 92
38 384 68 71 70
38 550 17 73 66
785 424 51 88 58
785 300 55 93 56
785 45 31 35 33
550 257 74 75 75
550 115 43 65 65
550 547 40 55 48
39 332 73 91 81
332 442 69 82 78
332 645 56 82 64
332 111 92 95 92
332 818 63 94 66
40 550 12 14 13
40 494 67 97 77
40 412 64 75 66
494 374 17 90 45
494 598 89 96 96
412 363 55 85 61
412 713 69 84 69
412 189 80 97 85
41 174 67 91 69
41 219 39 62 40
174 13 69 76 76
174 833 62 88 75
174 800 46 94 55
174 625 31 46 33
174 808 85 97 85
219 653 76 80 77
219 413 82 96 96
43 331 73 100 95
43 379 56 74 69
43 371 39 43 40
43 771 27 100 78
331 740 27 34 33
331 110 62 98 91
379 619 68 94 83
371 230 51 59 59
771 471 46 87 59
771 389 73 81 81
771 752 55 61 60
44 254 36 65 62
44 749 74 94 93
254 394 33 83 83
749 437 31 49 49
749 699 51 65 52
45 47 20 22 21
47 276 67 97 86
47 471 35 77 53
47 443 78 88 83
46 616 29 91 75
276 521 90 100 92
276 46 18 44 36
276 597 58 72 63
276 762 67 96 78
471 504 89 90 89
471 358 62 75 63
471 800 76 99 97
443 320 48 79 56
48 16 52 95 76
48 653 43 89 77
653 526 71 80 77
49 834 36 78 65
834 621 37 44 37
834 501 55 83 73
50 160 11 63 48
51 542 35 83 82
542 775 20 60 35
542 93 15 83 53
52 298 61 66 64
52 351 92 99 96
298 97 86 96 89
298 309 17 48 45
298 91 80 85 80
298 375 29 31 29
351 819 28 38 33
351 72 59 99 96
351 521 46 57 46
351 314 91 94 91
351 413 31 100 31
55 536 28 71 61
55 235 66 70 67
55 599 94 100 96
536 50 20 55 27
536 119 50 100 64
235 214 23 59 24
235 698 86 90 87
235 683 12 31 28
235 668 57 59 57
599 773 84 92 91
599 70 23 65 50
599 592 79 100 98
599 477 15 39 36
56 118 29 44 44
56 543 22 46 36
56 520 89 92 89
56 678 49 73 54
56 447 28 29 28
118 506 64 83 74
543 619 72 91 76
520 575 84 90 87
520 305 27 77 61
520 721 23 79 50
520 229 34 56 55
520 309 45 92 91
520 723 37 42 39
678 18 64 96 83
678 774 15 80 21
678 234 58 99 90
678 345 64 69 67
678 116 79 90 80
57 190 70 94 75
190 767 70 81 75
58 19 77 100 81
58 548 52 87 83
58 513 80 84 81
513 367 77 92 83
127 284 46 70 53
289 68 27 69 57
289 768 52 66 55
289 725 62 78 68
289 570 23 91 64
364 34 66 87 77
589 172 62 98 66
589 229 75 89 85
61 174 71 84 82
61 294 36 88 64
61 600 89 98 96
61 68 67 94 68
61 249 78 98 78
600 380 72 87 80
600 421 60 73 68
600 755 95 99 99
68 477 63 85 70
68 499 22 76 23
68 178 66 72 71
68 619 44 100 93
68 598 31 33 31
63 460 55 85 68
63 66 17 54 45
63 34 60 63 63
64 445 42 69 50
64 165 86 90 89
64 494 76 98 92
445 106 75 82 81
445 278 64 78 64
445 600 26 76 62
165 313 50 76 70
165 338 94 100 99
165 83 14 30 28
165 732 43 89 43
165 67 74 85 74
65 122 11 87 68
65 237 45 71 65
67 586 29 72 51
586 830 50 81 61
586 57 81 95 91
477 680 67 90 77
477 729 47 63 56
477 259 58 72 71
178 821 64 82 82
178 373 41 97 89
619 314 90 98 96
619 479 16 99 76
598 321 49 92 81
598 670 10 65 29
598 484 19 71 44
69 264 83 86 83
69 626 61 75 63
69 525 16 77 37
69 270 90 100 99
69 273 24 81 71
69 290 20 66 44
69 641 57 69 67
264 369 69 94 86
264 612 29 93 66
264 124 80 86 82
626 119 20 70 41
626 211 93 97 93
626 115 57 86 80
626 761 81 88 85
270 188 24 72 59
270 8 91 97 91
270 3 28 39 32
273 98 28 76 51
273 124 85 96 96
290 424 19 87 29
290 456 94 98 94
70 372 78 99 81
70 120 41 47 43
70 639 46 56 53
70 34 35 40 38
372 559 47 92 86
372 221 76 87 79
372 286 88 100 88
120 58 79 98 88
639 54 70 84 75
71 646 62 98 74
71 190 89 96 95
646 535 11 46 19
72 759 29 79 63
72 109 79 84 81
109 800 72 88 75
73 611 74 85 83
73 332 13 49 34
611 573 92 98 94
611 69 44 59 48
611 364 32 67 55
74 720 25 74 47
74 244 30 41 32
74 350 10 15 13
720 361 26 100 84
720 7 40 50 49
244 431 33 79 33
244 476 24 61 56
350 677 17 26 24
350 634 94 99 99
76 501 35 98 90
76 648 79 92 82
501 570 70 97 76
648 400 39 43 42
648 512 52 62 53
77 607 86 99 92
77 686 18 76 61
77 105 22 54 52
77 453 70 93 73
77 454 93 98 96
453 342 67 92 71
454 177 74 79 74
454 504 65 91 71
79 443 84 96 92
79 75 12 67 56
80 510 25 100 93
80 190 26 40 29
81 44 87 98 94
81 261 28 62 46
81 75 40 74 46
81 97 26 52 45
81 103 63 66 63
81 552 88 92 90
261 4 83 91 83
97 539 17 93 81
97 198 30 44 39
103 706 70 83 72
103 343 26 94 79
103 770 70 88 79
82 668 22 93 26
82 298 69 80 78
668 257 66 98 80
668 91 75 90 81
668 641 33 55 41
83 174 34 64 52
83 447 10 66 14
83 813 92 99 95
813 672 45 98 51
813 622 78 98 89
84 475 79 96 92
84 128 54 63 61
475 119 47 87 49
475 353 62 100 74
475 171 50 99 68
85 405 12 17 15
85 538 17 76 57
538 621 90 91 91
86 454 44 66 47
395 309 80 94 91
395 606 21 78 59
88 22 76 86 83
89 293 89 100 89
293 270 69 74 72
293 230 77 80 77
90 620 52 58 56
90 507 35 53 38
90 598 90 99 90
507 579 43 48 44
507 93 39 58 42
204 430 25 68 29
204 104 67 85 73
204 830 66 74 69
451 64 82 92 82
451 338 89 92 89
451 577 43 45 45
451 303 36 72 63
93 175 93 96 93
175 304 74 96 76
175 605 42 75 46
175 643 38 93 48
175 187 11 34 20
94 473 75 85 75
94 765 26 46 42
473 150 35 50 44
473 490 23 69 44
473 805 69 78 70
473 533 54 98 77
473 40 74 80 76
473 717 64 89 83
765 440 28 72 65
765 702 20 79 71
765 178 74 91 83
765 119 70 75 71
765 207 16 91 60
95 542 70 86 76
95 702 40 92 57
95 66 80 95 95
702 130 40 47 43
702 411 40 43 43
702 766 84 95 95
215 325 58 85 69
465 182 58 59 58
465 709 33 51 45
465 14 64 88 87
465 233 88 91 88
465 403 78 80 78
539 677 18 21 18
198 134 26 76 51
198 804 27 49 36
99 385 64 78 66
385 302 61 85 66
385 65 91 93 92
100 129 52 94 52
100 484 74 87 76
129 472 23 38 24
769 102 22 31 25
769 710 93 99 93
769 475 60 78 67
102 466 20 96 85
102 403 12 23 23
102 603 65 66 66
102 316 46 51 51
102 511 76 93 82
466 446 43 88 63
603 146 32 36 34
603 773 21 62 38
316 371 14 98 70
511 729 76 93 83
511 207 83 98 96
706 124 41 69 68
706 737 93 99 97
706 788 26 83 30
343 454 91 97 96
343 276 72 74 73
343 2 75 94 79
104 477 23 94 51
104 802 12 92 18
104 570 26 57 38
802 735 17 99 89
570 240 49 85 77
106 590 49 54 50
106 769 93 96 96
106 378 22 69 45
106 323 61 95 86
590 799 73 86 79
590 38 27 82 76
590 296 86 92 90
590 560 45 82 71
590 247 36 74 63
378 502 34 47 34
378 540 23 24 23
107 544 39 56 42
107 138 57 63 57
107 619 87 91 90
544 506 35 97 91
138 436 42 86 83
138 391 14 91 54
108 56 25 45 33
108 263 68 72 71
108 739 20 84 23
263 96 14 16 14
263 640 35 94 84
263 673 79 97 79
263 128 79 92 82
739 38 66 85 70
800 702 71 87 73
800 85 34 58 51
110 571 77 93 89
110 684 23 43 34
110 146 60 62 60
571 130 58 65 62
571 538 31 90 47
684 48 43 45 43
684 308 93 94 94
146 365 56 64 57
146 347 15 54 35
111 216 87 94 92
216 603 67 96 80
216 73 73 82 74
282 718 77 95 91
282 822 56 89 62
282 50 72 90 81
282 41 16 18 16
282 143 22 71 44
320 569 64 92 78
320 247 52 62 62
320 621 25 48 39
320 298 72 100 89
113 235 68 99 69
113 137 82 86 82
137 669 29 42 34
137 582 59 99 67
137 587 15 74 67
137 86 76 91 84
114 161 24 60 38
114 90 50 88 69
161 614 65 84 82
115 692 78 92 78
115 748 93 95 95
115 789 34 93 82
115 235 42 76 70
115 323 15 99 78
692 15 24 35 28
748 603 71 95 74
748 800 38 79 38
748 707 32 43 42
748 29 73 87 76
789 689 17 22 18
789 777 13 52 16
789 481 37 97 52
789 49 63 66 66
116 193 21 64 56
116 22 55 60 58
116 15 18 77 57
193 20 52 75 64
193 103 57 61 61
193 109 64 86 83
117 696 11 71 52
117 170 19 93 69
696 247 92 97 97
696 444 42 92 82
506 30 38 76 43
506 584 83 100 85
119 36 15 92 68
119 498 86 97 92
498 652 85 95 95
498 257 33 57 38
121 58 43 72 60
121 189 30 100 39
123 433 36 100 85
123 573 34 83 49
123 528 59 85 74
573 231 92 93 92
528 410 88 93 93
528 461 85 98 93
528 828 30 58 47
528 742 81 84 83
124 101 36 46 42
124 519 57 100 58
519 500 32 74 63
519 85 50 68 56
125 555 64 74 73
125 794 90 94 92
125 117 43 71 43
125 217 94 98 96
125 394 89 95 91
555 85 46 47 46
555 50 11 21 19
794 179 90 95 91
217 608 32 61 46
217 108 73 97 85
217 223 12 74 53
217 562 13 29 16
394 653 57 71 71
126 789 34 36 34
126 169 40 89 85
126 454 68 90 72
126 41 78 87 83
169 281 20 35 34
169 182 38 39 38
284 647 18 69 21
284 826 65 74 73
284 468 32 65 65
284 269 38 51 46
284 462 11 66 43
130 342 25 95 25
130 799 58 66 66
130 377 46 51 48
342 225 74 82 81
342 113 81 90 85
342 270 49 74 60
799 373 11 21 15
377 216 74 87 81
377 826 35 64 60
131 473 51 54 53
131 44 44 82 67
131 406 60 91 67
406 182 77 81 77
406 641 29 65 48
406 533 40 97 46
406 340 93 97 93
406 718 71 96 87
406 731 53 61 54
132 264 32 83 72
133 111 87 99 88
136 230 39 84 59
230 179 23 82 23
230 590 79 87 81
230 465 88 91 88
230 833 41 92 74
230 446 26 89 38
230 611 61 92 80
230 405 77 88 85
230 482 21 65 56
669 77 94 98 94
669 200 45 92 72
669 464 54 99 62
582 746 17 26 22
587 816 84 96 91
587 413 17 50 36
587 497 39 56 45
587 473 51 100 90
436 517 71 74 74
436 401 63 91 82
436 404 60 91 71
436 472 38 58 51
436 684 39 44 43
391 739 65 97 77
391 387 62 74 63
391 576 64 95 78
139 127 15 63 45
139 422 80 95 92
422 561 50 72 59
422 282 80 96 93
422 463 67 95 95
140 769 25 92 29
140 583 71 99 77
583 114 61 67 65
583 354 79 86 85
141 593 54 61 61
593 459 92 99 94
593 316 13 86 40
142 747 19 28 26
142 596 61 65 63
142 183 90 95 94
142 170 10 59 35
142 692 15 45 15
142 481 61 98 77
747 32 40 89 43
596 236 58 72 68
596 668 23 91 58
183 365 18 90 41
183 283 56 79 70
183 712 90 97 92
481 87 37 43 40
481 107 16 91 58
143 477 82 83 83
143 244 23 26 24
144 590 71 94 86
144 369 79 99 91
365 116 22 71 35
365 178 56 63 61
365 318 77 84 84
365 810 11 96 32
365 394 23 30 27
147 295 26 50 32
295 234 55 77 58
295 442 10 16 10
295 227 32 48 32
295 181 92 98 94
148 204 31 76 60
148 37 80 89 88
149 703 19 54 34
150 425 25 85 32
150 225 78 79 79
150 476 32 73 50
150 612 73 77 75
425 84 82 98 85
425 444 79 100 97
225 772 19 43 41
225 659 72 87 83
476 647 57 81 66
476 710 26 98 81
476 165 90 91 91
612 467 69 92 73
612 546 85 86 86
612 560 78 92 85
612 239 56 74 73
151 687 66 84 81
152 187 19 95 71
152 542 80 95 93
187 362 32 79 34
187 421 51 69 59
187 520 60 70 62
153 220 90 96 90
153 442 30 59 48
153 387 36 60 47
153 479 39 77 52
220 708 81 94 82
220 702 85 89 85
442 683 32 67 63
442 209 83 87 87
479 251 24 84 49
479 435 74 77 77
479 524 93 100 99
479 716 73 87 77
479 643 36 72 65
479 121 45 50 49
154 252 68 92 83
154 762 78 94 89
155 341 58 72 70
341 664 18 75 41
341 466 51 91 68
341 719 58 95 72
341 693 42 90 81
156 9 95 99 97
157 129 75 87 81
157 412 85 97 91
157 423 82 97 94
423 736 55 98 63
158 71 77 88 82
158 628 22 27 25
158 742 21 60 45
742 739 51 78 66
159 360 36 52 51
360 239 84 99 89
360 791 87 94 89
614 656 76 82 82
614 450 80 87 86
162 614 27 86 62
162 276 25 30 26
162 664 71 87 71
162 736 53 83 69
162 288 46 53 47
736 366 48 60 53
736 609 43 59 45
163 80 75 95 86
163 221 67 76 72
164 455 23 30 28
164 683 85 90 90
164 311 95 96 95
164 461 36 50 39
455 496 24 61 30
455 776 69 96 71
455 713 61 99 72
455 552 15 74 48
455 587 87 88 87
683 75 11 46 38
311 738 45 53 50
461 521 43 63 50
461 487 48 65 50
461 798 61 94 68
461 700 76 94 86
461 329 13 29 14
461 330 87 92 92
313 527 91 100 94
313 395 84 93 91
338 495 79 86 82
166 131 93 96 94
166 443 62 74 62
167 288 85 96 95
167 65 37 78 51
167 594 21 85 67
594 632 83 91 91
594 516 67 86 82
594 277 37 56 39
594 464 71 78 78
168 96 34 82 78
281 426 52 93 92
281 676 47 89 87
182 311 15 21 15
182 178 93 98 93
182 264 44 91 88
171 402 18 92 27
171 707 52 56 53
171 833 46 73 60
707 678 71 75 71
707 502 57 93 80
833 545 44 51 51
172 536 44 84 51
172 129 37 71 53
172 543 53 55 53
172 233 53 57 57
172 161 28 80 59
233 743 53 96 95
233 633 41 61 44
173 819 40 75 75
173 131 23 100 76
625 389 20 22 21
625 734 91 98 96
808 565 91 94 92
808 578 41 73 66
808 518 91 99 98
808 343 73 98 80
304 456 40 76 71
304 252 93 94 93
304 31 36 83 83
605 166 21 57 32
605 315 16 24 24
643 689 54 89 67
177 828 30 67 41
177 43 13 42 21
177 322 48 53 53
828 70 62 70 64
828 474 78 87 83
322 308 22 76 35
322 54 25 42 33
322 231 20 25 20
821 811 36 96 45
821 313 63 78 75
373 553 45 77 68
373 831 71 97 84
179 534 49 60 52
179 13 82 92 82
534 805 34 80 42
534 250 95 97 95
534 185 32 66 43
534 267 46 47 46
180 363 62 67 64
180 589 42 92 59
363 91 10 40 31
363 99 79 93 85
363 506 21 95 37
363 227 35 96 62
363 68 54 99 76
181 425 80 86 83
181 303 44 68 53
303 736 74 80 78
303 709 77 78 78
283 397 72 75 75
283 768 87 90 87
712 667 26 63 30
712 125 70 93 90
185 69 11 34 21
185 447 26 62 37
185 278 62 99 74
185 212 42 49 44
278 258 69 94 93
278 275 46 96 89
278 330 92 93 92
212 168 79 84 81
362 778 12 99 63
362 95 42 68 52
362 471 27 96 39
362 813 72 100 82
421 677 10 61 55
421 522 17 53 39
529 830 65 95 88
529 701 34 59 43
560 250 44 100 51
315 568 65 81 72
315 408 76 86 76
767 202 39 79 78
191 198 67 74 72
191 622 68 77 73
191 781 30 55 52
622 413 61 94 87
622 192 44 96 50
781 79 34 61 37
192 26 10 59 13
192 205 71 90 72
205 726 69 87 74
194 580 91 100 98
194 644 63 69 65
194 522 78 95 78
580 403 41 92 74
522 774 55 74 59
195 381 88 95 92
195 27 32 89 69
195 730 55 61 56
381 433 93 99 98
381 72 86 93 91
381 84 62 79 76
730 513 35 69 45
730 32 29 34 30
196 638 57 59 57
196 563 51 67 66
196 713 71 92 86
196 780 30 87 31
638 237 61 77 75
638 549 92 95 95
638 0 63 86 74
638 470 32 43 32
638 311 48 81 74
713 489 60 85 74
713 686 68 87 87
713 533 36 68 40
713 89 37 91 63
780 579 41 51 45
780 742 95 97 96
780 99 44 51 46
780 558 81 92 88
197 402 28 56 40
197 377 27 92 57
197 147 11 99 87
804 342 60 81 76
804 57 76 90 79
199 185 94 98 98
199 672 29 89 42
199 703 40 75 63
199 254 85 99 87
200 389 61 87 75
200 382 28 82 36
389 243 41 79 70
389 123 95 96 96
389 557 80 86 84
382 225 90 99 95
382 266 78 84 82
382 9 24 67 32
382 155 10 14 14
201 242 56 95 89
201 430 82 98 98
430 644 25 92 59
430 307 44 62 60
202 305 92 93 92
202 594 14 99 56
202 646 61 96 88
202 743 16 66 49
305 130 90 96 91
305 368 56 72 63
305 200 92 97 94
305 95 76 79 77
743 38 49 52 50
743 316 77 100 94
743 565 10 25 24
743 49 66 94 83
203 438 33 75 51
830 506 31 91 34
830 112 95 96 95
830 712 37 97 91
830 730 40 52 43
830 416 67 68 68
206 529 79 100 99
206 730 54 83 76
207 485 48 100 82
207 607 56 70 64
207 759 11 26 23
485 664 85 97 86
208 238 54 58 55
208 267 50 83 60
238 787 38 96 44
238 476 21 34 30
238 161 10 64 55
209 77 15 20 19
209 381 48 80 80
209 534 11 37 18
211 237 38 92 46
211 145 80 86 81
211 239 88 96 93
213 6 74 87 75
213 110 80 90 82
213 454 87 100 92
214 502 55 79 56
502 323 19 31 31
502 622 25 27 26
502 212 26 79 64
325 741 26 37 37
325 176 93 99 97
325 211 49 56 55
608 329 70 79 79
608 17 60 66 60
223 612 87 93 87
223 326 51 93 69
562 170 26 53 35
218 112 62 98 73
218 459 72 100 100
218 219 63 96 68
459 271 64 74 66
459 40 68 77 76
413 228 20 87 67
326 404 29 62 31
326 705 61 68 63
224 191 80 100 82
224 256 22 66 55
224 73 81 83 83
256 75 51 69 62
659 656 36 70 63
659 478 48 55 48
659 446 36 90 58
659 364 88 91 90
226 165 77 86 81
226 75 15 36 27
228 487 16 26 17
228 466 80 82 82
228 808 13 94 26
228 742 58 82 60
229 439 38 76 71
229 226 54 98 90
229 125 39 93 53
229 513 61 80 79
229 642 61 73 73
439 227 50 94 58
439 562 50 63 57
642 315 87 99 99
642 333 94 100 95
642 46 92 99 92
231 455 85 99 93
231 406 29 86 69
231 629 55 74 68
629 136 75 94 92
629 415 69 73 72
629 741 27 71 36
629 363 53 95 75
629 725 85 91 89
629 460 30 68 39
585 232 52 82 55
585 366 32 93 72
565 382 18 23 18
565 797 56 77 72
565 694 85 99 87
410 319 43 63 54
410 792 24 54 48
410 699 32 62 60
410 551 69 72 72
410 332 66 83 78
633 495 52 100 99
633 422 42 59 57
633 467 84 90 87
234 85 58 91 77
698 41 80 98 90
698 809 40 84 71
698 75 12 42 42
492 108 74 95 79
492 77 62 77 62
492 758 43 76 59
787 626 19 66 58
240 137 77 92 91
241 84 80 96 85
566 42 34 97 46
624 445 29 57 42
624 710 80 89 89
624 733 27 95 34
407 146 71 97 87
407 319 65 92 83
407 187 45 87 49
245 359 50 83 60
359 279 53 90 70
359 565 37 91 57
359 596 27 52 48
359 442 16 64 57
246 98 22 95 77
246 77 31 100 90
247 766 36 88 36
247 801 54 96 96
247 629 86 96 91
766 124 73 98 95
766 641 25 37 34
801 789 93 98 96
801 193 31 71 39
437 286 28 39 36
437 77 30 50 48
437 543 87 92 90
251 808 17 89 66
251 7 22 100 40
253 739 30 60 55
253 481 92 98 97
253 437 65 84 69
253 167 10 11 11
257 394 23 95 56
260 406 94 99 94
260 557 53 97 55
260 364 83 84 84
557 820 63 95 92
557 568 15 17 15
262 259 60 79 79
262 301 83 88 83
301 355 15 33 31
301 572 82 96 91
301 270 11 17 12
301 16 84 93 84
301 506 52 72 62
640 633 41 95 80
673 717 19 47 41
265 528 68 86 86
265 517 44 97 95
517 742 45 54 45
517 161 20 56 29
266 674 76 85 78
266 770 22 62 26
266 334 39 59 41
674 250 61 100 91
674 295 18 26 21
674 98 78 88 82
674 210 94 97 95
334 697 25 74 66
334 229 71 78 73
334 551 40 81 72
268 115 28 57 48
268 99 38 100 63
268 211 79 87 85
735 335 41 89 41
735 412 45 55 47
271 695 81 95 88
695 771 76 93 83
272 309 37 93 73
272 123 84 98 89
275 779 85 88 86
275 675 33 86 57
275 159 54 87 70
275 72 37 100 61
275 570 11 78 49
275 760 94 99 98
779 787 87 91 87
675 105 26 97 43
675 604 68 80 76
521 452 40 48 48
521 430 10 28 19
521 450 70 91 89
597 723 57 63 59
277 578 29 87 31
277 493 89 97 92
277 754 65 92 69
277 803 36 97 77
578 199 69 72 69
578 774 74 99 76
578 442 42 58 43
578 313 14 76 70
493 416 43 98 51
493 570 74 97 87
754 64 65 94 77
330 785 71 73 73
330 707 52 87 78
279 685 55 81 70
280 146 65 79 68
280 147 91 92 91
280 296 73 98 78
280 105 60 70 60
280 827 57 66 58
296 528 26 41 27
296 435 68 95 92
296 172 78 98 85
296 815 81 92 82
676 528 23 62 31
676 615 21 96 91
647 47 19 23 19
647 655 95 98 98
826 682 38 93 48
826 210 16 88 24
462 272 64 69 66
285 412 70 84 79
285 268 16 23 17
285 700 14 86 19
285 347 64 70 66
700 726 83 94 89
700 360 60 85 84
700 260 71 94 75
286 331 34 37 34
286 563 41 86 65
354 512 41 46 45
354 798 29 86 78
354 237 46 86 52
354 749 77 85 78
635 679 10 46 18
635 192 13 72 50
635 426 71 77 72
424 781 50 58 52
424 265 42 73 69
424 299 45 100 71
456 453 25 98 53
456 751 11 64 19
456 505 35 92 42
291 370 44 65 64
291 352 64 65 64
370 684 42 60 48
370 47 18 67 24
370 197 53 69 55
292 442 32 88 45
292 209 94 99 94
435 826 30 90 54
299 145 69 95 84
300 399 69 73 72
399 218 62 71 68
302 698 29 52 45
709 352 26 89 65
709 57 20 52 24
306 462 91 92 91
306 675 81 85 84
308 82 37 54 38
308 379 65 89 67
308 790 37 67 61
308 19 71 73 73
790 93 60 84 69
310 403 65 83 69
312 727 76 81 78
312 781 74 98 94
727 91 54 76 67
727 641 87 95 89
727 55 88 100 96
568 204 75 99 75
408 97 18 86 49
408 227 26 39 33
408 384 41 87 65
317 349 63 69 65
317 463 15 19 17
317 587 60 65 64
317 356 84 90 84
349 254 63 80 70
463 35 65 91 82
318 513 52 83 61
318 640 41 62 43
318 808 90 100 100
318 284 39 50 50
319 18 71 88 77
319 46 52 86 56
319 361 89 98 96
319 567 84 87 85
361 529 25 61 60
361 423 81 95 93
361 675 90 92 92
567 612 14 88 34
567 833 43 67 49
567 403 44 89 71
567 159 64 90 81
621 719 19 77 56
621 495 56 70 65
321 362 53 60 55
321 611 93 97 96
324 527 76 87 80
324 73 89 94 90
741 407 14 20 17
741 800 28 52 48
741 238 12 35 19
741 374 92 100 95
741 607 12 41 40
404 360 72 93 80
404 88 14 49 34
404 353 39 61 45
705 417 62 80 69
705 770 61 64 63
327 670 86 98 86
327 680 66 99 88
327 756 88 90 90
327 537 17 61 18
327 116 66 100 96
670 5 57 100 59
670 350 37 96 76
537 44 57 71 66
537 764 88 92 92
328 805 91 94 92
328 254 65 98 70
328 802 65 75 66
328 417 31 38 36
805 834 13 97 32
805 625 72 85 74
805 502 38 58 47
805 153 54 57 56
805 540 72 99 72
805 499 44 68 58
805 685 80 87 87
805 360 61 92 71
417 21 10 81 69
417 775 30 67 40
329 361 37 40 40
329 67 89 94 89
329 418 52 66 61
418 217 90 100 100
418 571 85 94 93
740 293 94 98 95
645 115 47 86 49
645 247 73 74 74
333 533 54 79 71
333 80 89 95 95
333 251 11 30 24
333 184 20 36 34
333 501 56 58 57
333 472 43 54 53
333 569 33 54 36
533 423 63 90 71
533 809 35 92 65
697 586 90 95 91
551 570 65 100 87
551 323 77 82 78
335 423 25 31 29
335 611 20 51 45
336 812 38 75 43
336 493 51 63 56
336 306 76 98 84
812 814 86 87 86
812 707 24 89 41
337 162 26 82 33
337 380 29 72 29
380 760 41 55 47
380 220 34 48 37
380 356 15 34 18
495 475 66 86 81
495 263 43 49 44
339 499 13 99 27
339 46 13 70 50
339 103 67 84 71
340 225 56 73 65
340 258 92 97 92
340 205 15 64 48
719 438 13 55 27
693 370 93 96 96
344 266 34 75 46
344 233 56 99 70
345 282 21 69 46
345 646 94 97 95
345 737 87 91 91
345 388 22 86 75
737 765 44 98 83
737 535 46 54 54
346 477 83 89 89
346 455 31 66 66
348 542 38 69 59
677 67 39 100 71
816 819 89 90 89
353 130 10 86 20
353 801 84 93 93
512 134 33 51 37
512 531 48 86 71
512 9 69 82 80
512 280 23 24 24
798 98 61 78 66
798 513 34 88 44
798 784 28 59 34
798 448 65 97 65
798 59 37 70 47
357 701 76 91 91
701 250 83 84 83
358 23 28 60 51
791 336 13 95 44
791 367 72 89 83
791 185 85 96 92
791 356 66 96 84
778 646 44 55 45
778 590 93 98 93
810 475 29 74 29
810 74 53 75 66
366 727 29 95 92
366 830 35 53 48
367 230 24 47 46
367 104 35 84 82
367 85 32 69 53
559 623 62 87 83
559 754 57 100 70
553 228 44 78 53
553 501 90 96 95
553 646 88 93 92
831 380 66 86 86
831 549 78 79 79
831 596 91 97 94
831 785 26 58 33
831 43 76 90 78
374 804 32 61 42
540 58 77 92 79
383 532 24 100 44
532 43 87 91 90
532 361 64 67 65
386 656 33 62 49
386 202 62 64 64
386 414 89 96 96
386 705 82 98 98
386 742 16 91 18
609 113 60 69 66
609 491 53 70 58
609 686 88 95 88
609 22 33 88 68
655 787 56 67 64
576 388 75 88 80
576 775 42 63 60
576 693 67 97 76
576 371 94 96 95
576 340 73 79 73
576 733 86 89 87
392 718 41 90 48
606 803 68 71 68
606 387 52 77 60
606 598 56 95 81
396 271 88 89 89
396 166 84 93 88
396 546 90 97 97
396 383 36 98 51
396 508 30 48 36
396 140 66 89 70
396 75 30 36 31
579 633 87 88 88
579 616 52 55 52
400 712 75 91 76
401 343 86 87 87
411 254 14 80 15
411 406 46 98 60
411 262 71 90 89
411 729 48 51 50
731 381 49 68 65
731 558 73 92 73
409 760 58 82 79
409 663 55 65 62
409 226 48 75 53
409 718 20 75 45
409 529 79 96 85
663 642 92 100 98
663 577 23 57 53
729 20 51 55 53
415 527 74 87 81
415 626 23 47 47
416 120 54 57 56
416 757 16 31 20
775 130 72 80 74
561 6 90 95 91
444 282 93 94 94
444 695 40 50 40
428 24 60 66 63
429 9 48 84 55
429 648 80 92 89
429 443 54 85 62
429 785 32 47 36
434 745 46 59 52
434 431 70 98 74
434 792 19 62 36
745 441 40 55 51
745 815 15 78 36
440 147 70 94 74
440 502 32 35 35
440 62 65 76 72
509 39 19 30 22
509 355 51 73 58
657 406 91 93 91
657 127 63 85 72
657 321 58 64 59
657 455 76 98 78
657 370 41 47 43
448 463 52 95 71
449 151 20 54 53
450 823 47 50 49
450 255 29 40 37
450 205 88 92 92
823 100 47 64 58
823 179 32 93 70
823 612 30 89 87
504 553 75 80 79
496 266 46 98 69
496 207 45 49 49
496 830 58 77 76
496 448 32 50 47
776 84 87 93 91
776 514 47 94 80
776 683 24 68 42
751 282 32 91 84
751 769 49 84 67
751 0 62 98 73
751 185 95 97 95
505 480 15 69 15
505 692 35 83 43
505 568 85 97 87
505 57 38 52 38
505 539 80 86 82
505 572 34 51 51
457 664 51 95 51
457 569 18 51 24
457 518 85 86 86
458 78 41 84 78
458 755 30 39 36
458 300 92 95 93
458 175 53 87 58
755 510 17 79 17
464 52 45 59 54
464 669 56 93 58
464 159 87 88 87
469 3 22 39 30
469 485 78 83 82
470 508 82 90 84
470 770 23 35 26
470 752 44 77 57
470 91 87 93 92
752 713 92 97 93
490 667 20 47 34
490 415 86 88 87
490 442 82 90 90
490 417 58 93 83
717 342 42 100 44
717 620 25 74 58
474 832 20 63 51
710 393 14 68 51
710 465 24 26 24
710 747 20 36 35
478 405 33 79 37
478 436 88 90 90
478 109 43 78 58
478 315 90 98 93
478 173 73 93 84
524 252 39 78 57
524 118 19 28 23
480 744 31 60 59
480 185 70 87 86
480 741 10 90 78
480 803 79 89 88
744 292 47 71 65
744 50 80 88 80
744 209 49 85 80
483 201 67 89 67
483 194 84 97 87
483 707 89 99 93
486 299 13 58 54
488 162 77 83 78
488 604 90 100 90
488 762 82 93 93
488 819 38 72 60
604 375 55 64 64
604 474 22 95 42
604 748 32 82 60
489 820 61 83 70
489 328 71 94 83
820 186 58 82 58
820 568 28 99 50
820 76 84 87 87
667 513 53 90 61
667 195 61 89 70
491 738 40 63 55
491 252 29 60 55
491 18 56 93 70
491 680 48 72 72
491 591 47 85 83
591 834 65 92 74
591 348 95 99 96
758 686 25 49 30
497 305 68 83 69
503 59 31 65 40
503 81 11 16 11
503 340 85 96 85
503 498 42 52 47
503 298 48 60 52
584 421 43 50 47
531 705 66 98 81
531 525 85 88 88
515 224 29 43 29
515 236 31 92 77
515 727 36 89 87
515 710 62 63 62
516 424 50 84 62
516 600 35 49 41
516 720 48 80 58
575 732 31 90 33
721 684 31 57 40
721 357 37 99 99
721 766 79 95 87
721 96 94 97 96
774 436 78 95 84
774 101 14 28 24
523 745 38 41 41
526 363 53 78 54
526 764 92 95 94
526 702 24 99 33
764 375 17 72 72
530 759 54 100 91
530 613 54 97 62
530 532 58 85 81
530 709 41 97 89
613 771 67 86 86
613 9 50 80 61
809 650 11 87 76
809 478 53 99 79
535 75 86 96 94
535 690 43 98 73
535 702 91 94 92
690 739 94 97 95
690 718 91 94 91
783 248 69 74 73
783 803 46 66 60
783 681 92 98 96
783 479 43 51 43
545 786 25 75 67
545 478 92 97 95
786 153 57 60 59
786 120 55 78 66
547 533 23 41 24
549 178 73 84 78
549 331 11 21 17
549 562 30 73 36
549 322 70 88 81
549 500 66 70 66
554 117 82 93 85
554 129 20 48 45
558 481 92 94 93
558 29 18 83 83
623 637 28 83 81
623 567 62 74 65
623 680 88 98 92
623 459 18 39 35
623 674 49 100 92
564 466 43 50 46
564 575 82 97 96
797 571 64 99 86
829 773 15 54 49
829 730 43 50 49
829 559 78 99 90
829 279 91 99 93
829 808 61 100 69
733 483 16 71 68
588 708 40 70 41
588 496 52 54 54
592 461 82 94 90
595 83 62 87 64
773 712 86 87 86
773 2 34 53 34
601 565 85 95 93
601 406 63 82 76
601 238 45 80 68
602 251 33 58 49
610 549 26 46 32
610 295 65 89 89
615 281 64 66 66
615 579 84 85 85
617 321 22 56 34
617 558 38 94 60
618 611 86 98 98
637 475 33 43 38
637 383 86 97 87
637 139 66 77 70
761 275 72 90 85
761 489 84 94 90
761 752 28 95 82
761 94 50 85 55
630 379 74 85 84
636 463 42 65 46
689 414 52 62 56
689 35 80 88 87
649 20 31 42 37
649 550 20 26 22
649 360 64 94 86
649 62 38 73 50
649 762 76 78 77
649 659 55 61 55
649 527 74 91 88
649 262 62 100 96
650 802 24 32 24
650 740 88 98 98
650 526 44 77 49
651 254 47 53 52
651 365 17 30 25
654 210 41 49 42
654 787 95 98 98
654 135 10 55 13
658 663 69 75 71
661 810 50 70 69
661 102 57 84 59
661 601 39 41 40
661 421 20 52 52
661 35 73 83 73
665 229 86 87 87
665 802 78 81 81
665 384 20 70 62
665 430 31 92 82
666 611 40 50 48
681 528 82 98 82
681 344 36 90 68
682 679 33 65 64
682 86 43 47 47
688 314 26 70 60
688 654 66 72 66
688 221 18 59 20
688 260 17 40 30
691 675 40 71 49
704 226 57 59 59
704 672 62 91 75
704 644 47 67 56
704 501 37 97 76
711 109 33 71 45
711 463 42 97 45
711 769 66 90 87
714 769 84 88 86
715 700 91 100 98
722 145 37 55 55
722 820 80 93 88
722 476 62 90 63
722 591 39 57 49
750 294 62 97 88
750 769 51 77 67
753 521 52 68 58
753 55 31 59 58
753 434 83 94 84
806 696 38 90 68
806 614 35 36 36
806 225 40 74 70
782 823 29 30 29
784 198 45 71 49
784 557 19 87 46
784 306 21 30 23
793 202 93 94 93
793 315 59 85 75
795 208 89 94 94
795 728 66 74 69
795 430 13 95 62
796 334 60 73 63
796 99 60 68 62
796 611 24 69 60
796 149 93 95 94
811 42 14 93 74
811 29 20 21 21
817 120 76 85 78
817 779 13 43 20
817 444 16 52 38
824 138 71 90 83
825 579 94 99 95
0 834
