45 170
0 37 25 40 34
0 15 86 99 91
0 13 23 67 42
0 33 52 98 98
0 29 81 100 100
37 6 90 100 92
37 18 55 62 57
37 1 78 84 80
37 0 72 75 74
37 39 79 94 85
15 19 19 47 45
15 44 39 56 56
15 29 74 84 83
13 27 23 35 25
13 11 27 60 42
13 18 75 79 79
13 12 66 91 90
13 29 35 46 45
33 34 54 90 59
33 25 52 97 60
33 21 15 95 36
33 26 43 57 51
29 7 73 88 84
1 8 52 98 59
1 38 70 100 99
1 43 94 95 95
1 13 58 84 84
8 23 35 59 57
8 41 75 84 83
8 17 43 89 59
8 42 46 99 48
38 18 66 98 87
38 36 64 69 66
38 0 57 79 63
38 43 42 54 49
38 29 11 66 11
43 28 40 97 79
43 24 27 61 56
43 0 87 95 87
3 24 32 78 69
3 20 65 72 66
3 35 84 94 86
3 6 85 100 93
24 28 56 96 64
24 29 94 97 95
24 7 75 79 75
24 22 43 56 52
24 40 17 66 22
20 12 67 100 89
20 0 27 75 43
20 32 63 83 76
20 39 35 92 79
35 17 35 94 81
35 43 56 81 65
35 6 17 63 38
35 9 27 94 84
6 44 66 86 79
6 10 79 97 82
6 26 45 99 99
6 33 50 60 58
6 42 91 94 94
4 9 64 69 67
4 30 83 90 84
9 4 76 95 77
9 35 70 81 76
9 27 15 68 16
9 26 87 88 88
30 44 14 32 15
30 0 66 82 70
5 3 79 87 82
5 39 75 91 88
5 9 92 94 92
5 35 34 91 67
5 8 49 59 52
39 18 84 86 86
39 13 46 50 46
39 38 46 83 81
39 16 52 87 63
39 15 83 86 83
39 17 91 100 100
44 4 75 79 77
44 20 91 98 96
44 35 24 49 43
10 34 57 97 84
10 27 72 83 81
10 35 14 64 27
10 44 66 78 67
26 11 93 100 95
26 16 27 78 71
26 41 60 96 92
42 2 41 59 58
42 29 55 84 83
42 34 68 76 75
42 31 36 42 42
42 4 14 90 39
42 3 93 97 96
42 0 11 40 36
42 25 27 96 79
42 23 24 46 31
7 18 24 94 34
7 6 67 69 68
7 33 56 67 57
18 1 39 90 53
18 11 86 93 89
18 2 12 55 47
23 25 37 56 47
23 44 16 100 44
41 29 60 68 61
41 11 16 71 61
17 9 59 79 73
17 34 41 78 55
17 10 53 89 70
17 23 92 98 93
17 24 22 69 30
17 0 80 82 80
17 13 48 97 59
27 26 87 100 99
27 37 86 99 99
34 35 67 90 75
34 24 43 70 50
11 9 62 71 63
11 39 16 38 34
11 16 51 73 70
11 29 23 75 36
11 7 69 78 69
16 8 15 90 46
16 19 23 41 30
16 23 52 65 64
12 26 15 55 21
12 29 57 99 70
12 11 45 99 78
14 39 78 83 78
14 20 70 77 75
14 36 62 93 71
14 19 85 88 88
36 18 38 76 69
19 24 29 62 36
19 4 75 79 78
19 39 23 41 24
19 34 33 42 37
19 14 19 63 24
19 3 79 85 84
19 26 65 74 66
19 43 49 76 58
32 2 14 19 17
32 7 74 99 74
32 12 61 65 61
32 5 42 100 52
32 23 47 73 51
32 24 35 40 37
21 25 17 80 27
21 44 34 55 35
21 12 11 25 25
25 40 94 100 95
25 39 51 94 91
25 12 69 96 95
25 16 47 59 54
25 41 29 85 72
22 37 55 65 59
22 42 92 95 95
22 16 68 97 81
22 18 89 92 90
22 15 84 92 86
28 13 63 78 65
28 2 34 88 75
40 33 22 34 25
40 15 48 80 50
40 36 82 98 87
31 32 14 91 77
31 4 17 89 51
0 44
