297 786
0 176 26 79 38
0 75 33 42 41
0 175 78 97 91
0 290 86 94 92
0 85 92 96 93
0 214 31 57 48
0 227 11 36 35
176 58 47 71 57
176 103 63 91 82
176 95 30 88 38
176 8 10 66 42
176 15 69 99 69
176 5 70 96 82
176 250 17 38 20
75 139 48 78 56
75 293 87 94 94
75 62 12 95 69
75 50 77 79 77
175 244 54 93 56
175 193 87 88 87
175 133 64 71 67
290 67 80 95 84
290 152 88 100 93
290 97 73 79 75
85 219 64 88 75
85 148 25 35 30
85 88 58 86 67
214 18 85 91 85
214 269 19 100 76
227 283 48 98 67
227 126 55 87 82
1 275 56 86 72
1 192 60 74 69
1 293 44 66 52
275 29 29 85 48
275 246 31 80 53
275 12 82 92 92
192 161 17 51 21
192 206 67 71 68
293 41 10 39 29
293 243 58 81 75
293 214 74 75 74
2 168 25 65 37
2 10 10 23 12
2 49 36 43 43
2 242 14 56 39
2 21 86 94 91
168 129 79 95 86
168 102 27 32 28
10 162 57 82 62
10 269 73 87 73
49 193 64 78 75
49 160 90 97 93
242 269 47 66 50
242 32 94 97 95
242 81 25 26 26
21 82 54 82 76
21 78 17 87 68
3 292 12 19 14
3 146 46 59 50
3 166 36 50 47
292 269 19 79 74
292 69 51 100 52
292 42 59 95 74
292 130 60 95 80
146 137 44 87 76
166 116 13 50 22
166 140 47 75 49
166 160 22 93 25
166 263 38 64 41
166 49 56 84 56
166 262 22 76 49
4 296 57 66 58
4 266 43 68 62
4 131 48 76 57
4 80 77 97 88
296 62 71 88 72
296 63 82 99 93
296 96 83 93 87
266 13 53 65 65
266 31 91 94 92
131 68 93 94 93
131 189 54 78 57
80 66 79 88 80
80 255 53 71 68
80 246 43 77 53
5 12 74 76 75
5 254 80 82 82
5 286 82 97 93
5 198 49 94 80
5 257 60 96 64
5 175 33 94 37
254 222 91 92 92
254 174 28 94 76
254 24 17 56 26
286 120 72 98 86
286 117 75 89 77
286 71 27 60 48
286 60 45 91 67
198 293 16 35 30
198 155 83 96 90
257 115 30 51 45
257 90 56 67 66
6 207 55 92 91
207 112 44 80 62
207 159 58 100 67
207 118 22 28 27
207 229 52 76 71
7 112 79 86 86
8 246 45 54 45
8 88 14 85 42
246 260 42 72 49
246 139 82 92 82
88 118 18 82 39
88 98 15 97 80
88 12 50 62 60
9 295 18 42 36
9 18 25 100 81
9 174 33 74 47
9 188 63 93 72
9 93 23 100 62
9 15 57 58 58
295 86 12 93 62
18 8 54 60 55
174 217 48 86 66
174 55 29 86 56
188 164 43 73 43
188 276 33 99 90
188 6 34 64 40
93 196 71 79 72
93 32 21 87 51
93 245 78 79 78
15 129 22 24 22
15 157 46 62 58
15 253 43 98 67
162 204 13 76 22
162 81 69 88 88
162 49 55 77 57
269 221 41 78 60
269 7 37 100 80
269 35 34 71 59
11 115 44 67 45
11 50 19 45 28
11 279 39 62 40
11 138 85 88 86
115 135 79 100 79
50 40 49 57 53
279 252 23 55 31
279 287 31 60 34
279 275 24 28 25
138 67 90 91 91
138 189 80 83 83
138 118 60 87 87
13 77 56 87 82
13 257 51 90 85
13 143 59 90 71
77 79 21 61 58
77 255 67 99 86
77 239 29 58 52
14 80 67 95 92
14 137 93 100 97
14 99 71 76 76
14 68 76 87 85
137 110 47 69 53
99 41 76 94 78
68 128 55 64 61
68 164 65 97 81
68 55 70 73 70
129 146 62 97 81
129 99 67 82 77
129 263 72 78 77
253 268 19 96 21
253 213 46 58 51
16 134 11 79 54
16 133 91 93 93
134 286 60 86 81
134 82 81 98 82
133 118 11 35 35
133 137 95 96 96
133 262 72 91 73
17 276 93 94 93
276 53 90 94 94
19 8 93 100 97
20 8 64 72 68
20 250 63 96 74
20 169 89 93 91
250 144 74 97 91
169 290 27 83 57
169 144 43 87 51
169 35 30 84 67
169 256 32 79 37
169 93 23 85 41
169 280 59 78 78
82 286 90 95 94
82 134 46 65 57
82 120 74 82 82
78 19 79 82 80
22 33 16 20 19
22 82 79 100 87
22 117 15 34 22
22 296 93 96 94
22 259 61 96 66
33 209 61 91 75
117 74 56 69 58
117 171 53 54 53
259 133 15 17 16
259 119 23 32 29
23 50 43 78 54
23 10 51 67 67
23 18 62 71 64
23 85 57 86 75
23 249 41 78 59
23 70 74 83 77
249 114 85 89 87
249 208 81 84 81
70 19 12 86 39
70 95 28 51 43
70 189 69 81 76
70 210 57 89 70
70 228 80 88 80
24 197 22 100 46
24 262 74 92 84
24 281 95 100 99
197 263 45 100 74
262 181 78 100 98
281 123 90 92 91
281 139 63 74 72
25 139 68 81 79
25 127 90 99 93
25 1 88 99 90
139 96 73 94 73
139 13 76 99 88
139 129 83 94 93
139 174 12 90 86
127 14 69 73 71
127 114 59 97 67
127 145 92 97 92
127 180 33 84 56
26 228 54 78 61
228 96 40 53 51
27 222 72 81 73
27 161 84 99 86
222 97 41 76 72
222 64 93 100 97
161 172 82 94 92
161 103 28 72 31
161 2 27 51 42
161 291 49 95 57
161 82 88 99 89
28 47 18 33 33
28 82 16 21 17
28 227 67 83 78
47 170 54 88 68
47 208 65 98 82
29 38 32 66 32
29 198 54 76 68
38 91 54 63 54
38 116 84 95 89
38 228 82 94 87
30 291 18 21 18
30 207 43 100 44
291 52 82 90 84
291 64 12 51 35
291 155 61 64 64
291 16 80 86 85
291 73 50 66 61
32 104 44 53 52
32 89 22 72 69
32 51 40 75 53
32 234 86 87 87
89 230 20 36 23
89 192 32 57 34
234 230 68 70 68
234 277 13 26 22
234 185 71 89 82
209 124 82 93 86
34 142 65 96 92
34 22 77 100 96
142 111 58 96 71
142 24 89 98 91
142 68 17 73 63
142 37 18 44 40
35 127 64 66 66
35 7 62 75 66
36 131 49 78 64
37 25 70 80 71
37 27 38 73 60
91 83 49 72 64
91 162 53 100 91
91 180 56 71 63
91 28 92 95 93
116 88 64 84 65
116 207 65 71 66
39 116 15 27 25
39 254 68 95 91
40 136 62 73 71
40 128 92 93 93
40 197 32 80 57
40 268 53 59 53
40 23 18 39 38
40 154 36 78 69
136 210 67 84 74
136 225 73 81 73
136 159 67 89 88
128 222 36 57 53
128 193 55 86 55
268 150 47 97 93
268 141 32 55 50
154 247 15 100 100
154 180 61 90 74
154 266 83 96 91
154 30 84 100 100
41 222 77 78 77
41 206 64 89 81
41 44 90 100 96
41 151 39 57 42
206 250 13 96 35
44 1 74 99 76
44 214 48 100 48
44 199 45 85 48
44 227 81 88 86
151 1 37 55 39
42 45 77 96 89
42 235 47 62 47
45 103 50 83 83
45 25 17 36 29
45 22 89 99 97
45 99 10 32 11
235 196 59 81 73
199 88 30 54 42
199 268 19 75 31
103 232 84 94 84
46 38 30 45 30
46 225 30 60 59
46 197 68 89 82
46 117 45 49 47
46 76 29 70 42
46 34 23 38 37
46 71 41 49 42
225 158 61 92 67
225 125 12 91 87
225 109 84 95 88
76 255 52 66 66
76 178 76 79 77
71 276 92 100 95
71 280 95 96 95
170 294 64 84 75
48 24 39 80 50
48 252 93 95 95
48 224 46 48 47
48 8 94 97 96
252 106 17 53 23
252 200 20 55 42
252 19 34 89 36
224 90 27 58 36
193 176 78 99 90
193 19 21 48 23
193 199 20 70 61
193 88 54 72 68
160 193 90 94 90
160 151 87 88 87
52 253 70 76 72
53 265 12 31 22
53 226 63 90 74
53 243 64 91 74
265 275 26 68 41
265 196 72 80 72
226 21 77 97 92
226 232 70 80 75
243 238 64 87 84
243 280 21 22 22
243 235 81 87 85
54 40 12 80 77
54 98 84 100 97
98 160 83 97 83
98 133 20 65 41
55 26 82 100 87
55 134 58 88 85
56 269 83 87 84
56 256 91 97 94
56 153 77 90 87
56 257 27 55 46
56 190 24 76 56
256 179 22 79 30
256 14 82 89 83
153 221 16 100 55
153 260 51 73 68
153 16 12 42 16
153 91 85 100 90
153 122 22 64 29
190 170 37 93 38
57 152 62 76 64
152 284 40 91 46
152 254 32 81 52
152 210 28 70 49
58 202 32 51 33
58 256 75 76 75
202 73 46 60 46
202 240 46 54 47
59 285 32 63 52
59 67 19 79 22
59 6 54 96 77
285 210 35 57 47
285 115 87 92 87
67 239 34 58 53
67 175 40 99 88
60 61 28 56 43
60 176 44 83 48
60 202 39 47 44
60 196 18 74 59
60 136 36 67 39
60 201 80 95 82
61 116 16 61 47
61 48 47 73 52
61 217 75 87 79
61 128 79 94 93
61 67 10 99 84
61 257 64 73 73
61 242 89 93 91
196 166 80 85 81
196 101 34 77 62
196 207 83 97 87
196 188 19 92 21
201 193 87 94 87
201 148 41 82 50
201 65 55 81 72
217 208 44 84 55
217 247 15 19 17
217 143 18 100 78
62 129 49 63 53
62 213 59 93 69
213 96 37 78 53
213 285 67 89 69
213 32 93 100 97
63 148 75 92 85
63 290 70 72 70
63 179 17 37 26
63 260 32 43 33
148 108 36 69 41
179 223 86 99 91
260 184 84 85 84
64 279 95 98 97
64 232 82 95 88
232 59 61 82 75
232 150 70 96 84
232 34 61 73 62
232 1 34 55 47
65 63 37 80 64
65 145 21 98 38
145 171 10 24 23
145 15 59 84 64
145 100 14 95 17
145 131 93 96 96
66 4 17 62 42
66 142 52 81 80
239 59 23 65 45
239 201 61 66 63
239 284 36 40 36
239 286 72 89 79
239 22 83 93 91
164 215 76 87 78
164 245 87 100 92
164 144 45 48 47
164 125 44 68 64
164 148 74 77 76
69 219 72 85 78
69 279 27 73 49
69 97 24 94 86
219 296 85 87 86
219 206 90 95 92
97 133 91 97 95
97 202 95 99 99
97 34 30 89 51
95 255 41 93 75
95 264 24 96 68
95 13 63 68 64
189 172 24 64 24
189 86 85 90 86
210 173 79 90 81
210 33 90 96 95
210 199 13 65 46
280 87 24 76 47
280 139 87 98 88
280 46 90 95 92
280 133 38 63 56
72 154 76 92 79
72 85 25 49 48
73 259 48 86 83
73 102 71 82 71
73 41 81 94 88
73 62 74 79 75
73 226 52 64 62
102 98 35 43 43
74 160 31 65 47
74 43 23 34 29
74 255 15 99 64
74 277 30 80 71
277 77 58 92 60
277 96 94 95 95
277 270 58 61 60
277 172 28 38 28
178 159 25 97 32
178 40 37 96 83
79 145 58 71 58
81 276 74 97 85
81 246 26 92 61
81 266 24 42 40
120 170 59 79 61
120 44 68 75 73
120 127 32 97 49
120 267 24 89 82
120 216 22 57 32
83 1 92 94 92
83 61 89 91 90
84 0 62 92 88
84 143 58 71 68
84 101 71 88 87
101 96 74 79 78
101 147 62 82 66
101 170 15 17 15
86 72 58 77 75
86 280 80 84 83
86 205 52 86 80
205 11 15 47 20
205 191 29 49 29
205 98 85 87 85
205 145 24 35 33
205 273 32 81 63
87 42 85 87 85
87 139 31 99 93
87 103 10 20 15
87 77 23 67 59
87 21 62 63 63
87 66 27 80 70
87 153 43 44 43
118 108 88 96 92
118 186 39 80 77
230 248 95 100 95
230 163 51 81 81
90 3 65 67 67
180 113 49 82 56
180 222 42 87 47
92 163 30 49 35
92 85 66 85 71
92 5 12 56 54
92 33 16 26 26
92 93 18 70 61
163 277 94 98 94
163 256 84 90 88
163 231 49 78 65
94 234 13 96 65
96 33 19 33 32
96 193 59 79 65
96 103 67 75 72
96 265 56 97 88
96 65 76 88 76
100 149 16 75 37
100 155 42 80 67
100 125 75 92 79
149 209 81 96 89
155 196 59 75 66
155 191 55 79 67
155 187 70 93 71
155 235 16 54 43
155 221 76 92 77
155 99 16 86 54
125 226 62 73 72
125 243 33 87 36
125 287 66 73 66
125 225 36 77 36
147 80 26 87 28
105 58 64 67 65
105 8 62 63 62
105 151 46 62 52
105 289 54 70 56
289 78 60 99 84
289 101 66 80 77
289 52 58 97 70
289 259 46 77 63
289 207 57 58 58
106 121 37 77 60
106 293 10 61 58
121 132 12 73 21
121 292 35 76 70
121 103 72 76 76
121 14 86 90 89
107 241 22 44 35
241 189 83 94 85
241 68 17 75 24
108 14 81 91 81
108 45 34 43 34
108 205 93 99 97
108 170 64 98 98
108 17 11 12 12
108 71 81 92 87
108 179 95 100 100
109 250 59 88 83
109 201 15 34 16
109 87 29 84 59
110 209 31 56 53
111 251 83 100 83
111 151 90 92 90
111 135 79 91 88
111 192 41 75 52
111 91 34 64 53
251 188 85 91 87
251 237 53 75 67
251 224 77 99 85
251 84 82 83 83
135 232 81 83 81
135 255 47 71 61
135 128 14 21 16
135 33 19 53 39
135 29 34 82 73
113 131 22 57 54
113 16 39 93 75
114 263 32 94 65
263 177 94 100 97
263 274 19 81 31
263 221 59 89 62
263 16 63 98 79
263 181 46 73 61
186 271 68 93 82
119 223 95 97 97
119 206 41 93 44
119 202 38 84 81
119 139 21 61 41
223 140 64 98 72
223 229 91 95 93
267 193 36 71 51
267 58 76 92 91
267 55 62 87 80
267 284 65 81 68
216 250 19 65 65
216 42 54 72 55
132 282 76 96 93
132 221 41 62 52
132 268 17 36 19
132 37 27 69 63
122 115 69 89 80
122 211 36 60 37
122 262 47 68 67
122 86 14 84 72
211 113 88 96 95
211 196 21 46 21
211 6 72 90 85
123 117 30 60 39
123 69 67 87 68
124 279 43 60 54
124 100 71 97 86
124 114 54 100 86
287 192 74 95 82
287 278 23 80 54
287 88 63 70 70
287 96 94 95 94
287 7 59 82 72
126 163 73 85 81
282 60 81 91 89
221 13 86 99 93
221 281 35 59 47
159 129 70 91 90
159 151 27 54 53
159 291 62 68 62
159 44 48 88 48
140 246 34 66 36
141 2 62 76 71
141 57 45 73 56
144 289 29 76 52
144 190 22 43 37
144 98 69 100 72
150 74 44 79 46
284 2 28 48 37
284 8 69 89 79
284 273 93 99 93
284 234 61 93 78
247 49 43 96 96
247 190 62 81 77
191 130 78 79 78
187 160 18 91 35
187 270 67 98 72
187 241 39 43 43
187 100 84 89 89
156 42 29 72 48
156 222 78 96 94
158 268 13 94 65
158 220 60 83 66
158 257 37 77 53
158 60 37 46 39
158 265 83 94 84
220 215 23 90 72
220 180 70 95 82
220 26 70 95 71
220 267 38 85 41
172 201 35 89 65
172 61 59 68 65
172 26 44 99 67
204 40 78 87 87
204 240 54 88 74
204 33 12 91 65
204 210 64 80 71
231 196 94 98 97
231 11 67 87 84
231 259 86 89 86
231 150 84 97 93
215 45 16 100 36
165 173 12 69 21
165 14 70 96 77
167 74 11 91 77
167 214 21 67 55
294 288 72 88 81
294 169 20 100 36
294 67 68 89 69
294 32 39 60 47
244 285 69 86 82
244 241 81 89 84
244 19 61 63 61
244 117 26 53 37
177 45 36 89 50
181 66 81 93 88
181 27 27 68 63
181 7 58 76 60
182 116 69 97 85
182 173 18 27 25
182 14 48 72 60
182 152 29 53 45
182 93 30 66 39
183 57 44 69 48
183 250 40 56 41
183 257 49 79 54
184 61 60 77 66
184 63 59 76 70
185 150 12 62 35
185 286 75 95 79
185 288 88 90 89
288 87 55 89 89
288 30 11 70 22
271 185 41 46 43
271 6 10 93 24
270 283 39 40 39
270 140 14 77 51
194 269 19 22 19
194 126 16 66 53
194 296 34 63 34
195 30 89 93 93
195 76 47 97 91
200 9 23 45 24
200 276 91 96 93
200 136 46 71 47
200 77 39 60 51
200 127 55 86 63
200 122 10 88 34
240 92 10 30 12
240 83 19 99 70
203 81 30 49 31
229 98 59 97 88
229 96 57 86 57
212 106 72 74 72
212 98 58 87 81
218 73 78 92 84
283 19 92 94 93
283 122 75 88 84
283 87 40 70 63
248 217 33 40 40
248 158 61 66 61
248 177 55 81 79
233 205 10 78 25
233 227 12 82 72
236 62 54 94 76
236 269 13 97 36
236 121 30 87 79
236 41 24 47 34
236 50 18 31 31
237 105 84 93 91
238 208 58 94 71
238 29 60 84 75
258 42 51 90 52
258 70 94 100 99
258 141 89 93 90
258 182 10 74 41
274 94 72 81 73
274 5 17 97 78
274 269 81 100 92
272 186 83 86 85
272 121 91 93 92
278 34 76 78 78
278 282 18 27 26
0 296
