317 1180
0 89 48 49 49
0 36 72 88 88
0 117 33 82 60
89 168 40 85 53
89 28 11 53 17
89 188 88 98 88
89 179 73 99 99
89 21 18 65 32
36 106 10 58 45
36 262 63 97 96
36 265 94 100 97
36 109 14 90 47
36 203 38 95 76
36 301 10 59 32
36 174 85 88 85
117 1 66 85 79
117 147 29 34 33
1 186 43 50 49
1 247 31 95 48
1 219 54 77 75
1 255 18 77 31
186 195 86 90 88
186 223 50 77 70
186 58 35 97 40
186 152 51 55 55
247 229 28 40 38
247 16 74 95 78
247 292 13 52 22
247 168 22 25 22
247 69 60 93 80
247 224 34 76 40
219 305 64 87 64
219 33 78 97 97
255 35 75 86 75
255 310 30 74 67
255 98 11 31 15
2 105 72 82 75
2 6 63 96 82
105 23 40 81 68
105 270 90 97 94
105 207 48 99 48
3 206 20 88 56
206 207 17 92 24
206 204 79 83 81
4 42 61 84 62
42 276 92 94 93
42 181 89 98 92
42 26 58 98 89
42 163 72 85 74
5 239 92 97 97
5 306 12 63 62
5 13 64 72 72
5 175 83 90 86
239 164 90 99 92
239 78 83 96 85
239 307 67 83 80
239 178 72 83 77
306 117 50 72 58
13 212 64 67 66
175 310 80 85 84
175 259 26 27 26
175 205 18 63 32
175 84 83 100 93
175 4 78 79 78
7 233 42 86 52
7 145 40 74 51
7 133 67 71 71
7 198 27 72 31
233 228 37 56 51
233 246 79 92 89
233 245 42 74 61
145 211 19 79 35
145 223 32 82 69
133 308 36 77 64
133 2 39 72 45
133 55 38 53 51
133 176 77 89 77
133 28 54 88 83
198 194 42 54 45
8 129 95 99 97
8 300 78 90 83
8 35 83 91 91
8 41 24 43 33
129 306 39 59 55
129 99 75 76 76
129 282 42 75 73
129 2 82 100 94
300 271 63 97 96
300 60 36 94 53
300 304 78 83 78
300 49 87 90 87
35 211 93 94 94
35 68 15 32 26
35 182 42 46 42
41 47 17 64 28
41 174 67 92 82
41 215 80 92 92
41 209 83 92 85
41 235 32 81 58
9 293 15 80 34
9 3 30 34 30
293 277 70 86 71
293 213 60 82 77
293 215 70 96 94
10 219 32 53 47
10 34 52 55 54
10 174 64 66 64
10 294 25 56 41
10 27 52 83 68
34 252 77 90 87
174 171 39 76 68
174 266 34 72 44
174 53 89 90 89
174 311 68 78 76
174 124 70 75 74
294 147 28 62 35
27 82 73 82 82
27 57 68 97 77
27 24 24 61 34
27 298 64 73 68
27 5 87 88 88
27 250 66 99 71
27 59 69 91 86
11 250 38 43 43
11 151 60 87 84
11 61 35 100 37
250 267 89 92 91
250 47 39 88 64
250 257 90 94 91
250 194 85 89 88
250 31 55 57 55
250 265 27 84 78
151 133 17 47 34
151 9 83 90 87
61 49 38 98 53
61 290 39 100 93
61 234 82 83 82
61 126 41 46 41
12 91 17 70 25
12 178 35 91 67
12 259 45 46 45
91 232 41 94 65
91 112 87 92 89
91 92 82 93 90
91 308 63 70 65
91 243 28 47 28
91 36 67 80 73
178 261 45 54 47
178 21 40 85 41
178 104 93 95 94
178 266 72 77 73
178 197 39 92 83
178 108 33 56 43
259 121 56 71 70
259 138 70 81 72
259 311 39 42 40
259 106 65 77 67
259 139 59 77 72
259 181 11 88 64
259 64 34 57 48
212 228 12 97 12
212 214 74 88 85
212 227 12 43 26
14 146 92 97 95
146 171 41 69 41
146 65 29 61 34
146 8 12 75 74
146 316 31 39 31
146 94 65 99 76
146 219 82 84 84
146 71 94 95 95
15 242 61 80 62
15 295 52 56 53
15 153 26 34 32
15 54 16 79 45
15 168 77 92 82
242 124 32 92 41
242 227 87 98 93
242 66 39 91 44
242 127 49 57 56
295 177 60 66 60
295 169 51 68 57
295 81 65 96 70
295 42 57 81 74
295 268 22 48 39
295 73 31 85 54
295 85 86 88 87
153 130 31 85 33
153 38 65 79 76
153 301 93 97 94
153 23 36 65 47
54 1 92 99 95
54 119 74 90 75
54 148 50 94 90
54 282 72 75 74
54 225 77 90 81
168 262 56 60 58
168 61 57 94 93
168 56 34 67 34
16 192 62 91 75
16 53 67 85 81
16 266 70 82 71
192 29 50 98 92
192 172 57 68 62
192 43 40 96 55
192 2 41 83 51
53 81 15 97 65
53 56 19 36 30
53 234 54 96 80
266 200 11 23 14
266 310 83 99 85
266 104 22 82 24
17 252 95 100 100
17 82 36 47 40
252 139 93 100 93
252 97 19 34 32
252 94 29 67 58
252 89 65 100 79
82 213 72 86 75
82 113 67 85 78
82 215 57 96 80
82 191 60 93 81
82 244 48 62 53
82 220 61 69 68
82 0 29 59 47
82 63 55 65 60
18 102 92 96 92
18 30 21 67 42
18 264 35 50 36
102 94 17 41 24
102 220 66 75 72
102 291 44 59 48
30 166 37 69 63
30 306 15 58 29
30 147 44 82 73
30 43 58 100 71
30 272 13 49 48
30 57 53 99 74
30 179 42 92 53
30 245 17 72 56
264 65 26 94 68
264 191 87 98 98
19 16 44 80 49
19 310 23 90 83
19 155 82 95 95
19 77 55 74 72
310 70 54 75 61
155 246 25 57 35
155 280 47 89 77
155 161 62 83 66
77 40 83 94 91
77 108 95 98 96
20 218 15 17 16
20 40 86 93 88
20 138 54 99 55
20 101 66 75 71
20 125 70 99 77
20 238 26 32 30
20 261 16 64 35
218 188 16 73 41
218 191 66 71 71
218 173 47 97 71
218 302 51 80 74
218 103 95 98 98
218 8 45 83 83
40 226 59 65 62
40 30 38 52 38
40 184 90 92 91
138 149 49 74 61
138 116 15 48 39
138 248 23 39 30
101 124 61 95 74
101 82 88 92 92
101 127 46 76 47
125 193 95 96 95
125 266 95 99 96
125 230 29 96 61
238 48 90 96 93
238 306 80 87 83
238 266 47 63 48
238 83 40 51 48
261 108 77 91 83
261 181 36 47 44
21 142 13 83 53
21 181 91 96 95
21 219 87 95 91
142 294 68 72 71
142 83 62 98 62
142 72 81 84 81
142 155 70 98 76
142 124 15 91 53
181 148 17 34 21
181 300 87 95 87
22 178 44 61 52
22 208 56 96 92
22 200 94 100 97
22 176 83 85 83
22 28 74 83 82
208 41 68 88 84
208 93 40 73 51
208 149 62 76 73
208 287 93 94 93
208 164 18 72 52
200 287 82 99 84
200 66 63 70 63
200 285 20 53 24
200 74 53 81 67
200 284 72 85 77
176 269 59 96 63
176 140 22 37 26
176 14 20 43 39
176 98 37 52 47
176 41 16 64 23
176 297 61 91 77
28 246 66 73 70
28 15 38 61 60
28 44 32 87 64
23 226 54 64 58
23 255 48 67 66
23 86 87 93 93
23 13 48 83 58
23 288 62 65 64
226 43 69 99 98
226 130 12 77 56
226 163 90 97 94
86 54 28 81 39
86 230 68 98 94
288 129 88 91 90
288 174 74 99 88
288 11 65 80 77
24 52 73 79 74
24 237 69 75 70
24 179 18 68 28
52 7 70 85 73
52 6 60 64 61
237 279 36 56 38
237 242 87 95 92
237 41 48 67 50
237 17 94 98 95
237 157 37 43 37
179 297 50 76 72
179 33 46 47 47
179 19 30 43 36
25 86 83 90 89
25 186 94 96 94
25 140 68 71 68
25 157 16 92 92
25 158 24 68 46
140 123 85 92 87
140 261 24 29 29
140 208 78 83 79
157 67 26 78 73
157 82 72 99 88
157 34 74 100 79
26 45 65 76 67
26 176 36 59 41
45 218 15 73 61
45 288 11 89 62
45 38 26 63 44
57 87 63 83 77
57 52 89 98 94
57 67 77 88 80
57 288 48 62 62
57 237 36 46 45
298 245 19 40 40
298 79 78 83 80
59 207 19 65 19
59 94 90 91 91
59 30 19 83 73
59 197 48 53 50
59 140 81 84 82
59 56 28 75 57
246 221 63 93 91
246 117 47 54 48
246 198 38 76 51
246 130 91 95 91
44 265 30 91 56
44 218 67 99 88
29 123 73 83 82
29 110 45 92 90
29 66 40 73 66
29 312 16 97 33
29 106 39 62 39
29 67 90 91 90
123 313 84 86 86
123 135 75 87 87
123 267 89 93 92
123 298 51 67 53
123 229 71 92 92
123 42 28 93 65
110 167 60 98 84
110 62 20 66 64
110 154 23 78 74
110 265 65 87 69
66 278 72 81 72
66 170 81 95 82
66 141 25 81 63
66 176 74 95 85
312 46 69 80 71
312 76 52 68 64
312 103 17 21 21
312 1 58 97 84
312 142 67 96 90
106 104 65 93 81
106 235 89 94 91
106 265 60 92 75
106 205 27 63 41
67 17 70 76 76
67 224 64 67 64
67 77 75 99 91
67 284 23 86 78
166 142 53 90 67
166 250 75 98 92
166 167 44 48 47
147 131 12 74 47
147 262 49 98 66
43 19 76 85 85
43 49 47 85 77
43 1 15 62 43
272 109 29 63 41
272 107 44 71 66
272 165 50 78 65
245 44 77 95 90
245 214 63 91 74
245 248 34 90 82
31 175 22 93 87
32 68 29 95 62
32 282 89 94 89
68 285 89 93 92
68 97 19 70 45
68 127 56 62 62
68 267 80 87 82
68 237 94 96 96
282 80 20 39 27
33 184 91 93 91
33 314 20 26 21
33 285 18 32 19
184 293 88 96 96
184 186 20 48 46
184 280 58 69 60
314 273 46 59 57
314 224 17 30 29
314 33 26 86 58
314 238 25 75 65
314 146 34 45 38
314 145 55 65 58
285 166 37 55 53
285 271 22 65 58
285 23 33 68 55
285 13 79 90 89
285 219 49 78 53
211 66 69 78 69
211 165 65 92 75
211 256 79 86 86
211 152 18 78 21
182 5 28 38 33
182 131 36 67 53
182 218 88 89 89
182 140 39 79 53
262 276 14 98 22
262 265 56 98 65
262 68 89 98 89
262 96 48 73 52
262 279 86 95 86
262 141 38 54 39
262 310 20 98 95
265 316 70 85 76
265 155 46 97 55
265 126 60 80 74
109 62 34 87 58
109 227 34 78 67
109 51 36 55 41
203 37 91 94 91
203 234 32 73 39
203 198 29 37 34
301 89 46 77 58
301 0 69 95 73
301 86 87 99 98
37 63 25 57 57
37 111 19 51 51
37 279 88 97 97
37 171 76 97 96
63 256 51 58 56
63 223 89 90 89
63 228 60 79 64
63 201 90 100 97
111 299 48 59 59
111 79 94 97 95
111 139 48 87 80
111 190 34 49 47
111 152 79 99 96
279 179 40 69 55
279 264 42 67 45
171 123 46 75 49
171 255 25 79 65
171 3 52 62 53
171 35 53 87 84
171 7 61 63 63
171 219 49 75 68
38 78 75 94 85
38 286 25 88 56
38 193 85 88 86
78 265 43 68 68
78 132 58 65 62
78 211 18 21 18
78 141 74 77 75
78 299 58 97 60
78 88 88 99 94
78 11 78 80 80
78 266 92 98 97
286 221 52 57 52
286 67 13 18 15
286 132 77 88 88
193 99 18 37 20
193 35 50 54 50
193 190 52 99 79
193 163 68 73 68
193 227 88 98 98
39 129 61 88 75
39 173 28 94 41
39 131 10 24 10
39 284 44 95 94
173 266 20 87 81
173 159 58 84 61
131 281 43 78 46
131 30 19 26 23
131 11 80 97 86
131 221 76 87 83
131 35 45 47 46
284 186 28 31 28
284 161 56 95 86
284 24 81 100 85
284 139 76 82 81
284 239 40 76 72
47 118 13 89 36
47 259 11 50 47
215 65 67 92 89
215 170 31 65 55
215 312 13 80 29
215 176 68 92 83
209 208 49 53 50
209 264 56 81 56
235 142 23 76 61
235 118 26 62 62
235 213 23 81 71
235 82 79 88 84
235 143 36 53 46
276 315 58 63 63
276 26 39 58 45
163 226 59 61 61
163 300 24 87 43
49 128 84 86 86
49 290 66 76 75
49 58 80 94 81
49 25 64 68 67
49 87 40 81 44
49 270 85 98 91
46 120 22 60 39
46 41 68 95 71
46 6 13 60 24
120 1 71 85 82
120 230 82 96 83
120 227 56 68 67
118 251 43 94 56
118 107 65 90 68
118 208 87 93 91
118 189 92 99 95
118 297 42 61 45
118 33 11 38 34
118 223 20 37 23
48 265 50 92 60
48 136 92 100 98
48 112 90 99 93
136 279 89 98 93
136 43 47 93 83
136 153 55 73 59
112 160 55 79 68
112 117 12 96 43
112 292 88 91 88
112 78 91 96 96
128 209 94 98 95
128 60 15 16 16
128 152 80 83 81
128 74 87 99 87
128 51 41 54 52
290 205 46 99 56
290 89 58 80 61
58 307 53 74 65
87 39 36 97 89
87 307 94 97 97
87 49 43 60 53
270 161 78 89 80
270 140 82 97 87
50 55 47 52 48
50 184 45 99 94
50 124 47 93 72
50 72 55 72 69
55 187 88 93 88
55 28 10 41 12
55 292 38 74 69
55 36 30 97 36
55 22 82 83 82
124 273 47 94 67
124 19 19 86 76
124 249 43 65 65
124 139 33 56 38
124 167 86 96 89
124 11 79 91 83
124 81 18 100 48
72 273 78 81 78
51 263 80 95 81
51 242 94 100 100
51 96 47 98 65
263 121 13 36 17
263 174 15 22 18
263 80 90 95 90
263 253 91 95 95
96 156 33 78 62
96 304 79 96 89
96 145 29 45 40
81 132 64 82 70
56 255 39 40 40
56 12 42 80 76
56 153 75 89 88
234 187 47 65 53
234 127 52 70 56
234 231 44 63 59
119 86 39 55 48
119 234 20 34 27
119 311 77 94 84
148 105 52 87 63
148 183 63 86 82
225 121 85 95 92
187 183 92 97 94
187 107 29 57 46
187 305 16 38 18
187 134 95 98 96
292 31 34 70 50
292 274 95 97 97
292 270 47 93 48
292 46 81 94 94
307 197 42 48 45
307 280 58 74 60
307 147 40 81 50
207 214 25 80 37
207 303 47 64 51
207 94 52 87 71
94 90 46 96 68
94 43 23 66 28
94 63 22 77 40
94 243 75 82 81
197 188 87 100 88
197 183 48 70 52
197 58 86 97 88
197 88 36 58 54
197 10 73 98 95
197 66 76 90 79
197 56 24 76 35
197 97 12 27 14
60 229 72 91 76
60 236 71 92 72
60 111 86 100 93
60 52 63 78 78
60 228 93 94 94
229 213 77 90 90
229 266 34 95 58
236 286 65 75 68
236 169 22 56 51
236 67 31 54 34
236 161 30 42 32
228 91 38 79 69
228 178 89 100 90
228 24 71 88 75
228 230 93 96 95
228 244 51 100 85
228 92 64 74 64
126 249 53 59 55
126 152 83 86 85
126 311 33 97 90
126 286 14 97 18
126 310 20 87 56
62 105 10 20 18
62 138 66 82 71
62 73 86 100 96
62 149 31 76 48
62 172 60 90 74
62 8 68 93 77
62 212 34 42 42
62 233 19 83 71
62 72 18 99 31
73 92 81 88 87
73 235 76 94 76
73 164 79 99 90
149 76 81 88 86
149 208 76 80 77
172 253 27 55 51
172 260 87 96 89
172 248 33 95 81
256 111 90 97 91
256 66 33 99 84
256 24 44 65 58
256 193 78 87 87
256 191 75 79 77
256 22 59 86 82
223 169 81 82 82
223 170 56 79 57
223 181 39 57 43
223 195 54 82 81
223 36 60 85 72
223 268 56 82 73
201 287 75 84 83
201 163 83 86 83
201 264 58 85 59
201 97 18 29 25
201 104 92 96 95
64 296 39 79 70
64 160 16 58 18
64 94 95 97 95
64 190 34 46 39
64 173 17 60 47
64 76 47 96 71
64 224 17 20 17
64 23 73 82 82
64 311 72 76 75
64 285 77 91 89
64 283 91 94 94
64 8 68 69 69
296 238 45 83 45
296 118 63 91 81
160 149 50 84 65
160 196 35 90 86
160 194 95 97 97
160 87 13 55 50
160 73 50 54 54
190 69 72 73 72
190 270 23 78 48
190 246 43 53 50
190 315 94 96 96
76 300 73 90 81
76 102 92 99 99
76 190 29 48 35
76 287 54 77 71
224 171 44 53 52
224 251 75 100 78
224 76 65 73 70
224 133 83 100 84
311 26 18 19 18
311 182 73 100 88
311 22 67 68 67
311 206 82 89 89
311 79 13 20 17
283 177 46 69 61
283 162 36 41 37
65 62 55 68 61
65 112 50 54 53
65 139 29 40 35
139 16 63 69 64
139 295 27 52 49
139 229 24 84 49
139 160 74 85 79
139 193 72 90 75
139 315 78 91 80
278 51 70 99 82
278 287 80 97 93
278 292 19 75 27
278 54 75 81 79
278 233 38 49 38
278 178 31 36 36
170 93 38 60 55
170 157 30 59 30
170 176 32 82 34
170 293 46 87 55
141 261 21 25 22
141 274 48 52 48
127 223 82 94 87
127 312 38 51 47
127 296 58 70 63
127 181 81 92 81
127 90 42 54 47
267 196 11 83 18
267 145 16 91 60
69 284 50 62 51
69 154 76 87 78
69 302 62 65 64
69 152 94 99 95
69 111 39 82 57
69 117 59 96 95
154 163 42 73 42
154 62 46 77 70
154 203 82 95 83
154 238 25 98 69
154 144 83 99 88
154 35 86 93 89
154 64 77 98 88
154 280 76 97 84
302 84 14 57 16
152 107 77 92 82
152 157 19 21 20
152 261 94 95 94
152 50 87 91 91
70 64 73 81 78
70 111 52 97 83
71 160 64 83 76
71 24 90 98 94
273 36 84 85 85
273 13 45 48 46
273 170 55 71 60
92 205 84 93 88
92 264 23 90 32
92 0 60 71 64
164 30 47 100 53
74 35 81 83 82
74 61 81 95 85
74 250 55 72 55
74 166 80 87 84
74 152 23 34 34
75 92 74 92 84
75 132 86 96 95
75 182 39 60 51
75 259 93 95 95
132 116 14 74 16
132 77 23 63 44
132 10 35 51 41
132 33 44 66 65
287 33 24 43 24
287 246 85 91 91
287 309 48 61 52
287 50 31 78 39
287 292 18 64 47
108 219 14 89 85
108 313 20 86 80
299 278 38 56 52
299 253 44 56 54
299 261 47 53 52
299 90 18 77 24
88 210 31 58 33
88 13 29 39 36
88 245 70 71 70
88 162 60 93 60
88 199 29 71 38
79 20 57 66 58
79 206 43 98 55
79 161 87 92 92
79 251 50 98 91
161 299 11 19 15
161 229 24 64 41
161 79 29 37 29
251 267 81 100 82
251 168 14 74 68
251 310 29 91 59
251 99 27 30 29
251 148 57 98 61
251 246 90 100 96
80 186 42 88 58
80 107 65 75 69
80 313 94 97 96
80 81 44 54 45
80 301 51 98 73
107 295 79 86 83
107 265 72 99 94
107 32 66 93 80
313 140 30 49 30
313 243 18 64 34
313 279 92 100 100
313 221 61 88 64
313 138 14 36 22
313 306 21 34 25
313 29 66 79 73
213 64 57 97 84
213 33 64 97 81
213 95 95 97 95
213 264 94 97 97
191 1 60 65 64
191 314 55 63 60
191 12 86 88 87
191 105 37 73 70
244 30 55 72 72
244 3 77 78 78
244 208 54 84 79
244 109 83 86 84
220 29 41 59 46
220 173 15 51 44
220 9 67 81 68
220 21 24 61 56
220 257 49 92 72
220 271 56 89 60
220 194 21 72 57
220 98 64 70 65
83 31 29 42 32
84 313 50 72 59
84 221 40 53 52
84 180 57 87 68
84 146 72 97 83
84 266 67 71 69
84 108 24 65 47
84 152 42 55 54
221 155 32 49 45
221 242 36 57 43
180 72 38 89 38
180 98 93 96 94
180 78 91 93 91
180 232 65 82 79
180 219 11 88 18
180 131 40 44 41
180 14 23 36 36
85 226 69 79 75
85 2 53 69 65
85 132 58 99 79
85 57 38 39 38
230 192 73 80 77
230 122 53 61 61
230 31 87 93 92
210 124 44 64 51
210 11 94 97 97
210 191 23 79 49
210 184 11 34 11
162 211 16 22 16
162 111 44 54 48
162 131 25 37 32
162 273 72 90 83
199 27 84 95 88
199 136 63 64 64
199 131 85 94 93
188 238 25 35 28
90 295 41 51 47
90 308 36 79 47
90 294 55 96 64
308 294 15 59 54
308 126 25 41 41
308 38 82 99 83
308 180 60 89 67
308 111 63 65 63
308 158 41 64 48
308 47 39 63 48
308 39 50 82 66
232 65 15 87 79
243 109 74 84 77
243 108 67 71 69
243 40 30 60 60
205 204 82 84 84
93 79 48 60 60
93 66 69 85 80
93 252 52 54 52
93 223 38 77 66
93 198 56 88 60
93 280 32 50 35
93 69 46 80 60
93 13 14 32 28
93 74 18 58 34
280 293 80 100 95
280 127 48 72 50
280 230 54 64 61
280 219 23 69 34
280 171 13 41 36
280 279 83 97 90
280 47 86 100 94
280 308 69 86 77
280 201 80 87 82
280 152 22 88 66
95 282 14 62 16
95 243 90 98 97
95 297 90 96 93
95 38 56 92 86
297 54 22 59 22
297 232 56 83 82
297 272 62 82 73
297 1 54 98 81
297 308 75 93 79
297 276 42 88 78
156 216 90 91 91
156 240 74 82 77
156 181 69 87 81
304 109 30 75 59
304 24 18 45 29
304 62 68 76 74
304 206 89 96 92
99 86 40 42 40
99 236 25 62 44
100 267 78 88 88
100 182 66 82 77
100 143 84 87 87
100 262 73 97 78
143 305 25 52 34
143 182 86 89 88
143 185 80 100 84
291 169 50 52 50
291 306 60 94 90
291 246 94 96 96
291 183 17 84 83
103 286 34 47 36
103 100 24 71 66
103 65 18 26 25
104 162 30 84 30
104 161 71 87 86
104 180 23 48 38
104 125 81 92 90
104 172 11 22 22
227 69 60 75 75
227 72 87 98 90
167 206 54 79 74
167 295 72 85 77
167 95 89 94 91
167 147 60 99 94
167 30 84 86 86
167 64 72 95 90
167 121 41 91 82
167 68 86 93 89
167 1 80 83 81
114 164 53 61 54
114 181 81 87 87
114 195 25 97 33
114 27 32 50 38
195 184 27 88 40
195 274 55 90 55
195 108 25 47 26
195 153 46 75 72
115 52 82 92 84
115 245 67 89 67
115 100 32 39 33
189 43 93 97 93
189 315 68 73 68
189 310 32 94 79
189 110 77 93 84
189 81 31 35 35
189 112 16 94 34
189 175 17 72 56
121 287 43 96 79
122 131 94 96 94
122 77 35 97 64
135 213 24 91 76
135 312 27 85 81
135 88 72 98 81
135 282 27 28 27
135 128 32 74 57
249 178 68 70 70
249 264 20 70 46
249 123 84 99 93
130 61 74 75 74
130 45 43 78 64
130 240 37 85 52
130 305 19 99 56
240 92 35 59 56
240 295 50 74 67
240 13 47 62 58
305 230 36 93 59
305 12 33 98 84
305 62 92 96 92
281 26 64 80 69
281 254 56 61 61
281 9 16 39 21
281 267 52 97 52
134 236 57 95 63
134 74 41 71 46
134 56 25 98 30
134 78 66 88 84
137 134 54 79 76
137 243 19 94 77
137 28 64 69 64
248 127 86 87 87
248 62 80 90 81
248 108 18 50 49
248 304 57 60 60
315 94 50 81 54
315 168 52 79 76
315 80 62 97 68
315 278 62 75 68
274 192 48 87 68
274 61 75 86 86
274 286 49 66 49
185 211 15 81 52
185 139 36 99 36
144 43 10 32 29
144 133 64 92 86
144 168 32 54 45
144 185 69 85 75
144 261 23 100 84
316 134 60 100 85
316 9 25 61 55
183 266 31 47 37
183 69 91 95 95
183 289 33 91 83
183 66 76 97 91
183 25 84 94 90
150 147 50 73 57
150 111 67 87 77
216 147 14 39 31
216 33 30 86 43
216 265 25 30 30
216 105 81 99 83
216 175 55 92 86
216 297 80 89 83
159 236 31 39 38
159 80 45 67 48
159 200 11 93 60
196 221 48 50 49
196 178 32 62 33
196 64 73 95 77
194 40 65 85 65
194 285 67 92 88
165 171 51 91 78
165 69 28 93 46
165 25 35 36 36
165 131 85 99 89
169 279 70 81 75
169 112 75 76 76
169 53 30 91 82
169 137 35 50 43
253 52 55 97 87
253 147 53 66 64
253 249 75 92 88
253 277 77 83 78
253 177 37 45 41
260 248 69 93 88
269 276 50 71 56
269 14 77 97 97
269 236 19 43 40
269 102 12 42 37
269 175 58 73 68
177 78 74 96 90
177 128 17 83 56
177 210 79 90 88
289 164 29 75 36
289 16 94 96 96
289 26 68 71 69
202 302 87 88 87
202 266 86 99 86
202 237 13 39 39
204 160 32 94 50
204 193 43 58 58
204 74 17 71 23
204 46 33 73 49
204 112 44 52 45
204 231 90 98 97
231 87 72 76 74
214 170 67 80 73
303 111 86 95 88
303 90 59 61 60
303 17 19 91 69
217 95 47 69 66
217 58 19 72 50
217 11 77 94 90
217 219 86 99 92
217 16 28 62 35
257 3 27 55 38
257 49 44 54 53
271 12 66 94 88
271 152 54 66 60
271 245 85 98 85
271 213 27 90 54
222 84 57 63 58
222 262 39 95 90
222 31 62 98 68
222 290 76 83 79
222 308 29 92 56
222 130 75 84 83
268 191 36 58 54
268 67 47 61 61
268 186 23 83 76
241 132 81 93 88
241 180 34 57 44
241 156 68 85 78
241 218 82 87 83
241 306 55 96 63
277 257 11 71 62
277 40 85 89 86
254 269 74 98 82
254 78 67 94 78
254 170 46 78 68
254 77 76 84 83
254 304 94 96 95
254 72 79 82 81
254 167 16 52 31
254 151 65 70 69
254 169 92 97 96
258 292 16 98 52
258 296 25 69 67
258 104 56 78 77
275 287 54 57 55
309 148 68 81 81
309 3 37 52 51
0 316
