182 517
0 24 69 80 75
0 69 10 27 14
0 170 61 89 71
0 100 75 93 84
0 6 24 79 74
24 177 35 82 81
24 91 49 73 55
69 165 36 93 57
69 17 37 76 45
170 144 36 64 62
170 9 68 94 76
170 128 51 97 97
100 6 95 97 96
100 50 75 95 76
6 67 52 93 76
6 159 16 67 26
6 76 41 100 61
1 60 51 96 88
60 108 63 85 79
60 75 35 48 36
2 18 72 76 73
2 132 83 90 83
18 53 70 89 74
132 160 20 77 37
132 166 25 44 27
3 117 58 99 78
3 21 56 88 85
117 86 95 96 96
117 25 92 98 96
117 46 72 78 78
117 179 93 99 99
21 111 58 61 58
21 61 78 91 78
4 164 83 100 87
4 110 13 97 60
4 60 94 99 98
164 40 50 69 54
110 174 30 74 66
110 122 81 86 81
110 84 40 62 59
5 152 74 82 81
5 44 65 75 72
5 167 49 50 49
152 141 18 92 49
152 125 53 82 66
152 37 25 71 48
152 73 49 86 79
167 86 20 98 26
167 7 19 46 36
167 142 40 56 47
167 141 43 69 43
67 124 91 99 95
67 9 55 74 71
159 87 76 79 76
159 14 60 89 68
76 159 46 54 46
7 122 26 98 68
7 3 89 97 90
122 11 42 58 53
122 71 56 82 79
8 55 26 87 57
8 147 16 76 42
8 22 59 66 59
55 116 58 90 76
147 102 13 74 29
147 2 72 85 83
147 63 64 78 74
9 119 74 75 74
119 171 58 87 60
119 7 94 100 99
119 143 30 75 45
10 91 12 29 25
10 143 46 61 55
91 56 68 100 97
91 77 78 98 80
91 44 73 85 74
143 67 95 99 98
143 86 46 81 46
11 140 64 75 65
11 129 66 96 77
11 62 79 89 85
140 84 54 56 55
140 145 20 31 31
140 89 37 49 45
129 52 94 99 97
129 89 83 96 88
129 92 43 49 49
129 71 57 94 89
62 181 38 81 43
62 135 73 97 94
62 94 19 75 33
12 105 90 99 98
12 102 38 42 41
105 24 45 60 53
105 133 41 92 49
105 33 19 59 36
105 127 57 67 66
105 161 15 38 30
105 89 46 59 55
102 178 27 56 35
102 58 24 34 29
13 129 73 80 73
13 112 85 95 93
13 56 50 63 57
13 59 10 46 44
13 46 14 22 20
13 69 28 58 46
112 136 25 72 50
112 70 26 27 27
56 103 39 97 53
56 109 53 87 69
56 164 91 95 95
56 68 43 85 49
59 168 33 57 48
59 169 45 57 52
46 18 57 75 69
14 147 86 95 92
14 117 85 88 87
15 110 82 88 83
15 173 50 82 81
15 139 26 33 31
15 137 69 76 74
173 42 62 88 81
173 70 32 86 63
173 127 53 57 56
139 145 16 99 30
139 115 45 66 51
139 2 27 100 75
139 10 17 89 34
139 29 14 65 49
137 12 75 99 85
137 84 19 21 20
137 7 39 61 57
16 49 49 100 95
16 3 49 83 57
16 122 59 96 69
16 138 16 32 32
49 178 39 93 39
49 116 90 92 92
49 8 57 81 76
49 71 68 92 68
138 117 70 95 80
138 102 60 61 61
17 13 48 59 59
17 147 92 96 93
17 69 57 88 72
17 6 94 95 94
17 3 17 71 17
53 22 28 94 48
53 10 52 98 71
53 117 52 70 69
20 55 63 88 88
20 100 45 47 47
20 52 23 56 49
52 78 85 97 88
52 48 82 98 97
52 104 89 97 93
52 3 56 99 95
111 102 48 74 55
61 54 78 90 86
23 78 91 95 93
23 41 87 98 95
78 82 87 88 88
78 36 67 87 81
78 11 94 96 95
41 131 81 95 81
41 21 32 89 59
41 87 19 75 30
41 82 26 74 62
41 137 38 49 42
41 57 37 99 96
41 132 67 84 83
41 156 29 77 51
177 174 54 74 73
177 64 60 91 61
177 139 52 61 59
25 82 40 90 79
82 62 43 70 45
82 8 22 85 69
82 98 18 77 35
82 120 47 90 47
82 70 48 83 52
26 73 34 61 55
73 0 47 84 72
73 22 45 95 86
27 141 40 62 55
141 34 55 76 57
141 70 74 83 80
141 146 12 42 41
141 14 55 63 61
141 177 54 71 56
28 124 22 52 50
28 144 88 98 94
28 117 90 95 93
28 85 45 73 67
28 169 87 99 88
28 69 69 86 79
28 141 27 66 33
28 105 84 98 90
124 11 71 81 71
144 125 23 39 26
144 14 27 88 54
144 89 93 96 93
85 77 25 97 67
85 37 40 51 47
169 17 61 62 61
29 181 29 86 33
29 118 69 79 75
29 19 53 97 77
29 108 89 96 89
181 147 36 53 37
181 78 57 88 82
181 176 42 43 43
118 95 50 94 75
118 50 24 25 24
118 70 22 85 34
30 160 79 88 82
160 145 78 79 78
160 166 62 68 67
31 71 39 92 90
31 132 69 76 69
31 57 18 38 35
71 5 88 91 89
57 34 51 74 55
57 68 48 94 72
57 166 54 81 56
57 156 33 73 45
32 147 15 83 65
32 63 82 98 86
32 135 59 72 69
32 5 94 95 95
63 95 83 100 100
63 134 79 95 80
63 80 32 39 37
63 132 14 73 62
63 54 92 97 93
63 0 39 91 43
63 96 27 91 42
135 85 10 81 20
135 140 67 87 74
135 78 31 57 45
33 13 67 83 78
33 151 10 62 22
33 127 41 53 50
33 80 27 70 64
151 155 77 84 80
151 130 12 74 24
151 31 89 98 97
151 145 22 90 24
127 31 51 92 82
127 140 13 67 43
127 11 42 62 52
127 25 14 60 14
80 43 55 85 74
80 164 51 61 56
80 126 10 38 23
80 3 88 92 88
80 60 39 68 65
34 78 61 92 62
34 49 72 73 73
34 87 19 43 39
34 122 39 59 51
87 24 76 92 85
87 160 36 52 52
87 2 16 23 21
87 136 14 29 26
36 92 42 86 81
36 51 47 97 66
36 117 78 90 80
92 43 58 70 62
92 6 18 74 64
51 107 13 42 19
51 22 53 96 59
51 19 23 72 27
51 69 44 80 47
51 80 53 95 71
51 117 83 99 88
37 100 48 89 54
37 23 46 94 65
37 127 21 89 68
37 49 58 81 61
37 138 61 73 67
38 102 10 53 18
38 55 72 81 80
38 181 17 32 29
38 23 89 95 89
39 117 54 80 60
40 131 94 98 94
40 80 41 56 46
131 169 67 100 73
131 37 56 83 62
131 82 29 49 37
131 29 55 72 62
156 166 57 61 57
156 109 83 86 85
156 137 57 91 86
42 178 40 45 44
178 85 72 96 88
43 180 94 96 96
43 159 18 41 31
180 114 49 56 52
180 134 77 85 80
180 48 58 72 62
180 88 11 91 53
45 81 43 57 52
45 106 88 91 91
45 138 55 91 79
81 148 26 53 30
81 178 82 95 90
81 144 88 95 90
81 69 50 60 53
81 35 65 90 79
81 64 28 33 28
106 32 25 83 32
106 68 34 79 38
106 3 94 99 96
47 171 42 72 51
171 40 86 87 86
171 21 21 43 37
48 45 84 89 88
116 87 21 67 37
116 20 48 70 58
116 127 21 85 25
116 21 48 96 78
116 91 24 69 63
50 142 39 42 42
50 37 14 66 53
142 108 41 57 52
142 34 20 29 22
142 39 52 66 56
107 6 23 90 61
107 58 89 98 98
107 44 47 91 60
107 91 89 98 98
107 57 23 81 23
104 120 94 99 95
104 50 45 49 48
104 94 39 56 43
104 8 73 100 81
104 113 74 90 84
54 121 46 74 58
54 82 15 20 15
54 42 25 79 46
54 0 48 53 53
54 8 94 97 94
121 7 26 36 27
121 47 92 94 92
121 57 73 75 75
109 15 89 92 90
109 80 65 82 70
109 113 79 81 81
68 142 39 81 55
68 43 74 93 79
166 50 36 80 66
166 109 94 98 96
166 130 60 71 65
166 25 58 60 59
58 31 37 86 52
58 27 31 37 34
168 19 51 75 51
168 14 20 85 25
168 59 88 93 91
75 118 95 100 96
75 140 11 87 66
75 134 86 90 89
94 108 86 96 90
94 71 47 65 61
94 57 76 78 76
94 10 16 94 30
94 181 78 100 99
95 40 48 57 50
95 160 42 46 43
95 154 74 78 76
134 21 75 89 89
134 161 61 91 78
134 92 77 96 78
96 55 56 87 79
64 100 30 48 37
65 173 92 98 92
66 0 16 31 18
66 29 21 91 76
66 3 60 98 71
165 137 79 94 91
70 104 46 97 51
70 52 24 43 41
70 90 15 70 66
70 9 54 100 96
90 93 20 39 25
90 167 66 82 78
72 160 32 69 33
72 37 87 90 89
74 172 19 47 41
74 118 24 64 29
74 147 72 74 73
74 24 39 62 58
74 148 89 91 89
172 117 93 95 94
172 64 48 86 70
148 39 47 81 53
148 106 49 58 58
148 76 72 82 81
77 120 18 52 34
77 108 77 91 91
77 129 38 86 51
77 124 88 96 95
120 25 19 44 34
79 81 48 54 53
79 9 66 83 77
79 112 58 75 58
79 103 48 57 54
126 32 74 92 84
126 130 18 38 36
126 147 19 40 35
126 175 70 95 76
126 77 32 77 59
126 164 37 80 52
98 176 36 96 91
98 67 28 80 72
98 63 47 57 56
98 4 52 78 60
98 40 80 93 83
83 101 71 93 81
83 24 53 56 54
101 2 34 83 47
101 136 86 98 87
101 45 22 57 44
84 105 60 90 81
84 170 92 94 93
84 109 78 85 82
86 178 63 93 72
86 167 81 84 82
86 41 32 82 59
136 90 55 72 65
136 94 66 83 74
88 76 47 91 67
89 75 91 92 91
89 106 51 97 84
89 92 84 86 86
89 176 90 94 90
176 113 46 61 47
176 109 84 85 84
176 145 36 44 41
176 3 88 100 96
93 113 19 82 62
113 131 16 78 64
113 130 37 94 56
154 58 89 92 91
154 65 72 96 94
154 84 62 64 63
97 88 37 86 58
97 69 66 92 83
97 13 78 79 79
99 72 76 96 93
133 122 93 94 93
133 39 45 79 47
133 158 94 100 100
133 131 16 34 28
133 141 65 74 74
161 57 20 30 29
161 89 92 95 94
161 84 56 77 62
161 136 24 45 43
161 48 46 100 67
174 75 80 86 82
174 48 66 85 69
174 43 80 87 83
174 161 22 71 34
174 38 56 85 82
174 37 49 68 64
174 51 15 55 51
174 125 47 86 73
130 91 81 98 96
114 100 22 26 23
114 31 50 86 56
115 87 74 88 84
115 144 19 24 19
179 148 56 75 59
179 48 39 72 63
179 36 43 92 62
125 12 71 85 77
175 90 36 87 65
175 172 47 87 52
175 180 55 91 81
128 136 63 79 69
128 123 41 46 45
128 77 71 87 87
158 84 66 77 76
145 153 90 97 92
145 128 77 96 80
145 99 23 89 26
145 38 24 55 51
146 175 36 69 40
146 61 39 40 40
146 155 69 89 80
146 124 43 86 85
146 83 87 90 87
153 54 93 99 98
153 156 78 80 78
153 147 78 94 92
155 15 37 51 41
155 20 15 67 40
149 47 66 79 66
149 125 60 63 60
149 53 56 98 61
150 41 71 99 71
150 118 62 77 67
150 173 80 97 96
157 161 12 87 87
157 28 49 82 55
157 84 58 79 58
157 22 55 76 73
162 84 86 89 89
162 41 40 94 54
162 13 20 88 26
163 71 38 75 60
163 67 34 38 35
163 174 81 97 96
0 181
