98 361
0 44 54 95 87
0 81 23 88 69
0 24 69 84 83
0 73 50 95 87
44 88 26 72 39
44 87 80 86 85
44 82 63 74 73
81 83 31 91 82
81 12 17 37 23
81 92 86 93 92
81 84 93 95 94
81 30 93 100 98
24 55 63 65 63
24 66 19 40 37
24 64 46 88 58
24 95 69 86 78
24 59 81 93 89
73 83 88 89 88
73 34 82 91 86
73 47 23 50 36
73 60 83 91 83
1 16 23 72 71
1 70 91 98 94
1 66 57 69 58
1 37 72 73 72
1 84 88 100 91
1 65 92 99 96
1 35 29 86 47
16 40 87 91 90
16 90 28 37 30
16 38 77 97 79
70 61 18 87 27
66 83 35 74 46
66 31 93 94 93
66 26 87 98 92
66 34 10 47 34
37 58 86 91 89
37 17 27 93 91
37 45 29 49 39
37 56 94 95 94
84 67 65 95 80
84 93 42 100 80
84 94 55 72 60
84 36 41 61 45
65 25 66 89 89
65 13 20 22 22
65 58 10 71 52
65 67 29 60 40
65 8 73 76 75
35 27 28 91 61
2 69 77 89 79
2 46 32 74 60
69 54 62 87 86
69 45 27 77 65
69 78 55 86 67
46 18 48 83 75
46 23 69 80 76
46 34 15 18 15
46 65 43 92 67
3 59 30 76 75
3 6 31 99 49
3 89 80 84 83
3 15 49 92 80
59 52 49 62 53
59 97 26 39 37
59 76 67 85 74
59 45 40 46 45
6 0 59 61 61
6 91 27 65 37
6 61 49 70 52
6 11 11 29 29
89 18 39 67 56
89 45 93 97 95
89 65 67 92 92
89 90 67 82 72
15 53 90 100 91
15 65 88 98 97
15 83 14 42 17
4 60 21 82 34
60 49 57 86 78
60 55 72 93 82
60 35 41 42 41
60 3 51 63 55
60 79 29 47 42
5 40 34 85 35
5 66 25 50 32
5 87 85 98 92
5 42 41 89 59
40 28 93 95 94
40 3 33 62 46
87 81 84 91 88
87 73 86 95 86
87 40 57 92 78
87 77 65 97 90
87 6 61 75 70
42 17 40 67 60
91 2 19 34 29
91 79 82 91 88
61 8 73 75 73
61 13 54 56 55
61 97 62 82 63
11 46 89 92 92
11 36 66 94 83
11 8 62 66 65
11 29 20 99 58
11 27 30 64 35
7 26 75 98 86
7 19 58 62 60
7 20 82 94 91
26 40 50 79 59
26 37 18 31 31
26 63 59 93 91
19 22 23 62 52
20 55 51 74 73
20 5 74 91 84
20 9 50 88 67
20 87 91 98 97
20 67 17 20 17
20 94 32 59 34
20 28 12 23 16
8 12 45 74 70
8 63 29 77 67
8 53 55 77 74
8 46 76 78 77
12 8 69 95 95
12 72 29 90 73
12 93 49 75 70
12 50 86 91 88
12 97 42 100 73
12 10 84 86 85
12 70 21 27 26
63 50 42 51 43
63 79 34 73 73
63 95 91 94 93
63 88 37 72 57
63 12 55 87 66
63 48 36 42 38
53 19 38 39 38
53 55 58 88 81
9 91 60 99 80
9 82 83 99 94
9 36 28 45 29
82 36 51 61 56
82 70 66 69 68
82 35 73 74 74
82 88 17 81 53
36 56 53 91 53
36 87 39 42 41
10 18 72 93 77
10 56 54 62 54
18 26 66 74 68
18 40 92 93 92
18 7 76 98 91
18 54 44 55 54
18 64 92 95 94
18 5 68 84 80
56 76 34 92 56
56 96 25 67 62
56 41 80 86 84
56 51 86 99 92
29 90 11 19 12
29 40 84 95 85
27 17 86 92 89
27 82 31 99 59
72 52 11 35 24
93 48 72 78 74
93 38 38 52 49
50 93 54 89 76
50 23 52 57 53
97 95 79 81 80
13 17 40 42 41
13 80 95 97 96
13 88 39 74 66
17 76 30 60 60
17 24 27 31 30
17 91 24 81 44
17 79 93 96 94
80 57 20 96 45
80 90 61 86 83
80 52 51 88 58
88 65 53 57 57
88 25 38 87 78
88 85 54 87 62
88 68 11 96 63
14 70 78 83 81
14 49 30 80 66
49 70 57 95 59
49 85 11 37 22
49 50 20 64 60
49 47 27 41 37
49 7 38 74 47
49 86 87 98 93
83 65 35 78 78
83 21 34 55 45
83 26 25 38 33
83 16 51 62 57
83 75 40 54 49
83 97 62 66 65
90 47 29 57 52
90 82 30 99 65
90 5 84 94 93
90 73 77 80 78
38 73 12 31 30
38 8 30 87 49
38 15 59 87 65
38 19 11 14 13
38 88 86 93 90
76 47 23 91 81
76 18 90 98 93
76 62 48 96 59
76 23 14 88 75
76 5 80 100 93
79 50 33 78 64
79 72 78 99 82
79 10 16 58 46
79 82 87 93 87
79 6 93 96 95
79 78 74 89 87
79 39 85 100 91
54 23 90 95 92
54 52 29 42 35
54 59 16 98 31
64 56 21 49 34
22 55 58 71 62
22 91 76 78 77
22 68 37 89 39
22 56 10 79 13
22 57 86 96 91
55 40 66 72 71
55 14 56 90 88
55 97 44 76 62
55 7 77 94 81
55 76 43 85 79
55 45 42 51 50
67 17 57 93 83
67 19 55 67 65
67 32 65 91 83
67 3 29 62 50
67 93 43 89 47
67 38 88 93 90
94 56 31 40 34
94 28 75 86 82
94 63 71 79 77
94 35 57 84 61
28 2 60 61 60
21 53 19 73 73
21 81 50 73 51
21 33 91 94 93
21 54 71 86 80
21 76 29 69 60
33 57 34 45 35
33 71 94 99 98
68 46 39 58 44
68 93 41 86 75
68 84 59 98 69
57 20 37 69 45
57 33 56 87 63
57 60 33 54 44
57 38 20 74 54
23 6 35 87 42
23 70 44 71 58
95 22 82 87 85
95 8 26 79 44
95 17 19 29 26
95 39 50 62 62
25 63 29 57 38
25 73 62 70 62
25 51 32 74 66
25 14 84 100 100
25 62 82 90 90
25 8 69 78 76
25 92 59 88 69
25 1 28 70 31
51 65 55 98 67
51 42 26 57 26
51 73 21 61 45
51 90 28 71 64
62 0 83 99 84
62 35 62 94 62
92 68 70 77 73
92 3 20 95 59
92 2 37 69 47
92 62 13 40 33
92 97 69 77 70
92 8 48 100 95
92 33 95 96 95
92 55 53 71 70
92 96 87 93 88
30 96 22 56 30
30 35 35 90 79
30 78 76 84 82
30 52 39 41 39
96 22 47 83 81
96 37 21 26 23
78 63 58 67 63
78 24 48 64 63
78 2 58 95 94
78 16 43 50 48
78 10 86 90 86
52 61 36 98 39
52 4 28 67 52
52 81 63 79 68
52 46 95 100 96
31 49 22 37 23
31 60 45 49 48
31 43 74 87 84
31 35 71 74 71
31 2 26 82 54
43 35 33 88 74
43 14 77 93 82
43 31 94 98 97
32 33 81 90 83
32 47 60 75 75
32 53 58 94 71
47 67 45 69 65
71 88 79 99 97
71 80 56 78 69
71 6 72 79 76
71 78 51 89 68
71 97 25 59 26
34 41 27 100 64
34 79 56 100 59
34 3 49 97 66
34 52 74 80 79
41 8 10 21 17
41 45 18 30 18
41 95 58 59 58
41 51 78 86 83
41 82 46 96 82
41 92 32 75 53
58 30 24 77 27
58 60 78 81 79
58 76 53 71 55
58 12 70 90 89
45 53 14 28 28
45 38 92 95 92
45 2 27 37 28
39 14 54 74 74
39 51 17 56 19
39 91 27 53 28
39 68 67 74 73
39 37 39 68 68
48 97 53 96 56
48 84 17 78 67
48 93 17 84 38
48 7 37 70 37
74 62 14 60 26
74 88 86 90 88
75 40 27 100 33
75 63 42 77 65
75 79 75 79 78
75 44 15 47 37
75 1 27 34 34
75 82 89 94 94
75 36 15 49 16
75 56 30 98 76
77 80 64 74 66
77 55 20 42 28
77 31 36 74 41
77 24 92 94 92
77 85 26 50 28
0 97
