58 166
0 22 13 64 18
0 55 16 65 47
0 7 61 99 64
0 8 57 94 82
0 29 78 81 80
22 51 43 46 45
22 35 21 88 40
22 23 28 97 93
22 29 87 94 92
22 43 91 99 92
22 48 80 93 80
22 55 18 74 63
22 21 32 45 45
22 17 45 57 50
55 3 95 97 95
7 49 76 85 76
7 27 54 85 75
7 31 54 59 57
8 47 88 93 93
8 14 25 90 32
8 45 90 95 93
1 23 15 50 23
1 21 73 77 73
1 55 24 72 29
23 52 37 78 55
23 12 82 100 89
21 44 24 97 72
21 25 21 63 53
21 9 34 91 75
2 36 94 97 95
2 15 50 82 58
2 3 31 89 54
36 34 23 41 34
36 3 74 75 74
36 29 47 96 49
36 45 10 45 13
15 49 26 45 32
15 50 26 98 67
15 39 51 52 51
15 28 26 77 49
15 22 82 96 96
3 41 65 99 87
3 47 37 61 44
3 15 36 85 44
3 38 25 65 40
41 18 48 94 54
41 2 51 99 68
41 16 22 61 59
41 25 74 85 83
47 43 32 46 44
47 36 79 91 88
47 5 12 99 26
47 29 27 37 27
47 57 58 90 60
38 33 22 23 23
38 7 11 95 66
4 53 85 92 87
4 16 85 100 89
53 34 65 73 66
53 23 20 50 28
5 18 72 86 77
5 21 75 89 80
5 27 54 93 73
5 8 37 44 38
18 43 25 35 25
18 42 22 81 38
18 26 35 62 50
18 23 95 97 97
18 49 79 86 80
27 45 34 89 68
27 28 65 95 88
6 34 20 83 54
6 53 85 99 97
6 57 37 68 53
34 1 65 98 76
57 40 62 63 62
49 29 65 93 83
49 5 21 98 36
31 29 22 99 25
14 20 62 86 80
14 38 13 83 68
14 29 66 94 74
45 34 72 87 84
45 8 67 86 71
45 16 17 38 22
45 1 44 56 46
9 52 71 93 89
9 18 37 87 54
9 10 64 79 75
52 0 46 87 60
52 56 17 70 50
52 29 13 60 14
10 19 23 28 24
10 42 93 95 93
10 57 29 70 39
10 33 30 72 67
19 32 88 97 89
19 15 13 61 32
33 41 31 32 31
33 46 88 98 92
33 36 74 89 88
11 57 50 100 97
11 52 18 92 26
11 38 23 73 45
12 17 18 61 39
12 42 81 95 87
17 32 92 98 95
17 53 20 82 35
17 2 31 33 32
17 15 55 78 75
13 33 78 96 87
13 24 37 60 49
13 10 83 85 84
24 11 31 38 31
24 56 67 84 71
24 22 37 63 55
20 38 63 83 78
20 42 27 73 64
20 35 38 100 97
50 7 52 59 58
50 47 24 65 54
50 22 33 52 47
50 38 53 92 75
39 1 17 18 17
39 54 65 74 72
39 28 35 100 42
28 3 38 52 50
28 5 38 75 42
28 35 86 96 90
32 27 28 29 28
32 49 10 55 41
43 15 49 93 84
43 35 24 83 80
43 2 95 97 97
26 55 54 72 55
26 50 55 93 79
26 31 37 50 50
26 24 58 92 79
26 34 28 31 31
26 14 37 54 47
35 27 63 69 69
35 2 49 57 49
35 6 86 91 86
44 9 90 98 98
44 12 58 91 76
44 17 90 98 95
25 37 33 38 38
25 45 39 90 66
51 57 85 99 86
51 8 77 84 83
51 50 22 63 36
51 48 82 93 92
48 55 36 81 51
48 16 57 87 67
56 55 12 25 24
30 25 18 38 26
30 39 50 85 69
30 18 58 77 62
30 10 46 51 51
46 31 64 88 68
46 47 41 50 45
46 38 91 99 99
54 47 68 83 75
54 14 18 48 37
54 13 62 64 64
40 28 65 81 75
0 57
