854 1630
0 567 60 99 95
0 335 21 44 41
0 171 63 71 71
567 23 46 50 48
567 96 37 43 37
567 385 68 69 68
567 613 19 40 36
335 716 69 83 72
171 592 59 92 70
1 534 31 95 83
534 14 41 73 53
2 340 21 27 25
2 231 33 54 51
2 517 88 96 96
340 304 37 57 57
231 598 75 85 80
517 469 36 55 54
517 25 41 65 60
517 621 87 88 87
517 29 20 71 24
3 529 42 81 81
3 168 53 74 69
168 246 39 51 49
168 151 73 84 78
168 29 74 94 88
4 86 40 94 44
4 308 20 72 59
4 592 58 82 80
4 178 33 79 36
86 279 44 63 62
592 681 59 90 87
592 807 50 90 59
178 330 23 65 23
5 316 10 98 16
5 589 42 56 47
5 144 44 96 50
5 519 25 41 30
5 388 78 94 80
589 406 28 95 79
589 80 75 89 76
144 118 40 50 42
144 185 18 67 36
519 153 88 90 88
519 611 21 68 37
519 566 90 94 90
388 556 59 90 59
388 17 84 98 85
388 497 50 59 51
388 746 11 13 13
6 646 49 85 62
6 411 91 94 94
411 276 84 89 84
8 459 89 95 92
8 119 25 94 55
8 713 42 72 72
459 473 23 60 54
119 654 73 81 73
119 645 94 98 98
119 266 12 74 36
713 518 75 78 77
713 272 11 28 22
9 217 56 81 80
217 768 27 48 45
217 467 61 62 62
217 430 61 87 87
217 445 77 82 77
10 582 23 100 62
582 429 88 89 88
582 362 85 87 86
582 553 70 83 72
582 774 87 96 94
582 343 85 96 93
12 219 21 22 21
219 661 90 93 92
219 584 43 82 78
219 404 17 25 22
13 86 90 97 90
13 842 26 55 45
13 454 90 99 96
13 68 41 59 50
13 642 54 88 74
842 831 84 90 85
842 698 94 100 95
454 229 35 74 72
68 144 20 99 62
68 569 32 53 37
642 771 47 98 96
15 673 34 96 64
15 173 11 19 18
15 279 37 42 40
15 712 13 90 44
673 484 70 75 72
173 485 95 98 96
173 731 80 88 81
173 185 68 91 85
279 473 10 11 11
712 38 66 67 66
712 125 86 90 86
712 102 64 82 78
16 164 62 92 87
16 817 76 97 76
16 672 19 49 30
16 675 58 92 85
164 32 86 100 100
164 681 27 61 45
675 498 15 80 22
19 246 14 70 51
246 712 15 61 23
246 287 66 96 96
21 353 79 95 84
21 231 76 93 82
21 437 11 64 17
21 616 73 92 88
353 811 75 80 77
437 553 88 96 91
437 369 20 37 37
437 724 35 53 41
616 679 57 94 83
22 250 43 58 43
22 704 94 96 96
22 416 36 46 40
22 372 51 53 51
250 609 73 93 80
250 212 30 37 31
704 296 50 83 50
704 797 88 97 89
704 720 20 70 41
416 117 83 100 91
372 184 15 98 71
372 320 49 74 56
23 757 30 34 33
23 549 83 87 83
23 586 82 100 96
757 593 48 91 85
757 164 73 91 77
757 155 62 88 67
757 779 38 43 42
757 625 38 77 47
549 539 40 81 69
549 641 95 98 95
549 442 62 80 66
549 418 36 63 56
586 728 36 39 38
24 807 53 85 85
24 17 53 89 58
24 301 24 54 39
807 761 22 80 53
807 106 35 94 44
807 533 82 87 86
807 726 39 55 43
301 686 95 100 95
25 568 69 96 84
25 198 46 75 75
25 237 65 81 70
25 830 31 45 38
568 769 12 27 23
568 514 78 92 83
568 388 15 18 17
198 227 33 99 55
198 665 78 99 87
198 542 54 85 72
198 317 87 91 91
237 592 91 92 92
830 432 17 70 28
830 526 29 78 30
26 402 40 44 42
26 519 52 78 70
26 822 80 85 84
26 342 28 33 33
402 17 14 93 47
822 322 29 57 48
822 650 36 44 44
822 341 68 74 70
822 626 85 93 86
342 635 41 52 50
27 164 23 86 77
27 135 65 91 65
27 141 59 78 75
27 603 38 42 39
135 801 60 99 95
135 319 56 66 59
135 617 66 92 89
135 829 43 47 46
141 52 89 97 89
141 503 86 87 87
603 231 15 57 41
28 42 74 90 84
28 414 82 91 86
42 4 40 96 55
414 214 94 100 98
414 652 12 50 40
29 531 11 83 33
29 720 86 87 87
531 65 32 67 58
531 559 26 57 41
531 471 33 46 35
720 249 23 48 25
30 460 31 100 40
30 635 92 94 93
30 570 25 35 30
460 738 44 53 52
460 686 59 67 59
635 338 62 84 72
635 839 84 86 85
635 90 69 89 72
570 728 18 51 32
570 802 15 73 51
31 17 57 68 65
31 823 20 27 20
31 533 24 68 66
823 45 10 77 35
823 122 55 98 60
33 760 55 66 60
760 361 20 46 45
760 606 72 90 74
760 699 74 96 77
34 833 69 81 70
833 726 13 59 53
833 676 80 82 80
35 779 66 77 69
35 111 31 50 31
779 256 11 64 35
36 510 60 79 76
36 170 81 92 92
37 312 18 23 18
37 711 87 88 87
37 463 25 42 39
37 704 70 75 73
312 647 74 91 89
312 758 65 100 94
312 502 83 93 90
711 167 48 97 76
711 87 47 90 86
711 673 18 77 23
711 587 85 98 89
463 431 67 82 77
38 250 64 95 92
38 80 40 65 49
80 783 87 93 89
80 750 95 100 99
39 410 80 100 94
410 134 83 87 84
410 3 87 91 90
40 268 59 95 62
40 667 30 65 34
268 761 50 68 67
268 759 80 96 88
268 774 25 79 48
268 214 88 96 96
667 37 36 66 54
667 519 95 99 97
41 852 40 71 68
41 598 70 78 77
852 788 87 100 100
598 443 23 68 52
598 408 51 59 55
43 736 41 71 70
43 223 82 89 89
43 581 82 85 82
736 487 71 87 82
736 195 63 68 68
44 668 38 98 78
44 504 88 93 90
44 584 57 88 78
668 578 86 98 89
668 709 61 81 69
668 344 53 82 74
584 346 53 67 62
45 562 37 78 53
45 814 44 68 53
45 816 10 77 46
562 608 56 63 59
814 441 62 91 86
814 488 59 96 80
816 319 21 31 24
816 633 17 22 19
816 341 15 41 35
46 408 47 48 47
46 519 35 93 71
46 154 43 90 56
408 683 19 87 53
408 330 90 92 90
408 542 46 86 82
47 59 90 91 90
47 719 69 72 69
47 42 32 74 42
47 381 42 90 88
59 405 58 89 80
59 544 63 64 63
381 670 55 75 63
48 52 11 21 15
48 487 70 89 75
48 182 66 72 69
48 422 62 100 85
52 18 58 68 59
52 518 63 87 80
52 624 25 93 30
487 450 43 63 63
182 46 17 19 17
182 350 39 89 42
422 412 22 42 42
49 121 69 76 71
49 746 17 29 19
49 838 57 59 59
121 732 75 88 79
121 414 20 86 39
746 30 60 97 62
746 116 87 92 89
838 558 71 83 78
838 681 42 75 72
838 482 13 56 49
51 621 39 80 68
51 466 61 98 77
51 616 91 98 93
51 817 11 44 30
51 799 81 84 81
466 82 42 65 64
466 819 27 66 43
799 594 52 88 53
518 758 31 95 61
518 659 54 79 64
624 614 12 67 26
53 161 12 76 55
53 71 46 62 50
53 691 55 76 75
161 9 68 89 86
161 790 40 47 45
71 705 23 64 43
691 465 44 88 83
54 576 41 44 44
54 182 36 54 44
54 734 77 100 81
54 733 87 92 87
576 510 25 88 58
576 668 63 93 74
576 609 25 81 61
576 19 74 81 77
734 504 89 93 93
733 800 31 94 50
55 789 40 90 52
789 490 53 77 58
789 213 66 72 70
789 239 57 95 74
56 396 10 81 20
56 161 51 69 66
56 647 88 94 92
56 544 44 77 48
396 131 44 90 48
647 302 67 83 75
57 119 51 95 85
57 628 47 73 59
628 450 66 83 70
405 844 16 96 92
405 833 87 99 93
60 49 66 77 69
61 645 93 94 94
61 830 95 99 98
61 782 61 68 66
61 623 78 88 79
645 410 76 83 76
645 696 84 99 92
782 25 47 51 50
782 177 76 81 78
623 591 76 85 79
62 601 91 97 96
62 746 44 77 75
601 117 25 37 31
63 597 90 100 90
63 798 37 44 44
597 680 12 78 66
597 750 92 96 92
597 695 16 94 39
597 228 55 71 61
597 28 14 98 15
798 111 57 58 57
798 831 68 80 78
798 330 29 67 54
64 33 18 85 45
65 479 20 43 22
65 272 10 21 21
479 594 47 53 48
479 847 26 82 34
272 296 60 100 69
66 485 18 69 58
66 71 59 63 61
66 846 84 88 88
485 371 55 70 69
846 807 90 94 91
846 705 19 72 49
70 446 60 94 66
70 452 86 98 96
446 318 70 85 77
446 537 95 97 97
446 802 74 91 87
452 514 65 76 68
452 578 92 93 93
452 557 62 80 71
72 171 57 87 85
72 338 49 68 65
72 387 55 77 73
338 429 23 73 36
338 711 43 61 49
387 180 92 93 93
387 237 17 96 79
387 772 11 77 42
387 837 74 77 76
387 372 28 31 28
73 730 71 96 95
73 89 55 99 62
73 794 75 84 75
730 794 46 79 52
730 98 41 91 87
89 751 61 94 69
89 168 40 82 75
89 439 79 88 87
794 234 80 85 83
794 490 79 92 91
794 538 95 100 96
794 96 64 100 94
794 755 11 47 16
74 93 69 92 82
74 368 80 98 98
368 388 49 53 51
368 577 92 93 92
368 549 65 88 83
368 77 68 78 72
368 658 16 29 22
75 549 44 58 48
75 577 70 97 87
577 604 64 80 66
577 196 17 61 50
76 61 44 71 64
76 483 53 61 57
76 399 49 95 80
483 539 72 85 83
483 272 69 92 92
483 489 62 69 69
399 24 35 37 36
399 423 48 97 94
399 327 66 72 71
399 13 31 39 37
399 693 50 97 87
77 567 18 68 53
77 523 26 65 52
77 631 48 98 82
523 671 10 92 12
631 253 80 96 86
631 113 16 42 34
631 394 46 96 57
78 608 16 65 39
79 24 29 43 35
750 841 61 95 82
750 232 70 73 70
81 819 44 63 61
81 469 45 97 88
81 715 52 63 54
819 836 36 48 48
819 314 44 91 80
469 112 72 88 85
82 146 48 55 55
82 720 89 92 89
82 607 52 70 54
146 536 79 88 84
607 729 14 35 18
607 562 37 38 38
607 280 81 98 92
607 837 30 62 54
83 488 64 77 73
83 565 93 96 95
488 112 65 71 71
488 782 49 58 58
565 81 88 90 89
84 523 57 80 74
84 300 65 89 76
84 262 56 97 86
300 808 27 87 80
262 201 80 81 81
262 103 10 18 11
262 576 50 80 73
85 547 92 95 94
87 554 63 77 69
554 351 55 88 72
554 239 41 64 55
554 7 90 94 92
439 587 60 85 67
439 477 62 99 78
439 696 77 84 78
91 412 73 100 92
412 175 38 83 74
412 477 65 71 67
412 389 11 31 19
92 786 33 57 54
92 825 19 81 20
92 458 37 62 45
786 62 61 92 64
786 669 48 67 65
786 771 74 97 86
825 106 30 90 43
458 49 43 73 71
458 372 87 94 88
458 228 22 87 63
458 679 74 80 74
94 366 74 93 87
94 837 82 93 84
837 435 76 90 81
837 554 35 71 39
837 371 76 77 77
837 517 59 79 65
837 806 82 99 88
837 758 63 65 63
95 839 36 89 88
839 35 42 71 48
96 821 15 70 39
96 817 23 83 41
96 72 27 66 28
821 594 62 91 85
821 420 17 60 50
821 563 37 40 37
98 805 64 89 73
98 754 87 94 93
98 277 23 55 42
805 47 14 17 17
754 451 51 56 53
754 738 49 58 53
754 75 56 59 59
754 757 92 97 95
277 240 70 96 76
99 654 90 99 98
99 536 27 81 74
99 371 41 90 75
99 110 20 23 23
654 647 56 93 79
536 658 42 56 46
536 792 42 66 51
371 801 54 85 71
110 525 65 82 71
110 188 19 39 37
110 571 68 85 72
100 647 45 54 46
100 37 63 82 75
101 50 92 100 92
102 77 69 94 81
102 594 83 88 84
102 797 15 20 18
102 250 45 47 46
594 75 74 84 80
594 441 51 53 52
594 440 44 77 46
594 261 65 93 74
594 295 16 74 63
797 673 37 80 46
103 438 12 49 16
103 489 21 27 22
103 566 60 99 65
438 608 87 99 90
489 582 92 95 93
566 640 43 81 55
104 334 25 83 80
104 791 28 38 37
104 88 43 59 49
334 696 16 44 36
334 729 32 70 59
334 418 88 96 91
334 637 35 79 72
791 717 62 100 91
791 160 51 95 74
791 565 22 94 81
105 182 55 72 61
105 726 32 47 40
105 349 53 68 63
105 593 57 68 65
726 621 46 100 93
726 657 17 59 35
726 651 45 86 71
349 353 42 54 44
349 274 78 94 92
593 214 34 59 58
593 640 57 84 61
593 49 88 98 91
106 744 69 94 75
106 554 11 47 15
744 839 62 90 72
744 642 31 56 53
107 531 36 65 51
107 660 38 68 61
108 246 22 48 24
108 716 78 86 78
716 649 88 98 92
716 619 28 29 29
109 353 16 99 68
109 529 27 94 83
109 181 68 100 71
109 474 65 77 74
181 647 22 87 54
181 812 36 45 44
181 487 63 95 76
474 780 70 89 78
474 502 72 78 76
525 702 39 65 50
188 62 12 83 60
112 339 51 100 58
112 469 70 72 71
112 751 59 68 65
112 362 80 90 90
339 779 91 95 93
339 471 72 83 80
362 549 26 99 96
113 433 61 84 68
114 628 64 100 84
114 633 90 98 91
633 410 17 35 19
633 816 59 84 84
633 723 29 77 32
115 219 42 93 74
115 721 33 63 44
115 93 48 72 67
721 94 32 98 82
721 468 88 89 89
721 175 48 58 53
116 472 63 85 80
472 223 76 91 77
117 301 37 44 40
266 581 19 49 39
120 589 31 48 44
120 847 53 100 85
847 229 27 91 40
847 609 33 84 33
847 225 58 88 61
122 116 40 73 68
122 146 15 16 15
122 43 82 93 82
124 96 22 23 22
124 361 34 41 38
361 110 77 78 77
361 695 10 87 48
125 302 33 82 47
125 158 15 48 35
125 191 44 80 60
125 448 46 90 67
302 108 77 91 88
302 221 21 34 23
158 33 75 93 75
191 408 21 54 29
448 140 34 89 45
448 682 23 30 29
448 492 41 78 51
448 313 64 97 93
126 157 62 81 70
157 106 83 96 91
157 211 19 81 75
127 93 49 70 70
128 366 91 92 91
129 617 51 55 52
129 627 85 94 94
129 8 36 69 56
129 79 31 34 32
627 741 71 72 71
130 64 93 97 97
130 532 72 99 83
130 694 54 61 57
130 560 16 50 22
130 220 76 84 81
130 749 46 50 48
532 347 12 94 17
694 358 32 69 37
560 471 11 27 19
560 495 19 100 26
220 382 22 27 22
220 43 21 33 33
749 279 77 91 85
131 282 64 94 74
131 738 72 96 95
282 748 82 83 83
282 498 43 85 64
282 231 11 29 22
132 280 73 84 76
132 217 19 27 24
280 424 92 100 94
280 372 38 39 39
133 130 48 87 87
134 42 53 79 75
134 277 23 95 70
134 186 12 49 15
186 755 74 99 81
186 386 52 75 64
186 720 63 88 81
186 669 11 85 27
319 190 46 73 61
319 11 93 97 94
829 123 10 53 44
829 130 86 92 92
829 669 32 67 42
138 580 35 63 45
580 410 57 68 68
580 11 22 92 62
580 6 79 82 80
139 804 38 90 85
139 209 27 73 27
139 435 86 88 87
139 440 35 64 44
804 435 91 92 92
804 668 67 84 70
435 273 89 93 92
435 475 80 89 87
440 269 53 91 53
440 83 10 31 27
440 757 64 84 65
440 58 44 64 60
440 517 11 35 25
440 273 22 55 47
140 484 64 96 84
140 490 19 80 76
140 86 36 81 46
490 460 49 64 61
490 808 82 84 82
503 34 88 97 88
503 12 32 60 57
503 632 52 80 62
185 165 80 96 83
145 711 33 65 52
145 167 88 97 90
145 329 23 69 42
167 316 14 56 46
167 186 23 59 23
167 506 21 35 25
329 414 80 90 86
329 93 32 95 69
329 216 48 99 73
329 55 63 81 68
147 730 13 78 48
147 287 93 99 93
147 441 42 97 44
287 731 50 53 50
441 536 18 70 20
148 207 76 91 78
148 767 87 94 90
207 456 95 98 95
207 92 36 77 43
207 85 21 43 31
207 759 41 81 65
767 85 29 48 39
149 356 45 90 55
149 431 90 98 94
356 837 79 97 85
356 629 63 82 70
431 411 77 92 81
431 85 64 86 76
431 315 91 93 92
431 433 22 76 49
151 369 51 100 66
369 256 83 96 96
152 817 16 27 26
153 284 79 88 87
153 363 21 93 37
153 791 66 87 87
284 222 16 33 32
284 501 91 94 93
363 584 49 68 67
363 741 43 95 46
363 405 64 80 64
363 788 34 47 39
363 765 34 36 35
363 414 51 82 69
156 229 51 84 81
156 39 80 94 84
156 447 48 73 67
229 92 57 60 57
229 733 19 81 31
229 524 86 94 93
447 137 76 92 79
447 712 38 42 41
447 345 27 51 43
447 853 71 100 87
211 132 78 89 89
159 651 12 77 55
159 290 53 61 58
651 479 73 91 82
290 800 74 86 85
290 480 26 62 45
290 439 39 57 39
160 182 69 86 71
160 66 30 74 66
162 561 16 78 40
162 737 20 28 26
561 721 88 96 94
737 205 31 72 57
737 733 82 84 84
681 698 78 96 89
681 643 20 42 27
681 544 83 84 84
166 63 79 93 79
166 273 75 89 84
166 164 89 97 90
166 743 79 99 97
273 407 36 87 72
273 315 80 98 88
273 227 17 52 43
743 585 12 73 61
743 535 15 97 28
743 534 10 52 10
506 270 63 99 80
169 462 83 89 87
169 571 33 70 50
462 99 75 88 88
462 389 72 95 80
731 423 23 53 47
175 814 34 65 49
175 345 49 63 53
345 419 12 92 27
177 497 88 99 91
177 789 85 98 91
177 208 37 84 77
497 128 53 84 55
208 119 40 83 61
208 434 64 99 83
208 700 17 32 31
179 820 75 99 88
820 760 78 80 78
820 8 47 50 49
180 70 57 89 70
180 24 79 85 84
180 199 78 82 79
199 353 28 62 38
199 34 49 66 53
199 829 70 73 70
350 218 61 100 68
350 154 89 99 99
350 83 69 72 71
350 325 37 65 55
183 532 46 56 50
183 631 46 83 83
184 555 74 88 81
184 442 42 92 79
555 451 47 59 52
555 839 14 85 58
442 286 70 72 72
442 754 43 90 62
442 97 88 99 91
442 560 57 88 75
442 595 49 92 64
755 507 49 61 56
386 754 58 62 60
669 40 20 62 58
669 124 74 84 78
669 107 33 54 52
187 121 23 59 27
187 120 53 100 76
187 138 67 68 67
192 298 63 66 63
192 460 25 92 27
193 69 33 52 41
194 154 68 85 81
194 288 20 25 21
195 605 30 50 48
195 644 57 89 68
195 691 42 100 80
195 54 71 74 74
195 646 85 96 89
195 213 51 77 77
195 750 77 93 92
195 458 75 85 80
605 804 87 93 88
605 459 78 100 89
605 277 32 64 33
644 699 38 67 40
644 327 17 63 34
644 810 24 100 51
644 83 74 75 74
213 201 84 95 84
213 837 17 48 39
196 86 82 100 92
227 56 88 89 89
227 53 83 90 86
665 846 87 97 93
542 639 56 96 85
317 368 74 86 78
317 277 41 46 46
200 135 87 89 89
200 605 33 73 38
201 7 49 92 67
202 169 61 68 68
202 115 43 91 59
203 434 12 24 13
203 628 19 71 56
203 405 75 89 85
434 147 25 34 31
204 700 50 99 70
205 240 94 97 96
205 194 88 97 96
205 830 71 95 83
240 164 91 100 99
206 476 39 53 52
206 315 88 92 89
476 797 30 44 40
476 325 13 42 24
315 477 44 46 44
315 86 93 100 93
456 67 65 68 67
456 236 14 96 48
456 486 23 70 42
759 235 93 98 93
759 284 91 93 93
210 519 42 54 42
210 701 13 77 46
210 760 37 61 44
210 103 77 99 97
210 324 51 58 53
701 210 91 92 91
701 608 52 53 52
324 75 69 72 70
212 421 43 46 44
212 184 65 72 69
421 691 34 66 38
421 575 45 68 49
421 299 38 97 70
421 43 93 100 99
421 230 23 64 36
214 59 27 74 64
214 811 79 87 79
214 242 89 91 91
214 810 50 74 55
811 540 13 73 37
811 737 48 92 77
242 688 71 73 73
242 668 53 72 70
810 503 15 69 61
810 387 15 45 38
810 473 21 84 74
215 310 50 55 53
310 318 90 95 94
310 133 38 98 92
310 722 94 100 94
310 724 20 47 28
216 589 64 91 89
216 636 15 67 40
216 468 54 62 60
636 701 67 81 73
636 369 55 72 57
468 342 95 98 97
468 317 21 92 77
768 519 63 93 73
768 569 10 76 41
768 736 30 40 39
445 608 62 68 63
218 503 57 89 69
661 799 30 41 41
404 86 61 89 72
404 598 57 97 64
382 111 81 83 83
221 753 56 86 74
221 720 64 95 65
753 166 91 98 96
222 516 47 54 52
222 670 51 57 51
222 564 28 30 30
222 35 15 60 60
516 346 29 63 37
516 392 32 68 60
516 478 44 77 66
670 196 74 95 80
670 777 60 72 72
564 675 66 72 67
564 773 33 44 39
224 122 39 55 46
225 834 41 60 46
225 354 53 73 61
225 13 59 90 88
834 283 12 47 12
834 379 72 89 76
354 759 19 21 21
226 146 66 75 74
228 654 57 58 57
524 173 85 93 85
524 842 34 54 37
230 357 15 68 20
230 97 77 89 80
357 313 71 89 73
357 271 27 83 54
232 164 57 79 71
232 598 93 98 95
234 853 17 27 18
234 529 32 71 61
853 270 10 24 19
235 314 64 92 72
235 122 95 98 97
236 707 54 92 74
707 724 75 93 85
238 305 61 83 68
238 245 71 75 74
238 470 33 86 86
238 196 28 40 31
305 259 33 92 85
305 86 24 71 47
305 793 59 94 59
305 848 39 61 54
245 502 29 72 64
245 325 39 74 39
470 437 61 68 65
239 693 10 29 29
239 373 33 58 43
693 15 44 85 46
693 823 65 80 72
373 544 86 91 86
688 579 11 94 63
502 467 38 73 54
502 460 81 94 88
247 88 24 60 39
247 220 92 99 94
249 620 88 90 88
249 810 33 78 69
249 105 25 81 53
249 305 45 94 65
620 445 11 36 24
609 488 57 59 59
609 388 23 73 52
252 564 51 64 61
253 282 12 73 29
253 105 24 44 30
253 538 18 90 23
538 130 68 90 84
538 830 10 79 53
254 624 25 55 49
254 73 61 71 62
254 451 85 100 92
254 109 27 51 48
254 498 46 81 68
254 414 63 75 67
451 238 63 69 66
451 439 76 83 82
498 502 51 55 54
498 326 62 98 76
498 320 14 27 20
255 466 11 58 23
255 538 83 96 91
255 69 92 100 100
255 33 20 74 50
256 438 54 69 64
256 255 77 85 84
257 403 25 33 26
403 514 32 96 56
403 426 48 62 54
258 99 65 80 72
258 429 34 67 40
258 320 58 83 78
429 697 51 90 55
320 151 75 76 76
320 183 16 20 18
320 730 52 54 52
259 33 54 72 59
260 818 72 74 72
260 398 54 94 63
818 170 77 89 87
818 145 10 49 12
261 337 63 93 82
261 644 10 76 35
261 401 46 78 48
261 382 46 97 97
337 134 62 85 76
337 376 53 80 58
337 464 53 85 83
263 583 66 91 69
263 597 24 71 55
263 667 70 90 72
583 698 38 94 55
583 69 36 60 57
264 782 20 81 77
264 581 28 84 54
265 424 92 100 93
265 594 94 99 95
424 536 25 34 27
424 391 18 100 64
424 411 62 93 74
267 213 67 86 69
267 670 85 97 90
267 650 57 69 69
650 801 55 75 69
650 195 39 85 82
761 413 17 43 36
774 138 79 87 82
774 325 74 81 78
270 798 53 86 61
271 381 55 60 60
271 518 78 82 82
407 211 15 25 21
274 600 73 87 86
274 316 62 65 62
274 797 12 39 27
600 390 37 93 56
600 24 87 91 87
276 337 49 74 53
276 545 90 91 90
276 763 12 53 19
545 377 91 94 93
545 328 85 99 90
545 736 94 100 99
545 122 61 92 71
763 136 49 50 50
763 573 17 99 97
763 550 35 41 36
763 351 17 23 18
278 549 33 43 39
281 425 19 70 45
281 609 29 52 37
281 718 69 90 75
281 14 74 95 92
425 775 44 97 46
425 398 42 86 46
425 850 89 90 90
718 450 51 76 67
718 64 71 74 73
748 270 45 69 48
748 176 70 82 80
748 296 88 97 88
283 349 91 96 95
501 715 94 98 98
501 53 35 39 35
285 61 30 94 32
285 213 27 49 29
286 604 94 99 95
286 482 92 98 98
286 158 16 33 18
286 218 85 94 88
286 703 16 86 40
286 356 88 91 88
604 815 37 57 50
482 67 38 96 81
482 624 89 98 97
703 217 33 74 71
703 267 63 87 71
289 768 94 98 98
289 132 34 51 47
289 794 20 74 54
800 377 52 60 55
800 284 76 100 88
800 770 61 99 80
800 520 83 84 83
480 764 60 99 67
291 47 76 100 89
294 167 15 22 19
294 50 20 83 61
294 247 45 68 61
294 290 41 98 85
299 605 65 81 81
686 12 81 98 84
686 575 33 81 48
303 123 86 90 89
304 359 27 43 42
304 630 47 94 85
359 751 13 34 15
359 459 36 44 41
630 391 64 90 86
630 813 94 97 96
630 569 17 45 28
630 300 36 81 64
793 264 22 42 30
306 471 92 100 94
471 437 73 75 73
471 791 20 40 40
471 654 10 62 10
307 338 91 94 94
307 296 52 75 63
309 637 47 55 52
309 0 73 98 92
637 799 89 91 89
318 492 87 99 91
318 550 59 69 64
318 811 95 100 100
318 403 56 70 63
318 301 36 45 38
722 356 86 100 94
724 575 88 95 93
311 125 93 100 95
758 400 50 98 78
758 730 80 83 83
313 293 26 84 66
313 123 18 61 26
477 561 92 98 98
477 179 20 24 24
492 757 43 68 48
550 130 50 67 66
550 567 50 93 74
550 447 46 62 60
322 133 95 99 97
327 766 64 74 72
327 583 22 94 74
327 371 90 99 93
766 529 92 97 94
331 586 82 93 88
332 336 10 90 17
332 546 60 82 69
332 732 14 28 19
332 57 14 42 26
546 367 35 76 68
546 698 44 79 54
333 668 60 66 64
696 418 85 97 87
696 321 24 55 46
729 592 21 55 31
418 494 61 78 66
418 42 47 76 50
418 528 78 92 86
418 321 26 31 26
418 121 58 91 90
376 726 30 57 53
464 604 72 98 78
341 729 29 61 35
343 146 20 74 48
343 811 78 91 91
343 157 56 87 79
344 591 91 96 94
344 471 49 79 56
344 375 79 81 81
591 757 51 98 93
375 161 77 87 85
375 820 46 54 52
419 490 30 70 50
346 63 80 83 80
346 73 44 51 51
346 795 48 65 59
351 631 33 67 64
351 539 51 94 55
351 675 32 90 74
539 210 72 74 74
539 394 32 43 38
352 591 53 57 54
352 361 93 100 98
352 784 31 100 66
784 147 34 98 62
355 256 27 85 85
629 177 66 81 72
360 487 29 87 63
360 732 74 83 79
695 226 53 66 63
695 548 53 94 79
741 118 11 65 40
741 337 32 83 52
741 738 28 73 37
788 35 20 43 21
788 183 23 80 47
788 801 48 55 48
765 530 22 64 50
765 92 16 89 26
364 795 52 84 70
365 314 95 99 97
365 814 50 57 51
365 698 33 96 46
365 811 44 62 53
698 373 43 48 43
698 439 13 29 29
367 484 48 62 54
367 461 28 44 39
461 292 77 80 77
461 9 28 72 59
658 649 11 93 77
658 732 56 92 57
370 647 47 55 54
370 192 72 74 72
370 10 19 25 24
370 558 58 61 60
370 706 15 33 25
558 729 82 99 82
558 43 55 81 63
558 545 90 97 96
558 153 94 97 94
706 50 65 74 71
377 366 95 100 100
377 227 64 75 66
377 600 78 92 79
378 559 39 69 41
378 280 67 95 75
378 290 35 40 39
559 488 74 89 76
559 308 32 43 36
379 4 21 99 50
379 206 14 29 28
379 56 12 52 48
379 46 34 94 87
380 319 36 80 71
383 318 30 46 44
383 85 18 41 38
383 111 30 63 33
383 773 14 59 57
773 784 68 71 69
773 617 29 47 30
384 404 46 96 90
384 760 90 100 95
385 223 37 68 61
385 96 14 62 57
390 585 26 42 31
390 292 18 63 59
390 438 35 43 37
391 822 59 62 61
392 679 75 78 76
392 303 92 98 93
679 355 32 81 53
679 529 18 76 23
679 769 64 65 65
393 240 75 94 89
393 310 52 53 52
395 1 56 89 72
395 109 94 95 94
397 753 53 99 62
397 573 11 36 25
397 561 74 94 79
573 724 60 87 76
400 59 40 96 92
400 319 61 97 62
400 384 73 84 76
400 381 78 84 82
514 768 45 61 53
514 212 95 97 95
844 551 24 29 24
844 337 94 96 94
406 643 45 97 52
683 261 88 89 89
683 488 58 85 83
413 795 81 93 83
413 696 93 97 93
413 395 93 99 94
413 361 25 79 44
652 5 21 56 51
415 802 75 90 76
415 774 92 94 94
802 791 92 98 97
417 221 94 98 98
494 514 50 53 53
494 399 14 84 28
528 2 30 86 35
528 202 76 92 88
528 516 47 87 70
528 159 74 84 82
575 437 43 97 97
775 745 43 65 50
427 232 56 64 62
427 653 70 83 74
427 554 79 85 80
427 581 16 66 28
653 359 50 61 50
653 642 39 41 39
697 60 83 100 87
697 251 86 91 87
432 364 82 86 85
475 24 21 39 37
475 107 67 75 74
436 577 55 71 65
553 627 88 95 95
553 331 43 45 45
553 31 24 60 54
553 321 23 80 61
587 573 89 94 90
587 134 12 55 18
587 843 44 75 59
595 624 37 89 63
443 133 84 99 93
443 51 37 66 42
443 504 16 82 80
444 598 52 54 52
444 183 24 32 31
444 346 66 91 71
537 315 83 87 87
682 751 56 60 56
682 768 83 91 83
682 726 73 95 84
449 690 25 94 60
449 291 79 94 94
449 228 83 91 87
449 643 75 95 91
449 480 88 98 89
690 564 79 96 85
450 657 36 76 48
657 68 86 96 88
578 499 57 100 69
578 221 95 100 98
578 394 61 88 67
578 191 66 78 69
453 376 33 74 57
453 27 16 93 81
453 807 94 100 97
453 402 69 72 71
455 478 64 95 83
478 127 66 71 66
486 46 75 92 89
486 401 38 53 49
486 640 11 19 18
457 619 12 33 18
619 140 94 96 96
619 566 58 96 73
619 292 34 62 46
619 185 95 99 96
619 770 72 84 79
619 530 72 79 75
465 168 38 55 45
465 267 64 82 79
780 235 34 62 60
780 831 46 70 47
780 374 43 76 59
481 634 90 91 90
481 361 65 77 75
481 817 86 88 86
634 4 61 95 91
640 647 58 84 75
640 504 26 59 45
640 288 29 54 34
491 24 13 91 78
491 253 32 41 32
491 163 30 60 36
493 823 45 69 59
493 66 56 78 65
495 478 28 47 47
499 623 44 98 51
499 8 30 82 72
499 140 70 78 74
500 708 79 83 83
500 575 12 46 41
500 795 60 96 62
708 589 53 87 53
708 203 38 88 60
708 813 83 85 84
708 624 34 94 42
632 13 67 76 72
505 31 22 53 40
505 613 11 65 36
613 274 49 73 73
613 771 26 37 37
613 549 51 58 51
613 584 30 85 56
508 816 81 99 90
509 78 27 98 78
511 14 33 42 35
511 590 55 58 55
511 485 22 41 38
590 376 35 93 49
590 680 34 80 65
590 624 38 65 64
512 204 33 56 50
513 74 63 64 64
513 116 74 88 86
515 362 28 79 62
659 551 42 82 61
659 752 30 90 41
659 380 13 68 50
611 768 70 91 90
521 77 41 71 54
521 619 38 47 43
522 608 12 47 20
671 324 86 100 88
702 31 53 90 85
702 126 85 97 93
526 808 50 92 92
526 649 64 86 82
526 367 95 100 100
649 802 74 94 92
649 616 40 93 85
527 164 58 74 68
530 95 95 99 95
535 497 13 62 62
535 315 11 97 26
535 578 56 57 56
535 285 42 75 75
792 323 19 34 30
792 67 35 46 44
792 544 78 83 82
792 334 63 98 71
540 668 60 69 64
540 103 83 98 92
639 650 22 50 50
639 563 63 90 68
543 468 64 77 71
543 833 53 100 88
548 559 70 84 80
548 106 13 16 15
548 495 66 85 68
548 464 15 49 37
641 848 85 87 87
551 375 40 82 41
551 631 28 63 43
552 809 90 93 91
552 291 59 78 63
552 73 95 96 95
552 166 46 87 87
563 29 77 84 84
563 127 65 67 67
563 302 34 95 59
769 248 83 93 86
769 662 41 46 44
728 566 63 76 66
572 621 94 96 94
572 288 30 100 84
572 282 32 34 32
574 510 24 67 29
579 838 12 78 66
579 832 61 72 63
832 16 46 75 55
832 722 87 99 92
680 195 94 99 97
596 268 85 92 85
599 148 74 98 87
599 494 36 57 47
602 536 63 68 64
602 64 10 99 99
815 97 54 97 57
610 108 55 89 75
610 778 37 96 94
610 563 67 79 69
778 228 49 73 66
778 741 84 100 93
778 324 23 60 30
778 462 59 84 73
778 532 36 91 76
612 281 39 52 40
612 557 90 91 90
612 369 84 100 91
771 756 16 52 41
614 8 12 17 14
614 155 70 76 71
615 140 18 95 55
615 644 77 84 83
618 520 93 99 95
618 413 15 96 89
618 350 42 83 62
770 613 64 65 65
770 378 61 87 76
770 137 83 98 89
622 474 26 40 29
622 138 75 81 79
622 605 11 64 12
625 550 14 98 33
625 441 25 75 33
626 770 33 39 33
626 297 49 72 56
626 514 62 81 73
813 375 34 68 66
813 707 31 55 38
813 751 84 89 89
723 69 55 72 71
723 469 27 57 57
699 56 42 95 84
699 143 21 65 43
699 827 84 99 88
699 787 45 70 54
648 468 48 89 88
648 231 38 46 43
648 431 85 90 90
655 268 10 30 26
656 244 69 77 76
656 817 93 96 96
656 719 85 88 86
752 770 65 69 68
752 132 25 50 43
662 367 85 87 86
662 297 70 83 77
663 693 58 79 73
664 639 17 48 35
664 546 73 97 83
664 35 52 75 70
664 537 42 46 46
666 261 30 63 63
666 437 34 54 38
666 617 87 90 87
709 595 56 69 68
709 541 54 83 77
709 255 33 59 58
777 542 20 48 20
674 26 10 19 19
677 228 52 71 66
678 155 23 58 30
678 194 60 90 77
678 135 78 85 79
684 7 22 78 49
684 385 56 80 77
684 814 43 66 61
684 114 38 83 58
685 655 34 42 35
687 814 14 31 15
687 531 12 97 87
687 147 86 95 90
687 7 95 96 95
689 63 14 100 37
692 765 13 88 53
692 132 39 56 47
692 759 66 86 67
827 431 61 64 63
787 473 31 93 66
787 499 23 87 35
787 392 88 99 90
787 135 91 95 92
710 586 85 98 88
710 106 92 100 98
714 122 95 100 97
717 203 92 93 92
717 184 73 94 77
717 646 52 55 52
717 718 86 88 88
727 447 84 94 94
727 852 72 86 76
727 815 35 80 72
727 319 51 86 52
735 526 33 78 42
742 129 82 89 86
745 211 61 92 76
747 236 38 46 39
841 615 54 72 67
841 167 62 64 62
756 62 65 96 86
776 621 20 46 35
776 49 31 79 33
776 671 29 61 50
776 125 53 86 61
831 584 45 94 52
831 133 53 63 53
781 369 80 95 88
781 182 15 51 18
785 602 66 87 72
785 95 95 97 96
796 677 87 99 94
796 510 69 74 69
806 321 45 78 77
806 419 11 68 12
836 659 48 82 64
824 730 49 83 64
824 637 52 58 55
826 811 37 49 37
826 136 25 32 28
826 290 11 13 11
828 438 10 69 55
828 533 34 37 37
835 542 39 41 41
845 753 63 76 69
849 301 71 98 77
851 846 84 89 89
0 853
