1000 3916
0 108 80 86 80
0 877 65 88 67
0 613 81 87 82
108 158 36 85 51
108 562 56 73 61
108 264 38 71 52
108 103 76 90 89
108 470 79 91 83
108 61 95 98 97
877 697 44 96 82
877 967 49 70 55
877 107 15 52 52
877 586 95 99 96
877 64 94 95 94
613 170 91 94 91
1 244 59 85 60
1 594 47 73 50
1 927 81 98 97
244 800 74 82 82
244 232 12 66 39
244 409 52 55 52
244 342 10 23 14
244 607 59 83 70
244 630 51 73 63
244 470 55 67 66
594 855 57 79 62
594 52 20 74 26
594 105 75 90 76
594 715 79 83 82
594 567 41 95 61
927 950 81 94 91
927 854 44 82 82
927 502 20 51 45
2 758 79 96 88
2 384 93 96 95
2 108 46 86 73
2 206 38 60 59
2 68 89 94 92
2 33 82 93 89
758 203 30 75 71
758 546 14 87 17
758 953 40 89 44
758 961 53 100 69
758 396 60 70 60
384 496 47 65 47
384 687 25 81 40
384 71 47 53 49
384 209 43 88 64
384 944 63 78 65
68 589 94 97 96
68 533 68 89 79
68 904 66 95 67
68 204 64 70 64
68 203 62 91 86
68 169 56 97 65
68 980 32 62 37
68 110 86 93 90
33 784 18 47 24
33 809 23 44 27
33 814 27 37 27
33 314 68 84 83
33 631 72 96 79
3 970 83 95 83
970 450 61 66 61
970 555 61 83 65
970 212 84 87 87
970 232 42 50 45
970 938 21 56 32
4 895 48 73 53
4 629 25 60 39
4 983 18 47 44
4 783 18 22 20
895 91 56 71 69
895 777 59 84 68
895 506 41 55 42
895 516 45 74 53
629 748 45 62 49
629 855 82 92 84
629 6 76 80 79
629 950 79 94 93
629 429 85 91 88
983 787 82 97 94
983 895 79 90 85
983 755 19 92 37
983 138 59 92 71
783 353 69 89 85
783 513 79 99 93
783 650 62 85 78
783 164 28 63 32
783 692 59 97 69
5 256 38 44 43
5 494 92 99 97
5 332 27 35 30
5 398 16 91 51
5 320 25 59 29
5 18 60 71 71
256 49 85 94 92
256 419 36 88 79
256 441 57 84 82
256 278 55 89 81
494 940 33 45 38
494 707 87 97 94
332 8 49 71 57
332 785 91 97 91
332 766 75 100 76
332 387 64 94 75
398 11 24 54 48
320 202 95 98 98
18 176 82 97 85
18 686 37 54 52
18 668 84 89 87
6 783 34 49 46
6 155 75 79 77
155 18 46 88 77
155 666 76 97 77
155 498 29 83 76
155 756 26 65 50
155 955 46 78 62
7 277 29 52 46
277 821 82 84 82
277 393 89 91 89
8 956 91 97 95
8 704 59 78 75
8 422 22 60 34
8 588 82 97 95
8 5 78 91 82
8 984 55 82 64
956 492 93 95 95
956 912 27 32 31
704 239 36 87 78
704 103 52 83 79
704 129 86 92 86
704 813 36 83 53
704 52 38 71 46
422 303 44 58 53
422 660 57 92 66
422 616 82 91 86
588 6 69 85 71
588 671 38 76 64
588 265 11 69 42
984 845 60 92 86
984 391 74 75 74
984 130 78 90 80
984 521 18 26 25
984 705 29 32 31
9 880 62 86 68
880 617 15 46 16
880 49 38 57 51
880 81 15 98 77
880 590 73 88 85
880 356 93 94 93
880 629 67 89 72
10 261 51 80 66
10 415 65 86 84
10 571 95 96 95
10 41 30 57 31
10 510 95 100 98
261 373 45 50 49
261 527 79 94 86
415 348 63 99 64
415 130 81 100 100
415 432 41 56 51
415 334 74 95 82
415 186 89 97 91
571 677 74 81 74
571 494 62 99 77
41 803 17 68 59
41 37 50 54 52
510 274 30 70 61
510 83 18 54 30
510 304 74 82 77
510 672 20 29 26
11 165 20 68 51
11 162 31 44 43
11 120 24 30 30
11 281 23 53 27
11 808 86 91 89
165 4 38 44 38
165 281 86 96 89
165 639 20 100 35
165 118 50 85 84
162 29 91 100 97
162 965 11 91 59
162 184 93 94 93
162 179 10 16 12
120 99 13 84 79
120 417 51 64 62
120 824 60 76 71
281 964 37 49 43
281 734 52 85 62
808 945 95 100 97
808 771 79 80 80
808 858 67 87 72
12 784 15 93 57
12 830 20 87 23
12 540 93 96 95
12 885 36 85 77
12 242 33 84 48
12 45 70 80 73
784 267 88 90 89
784 74 80 85 83
784 264 90 91 90
830 840 59 91 78
830 725 66 74 70
540 26 30 99 84
540 903 86 98 95
540 855 27 87 84
540 275 61 88 69
540 670 24 40 35
885 931 19 40 22
885 782 95 98 95
885 875 52 66 60
242 682 78 84 80
242 406 47 61 49
45 619 30 46 36
45 633 70 85 82
45 728 10 72 11
13 369 63 69 69
13 272 32 95 83
13 298 79 93 85
13 145 11 47 17
13 916 54 73 67
369 654 34 53 35
369 946 55 93 88
369 465 79 90 87
369 628 56 89 75
272 573 53 93 88
272 235 47 53 51
272 175 90 96 95
272 870 28 90 38
298 761 22 86 55
298 145 39 62 61
298 292 86 93 93
298 210 77 83 79
145 825 29 50 38
145 807 84 92 84
145 853 93 99 99
145 211 55 58 56
145 15 73 94 92
916 290 37 94 55
916 672 58 69 64
916 871 51 79 79
916 84 32 44 43
14 403 51 89 70
14 42 90 94 93
14 523 63 86 86
403 845 10 81 11
42 762 53 94 90
42 694 25 91 66
42 891 58 78 75
42 13 71 84 71
42 881 12 39 29
523 844 33 91 66
523 294 54 95 69
523 940 17 77 53
523 587 88 90 90
15 79 48 52 49
15 199 82 98 86
15 743 57 74 68
15 270 46 99 78
79 362 53 97 67
79 489 45 86 70
79 815 24 95 36
79 740 89 100 90
79 507 16 34 24
199 451 10 91 19
199 606 56 74 60
199 697 71 77 73
743 385 20 66 32
743 380 35 75 40
743 184 18 48 27
743 813 75 85 77
270 981 66 94 72
16 87 87 94 93
16 496 56 72 70
16 701 91 95 95
16 740 46 67 50
16 871 43 44 44
16 579 59 66 61
87 414 32 60 38
87 241 23 51 51
87 317 23 51 51
87 5 12 29 19
87 696 62 82 72
87 800 78 83 82
496 362 27 37 30
496 213 80 93 92
496 188 79 87 79
701 256 71 80 79
701 752 43 76 74
701 832 67 90 78
701 213 56 58 56
701 941 46 61 60
701 413 91 94 93
740 261 37 94 75
740 567 68 75 74
740 809 91 98 93
871 42 74 89 87
871 760 49 97 92
871 985 43 97 64
579 699 48 84 75
579 225 41 62 45
579 496 17 38 20
579 617 44 75 57
17 821 20 73 46
17 716 71 79 79
821 849 56 80 56
821 700 94 98 95
821 181 25 67 66
821 155 40 60 49
821 788 95 98 95
821 570 24 29 28
821 50 20 73 55
716 480 93 96 94
716 599 88 95 92
716 289 38 92 77
176 355 30 79 54
176 708 81 89 86
176 624 79 80 80
176 681 53 87 85
686 484 59 83 66
686 628 91 95 93
686 59 50 52 52
686 914 59 87 82
686 971 13 96 92
686 126 57 91 81
686 48 33 63 50
686 984 37 79 72
686 771 92 97 94
686 902 23 97 51
668 463 78 92 83
668 54 92 98 96
668 934 60 79 62
668 850 57 98 68
668 122 80 87 85
668 268 50 67 65
668 620 37 91 37
19 441 37 70 63
19 345 53 62 61
441 364 38 91 67
441 85 67 99 94
441 309 93 98 96
441 504 27 35 30
441 567 15 97 47
345 111 18 60 40
345 655 44 81 66
345 612 18 32 18
345 886 47 63 57
345 131 50 71 54
345 187 34 80 37
345 280 26 28 28
345 321 21 98 37
345 104 77 81 79
345 471 75 99 89
20 321 57 80 78
20 509 37 63 45
20 201 60 77 61
321 333 79 98 82
321 111 70 88 86
509 153 67 82 68
509 897 71 95 80
509 49 87 98 96
509 189 87 92 87
201 142 56 100 78
201 184 53 96 59
201 651 74 93 85
201 640 86 96 96
21 932 47 59 58
21 346 54 100 62
21 720 69 70 70
21 440 62 88 63
932 495 24 40 34
932 98 90 93 93
932 907 77 97 86
932 772 15 91 51
346 822 30 59 36
346 904 39 45 45
346 864 89 91 89
346 423 54 76 56
346 843 77 100 100
720 102 20 50 30
720 399 13 44 40
720 139 95 97 95
720 358 95 100 98
720 491 47 60 51
720 53 50 80 57
440 328 51 88 62
440 423 89 100 94
440 776 90 99 97
440 893 51 86 76
440 125 39 45 44
440 267 85 94 91
440 561 32 97 95
22 233 25 81 51
22 132 12 96 53
22 733 64 65 65
22 880 57 72 65
22 775 21 76 42
22 609 81 92 91
233 642 74 80 76
233 696 44 94 88
233 381 50 67 51
233 863 65 90 80
132 796 18 37 20
132 279 82 96 95
132 113 73 93 93
733 76 95 99 95
733 579 30 40 36
733 568 68 73 68
733 188 50 54 53
733 546 63 98 91
775 581 59 67 64
609 887 67 77 70
609 907 72 79 78
609 93 20 39 30
609 646 93 94 93
609 73 20 53 50
609 710 32 52 35
23 722 14 29 18
23 475 15 22 19
23 677 89 98 98
23 916 92 93 92
23 643 56 73 70
23 199 46 49 48
23 243 40 73 41
23 662 32 64 42
23 561 72 76 74
722 140 92 93 92
722 323 26 91 43
722 57 82 88 85
722 522 69 73 69
722 963 80 81 80
722 973 55 70 62
722 779 16 26 21
722 264 53 96 67
475 917 92 100 99
475 403 29 38 36
677 987 95 97 95
677 322 88 89 88
643 824 40 48 44
643 256 29 92 55
243 223 54 85 83
243 710 28 34 34
662 826 41 91 43
662 64 11 40 27
662 536 58 77 75
662 339 53 85 60
662 750 95 99 98
561 462 25 29 26
561 375 46 53 53
561 983 31 77 58
561 424 16 39 25
561 723 69 97 96
24 727 93 94 94
24 0 72 78 72
727 940 63 91 70
727 323 24 70 57
727 161 85 97 96
727 961 28 46 34
727 81 32 57 38
25 45 70 79 74
25 341 55 60 56
25 282 64 66 64
25 31 45 90 75
25 690 63 71 69
341 204 35 72 63
341 658 72 77 76
341 593 30 72 46
282 114 22 66 51
282 752 59 93 81
31 37 94 98 98
690 768 46 48 48
690 56 56 74 72
690 873 21 84 37
690 828 38 87 66
690 799 34 56 52
26 925 70 71 71
26 976 95 97 96
26 132 69 94 84
925 752 66 82 68
925 966 41 77 45
925 163 59 69 66
925 863 43 57 45
925 767 37 98 70
976 563 56 90 56
27 866 78 88 86
27 742 31 95 46
866 999 15 47 29
866 65 58 85 65
866 243 67 95 86
866 226 78 99 98
742 492 34 62 47
742 684 44 64 57
742 589 67 81 77
742 873 33 91 75
742 784 19 23 23
742 64 61 73 72
28 479 88 98 92
28 463 30 68 40
28 877 81 83 81
28 909 25 34 26
479 814 65 69 69
479 824 91 92 91
479 979 42 62 51
479 803 48 58 56
463 98 39 57 53
463 40 57 71 63
909 859 79 97 88
909 808 11 84 27
909 977 93 94 94
909 160 64 80 69
29 884 21 58 46
29 808 49 67 62
29 155 26 34 30
29 302 55 99 99
29 941 74 83 75
29 284 28 55 52
884 831 39 46 46
884 88 41 52 45
884 822 23 79 76
302 376 25 52 41
302 635 46 61 61
302 573 76 93 87
302 45 65 71 71
302 51 81 91 86
302 114 37 45 39
941 20 63 89 76
941 395 42 84 47
941 81 80 83 81
941 892 20 90 72
941 206 15 85 34
941 474 65 96 76
284 778 66 79 77
284 103 51 95 90
284 359 40 43 40
284 362 86 88 87
284 322 61 63 62
284 308 36 38 38
284 42 16 50 40
284 574 84 97 84
30 522 48 65 61
30 919 21 90 50
30 704 46 91 67
30 479 48 99 72
30 442 14 63 61
30 502 42 99 95
522 342 43 62 55
522 24 81 90 87
522 92 30 64 39
522 775 85 90 86
919 580 73 99 90
919 336 75 78 76
919 649 66 97 72
442 877 79 90 83
442 726 75 78 78
442 725 37 72 53
442 799 48 58 52
502 336 83 91 85
502 332 35 75 61
502 887 90 96 92
37 590 59 80 60
37 71 89 96 89
37 402 57 76 69
37 838 76 97 86
37 830 12 50 36
32 976 95 99 97
32 611 53 71 71
32 428 61 67 66
32 172 52 89 73
32 56 87 90 88
611 690 38 89 53
611 517 31 55 49
611 474 10 79 24
428 792 21 51 29
428 498 27 99 46
428 747 33 78 63
428 388 64 86 66
172 779 75 83 80
172 164 15 85 53
172 537 86 93 93
172 341 74 81 77
172 4 94 100 98
56 785 60 89 87
56 835 94 97 95
56 964 45 99 96
809 252 56 98 58
809 685 77 82 80
814 799 38 40 40
814 749 82 84 82
814 826 21 69 35
314 512 21 31 28
314 629 32 46 37
314 50 90 98 98
314 87 43 77 63
314 112 23 95 51
631 499 95 100 99
631 451 87 92 89
631 817 24 55 39
631 927 25 72 42
631 279 86 96 87
34 760 35 80 42
34 129 93 99 97
34 747 78 86 84
34 601 19 96 85
34 75 74 76 76
34 603 63 68 64
34 208 64 98 94
34 470 67 83 75
760 495 48 69 55
760 764 72 98 74
760 691 30 67 51
760 115 30 77 52
760 346 16 28 27
129 885 81 97 95
129 318 71 94 89
129 739 72 75 74
747 58 53 86 75
747 826 22 42 25
747 563 61 67 63
601 204 90 96 92
601 780 29 70 45
601 429 38 96 91
601 622 51 74 70
601 797 58 98 95
601 422 60 66 63
75 207 50 98 57
75 297 18 74 69
75 983 47 79 55
603 115 70 86 78
603 151 10 38 20
603 944 60 61 60
603 200 30 90 81
208 836 82 100 96
208 35 95 99 99
208 22 82 84 83
208 75 83 94 93
208 468 17 86 66
208 289 29 74 51
208 963 94 95 94
470 947 76 79 76
470 396 48 87 71
35 18 68 80 79
35 841 27 83 72
35 349 89 98 91
35 334 48 80 66
35 69 40 44 42
841 764 67 73 70
349 937 14 62 34
349 395 20 42 39
349 942 12 96 19
349 478 82 95 85
334 708 47 48 48
69 950 10 22 22
69 399 79 85 81
69 623 13 90 67
69 852 72 100 89
36 488 13 93 43
36 914 35 93 73
36 482 39 82 77
36 942 81 94 84
488 23 25 28 26
488 330 64 77 77
488 537 57 69 62
914 170 43 56 43
914 841 23 61 45
914 341 27 31 29
914 867 24 70 46
482 638 86 87 86
482 897 77 96 83
482 745 57 65 64
482 663 46 88 59
482 223 71 88 71
942 703 14 88 43
942 953 46 77 61
942 241 20 69 69
942 511 16 86 30
942 608 84 96 92
942 157 79 89 88
590 638 79 80 79
590 627 14 85 51
590 816 46 50 47
590 824 39 78 70
71 437 66 69 68
71 321 15 63 41
71 528 35 57 52
71 584 63 67 65
71 662 26 80 39
71 485 63 84 70
71 920 83 84 84
71 999 11 27 23
71 943 73 89 74
71 988 10 78 18
402 448 95 99 96
838 189 42 74 43
838 659 10 62 20
838 167 78 96 93
838 58 61 71 61
838 1 16 75 72
38 621 51 65 54
38 576 42 57 55
38 156 48 82 54
38 263 66 82 80
38 422 88 98 91
38 130 38 48 43
621 722 42 87 75
621 385 72 82 75
621 63 48 78 57
621 747 53 62 57
621 124 90 92 90
576 24 51 54 54
576 255 42 80 56
576 654 78 90 90
576 347 30 89 64
576 5 63 90 71
576 382 27 97 81
576 276 81 97 85
156 904 29 85 66
263 23 42 72 46
263 913 27 59 52
263 638 91 95 93
263 513 69 99 98
263 858 30 55 42
263 543 48 85 75
263 294 38 62 57
130 388 51 53 51
130 810 58 71 67
130 530 31 65 57
130 94 40 73 66
130 16 60 73 62
39 221 89 97 91
39 304 36 74 43
39 636 39 72 44
39 516 26 66 30
39 179 16 87 61
221 607 53 64 63
221 676 40 62 58
221 825 44 85 74
221 406 53 100 90
221 674 40 43 41
304 813 88 98 97
304 685 59 82 70
304 907 24 78 26
304 998 81 99 97
304 310 54 80 76
304 510 64 75 69
636 922 38 88 43
516 157 58 85 58
516 648 83 89 85
516 719 22 68 68
179 174 47 93 56
179 932 75 93 80
179 943 13 47 26
179 929 67 92 90
179 849 84 93 86
179 254 51 70 58
40 350 15 83 56
40 937 47 86 75
40 682 87 91 89
40 374 60 75 74
40 772 88 92 88
40 39 90 97 90
350 248 86 95 95
350 275 78 93 78
350 919 28 90 71
350 677 80 86 83
937 388 27 94 74
937 802 24 36 29
937 921 52 82 71
937 871 81 98 85
682 524 56 76 62
682 278 33 95 61
682 726 86 87 87
682 675 52 99 82
682 677 10 74 35
374 852 27 68 68
374 322 16 18 17
374 107 13 47 35
374 473 88 100 88
772 257 18 88 83
772 308 70 91 83
772 811 25 44 26
772 752 56 83 59
772 922 80 96 83
803 58 10 73 40
803 880 82 84 82
803 127 71 98 95
762 858 42 71 49
762 201 87 90 89
762 180 45 87 83
694 158 55 83 67
694 120 49 58 49
694 382 79 83 79
891 299 30 64 62
891 200 29 31 31
891 840 72 98 98
891 757 19 59 43
891 108 85 91 91
881 108 42 85 66
881 510 16 71 32
43 231 50 79 75
43 565 75 85 79
43 520 94 97 95
43 825 34 97 35
43 331 68 73 73
43 655 21 60 37
231 722 83 100 89
231 177 70 89 86
231 610 30 95 48
231 753 89 92 92
231 566 15 31 18
231 626 67 87 68
565 114 66 93 76
565 953 22 40 31
565 152 20 90 79
520 91 52 80 74
520 296 50 90 52
520 612 95 96 96
825 868 77 79 78
825 862 15 32 28
825 460 56 61 59
825 81 95 100 96
825 856 74 82 81
825 163 34 84 80
825 767 13 24 18
331 135 91 93 91
331 309 65 83 69
331 619 40 60 60
655 12 38 78 41
655 190 88 95 92
655 91 88 96 95
655 435 56 86 80
655 805 18 43 32
655 63 42 43 43
655 754 15 73 72
44 80 27 98 49
44 523 89 96 96
44 292 88 98 95
44 711 85 90 90
44 951 39 91 71
80 727 63 64 64
80 731 36 83 83
80 441 29 99 46
292 674 76 96 76
292 216 80 100 90
711 430 41 63 46
711 783 11 17 14
711 676 45 76 57
711 144 87 88 87
711 620 10 11 10
711 744 58 98 78
711 409 65 83 80
951 429 64 80 64
951 12 69 94 86
951 683 91 95 91
951 551 94 95 94
951 0 64 78 73
619 681 36 93 59
619 378 55 68 60
619 914 53 99 60
619 344 84 94 90
619 325 75 99 85
633 726 84 95 85
633 331 80 83 81
633 105 88 98 98
633 385 17 26 18
633 414 46 51 50
633 173 27 81 40
728 576 65 88 80
728 644 65 70 69
46 170 24 64 49
46 883 85 97 95
46 963 53 61 54
170 13 11 43 27
170 981 44 58 57
170 356 14 74 30
170 60 18 80 21
170 259 49 64 61
170 268 42 85 46
883 873 62 99 64
883 725 27 99 67
883 517 62 87 87
883 623 56 74 69
883 978 13 83 68
963 309 78 86 79
47 632 10 90 73
47 696 90 92 91
632 693 67 97 78
632 592 50 80 76
632 723 58 74 62
632 868 50 93 83
632 150 57 70 58
632 535 16 80 59
632 550 12 92 15
632 810 64 100 79
696 895 23 45 30
696 93 51 53 53
696 970 57 66 66
696 862 93 95 94
696 10 92 93 92
48 312 45 55 46
48 817 13 56 40
48 872 27 91 81
48 311 57 69 69
312 767 64 68 64
312 489 31 67 40
312 211 32 38 32
312 228 36 60 49
817 738 85 86 85
817 286 57 72 64
817 762 28 55 40
817 669 41 70 48
872 38 61 71 64
311 213 58 85 75
311 637 65 76 75
311 633 49 71 69
49 599 14 98 69
49 36 80 96 95
49 418 87 91 87
49 905 52 94 90
49 757 62 66 65
599 411 33 59 54
599 516 31 61 48
599 986 25 80 75
599 148 51 58 51
599 223 75 90 90
418 26 38 73 50
905 834 29 90 43
905 8 28 54 36
757 959 18 27 25
757 488 31 53 39
757 426 35 73 53
757 289 74 84 74
757 991 87 99 88
757 21 23 58 38
50 430 21 98 82
50 587 24 78 52
50 693 38 79 54
50 892 87 88 88
50 586 67 84 80
430 925 74 94 81
587 555 86 92 88
587 59 51 88 75
587 504 15 94 27
587 31 70 72 70
693 131 53 89 54
693 191 31 89 61
693 13 66 71 68
693 160 24 91 33
892 727 85 89 89
892 737 12 95 33
892 214 52 69 64
586 544 80 91 80
586 229 53 70 69
586 226 14 21 14
586 77 66 73 68
586 675 77 100 98
586 898 64 74 64
586 129 81 98 92
51 62 32 68 54
51 254 18 93 33
51 230 68 98 94
51 814 34 84 76
62 436 42 73 56
62 765 11 62 41
62 185 32 73 58
254 199 22 98 45
254 396 50 85 79
254 656 59 95 65
254 892 35 66 41
230 386 26 54 33
230 903 48 56 49
230 301 39 83 69
230 439 26 97 44
230 352 41 82 48
230 371 15 68 41
52 383 51 62 55
52 541 17 100 41
52 274 21 22 22
52 923 32 95 67
383 241 72 81 74
383 638 42 68 53
383 350 63 68 66
383 578 36 61 60
383 511 73 86 81
383 134 61 64 63
541 159 75 87 81
541 861 66 73 69
923 72 94 100 95
923 733 55 69 55
923 732 15 87 45
923 681 43 98 73
923 489 17 45 20
923 847 85 97 95
923 192 41 80 47
53 704 63 94 70
53 859 13 55 47
53 997 71 89 78
53 379 45 88 84
53 421 18 22 21
53 294 25 65 62
53 314 63 81 71
53 885 71 79 76
859 75 95 98 97
859 562 88 100 100
997 837 90 96 91
997 29 73 93 85
379 946 15 57 17
379 833 81 93 83
379 709 80 84 83
379 320 13 53 25
379 954 13 62 58
421 161 20 88 38
294 961 64 71 64
294 465 56 90 89
294 449 11 59 50
54 239 12 51 21
54 286 75 85 85
54 939 45 90 68
54 352 83 95 83
54 745 93 99 98
54 177 74 95 85
54 834 13 98 17
239 652 50 88 70
239 398 76 82 80
239 896 69 78 74
286 225 77 86 85
286 940 14 75 46
286 479 54 98 77
939 131 58 92 89
939 656 36 66 62
939 396 62 74 69
939 180 48 75 66
352 206 22 51 38
352 997 35 70 51
352 992 53 59 58
352 967 85 95 88
352 793 95 100 95
352 731 12 37 23
745 768 68 69 68
745 165 84 100 100
745 937 30 77 46
177 961 21 61 39
177 201 38 79 76
834 485 20 54 44
834 795 80 94 92
834 227 77 88 85
834 916 17 20 18
834 86 26 73 37
55 886 20 28 20
886 943 94 98 98
886 296 64 70 66
886 629 37 45 39
785 942 16 89 81
835 174 31 35 34
835 616 46 100 96
964 922 91 93 92
964 192 74 80 75
964 174 50 65 64
964 501 29 35 29
964 43 48 84 73
57 408 27 97 33
57 798 69 96 74
408 305 20 71 28
408 597 59 98 90
408 355 39 79 61
798 693 31 65 46
798 660 69 79 71
798 51 52 86 86
798 171 55 68 61
798 854 58 80 72
798 183 88 96 91
58 468 72 74 74
58 426 72 96 79
468 31 32 54 47
468 116 78 92 87
468 883 67 93 72
468 392 92 100 96
468 394 72 76 75
468 978 85 99 93
468 461 17 42 39
468 465 34 54 49
426 995 72 81 80
426 901 59 68 60
426 263 85 98 87
426 533 76 84 77
426 954 10 47 15
59 830 29 97 90
59 940 60 88 65
940 118 31 42 36
940 138 13 96 23
60 970 52 79 75
60 338 10 83 51
60 358 73 84 84
338 134 13 85 45
338 641 45 65 62
338 575 11 38 32
338 428 93 94 94
358 8 72 82 77
358 26 36 68 51
358 62 67 76 72
358 995 70 77 70
358 260 84 90 90
61 11 71 83 82
61 398 41 55 46
61 884 87 97 92
61 514 92 99 96
61 525 85 86 86
61 324 51 84 69
514 885 62 81 70
514 840 24 30 24
514 352 92 94 93
525 590 25 51 40
525 413 83 94 88
324 993 91 98 98
324 96 21 61 39
324 358 68 81 75
324 970 87 96 90
324 673 40 63 55
436 493 25 50 38
436 431 81 83 83
436 809 65 95 82
436 489 36 62 51
436 778 34 73 36
436 594 24 72 41
436 487 39 61 56
436 967 46 68 50
436 249 65 98 77
765 439 92 94 92
765 630 52 89 52
765 68 65 75 75
765 289 16 86 47
765 342 89 95 90
185 94 36 65 48
185 475 16 81 54
185 950 46 81 61
185 859 68 76 75
185 53 77 89 77
64 917 71 82 75
64 811 84 94 94
917 934 50 65 60
917 453 79 89 85
811 973 88 95 91
811 348 22 61 50
811 593 38 93 65
65 226 49 73 50
226 322 79 87 85
226 484 80 92 82
226 328 20 28 27
66 300 13 43 30
300 470 11 21 15
300 619 86 92 86
300 921 87 95 87
300 70 31 73 47
67 199 61 86 70
67 911 76 86 79
67 614 65 94 78
911 963 31 91 69
911 509 15 85 63
911 798 22 51 33
911 130 48 78 66
911 645 47 97 97
911 275 56 67 58
911 350 43 93 61
614 369 17 97 35
614 5 20 91 29
614 144 45 62 46
614 149 27 97 48
614 464 59 73 69
614 205 36 76 43
589 31 55 84 65
589 830 33 47 47
589 520 78 87 79
589 625 14 33 31
533 543 56 90 61
533 969 26 95 42
533 303 25 77 75
904 895 56 99 63
904 500 46 76 51
204 732 86 87 86
204 23 94 97 97
204 592 76 77 77
204 317 92 95 95
203 369 69 72 72
203 921 71 76 72
203 750 31 56 38
203 432 50 57 50
203 381 27 66 33
203 219 58 79 60
203 727 56 58 57
203 97 57 63 60
203 612 70 86 84
169 78 39 81 47
169 555 72 78 74
169 983 23 30 25
980 633 83 89 89
980 903 56 60 58
110 598 31 91 78
950 529 23 69 67
950 899 38 71 67
399 927 63 69 66
399 734 42 44 42
399 936 94 99 99
399 547 19 88 87
623 789 85 86 85
623 552 16 92 42
623 147 79 82 79
623 681 17 37 29
852 296 54 81 59
70 577 16 28 24
70 628 95 99 96
70 504 76 83 82
577 524 48 54 49
577 178 30 63 60
577 380 44 94 92
577 310 50 68 64
628 85 38 88 49
628 96 71 99 81
628 776 23 40 25
628 487 64 86 69
628 351 46 67 53
628 86 20 45 44
504 116 23 24 24
504 476 13 35 21
437 556 74 94 83
437 279 78 88 83
437 133 48 67 61
528 20 28 58 35
528 347 10 91 69
528 29 25 91 49
528 213 70 100 86
528 476 74 94 85
528 793 79 81 80
528 999 32 90 53
528 714 36 98 86
584 987 61 72 64
584 265 48 74 69
584 313 83 87 84
584 434 88 99 94
485 314 93 100 100
485 262 16 58 30
485 964 93 97 93
920 178 90 94 94
920 669 31 49 47
920 711 54 70 59
920 870 87 89 89
920 53 14 86 27
920 353 75 89 77
920 953 81 84 82
999 458 13 84 70
999 946 57 70 59
999 226 39 96 85
999 755 80 90 88
943 577 17 28 27
943 807 62 94 88
943 722 94 95 95
943 836 66 68 66
943 242 16 64 49
988 977 48 98 93
988 969 93 97 96
988 77 18 28 28
988 197 36 38 37
988 868 86 91 86
988 213 47 91 87
988 317 79 98 80
72 973 88 91 89
72 709 80 93 93
973 929 42 93 83
973 217 77 96 81
709 278 10 100 48
709 841 74 84 78
709 704 41 67 50
73 494 12 46 17
73 458 34 40 36
73 995 35 83 68
73 870 74 95 85
458 598 12 50 18
458 789 17 82 33
458 37 89 93 90
458 935 62 73 67
458 426 84 98 96
458 377 11 51 26
458 4 79 88 84
458 206 74 92 87
458 216 15 42 40
458 677 32 95 89
995 700 20 77 56
995 90 82 97 85
995 720 58 66 65
995 486 33 100 38
995 814 60 62 60
995 255 77 91 91
870 907 20 94 64
870 827 54 56 56
74 677 42 100 65
74 973 81 94 81
74 362 73 82 79
207 73 56 86 84
207 176 23 79 31
207 794 14 83 80
207 42 69 83 81
207 416 11 100 77
297 144 45 53 50
297 746 43 91 70
297 347 16 32 24
297 731 79 84 80
297 546 41 90 77
76 223 78 80 79
76 419 48 50 48
76 219 61 87 64
76 336 58 68 63
76 337 10 97 89
419 821 78 95 93
419 474 12 56 37
219 333 42 91 64
219 548 78 95 92
219 386 93 94 94
219 724 10 47 21
219 171 73 74 73
336 785 75 85 76
336 150 70 91 73
336 768 44 88 52
336 448 34 100 90
337 27 50 83 65
337 133 27 28 28
77 205 54 55 54
77 987 67 92 79
77 980 93 98 94
205 755 95 99 95
205 960 61 69 69
205 221 12 39 30
205 90 77 83 82
205 143 47 97 55
987 426 19 71 19
987 448 30 78 48
78 240 66 96 92
78 237 16 100 79
78 106 67 89 67
78 225 25 100 59
78 358 89 98 90
78 188 80 96 82
78 742 65 99 88
78 753 32 40 37
78 799 91 97 94
240 987 70 71 70
240 92 93 96 94
237 772 51 81 58
106 297 53 63 60
106 152 94 100 96
225 877 41 89 67
225 299 43 58 57
225 241 60 69 60
225 305 71 87 84
188 113 72 98 81
188 253 11 99 27
188 849 73 97 94
188 447 90 95 91
188 559 86 99 97
188 859 81 86 86
799 366 77 80 80
799 827 26 60 33
799 834 65 93 80
799 960 20 72 45
799 272 48 98 66
799 423 23 71 68
799 233 95 99 97
799 137 60 85 80
489 751 11 52 23
489 191 76 94 77
489 378 70 76 74
489 232 75 85 77
815 502 70 73 73
815 272 71 89 79
815 506 52 80 80
507 145 18 56 55
507 466 56 93 93
507 27 40 52 41
731 153 48 76 55
731 942 29 47 36
731 517 64 67 66
731 382 91 97 95
81 453 62 71 62
81 182 84 97 95
81 697 53 59 59
81 219 66 67 67
453 252 66 75 71
182 369 70 80 79
182 164 68 94 75
182 278 39 98 68
182 775 53 82 81
182 408 66 97 71
182 354 49 72 51
182 529 90 97 93
182 548 27 59 39
697 357 48 89 63
697 41 93 96 95
697 302 18 19 19
697 624 14 69 27
697 46 32 52 50
82 70 82 99 82
82 766 11 61 24
82 194 42 90 59
82 130 39 41 41
766 321 71 77 72
766 838 31 50 32
194 100 17 37 24
194 469 63 82 64
194 89 87 90 90
194 523 94 100 96
194 708 88 96 93
194 343 38 83 39
83 139 90 94 90
83 162 95 99 98
83 931 44 46 45
83 563 58 87 79
83 665 91 93 91
139 805 19 78 46
139 480 19 35 29
139 913 33 48 37
931 5 10 39 22
931 553 33 46 45
931 594 60 70 70
563 408 77 92 92
563 253 35 85 47
563 829 22 49 35
563 840 11 99 97
665 892 20 90 74
665 143 45 52 48
665 241 26 43 26
665 307 86 91 89
665 850 34 79 59
665 295 56 78 63
84 400 73 87 85
84 126 63 71 66
84 611 21 96 81
84 248 25 33 32
84 837 61 68 68
84 477 52 56 54
84 848 56 57 57
400 338 38 87 44
400 403 72 82 72
400 372 15 61 42
400 658 53 81 70
400 104 49 100 62
400 97 17 76 26
126 871 94 95 95
126 914 80 95 89
126 884 27 53 46
126 928 55 86 82
126 584 20 46 31
126 617 25 82 28
248 778 85 87 85
248 391 36 82 78
248 976 74 77 75
248 296 35 66 47
248 808 82 88 85
248 328 35 52 37
837 363 83 96 87
837 565 62 81 67
837 435 83 85 85
837 637 95 97 96
837 591 68 93 77
837 811 56 75 72
837 290 60 75 72
477 260 13 66 46
477 754 84 96 96
477 361 80 95 88
477 730 83 85 85
477 379 10 96 28
477 995 66 89 72
848 740 84 100 96
85 371 93 97 97
85 577 83 99 89
85 274 26 76 48
85 326 70 94 91
371 751 27 52 42
371 117 17 19 19
371 991 41 82 72
371 988 69 91 72
371 143 21 24 24
371 814 25 96 50
371 35 26 35 28
326 832 15 100 72
326 121 45 60 53
326 194 55 91 87
326 975 34 64 54
326 436 84 98 87
86 81 33 76 37
86 654 43 70 53
86 179 19 45 24
654 461 68 88 75
654 674 21 70 69
654 33 79 88 79
414 732 94 96 95
414 194 58 66 58
414 356 30 86 69
414 329 25 44 33
414 699 82 89 83
241 550 88 92 88
241 673 68 85 77
317 859 44 57 51
317 373 62 84 73
317 388 42 53 48
800 383 57 61 59
800 894 55 86 79
800 277 14 40 33
88 642 44 92 67
88 840 63 97 71
88 395 67 94 73
88 588 19 71 23
88 498 14 68 58
642 696 23 89 48
642 975 72 78 76
642 637 31 39 36
840 675 66 68 68
840 511 73 74 74
840 666 80 98 83
840 706 75 79 76
840 332 14 75 31
840 725 32 38 32
840 736 13 79 14
840 145 53 79 71
840 99 54 89 77
395 975 48 77 59
395 964 44 51 51
395 42 11 39 13
395 486 56 77 63
395 427 51 71 70
395 840 49 50 50
395 380 16 30 25
395 868 15 61 61
395 859 34 98 68
498 480 81 91 91
498 492 18 38 21
498 33 58 72 71
89 799 92 94 92
89 330 53 99 60
89 456 11 47 19
456 430 51 89 62
456 14 52 69 61
456 164 20 40 30
456 84 58 78 74
90 552 62 90 76
90 637 87 97 94
90 512 42 51 47
552 553 83 95 85
552 987 40 89 75
552 499 80 81 80
552 176 61 84 79
552 332 45 88 86
552 400 15 66 60
637 432 26 38 27
637 611 60 79 65
637 667 32 78 48
637 473 22 67 56
512 993 84 92 90
512 137 57 100 61
512 112 25 53 47
512 63 44 77 50
512 1 48 100 60
91 723 63 79 75
91 742 51 90 53
91 791 66 68 67
723 858 83 100 99
723 491 74 76 74
723 629 35 39 38
723 192 72 88 80
791 101 91 96 94
791 774 59 98 78
791 512 37 75 37
791 813 89 95 94
791 81 23 92 86
92 210 58 76 64
92 47 11 60 54
92 609 77 87 79
92 269 76 94 83
92 113 74 82 76
92 314 44 66 44
92 69 38 64 60
210 819 68 75 70
210 244 89 97 94
210 928 71 96 94
210 993 41 47 44
210 95 78 89 86
269 723 58 64 62
269 796 63 80 64
269 580 75 87 79
269 602 65 95 80
269 508 80 93 86
113 485 71 81 74
113 376 48 67 48
113 351 11 32 23
93 200 43 99 75
93 70 13 100 50
93 780 83 91 90
93 767 71 96 81
93 450 18 91 42
200 313 15 20 16
200 946 41 51 48
780 935 77 95 89
780 350 87 97 97
780 974 56 92 92
780 565 55 62 59
780 191 56 76 71
767 963 12 23 14
767 92 38 56 51
767 235 46 58 51
450 321 77 95 77
450 184 80 91 86
450 205 82 88 88
94 453 21 80 62
94 857 88 98 95
94 91 76 85 78
857 996 66 69 69
857 167 13 67 47
95 975 61 82 68
95 112 89 91 91
975 515 56 97 66
975 491 89 91 89
975 481 48 72 66
975 179 73 93 92
112 492 12 66 15
112 755 59 63 63
112 926 88 92 92
112 378 56 84 75
96 994 91 95 95
96 806 87 90 87
96 664 56 67 58
994 920 75 91 81
994 175 69 97 96
994 110 82 92 87
806 135 66 96 66
806 336 23 52 44
806 344 77 86 85
806 788 27 99 56
664 614 28 63 47
664 444 10 30 26
664 256 75 87 86
97 933 41 42 42
97 201 68 69 68
97 461 76 96 81
97 787 20 43 34
97 905 74 92 80
97 173 69 91 69
933 293 36 95 40
933 438 17 18 18
461 476 25 45 33
461 172 18 44 27
461 182 38 56 42
787 764 88 91 89
787 310 67 70 70
787 798 81 87 85
787 401 79 84 82
173 583 84 92 90
173 814 91 97 92
173 129 51 56 56
98 856 12 83 45
856 63 84 97 96
856 578 61 93 89
99 365 46 62 46
99 423 66 69 69
99 793 36 47 45
99 932 44 73 56
99 384 74 81 78
99 111 86 97 94
365 968 78 98 92
365 502 32 58 46
365 815 32 54 39
365 798 14 18 17
365 637 27 84 44
365 807 45 90 69
423 898 94 95 95
423 352 88 98 91
423 814 27 58 47
423 44 35 89 37
423 310 19 96 35
423 126 19 57 54
793 673 10 44 13
793 936 18 71 43
793 80 73 89 89
793 234 93 98 93
111 765 26 43 43
111 723 65 82 74
111 592 19 73 61
100 45 73 76 76
101 401 20 39 33
101 242 87 88 87
101 861 83 98 86
101 297 77 91 85
101 330 72 83 77
101 170 73 97 97
401 568 62 76 67
861 135 40 45 44
861 608 13 52 47
861 887 50 96 83
861 899 10 82 16
861 266 45 84 57
861 126 72 74 72
102 98 65 98 89
102 599 54 57 57
102 194 93 96 95
102 99 10 80 79
102 516 89 100 91
103 606 27 62 50
103 987 13 82 39
606 434 37 40 40
606 676 26 77 49
606 32 77 97 81
606 270 80 87 84
606 398 10 62 56
606 879 95 100 97
104 593 27 30 27
104 746 74 77 75
104 430 34 72 47
104 697 52 85 64
593 518 66 85 79
593 764 74 99 81
593 589 87 89 87
746 990 13 85 53
746 438 65 97 93
746 500 15 87 74
746 884 14 28 18
105 427 64 88 73
105 314 89 96 90
105 383 95 98 95
105 947 67 72 68
105 227 17 28 20
427 995 28 42 40
427 987 61 93 92
947 663 58 73 58
947 168 17 96 27
227 114 73 82 80
227 899 73 95 79
227 707 24 71 43
227 317 57 65 64
227 966 49 60 51
152 999 74 97 91
152 972 42 80 61
107 164 16 45 23
107 36 36 55 45
107 811 24 27 26
107 394 34 99 58
164 702 36 64 63
394 369 69 94 82
394 404 66 73 72
394 964 57 74 60
394 844 23 50 31
158 588 92 95 94
158 260 72 85 74
158 918 77 95 94
158 709 29 43 31
158 300 48 58 55
158 108 82 99 88
562 747 47 89 63
562 160 76 79 76
562 726 18 51 28
562 967 69 74 71
562 761 85 89 85
562 975 89 93 91
562 334 70 93 76
562 994 92 97 96
562 372 48 84 48
264 444 88 92 89
109 432 32 75 49
109 19 24 42 39
109 311 90 99 91
432 615 16 62 20
432 277 32 88 69
432 577 40 54 50
432 111 94 98 95
432 722 24 89 71
598 496 45 61 59
598 863 25 33 33
598 581 15 84 54
592 982 93 100 98
592 360 62 67 63
592 645 24 70 49
755 208 64 74 70
755 756 23 60 42
755 191 37 66 51
755 961 79 95 87
926 637 50 59 51
926 568 62 70 70
378 900 85 96 88
378 887 28 43 38
376 96 37 44 41
376 196 94 95 95
376 151 94 100 95
376 801 82 85 83
376 806 91 97 96
376 965 93 94 94
351 411 23 66 56
351 868 11 58 46
351 95 35 98 94
351 768 38 80 44
351 272 24 82 51
351 972 17 73 73
114 805 46 81 71
114 140 37 84 68
114 334 44 59 56
805 231 77 78 78
140 671 48 97 48
140 408 10 84 63
140 10 49 89 55
115 761 14 64 18
115 702 69 80 72
115 157 78 85 79
115 628 89 90 89
761 631 39 76 61
761 617 63 91 80
761 437 22 48 43
761 338 55 94 92
761 53 40 76 67
761 151 12 75 36
761 461 91 97 91
761 456 69 90 82
702 623 75 89 76
702 695 85 87 87
702 704 88 91 90
157 172 55 85 58
157 108 43 65 51
157 549 66 84 84
116 61 16 55 32
116 811 46 86 61
116 561 82 89 86
116 115 21 54 49
116 521 23 69 63
116 750 62 81 64
116 35 78 85 80
116 932 19 52 37
116 234 75 83 83
116 703 51 95 52
521 606 29 48 33
521 419 88 94 91
750 325 26 42 29
750 449 26 47 45
234 311 36 72 61
234 333 20 85 45
234 684 64 79 75
234 559 95 96 95
703 505 35 71 64
703 219 17 67 58
703 145 10 82 76
703 567 94 99 97
703 919 48 98 76
117 32 32 33 32
117 707 18 58 54
707 429 58 93 89
707 740 82 97 93
707 554 16 83 55
707 691 67 76 75
707 594 18 72 33
707 103 40 57 43
707 5 56 87 63
707 701 12 41 25
118 479 21 23 22
118 54 40 84 63
118 197 68 83 68
118 29 13 48 17
118 191 24 61 27
197 318 43 46 44
197 822 47 71 69
197 890 76 84 81
197 388 69 85 81
197 953 46 97 91
197 375 31 62 56
191 281 35 53 39
191 776 20 52 32
191 818 88 97 91
191 577 42 97 84
191 549 18 49 30
191 982 47 56 48
119 636 31 94 78
119 541 80 94 81
417 673 41 56 44
417 29 76 83 79
417 279 51 91 83
417 367 26 31 28
417 508 42 76 57
824 714 40 83 58
824 53 46 51 51
824 521 55 71 57
824 627 68 76 69
824 757 27 52 52
121 852 31 66 38
121 266 34 35 34
121 104 29 74 56
121 429 81 87 86
266 374 32 68 48
266 535 40 54 46
266 117 90 96 95
429 213 13 63 17
122 350 68 81 77
122 514 31 32 32
122 618 17 81 62
618 787 44 94 67
618 191 88 89 88
618 4 86 98 87
123 197 56 87 80
123 861 16 38 23
123 503 77 93 80
503 272 76 86 86
503 270 35 75 51
503 667 79 89 83
503 953 76 100 79
503 566 63 71 63
503 83 41 58 55
503 447 67 77 77
124 549 52 64 60
124 849 69 89 77
124 701 81 88 84
549 784 23 47 40
549 277 63 71 65
849 194 68 99 69
849 189 71 83 82
849 825 82 88 87
125 57 74 76 74
125 390 58 64 58
125 73 65 89 76
928 542 22 88 43
928 460 31 65 36
617 209 22 51 43
617 44 19 89 70
617 95 49 54 53
127 263 70 89 72
127 448 16 74 55
127 14 71 80 79
127 896 66 69 68
448 569 50 73 73
448 64 37 50 39
448 349 65 81 77
448 367 88 99 97
896 178 77 91 82
896 447 67 93 83
896 354 75 86 79
896 166 37 92 73
128 661 81 99 89
128 81 35 39 37
128 804 24 67 28
661 10 60 97 63
804 361 83 97 85
804 19 33 54 36
804 803 92 99 94
804 323 76 78 76
804 584 20 23 22
318 585 42 43 43
318 980 82 98 90
318 297 52 53 53
739 264 41 43 43
739 580 77 85 82
739 652 12 63 47
388 873 81 87 83
388 788 27 55 53
388 81 30 88 83
810 566 83 100 84
810 433 20 95 79
810 691 67 80 80
810 550 62 93 71
810 409 55 87 71
810 636 19 43 34
810 794 80 93 93
810 29 20 49 47
810 606 76 92 78
810 720 77 92 83
810 871 39 58 43
530 280 54 83 80
530 773 77 97 79
530 227 77 99 93
530 594 31 71 55
530 950 63 76 63
530 674 48 100 88
530 577 35 48 42
131 858 66 98 71
131 173 47 90 86
131 847 52 88 73
131 567 81 84 84
131 2 25 90 81
858 784 21 49 39
858 776 16 44 44
858 427 27 49 35
858 726 89 98 91
858 259 94 96 96
858 938 82 84 83
847 66 29 78 46
847 567 73 79 77
847 582 37 40 37
847 963 57 80 61
847 99 20 49 43
567 930 22 74 24
567 856 11 49 21
567 290 32 77 34
567 837 80 91 83
567 62 34 71 36
567 60 56 64 64
567 165 17 87 54
796 850 95 96 95
796 622 61 81 70
796 332 14 67 15
796 226 38 86 60
796 222 65 87 81
279 942 50 71 71
279 432 67 100 100
279 185 17 100 45
279 55 78 90 90
279 759 26 31 31
133 442 82 91 90
133 286 23 37 31
133 223 40 100 76
133 897 93 96 94
897 440 71 77 75
897 217 10 36 34
134 93 12 58 27
134 862 61 75 69
134 848 40 87 75
134 32 27 45 39
862 834 92 100 100
862 49 37 80 64
862 450 52 83 80
135 331 56 67 59
135 107 53 80 62
135 648 68 74 74
648 269 18 92 73
648 308 95 96 95
648 915 73 78 76
648 253 22 45 25
136 84 21 66 64
136 540 13 29 26
137 375 68 91 71
137 995 49 57 57
137 161 41 53 48
137 613 66 99 76
375 782 13 66 40
375 916 93 96 95
375 253 37 60 53
375 877 19 33 29
375 353 19 26 26
375 39 30 38 32
161 361 27 52 44
161 755 90 93 92
161 422 89 97 92
161 2 44 60 53
138 850 75 99 78
138 566 89 96 91
138 340 15 72 24
138 664 52 96 86
138 149 38 39 38
138 836 13 37 20
138 323 73 96 93
850 891 84 88 84
850 819 25 95 90
850 388 54 88 63
850 637 40 92 64
850 155 65 94 83
566 293 22 44 39
566 161 35 60 56
566 991 41 89 77
566 484 25 33 28
566 194 30 75 41
566 93 82 97 92
340 575 73 97 85
340 860 82 86 84
340 278 81 100 93
340 18 15 63 24
340 134 14 60 53
149 85 42 66 58
149 602 59 70 62
149 370 25 73 25
149 179 19 51 26
836 313 27 55 31
836 199 90 98 98
836 521 79 81 80
836 782 87 99 95
836 322 47 90 55
836 810 54 55 54
323 154 57 94 91
480 347 19 55 34
913 408 11 32 12
913 206 91 95 95
913 630 32 55 45
913 777 95 100 99
913 329 19 39 23
671 446 65 79 76
671 496 53 61 54
141 183 58 65 60
141 396 40 43 42
141 372 47 87 78
141 422 42 61 48
183 716 85 94 92
183 160 72 100 98
183 110 63 68 64
183 78 21 53 49
183 702 14 61 33
183 943 41 48 45
396 719 46 81 54
396 886 48 62 54
396 124 28 47 38
372 27 95 96 96
372 461 89 96 90
372 699 71 96 88
372 53 78 89 84
372 893 75 76 75
372 687 44 66 49
142 92 51 63 51
142 911 50 87 83
142 48 20 38 36
142 415 21 39 36
142 232 17 75 23
232 143 17 64 46
232 265 74 95 74
232 784 93 94 93
232 637 51 93 54
232 171 95 97 95
143 3 27 60 29
143 86 26 52 31
144 871 48 90 88
144 210 95 97 97
144 309 84 97 90
144 784 62 70 64
309 807 52 55 55
309 422 27 70 46
309 510 67 81 70
807 461 18 100 85
807 823 49 80 65
807 381 14 82 27
807 776 32 47 47
807 850 67 85 84
807 356 45 69 48
807 800 55 80 71
853 107 33 43 37
853 887 70 71 70
853 832 24 70 43
211 672 35 96 47
146 214 66 68 68
146 371 87 97 95
214 456 19 77 50
214 54 90 91 91
214 312 41 52 52
214 900 22 67 51
147 927 36 67 41
147 75 59 92 87
147 991 92 100 93
147 301 84 97 95
147 811 76 81 80
991 936 49 72 69
991 553 94 100 94
991 625 10 22 11
991 838 69 79 70
301 352 82 94 93
301 728 59 63 62
301 332 31 60 60
301 611 57 85 85
301 165 18 99 63
148 842 19 25 21
148 305 33 91 34
148 247 24 98 33
148 917 70 81 77
148 711 91 93 91
148 789 44 62 47
148 672 18 44 34
842 733 17 75 52
842 178 74 92 82
842 237 11 25 24
842 538 12 62 48
305 189 55 87 81
305 560 58 92 71
305 217 64 86 86
305 958 75 83 79
305 527 86 97 86
305 439 45 82 68
305 680 43 70 69
247 427 73 86 79
247 824 53 88 64
247 177 61 65 62
247 775 27 47 42
247 405 75 92 77
247 434 50 93 80
247 313 30 79 35
247 356 59 75 69
247 880 88 90 88
789 861 20 22 22
789 597 24 63 44
789 756 25 91 64
789 746 94 96 96
789 344 88 100 93
789 696 91 99 91
672 814 61 74 68
672 462 72 92 87
672 842 41 80 53
672 423 74 88 74
672 55 62 81 71
672 644 51 72 65
602 459 26 86 70
602 301 70 94 83
602 380 47 87 82
370 726 43 96 87
370 108 32 92 53
370 798 73 99 76
370 245 76 93 92
370 538 72 77 76
370 768 90 98 97
370 716 56 59 59
150 651 31 69 63
150 520 46 71 60
651 370 10 20 16
651 405 71 85 77
651 201 23 84 50
151 535 22 99 29
151 401 88 92 91
151 772 70 91 83
535 294 67 68 68
535 208 33 58 37
535 25 52 67 64
535 377 44 49 49
535 358 32 89 35
535 506 51 55 52
972 97 19 54 34
972 741 13 22 22
153 542 54 81 58
153 406 48 81 64
153 35 88 90 89
153 847 75 96 75
542 930 58 73 73
542 135 86 100 89
542 165 51 70 55
406 837 41 57 50
154 918 91 99 97
154 623 83 87 86
154 864 48 52 50
918 246 89 97 92
918 209 24 29 28
918 159 49 50 49
918 3 36 52 51
918 296 41 42 41
918 599 23 48 39
918 233 78 89 88
864 737 66 83 75
864 776 46 49 49
864 54 30 43 30
864 979 28 71 61
666 145 55 75 60
666 411 68 78 70
666 151 88 98 96
666 950 60 88 62
666 945 39 65 40
666 821 72 99 83
666 716 40 65 48
756 747 36 71 61
756 327 15 23 21
756 622 56 91 91
756 598 15 59 59
955 786 56 74 64
955 234 16 99 35
955 144 12 96 83
955 884 36 99 46
955 297 73 82 74
955 209 90 93 93
955 417 76 91 79
955 413 50 93 69
260 244 94 96 94
260 458 26 81 69
260 726 27 69 45
260 71 24 61 41
260 37 23 81 33
260 178 84 87 84
159 935 49 68 49
159 954 10 81 37
935 429 21 68 30
935 412 51 78 57
935 895 35 54 40
954 288 23 40 28
954 18 23 56 53
954 113 22 61 33
954 943 63 83 69
160 78 57 93 82
160 746 31 57 31
160 176 59 97 64
160 32 55 58 58
160 760 43 57 52
160 773 90 98 93
160 108 72 88 86
773 460 28 96 29
773 229 63 75 73
773 366 85 95 91
773 349 59 68 61
773 643 25 70 52
361 178 12 18 14
361 348 75 92 87
361 34 10 20 17
361 934 50 60 51
361 451 81 82 81
361 502 39 53 39
965 187 65 88 88
965 214 48 98 51
965 682 23 53 53
184 447 31 57 35
184 50 91 92 92
184 108 21 86 36
163 553 25 61 61
163 47 28 78 65
163 737 68 86 84
163 663 67 68 68
163 965 87 91 90
163 430 58 90 81
163 918 58 63 62
163 145 32 33 33
163 888 18 33 24
163 514 21 25 24
553 583 73 76 74
553 31 41 82 46
737 978 60 83 83
737 290 14 71 15
737 777 79 100 94
737 396 75 92 91
663 692 10 82 30
663 139 25 72 26
888 380 77 88 80
888 365 50 62 54
888 986 11 22 18
888 855 72 93 79
888 499 82 94 83
888 934 25 91 32
639 284 20 49 45
639 746 17 93 63
639 608 45 59 46
639 419 32 80 61
166 554 79 87 82
166 818 81 84 84
166 74 49 66 54
166 517 87 93 90
554 736 76 89 89
554 182 38 98 56
554 808 80 82 81
818 261 45 99 75
818 397 74 78 75
818 292 26 100 95
818 694 73 74 74
517 805 30 87 48
517 722 37 61 49
517 828 31 87 55
517 653 25 85 45
517 746 25 99 66
167 49 44 75 52
167 375 58 60 60
167 898 89 98 92
167 614 87 95 89
898 327 38 80 77
898 65 67 69 68
898 726 83 87 86
898 716 63 73 70
898 565 69 91 84
168 971 56 92 75
971 950 79 99 82
971 513 72 98 94
971 870 26 77 64
555 852 67 81 74
555 877 84 91 87
555 869 36 86 51
555 233 93 95 94
981 238 21 77 66
981 505 40 64 46
356 287 49 50 50
356 583 64 91 64
259 421 17 42 40
259 643 13 96 51
259 493 59 66 66
259 225 10 94 74
268 607 60 95 87
268 184 86 92 88
268 364 19 33 28
268 909 22 84 31
268 99 52 99 68
268 801 94 100 99
171 118 28 36 30
171 393 65 82 69
171 137 36 41 41
171 197 71 74 73
171 645 10 86 28
171 266 57 67 65
171 828 57 76 63
171 520 25 50 49
171 79 63 87 65
393 163 42 76 68
393 221 12 24 12
393 448 57 92 86
645 152 75 100 80
645 952 79 91 82
645 86 92 99 98
645 716 15 79 56
645 285 83 89 89
645 227 11 82 71
828 19 56 81 80
828 703 69 80 74
828 203 70 73 73
828 60 89 99 94
779 767 21 89 44
779 676 19 60 31
779 783 55 61 56
779 473 63 81 69
537 613 77 95 92
537 795 36 63 36
537 944 51 70 68
537 851 50 62 50
583 649 29 37 30
583 460 14 18 15
174 787 36 68 56
174 603 18 37 37
174 675 88 94 90
174 918 51 66 55
675 95 14 20 18
675 338 30 90 84
675 905 47 88 63
675 884 16 28 21
675 470 91 99 92
675 870 69 81 72
675 388 22 47 32
175 883 45 60 46
355 950 34 71 50
355 171 72 76 74
355 587 23 68 26
708 558 56 74 74
708 488 89 90 89
708 957 38 47 43
708 13 38 66 65
708 581 68 73 68
624 511 15 97 43
624 701 11 93 21
624 1 88 90 90
624 657 50 55 50
624 78 18 36 35
624 681 13 73 35
624 962 37 91 68
624 641 92 95 93
681 850 51 58 51
961 285 57 70 58
961 724 27 51 38
178 554 76 94 88
178 913 22 65 34
929 345 33 90 84
180 148 29 83 48
180 173 59 83 65
180 157 26 32 32
181 249 16 31 18
181 122 52 90 56
249 553 25 71 40
249 925 45 94 77
249 655 90 93 93
249 639 40 100 80
278 871 55 79 74
278 474 91 95 95
278 953 83 90 84
278 331 35 92 47
354 314 66 68 67
529 370 36 56 49
529 81 62 67 62
529 174 10 16 13
548 721 20 94 54
447 287 11 87 47
447 268 77 86 80
447 805 91 93 91
447 245 11 25 15
447 310 91 94 91
447 697 56 76 66
447 701 66 83 76
186 553 45 71 53
187 624 58 82 73
187 663 35 69 66
253 753 56 82 56
253 502 83 96 91
253 701 82 91 85
253 375 21 60 23
253 754 36 37 37
253 103 63 82 77
559 294 88 98 89
559 114 71 76 73
559 247 28 92 30
559 267 23 40 29
559 240 23 65 56
559 290 31 39 32
189 333 87 99 95
189 227 69 73 70
333 170 46 54 50
333 642 81 98 81
333 972 57 67 64
190 893 29 39 33
190 282 37 88 66
893 158 42 95 69
893 651 46 97 90
776 6 68 77 75
776 920 11 97 22
776 34 39 50 49
776 734 20 94 50
982 885 34 97 62
982 881 58 76 69
982 747 90 93 93
192 861 59 89 64
192 41 91 94 93
192 758 94 100 99
192 982 74 88 76
192 811 34 42 40
192 338 46 47 47
192 711 37 44 44
193 779 13 17 17
193 689 77 84 79
193 548 24 54 24
193 312 88 95 93
193 363 71 72 72
193 15 28 98 55
689 762 91 93 93
689 653 37 56 50
689 562 15 22 20
689 803 86 97 94
689 856 17 70 38
363 526 93 94 93
363 85 93 94 94
363 145 19 35 30
363 981 20 78 61
363 230 69 73 71
469 25 77 98 90
469 151 25 65 49
469 513 83 96 86
469 318 48 56 56
469 877 54 61 54
343 295 34 96 71
343 91 11 67 47
343 316 73 89 75
343 730 33 58 48
343 252 57 64 57
343 93 67 78 73
343 572 52 83 73
195 288 24 33 30
195 213 55 99 86
288 901 54 85 80
288 120 36 93 85
288 839 11 81 80
288 30 19 82 40
288 737 56 60 58
213 875 27 75 47
213 52 87 99 88
213 946 38 81 48
196 652 51 73 67
196 979 94 96 96
652 654 50 90 60
652 172 35 58 51
652 970 10 30 18
979 900 90 94 91
979 168 30 78 52
822 524 53 75 54
822 898 23 100 88
822 467 14 83 55
822 620 71 79 76
890 645 76 89 88
890 609 38 40 38
953 254 24 78 34
953 436 31 39 31
953 578 73 83 79
953 225 93 99 93
953 993 51 69 62
198 305 36 98 45
198 660 32 55 50
198 969 63 89 63
198 389 51 100 100
198 251 12 77 69
198 841 50 73 72
660 981 95 96 96
660 716 32 86 58
660 285 36 64 45
969 735 86 91 86
969 746 58 60 60
969 111 94 97 97
969 691 92 95 95
389 12 20 54 45
389 621 51 96 92
389 74 18 32 26
389 93 85 91 90
389 47 65 92 92
389 70 14 30 17
251 418 59 80 76
251 353 80 95 86
251 888 75 99 94
251 905 85 93 88
251 388 89 98 89
451 359 68 93 78
451 575 49 71 70
451 287 93 96 95
451 910 69 87 78
313 667 52 78 68
313 438 11 58 15
313 24 87 96 94
313 289 78 86 80
313 905 77 90 88
313 956 61 82 62
946 752 88 90 88
640 593 36 70 38
640 908 76 97 77
202 356 88 98 98
202 346 87 97 90
202 86 32 55 39
921 200 50 84 69
921 896 67 94 94
921 297 22 36 22
921 450 26 51 50
921 402 44 83 62
921 52 67 75 67
381 726 85 97 86
612 26 26 93 83
612 912 72 76 74
612 899 22 68 33
732 304 91 98 96
732 494 21 63 47
960 86 56 71 65
960 929 88 98 93
960 210 75 85 81
960 747 24 70 25
960 305 29 99 88
960 565 39 71 67
960 153 58 99 99
794 734 74 83 75
794 869 25 54 54
794 430 43 85 51
794 971 32 100 44
794 854 33 91 62
794 598 88 92 88
416 337 10 18 11
416 217 20 54 35
416 558 51 54 52
416 761 72 99 91
289 640 72 97 93
289 804 41 53 51
289 738 92 97 94
209 246 68 88 72
209 941 56 73 64
209 407 56 82 75
209 702 53 74 54
246 582 83 86 85
246 754 21 84 74
246 920 48 77 58
407 465 12 95 32
407 206 92 93 93
407 470 23 97 50
407 882 46 78 73
819 666 75 92 86
819 795 80 86 86
819 289 11 66 65
993 159 76 89 86
993 825 93 95 95
993 312 55 64 62
993 551 25 95 48
993 282 24 95 61
993 800 60 90 87
212 369 91 96 91
875 30 83 87 83
875 860 71 86 86
875 355 47 85 51
875 469 20 21 20
875 241 25 31 29
900 774 75 96 90
900 648 41 49 48
900 647 55 60 56
215 733 80 87 81
215 405 19 71 27
215 572 57 99 86
215 53 37 60 58
405 889 47 83 80
405 981 91 97 92
572 683 52 75 57
572 542 39 43 43
572 598 93 98 93
572 607 68 93 70
216 760 44 84 65
216 403 35 52 40
216 111 51 83 61
216 609 95 97 95
217 623 68 87 85
217 725 39 47 43
217 500 50 82 61
217 922 82 97 88
217 572 72 94 84
725 846 57 87 87
725 151 80 99 84
725 964 57 65 63
725 753 49 69 66
725 792 31 63 40
500 665 13 89 29
500 146 76 80 76
500 398 57 79 75
500 373 47 89 64
500 396 37 40 38
500 956 69 97 79
922 386 29 71 53
922 409 23 31 29
922 420 62 84 76
922 350 88 90 88
922 26 34 49 47
218 584 94 97 94
218 282 52 61 56
218 997 48 83 67
218 26 18 71 28
218 844 45 79 67
844 405 84 88 86
844 295 38 54 51
844 969 51 96 57
844 948 64 70 67
386 454 67 75 75
386 414 83 87 85
386 481 40 52 42
386 741 22 75 30
724 859 19 55 27
724 152 55 80 56
220 190 80 100 87
220 510 53 66 61
220 776 13 69 19
607 586 89 96 91
607 246 75 94 77
676 290 28 61 41
676 1 51 78 51
676 59 32 69 55
676 688 82 93 89
674 447 92 93 92
674 897 81 100 94
674 14 64 77 75
674 434 32 85 84
674 869 25 44 37
674 489 13 84 84
674 186 38 62 54
224 567 29 96 65
224 400 92 94 93
224 139 79 86 84
224 639 85 86 85
224 854 48 77 62
854 832 83 98 91
854 418 92 93 92
854 241 19 57 48
854 78 33 42 37
854 17 63 83 82
854 342 95 99 99
299 980 64 84 82
299 883 14 48 27
299 567 88 97 93
299 317 92 99 95
299 479 55 72 70
299 822 61 95 91
322 979 62 84 83
322 337 57 71 59
322 185 46 49 46
484 40 47 56 48
484 940 58 89 62
484 512 50 96 52
484 362 95 99 95
484 374 58 65 59
484 990 45 87 77
484 434 20 59 50
484 319 14 89 28
484 495 34 96 58
484 368 65 73 72
328 774 27 56 33
328 802 32 82 60
328 123 27 44 29
899 322 68 78 73
899 79 18 93 48
899 555 44 80 46
966 67 52 98 88
966 434 66 82 69
966 97 48 85 60
966 459 35 46 43
966 178 32 41 33
966 183 70 100 73
228 797 80 94 92
228 729 27 36 30
228 840 78 94 80
228 376 54 70 60
228 828 44 62 54
228 620 69 87 85
228 793 87 95 92
797 695 21 66 30
797 214 50 93 67
797 919 59 72 70
797 782 34 70 62
729 757 24 52 51
620 940 57 94 85
620 26 56 85 71
620 121 34 54 52
620 909 61 73 64
620 701 37 50 45
229 960 60 88 71
229 141 85 90 85
229 409 88 93 93
229 138 79 81 80
409 52 69 97 91
409 781 16 72 44
409 992 44 60 48
903 356 95 96 95
903 652 71 74 71
903 927 51 94 57
903 762 88 98 97
439 427 17 45 30
439 593 48 76 71
610 848 42 48 45
610 987 50 67 51
610 986 52 100 57
610 665 93 99 97
610 578 15 50 26
626 756 95 96 96
626 424 20 37 25
626 630 53 64 63
626 387 42 76 65
265 698 72 92 89
265 377 72 84 84
265 632 29 70 35
265 885 45 46 46
265 769 74 93 80
265 567 67 85 83
863 481 65 100 74
863 521 64 86 68
684 38 34 54 45
235 795 81 99 81
795 857 52 82 81
795 923 19 79 25
795 893 26 81 34
795 851 49 76 64
795 830 26 29 27
795 840 80 99 88
236 237 58 80 75
236 471 15 48 37
236 974 29 59 52
236 178 30 75 49
236 847 92 96 95
236 387 68 88 85
236 920 40 70 40
471 843 21 97 67
471 2 36 37 36
471 827 72 74 74
974 166 24 65 32
974 725 12 17 12
974 796 70 99 81
974 267 72 77 75
974 889 13 93 49
974 144 21 22 22
387 199 20 64 42
387 719 33 92 92
238 986 24 77 35
238 968 71 75 73
238 917 42 85 85
238 610 82 94 86
238 369 62 68 66
238 90 33 78 44
986 186 12 86 82
986 216 58 91 89
986 923 12 82 54
986 281 71 87 72
968 367 60 76 67
968 38 66 98 69
550 603 86 100 95
550 796 24 49 29
550 459 13 80 34
550 905 55 56 56
673 151 15 49 49
673 221 57 81 63
710 756 79 97 93
710 973 77 94 90
710 807 11 97 76
710 836 30 31 31
710 91 72 74 72
710 745 15 89 80
342 307 12 77 46
342 972 87 100 89
630 272 85 87 85
630 971 61 74 64
630 253 83 90 90
630 146 56 90 58
245 290 48 75 68
245 21 48 53 50
245 623 43 87 74
245 865 34 81 36
290 176 25 26 26
290 388 21 59 53
290 993 74 87 86
290 192 74 98 88
290 723 73 83 73
865 58 63 86 84
865 584 32 52 49
865 856 69 90 71
865 605 64 95 79
865 836 11 36 30
865 544 79 100 91
865 226 34 58 41
754 978 42 99 52
754 115 36 75 58
754 657 56 63 62
754 54 61 63 62
434 313 43 85 76
434 973 91 96 95
434 504 77 90 79
778 180 23 36 33
778 775 23 48 32
391 914 74 90 80
391 94 94 100 99
391 781 28 87 44
296 453 82 92 92
296 23 91 93 91
296 88 56 89 63
296 209 79 85 79
250 946 16 73 37
250 176 80 100 99
250 423 45 56 55
353 633 29 54 42
353 466 32 52 32
353 790 71 79 76
353 931 50 90 73
353 774 58 99 81
353 196 90 95 93
353 95 21 34 24
252 520 65 79 75
252 841 44 87 85
252 776 69 75 73
656 355 79 97 83
656 599 93 99 96
656 573 48 49 48
656 129 51 81 55
255 54 52 77 54
255 570 33 61 59
255 275 48 82 54
255 923 22 84 34
570 363 95 98 97
570 739 59 77 59
570 951 43 99 59
570 140 63 74 67
275 843 28 74 40
275 950 30 78 47
275 131 71 89 81
257 537 16 82 52
257 265 36 94 89
257 957 10 79 55
257 202 35 84 37
257 758 79 86 85
257 512 75 100 94
957 436 83 89 84
258 362 67 77 70
258 192 57 83 63
493 500 20 34 30
493 982 15 100 40
493 260 14 71 37
493 119 90 100 92
726 249 41 75 70
726 937 70 72 70
726 886 14 26 15
726 247 41 96 73
726 400 75 76 75
726 98 46 56 51
726 946 35 72 53
373 635 68 89 78
373 967 46 63 60
373 983 77 95 77
373 256 12 69 59
527 905 63 68 67
527 416 82 92 88
527 168 28 88 84
262 347 60 78 66
262 118 51 57 51
262 646 16 44 16
262 37 48 100 58
262 465 92 96 96
262 58 26 41 28
347 66 61 64 61
347 655 20 23 23
347 486 12 79 27
347 747 61 67 64
646 78 39 43 41
646 612 46 85 67
646 415 78 98 90
465 71 40 91 61
465 662 42 56 55
465 803 50 83 70
465 740 39 96 85
465 180 42 69 54
465 675 70 89 76
638 398 44 75 50
638 231 87 90 89
638 709 18 37 22
513 431 21 86 21
513 48 37 55 40
543 838 42 51 42
543 162 75 94 91
543 547 53 94 74
543 750 95 98 96
543 646 18 33 20
444 181 63 77 71
444 4 55 83 83
698 22 33 38 34
698 751 36 65 62
698 205 93 99 97
698 984 47 63 62
698 287 30 36 34
698 922 14 24 23
698 767 54 55 55
377 922 78 85 83
377 167 82 87 86
769 127 35 57 48
769 741 90 92 91
769 946 33 68 67
769 90 84 92 86
769 366 76 97 84
267 996 25 93 51
267 295 54 97 63
267 384 54 72 66
267 8 86 100 100
996 803 46 77 49
996 237 56 70 68
295 62 32 50 49
295 9 49 84 64
295 970 17 18 18
295 143 78 81 78
364 105 84 88 85
364 350 84 98 98
364 763 66 85 81
364 413 82 86 86
801 981 14 55 17
801 419 41 49 41
580 201 49 92 82
580 647 27 94 75
580 16 63 70 70
580 799 46 65 55
508 831 15 62 34
508 438 81 92 90
508 881 80 81 80
508 803 28 50 41
508 631 34 92 40
508 795 22 39 22
271 63 20 92 52
271 896 45 96 94
271 246 12 36 20
573 215 14 67 18
573 485 27 100 94
573 382 62 68 67
573 904 57 96 71
273 383 67 70 70
273 793 65 100 86
273 663 37 48 39
843 967 34 49 36
843 755 69 92 73
276 112 26 84 52
276 653 33 96 72
276 361 69 96 88
276 220 80 90 86
276 163 15 86 44
276 528 34 87 39
276 669 83 91 88
276 905 74 88 86
653 728 45 89 85
653 396 29 91 42
653 38 47 89 58
653 950 13 62 61
669 667 14 31 25
669 684 13 65 53
669 714 63 99 86
474 873 58 63 58
474 429 80 92 90
474 993 74 77 76
474 148 88 99 90
759 745 30 41 33
759 137 59 83 75
759 877 17 92 78
280 675 17 39 21
280 901 76 98 81
280 429 49 55 50
280 418 55 98 59
280 779 81 100 81
901 405 55 77 73
901 83 28 55 32
734 487 53 64 64
734 475 92 93 93
734 373 94 96 96
734 169 56 58 57
734 37 65 96 89
752 856 69 98 79
752 162 89 93 89
283 54 69 100 74
283 452 43 44 44
283 133 52 77 76
283 755 58 78 64
283 554 10 12 10
452 628 32 90 34
452 880 35 93 87
452 149 78 79 78
452 13 95 99 99
452 250 93 100 96
359 653 53 86 62
359 304 22 50 30
359 86 90 96 91
308 227 15 77 45
308 225 73 76 76
308 88 29 63 60
574 755 12 19 17
574 333 33 97 90
574 141 90 100 95
574 468 30 51 42
574 399 74 82 75
285 328 86 99 86
285 666 56 76 58
285 718 55 73 70
285 347 27 80 50
718 957 10 43 27
718 638 79 97 79
718 537 79 96 82
718 812 57 82 69
287 70 67 81 79
287 994 64 66 65
287 145 72 75 73
839 478 63 70 67
839 447 11 49 38
839 630 44 50 48
839 574 40 97 59
839 846 68 99 81
738 278 75 85 83
738 99 67 92 81
738 638 47 100 75
738 622 84 99 97
738 410 67 86 82
291 771 40 78 74
291 69 38 81 48
291 102 43 81 67
291 942 17 82 18
291 446 13 26 26
771 604 40 79 48
771 98 35 83 43
446 814 63 64 63
293 329 40 48 43
293 871 14 74 61
293 327 31 76 51
329 512 18 74 49
329 326 12 27 19
329 374 43 89 44
327 737 35 96 48
327 111 59 77 59
327 642 31 78 46
327 518 87 99 90
327 136 18 34 31
327 935 87 100 100
449 265 57 72 64
449 10 68 77 74
449 524 10 62 38
546 963 40 89 70
546 159 92 95 93
546 635 13 81 43
546 757 59 85 78
546 951 39 64 39
546 55 35 59 39
635 192 60 68 62
635 147 51 60 57
635 295 37 96 93
635 618 95 97 97
635 488 18 55 24
635 268 28 36 32
303 470 63 92 86
303 264 79 90 83
303 255 58 66 61
303 619 41 80 58
303 618 59 78 63
303 688 26 80 72
688 297 51 74 59
688 251 48 63 60
688 713 60 80 69
688 803 79 97 93
813 604 67 77 74
685 774 51 56 54
685 668 43 48 45
685 369 49 61 54
685 945 21 99 80
685 46 20 45 36
685 584 76 82 79
907 493 33 62 43
907 440 28 79 32
907 791 38 93 74
907 79 20 43 42
998 990 86 89 88
998 485 22 78 46
998 121 80 88 84
998 547 65 76 65
998 150 57 96 61
310 158 57 94 64
310 634 78 99 93
560 889 33 53 42
560 22 56 69 64
560 132 72 80 73
560 235 49 77 77
958 487 66 72 66
958 492 60 85 62
958 626 30 68 32
958 95 57 81 78
958 585 34 92 64
958 977 15 37 35
958 293 88 96 93
958 197 79 91 87
680 768 14 34 17
680 203 81 95 84
306 163 69 93 79
306 831 78 83 79
306 674 93 95 94
306 469 73 94 88
831 932 80 88 85
831 612 49 69 56
831 593 77 88 81
831 494 89 91 90
831 460 88 97 92
307 777 68 100 83
307 261 83 93 91
307 594 30 93 38
307 647 36 69 36
307 310 45 96 91
777 870 24 84 73
777 549 52 83 67
777 301 25 97 61
777 707 61 79 79
647 539 38 40 39
647 588 14 54 45
647 221 76 95 95
647 747 85 86 86
634 874 70 96 81
634 613 81 94 85
634 784 22 52 24
634 905 75 88 81
634 254 55 81 72
667 977 10 38 31
667 759 80 85 84
667 966 84 89 87
667 850 43 84 72
667 431 72 91 89
667 509 18 28 24
667 467 79 86 82
438 219 82 87 87
438 306 35 45 44
438 643 44 97 87
315 469 70 72 71
315 248 37 38 37
315 979 85 99 86
316 975 94 96 94
316 383 31 54 35
316 879 15 71 59
879 127 21 89 70
879 973 78 86 85
585 632 94 96 95
585 938 43 68 61
319 972 50 63 61
319 276 32 68 65
325 913 56 76 73
325 355 36 46 36
325 928 38 100 62
325 697 24 73 71
325 313 71 78 75
325 456 83 88 84
325 318 48 65 60
325 689 21 69 22
325 951 47 69 57
832 206 30 67 45
832 861 62 63 63
832 99 70 88 72
832 691 59 66 61
832 194 21 70 50
518 764 25 63 49
518 143 64 85 80
518 948 29 34 31
774 997 49 69 55
774 200 59 65 65
774 322 31 95 39
774 44 69 74 71
774 775 63 83 83
774 286 47 84 70
774 737 65 85 83
802 261 73 76 74
335 311 51 88 55
335 480 42 66 52
335 761 26 60 46
768 351 65 76 68
768 192 87 93 87
768 363 15 18 15
768 211 73 87 74
768 33 26 39 26
641 670 16 69 26
641 723 54 72 56
641 730 84 89 88
641 191 47 58 50
641 50 33 44 39
575 143 20 21 20
575 926 32 65 47
575 950 70 73 71
575 953 61 62 62
339 838 67 69 67
339 439 94 96 95
658 35 82 85 82
658 318 23 90 71
730 175 59 75 67
730 506 80 95 89
730 68 41 96 51
730 19 13 19 19
344 57 18 57 54
344 182 69 88 74
486 505 16 84 53
486 187 44 51 47
486 612 47 76 70
486 929 53 63 56
486 836 56 67 60
486 128 82 90 89
486 526 25 72 56
348 810 82 91 91
348 468 43 80 74
348 290 41 57 57
348 964 17 37 37
348 93 55 82 72
348 119 64 88 82
348 534 76 96 95
348 378 39 46 40
534 151 91 97 91
534 463 64 66 64
534 516 60 92 92
534 704 33 48 47
478 539 61 96 94
478 452 53 80 67
478 532 85 100 88
478 695 60 87 85
411 328 63 87 79
411 391 71 75 75
411 127 13 33 27
411 869 21 54 46
411 44 58 70 70
868 107 76 90 79
868 549 10 71 38
868 838 67 74 69
868 508 73 100 83
868 126 17 57 54
868 96 89 96 93
992 420 90 100 92
992 739 59 93 67
992 410 59 72 60
992 495 12 35 35
466 323 37 54 50
466 898 92 100 92
466 537 12 57 19
790 852 69 84 69
357 648 61 67 67
357 601 57 88 78
357 977 19 82 77
357 385 40 55 53
357 326 52 59 52
357 577 46 57 57
357 10 71 96 85
357 991 86 97 88
357 817 12 85 58
977 849 37 38 38
977 26 66 88 69
977 154 84 94 92
385 662 33 68 43
385 130 54 95 75
385 871 94 95 94
385 990 86 98 89
360 682 29 51 45
360 405 94 97 96
360 284 53 89 58
934 146 95 100 97
934 342 64 98 81
934 38 55 89 76
526 376 34 84 70
526 538 24 90 68
526 45 14 91 21
526 284 51 90 78
763 716 76 96 79
763 882 56 63 59
763 398 87 90 87
763 238 77 96 85
413 484 18 32 24
366 473 89 94 94
366 633 36 40 38
366 74 17 47 43
366 188 93 94 94
366 993 66 67 66
366 600 13 22 19
473 584 36 50 42
473 665 48 70 70
600 91 24 44 36
600 561 51 70 61
367 654 91 94 93
367 447 16 45 24
367 576 77 80 80
367 690 70 73 71
367 224 30 44 38
367 303 59 60 59
368 603 24 87 46
368 224 44 93 92
538 244 79 89 83
538 958 24 34 30
538 72 66 72 66
538 632 77 78 77
538 29 30 40 40
751 644 43 87 45
751 929 22 42 38
751 53 39 68 56
699 771 80 91 84
687 611 56 91 60
687 106 27 92 29
687 427 67 79 71
782 427 19 44 21
782 793 41 48 48
782 412 54 56 56
782 210 93 94 94
887 286 26 73 66
887 31 69 96 77
887 900 46 72 47
887 523 16 72 70
887 74 78 81 81
887 219 32 61 36
833 888 21 84 44
833 740 42 52 50
833 789 57 84 72
833 106 82 91 84
380 288 17 52 18
380 851 26 47 46
380 152 28 81 28
380 950 56 98 95
380 655 62 91 78
380 133 85 96 94
380 994 21 56 30
851 186 46 50 50
851 892 27 42 31
382 715 72 79 75
382 504 39 88 81
382 946 73 92 91
382 49 91 93 92
715 321 67 81 75
715 809 21 77 54
578 963 36 72 38
511 350 81 93 90
511 408 46 84 83
511 618 16 24 24
511 506 92 97 93
511 219 46 93 60
944 318 12 67 54
944 406 55 59 57
944 791 27 43 34
944 907 39 77 70
944 274 92 95 94
944 870 41 48 46
990 648 64 75 69
990 757 77 99 93
454 113 61 94 66
454 813 34 41 40
454 98 25 29 28
481 341 36 93 48
481 172 52 63 53
481 694 36 72 69
481 899 48 58 48
741 805 43 64 55
741 152 51 76 72
741 471 19 69 49
719 421 25 55 50
719 610 34 61 49
719 263 18 32 28
719 532 80 89 88
873 859 53 55 54
873 471 66 94 86
873 328 24 79 42
873 907 26 83 50
873 131 15 95 78
873 130 95 100 100
788 129 58 96 69
781 60 17 77 57
781 735 42 91 55
404 2 20 84 58
404 843 33 80 64
397 999 55 92 81
397 748 76 81 78
397 688 53 83 72
397 253 90 98 95
397 735 67 73 72
397 460 50 70 56
748 860 18 79 69
748 861 23 66 49
748 164 29 43 42
748 313 77 83 80
748 944 27 32 30
735 951 19 50 27
735 918 49 67 63
735 899 93 97 96
735 290 88 98 90
460 983 50 60 57
460 141 28 59 33
936 713 17 25 22
547 564 74 98 94
547 112 10 66 39
547 976 67 68 67
568 497 28 44 37
568 942 66 87 78
568 973 10 71 34
568 880 20 63 48
845 140 11 88 65
845 942 55 94 92
845 468 24 63 29
845 706 56 71 67
845 794 39 84 47
845 695 84 94 87
845 330 32 88 78
889 856 46 93 68
889 126 63 85 78
889 867 69 92 92
889 317 95 99 98
889 39 14 22 17
882 858 43 100 90
882 554 66 77 71
882 235 37 76 37
597 990 81 88 85
597 562 13 48 14
410 203 31 53 36
410 17 75 95 78
410 275 58 90 61
869 364 24 42 35
869 438 15 85 44
869 36 23 62 36
869 129 36 85 59
412 919 46 86 68
412 554 92 100 95
412 355 83 92 89
412 462 35 39 38
462 668 29 55 43
462 271 37 44 42
462 73 66 93 83
558 145 31 53 51
558 16 42 94 67
558 809 48 90 83
420 185 49 67 53
420 662 89 91 91
616 513 16 63 36
616 966 49 54 54
616 540 85 98 89
424 625 65 99 96
625 13 59 67 60
625 402 54 69 67
625 233 10 82 47
625 477 26 66 34
625 497 35 82 40
625 176 42 92 67
625 561 17 21 17
425 755 35 70 62
425 774 74 80 78
792 818 66 95 84
792 869 93 95 95
792 161 55 87 60
431 320 92 95 94
431 440 44 50 49
615 100 21 53 23
433 369 59 100 88
433 352 25 70 54
435 778 10 49 20
435 489 33 87 61
487 945 75 98 77
487 408 66 67 67
487 432 76 91 77
487 893 73 81 76
487 695 76 88 77
556 268 49 88 80
556 75 54 73 68
556 973 65 73 70
556 2 26 78 45
556 669 95 97 97
556 379 34 45 41
556 915 90 98 91
556 579 10 16 13
443 71 65 75 69
443 460 39 41 40
443 731 90 100 99
443 617 20 40 37
445 925 27 81 50
445 103 61 80 62
445 488 58 79 77
569 20 18 92 87
569 968 52 78 71
569 272 38 92 66
910 203 77 95 88
910 672 26 37 31
910 714 68 97 90
910 908 21 96 53
455 809 46 80 55
455 277 24 30 24
455 498 66 90 84
455 913 54 97 83
457 901 70 71 71
457 110 57 76 59
457 609 26 96 87
457 916 49 63 61
459 950 60 93 71
459 89 19 100 49
459 718 93 95 93
459 456 55 93 85
476 477 29 60 54
476 661 27 56 38
476 262 58 64 58
476 965 75 90 80
476 268 11 73 49
476 323 13 47 34
464 8 75 87 85
464 768 71 86 79
464 137 91 99 98
467 723 70 85 72
467 242 30 41 36
467 507 26 92 34
467 30 69 94 69
978 127 27 83 35
978 661 21 81 45
978 294 49 67 59
978 495 75 81 80
827 313 13 19 18
472 812 83 98 91
472 564 18 94 83
472 167 70 92 72
472 880 21 51 39
812 279 56 60 59
812 349 10 14 13
812 14 45 91 83
564 136 14 53 53
564 698 45 71 45
564 756 60 89 62
564 589 45 64 61
539 411 32 46 39
539 72 48 76 56
539 128 68 70 68
539 915 43 67 64
532 479 82 97 87
532 96 46 48 47
532 326 47 87 68
695 91 86 100 89
695 470 94 98 95
695 281 44 84 67
695 391 57 65 60
483 787 46 65 50
483 981 89 91 91
483 426 17 100 67
483 747 86 89 89
483 611 27 67 51
495 592 67 95 69
495 390 44 69 51
495 169 46 73 72
495 461 36 83 64
495 545 48 95 66
495 704 51 89 71
505 287 74 97 85
505 987 32 56 51
505 388 64 66 65
505 801 37 55 53
505 543 21 93 32
945 675 70 91 82
945 846 47 65 54
945 575 62 63 63
945 113 37 38 37
490 87 58 100 74
490 254 55 56 56
490 202 33 79 75
490 291 42 49 48
490 27 56 83 83
490 635 92 94 94
491 932 29 73 39
491 513 32 56 43
545 914 51 53 53
545 418 58 59 59
497 278 59 95 94
497 956 10 29 29
499 541 11 26 13
499 866 51 66 63
499 644 61 75 72
499 629 54 98 85
644 854 69 85 84
644 679 94 98 94
644 367 18 43 43
644 968 91 92 92
644 273 39 42 39
644 77 62 80 76
501 676 44 67 58
501 792 33 94 50
501 991 68 71 71
501 291 75 84 77
501 578 34 79 51
501 564 50 76 55
506 314 27 97 56
506 487 71 98 87
515 900 91 99 97
515 77 45 53 48
764 226 67 89 84
764 469 95 96 96
764 790 50 88 82
764 183 40 80 59
948 718 52 96 93
948 706 29 63 52
948 771 82 87 84
519 824 41 80 57
519 579 33 94 40
714 373 80 84 83
714 175 29 45 33
714 72 95 99 99
531 402 83 99 88
531 485 55 91 64
531 49 37 42 41
531 239 63 86 74
536 797 21 28 23
536 268 70 72 71
536 810 13 99 49
915 888 81 85 83
915 708 93 94 93
915 328 45 90 81
915 646 10 19 19
915 648 90 97 93
915 705 76 94 86
855 478 69 81 70
855 7 51 95 53
855 529 35 44 38
670 229 21 26 25
670 183 36 78 75
670 317 45 78 46
544 906 23 66 46
544 80 10 25 21
544 471 64 77 65
544 297 42 83 78
906 524 17 57 53
906 690 43 51 49
906 586 78 93 90
721 733 59 100 91
721 150 62 87 87
721 529 46 77 52
551 883 53 92 92
551 156 25 83 59
551 207 25 36 34
736 999 77 95 82
736 647 87 90 89
736 707 55 59 56
736 744 47 81 49
736 143 71 76 71
557 225 34 46 35
557 484 69 99 74
557 22 54 96 63
557 486 11 72 58
557 721 90 94 91
829 400 60 62 61
829 352 54 59 54
829 641 27 40 38
829 911 58 87 84
829 562 17 88 55
829 917 39 65 54
683 193 24 48 39
683 921 63 67 65
581 620 67 71 67
581 551 91 94 92
649 309 52 73 70
649 219 51 90 64
649 538 72 95 91
649 784 30 77 37
649 531 67 79 79
649 925 69 81 69
938 792 86 98 90
938 306 66 70 66
627 894 32 76 73
627 943 72 81 81
627 774 47 49 49
627 555 15 22 17
627 64 14 49 27
816 873 17 95 66
816 963 32 76 63
816 925 67 71 68
816 846 18 62 60
816 675 46 61 60
816 189 85 100 90
591 12 88 98 94
591 663 72 77 72
591 839 57 76 73
591 136 81 83 81
591 629 15 49 39
591 305 77 78 78
595 438 81 82 81
595 320 71 74 74
595 971 12 53 33
595 704 74 86 82
595 860 33 45 39
596 414 57 61 58
596 819 25 78 61
596 380 39 52 47
596 766 90 93 90
622 63 80 92 91
622 744 50 75 53
622 842 88 99 99
622 256 18 61 57
622 941 51 99 85
604 947 89 92 92
604 774 35 59 39
604 38 95 98 95
604 193 24 91 59
604 615 28 35 35
605 485 48 100 94
605 782 88 98 89
605 404 24 64 35
605 735 49 66 65
605 456 25 65 48
608 536 23 63 33
608 599 18 47 21
608 830 77 90 87
912 567 30 51 30
912 877 18 79 33
744 995 92 99 98
744 660 21 69 46
657 716 58 96 69
657 138 79 97 91
657 497 30 65 30
962 22 52 90 74
894 507 60 86 79
894 309 63 94 88
874 576 45 74 49
874 838 42 86 64
874 788 35 81 58
874 470 87 91 91
908 384 52 97 63
908 371 20 99 80
908 346 56 94 83
908 469 47 72 69
908 561 94 99 97
679 805 15 93 53
679 495 67 76 76
952 545 71 89 84
952 272 22 69 50
650 184 22 98 28
650 782 74 93 90
650 737 51 97 64
650 115 60 78 78
650 625 27 79 30
650 560 18 70 46
650 140 25 35 32
659 964 37 43 39
826 347 16 70 18
826 160 48 50 50
692 904 25 75 63
692 946 61 63 62
692 118 67 100 96
678 466 18 52 36
678 662 34 58 58
678 944 79 98 98
678 268 19 67 19
902 715 79 96 92
902 257 59 99 63
902 468 50 66 65
902 305 81 97 87
902 103 63 83 73
713 488 45 97 64
713 362 59 60 59
713 510 46 83 59
691 997 66 95 83
691 719 74 91 79
691 26 83 96 86
691 898 86 89 89
700 931 56 68 67
700 955 89 90 89
700 368 84 99 85
700 434 51 72 64
700 527 90 92 90
705 582 76 77 77
705 156 59 72 59
706 756 22 96 81
706 975 29 73 61
706 132 90 93 91
706 232 41 51 44
712 223 94 95 94
712 959 47 98 65
712 514 94 95 94
959 58 57 70 70
959 21 27 62 28
959 998 81 99 87
717 461 10 13 11
717 541 54 99 61
717 862 20 63 60
846 671 70 90 89
846 182 18 94 68
846 523 63 98 97
749 698 66 74 73
749 842 42 51 51
749 223 59 92 69
749 72 82 85 85
749 647 11 14 14
749 960 42 48 45
749 265 87 90 89
749 504 70 77 70
770 76 85 95 93
770 779 60 72 68
786 18 31 75 31
786 936 39 82 74
786 658 84 85 84
786 464 69 99 93
786 970 77 89 86
786 795 68 87 78
786 222 30 88 51
823 767 22 90 64
820 982 20 56 27
820 73 30 92 53
985 449 28 75 44
985 371 69 84 81
985 60 55 95 94
985 859 87 100 87
985 849 13 79 55
985 992 33 42 37
985 946 14 82 60
985 907 19 32 28
876 277 45 94 45
878 184 92 100 98
878 592 15 42 21
924 765 41 75 48
924 874 34 62 54
949 352 71 92 85
949 38 17 57 43
949 690 19 38 34
949 414 90 100 90
989 654 74 84 76
989 881 88 96 96
989 641 95 98 98
989 174 18 25 23
989 252 89 99 89
989 105 22 60 39
989 162 35 81 66
989 164 76 91 90
0 999
