121 457
0 84 83 84 84
0 42 85 87 87
0 15 25 68 48
0 109 13 40 38
84 31 93 94 94
84 35 92 96 94
84 20 57 87 65
84 88 35 88 82
84 85 31 35 31
42 49 49 57 56
15 98 11 79 38
15 0 56 63 61
15 36 51 79 62
15 51 31 59 49
15 99 18 20 18
109 71 22 76 41
109 80 93 98 96
109 18 93 94 93
109 119 18 79 45
109 106 54 59 55
109 33 49 99 79
1 13 83 90 83
1 79 73 90 81
1 90 14 36 15
1 36 74 87 83
1 84 35 72 56
1 35 31 41 40
1 68 76 82 77
13 46 34 49 34
13 103 29 75 67
13 111 95 98 98
13 22 77 85 79
79 44 55 93 84
79 18 95 99 97
79 89 32 42 38
90 106 35 58 56
90 81 19 75 50
90 118 25 40 39
90 89 42 67 46
36 102 34 35 34
36 4 41 67 67
36 100 81 93 84
35 111 53 82 56
35 63 25 81 34
35 119 88 89 89
68 50 43 57 54
68 74 42 45 44
68 47 33 63 50
2 109 79 86 85
2 100 72 81 74
100 33 40 88 68
100 92 76 94 89
100 114 12 50 35
100 15 43 58 55
3 5 13 96 26
5 36 36 94 58
5 76 45 58 54
5 30 91 92 92
5 4 71 81 71
5 57 93 100 95
4 59 31 51 32
4 115 31 43 32
4 3 27 51 49
4 51 55 57 56
4 61 83 95 92
4 43 44 72 53
59 10 82 100 94
59 13 11 29 25
59 27 57 64 57
59 98 65 74 73
59 103 86 93 86
115 83 67 97 71
115 43 12 45 19
115 36 88 90 90
51 106 61 92 65
51 6 25 57 54
51 81 25 36 35
51 95 15 65 42
51 62 67 72 71
51 99 89 94 92
61 1 75 90 80
61 100 10 84 54
61 48 94 95 95
61 35 33 36 36
43 14 25 86 54
43 115 70 87 74
43 1 90 94 93
43 47 62 88 74
76 112 52 85 80
30 13 72 100 87
30 86 17 96 48
57 32 12 22 16
57 33 79 93 85
57 34 87 96 87
57 117 12 13 13
6 94 60 66 62
6 15 50 78 58
94 110 79 94 81
94 99 33 45 37
94 64 25 62 35
94 66 35 44 38
94 49 62 77 77
7 88 14 25 22
7 16 64 81 77
7 93 32 76 66
88 19 46 95 59
88 29 83 88 88
88 83 31 63 52
16 106 12 35 27
16 96 56 81 60
16 12 57 64 57
16 41 60 62 62
93 68 65 97 96
8 38 91 98 94
8 56 40 90 77
8 40 82 99 97
8 9 62 63 62
38 13 83 93 91
56 99 11 34 29
56 57 92 100 93
40 111 22 59 42
40 119 28 59 30
40 98 67 95 82
40 49 36 44 41
9 40 61 71 71
9 1 93 96 96
9 77 40 97 48
9 54 45 61 53
9 114 92 97 92
9 93 91 95 95
9 30 72 94 75
77 38 47 95 55
54 112 67 86 84
54 20 32 88 73
114 27 84 92 92
114 50 45 72 45
10 118 30 73 39
10 57 57 80 62
118 1 23 78 55
118 113 36 85 80
118 36 39 75 62
118 46 22 41 37
11 7 92 100 98
11 48 18 87 18
11 96 53 85 53
48 23 45 59 47
48 117 17 98 41
48 116 38 65 53
96 13 51 92 87
96 86 91 99 98
96 74 41 65 45
12 27 59 70 61
12 52 58 90 78
12 99 48 56 51
12 114 13 94 14
27 25 56 70 59
27 56 25 30 29
52 64 22 66 36
52 35 12 93 44
52 103 48 94 94
52 27 34 57 35
99 44 50 67 59
99 110 37 55 54
46 97 10 61 27
46 112 68 98 94
46 48 14 45 20
46 105 64 87 84
103 49 93 98 93
103 91 28 97 46
111 32 60 90 71
111 117 22 91 54
111 42 89 100 92
111 110 88 99 88
111 69 22 94 39
111 102 86 94 92
22 61 62 63 62
22 53 87 100 88
22 71 51 87 73
22 57 78 97 89
14 100 27 89 81
14 1 44 90 48
14 12 53 69 57
98 78 35 78 59
98 61 22 24 22
98 34 30 68 64
98 102 82 93 93
98 113 94 95 94
106 66 66 70 68
106 49 45 85 56
106 77 14 84 54
106 96 88 96 91
106 50 95 99 95
41 113 52 100 95
41 27 95 99 97
41 105 25 84 80
41 36 21 99 60
41 20 81 92 87
17 57 84 88 87
17 116 78 86 82
17 26 81 89 83
116 89 44 99 44
116 119 59 94 71
116 39 90 97 96
116 48 66 78 77
26 116 69 92 80
26 10 47 58 53
26 107 76 82 80
26 34 54 97 76
18 107 51 78 69
18 14 37 75 53
107 78 35 49 48
107 24 46 86 64
19 89 35 54 49
19 113 25 78 69
19 82 29 48 36
19 41 28 63 46
19 0 55 85 78
19 6 29 43 37
89 108 77 95 85
89 120 60 73 67
89 95 17 46 45
89 87 32 98 92
113 12 53 98 54
113 92 39 75 71
113 108 26 83 35
113 66 85 87 85
113 54 47 50 47
113 107 14 29 25
82 92 33 57 39
82 105 50 59 58
20 7 95 100 95
20 94 85 89 85
20 108 71 98 76
20 98 16 22 21
108 74 61 79 70
21 89 19 100 28
21 63 94 99 96
21 71 80 89 89
21 43 62 92 83
63 106 76 98 80
63 57 42 60 57
63 4 87 92 87
63 86 75 80 80
63 60 86 92 90
71 114 11 12 11
71 118 90 91 90
71 77 66 69 68
71 59 83 91 85
71 99 34 83 57
53 84 47 81 64
53 119 50 52 51
53 91 68 91 71
23 44 64 90 88
23 11 23 72 59
23 12 91 98 91
23 62 95 97 97
23 54 83 89 87
23 96 38 81 46
23 120 66 69 66
23 46 23 60 27
44 72 95 97 95
44 89 51 100 88
44 54 86 96 90
44 18 74 91 83
44 115 82 91 86
44 71 60 90 88
62 102 18 84 28
62 41 95 100 99
62 112 55 60 56
62 29 56 59 58
62 55 52 96 72
62 38 38 43 38
62 75 21 39 37
62 105 39 62 54
62 86 69 82 74
120 104 85 100 86
120 84 85 95 89
120 95 55 88 69
120 55 86 100 88
24 108 11 79 63
24 104 24 48 42
24 16 71 96 86
24 17 82 88 88
104 45 29 77 49
104 100 83 94 92
104 34 44 61 52
104 26 12 82 81
104 98 92 98 96
104 101 35 94 76
104 96 48 55 48
104 65 66 86 79
25 114 62 68 64
25 109 17 54 36
25 82 90 98 91
25 23 77 79 79
34 31 22 93 78
34 87 65 84 66
34 18 50 51 50
34 16 19 74 72
28 9 18 59 32
29 83 69 92 86
29 97 14 36 35
29 93 81 85 81
29 73 72 76 73
29 13 40 63 45
83 9 71 76 75
83 106 52 97 67
83 14 30 96 31
83 41 65 92 80
83 113 16 31 18
83 20 85 86 85
97 120 35 78 60
97 116 46 62 61
97 63 47 60 52
97 3 88 97 90
97 2 95 100 95
97 65 75 88 78
73 76 60 91 73
73 110 50 55 54
73 77 74 76 74
73 108 83 89 88
73 1 16 89 65
73 119 64 92 92
86 11 69 94 82
31 1 67 75 70
31 75 78 99 86
31 32 55 60 58
31 57 57 69 66
31 9 42 95 91
75 15 57 66 63
75 7 18 22 19
75 47 27 58 38
75 5 74 80 74
32 68 95 97 96
32 3 91 95 94
32 82 93 100 96
32 106 60 79 61
32 120 76 98 97
32 24 30 41 36
33 31 24 86 37
33 95 50 99 92
95 84 17 83 65
95 24 65 81 76
87 17 46 58 52
87 109 91 99 96
87 8 89 91 90
119 41 24 80 25
119 51 11 99 15
119 104 30 44 33
102 61 11 80 80
102 72 81 83 83
102 100 60 69 64
102 9 17 59 32
37 33 23 87 49
37 15 16 41 19
39 16 51 81 65
39 117 49 79 67
39 11 34 53 47
39 108 46 97 58
39 76 69 94 89
117 86 71 92 86
117 112 39 99 78
117 95 39 99 60
117 33 43 83 66
49 118 77 85 84
105 43 47 91 67
105 83 36 97 41
105 98 88 92 89
105 10 70 100 78
47 96 92 99 95
47 39 13 74 26
47 26 91 96 96
47 99 19 27 19
47 52 70 79 74
47 103 51 96 65
72 102 13 95 80
72 63 21 40 28
72 118 86 96 88
45 80 64 67 64
45 44 91 95 94
45 35 24 62 24
45 2 36 44 43
45 107 26 85 53
80 53 79 85 80
80 90 53 84 67
112 49 65 85 73
112 16 26 84 77
112 111 31 53 33
112 35 40 91 89
112 98 89 97 96
112 88 88 99 93
112 120 67 81 73
112 4 12 87 54
50 63 55 78 63
50 15 89 94 92
50 57 84 96 90
81 117 15 40 16
81 25 88 97 90
81 58 33 37 35
64 28 22 70 65
64 61 48 51 50
64 111 52 71 52
91 71 43 97 61
91 95 69 70 70
91 61 82 87 87
55 58 82 96 82
58 24 18 86 64
58 48 41 67 54
58 114 12 37 24
58 28 65 87 66
58 3 49 61 56
58 45 32 60 50
58 119 37 46 37
60 4 12 100 65
60 20 61 72 68
65 38 24 89 83
65 25 91 95 94
65 95 31 69 66
65 14 11 48 15
65 60 56 70 61
65 73 11 38 21
66 37 76 80 77
66 42 92 99 95
66 101 73 79 76
66 112 68 89 81
101 75 26 74 74
101 11 66 91 73
67 6 18 60 23
67 27 79 92 86
67 114 37 65 44
74 58 44 100 89
74 78 47 93 93
74 98 57 62 58
74 34 57 80 67
74 110 73 99 96
74 107 33 40 35
74 2 30 87 38
69 16 83 92 88
69 78 36 64 48
69 7 26 31 26
78 50 69 91 88
78 61 25 82 50
78 28 19 29 26
78 21 23 84 78
78 17 15 38 38
70 40 49 68 63
70 23 75 78 78
70 5 39 43 41
70 15 15 82 54
70 10 25 99 37
110 91 39 97 76
110 69 33 64 59
110 95 59 73 69
110 27 10 47 37
110 75 78 85 79
92 108 10 35 26
92 111 47 92 50
0 120
