944 1643
0 414 72 92 81
414 17 15 54 33
414 218 85 98 92
414 549 71 83 76
1 649 92 95 92
649 429 76 100 77
649 330 26 60 58
649 741 62 84 70
2 936 29 32 30
936 38 94 98 97
3 194 75 83 78
3 752 84 88 85
194 315 60 63 61
194 837 51 57 52
194 655 93 94 94
194 648 25 57 42
4 612 63 69 63
612 517 59 61 60
612 423 18 87 55
612 865 45 69 65
5 937 49 69 64
5 897 16 43 22
937 56 42 51 49
897 600 10 28 10
897 400 22 55 44
6 747 80 93 87
747 73 74 93 75
747 811 10 49 37
7 936 45 54 45
7 441 79 92 81
7 774 59 73 62
441 227 89 90 90
441 880 24 98 77
441 397 63 94 88
441 755 86 95 88
774 373 27 70 68
8 345 40 73 48
8 168 22 45 28
8 34 71 88 84
345 448 59 70 63
34 75 70 96 86
34 78 27 81 42
34 687 18 34 28
34 459 73 75 74
9 598 51 60 58
9 104 57 99 78
598 307 58 98 83
598 1 73 88 76
598 56 85 91 87
598 287 78 91 90
598 409 24 80 39
598 223 25 82 70
104 98 60 78 64
104 640 91 93 92
104 499 17 25 21
104 504 69 89 80
10 148 85 91 91
10 673 38 63 48
148 309 43 60 56
673 314 25 50 27
12 327 86 99 95
13 814 48 64 59
13 488 70 76 73
13 8 83 84 83
13 674 24 90 28
814 246 42 48 43
814 617 21 79 56
814 418 29 92 88
814 140 68 76 70
488 9 57 59 57
674 499 73 76 73
674 136 11 57 55
14 254 93 97 95
14 612 47 76 76
254 711 17 93 51
15 142 61 73 65
142 847 27 42 35
142 453 79 89 83
17 124 10 53 15
17 605 61 94 78
17 235 58 79 62
17 806 47 55 48
17 909 63 82 73
17 142 54 89 66
124 115 62 63 63
124 71 38 70 64
605 872 78 80 78
605 1 41 84 41
235 485 67 83 72
235 614 33 67 49
806 170 54 87 64
806 826 52 84 68
909 284 26 54 36
909 211 71 84 76
18 776 46 88 61
776 145 29 37 35
776 505 14 35 24
19 864 67 90 72
19 677 15 80 36
19 71 63 69 68
19 811 80 86 83
19 322 20 96 84
864 585 70 85 80
864 688 45 49 48
864 363 77 97 93
677 32 45 54 46
71 899 12 23 20
71 815 15 94 51
71 178 43 89 70
71 889 28 42 37
811 387 26 94 38
811 102 25 73 27
322 277 37 70 69
322 673 84 95 93
20 455 28 51 42
455 516 74 86 77
455 157 24 48 47
22 882 68 88 72
22 913 60 82 73
22 529 28 65 60
22 303 26 77 65
882 792 94 97 95
882 521 42 67 65
913 342 55 75 73
913 562 76 99 81
913 247 15 62 31
913 760 38 77 46
529 915 66 94 81
529 387 92 98 98
303 703 30 96 59
303 224 92 94 94
23 19 78 88 82
23 249 51 78 61
23 868 33 41 38
249 156 29 97 45
868 843 86 100 94
24 87 57 99 88
24 232 89 96 89
24 102 87 99 87
87 287 21 63 21
102 322 84 100 90
102 495 73 99 76
102 420 10 90 80
25 166 70 96 81
25 211 22 45 41
25 618 38 43 42
211 857 53 83 65
26 609 54 64 62
27 603 58 79 59
603 906 40 100 78
603 282 19 39 31
603 733 64 65 64
603 629 52 77 59
28 863 80 88 88
28 138 80 86 80
28 642 32 78 46
28 33 48 64 53
863 129 76 100 96
863 204 86 94 86
863 52 45 88 77
863 84 46 72 48
863 482 44 66 66
138 776 71 86 79
138 595 10 60 25
642 456 83 85 85
29 164 28 54 54
29 691 93 95 93
29 553 70 91 87
29 828 35 39 35
164 910 91 100 99
164 253 21 68 42
164 567 48 74 67
691 105 43 59 53
553 82 21 32 32
30 131 59 67 63
30 747 35 78 69
131 263 95 99 97
31 308 50 58 55
308 166 93 95 95
32 896 87 89 88
32 608 29 53 36
32 568 65 92 74
32 361 24 68 38
896 441 80 85 84
608 659 93 97 93
608 141 10 35 16
608 811 51 52 52
608 729 59 61 60
568 629 91 94 93
568 253 62 96 67
361 24 48 85 78
361 906 54 58 55
78 138 86 96 96
687 126 43 82 69
687 876 46 89 46
35 137 52 91 76
137 120 46 86 71
36 111 40 82 49
111 345 69 85 69
37 159 83 85 85
159 918 39 100 47
159 435 57 62 61
38 544 30 91 62
38 665 65 89 65
665 792 16 70 36
665 732 57 86 69
39 825 42 73 49
825 68 70 78 73
40 696 16 51 45
40 509 74 85 76
41 933 19 56 53
42 815 29 50 48
42 472 26 48 31
472 746 58 68 63
43 654 45 65 58
43 22 30 76 35
43 533 39 98 44
533 451 66 85 76
533 231 60 100 69
533 868 43 75 50
533 810 30 68 31
533 217 46 72 61
44 723 51 87 66
44 114 21 60 22
723 589 79 95 95
114 166 37 48 43
45 235 25 62 25
46 835 47 86 71
46 185 44 100 91
835 512 27 63 28
835 795 83 84 83
185 383 26 87 85
47 771 58 84 82
47 887 69 75 72
47 109 10 86 53
47 498 12 84 79
771 140 85 91 89
771 569 16 52 49
771 576 58 84 76
887 357 45 47 46
887 480 58 65 61
887 923 61 67 63
109 2 22 87 80
48 725 75 97 89
48 748 63 74 70
725 670 24 74 32
748 455 35 42 36
748 166 77 100 96
49 652 63 92 86
652 604 60 78 75
50 545 34 96 52
50 588 37 62 38
545 235 79 92 83
545 355 29 81 51
588 95 43 47 46
588 125 50 82 76
588 684 50 86 58
51 711 20 60 36
711 445 58 61 60
711 709 54 78 54
53 549 31 58 44
53 761 52 83 64
761 262 81 95 92
761 434 48 95 56
54 291 28 33 29
54 253 17 83 28
291 637 68 100 98
55 338 27 51 42
338 425 47 89 51
56 889 72 85 82
56 273 93 98 96
889 594 93 98 98
889 698 89 97 92
889 387 29 61 57
273 553 56 60 60
273 793 59 95 68
273 13 67 93 69
57 467 69 95 85
57 870 79 84 80
467 829 39 82 56
467 252 14 55 52
870 273 31 99 57
870 283 18 23 19
870 852 65 99 94
59 370 83 98 84
61 351 17 43 36
351 409 62 83 73
62 425 54 89 63
425 403 21 31 28
63 167 35 82 81
63 628 93 95 95
63 243 60 96 93
167 504 52 60 53
167 250 37 42 42
628 207 74 85 83
64 681 17 96 29
681 768 50 90 53
681 785 25 65 35
65 674 18 50 28
65 168 85 87 85
65 110 26 77 58
110 76 26 72 42
66 813 90 95 95
813 847 95 97 96
813 698 28 52 50
67 422 32 46 34
67 486 74 92 88
67 152 88 99 95
67 851 83 96 90
67 890 44 53 48
422 437 40 73 43
422 724 66 97 72
422 608 37 85 55
486 595 90 100 100
851 201 27 75 64
890 68 94 99 97
890 391 80 91 88
69 533 92 99 97
69 262 18 75 21
262 879 68 79 71
262 835 71 73 72
70 140 59 72 63
140 794 73 92 75
140 594 75 99 85
140 3 52 73 52
140 433 16 41 35
899 743 10 51 27
178 447 37 51 51
73 235 59 75 75
73 639 54 62 56
73 904 12 48 26
639 674 26 62 51
639 750 91 100 99
904 451 90 98 91
76 784 20 24 23
784 350 30 75 68
77 307 47 98 73
77 473 13 29 28
77 210 92 99 99
77 577 70 78 75
473 394 40 66 56
473 691 36 69 40
210 587 24 58 29
577 436 81 93 86
577 133 26 73 64
577 550 24 53 35
577 495 13 93 23
577 7 60 89 63
79 113 57 91 73
79 373 20 62 45
79 930 12 44 14
79 346 60 64 62
113 833 28 48 35
113 32 63 69 64
373 912 46 67 57
373 213 83 85 84
373 32 37 85 84
373 644 18 89 68
346 360 41 46 42
80 598 66 94 79
80 296 52 90 71
296 467 77 93 89
82 166 54 65 63
82 942 63 64 64
82 857 91 96 96
82 79 82 85 83
942 639 88 91 89
942 201 70 89 85
942 798 41 90 81
942 116 56 63 60
857 221 39 45 41
857 563 46 56 47
857 110 38 64 45
857 932 72 92 87
857 911 13 18 13
857 20 23 77 39
83 479 87 90 87
83 846 78 96 83
479 29 27 57 36
846 76 54 55 54
846 234 80 94 84
84 315 46 74 52
315 894 95 100 96
315 215 79 97 87
315 873 70 99 86
315 601 33 78 78
85 759 60 80 67
86 14 87 94 94
86 256 95 99 98
256 930 82 100 99
88 845 61 75 66
88 927 35 71 50
845 715 78 82 78
845 823 55 79 61
927 792 91 94 92
89 146 17 45 43
89 242 77 79 78
146 288 34 78 64
242 544 70 95 70
242 171 21 67 49
242 83 41 62 46
242 730 38 62 42
91 22 40 43 40
91 469 66 90 90
469 61 54 71 68
93 767 84 97 96
767 163 86 100 89
94 387 34 74 70
387 562 14 73 59
387 660 80 86 85
387 190 35 36 35
387 444 68 71 70
387 873 60 62 61
387 493 18 73 62
95 750 34 45 42
750 385 30 44 36
96 54 72 77 75
97 125 33 66 62
97 279 48 86 84
97 506 42 49 44
97 440 86 89 87
125 115 95 97 97
279 336 84 94 89
279 498 26 62 38
506 509 25 97 70
98 548 36 85 51
98 111 23 49 31
548 814 34 66 46
548 239 46 94 59
99 290 94 96 96
99 127 56 65 56
99 514 55 70 66
290 727 73 78 76
127 928 60 83 77
127 716 37 99 91
100 382 81 91 90
382 3 85 100 96
382 385 29 55 55
101 932 16 90 57
495 76 94 98 95
420 475 29 84 80
420 57 77 90 87
103 160 39 51 39
103 617 64 98 80
103 250 92 96 96
103 487 28 43 29
160 733 88 96 94
160 916 93 94 93
160 254 38 41 38
617 483 36 57 51
250 845 95 100 99
250 608 53 67 63
640 191 54 100 70
640 726 68 95 77
640 221 76 88 76
640 429 12 98 15
499 103 79 94 79
499 760 11 69 11
499 307 39 78 72
499 215 24 63 57
499 90 51 86 70
504 501 20 85 75
106 141 39 52 48
106 875 12 79 60
107 454 58 100 93
107 601 74 91 91
454 304 72 89 81
601 295 89 95 95
601 192 78 83 78
601 567 93 94 94
108 784 73 86 81
108 131 62 96 68
112 4 80 98 91
833 199 56 76 72
115 872 63 64 63
115 168 38 39 38
872 309 52 78 75
872 622 76 92 79
872 279 71 96 78
116 398 16 31 23
116 349 78 95 92
398 292 23 41 31
349 916 59 76 64
349 507 31 61 44
349 513 89 99 89
117 325 94 100 96
117 373 15 100 19
117 582 38 54 41
117 777 65 81 81
117 688 19 47 29
325 416 58 65 60
582 338 64 87 77
582 252 63 74 66
582 81 78 97 95
777 322 51 99 51
777 158 68 91 77
777 568 30 72 53
688 98 25 75 48
688 272 77 95 91
118 896 53 61 55
118 872 63 85 79
119 305 92 99 99
305 690 64 94 75
120 78 54 72 64
120 32 84 99 84
120 404 44 97 84
120 743 74 81 75
121 118 45 77 52
123 770 61 88 75
770 726 67 90 78
126 83 41 65 56
928 822 20 78 38
928 489 95 96 95
928 488 19 37 37
928 228 48 68 66
716 559 45 67 47
716 119 12 17 17
128 865 90 93 92
865 481 25 46 41
865 103 40 54 42
129 433 70 100 85
263 390 88 91 90
263 726 87 88 88
263 495 24 39 24
263 122 87 99 87
132 780 14 73 23
132 696 87 99 99
132 6 22 58 23
133 261 50 56 53
133 251 81 89 82
133 427 70 82 71
133 74 25 31 29
261 618 63 88 79
261 528 89 93 92
261 637 82 94 91
135 170 59 87 78
135 496 68 83 78
170 793 21 94 57
496 238 76 91 91
136 775 47 56 51
136 844 50 92 86
775 514 68 100 93
844 524 29 49 37
844 883 85 97 89
595 423 80 81 80
139 423 55 91 55
139 666 36 81 66
139 891 14 27 26
423 563 41 57 56
423 609 18 33 27
891 704 81 84 81
794 571 21 92 88
794 711 33 93 47
594 929 28 39 29
847 34 73 93 89
453 22 85 98 96
143 628 63 99 71
143 927 44 52 46
144 154 25 56 53
144 661 59 62 62
154 877 47 98 73
154 927 48 54 54
661 843 17 78 77
661 100 85 90 87
145 544 58 91 77
145 747 31 88 43
288 183 30 69 35
288 293 88 94 90
309 914 30 80 35
149 463 69 98 85
463 173 79 98 90
463 499 87 94 89
150 89 93 94 94
150 347 73 79 74
150 647 76 96 93
347 343 61 88 85
347 630 55 63 61
347 474 56 86 56
153 260 66 79 73
153 527 65 72 68
153 356 58 89 67
153 501 81 82 81
153 856 81 100 87
260 685 31 43 39
260 626 36 68 50
260 391 23 81 70
260 399 59 84 71
527 366 56 86 80
356 431 87 99 96
356 817 11 60 52
501 169 44 72 66
501 272 95 99 99
856 678 19 69 54
856 203 64 100 64
877 201 22 81 50
877 227 23 44 43
156 100 38 60 45
156 96 85 94 85
156 730 43 100 94
730 271 27 79 63
730 101 90 94 92
730 405 12 27 13
157 202 52 68 56
202 153 39 81 63
202 124 62 81 79
158 39 14 62 30
918 605 85 90 87
435 299 84 91 88
435 494 49 64 54
435 637 36 44 41
733 319 20 85 80
916 459 87 90 87
161 754 42 69 44
161 315 62 91 72
754 239 11 45 20
754 765 85 94 87
754 918 43 77 65
162 398 16 79 28
163 825 31 42 41
163 886 78 86 80
163 567 72 87 81
163 584 31 41 32
163 535 48 60 51
886 364 65 68 68
567 160 55 98 70
567 679 87 93 91
567 786 58 76 64
567 858 63 93 68
584 930 17 54 24
584 174 53 87 80
584 641 23 54 31
584 797 93 96 96
535 739 69 75 74
910 482 13 21 14
910 12 39 93 44
910 421 16 56 21
169 213 81 88 81
169 17 78 87 85
169 929 18 37 24
213 241 92 99 92
213 539 92 94 93
213 108 70 87 73
929 930 69 84 84
929 654 91 96 93
929 3 21 62 38
171 566 12 97 22
566 505 92 96 94
566 636 74 80 80
566 683 40 51 46
566 562 57 61 60
566 415 84 96 87
566 614 77 84 83
172 196 18 42 37
172 100 72 98 95
196 498 12 91 36
196 116 83 99 88
196 702 77 87 86
173 333 22 62 35
333 84 80 99 94
333 189 76 86 77
333 373 17 31 31
333 210 23 35 29
174 328 84 92 92
174 625 43 79 49
174 180 70 91 82
328 18 41 80 57
625 765 93 98 95
180 726 72 91 85
180 248 12 46 31
180 237 64 89 72
176 248 74 93 92
176 809 33 79 44
176 287 80 87 81
248 468 46 68 57
248 317 76 84 78
809 166 94 97 97
809 147 73 74 74
177 398 46 56 54
447 381 44 99 88
447 863 73 87 79
447 638 19 45 20
179 559 16 89 82
179 525 51 89 55
559 357 43 68 66
525 767 91 96 96
525 105 93 97 97
726 702 75 91 88
726 462 54 97 78
726 13 70 85 71
237 414 47 84 84
181 894 47 48 47
181 932 32 40 39
894 810 81 94 81
894 278 90 92 92
894 835 55 86 77
894 656 94 95 95
182 573 59 67 65
182 270 41 71 60
573 154 86 94 93
573 497 36 93 51
573 36 51 68 67
573 845 10 13 10
573 443 58 84 74
270 376 89 93 91
183 890 86 94 88
183 607 68 87 76
607 145 54 93 58
607 740 57 96 96
184 754 72 75 72
184 10 25 88 59
383 206 95 96 96
186 306 35 77 37
306 195 38 53 43
306 247 83 87 85
188 268 38 64 40
268 109 29 39 32
268 925 85 96 93
189 942 50 73 55
189 106 42 75 66
189 187 63 90 64
189 437 95 100 100
437 818 34 53 44
437 406 57 100 95
437 216 73 96 80
437 378 54 60 57
190 535 42 74 62
190 595 68 98 94
190 393 41 85 46
190 737 67 72 72
190 740 16 92 60
190 570 43 53 47
393 349 74 93 74
393 693 10 37 15
737 860 92 94 92
570 729 81 97 95
191 649 57 84 62
192 382 46 69 69
193 471 66 84 82
193 248 26 51 48
193 56 89 97 90
193 121 70 95 93
471 603 93 97 96
471 128 89 92 90
837 815 43 84 48
648 779 74 98 97
195 548 35 55 36
702 436 16 20 19
197 556 26 76 51
198 733 31 39 38
198 521 94 98 96
521 219 53 97 58
521 361 49 70 54
521 460 79 89 85
199 213 29 41 34
199 1 88 98 95
201 579 79 97 85
579 390 81 97 86
203 882 39 66 59
203 484 62 95 78
203 728 64 73 69
484 31 56 95 70
484 649 23 70 54
484 570 74 81 77
484 369 12 85 31
204 71 11 85 64
204 892 49 78 49
204 207 13 47 14
204 259 15 34 19
892 505 75 97 95
892 746 24 57 50
259 329 18 44 22
259 54 68 79 74
205 282 87 98 87
205 503 73 80 73
205 386 13 33 13
205 5 81 89 84
282 702 57 93 81
503 57 29 82 63
503 889 33 60 40
386 585 17 95 36
206 737 75 89 85
206 867 50 63 57
206 43 41 53 48
206 664 92 97 97
867 392 57 63 63
664 568 74 88 85
664 676 32 55 37
208 638 44 82 76
208 795 84 97 96
638 698 81 89 86
638 463 12 25 24
795 102 27 53 39
795 459 42 78 49
795 573 25 36 30
587 615 12 74 57
587 114 91 93 93
587 34 77 99 80
587 176 21 87 27
212 620 85 86 85
620 351 16 86 29
620 172 84 97 87
620 34 72 99 83
620 524 26 44 41
620 518 36 67 58
214 882 48 88 82
214 379 33 93 42
379 720 47 84 66
216 581 37 88 48
581 99 86 96 95
217 784 69 82 76
218 627 87 99 90
219 630 43 92 50
630 907 60 93 68
221 387 21 42 25
221 42 25 50 31
222 522 31 65 50
222 565 10 62 55
565 563 92 99 95
224 380 24 50 39
225 150 76 97 85
225 527 30 97 88
225 745 63 64 63
745 640 87 94 89
226 282 77 84 79
226 904 81 100 98
228 49 64 75 64
229 654 16 37 31
229 106 67 70 70
229 75 89 96 91
231 415 35 59 52
415 45 93 97 97
415 426 89 94 90
415 365 65 75 74
233 586 65 68 68
586 643 37 91 79
586 138 49 82 51
234 713 40 59 43
713 868 10 71 36
485 272 35 64 47
485 396 13 71 45
614 254 72 80 73
614 536 66 96 72
236 539 42 73 53
236 925 65 79 68
236 900 70 81 77
900 301 39 65 62
900 19 39 54 49
900 406 76 90 76
239 691 63 73 67
239 63 38 56 49
240 833 81 88 87
244 393 26 27 27
245 419 59 63 61
419 601 34 100 61
419 500 43 46 43
419 887 91 94 94
246 855 47 93 67
855 206 28 93 52
855 707 58 75 68
247 92 12 36 33
247 230 89 92 90
247 577 40 48 48
247 21 69 91 71
468 328 61 85 62
317 24 74 95 87
317 643 85 97 95
317 9 38 43 41
317 1 80 86 85
252 180 24 63 30
252 41 50 98 77
252 94 53 84 66
252 590 21 84 52
257 821 83 98 95
257 934 95 96 96
821 312 87 92 87
934 41 33 97 78
329 416 84 90 84
329 239 92 97 93
685 357 49 92 91
626 5 28 89 70
626 184 86 95 88
626 753 92 93 93
626 240 16 28 24
626 299 77 90 79
626 714 95 97 96
626 556 40 96 41
626 651 52 99 52
391 833 74 83 82
391 150 66 83 73
399 491 48 100 94
399 156 59 77 65
399 921 39 54 47
528 622 15 73 67
528 533 19 86 40
637 626 33 72 51
637 54 13 39 14
879 115 79 80 79
264 753 61 100 70
753 53 57 63 59
753 618 48 89 72
265 486 62 87 69
265 439 67 85 79
439 545 91 98 97
266 277 50 66 63
277 202 16 41 30
277 504 20 23 22
277 293 22 93 29
267 48 33 45 45
271 41 74 76 74
271 641 65 67 66
641 128 73 79 75
641 827 33 85 47
272 656 85 94 88
272 210 56 89 62
272 826 94 99 97
826 227 44 64 47
275 609 95 99 95
275 570 40 89 41
275 257 40 84 70
275 461 40 74 44
461 322 44 100 57
276 322 21 74 52
276 622 91 92 91
276 893 30 47 47
276 363 54 84 68
276 475 76 94 84
893 49 58 75 72
475 657 38 97 55
475 928 41 81 69
293 182 93 97 97
278 870 70 78 75
281 303 92 95 92
281 486 72 89 83
283 156 92 95 95
284 277 42 94 56
284 589 59 75 68
284 47 78 96 80
589 728 85 86 86
589 725 27 40 29
286 354 49 56 56
354 20 93 100 96
354 446 15 21 21
289 106 38 75 57
727 671 59 69 63
294 740 95 99 97
297 823 38 95 40
297 54 69 71 71
823 103 12 41 36
823 168 74 82 77
299 328 55 57 57
300 334 51 53 51
334 243 55 84 70
334 683 67 72 70
301 561 93 97 96
301 921 10 43 28
301 2 65 69 65
561 28 30 40 35
561 131 91 98 98
561 571 58 75 74
561 163 49 75 74
921 701 58 67 60
921 556 33 68 57
703 239 56 93 78
703 142 92 93 92
703 897 14 18 17
703 537 83 98 84
304 366 11 32 28
304 624 10 53 14
304 589 25 93 75
366 544 65 70 69
366 149 64 68 67
624 421 42 91 91
624 515 92 96 96
624 822 63 82 68
690 927 25 42 26
914 102 84 90 90
914 712 87 98 95
310 226 22 98 95
310 602 64 74 66
602 151 32 59 50
602 83 89 95 93
311 95 42 46 43
311 32 10 47 24
312 301 38 73 58
313 200 86 92 87
313 450 75 89 78
450 677 48 98 86
450 767 43 67 66
314 482 41 95 61
482 411 39 58 48
482 630 56 80 69
316 592 22 93 85
592 286 85 99 96
643 570 83 98 84
318 695 60 68 68
695 451 24 58 33
319 613 47 87 63
319 592 50 90 53
319 822 42 89 60
613 693 30 58 57
613 830 41 65 49
613 770 29 60 60
320 101 13 51 27
320 587 21 65 25
323 14 40 66 64
323 168 19 37 30
416 75 28 95 38
416 0 95 100 95
416 580 56 70 67
416 884 75 93 80
326 84 15 57 41
326 660 10 77 72
660 710 24 66 46
660 268 80 88 85
660 106 53 54 54
660 258 57 78 60
660 516 71 91 73
331 611 23 84 34
611 731 58 75 65
611 297 51 59 59
611 13 87 89 89
332 464 77 79 78
332 361 77 96 86
464 738 62 94 86
683 722 15 19 15
335 489 73 82 79
335 52 21 44 29
335 22 15 49 48
335 503 32 38 35
337 720 19 21 21
720 224 87 93 89
720 759 73 97 93
720 174 91 97 96
720 205 50 85 73
720 902 61 63 63
720 740 11 28 14
339 454 10 80 33
340 522 25 95 72
340 375 68 81 73
340 354 24 39 33
340 537 75 91 86
340 795 41 86 55
375 895 42 69 57
537 7 27 99 53
537 252 70 78 71
537 139 87 89 89
341 741 83 95 91
741 556 45 79 48
342 900 23 32 32
342 772 18 83 76
772 892 15 79 53
772 646 93 97 95
343 97 54 92 78
344 920 86 95 89
920 30 30 81 63
448 276 69 86 72
448 464 33 74 40
448 302 10 84 36
360 55 70 99 89
360 777 90 98 93
360 236 80 82 80
474 121 37 63 48
474 120 67 88 74
348 619 40 48 44
348 938 93 98 93
348 616 41 99 45
619 200 66 74 74
619 11 78 92 91
938 918 87 90 90
616 470 76 98 83
507 23 92 98 95
409 724 21 62 59
352 29 42 85 54
446 564 61 64 63
355 315 88 92 91
431 919 72 77 73
431 290 44 71 56
817 612 14 66 48
357 942 46 68 51
357 5 77 80 80
357 596 12 100 63
596 676 72 97 92
596 69 21 61 35
596 844 29 46 35
596 306 51 92 65
596 130 28 76 46
596 269 26 91 68
358 907 52 77 75
907 132 81 90 84
359 540 17 77 52
359 85 29 36 36
359 815 51 93 74
359 324 36 91 48
359 839 57 71 64
839 414 57 94 60
839 635 32 45 42
839 759 87 94 94
839 168 87 97 93
839 873 63 95 82
362 618 73 99 87
362 506 84 92 86
362 269 71 72 71
364 814 20 70 34
365 757 90 92 90
365 316 33 51 36
365 804 23 46 23
757 539 44 67 62
757 344 45 95 90
367 876 37 65 40
367 188 69 77 72
367 862 41 91 53
367 638 14 88 56
862 626 46 88 56
862 890 19 100 30
862 606 45 72 59
369 901 59 64 62
371 905 69 96 93
371 815 45 58 57
371 285 60 77 76
905 482 43 86 55
905 77 28 77 41
905 545 46 88 63
372 63 92 98 92
912 743 73 86 85
644 785 65 84 80
374 728 66 70 70
374 744 42 82 47
374 784 91 92 91
744 803 25 29 26
744 125 90 96 91
744 769 29 74 30
895 543 15 76 33
377 285 69 74 72
378 257 22 26 22
378 594 90 95 90
378 547 10 62 27
378 528 21 76 40
547 213 69 74 70
381 534 61 92 84
534 808 50 80 56
534 298 10 31 21
385 718 83 99 92
385 108 79 91 86
385 311 15 53 28
384 604 49 100 84
384 852 34 63 49
384 14 50 61 52
604 758 65 87 83
604 892 34 78 36
604 256 56 64 56
604 59 23 95 52
852 746 84 85 84
585 647 86 99 94
585 618 14 36 26
562 812 52 63 52
444 888 67 88 69
444 168 18 100 70
493 692 74 89 86
493 718 64 81 66
388 352 95 98 98
388 634 56 57 57
388 910 40 79 45
388 943 56 68 59
388 212 17 69 61
634 351 66 92 81
943 208 34 50 43
389 610 71 96 91
610 269 18 33 29
392 272 73 90 87
392 700 93 97 93
700 596 67 98 91
700 868 89 98 97
700 526 31 61 46
700 344 78 82 81
693 624 94 98 98
693 924 55 99 66
394 292 44 91 84
394 485 60 99 96
395 440 19 30 19
396 302 67 69 67
396 727 31 74 36
396 345 71 87 71
491 296 53 88 87
400 366 35 54 53
401 270 20 98 25
405 576 54 90 57
405 879 36 79 76
576 738 64 81 64
407 152 19 69 57
407 690 92 93 92
724 734 13 16 16
724 484 37 38 37
410 334 74 76 75
410 253 73 95 75
411 93 86 97 91
412 882 73 85 83
413 706 62 89 67
413 695 60 98 66
413 129 52 89 68
706 249 67 81 76
706 250 77 82 77
426 269 78 98 82
426 667 53 95 80
580 415 16 42 24
884 194 90 96 95
884 836 30 83 36
417 931 95 98 97
417 312 14 64 55
418 93 21 41 21
500 447 68 90 79
500 925 64 83 83
500 29 83 86 83
421 221 95 98 97
421 621 49 99 73
421 23 66 89 88
421 889 63 76 70
621 434 71 77 74
563 171 68 90 76
563 860 49 87 78
563 515 54 69 67
424 936 64 99 88
424 86 53 60 59
428 660 63 84 76
429 140 50 66 52
430 192 30 43 40
430 574 14 39 17
574 391 74 90 78
919 368 20 26 21
919 205 18 53 51
919 569 39 59 44
919 131 86 88 87
432 225 50 99 78
432 842 31 59 43
434 15 52 69 61
434 234 25 40 32
434 210 63 74 70
494 53 11 43 34
494 927 88 100 88
436 64 37 86 72
436 897 33 79 39
436 924 10 21 20
436 680 83 84 84
436 683 24 55 41
924 495 49 61 55
924 854 95 96 95
924 796 53 97 95
924 440 94 97 97
924 635 12 55 23
818 17 86 91 87
818 798 25 67 67
818 200 36 54 41
438 268 66 83 79
438 714 74 84 83
438 450 68 81 80
438 301 54 88 78
714 180 79 88 80
880 608 70 100 77
755 753 58 71 58
755 801 11 63 48
755 120 53 72 53
443 459 29 54 54
888 167 61 80 80
888 293 17 37 23
888 86 66 96 79
888 779 73 75 74
888 941 84 87 86
888 505 74 79 74
445 309 88 97 89
445 521 61 75 67
564 137 94 95 95
564 206 44 68 55
564 388 55 74 57
564 917 28 66 64
564 36 29 53 50
564 550 56 67 63
564 182 86 92 92
449 634 48 73 71
451 665 11 65 20
451 470 41 62 59
451 486 68 93 71
470 221 64 94 78
452 332 82 88 87
452 894 90 91 90
452 550 29 54 48
516 872 30 37 34
516 615 60 77 75
456 273 88 100 92
456 911 20 66 60
456 7 91 100 97
457 658 33 60 40
457 131 26 37 29
457 395 41 70 46
658 39 83 91 87
658 825 73 93 86
460 352 55 83 61
462 311 27 71 71
462 436 27 31 27
462 565 56 96 90
738 288 84 94 93
738 402 43 89 68
465 615 44 84 44
465 426 50 62 53
466 915 21 29 29
829 119 18 37 33
746 863 20 56 46
746 561 76 93 80
746 302 73 99 92
657 769 62 79 63
477 709 71 87 74
477 500 71 76 72
709 619 76 80 76
709 498 39 53 49
709 771 50 92 69
478 790 68 97 90
790 490 29 89 74
790 935 62 74 72
790 780 28 46 36
480 499 38 81 76
480 854 51 67 55
480 92 87 88 88
854 389 63 68 63
854 644 32 47 45
483 502 48 87 68
483 672 72 75 73
502 634 56 83 59
502 557 80 89 82
502 466 33 38 33
502 113 59 100 64
672 841 76 99 99
492 309 94 97 96
492 294 63 92 69
692 140 40 92 65
692 350 44 87 86
692 259 33 78 41
692 281 34 79 36
497 353 86 89 86
760 100 75 94 79
557 743 79 96 86
557 528 29 97 48
557 462 75 83 80
557 895 89 91 89
508 680 78 95 91
511 223 20 91 60
515 119 51 67 55
517 786 25 50 36
517 164 22 79 70
517 25 60 74 70
518 433 42 100 50
518 902 25 70 67
902 311 40 95 53
902 428 68 83 73
902 346 13 83 54
519 799 38 57 38
799 562 58 84 69
520 264 24 47 28
520 663 85 93 89
520 901 27 47 42
520 643 49 60 56
523 541 18 19 18
523 943 58 95 72
541 319 40 43 40
524 579 83 86 83
530 849 67 69 67
849 745 66 67 67
531 422 62 94 68
532 425 55 75 71
810 36 36 42 41
808 330 27 42 32
808 918 93 96 93
536 44 52 58 52
536 10 86 91 87
536 848 89 92 89
848 725 38 65 53
542 636 44 77 67
542 720 81 98 81
542 792 89 95 95
636 790 65 82 75
792 416 35 100 64
543 604 61 69 65
543 42 81 97 97
546 66 70 75 73
551 98 36 74 62
551 223 32 55 55
554 348 91 99 95
555 906 78 96 95
558 136 45 78 53
558 656 16 29 16
558 80 22 73 65
560 926 41 44 42
812 943 77 83 83
812 596 15 71 40
812 115 94 100 95
812 364 22 42 24
812 98 43 73 68
917 617 34 64 45
679 705 75 76 75
858 651 92 93 93
629 411 40 97 90
569 307 56 99 93
729 361 71 78 78
572 353 51 94 93
575 861 79 87 84
575 446 15 50 28
575 695 55 72 70
861 103 92 96 92
583 737 48 50 50
583 874 76 81 79
874 434 13 99 82
797 249 15 36 17
797 432 22 45 27
797 793 58 80 76
684 70 62 78 63
684 137 81 92 87
591 278 37 46 38
591 840 12 22 13
840 409 12 33 12
840 194 49 57 53
593 755 27 34 34
593 684 22 57 30
593 874 53 95 94
593 302 76 88 81
676 384 61 89 75
597 927 45 87 49
597 136 75 76 76
597 848 12 21 14
599 511 77 82 80
599 847 64 71 71
600 216 77 89 77
600 649 91 94 92
758 601 20 94 86
758 480 41 87 72
606 618 29 41 32
659 411 79 96 84
731 97 26 93 80
731 812 48 87 77
830 851 79 97 92
830 9 75 95 78
623 352 94 100 98
765 692 24 67 54
765 309 59 93 64
765 324 67 73 72
765 319 29 57 47
651 79 22 98 56
651 257 43 69 55
651 626 77 80 77
631 792 69 80 71
631 732 61 86 62
631 264 39 59 58
631 940 50 82 51
631 442 32 96 43
732 235 23 24 24
732 654 16 49 42
940 603 88 92 92
940 81 91 96 95
940 492 63 91 75
940 0 72 78 78
940 337 12 70 38
940 714 33 91 48
632 20 89 98 91
632 846 92 94 92
633 799 67 83 67
635 807 29 94 86
635 721 91 93 93
635 789 77 83 78
635 622 73 96 78
635 262 16 33 28
721 845 77 88 88
721 294 73 98 75
789 698 17 66 47
789 341 57 84 64
789 362 52 77 60
698 71 30 55 48
698 466 16 62 47
827 65 77 100 84
827 316 21 87 64
785 711 29 89 83
785 648 41 97 67
785 738 85 97 94
645 116 47 85 77
645 142 93 100 94
645 31 19 22 21
646 497 37 60 54
779 617 60 86 69
779 184 92 95 92
779 712 40 86 60
779 933 42 70 57
779 139 92 95 93
653 454 38 73 71
769 940 30 76 35
769 912 57 96 57
710 11 29 35 30
710 329 38 76 72
710 733 47 98 82
843 805 38 86 83
843 932 15 68 40
662 532 68 81 74
662 493 70 74 72
668 755 64 82 82
668 367 47 72 69
669 425 13 71 26
669 229 19 61 58
669 847 77 78 78
670 486 36 99 42
670 222 16 45 35
671 239 54 98 63
841 246 82 83 82
841 212 31 47 31
678 795 52 84 75
705 869 81 83 82
705 207 59 84 65
705 466 53 55 55
768 34 49 61 54
682 653 87 89 89
722 941 61 83 73
689 672 19 64 19
689 437 77 83 83
699 895 43 52 49
699 627 47 91 79
699 33 10 44 10
704 579 24 75 68
869 469 85 94 86
869 470 89 90 89
869 18 46 56 49
869 94 82 91 90
707 546 94 96 96
708 259 28 39 28
715 692 68 79 68
715 541 53 63 58
715 222 85 94 86
715 494 30 61 35
717 18 73 92 84
719 829 64 92 85
734 14 65 70 69
735 192 11 45 28
735 885 57 90 73
885 507 62 75 72
885 253 79 96 90
736 239 21 59 59
736 783 15 36 24
783 319 29 60 46
742 376 94 98 95
803 223 51 92 75
803 326 39 59 45
749 775 53 88 85
749 436 36 39 36
749 559 74 87 75
749 603 55 75 59
751 378 68 82 72
751 166 76 100 100
801 472 26 60 47
801 3 93 95 95
756 476 31 42 31
756 228 90 94 91
756 48 23 67 37
762 723 82 89 87
762 322 59 84 66
763 808 90 94 92
763 70 48 78 74
764 778 76 87 87
764 892 45 87 45
764 601 13 46 43
766 360 13 50 22
766 31 65 78 71
766 383 29 71 57
773 87 28 68 39
773 489 17 53 18
773 490 31 80 46
782 492 52 71 54
787 542 95 97 97
787 739 22 27 22
788 87 65 67 67
788 284 48 80 50
788 594 49 85 60
788 784 44 61 48
791 640 70 92 78
791 740 85 100 88
791 885 59 80 78
796 628 67 83 79
796 28 18 80 41
798 818 14 26 22
798 384 14 26 17
798 53 50 58 55
798 325 67 100 68
798 212 86 87 87
800 436 16 39 30
800 913 38 73 57
800 595 37 81 39
800 369 38 56 54
802 855 19 38 28
802 926 80 93 86
802 704 93 97 97
805 734 26 54 51
805 95 88 99 99
816 928 24 92 35
816 387 43 90 52
816 396 72 76 73
816 486 16 53 42
816 262 18 34 28
819 567 72 99 87
820 279 90 94 90
824 288 71 88 82
824 621 55 92 91
831 634 85 91 90
832 451 57 86 78
832 137 20 48 35
832 164 49 80 77
832 319 39 73 54
834 288 16 21 16
836 89 71 76 72
836 539 26 79 28
838 46 51 87 67
838 215 83 100 98
838 869 41 76 68
838 800 70 86 72
838 421 31 45 39
838 271 75 79 75
883 667 17 98 36
883 548 90 91 91
883 640 70 75 72
883 212 76 95 77
853 206 66 73 71
859 70 29 87 56
859 464 83 86 84
859 898 74 96 81
898 143 48 94 51
898 290 31 58 49
898 611 40 62 55
866 14 18 29 28
878 769 69 75 75
881 428 55 88 64
923 204 55 60 60
923 53 85 94 87
923 849 67 75 74
903 201 52 99 54
903 439 52 68 60
903 123 24 52 39
908 929 27 68 33
908 759 33 74 53
908 385 48 97 74
922 239 37 98 62
939 63 11 26 11
939 419 72 94 89
939 609 47 72 56
0 943
