13 51
0 12 83 86 84
0 9 40 96 86
0 4 83 90 85
0 1 43 93 45
0 10 40 41 41
12 5 72 99 95
12 1 20 56 42
12 9 45 76 50
12 2 94 98 97
12 7 16 36 29
12 6 44 83 54
9 11 93 96 96
9 6 86 95 88
9 10 64 80 76
9 7 62 68 62
4 9 79 97 85
4 7 27 74 69
1 10 87 100 98
1 8 95 100 97
1 7 76 88 78
1 11 37 82 65
10 7 85 93 93
10 1 52 100 88
10 4 65 77 75
10 2 82 99 86
10 0 27 97 30
8 12 63 74 66
8 1 49 58 56
8 10 55 99 60
8 9 35 80 70
8 2 37 47 38
8 11 70 90 78
7 9 78 80 78
7 11 76 98 81
7 0 44 56 56
11 3 76 97 97
2 8 42 64 62
2 6 83 100 85
2 7 31 100 32
2 9 11 64 58
2 12 14 16 14
6 3 18 20 18
6 8 71 95 77
6 1 63 75 74
6 7 29 40 39
6 0 67 88 82
3 9 38 54 46
3 1 86 96 96
5 12 50 97 78
5 9 12 83 81
5 7 86 97 90
0 12
