100 249
0 62 92 93 93
0 78 60 80 75
0 10 66 78 77
0 51 85 95 91
62 23 81 92 84
62 69 82 93 86
10 76 29 44 39
10 3 69 87 78
51 68 13 15 13
51 69 11 56 53
1 2 77 93 89
1 54 81 99 84
1 84 43 86 48
1 86 19 39 34
2 56 94 98 98
54 1 57 77 65
54 27 12 65 44
84 32 67 75 69
86 68 58 63 62
56 27 88 94 94
56 30 15 52 36
3 48 33 84 60
48 72 82 86 86
48 42 17 51 32
48 35 55 67 67
4 24 41 85 42
4 12 55 98 79
4 74 51 57 55
4 5 45 82 70
4 47 68 99 80
24 6 67 78 74
24 62 72 95 73
24 10 21 63 36
24 90 21 69 60
12 88 92 94 93
12 19 54 58 54
12 17 75 88 84
12 47 63 64 63
5 67 25 56 36
5 82 71 84 75
5 34 53 89 71
5 90 19 75 53
47 41 65 76 66
47 62 40 42 41
47 10 26 27 26
67 66 95 97 97
67 24 34 57 53
67 7 17 57 26
67 22 94 99 98
34 91 19 74 61
34 59 46 52 52
34 96 22 37 23
34 27 53 73 59
90 71 83 93 93
6 99 26 93 50
6 77 15 85 20
99 79 80 100 88
99 95 25 89 49
99 17 18 33 27
99 66 46 74 63
77 16 41 42 41
77 92 73 86 86
8 94 62 66 62
8 0 18 92 36
8 91 58 62 59
94 53 67 72 72
91 55 44 85 52
91 12 12 59 15
91 18 17 71 29
9 4 43 84 60
9 5 23 54 35
9 2 60 86 80
76 9 55 89 55
76 99 47 54 48
76 80 35 44 36
11 31 91 97 94
11 71 66 67 66
11 86 57 94 82
31 63 26 53 40
71 24 77 83 81
71 18 78 97 88
71 5 81 100 84
71 33 64 84 77
71 32 55 76 72
17 27 66 95 82
17 84 18 19 18
17 49 88 93 91
17 76 54 94 78
13 94 15 19 18
13 22 40 43 42
13 83 54 86 54
13 51 35 88 47
83 92 82 92 87
83 19 27 42 31
14 84 16 62 40
14 18 22 23 22
18 61 91 97 97
18 70 43 63 49
18 43 81 90 83
18 9 92 95 95
18 23 68 94 87
15 58 48 91 56
58 89 14 90 64
58 6 25 65 60
16 51 44 80 49
27 41 12 44 24
27 43 71 93 89
49 6 62 74 69
49 80 70 100 82
61 54 52 61 56
61 47 37 77 51
61 53 79 100 95
61 74 43 79 59
70 41 34 72 68
70 56 49 53 53
70 21 42 54 42
70 34 38 45 40
43 32 51 71 62
43 31 80 92 84
43 35 81 94 89
23 76 20 24 20
23 71 72 84 76
23 68 71 80 78
20 95 37 58 48
20 24 58 59 59
20 34 95 96 95
95 37 84 93 93
95 50 91 94 92
95 75 48 54 52
21 92 93 96 93
21 22 53 74 59
21 45 55 95 75
21 43 13 60 25
92 6 38 79 59
92 54 10 54 44
45 94 30 47 44
45 11 71 84 84
68 91 57 62 58
68 60 83 87 84
68 98 89 97 90
25 59 54 59 59
25 74 82 89 83
59 65 16 54 29
59 32 18 65 42
59 41 49 76 67
59 96 92 94 93
26 75 82 87 85
75 60 71 75 75
75 84 35 53 50
75 33 91 96 91
41 24 29 39 32
41 14 84 95 94
41 97 76 83 80
41 10 16 45 30
41 57 60 63 62
41 22 87 98 91
41 84 45 94 73
28 79 78 83 81
28 30 39 95 48
28 46 14 84 80
28 41 56 83 56
79 41 93 95 95
79 27 89 94 93
79 16 85 88 88
79 64 75 92 81
79 13 77 98 84
30 72 19 49 36
30 64 24 93 71
46 28 34 64 45
46 56 83 87 86
46 67 41 56 52
46 10 14 52 26
29 84 95 97 97
72 13 22 34 24
72 0 83 91 87
64 58 94 100 99
63 28 29 75 57
63 34 27 28 28
32 53 15 80 45
32 61 28 74 35
32 39 11 40 14
53 31 87 100 93
39 14 62 92 75
39 42 49 57 55
33 21 15 99 82
33 82 87 96 93
96 65 20 71 33
96 30 55 70 56
96 9 71 75 74
35 73 21 84 64
35 76 80 82 80
35 32 21 28 23
73 2 75 89 80
36 5 17 49 31
36 45 22 54 34
36 79 31 52 43
36 53 56 89 88
36 95 64 98 73
36 1 41 46 41
37 26 19 63 63
38 73 35 78 60
38 43 30 49 41
42 69 88 95 89
42 93 16 79 68
42 54 34 60 36
42 67 21 76 34
40 13 69 96 81
40 94 61 97 69
97 68 71 96 74
97 61 82 84 83
97 55 22 79 49
97 72 88 90 88
57 51 14 52 21
69 87 59 68 60
69 60 93 98 93
93 23 62 71 70
44 76 73 93 74
80 83 68 79 78
80 87 47 74 63
50 33 61 99 96
50 66 24 88 84
50 96 11 14 14
50 42 94 99 95
52 2 18 87 86
52 89 51 80 56
89 97 65 95 87
89 34 17 38 28
89 74 30 51 39
89 13 88 96 90
55 64 28 99 42
55 70 74 92 89
55 19 21 91 42
65 90 48 53 49
65 43 72 86 72
60 80 21 74 47
60 21 47 99 83
60 54 30 97 94
98 27 79 88 80
98 96 36 45 44
98 37 25 37 33
87 94 71 90 85
87 33 47 73 47
87 50 15 86 64
81 73 39 82 75
81 86 74 96 95
81 19 77 88 86
81 59 44 65 52
81 32 73 95 84
85 20 39 40 40
0 99
