56 159
0 55 84 91 86
0 35 76 88 82
35 38 23 65 36
1 42 68 77 74
1 40 67 74 74
1 5 67 77 74
42 52 68 76 76
42 55 32 50 48
40 38 46 92 88
40 7 63 94 84
5 12 86 88 88
5 48 95 97 96
5 26 93 98 95
5 55 43 66 64
5 42 20 41 38
2 30 47 76 66
30 13 55 82 65
30 38 17 54 19
30 21 43 58 50
30 49 43 44 43
3 7 54 79 69
3 10 12 62 26
3 20 26 61 41
7 55 56 61 57
7 19 85 88 87
10 24 93 95 93
10 41 45 68 64
10 33 26 65 43
20 37 38 75 53
20 40 51 81 69
4 51 81 86 83
4 39 80 87 86
51 7 60 99 85
51 23 12 21 17
39 36 26 38 33
39 27 44 66 47
12 54 40 68 50
12 31 54 78 72
12 27 39 40 40
12 35 64 83 72
48 1 52 91 84
48 14 20 91 45
48 36 14 55 31
48 44 13 55 46
48 8 34 64 61
26 38 74 92 79
26 51 88 93 91
6 10 28 38 31
6 7 60 85 81
6 24 79 97 91
6 51 65 95 67
24 12 61 81 73
24 40 94 96 95
24 28 46 84 60
19 39 43 45 45
8 28 53 77 61
8 55 64 73 72
8 2 82 83 82
28 31 19 29 27
9 19 91 92 92
9 20 20 55 38
9 23 55 57 57
9 46 53 96 93
9 47 24 68 28
23 0 79 100 92
23 12 32 74 32
23 40 60 97 86
23 13 88 100 96
46 15 45 92 65
46 42 42 72 66
46 10 46 51 49
47 29 75 81 80
47 54 22 76 61
41 42 63 86 86
41 18 94 98 94
41 10 23 89 71
33 39 94 100 94
11 23 50 75 71
54 28 36 61 36
54 18 74 100 94
31 44 30 32 31
31 48 76 85 83
27 53 86 93 91
27 6 69 97 86
27 37 43 47 45
27 4 52 55 53
27 48 30 78 54
13 5 29 77 45
13 22 51 62 57
22 9 56 64 61
14 20 39 67 41
14 44 31 40 31
14 55 28 64 48
44 23 52 58 53
44 46 74 100 94
44 31 10 66 33
15 7 71 80 78
15 19 82 88 88
15 8 82 84 82
15 48 79 99 95
16 31 34 65 45
16 55 95 98 95
16 22 90 92 90
16 41 81 93 86
17 49 72 96 72
17 15 64 75 71
17 1 91 93 92
17 40 93 98 93
17 42 31 43 31
49 10 51 68 54
49 0 19 92 36
37 27 95 97 95
37 47 45 99 67
37 38 85 95 91
37 4 25 52 47
37 51 30 50 38
21 47 70 87 78
21 17 15 48 22
21 14 11 73 54
25 4 17 69 18
25 55 46 52 52
25 28 35 74 59
38 36 45 57 51
38 43 44 57 57
53 39 62 87 75
53 44 26 62 55
53 35 90 93 93
53 18 13 68 63
53 48 15 51 38
53 24 42 60 52
53 15 20 38 24
53 19 11 17 12
29 14 63 81 74
29 18 45 71 66
29 21 82 91 89
32 17 82 93 91
32 2 15 53 37
32 5 73 98 94
34 5 57 100 57
34 31 87 91 89
34 3 91 96 91
34 45 93 97 95
34 40 41 97 42
45 53 58 59 58
45 33 37 55 55
45 2 71 82 77
36 3 24 91 78
36 14 84 100 99
36 12 57 89 60
36 30 84 98 86
36 53 22 73 24
36 19 13 55 33
43 22 38 51 38
43 48 33 67 35
52 1 53 83 79
50 39 31 67 53
50 24 11 18 18
50 47 48 75 61
50 31 32 42 33
0 55
