48 182
0 11 72 91 87
0 42 32 59 34
11 42 85 95 93
11 38 40 54 54
11 3 88 95 94
11 47 49 85 52
42 12 35 78 59
42 13 10 70 68
1 27 18 68 32
1 26 12 60 40
26 1 95 97 97
26 13 53 95 83
26 7 75 83 80
26 35 51 86 65
26 34 76 89 85
2 13 44 75 55
2 27 74 80 79
2 20 39 46 45
2 21 42 43 43
2 32 86 91 89
2 14 35 78 65
2 1 84 97 91
13 38 62 93 89
13 19 41 87 52
13 41 44 100 58
13 27 61 90 83
20 34 74 89 82
20 39 71 97 85
20 4 76 85 79
32 33 53 92 73
3 1 73 98 93
3 47 24 76 48
3 38 13 21 16
3 8 36 44 37
3 28 89 99 96
3 36 27 41 34
47 34 90 99 98
47 3 54 74 62
47 41 58 85 64
38 47 42 72 45
38 8 58 84 61
38 31 47 52 48
38 46 81 96 96
38 11 83 100 99
38 34 52 56 55
38 19 46 77 59
38 26 56 58 56
8 35 42 81 80
8 45 48 59 49
8 9 22 54 28
8 25 46 61 53
8 14 76 79 78
28 11 30 100 33
28 9 90 99 95
28 5 88 98 92
28 21 80 100 90
28 27 56 59 59
28 8 39 59 52
28 26 92 99 99
28 10 68 79 69
36 13 28 55 33
4 27 17 93 82
4 14 19 78 29
4 24 52 99 73
24 19 86 98 95
24 1 74 77 77
24 0 22 91 48
5 37 36 76 36
5 39 51 70 58
5 27 95 100 95
37 43 10 77 43
37 7 69 88 75
37 47 58 91 61
37 3 52 58 56
37 8 44 59 51
37 35 85 99 93
37 39 37 99 94
39 29 60 92 64
39 38 69 92 71
39 46 16 17 16
6 28 77 85 84
6 25 32 53 50
6 19 28 85 40
6 35 37 68 52
6 17 76 96 92
6 36 91 99 93
25 24 20 96 94
25 21 18 97 89
25 42 77 88 86
19 23 31 92 67
19 9 17 51 23
19 25 92 93 92
35 21 58 80 61
35 14 48 54 49
17 45 47 82 58
17 37 62 74 67
17 35 60 99 89
7 0 82 86 85
7 19 19 68 29
7 45 45 100 93
7 13 66 76 67
45 34 32 84 37
45 46 38 99 86
45 13 59 88 59
45 33 42 93 64
45 27 53 69 59
9 6 16 64 21
9 14 13 19 18
9 42 75 82 75
10 8 61 72 63
10 45 43 96 72
10 28 42 65 47
10 16 79 87 81
10 35 35 63 44
10 42 92 97 92
10 6 61 92 68
10 19 82 99 83
16 36 82 91 86
16 34 62 75 68
12 38 45 97 96
12 41 77 90 82
12 46 72 92 92
12 45 95 96 96
12 25 11 56 16
41 29 74 92 78
41 39 67 69 67
41 20 78 99 85
41 1 80 97 81
41 16 40 66 41
41 15 57 70 61
46 11 39 66 42
46 37 13 79 32
46 24 12 35 27
46 9 32 91 36
15 23 26 98 42
15 33 87 90 87
23 30 38 74 54
23 3 38 50 39
23 12 77 87 85
23 4 63 80 65
23 31 93 94 93
33 40 41 56 47
33 15 29 85 65
33 19 48 78 67
34 44 29 42 41
34 1 54 100 54
18 9 78 93 80
18 13 54 71 61
18 42 10 49 11
18 37 60 61 61
18 11 27 85 52
18 46 11 52 35
22 47 12 91 32
22 5 74 82 79
22 20 20 46 31
22 43 59 98 90
43 21 26 40 37
43 33 67 69 69
43 1 52 57 53
30 38 44 69 58
30 44 52 57 53
30 23 74 82 77
31 39 60 70 69
31 24 18 93 49
31 41 24 95 91
31 15 26 31 30
31 26 18 38 21
31 37 57 85 57
29 36 15 69 45
29 40 37 49 46
29 5 19 35 25
29 14 85 89 87
40 32 23 47 25
40 34 94 99 97
40 21 51 93 54
40 29 84 93 86
40 24 55 64 56
40 31 49 88 59
40 22 23 88 26
44 20 17 22 19
44 23 70 79 73
44 12 44 69 66
0 47
