105 404
0 104 64 96 81
0 42 52 73 53
0 77 15 89 41
0 2 30 53 42
0 9 31 83 76
0 5 91 99 91
0 44 39 62 62
0 52 94 96 94
104 16 59 94 72
42 92 75 80 79
42 98 85 88 85
42 48 95 97 95
77 17 89 91 89
77 90 81 98 84
77 29 64 70 70
77 66 71 98 89
2 67 59 82 61
2 74 91 92 92
9 20 30 99 96
9 59 83 87 87
9 41 26 78 58
5 94 66 83 67
5 20 32 75 47
5 60 30 82 37
5 99 75 81 76
5 69 40 87 65
44 16 76 97 85
44 87 15 53 21
44 53 16 88 87
44 40 77 97 94
44 70 60 86 65
44 56 56 84 64
52 102 91 95 91
52 74 18 90 54
52 104 34 68 57
52 88 92 94 94
52 49 19 23 20
52 103 67 98 77
52 32 40 95 44
52 7 35 74 58
52 81 45 65 53
1 84 26 61 27
1 21 29 30 30
84 33 68 90 74
21 25 51 55 52
21 38 13 16 14
21 83 32 99 84
67 27 53 96 56
67 92 68 92 90
67 97 57 63 60
74 103 36 63 45
3 48 80 94 84
48 54 50 78 51
48 25 77 85 77
48 62 53 63 58
48 20 69 75 71
48 104 79 94 92
48 37 48 68 58
48 23 63 65 64
4 62 35 43 40
4 36 15 23 16
4 80 41 89 72
4 39 62 77 72
62 61 55 69 63
62 48 11 62 29
36 21 34 79 36
36 34 18 94 52
36 103 73 81 81
36 72 21 100 28
36 60 91 93 91
36 42 46 82 79
36 104 55 87 68
80 27 59 60 59
80 28 48 88 63
39 3 56 63 62
39 59 42 82 74
39 6 43 96 55
39 60 49 97 89
94 35 12 59 31
94 32 21 88 72
94 28 92 94 94
94 2 90 100 94
20 67 42 43 43
20 6 69 83 79
20 77 43 92 86
20 2 33 67 35
60 74 55 86 64
60 75 65 88 74
60 33 48 59 50
69 31 56 74 66
69 30 43 71 47
69 85 63 70 65
69 34 52 77 77
6 38 68 80 72
6 67 91 99 99
6 49 49 99 89
6 11 92 94 94
6 32 40 90 40
38 11 69 81 70
38 6 48 76 48
49 53 45 100 93
49 41 92 98 97
49 67 64 92 91
49 19 81 99 83
11 40 63 70 69
11 84 78 90 83
11 66 11 32 22
11 68 21 67 64
11 93 64 86 82
32 39 26 28 26
32 49 10 64 15
32 10 29 57 40
32 26 23 53 29
7 4 21 32 31
7 86 67 71 71
7 73 45 85 64
7 2 69 96 94
86 97 73 94 83
86 61 66 100 80
86 35 10 89 85
86 19 91 99 96
86 80 44 92 55
86 36 34 38 34
86 76 33 34 33
73 39 79 90 81
73 43 83 100 88
73 53 33 44 43
73 41 33 91 62
73 80 85 86 85
73 57 60 67 64
73 0 49 75 69
8 25 13 67 14
8 11 56 67 62
8 20 83 97 84
8 14 78 92 86
8 37 49 60 51
25 98 60 79 75
25 5 87 99 98
25 49 91 95 93
25 6 25 28 27
25 22 84 91 87
25 24 62 71 62
14 100 34 81 66
14 46 41 83 70
14 53 59 74 64
37 83 12 84 84
37 69 93 98 98
59 41 29 97 74
59 76 10 38 24
41 13 56 100 70
41 49 83 87 87
41 67 79 99 83
41 72 58 74 61
41 70 48 65 63
41 12 61 70 65
41 29 51 87 52
10 7 92 95 95
10 27 47 52 50
10 1 24 72 66
10 84 13 76 64
27 101 80 93 86
27 54 91 94 93
27 9 24 60 40
27 45 73 91 87
40 63 67 82 79
66 86 44 59 47
66 55 32 97 90
66 61 75 98 81
66 37 30 65 47
68 65 51 59 58
68 43 30 86 75
68 9 82 92 89
68 62 25 93 41
68 34 32 47 35
93 48 73 91 79
93 4 63 88 85
93 56 29 41 36
93 84 23 79 34
93 41 62 71 70
93 39 94 95 95
12 29 21 100 46
12 87 51 64 57
12 78 33 43 40
29 65 42 54 45
29 9 21 34 25
29 17 69 89 71
87 86 18 76 69
87 60 45 65 49
87 21 17 36 24
78 57 45 57 57
13 39 48 60 56
13 65 10 13 11
13 62 35 49 47
13 85 30 56 49
13 5 59 79 67
13 51 17 100 82
65 74 90 92 92
65 34 14 53 33
65 18 28 97 66
65 96 83 87 84
65 58 70 92 81
85 6 89 97 90
85 63 21 54 53
85 89 55 96 92
85 80 31 69 64
85 2 41 44 44
85 15 36 89 65
51 88 78 90 78
51 7 43 72 63
51 47 48 90 64
51 81 22 78 45
51 85 82 85 82
51 80 60 87 85
51 48 56 62 61
100 21 39 76 54
100 25 10 49 23
46 80 46 66 47
46 94 42 77 70
53 2 15 20 17
53 21 31 36 31
53 46 53 88 67
15 39 48 94 91
15 87 58 84 82
15 23 93 96 96
23 11 79 81 81
23 69 10 56 30
23 25 87 91 87
23 38 16 87 25
23 46 12 56 48
16 77 78 100 84
16 42 27 58 40
16 48 81 84 82
16 9 59 75 71
17 87 77 99 87
17 101 14 84 23
101 99 48 71 68
101 22 26 76 47
18 85 24 74 53
18 73 31 98 55
18 78 42 75 69
18 15 10 88 82
18 49 86 100 96
19 6 16 32 27
83 75 15 23 16
83 51 68 91 80
83 67 57 83 79
83 70 44 81 80
83 78 95 99 98
22 69 14 56 17
22 103 71 82 74
103 44 56 75 56
103 12 81 89 82
103 85 92 93 92
24 5 68 81 74
24 83 65 86 83
24 15 58 73 60
24 72 36 74 42
24 57 91 95 91
72 35 83 89 89
72 4 50 67 55
72 44 22 58 31
72 8 78 97 81
72 80 52 53 53
57 4 23 89 69
57 49 56 99 69
57 46 88 91 91
57 42 10 47 28
57 13 79 100 94
98 77 49 81 56
98 82 44 64 53
26 88 70 90 74
26 28 43 65 52
26 35 11 65 20
88 66 58 74 73
88 67 19 66 57
28 38 42 71 49
28 74 86 94 90
28 49 41 81 44
28 35 68 78 71
35 72 26 63 44
35 10 19 93 52
35 68 86 96 94
35 97 90 96 94
54 68 49 99 65
54 38 85 100 90
54 80 93 97 94
54 15 41 64 46
54 98 32 90 70
45 13 92 97 94
45 101 34 99 77
45 93 24 83 79
45 35 29 98 86
30 14 85 96 87
30 67 55 72 59
30 35 29 55 41
30 7 62 83 64
31 13 42 62 44
31 49 60 94 81
31 103 45 81 75
31 68 74 77 76
31 24 77 99 99
31 12 94 95 95
33 15 88 92 90
33 67 35 80 53
33 32 91 92 91
33 92 64 68 68
33 1 26 55 29
33 48 17 66 32
33 25 86 97 89
92 90 44 85 77
92 55 88 99 99
92 26 76 94 78
92 50 31 73 47
34 58 44 77 54
34 82 37 65 64
34 95 41 78 53
58 10 92 94 94
58 71 53 99 83
58 88 43 68 51
58 62 78 93 93
58 83 60 72 60
82 31 65 99 96
82 49 36 54 52
95 104 70 97 90
95 70 41 75 52
95 48 38 80 74
95 99 33 65 40
95 4 92 99 97
97 1 64 65 65
97 18 93 95 95
97 98 24 55 45
97 102 54 65 55
63 37 68 93 71
63 13 64 86 69
63 67 42 98 42
63 17 39 77 62
63 0 95 96 96
70 74 27 35 29
43 78 48 82 71
43 7 57 87 86
56 1 30 38 37
56 76 66 94 88
56 41 28 50 50
47 23 29 73 42
47 50 46 96 96
47 7 95 100 98
47 41 86 89 89
47 4 52 97 59
50 42 41 84 68
50 30 90 91 91
50 24 94 95 95
50 20 94 100 100
50 67 18 91 46
81 100 27 64 30
81 86 67 98 80
102 92 67 70 70
102 5 83 89 87
102 33 84 86 86
102 69 79 91 88
102 83 47 52 47
55 16 23 60 51
55 76 88 98 89
55 15 89 91 90
55 100 56 76 56
55 73 80 87 86
55 88 64 67 67
76 40 85 94 91
76 97 49 73 53
76 45 65 76 68
71 22 24 47 39
71 49 49 86 64
71 16 74 81 76
71 48 64 79 71
71 20 38 60 55
61 62 70 84 73
61 13 55 91 70
61 92 56 90 72
61 94 76 99 91
61 84 92 98 94
61 99 92 96 96
64 51 70 78 72
64 60 45 52 48
64 7 78 83 80
64 21 81 94 94
96 83 20 21 21
96 29 66 93 81
96 101 17 71 37
96 76 78 87 82
96 54 66 68 66
96 6 29 90 50
90 87 72 73 72
90 30 72 83 76
90 28 73 93 91
90 88 69 99 89
90 102 52 57 53
79 48 49 67 61
79 87 69 100 99
79 13 43 92 66
89 85 49 79 75
89 104 95 99 96
91 56 48 54 52
91 40 59 75 63
91 45 57 60 59
91 60 62 76 76
0 104
