159 458
0 103 17 100 57
0 23 84 97 88
0 47 29 58 29
0 33 28 95 33
0 31 12 71 38
103 49 82 90 83
103 151 71 84 82
23 156 19 93 84
23 29 88 94 92
33 86 68 76 74
33 99 60 94 82
33 50 53 59 56
33 30 30 68 30
31 133 23 26 24
31 90 56 81 58
31 58 14 26 14
31 104 18 29 26
31 109 42 61 58
1 5 69 89 76
5 63 66 94 82
5 93 89 100 99
5 8 73 92 74
5 17 70 87 85
2 21 47 83 68
2 123 58 91 75
21 123 16 78 30
21 7 23 61 27
21 84 66 90 82
21 42 54 82 69
123 147 48 92 55
123 99 14 24 14
123 124 11 30 29
3 12 69 79 76
3 37 24 29 26
3 131 16 81 54
12 24 69 71 69
12 136 54 70 69
12 156 58 70 68
12 98 47 48 48
131 2 17 76 32
131 46 60 73 65
131 133 89 93 93
4 84 74 90 85
84 143 31 99 32
84 127 59 68 66
84 3 24 100 47
84 4 86 94 93
63 115 85 86 86
63 71 81 83 81
63 54 88 95 94
93 8 10 20 19
93 69 88 100 89
93 19 67 97 95
93 20 51 54 54
8 145 89 100 94
8 150 23 68 40
8 124 19 24 21
17 56 79 80 79
6 157 95 99 98
6 45 87 98 87
6 34 67 86 67
6 141 80 88 80
157 86 83 87 87
45 52 57 60 60
45 144 89 97 95
34 143 13 91 30
34 106 86 93 93
34 32 51 90 83
34 90 35 91 36
34 88 62 98 68
34 151 56 65 64
34 135 23 32 30
141 118 72 83 82
141 96 47 62 55
7 113 46 79 74
7 28 87 100 89
7 122 21 71 41
113 48 49 75 69
113 142 44 91 47
113 28 24 39 28
113 36 28 73 68
113 145 79 87 82
28 29 22 46 38
28 3 49 76 68
122 94 64 83 68
122 106 16 71 62
122 9 44 66 49
122 19 48 86 63
145 108 91 99 91
145 77 13 62 42
150 103 75 90 81
124 141 72 88 87
124 55 22 24 22
124 102 67 75 72
124 64 33 40 36
9 8 61 82 71
9 59 75 81 75
9 69 30 78 70
9 94 60 100 76
59 5 30 71 30
59 63 93 99 96
59 81 56 97 67
59 115 33 91 73
94 148 41 54 54
94 93 78 83 80
10 144 12 59 46
10 60 12 57 12
10 102 48 88 51
144 125 22 40 34
144 91 64 100 81
144 31 54 76 61
144 85 12 99 35
144 146 21 56 44
60 133 38 62 40
60 157 33 60 37
60 111 94 97 95
102 107 65 88 71
11 34 16 35 24
11 148 76 80 78
11 119 17 46 41
11 92 17 92 62
148 0 54 74 72
148 132 82 83 82
148 81 56 86 75
119 158 12 84 70
119 106 51 71 58
92 66 77 98 85
92 129 21 61 56
92 156 59 71 71
24 11 76 99 91
24 119 38 40 39
24 4 38 84 59
136 43 80 85 83
98 35 70 82 81
98 68 36 83 49
98 47 34 66 55
13 72 48 96 50
13 139 27 92 63
72 76 41 89 86
72 53 37 85 40
72 37 36 84 69
139 151 74 87 78
139 108 20 51 51
139 138 29 41 41
139 157 93 98 97
14 139 77 90 88
14 95 27 93 30
95 105 48 60 54
15 33 93 99 95
15 111 46 64 58
111 52 10 68 28
111 9 27 74 47
111 64 90 93 93
111 151 71 77 76
111 101 54 92 74
111 3 84 95 86
16 128 53 70 58
16 121 81 90 85
128 122 64 97 69
128 150 88 90 89
121 130 58 91 63
121 97 21 25 24
121 104 10 88 25
121 154 41 75 64
121 91 21 43 33
121 16 89 99 92
56 148 26 54 28
56 41 79 90 90
56 90 89 96 91
18 150 61 97 72
18 91 46 82 77
91 65 68 69 68
91 6 61 66 64
19 125 76 97 87
19 138 10 91 56
19 90 68 78 77
125 142 56 78 63
125 131 45 66 47
125 118 20 90 50
138 41 57 87 79
138 136 10 75 62
138 51 39 48 44
90 60 39 54 43
90 78 72 76 73
90 5 81 98 81
90 62 29 31 31
90 29 42 64 42
20 47 75 99 83
20 51 44 84 79
20 97 73 96 87
20 102 26 62 33
20 85 75 84 82
51 52 51 83 52
51 13 10 35 31
51 144 66 94 76
97 116 82 92 92
97 17 15 36 27
97 47 27 88 39
85 106 85 87 87
85 107 62 96 92
85 2 61 84 74
42 15 40 87 73
42 110 73 80 74
22 149 47 49 49
22 109 61 76 75
22 17 70 89 88
22 36 65 94 65
22 122 60 89 82
22 123 65 91 79
149 26 30 54 41
149 3 20 66 59
149 33 69 77 70
149 132 93 100 96
149 109 68 97 97
109 124 54 63 54
36 37 64 67 66
36 99 80 98 85
29 68 20 41 20
29 6 89 100 94
25 72 76 78 78
25 16 60 96 82
25 106 84 99 89
25 138 90 95 94
25 85 21 61 23
106 52 54 69 54
106 62 19 35 19
26 2 12 85 22
27 38 20 64 60
27 71 92 94 94
27 95 80 88 84
27 123 65 99 73
38 100 10 81 25
38 84 34 43 37
71 7 45 88 81
71 73 29 36 33
71 4 64 66 65
71 91 95 97 97
71 113 86 94 89
71 82 12 62 36
68 7 41 99 85
68 126 73 92 81
68 146 54 89 77
30 45 35 79 63
133 51 87 96 88
133 8 37 63 43
133 46 19 67 57
58 79 19 70 44
58 102 91 96 96
58 11 49 93 57
104 94 43 86 73
32 112 63 100 99
32 56 94 95 95
112 150 52 68 62
112 129 80 88 84
112 117 84 99 90
112 121 94 97 97
99 125 48 89 69
99 13 64 85 73
99 21 21 70 30
99 12 68 80 71
143 158 14 49 32
143 99 38 54 54
143 49 46 91 58
143 46 46 83 71
88 103 57 83 82
88 104 51 95 77
88 48 82 84 84
88 158 41 75 49
88 132 69 75 75
88 68 10 73 72
88 73 16 36 31
151 90 69 70 70
151 10 93 96 94
151 20 43 85 77
135 67 15 80 61
135 9 19 96 44
135 103 91 98 92
135 117 74 80 77
35 118 88 94 88
35 71 21 31 28
100 121 17 81 68
100 154 32 89 50
100 59 15 23 20
100 156 29 42 35
100 143 86 97 89
39 148 53 68 58
39 142 82 88 86
142 69 35 65 40
142 126 49 55 53
40 76 43 60 44
40 154 73 86 77
76 3 80 86 85
76 62 75 83 81
41 22 70 95 70
41 15 11 33 14
41 118 37 86 47
110 158 72 79 73
110 22 87 89 89
110 157 25 35 33
110 13 11 68 44
110 51 67 76 76
110 28 20 93 73
43 49 66 75 73
43 73 77 81 77
49 135 80 85 80
49 35 53 86 72
49 126 14 21 15
49 77 12 91 57
73 97 61 80 70
73 125 54 78 54
73 157 31 100 93
73 39 39 53 49
73 128 35 80 58
44 14 36 89 54
44 82 30 74 69
82 23 56 91 80
82 37 42 48 48
82 153 33 53 50
82 99 91 95 94
82 12 88 89 88
52 10 62 90 78
52 53 91 96 94
46 42 14 51 24
46 144 24 91 49
46 94 22 64 49
46 3 72 100 94
48 119 18 35 31
126 76 82 98 92
77 42 19 89 32
77 76 41 78 78
77 88 60 63 62
53 81 65 76 74
53 29 11 12 12
81 115 15 100 42
81 52 59 92 91
81 97 18 58 37
81 98 15 69 58
54 40 94 100 97
54 149 49 88 73
55 10 76 82 77
55 97 35 38 35
57 61 22 69 33
61 74 74 83 83
61 81 94 98 97
61 136 34 96 81
79 127 16 68 57
79 142 62 72 70
79 155 39 76 72
79 41 71 73 73
115 34 94 100 95
115 74 15 92 38
115 35 28 55 31
74 126 76 77 77
74 24 30 99 46
74 109 21 55 40
62 26 64 69 68
62 141 92 98 98
62 129 39 40 39
62 63 18 23 21
129 95 22 87 43
129 85 75 89 78
129 75 94 95 95
129 12 57 86 78
64 107 61 94 86
64 46 52 74 54
64 135 20 66 58
107 138 54 67 57
65 69 13 30 18
65 85 40 74 40
65 19 18 43 30
66 22 66 92 90
66 88 22 68 36
67 126 15 29 25
67 45 55 100 74
146 78 63 69 65
146 105 31 60 41
146 141 31 92 92
70 127 89 92 92
70 62 59 90 74
70 100 53 74 72
127 156 89 92 92
127 142 38 63 50
127 67 41 50 41
75 152 72 87 74
75 63 30 62 41
75 12 27 34 31
75 20 56 74 69
75 26 95 98 96
152 100 47 68 47
152 101 18 39 23
78 158 44 99 63
78 110 80 97 90
78 134 76 85 84
158 146 95 98 98
158 27 78 83 82
158 52 36 99 39
158 24 28 36 31
134 24 25 91 47
134 77 57 99 81
134 149 53 85 59
134 41 16 75 54
155 42 14 73 23
155 15 54 88 83
155 141 91 93 93
155 1 69 74 73
80 115 52 97 53
80 85 53 68 56
80 110 84 88 85
80 19 51 54 54
80 92 15 49 31
80 35 17 83 49
153 141 63 75 68
153 14 89 95 90
83 89 31 79 72
83 86 26 84 74
83 138 54 100 73
83 107 76 78 77
89 145 63 76 76
89 3 80 85 83
89 42 14 84 20
87 52 61 83 69
87 82 24 93 90
87 16 29 100 95
87 114 85 94 93
114 9 60 67 67
132 59 90 96 93
132 80 60 84 84
132 24 53 90 56
132 28 10 60 60
105 146 71 82 75
105 18 29 93 63
105 65 82 88 86
96 87 65 94 71
96 111 25 84 30
96 156 88 91 90
116 155 15 47 20
101 11 66 97 70
101 7 66 69 67
101 147 72 79 75
147 154 77 88 87
147 125 29 91 85
117 78 82 85 82
117 102 28 32 29
117 16 81 90 87
117 139 71 89 83
120 14 85 98 96
130 82 77 81 81
130 17 18 45 32
130 44 23 83 69
137 82 66 73 71
137 93 35 45 39
137 126 24 63 24
137 134 58 93 88
137 119 93 100 99
137 89 77 84 78
140 15 49 56 53
140 25 44 88 87
140 12 48 85 67
0 158
