61 100
0 49 43 79 71
0 40 50 54 52
49 33 84 92 89
49 20 82 91 85
40 28 52 66 62
1 53 41 82 60
1 13 69 76 71
53 13 93 95 94
2 6 35 43 35
6 58 19 97 93
3 49 69 99 70
3 17 39 60 60
3 32 83 92 86
17 42 87 89 88
17 32 38 59 42
32 51 89 98 95
32 1 30 92 65
32 59 83 93 91
58 12 95 99 98
7 41 46 55 47
41 44 73 90 87
41 4 44 58 52
41 23 54 81 68
9 12 78 99 80
9 15 95 99 96
10 25 76 78 78
11 36 65 79 67
11 44 83 99 89
11 10 65 92 76
36 39 36 70 45
44 34 70 99 81
44 29 66 81 69
14 25 51 99 82
14 56 27 87 28
56 19 87 91 90
56 32 17 84 18
56 52 40 67 65
56 37 61 68 62
56 43 79 92 84
16 1 63 68 68
18 60 18 72 50
18 27 86 89 88
60 5 24 27 27
60 34 37 49 44
60 14 13 75 19
27 18 24 45 32
27 44 70 74 74
27 46 17 89 54
27 9 41 52 48
20 43 73 74 73
20 54 54 96 54
43 11 39 72 43
43 38 45 74 51
54 12 28 34 34
54 28 37 99 41
21 17 74 78 77
22 55 91 100 99
22 14 14 94 48
22 51 73 78 74
55 9 90 100 92
51 6 51 56 53
24 45 41 76 61
45 33 40 97 93
45 11 50 70 54
45 29 64 82 82
26 24 54 70 65
26 50 86 91 91
26 19 32 88 52
26 8 10 49 36
26 10 15 67 23
50 26 21 74 63
50 34 71 86 75
50 49 62 79 75
46 11 61 80 74
46 35 56 86 79
46 40 46 92 72
46 58 78 79 79
30 21 49 88 75
30 23 12 28 25
30 38 62 92 71
38 17 30 47 45
31 52 40 90 81
31 40 60 77 75
31 5 55 84 62
59 36 70 94 91
59 44 33 45 39
33 37 93 94 94
33 9 51 74 65
33 40 41 78 43
37 27 33 78 68
34 29 21 52 51
39 21 15 24 23
39 27 14 55 33
39 5 10 32 29
39 58 43 76 44
39 47 45 57 56
48 1 78 96 79
48 11 95 100 96
48 21 20 47 41
48 24 47 68 67
0 60
