229 482
0 80 47 84 83
0 48 55 88 68
0 22 63 93 75
80 89 66 71 70
80 212 72 76 73
80 211 77 92 81
80 104 54 100 81
80 199 25 96 84
48 221 72 83 73
48 136 27 95 83
22 84 14 90 80
1 133 51 100 65
133 218 33 34 33
133 108 53 55 54
2 46 74 90 81
2 16 23 40 27
46 212 66 99 69
16 195 23 94 35
16 96 75 97 79
3 181 40 81 54
181 157 64 98 86
181 133 68 89 83
181 160 46 60 57
181 106 67 87 72
4 173 20 30 24
4 22 69 88 80
173 73 29 37 33
173 84 60 68 63
173 227 73 78 75
5 26 91 95 95
26 34 79 91 86
26 146 56 74 64
26 68 62 65 65
6 64 66 82 71
6 218 76 98 80
6 121 91 93 93
6 156 30 93 73
64 222 30 85 33
218 187 15 65 44
218 206 95 99 98
218 60 40 57 52
218 73 73 85 81
121 211 83 88 84
156 61 46 87 53
156 167 89 93 89
7 180 29 56 55
7 54 85 90 86
180 19 13 52 42
54 174 56 69 63
8 140 47 75 72
8 189 54 91 76
8 197 43 66 66
8 63 32 57 56
140 43 80 86 80
189 143 15 47 30
189 228 73 87 85
197 228 59 76 71
197 98 17 87 37
197 112 78 80 80
197 156 57 60 57
63 111 31 78 45
63 123 53 78 66
63 15 29 94 55
9 138 65 97 76
9 157 46 56 53
138 134 91 93 92
138 187 60 86 74
138 7 79 96 94
157 136 62 64 63
157 123 60 89 78
157 84 23 68 39
11 34 24 89 49
11 28 15 41 15
11 79 20 85 27
34 222 86 92 91
34 97 35 49 46
28 42 57 71 68
28 167 33 58 52
79 158 16 61 19
79 128 39 44 39
79 139 23 57 49
79 53 11 19 12
13 15 29 31 30
13 17 59 96 63
13 150 84 88 85
17 226 46 80 54
17 39 54 62 58
150 147 39 56 39
150 146 90 92 91
150 119 88 97 97
195 35 63 82 68
195 64 52 70 54
96 86 36 75 53
39 191 40 43 41
39 175 60 85 65
18 112 12 42 21
18 82 48 53 49
112 141 74 80 75
112 188 17 30 18
82 111 78 93 78
82 188 11 33 21
82 87 42 67 55
19 15 15 29 27
19 97 71 74 71
97 142 66 70 67
97 214 52 55 52
97 196 78 91 87
97 159 52 72 71
21 18 18 31 18
84 44 37 50 40
23 18 59 76 60
23 154 26 35 33
23 32 48 71 70
154 46 82 98 84
154 31 92 98 94
154 176 85 88 85
154 12 60 93 84
32 183 32 79 71
25 126 27 90 50
146 51 24 53 38
146 168 42 51 51
146 207 46 51 48
146 83 66 73 69
68 70 51 68 52
68 93 73 78 74
68 78 24 80 37
68 81 85 92 89
68 197 91 97 92
68 31 40 43 42
42 110 65 76 65
167 147 65 87 66
167 19 12 80 78
167 131 94 96 94
167 175 46 76 68
29 57 40 96 82
29 61 23 55 52
29 198 70 98 71
29 88 83 99 86
29 168 48 91 90
57 128 24 27 25
88 79 22 32 30
88 16 26 84 31
88 78 57 95 73
88 39 47 92 60
168 105 44 76 56
168 97 74 81 76
30 95 77 82 82
95 144 28 82 55
95 47 34 82 68
31 9 54 92 84
183 77 37 96 51
183 58 32 64 42
33 108 31 87 42
33 20 54 55 54
108 98 51 68 68
108 88 70 81 70
36 91 34 52 35
36 4 41 82 68
36 79 66 81 76
37 114 30 63 47
37 24 40 41 41
37 97 48 49 48
114 173 77 85 82
38 11 78 96 79
191 87 92 97 92
191 124 41 76 55
191 4 21 55 21
191 24 87 89 89
175 95 60 89 70
40 54 15 90 84
40 18 12 77 53
40 27 59 63 61
110 67 93 97 97
43 56 93 98 96
43 105 89 100 90
43 126 48 69 67
56 19 72 74 74
56 164 89 92 92
56 54 63 87 73
56 133 26 60 33
56 108 36 85 77
56 154 35 60 60
56 29 26 30 28
105 145 79 97 84
105 70 77 87 87
105 134 94 96 96
105 81 48 88 66
45 105 19 71 32
45 79 49 91 52
45 114 36 49 49
45 162 86 96 89
45 83 64 65 64
45 61 76 82 76
45 103 23 57 47
162 128 82 83 82
162 15 11 51 20
162 48 38 65 48
103 46 86 94 92
103 130 74 91 84
212 72 75 94 89
212 170 32 77 44
212 14 51 59 57
47 80 27 72 41
221 49 78 85 85
136 215 93 99 97
136 125 10 47 31
136 102 32 64 42
136 11 79 82 82
49 26 39 49 41
50 104 70 97 80
50 205 70 75 75
50 74 48 91 52
50 8 84 92 92
104 197 11 18 15
104 15 71 95 78
104 116 94 99 98
104 91 78 96 81
205 66 43 90 44
205 89 52 58 55
205 139 57 82 78
205 154 86 90 86
205 20 45 83 58
74 108 25 34 27
74 63 62 76 65
74 102 59 75 65
74 202 12 92 35
51 206 17 60 27
51 193 53 94 84
51 215 69 72 72
206 79 48 98 68
206 96 13 22 15
206 76 55 63 62
215 1 68 72 68
215 146 94 98 95
215 58 78 85 78
53 87 43 80 63
53 72 73 99 81
87 76 77 81 78
87 153 70 98 92
87 150 65 81 69
87 129 56 96 95
87 180 92 98 94
72 150 59 72 70
174 98 76 94 89
174 63 80 97 86
55 73 46 91 87
73 139 27 80 75
73 207 15 87 41
73 42 43 78 57
73 157 14 56 39
164 172 44 73 44
128 94 91 96 91
128 99 95 98 98
58 143 56 96 65
143 46 51 87 75
143 82 46 77 52
143 56 64 68 64
59 226 37 60 43
59 55 25 34 26
59 125 30 38 36
59 184 26 36 27
125 53 39 78 60
125 174 20 64 48
125 102 84 93 92
125 227 90 97 90
184 196 92 98 98
184 48 15 82 28
60 42 69 98 72
111 105 65 84 77
111 59 15 61 22
123 193 87 99 91
123 137 60 67 65
65 190 38 73 63
65 21 52 83 68
65 58 89 100 89
190 23 13 70 53
66 27 92 100 98
66 101 77 95 87
101 151 81 85 82
67 118 50 68 56
67 140 54 93 68
118 164 75 99 77
70 127 47 57 55
70 192 48 61 57
93 217 33 81 69
81 195 84 93 88
81 169 38 51 49
81 89 54 96 57
69 203 35 50 44
203 166 85 99 86
203 171 65 96 82
203 20 12 99 39
127 30 53 55 54
127 176 65 67 65
192 84 40 69 68
192 48 32 53 49
192 151 75 98 95
71 28 95 100 99
71 164 45 71 52
139 220 43 54 49
139 120 34 99 92
207 205 63 98 84
207 60 25 77 76
207 84 17 82 67
102 74 84 98 84
102 27 81 91 88
102 106 76 92 79
202 64 60 65 61
202 137 57 89 58
75 81 89 97 96
75 209 72 90 79
75 118 13 39 37
209 49 23 71 67
76 202 43 75 71
76 20 62 86 86
77 167 16 26 24
77 63 73 88 84
158 223 26 66 47
158 163 67 69 69
158 105 60 74 70
89 132 49 52 49
89 40 49 81 77
89 109 32 33 33
89 119 13 64 25
89 49 55 77 57
89 206 85 95 93
211 1 46 62 59
211 219 89 99 91
211 80 68 94 76
211 105 14 38 26
199 212 84 89 85
199 120 73 85 84
85 114 81 90 81
85 142 55 99 79
85 20 87 100 90
142 66 26 55 42
142 161 62 90 83
153 137 31 64 52
153 104 54 84 69
129 138 42 58 58
129 217 34 44 43
129 23 35 91 78
132 219 49 75 54
132 97 90 97 94
132 138 24 53 34
119 74 70 91 70
90 180 18 94 85
92 174 65 96 74
92 156 17 40 36
217 169 95 97 96
94 212 63 84 67
94 141 40 81 61
94 6 89 92 91
94 84 48 95 76
141 52 59 82 60
144 208 37 73 56
214 172 81 86 82
214 161 89 99 94
214 104 29 80 52
196 228 74 86 80
196 117 65 95 81
196 160 14 94 43
196 220 58 80 75
159 144 32 59 50
98 84 25 92 29
98 158 48 100 68
98 149 66 85 66
149 222 50 71 58
149 193 18 60 22
149 24 89 91 90
100 139 12 17 14
100 215 19 84 20
100 221 39 55 54
100 65 55 68 63
100 62 26 86 44
151 83 55 56 55
130 139 13 59 58
116 198 90 95 92
145 30 48 54 53
145 78 90 94 92
145 107 10 80 69
145 89 66 82 76
145 194 36 78 61
145 176 31 95 40
107 212 51 81 77
107 139 30 38 38
115 104 87 97 94
117 102 59 62 60
120 113 33 68 41
120 54 94 96 95
120 45 62 87 84
122 44 32 52 38
137 11 15 36 16
137 135 49 67 50
124 221 92 93 93
124 200 51 79 73
124 43 73 91 74
124 55 82 97 93
200 45 73 78 73
200 178 33 74 63
200 75 32 34 33
227 16 89 97 90
227 32 76 98 98
227 81 59 93 65
227 108 89 99 93
227 13 13 16 16
176 124 53 78 60
176 36 54 57 56
176 144 75 93 93
176 111 34 52 41
176 97 70 95 83
131 73 74 88 83
131 38 73 75 73
131 47 95 98 97
219 104 55 65 59
219 70 79 90 81
219 11 16 75 23
135 222 50 63 52
135 103 11 29 11
135 228 63 74 72
135 163 49 62 49
228 2 16 44 26
228 31 67 71 67
163 180 68 95 76
163 218 27 42 30
163 125 13 55 36
187 55 37 85 67
187 20 68 79 78
187 92 75 93 86
187 111 52 78 73
187 216 59 73 66
220 188 16 75 42
220 6 47 83 75
220 166 32 74 70
161 162 56 97 61
161 97 46 57 54
161 221 55 98 88
194 191 14 98 58
194 198 25 32 27
194 74 92 96 95
147 20 19 28 22
148 24 69 100 73
148 197 44 59 47
148 76 37 77 66
152 228 48 83 83
152 105 86 91 90
155 55 15 45 24
155 74 24 53 37
223 31 34 64 46
223 26 48 50 50
160 31 88 94 94
160 3 24 33 24
160 146 10 17 11
160 124 41 70 65
165 19 62 79 79
166 106 89 93 93
166 188 93 98 98
171 165 68 87 77
171 194 89 93 91
177 27 73 74 74
177 141 64 100 71
178 219 23 94 48
178 16 11 92 24
182 144 79 99 80
182 8 28 58 44
182 39 44 53 51
182 12 87 97 91
185 208 22 100 81
185 177 20 46 38
186 152 21 59 39
216 179 82 92 89
216 205 74 99 85
201 107 93 97 96
201 88 72 96 92
201 57 22 89 64
204 225 40 92 86
225 19 94 98 94
213 223 52 90 71
213 177 25 53 44
224 221 34 48 48
224 110 65 87 79
224 92 54 84 57
0 228
