361 700
0 299 48 82 69
0 334 90 94 92
0 140 52 59 58
299 186 81 89 89
299 42 14 91 40
299 3 93 95 93
334 194 48 55 52
334 345 16 43 22
140 4 20 64 41
140 209 54 66 56
1 137 25 37 36
1 101 92 96 95
1 303 77 90 89
137 152 62 85 77
137 319 15 71 54
137 63 74 77 76
101 266 95 96 96
101 95 31 77 65
2 15 86 90 90
15 302 79 92 85
3 66 40 43 42
66 182 91 95 94
66 78 15 46 30
4 286 11 32 25
4 187 34 94 83
286 136 81 98 97
5 262 90 99 93
262 178 17 87 18
262 50 84 93 93
6 79 75 82 79
6 256 55 71 55
6 330 14 56 26
6 154 14 70 46
79 24 60 88 81
79 122 47 50 48
256 309 28 51 30
256 38 78 93 84
330 263 76 82 81
330 136 53 82 65
154 116 42 85 69
7 179 37 48 45
179 70 60 74 70
10 298 34 91 76
10 203 77 92 82
10 204 71 93 90
10 308 81 93 81
203 326 27 37 29
203 334 57 78 67
204 176 67 77 74
204 195 58 78 70
204 102 92 100 98
204 122 82 88 87
308 39 89 98 93
308 134 56 87 64
11 7 22 93 73
11 39 26 84 39
11 116 35 97 37
39 38 94 98 98
116 268 40 99 60
116 146 85 93 87
13 319 86 95 95
13 296 39 78 69
13 245 45 49 46
319 103 26 34 32
319 33 65 78 75
245 126 28 76 40
14 9 19 62 31
302 323 60 82 60
18 350 16 63 47
350 69 95 100 98
350 300 79 81 81
350 133 49 59 57
350 170 44 96 89
350 33 68 77 68
19 302 93 98 97
19 182 23 90 23
182 161 74 99 86
182 189 70 87 78
20 197 75 90 76
197 268 65 82 71
197 51 68 91 80
197 42 33 47 44
197 59 63 79 70
21 71 25 39 30
21 279 68 90 83
21 333 82 92 88
21 292 42 53 48
21 153 66 98 93
21 241 29 43 43
71 65 78 93 89
71 304 34 76 57
71 264 49 91 78
279 62 21 98 98
279 23 78 96 80
279 355 10 46 11
279 81 31 91 34
279 320 86 89 89
333 279 71 100 95
333 321 64 74 67
292 285 51 87 54
153 185 94 95 94
153 131 87 100 96
153 167 65 79 75
22 42 42 53 44
22 117 91 97 96
42 181 33 44 38
42 205 54 90 59
42 238 63 76 67
42 81 43 52 44
117 184 11 32 23
117 311 39 68 60
117 327 16 35 16
23 205 33 84 58
24 186 78 99 93
24 192 77 86 84
24 61 87 96 87
24 50 27 41 37
186 308 33 53 50
186 154 82 88 88
186 295 65 95 86
192 46 76 91 86
192 239 15 93 85
192 264 64 78 71
192 117 13 57 40
61 280 41 48 43
61 298 77 91 84
50 83 47 86 81
25 199 16 96 72
25 85 31 47 37
25 269 36 54 53
25 137 89 93 91
199 136 84 88 85
85 13 25 77 62
85 227 37 89 74
269 47 36 57 56
269 296 11 73 34
27 18 59 93 80
28 80 45 52 47
28 154 24 42 32
80 358 55 86 63
80 107 65 93 71
30 232 36 63 57
232 201 76 81 76
232 33 19 43 21
31 54 37 72 43
54 101 28 40 32
54 130 60 73 73
54 359 26 89 60
54 353 86 94 92
32 146 42 77 47
32 85 57 70 57
32 52 82 98 84
32 211 67 95 94
146 266 76 92 77
146 77 83 95 95
146 155 51 88 56
52 196 45 60 47
52 55 41 58 46
211 239 14 78 14
211 162 89 98 89
33 41 32 60 60
33 240 27 70 42
41 171 36 37 36
240 250 83 86 85
240 357 36 96 91
240 258 66 93 77
240 1 20 48 38
34 335 53 82 73
34 21 56 83 83
34 352 81 88 85
34 151 71 88 83
335 119 78 98 87
335 187 20 55 41
352 178 13 55 41
151 348 42 81 76
35 268 20 37 23
35 1 94 96 95
268 286 68 76 70
268 7 71 77 77
36 313 82 87 82
36 203 66 92 81
36 219 53 85 71
36 180 44 49 45
219 206 31 86 46
219 199 30 57 38
37 8 89 94 94
38 237 81 89 88
237 223 92 93 92
237 122 19 58 24
40 237 43 68 46
40 354 12 59 12
354 21 26 81 44
171 360 87 98 88
171 359 78 99 80
171 238 57 77 58
181 0 75 80 75
181 31 48 94 78
181 205 14 77 52
238 350 72 98 84
238 103 56 78 72
44 195 39 49 41
44 187 38 61 48
44 312 71 87 74
195 110 49 58 53
195 278 81 97 87
312 84 92 93 92
312 149 62 72 72
45 100 40 88 78
45 198 51 94 52
45 151 11 81 52
100 136 31 86 57
100 18 35 62 46
198 64 75 99 88
198 137 82 85 83
198 342 55 65 61
198 251 74 91 91
47 72 73 76 76
47 250 18 66 19
47 258 24 76 44
47 298 73 93 73
47 44 35 98 49
72 126 20 80 21
250 61 93 98 96
258 161 79 91 90
258 42 73 87 82
258 182 92 96 96
258 360 19 57 26
48 349 90 94 94
48 25 54 81 76
48 184 57 94 73
48 279 23 94 72
349 202 85 96 90
349 31 65 78 72
349 93 75 85 79
49 3 82 94 87
83 212 93 95 94
51 73 58 89 89
51 360 89 96 91
51 147 18 61 57
73 40 54 72 58
73 9 69 93 86
73 122 39 94 90
360 359 36 89 60
147 113 95 98 96
147 358 59 79 69
196 222 40 91 57
55 79 89 91 90
53 236 66 82 67
53 200 58 66 58
53 32 34 49 43
53 292 54 99 70
236 348 90 97 96
236 10 33 90 66
236 241 86 99 86
200 13 27 37 33
200 358 39 98 95
200 149 90 97 96
130 246 24 60 32
130 39 84 99 91
130 324 49 62 57
130 336 48 73 64
130 356 86 95 86
130 285 12 87 83
359 322 78 86 78
57 221 72 95 79
58 287 49 62 60
58 282 15 60 51
287 175 59 65 62
287 69 93 95 93
282 228 18 29 25
59 27 71 72 71
59 358 13 47 23
358 325 33 82 57
60 138 11 80 24
60 300 11 78 47
138 176 74 83 83
138 341 41 54 43
300 47 86 91 90
300 348 84 98 84
300 211 60 95 77
300 87 95 97 97
300 244 95 96 95
300 282 53 54 53
300 239 49 92 81
280 346 32 100 62
62 101 82 100 82
62 91 80 88 82
91 7 22 98 24
91 232 56 84 79
91 272 33 61 58
63 357 13 53 42
357 332 73 79 77
357 75 28 70 63
64 111 49 53 53
64 328 56 57 57
111 102 56 87 76
111 233 85 94 93
111 264 14 29 17
111 93 44 99 78
328 102 53 75 62
65 133 59 67 60
65 327 11 94 21
65 203 12 81 67
65 331 17 29 22
65 48 41 63 49
65 84 16 26 24
327 70 48 92 50
327 47 53 83 60
331 185 39 68 61
78 329 61 80 62
67 121 39 72 46
67 214 12 56 23
67 7 36 40 37
67 179 76 79 77
67 205 29 65 47
121 253 70 87 71
121 116 67 78 72
121 161 24 40 37
121 241 30 47 36
121 289 57 93 71
68 162 35 79 36
68 266 73 74 74
68 228 19 74 73
68 65 15 36 17
162 283 42 94 78
162 281 53 56 56
162 142 51 100 71
162 257 29 85 39
162 318 54 85 74
266 48 85 95 90
266 355 64 70 66
266 222 57 91 69
228 314 36 92 85
228 226 24 65 49
228 47 88 89 89
69 279 91 93 91
69 215 42 92 92
69 57 26 70 51
70 273 84 100 95
70 335 29 100 49
273 257 46 87 46
304 15 14 26 17
304 305 65 67 67
264 158 74 75 75
264 305 45 88 56
126 221 34 60 57
122 51 90 95 95
75 29 36 64 44
77 163 51 82 58
77 178 36 63 40
77 63 94 98 95
163 103 32 38 36
178 32 54 78 70
329 76 58 94 71
329 211 61 67 67
329 117 16 97 32
107 78 14 44 22
82 346 42 57 48
82 187 12 74 51
212 151 78 92 92
212 295 48 100 82
212 250 20 30 23
212 318 66 76 74
227 22 14 93 30
86 238 76 86 82
86 309 76 78 77
86 343 57 61 59
309 32 10 50 20
309 323 40 59 56
343 103 23 97 53
343 54 87 91 87
343 77 94 95 94
88 179 30 35 35
88 257 57 99 65
88 244 40 61 43
88 296 89 92 89
88 222 15 88 56
257 285 58 96 65
244 153 11 25 24
222 2 42 43 42
89 94 69 77 70
89 120 56 87 58
90 0 20 42 27
272 54 25 74 38
272 330 13 70 23
272 81 64 69 69
92 143 12 27 26
92 291 50 51 50
92 190 61 95 67
143 123 74 92 91
143 291 73 87 77
143 319 35 43 40
291 113 19 36 20
291 344 90 98 92
190 271 39 61 57
93 272 62 96 68
95 285 49 51 51
95 115 28 68 57
95 109 34 48 45
285 181 33 92 71
285 203 89 93 90
109 72 11 87 74
96 47 91 93 92
96 207 92 96 96
207 80 93 100 95
207 23 29 65 65
97 243 39 44 44
243 193 72 78 78
243 15 20 27 25
243 2 22 64 48
98 27 45 52 51
98 197 20 94 43
99 288 65 74 69
99 110 80 95 93
288 292 92 95 93
288 286 90 95 91
110 105 47 98 75
110 55 61 71 70
110 68 25 49 42
136 150 20 30 23
136 102 33 66 56
102 139 41 95 69
102 147 22 75 43
102 175 77 80 77
102 72 45 67 67
139 282 56 92 74
175 120 65 70 67
175 235 58 65 59
175 343 28 87 53
175 226 83 95 87
103 86 28 90 79
103 154 29 95 88
103 287 21 61 39
104 96 87 96 89
104 167 36 61 61
104 170 66 77 70
104 284 42 69 61
167 343 59 90 69
167 81 48 75 61
167 287 20 64 60
170 139 20 86 49
170 209 18 87 87
170 8 15 93 92
284 246 26 70 62
105 60 56 68 62
108 215 67 99 80
233 188 16 64 62
233 16 12 82 14
112 124 85 100 88
112 258 66 97 96
112 39 67 73 72
112 306 94 99 94
306 87 59 78 69
306 208 70 93 73
113 38 19 34 31
114 48 91 92 92
114 324 86 90 89
324 220 64 68 66
324 196 64 72 66
324 234 82 88 88
311 157 36 57 49
118 108 52 70 54
119 126 91 97 96
119 269 16 50 30
253 305 45 77 58
253 332 37 74 38
253 354 78 93 93
289 306 82 89 84
289 246 11 49 23
123 165 88 97 97
123 292 28 77 67
165 320 43 75 69
125 85 27 35 30
127 25 81 93 89
127 156 29 66 53
156 163 71 82 75
156 42 69 87 87
156 172 40 92 82
156 133 50 69 57
156 346 12 76 54
156 191 42 77 62
128 284 78 100 82
128 354 12 21 12
129 268 84 88 84
356 193 24 60 45
356 90 90 96 95
356 204 15 57 49
356 115 57 86 68
131 351 67 95 81
351 229 78 82 80
132 190 16 25 18
132 246 32 74 53
134 323 43 44 44
134 147 33 70 33
323 53 60 83 82
323 195 39 67 60
323 189 51 100 89
150 147 29 49 38
150 15 66 78 73
341 245 75 76 75
341 14 86 93 90
341 174 57 92 83
209 173 21 56 38
209 166 57 63 63
141 318 25 80 75
141 31 21 78 36
318 75 81 98 98
318 245 14 18 18
142 43 80 95 95
142 102 38 78 52
144 292 57 59 58
145 108 52 93 69
155 70 60 95 85
155 96 92 95 94
155 165 12 18 18
148 349 15 47 21
148 350 90 96 90
148 36 84 91 85
148 186 53 65 61
149 18 80 93 84
149 54 42 91 57
348 255 31 39 32
348 331 79 100 97
348 208 76 88 77
348 23 82 96 87
348 230 87 88 87
185 105 31 49 42
172 53 77 83 79
191 21 71 84 84
191 27 83 96 89
157 144 65 96 80
157 319 34 76 46
157 335 40 68 64
158 127 45 93 79
159 286 54 87 80
159 218 62 64 62
218 52 54 57 57
218 266 45 74 67
218 137 94 100 98
218 6 76 80 77
160 278 36 89 72
160 209 39 41 40
283 337 91 94 91
283 232 76 77 77
283 269 15 47 21
283 131 13 19 19
283 35 36 86 37
281 57 54 87 79
281 106 76 86 81
281 206 35 48 39
164 358 46 93 89
164 306 15 18 15
168 128 60 71 68
168 180 90 91 91
168 0 57 63 62
168 70 40 56 56
169 305 93 99 94
169 205 59 88 66
169 260 45 91 72
305 249 50 60 54
305 117 15 97 35
305 327 56 63 62
260 135 84 100 89
260 230 64 79 67
173 80 93 98 94
173 132 33 70 39
174 284 57 59 58
174 114 89 100 94
174 91 75 83 78
174 230 35 61 46
174 29 65 84 65
230 94 50 63 54
235 276 70 74 74
226 39 35 72 52
226 65 13 19 13
183 102 58 74 59
295 333 69 94 72
188 171 48 49 48
271 206 87 94 90
239 242 66 69 69
193 139 80 84 83
342 159 27 67 51
342 349 14 78 34
251 62 93 100 100
251 331 52 71 59
251 53 45 94 54
251 132 73 86 75
201 287 86 92 91
201 94 29 56 48
201 247 78 85 78
201 322 34 91 56
201 82 16 86 40
247 55 51 61 58
322 146 41 96 63
202 111 44 60 57
202 264 38 95 72
202 130 51 84 63
202 133 21 30 23
206 272 43 64 52
206 217 13 93 43
217 327 65 77 67
217 269 47 56 55
208 3 44 47 45
208 29 73 88 82
210 263 15 55 28
263 161 31 38 33
213 139 84 85 84
216 53 68 82 73
220 244 57 90 85
223 13 30 63 50
223 182 21 97 25
223 31 23 34 26
223 63 37 63 51
223 35 59 60 60
224 322 80 82 82
224 308 88 96 92
225 350 13 62 49
314 216 88 89 89
314 332 32 97 50
229 117 29 82 58
229 190 22 89 80
229 44 81 91 87
231 141 21 38 22
234 44 42 98 64
276 213 49 53 51
276 150 19 83 53
276 37 37 93 46
276 9 89 94 92
276 149 42 78 61
242 90 47 48 48
248 61 51 95 84
248 17 45 73 56
248 307 20 48 22
307 330 93 96 94
307 15 39 69 60
307 87 49 50 49
307 191 92 99 94
307 282 93 100 94
249 184 66 69 66
252 160 23 95 42
252 263 39 64 53
252 258 85 96 90
332 345 34 56 47
255 33 56 90 66
255 54 70 75 73
259 0 11 29 23
259 340 40 78 44
340 321 14 48 30
340 18 83 100 91
340 5 66 76 71
261 120 42 61 61
265 70 52 88 88
265 235 43 82 51
265 221 69 70 70
355 131 66 92 91
355 298 64 94 73
355 1 70 81 78
267 89 30 74 66
270 250 44 63 53
270 306 12 97 77
274 22 92 93 92
274 273 15 45 36
275 247 36 40 40
275 123 35 52 37
275 269 25 68 29
277 135 47 71 64
277 171 16 24 24
277 262 35 96 75
277 59 78 89 87
337 256 60 81 68
337 325 64 78 65
290 13 81 99 92
344 24 61 82 66
344 342 34 92 56
344 300 73 94 85
344 106 20 23 22
344 131 95 100 98
344 218 89 98 93
293 262 57 97 70
293 231 22 24 23
294 349 21 90 86
297 269 78 83 78
297 168 43 70 70
297 30 62 97 75
301 0 30 69 66
310 164 73 74 74
310 267 13 62 14
315 216 82 96 87
315 2 41 55 42
317 263 65 67 66
321 328 71 73 73
321 179 23 46 34
325 211 79 95 86
345 325 35 92 61
345 48 35 78 43
345 249 35 64 58
345 94 95 96 95
338 88 58 71 63
338 258 20 34 28
339 109 14 29 21
0 360
