380 1514
0 290 63 92 70
0 96 82 96 85
0 344 24 33 28
0 109 38 47 41
0 326 68 77 68
290 353 58 61 59
290 164 32 71 37
290 73 85 98 98
290 16 29 84 63
96 164 90 96 96
96 118 84 93 84
96 83 13 25 24
96 208 15 23 19
96 334 41 88 62
344 202 27 69 57
344 325 15 42 36
109 52 62 65 62
109 371 59 62 59
109 357 27 88 82
326 150 53 75 68
326 226 85 87 86
326 101 80 88 80
326 171 61 86 77
1 304 29 45 36
1 292 56 93 78
304 208 35 59 43
304 5 72 87 82
292 103 34 67 47
292 324 51 68 60
2 47 38 78 52
2 101 39 91 45
2 194 81 84 81
2 250 71 100 93
2 79 50 97 58
47 256 77 92 83
47 177 62 98 81
47 117 90 93 93
47 52 52 72 70
47 144 87 90 88
47 37 66 68 66
101 263 78 99 91
101 375 43 91 65
101 107 89 99 96
101 188 55 81 67
101 267 95 99 97
101 176 89 94 91
101 310 36 85 37
194 95 75 84 84
194 344 23 47 46
194 149 26 50 27
250 286 26 78 38
250 365 86 100 91
250 220 24 79 60
250 51 31 52 40
250 212 52 61 56
250 112 55 75 69
79 291 22 26 24
79 36 68 93 70
79 95 68 76 76
79 107 28 37 36
79 146 24 93 91
79 339 19 23 20
79 12 32 60 33
3 220 53 81 60
3 188 41 98 62
3 14 63 75 69
3 94 16 32 29
220 171 84 97 87
220 30 34 56 54
220 318 42 68 42
220 46 76 84 81
188 84 47 80 67
188 105 56 95 63
188 19 65 78 73
188 55 20 55 43
14 267 50 64 60
14 286 20 72 22
14 224 82 87 86
14 171 57 67 67
14 192 39 41 39
14 47 45 75 72
14 125 37 44 42
94 167 17 78 29
94 118 74 78 78
94 113 22 86 33
94 41 23 48 34
94 372 21 89 46
4 182 29 59 45
4 175 79 82 82
4 370 38 49 49
182 351 69 100 88
182 56 20 35 21
182 311 40 73 65
182 250 74 85 77
182 264 52 84 56
175 331 58 70 66
175 10 78 84 81
175 277 79 91 90
175 284 28 80 56
175 315 22 88 74
175 274 69 87 84
370 377 91 96 93
370 358 37 98 63
370 46 48 53 48
370 240 44 72 55
5 209 75 100 93
209 360 64 89 73
209 81 72 93 86
209 144 36 97 86
209 169 74 99 76
6 59 19 24 20
6 346 36 58 43
6 83 33 96 61
6 244 71 72 72
6 18 15 59 31
6 82 66 83 81
59 96 51 95 55
59 83 78 91 85
59 296 81 99 94
59 38 32 63 45
59 154 46 79 51
346 292 92 95 93
346 196 13 64 43
346 350 90 95 95
346 315 46 62 53
346 29 46 98 93
346 7 43 52 52
346 144 62 74 72
346 91 77 97 92
346 257 47 97 64
83 170 63 71 64
83 269 58 62 59
244 132 18 51 25
244 40 73 79 79
244 299 61 77 68
244 75 12 88 63
244 169 14 72 50
244 121 49 64 54
18 256 34 96 70
82 110 89 98 96
82 283 84 98 98
82 210 56 60 56
82 23 30 34 32
7 345 56 66 56
7 108 27 55 43
7 247 16 49 34
7 262 90 96 92
345 286 46 69 59
345 264 33 96 49
345 357 85 95 85
345 184 25 62 55
345 82 89 97 95
345 203 27 45 43
108 234 32 81 49
108 259 48 93 68
108 63 89 95 90
108 300 75 99 90
108 35 31 62 37
247 105 24 60 46
247 40 66 73 69
247 170 39 45 45
262 333 46 50 50
262 356 61 71 66
262 244 42 81 57
262 0 76 91 76
8 160 16 92 48
8 42 86 91 91
8 170 30 81 65
8 111 76 79 76
8 11 59 90 86
160 159 63 99 92
160 68 85 88 87
42 8 58 60 60
42 283 18 46 44
42 166 43 61 48
42 267 43 78 73
42 321 12 73 57
170 50 24 99 80
170 85 25 67 47
170 2 42 90 83
170 156 57 73 71
111 24 59 77 63
111 64 72 94 78
111 177 16 50 41
111 358 74 79 76
11 49 42 99 47
11 148 70 76 73
11 236 92 94 94
9 54 81 88 85
9 367 91 96 91
9 373 45 96 68
54 334 76 93 87
367 289 95 98 96
367 336 74 77 75
367 252 30 96 82
367 150 78 88 86
367 341 57 60 60
373 206 40 78 41
373 200 26 27 26
373 320 47 100 94
10 177 58 98 86
10 232 10 79 78
10 39 66 80 73
10 244 18 93 69
10 299 67 100 87
10 226 17 44 42
10 324 59 96 69
177 162 38 82 82
177 216 50 52 52
177 179 49 98 69
177 203 18 47 19
177 54 30 53 33
232 194 35 75 38
232 299 63 91 91
232 198 15 87 39
39 55 40 57 56
39 232 79 93 89
39 57 44 89 71
39 66 13 29 18
39 235 17 96 31
39 163 44 88 44
39 170 85 93 93
299 0 38 47 46
299 225 26 27 26
226 192 38 48 40
226 8 41 68 41
226 22 42 69 67
226 204 28 41 37
226 137 53 83 80
324 134 18 33 25
324 3 69 84 80
324 350 47 58 49
324 227 94 98 96
324 293 18 65 63
324 51 77 92 86
49 81 72 92 92
49 148 43 63 54
148 247 72 79 74
148 322 42 85 85
236 59 61 64 64
236 167 84 89 87
236 231 75 99 99
236 6 44 77 45
236 239 63 82 74
12 126 20 43 36
12 11 43 50 44
126 315 14 83 62
126 282 54 86 81
126 211 35 68 50
126 180 75 95 93
126 145 30 70 40
126 374 35 91 42
126 172 12 61 23
126 221 21 29 28
13 100 28 59 54
100 320 42 71 43
100 332 56 74 74
100 32 33 36 34
267 336 61 74 63
267 243 86 95 94
267 67 11 100 62
267 299 42 54 45
286 306 20 36 26
286 291 58 84 65
286 47 19 71 60
286 232 32 88 42
224 170 26 92 54
224 352 19 56 27
224 188 55 77 64
171 97 77 93 79
171 289 59 84 60
192 303 53 68 58
192 116 35 78 76
192 155 65 71 65
192 28 36 52 38
125 197 39 58 40
125 350 72 99 87
125 156 11 79 15
125 357 80 99 90
125 100 95 96 96
125 188 38 76 69
15 300 77 92 77
15 12 40 59 40
15 160 74 92 91
15 164 82 92 85
300 326 42 63 44
300 276 17 42 25
300 32 84 100 94
300 305 36 43 37
300 371 53 57 56
300 120 42 49 47
300 108 20 75 47
164 27 63 90 77
164 257 61 68 66
164 171 52 79 53
164 375 14 18 14
164 116 29 66 49
164 352 79 88 86
164 237 25 30 27
164 96 33 73 51
16 237 56 83 83
16 184 27 62 49
16 95 20 58 55
237 101 28 97 96
237 156 93 100 97
237 47 71 99 81
237 106 11 62 48
237 284 57 94 88
237 116 36 91 52
237 328 32 74 37
184 62 32 64 36
184 377 53 60 56
184 171 11 66 51
184 37 62 66 65
184 276 68 94 73
184 249 38 65 59
95 122 43 57 56
95 243 58 75 69
95 353 36 70 54
17 57 32 78 45
17 132 50 98 97
17 134 21 34 24
132 284 54 61 60
132 126 59 97 93
132 59 11 74 19
132 19 44 62 48
132 76 73 86 79
132 354 26 95 38
134 62 46 71 71
134 36 89 91 89
134 125 34 98 63
134 340 63 80 65
134 293 65 80 73
256 138 24 60 49
256 346 93 99 97
256 360 38 64 46
19 327 29 56 47
19 16 82 88 85
327 323 51 73 64
327 71 83 89 84
327 82 19 20 20
327 291 52 86 86
327 257 74 80 74
20 171 19 68 36
20 350 57 93 70
20 150 60 98 76
350 183 52 100 82
350 348 37 77 49
350 102 46 99 95
350 185 38 88 44
350 119 89 95 89
350 376 29 41 39
350 289 84 99 97
150 329 24 58 30
150 231 43 96 47
21 20 36 69 46
21 288 80 95 87
21 341 63 83 68
288 333 33 55 43
288 283 31 51 43
341 169 62 84 63
22 312 92 100 98
22 55 75 95 91
22 292 88 90 88
22 24 19 47 37
312 347 72 78 76
312 239 40 66 52
312 300 32 82 45
312 136 77 87 86
312 223 46 98 70
312 151 77 84 79
55 377 25 97 43
55 48 55 70 67
55 302 37 54 43
55 14 15 86 22
55 60 61 97 70
24 353 76 94 93
24 289 18 46 26
23 103 13 93 63
103 47 95 96 96
103 276 95 96 95
103 211 59 92 75
103 131 53 68 58
103 106 74 81 81
353 243 60 84 64
353 311 36 64 61
353 78 80 91 81
353 188 73 81 74
353 177 84 85 85
353 373 47 89 86
353 376 72 85 82
353 16 16 70 16
289 336 80 81 81
289 59 25 53 45
289 193 40 56 50
289 77 23 72 68
25 6 51 65 63
25 95 73 90 87
25 182 12 34 27
25 58 57 100 96
58 263 18 27 20
58 301 46 58 51
26 121 94 96 95
26 91 65 96 74
26 211 31 54 50
26 264 47 77 57
26 2 13 89 52
26 336 43 53 51
26 373 82 91 91
26 144 37 70 38
121 145 45 78 50
121 348 36 90 63
121 153 93 99 93
91 284 61 96 96
91 172 55 85 65
91 195 84 89 89
91 155 10 20 16
91 197 31 73 53
91 200 17 47 25
91 63 85 96 89
91 119 59 75 67
91 111 48 85 67
91 84 83 86 84
91 192 18 83 54
91 270 56 82 81
211 135 83 95 86
211 375 28 53 50
211 292 47 80 70
211 198 44 88 62
211 206 69 84 79
211 10 91 93 93
264 40 83 94 88
264 104 61 71 70
264 307 45 91 47
336 40 73 76 74
336 306 43 55 50
336 250 12 63 25
336 225 12 18 16
144 12 50 78 69
144 267 39 72 41
27 234 66 76 76
27 222 42 98 90
27 132 84 97 93
234 139 20 74 38
234 251 66 71 71
234 59 31 32 31
234 295 78 97 97
234 63 27 47 36
222 372 32 80 37
222 286 60 94 70
28 113 80 91 80
28 158 91 99 92
28 127 69 98 92
113 116 33 35 34
113 300 41 46 42
113 285 54 85 62
113 356 48 77 49
113 335 10 79 47
113 148 13 58 28
158 239 23 28 25
158 337 26 65 32
158 288 61 86 62
158 349 16 66 41
29 174 48 85 56
29 284 34 54 34
174 117 67 100 95
174 147 93 94 94
174 162 80 90 86
174 230 63 95 75
174 260 65 88 70
174 42 42 99 42
174 132 73 84 77
284 349 91 94 93
284 67 12 23 15
30 378 49 73 59
30 106 89 100 95
30 119 25 93 71
30 50 47 85 73
30 87 37 41 40
378 176 94 95 94
378 327 57 97 65
378 109 79 87 80
378 165 27 32 31
106 326 40 62 48
106 123 55 99 69
106 66 27 49 33
106 327 58 88 75
106 92 56 69 59
119 58 41 79 77
119 149 76 92 85
119 318 53 77 75
50 355 33 53 38
50 295 22 69 68
50 135 11 70 68
50 141 94 96 94
87 86 14 46 43
87 85 19 50 46
87 138 30 74 64
31 180 30 31 31
31 168 17 62 52
31 281 25 97 44
180 52 28 34 29
180 195 58 88 67
180 372 69 91 80
180 290 40 47 46
180 356 37 56 44
168 106 62 76 71
281 47 82 86 82
281 351 88 97 89
281 157 36 88 61
281 363 18 22 20
281 98 59 100 59
32 107 12 24 13
32 146 60 92 76
32 324 57 86 57
32 216 85 86 85
32 231 70 85 73
107 338 78 97 91
107 14 27 92 78
107 278 75 92 79
107 70 56 67 62
107 138 75 83 83
107 7 81 98 91
146 341 39 82 66
146 79 38 51 44
146 105 28 29 29
146 139 93 98 97
146 276 81 85 83
146 324 93 100 95
216 102 15 32 21
216 249 49 64 49
231 337 53 54 53
231 284 53 76 62
231 40 68 92 85
231 169 20 35 27
33 287 60 86 81
33 229 28 89 59
33 127 92 95 93
287 185 55 94 75
287 59 94 98 95
287 363 92 100 93
229 106 74 78 74
229 18 47 92 74
229 133 56 60 58
229 71 66 93 92
229 373 93 97 97
34 233 85 99 96
34 293 34 43 42
233 147 46 84 58
233 216 42 47 43
233 226 63 95 95
233 249 49 85 73
233 276 79 99 86
293 111 27 36 28
293 57 84 86 85
293 368 66 99 77
293 304 66 90 79
35 28 94 99 97
35 18 62 92 68
36 304 79 87 80
36 55 30 72 39
37 332 55 68 58
37 196 80 93 88
37 336 62 69 63
37 306 43 100 62
37 91 34 99 59
332 66 58 72 59
332 141 31 56 49
332 11 31 81 33
196 351 84 100 85
196 3 32 59 52
306 26 61 91 73
306 171 31 43 34
306 257 80 90 84
38 281 32 92 46
38 309 94 97 97
309 105 74 82 82
66 150 41 63 53
66 75 91 92 92
163 245 43 48 45
163 283 73 76 76
163 43 13 78 76
163 239 13 97 18
40 169 54 100 81
169 166 68 77 68
41 372 62 98 67
41 231 92 98 96
41 221 19 82 79
41 215 81 94 85
41 80 67 82 81
372 379 43 53 52
372 240 88 99 95
372 265 89 91 91
221 37 48 76 62
221 99 45 53 47
215 338 26 49 40
215 119 86 90 90
215 201 56 78 61
215 51 54 60 60
215 168 64 81 81
215 256 27 87 63
80 236 34 56 55
80 191 71 87 79
80 178 52 63 53
283 90 18 93 49
283 126 72 74 74
283 148 43 45 45
283 84 54 73 69
283 122 51 76 74
283 165 33 85 68
166 87 21 38 26
166 303 33 85 77
166 230 53 82 58
166 253 82 90 87
321 246 87 94 93
321 362 83 97 87
321 26 15 41 29
43 268 42 83 75
43 23 79 87 82
43 262 61 69 66
43 230 82 83 83
43 108 34 55 43
43 157 92 96 93
43 29 32 35 35
43 354 14 26 26
268 10 64 93 84
268 93 74 86 83
268 154 18 77 70
268 123 47 58 52
268 68 74 87 78
230 192 89 98 90
230 184 64 75 73
230 270 68 92 85
230 122 78 81 80
230 232 81 96 87
157 10 82 94 85
157 177 83 91 85
157 112 72 74 72
157 258 43 62 58
157 220 19 86 56
354 337 84 90 85
354 268 51 58 53
354 229 12 60 50
44 211 16 85 24
44 120 51 81 68
44 10 17 75 69
44 86 65 93 90
44 201 69 89 79
44 121 12 40 38
120 87 85 100 98
120 365 17 86 25
120 205 90 92 90
86 138 49 99 86
86 239 39 66 65
86 133 32 95 49
86 16 33 50 46
86 238 11 98 72
86 142 77 98 88
86 97 63 83 76
86 364 92 96 92
201 237 59 69 63
201 309 43 50 47
45 111 22 59 49
45 320 72 87 87
45 143 16 36 18
45 46 59 65 64
45 175 39 60 59
320 38 76 79 76
320 288 69 96 89
320 9 56 100 63
143 147 66 67 67
143 117 53 77 60
143 261 16 66 60
143 86 64 82 73
143 317 23 52 28
143 197 18 61 49
143 48 15 87 32
143 257 50 75 57
46 7 84 95 92
46 298 39 83 71
46 368 24 36 33
298 256 31 78 32
298 226 52 65 54
298 291 40 63 54
368 5 93 95 95
368 289 46 100 66
368 16 27 75 64
368 355 11 94 34
368 328 89 94 92
368 214 15 75 45
368 377 55 65 62
117 293 83 86 83
117 312 57 82 61
117 193 12 82 29
117 353 87 92 92
117 63 32 86 68
117 323 50 60 58
52 268 18 33 33
52 84 56 75 66
52 246 12 63 57
52 55 68 87 83
52 169 43 57 46
48 137 82 100 97
48 34 77 97 87
137 277 46 72 69
137 42 27 44 40
137 118 61 95 67
137 287 14 37 35
137 308 64 98 78
137 162 28 49 45
137 110 39 93 92
81 262 61 95 61
81 316 11 48 34
81 13 42 54 53
81 175 67 78 74
81 186 56 96 65
81 197 28 95 82
81 263 20 50 50
355 51 54 87 78
355 37 14 86 14
355 198 15 75 21
355 28 59 81 61
355 270 34 46 36
295 377 57 86 86
295 361 55 86 77
135 285 57 69 64
135 133 56 91 72
135 323 48 63 52
135 170 57 72 67
135 304 95 97 95
141 55 11 49 40
141 332 71 95 76
51 96 95 100 97
51 92 27 29 29
51 101 48 75 53
51 9 19 42 33
51 29 87 100 90
51 343 85 91 90
51 293 26 79 46
51 172 81 97 83
92 195 53 85 60
92 66 22 65 51
92 203 10 93 72
92 205 40 55 53
92 318 27 96 83
92 297 14 42 17
92 298 69 89 84
343 26 72 86 84
343 100 69 85 77
172 106 29 50 43
172 305 77 88 87
172 102 45 75 73
172 43 57 73 59
172 139 36 49 37
84 183 14 52 31
84 261 91 95 93
84 330 31 35 32
84 58 56 91 73
246 224 86 94 89
246 197 69 82 77
246 208 82 83 82
246 302 64 91 75
53 49 45 81 66
53 167 65 96 71
53 12 31 65 37
167 37 60 72 65
167 176 49 57 49
334 257 25 90 36
334 114 31 34 34
334 305 58 89 80
377 49 13 26 17
377 370 36 51 38
377 71 20 88 38
377 7 24 33 33
377 123 90 96 94
302 368 79 83 80
302 365 39 76 44
302 370 89 91 91
60 247 23 79 46
60 225 61 85 68
60 319 29 63 41
56 127 52 56 54
263 130 60 80 60
263 241 67 81 75
263 18 47 86 83
263 353 52 53 53
301 253 50 76 74
301 171 16 38 33
301 179 18 71 68
301 69 23 48 47
296 265 25 97 46
296 370 13 62 52
296 203 89 100 92
296 61 16 66 31
154 231 63 84 78
154 43 15 62 20
154 5 63 67 65
154 251 95 96 96
154 31 63 71 69
225 94 70 86 83
225 213 82 86 84
225 71 33 91 79
225 149 74 89 77
225 109 83 100 87
319 371 74 79 79
319 318 89 91 91
319 171 32 96 34
319 146 64 66 64
61 348 95 99 98
61 217 74 84 76
61 18 63 85 76
61 153 20 97 67
348 362 10 44 19
348 137 85 90 88
348 223 41 58 41
217 162 20 82 30
217 31 16 82 21
217 21 23 44 27
153 170 88 100 97
62 150 77 100 77
62 66 40 73 50
62 38 91 92 92
62 209 30 39 38
63 46 87 100 91
63 26 47 85 51
63 201 35 78 50
63 114 79 85 79
63 340 14 76 60
114 91 35 49 41
114 95 60 92 65
114 128 18 67 26
114 188 92 99 97
114 121 53 88 77
114 82 74 100 77
340 148 86 94 93
340 24 76 98 92
340 267 79 100 85
340 87 78 95 81
64 9 70 79 78
64 108 50 100 77
64 372 36 37 36
64 49 85 91 91
64 252 43 89 84
252 18 17 62 47
252 154 20 86 69
252 68 31 56 43
252 293 65 98 77
252 257 14 34 32
65 330 65 80 75
330 229 40 76 51
330 54 13 25 23
330 93 88 94 92
330 42 51 52 51
75 10 93 98 98
75 62 18 50 21
67 321 28 80 67
67 238 54 90 82
67 57 24 34 34
67 185 62 66 65
67 281 58 87 64
238 182 74 99 94
238 0 77 81 79
238 145 50 78 68
238 85 15 36 15
185 124 41 85 67
185 115 70 73 71
185 22 49 86 67
185 49 64 86 67
68 360 42 47 47
68 14 21 85 48
68 368 19 37 22
360 58 74 84 79
360 159 51 76 57
360 2 79 89 79
360 318 25 36 34
360 193 64 72 68
69 236 19 67 35
69 84 62 89 66
69 26 61 85 76
69 100 76 97 90
69 364 37 41 41
69 121 63 70 64
69 25 90 93 93
364 319 64 94 65
364 224 10 67 47
70 308 23 58 30
70 338 58 94 85
70 134 87 89 89
70 156 34 64 63
70 226 19 50 48
70 218 85 92 91
308 317 81 93 88
308 170 86 91 91
308 302 28 100 47
338 46 52 54 52
156 165 82 90 82
156 215 85 98 92
156 352 48 52 50
156 341 51 75 73
156 53 44 88 65
156 337 85 94 85
218 280 41 65 56
218 58 53 69 54
218 313 55 99 76
218 49 88 94 90
218 59 77 93 93
218 82 79 90 79
72 327 42 69 59
72 205 47 89 87
72 100 19 90 77
205 296 29 67 53
205 99 23 77 56
205 287 79 85 83
205 345 88 92 91
205 58 40 61 43
73 31 68 95 80
73 235 69 97 89
73 128 31 89 31
73 239 37 42 42
73 65 19 73 50
73 205 94 98 98
73 81 66 83 83
73 315 25 27 25
128 335 18 72 65
128 221 89 99 99
128 51 53 70 69
128 7 52 62 59
315 10 10 31 10
315 158 39 52 42
315 276 15 49 26
315 8 11 99 35
315 280 46 51 51
74 79 82 83 82
74 363 23 24 23
74 213 73 87 79
74 362 40 89 70
74 163 86 91 86
363 346 39 51 50
363 231 53 97 79
363 33 10 22 19
363 95 91 100 95
213 88 56 67 60
213 191 26 67 52
213 312 92 100 98
362 373 39 86 40
362 208 19 38 33
362 50 34 56 35
362 180 51 79 60
362 229 80 89 80
76 349 63 100 74
349 253 20 31 20
349 369 21 45 39
349 169 95 99 99
349 342 53 61 58
77 243 82 99 96
77 298 24 100 51
77 45 56 89 61
243 219 42 91 49
243 55 55 61 55
243 173 68 83 69
243 27 70 96 75
243 16 61 71 66
243 312 28 100 90
243 7 40 59 59
78 197 80 94 83
78 157 45 70 58
78 135 67 68 67
78 256 56 72 59
78 211 26 89 43
197 14 29 80 41
197 372 27 88 28
197 41 26 81 45
197 153 63 81 77
197 79 17 55 23
291 199 19 56 55
291 268 32 78 47
291 148 10 74 62
291 88 78 93 89
291 328 13 18 15
339 231 88 100 96
339 374 42 80 72
339 318 15 58 47
339 303 75 76 76
339 213 33 71 38
191 66 41 73 47
191 19 19 64 51
178 254 28 45 43
178 52 44 75 72
178 92 24 67 60
178 174 63 92 70
178 45 21 81 73
316 31 63 72 65
316 131 51 81 80
316 144 12 96 50
186 20 59 68 64
186 230 24 87 78
186 103 78 92 92
110 184 46 72 70
110 155 37 46 37
110 239 55 60 58
110 188 37 88 51
210 275 69 100 86
210 309 14 95 31
269 66 18 68 60
269 133 35 87 65
183 300 95 97 97
183 213 58 62 58
183 85 18 66 19
183 14 51 61 54
183 157 94 96 94
261 372 68 72 70
261 97 66 74 70
85 88 67 70 67
85 139 20 65 42
85 123 44 55 52
85 225 84 86 84
85 197 10 43 41
85 183 52 58 54
85 190 53 94 66
88 175 20 94 60
88 118 58 73 73
88 5 67 89 79
88 263 48 83 71
88 281 72 88 78
88 345 56 100 66
139 291 49 70 67
139 182 41 65 61
139 166 87 89 87
139 364 19 68 44
139 184 62 98 95
123 18 65 84 78
123 189 95 100 96
123 300 91 94 92
190 231 80 94 84
190 146 89 90 90
138 183 78 89 88
138 99 44 56 55
133 3 68 73 70
133 338 61 68 62
142 324 89 99 94
142 250 50 71 62
142 161 50 89 64
142 167 17 18 17
142 306 84 95 91
142 233 91 93 93
97 350 29 44 40
97 214 82 84 83
97 169 83 94 94
97 193 11 66 48
97 91 41 62 47
97 10 34 94 35
97 236 66 77 70
118 285 89 97 92
118 12 46 59 47
118 30 52 85 82
118 67 73 92 92
118 282 18 78 59
89 373 14 93 61
89 76 50 100 94
89 196 50 71 65
90 290 45 99 90
90 117 50 100 93
90 234 29 41 35
195 76 69 71 71
195 328 11 51 27
195 379 94 95 95
155 85 47 50 50
155 302 27 36 36
155 343 85 86 86
155 45 72 99 78
155 69 86 89 89
155 195 39 62 56
155 236 44 75 72
200 50 14 49 26
200 86 33 69 43
270 4 47 61 55
270 63 61 67 66
270 364 19 98 54
270 130 13 46 29
270 65 86 95 91
270 206 45 94 76
270 197 11 71 14
203 105 66 77 70
203 193 93 97 97
203 87 70 83 79
203 283 25 63 39
203 252 40 86 51
318 146 45 97 73
318 251 72 86 74
318 190 31 77 48
318 5 43 89 44
297 344 14 100 27
297 34 83 99 84
297 345 55 82 81
93 31 89 100 97
122 66 15 59 15
122 40 69 71 69
122 202 52 78 64
122 266 24 85 35
122 120 32 61 54
122 297 61 79 72
122 199 15 94 40
122 210 28 66 57
122 216 91 94 91
122 103 84 85 84
208 370 68 71 70
208 247 16 36 19
208 76 72 90 75
208 70 22 77 43
208 338 34 92 71
208 75 47 62 53
208 263 18 30 21
214 202 43 68 58
193 222 66 77 67
98 117 49 74 54
98 298 60 67 66
99 64 49 53 52
375 175 11 43 21
375 249 56 75 64
375 309 81 94 87
176 231 92 93 93
176 161 63 75 66
310 45 83 88 88
310 342 93 100 95
310 81 88 92 90
310 54 63 73 70
310 311 74 85 84
310 31 49 80 53
102 166 28 79 71
102 115 19 91 88
102 259 27 51 36
102 84 41 95 69
115 210 35 95 54
115 161 14 95 83
115 75 67 83 81
115 96 72 91 90
115 282 46 59 50
115 79 24 90 72
115 302 80 90 83
259 82 52 77 65
259 301 66 92 76
259 34 65 81 81
259 87 28 67 58
276 65 85 91 86
276 189 66 100 96
131 297 57 91 63
131 341 79 86 85
104 229 64 98 81
104 34 44 99 61
104 365 47 69 54
104 128 94 95 95
104 269 86 98 95
104 88 27 51 35
365 117 16 91 50
365 302 15 29 20
365 367 21 68 27
365 106 35 49 45
365 31 23 24 23
105 43 63 78 63
105 178 39 71 71
278 372 82 95 92
278 199 20 23 21
278 54 45 54 50
278 60 60 63 61
278 173 10 21 13
278 120 57 59 58
371 363 84 89 87
371 215 27 87 39
371 337 47 71 65
371 348 66 92 69
371 350 61 90 61
357 88 19 51 48
357 260 49 97 63
357 71 75 95 91
357 21 92 94 94
358 377 12 97 69
358 217 58 70 70
358 285 81 99 91
112 350 95 96 96
112 158 46 79 65
112 46 80 98 86
116 154 20 86 50
116 183 21 53 22
116 192 72 96 90
116 13 28 86 74
116 46 89 100 97
116 379 65 70 67
285 230 37 94 50
356 186 91 98 92
356 109 11 69 69
356 40 37 54 40
356 336 23 32 23
356 41 27 45 37
356 319 52 91 77
356 309 12 33 33
335 64 11 88 64
335 154 66 85 71
161 165 77 100 78
161 59 84 90 85
161 145 85 100 100
161 342 77 83 83
161 288 29 87 58
161 326 37 71 45
161 374 65 88 84
282 208 42 71 49
282 174 77 80 80
282 373 76 89 87
282 100 23 39 38
282 329 60 81 65
323 341 73 87 74
323 310 78 95 91
323 33 15 83 52
149 117 17 22 22
149 102 92 100 94
149 5 22 38 32
149 274 47 80 60
149 276 52 58 58
149 238 65 86 75
145 25 10 28 21
145 298 49 76 58
145 243 76 89 78
145 82 69 79 75
145 353 73 93 87
202 18 15 16 16
202 369 81 83 83
266 8 79 91 81
266 4 63 66 65
199 39 47 61 58
199 278 53 60 56
199 97 93 96 94
189 283 76 94 90
189 248 94 97 96
124 230 39 91 56
124 31 18 97 29
374 255 88 96 95
374 181 54 62 58
374 147 83 86 83
374 41 76 91 77
374 205 91 99 99
374 328 88 98 92
129 318 71 91 85
129 162 12 76 32
129 222 81 100 96
162 103 54 97 88
162 236 23 73 34
162 171 16 55 46
162 140 26 85 66
130 244 45 99 47
130 204 25 63 33
130 332 82 100 96
204 336 87 96 91
204 13 73 94 85
204 279 61 64 64
204 129 38 86 55
136 243 86 98 91
136 269 93 99 93
277 263 61 66 61
277 54 59 79 67
277 376 72 76 73
277 223 59 62 60
277 370 84 99 99
140 229 50 99 58
140 208 61 69 64
140 66 26 54 34
147 379 58 59 59
317 332 43 44 43
317 177 46 94 69
317 292 52 69 63
317 160 31 66 38
317 142 12 22 19
257 319 47 86 76
257 53 19 73 43
257 231 53 60 58
257 156 32 59 44
257 99 91 96 94
322 297 17 56 42
322 193 70 88 70
322 3 27 78 39
322 183 79 87 81
274 191 76 78 76
274 294 57 60 59
274 81 38 85 47
274 84 27 56 41
274 195 64 82 82
274 118 12 84 82
274 117 18 20 19
329 245 24 59 43
151 313 79 97 90
151 35 40 76 50
151 311 22 69 60
313 169 56 68 61
313 356 14 24 19
313 256 75 97 95
311 135 47 63 62
311 95 48 78 62
311 249 78 100 86
311 199 11 69 28
311 242 14 96 26
311 35 50 93 79
152 208 51 84 73
152 118 29 96 83
152 242 32 75 44
152 323 14 16 15
152 315 21 97 44
242 361 40 82 51
242 51 35 97 76
242 337 10 14 13
242 296 64 91 69
251 98 48 71 66
251 24 26 84 65
251 66 78 90 85
251 11 95 100 95
165 328 75 91 80
165 200 45 68 60
165 145 50 78 60
352 364 55 89 89
352 33 30 69 65
352 221 73 95 78
352 78 40 60 57
352 151 23 34 32
337 326 74 93 75
337 229 58 80 68
337 126 77 92 80
258 62 67 70 69
258 193 35 73 59
258 269 21 85 27
159 341 80 98 83
159 134 52 92 81
159 267 60 84 73
159 350 24 90 35
159 321 95 98 98
342 315 38 49 39
245 362 53 76 59
245 27 42 82 66
328 108 23 31 25
328 158 88 90 90
328 163 89 99 95
303 50 54 82 74
303 52 47 66 58
303 373 60 92 63
303 369 18 67 30
303 333 15 72 37
253 278 40 67 43
253 147 28 39 31
253 55 11 75 75
305 29 73 90 81
305 333 70 96 72
305 196 84 88 87
305 79 35 50 49
173 190 24 95 36
173 83 55 69 55
173 312 42 55 52
173 147 62 82 62
173 5 14 26 17
260 379 76 77 76
260 325 16 82 62
260 377 55 66 60
260 18 87 97 92
260 121 28 78 70
331 56 64 82 66
331 233 33 75 55
331 352 55 87 63
331 358 70 79 72
331 107 63 80 75
331 281 14 76 23
331 173 18 86 38
179 366 83 95 86
179 107 90 92 91
179 233 59 71 67
179 362 64 98 92
179 93 50 73 63
254 216 83 93 85
254 139 95 96 95
254 169 84 95 87
254 150 67 74 68
254 353 16 44 38
366 320 64 65 65
366 170 69 93 93
366 162 39 81 81
351 100 79 91 91
351 139 36 85 73
351 359 81 94 91
351 62 80 82 82
351 373 47 94 54
249 42 43 57 52
249 320 49 63 61
249 9 11 64 33
249 201 69 79 70
187 129 70 96 72
187 221 46 83 63
187 331 23 25 23
187 0 89 90 90
187 274 86 96 92
248 125 19 51 40
198 24 47 65 65
198 281 10 100 55
369 38 43 44 44
369 141 68 88 70
369 181 53 95 78
279 267 46 60 60
279 40 32 67 65
206 220 52 90 53
206 331 72 74 74
206 207 41 56 56
206 301 84 95 93
206 69 44 56 50
206 13 44 75 60
206 85 57 67 60
207 361 12 97 93
207 273 11 31 15
361 350 55 84 78
361 144 30 79 74
361 143 69 91 73
361 19 95 97 95
361 37 25 41 32
273 328 58 96 68
273 272 61 86 61
273 100 34 71 61
273 43 10 33 30
273 73 51 85 70
273 76 37 70 52
273 348 13 34 14
273 203 90 99 90
275 297 65 78 77
275 164 50 88 62
212 100 24 70 40
212 104 61 94 84
280 350 73 85 80
280 71 15 38 25
280 130 67 88 71
280 315 35 61 61
219 224 71 91 77
219 301 21 96 53
219 229 85 89 86
219 198 67 96 82
219 252 64 98 92
219 347 47 96 69
347 332 42 69 65
347 153 13 84 52
347 314 12 57 16
347 349 25 26 26
223 145 91 97 97
223 379 48 80 66
223 120 25 58 31
227 37 14 58 42
227 334 84 86 86
227 133 30 84 53
228 252 39 72 65
228 282 25 72 61
228 1 27 39 37
228 281 33 56 49
228 66 14 18 16
228 135 59 69 63
240 98 16 64 57
240 285 54 62 59
241 261 53 61 54
241 310 50 58 54
241 206 88 96 96
241 85 34 61 43
255 224 54 70 65
255 300 57 74 69
255 260 11 96 71
255 176 54 78 58
325 98 59 93 62
325 341 34 94 84
325 279 92 96 93
333 284 88 96 90
333 251 17 80 21
333 324 16 70 57
333 176 13 95 88
333 264 39 66 45
333 36 21 77 63
333 370 22 50 26
333 81 44 97 66
333 169 71 99 88
307 27 56 66 65
307 321 53 83 64
307 142 93 98 93
307 289 89 90 90
265 370 20 46 42
271 258 53 71 59
271 29 50 81 71
271 156 45 47 45
271 126 53 74 71
271 306 45 54 46
271 77 35 77 75
272 121 84 94 92
294 217 65 80 65
294 121 90 95 92
294 128 12 21 20
294 132 79 84 82
294 101 54 61 61
376 115 15 46 24
376 150 50 57 52
376 194 60 89 89
376 119 44 58 57
376 247 37 69 52
376 46 77 96 85
376 191 80 91 91
376 173 85 96 94
376 121 83 95 85
314 76 45 57 53
314 180 94 97 94
314 265 54 90 84
314 378 16 61 22
314 284 28 55 54
359 34 17 68 38
359 180 56 67 62
359 64 60 81 72
359 116 59 72 71
359 201 17 89 23
359 42 90 99 93
359 332 33 42 33
359 88 46 99 47
0 379
