52 179
0 35 14 99 18
0 14 94 99 95
0 36 27 63 60
35 44 68 73 73
35 37 61 92 61
35 14 40 44 44
35 29 79 99 80
14 33 45 95 92
14 6 27 96 61
14 17 58 88 71
36 7 47 83 77
36 23 82 84 83
36 28 39 51 43
1 43 12 26 26
1 22 90 93 91
1 38 58 80 65
1 16 22 45 44
43 3 10 63 13
43 28 33 34 34
43 13 54 95 79
22 39 34 96 43
22 20 81 82 81
22 48 38 74 61
38 14 79 99 97
38 17 56 86 76
38 28 94 97 96
16 41 54 87 80
16 29 70 73 72
16 40 10 96 60
16 9 88 90 90
3 10 25 61 43
3 13 16 97 58
3 2 91 96 92
3 4 31 53 33
3 9 80 93 90
10 51 92 98 92
10 0 42 85 76
10 8 39 50 47
13 33 59 87 73
13 22 62 86 67
13 25 62 96 94
13 3 27 62 33
4 15 31 86 48
4 3 44 98 97
4 11 68 89 74
4 47 73 81 76
9 20 66 96 90
9 8 61 76 74
9 40 30 60 45
15 37 58 63 59
15 8 59 98 87
15 44 34 36 36
15 25 92 98 96
15 10 58 74 74
15 14 49 97 70
15 48 76 89 80
11 34 19 24 23
47 51 23 94 76
47 27 75 87 86
5 38 54 98 61
5 3 52 88 65
6 12 70 77 70
6 24 55 86 73
6 34 91 99 93
6 32 35 46 46
12 18 83 87 86
12 5 26 72 66
12 40 92 98 96
12 20 70 84 80
12 31 36 62 38
12 3 73 100 99
24 1 18 71 20
24 19 20 56 30
24 50 89 95 95
34 36 11 54 22
32 2 50 70 59
32 11 33 53 50
32 9 50 63 52
32 51 50 93 88
7 34 20 30 29
7 28 71 92 86
7 29 66 85 72
7 1 13 76 72
7 12 82 83 83
28 50 53 63 53
29 24 88 91 91
29 7 20 28 22
8 24 90 98 90
20 16 40 82 55
20 2 86 89 88
20 23 77 80 78
20 27 28 97 66
40 7 35 42 42
40 18 36 75 55
40 44 69 89 87
40 6 16 94 86
40 43 79 99 91
51 17 86 96 91
51 16 91 98 95
51 29 32 99 45
51 48 95 100 95
51 20 43 84 79
18 51 68 69 68
18 6 70 98 77
18 33 54 61 56
31 2 68 92 70
33 45 38 75 72
33 49 86 93 91
33 27 31 98 35
33 50 32 70 61
25 34 52 100 80
25 32 49 88 88
25 27 95 96 96
25 0 38 94 83
25 5 36 70 37
17 23 44 54 53
17 8 42 45 42
17 19 77 78 78
37 2 42 92 61
37 4 74 98 85
37 41 33 94 33
44 43 30 50 42
44 42 49 83 53
44 45 78 99 96
44 15 87 93 88
44 20 38 83 46
44 30 48 54 48
44 46 77 93 83
44 24 22 100 77
44 50 52 67 52
44 40 52 86 53
48 42 41 78 58
48 17 17 81 70
48 39 34 80 67
41 14 77 79 78
41 34 31 37 33
41 12 35 89 54
23 44 52 53 53
23 1 20 78 51
23 37 41 47 47
19 23 72 85 72
19 13 57 100 98
19 2 64 99 78
19 51 47 79 51
27 35 28 67 53
27 22 13 51 46
27 18 74 80 76
21 11 76 83 79
21 39 19 100 55
21 49 17 88 66
39 28 72 80 74
39 10 89 91 89
39 0 54 93 64
39 47 23 68 65
49 46 37 65 60
49 15 73 94 84
49 6 47 51 47
49 8 67 97 67
50 37 16 65 39
50 7 68 90 74
26 21 43 100 96
26 41 38 99 50
26 3 35 75 69
26 43 41 44 43
26 49 23 64 49
30 32 87 94 89
30 28 52 77 52
30 14 81 83 83
30 2 61 96 83
30 35 52 81 56
45 46 41 55 47
45 9 70 99 84
45 20 58 68 65
42 12 86 97 97
42 33 19 42 35
46 9 27 93 59
46 33 75 85 85
46 36 23 29 28
46 50 32 63 40
0 51
