351 775
0 238 81 92 83
0 73 90 96 94
238 93 88 98 98
238 274 88 95 88
238 269 57 59 58
238 153 58 74 63
73 204 69 90 73
73 293 46 73 64
1 268 76 83 80
1 199 38 62 45
1 73 19 28 22
1 246 34 73 55
1 126 17 46 23
1 76 74 90 80
268 306 43 51 44
268 315 15 74 24
268 348 77 82 79
268 103 28 93 89
268 254 58 65 62
268 129 12 60 17
199 54 25 61 61
199 132 76 88 78
246 247 55 85 75
126 18 50 75 61
126 180 89 95 94
76 53 40 51 40
2 82 94 95 94
2 175 27 56 50
82 143 94 99 97
82 18 53 54 53
175 74 64 78 78
175 350 77 97 94
175 122 55 69 66
3 97 87 94 88
97 147 82 99 93
97 306 60 61 61
97 167 67 83 74
4 341 49 78 77
4 315 33 34 33
341 29 50 63 62
341 251 64 93 89
341 134 44 75 63
341 204 63 83 80
315 228 91 98 94
315 202 91 100 100
315 37 51 100 62
5 202 49 71 59
5 87 11 54 47
202 93 71 82 71
202 301 35 47 45
202 13 77 89 83
202 70 16 65 62
87 342 88 90 90
87 343 16 50 29
87 190 67 78 75
6 252 25 35 26
6 101 23 48 40
252 329 62 93 70
101 243 93 98 98
101 268 81 99 89
101 345 46 51 46
9 55 40 63 53
9 155 84 96 92
9 57 60 96 91
155 214 22 64 40
155 111 72 77 72
155 143 31 53 44
155 315 18 33 25
57 232 89 94 91
57 334 37 77 45
57 46 17 56 23
57 104 14 18 17
10 136 30 94 59
10 201 64 98 77
10 303 37 86 55
136 177 44 77 52
136 290 62 88 80
136 141 27 90 90
136 6 67 94 70
201 278 25 65 38
201 72 52 53 53
303 266 78 100 94
11 186 28 94 89
11 183 16 60 20
186 17 26 92 39
186 121 48 59 49
186 147 93 94 94
186 288 78 85 79
186 5 39 52 47
186 321 63 80 67
183 132 29 49 34
12 246 18 64 25
13 201 65 86 65
14 127 25 32 27
14 122 57 87 85
127 37 86 96 89
127 6 78 97 95
122 297 54 56 55
122 304 83 93 83
122 91 52 94 84
15 240 40 49 49
15 192 24 97 85
15 50 44 49 47
15 139 94 95 95
240 152 27 64 43
240 273 42 79 63
192 220 18 98 27
50 235 77 99 84
50 109 87 96 93
50 148 26 64 37
16 218 31 60 48
16 182 80 86 82
218 165 95 96 95
182 41 36 66 44
182 213 34 78 51
182 192 54 62 58
17 201 50 84 58
17 116 41 61 56
116 350 90 100 90
116 12 44 71 52
116 101 16 72 23
116 50 68 97 79
18 50 67 95 81
18 188 85 99 96
19 4 15 89 88
19 257 23 79 43
19 283 36 62 58
19 241 48 76 65
257 36 23 84 44
283 3 31 68 55
283 236 37 75 65
241 62 79 100 81
241 159 41 85 79
20 245 50 68 65
245 223 71 79 72
245 346 62 88 85
21 336 57 95 65
336 157 78 82 79
336 45 53 64 55
336 85 44 54 48
336 214 30 34 30
22 310 75 99 93
310 259 45 72 55
310 224 90 94 90
310 31 85 92 92
310 162 31 43 40
310 41 16 62 49
23 274 66 98 80
23 338 73 83 80
23 146 83 89 88
23 242 54 71 55
274 211 65 92 67
274 23 37 94 84
338 23 95 98 95
338 232 43 70 56
338 270 48 78 53
338 16 95 100 99
338 326 19 93 87
338 8 73 93 91
146 330 74 80 76
146 350 84 90 85
242 309 15 21 15
242 330 38 85 72
242 52 21 61 23
242 340 70 86 81
24 45 76 100 78
24 337 66 89 81
45 109 46 93 66
45 68 60 91 67
337 97 68 72 71
337 344 44 75 49
337 188 89 96 91
337 182 21 78 73
25 194 29 40 36
25 169 56 100 86
25 227 50 65 61
25 251 53 72 55
194 178 78 85 81
169 232 64 80 69
169 71 60 83 75
169 84 76 88 87
227 282 93 98 98
251 202 55 61 55
251 62 54 89 61
251 197 81 95 94
26 339 51 92 56
26 319 33 35 33
26 296 79 92 83
339 63 68 77 77
339 194 93 99 95
319 73 10 77 70
319 169 95 96 95
319 138 89 92 91
319 303 59 65 63
296 261 71 87 85
27 314 46 62 47
314 254 16 89 61
28 205 56 67 60
28 183 53 93 90
28 275 86 95 92
205 24 24 94 58
205 82 68 88 76
205 189 58 99 82
275 166 31 83 61
275 234 61 75 62
275 216 25 99 73
275 137 10 27 25
29 346 92 97 97
29 107 18 24 24
29 47 82 99 90
29 103 35 64 41
29 248 82 84 84
29 181 22 47 38
346 250 26 86 71
346 26 14 70 33
346 6 80 97 88
346 169 33 65 52
107 224 45 53 50
107 257 52 62 55
107 46 52 56 56
47 274 27 45 29
103 151 85 94 88
103 271 85 89 88
103 27 54 91 57
248 350 77 89 81
248 258 46 62 49
248 332 28 43 34
248 132 25 70 27
31 310 78 97 91
31 86 90 91 91
86 254 54 63 54
32 16 48 84 83
36 218 32 54 44
36 231 79 90 81
36 337 61 76 72
231 177 84 89 85
231 161 92 95 95
231 273 26 78 46
37 326 65 83 80
38 317 34 58 43
38 142 55 86 67
38 242 22 39 39
317 12 32 37 33
40 16 92 97 97
40 76 82 90 88
40 49 32 98 54
40 329 33 42 41
49 197 24 32 32
49 71 69 77 70
329 84 15 75 15
329 280 27 49 29
329 98 68 92 80
329 262 12 77 44
329 39 83 86 85
41 22 91 98 96
41 252 81 83 83
42 167 38 93 88
167 152 27 76 55
43 127 82 92 88
44 15 69 74 69
44 331 32 93 67
44 173 20 50 23
331 237 60 89 68
173 331 15 88 30
173 283 18 68 40
173 156 69 91 81
109 85 88 90 89
109 180 32 49 49
109 26 88 97 90
68 6 57 61 60
68 177 82 84 84
68 190 92 100 99
46 285 16 83 50
285 311 52 73 69
285 278 45 81 77
285 1 72 95 72
285 186 71 97 90
48 95 16 62 42
95 333 35 43 41
95 110 19 60 20
95 173 91 95 91
197 117 52 90 65
197 115 34 100 64
197 118 80 92 88
197 89 60 63 61
71 207 58 73 63
71 22 33 70 62
235 98 93 99 98
51 347 34 58 54
347 193 51 71 69
347 144 34 78 48
347 253 44 49 46
347 9 61 62 62
347 160 93 98 94
52 13 36 70 55
53 7 56 65 62
53 8 32 67 62
53 253 31 39 31
53 174 39 68 58
53 307 55 68 59
53 31 82 96 86
253 26 60 99 70
174 292 73 96 91
54 287 78 87 79
54 90 22 72 53
287 207 65 72 69
287 164 64 84 71
90 119 25 83 66
56 173 65 90 90
334 309 76 84 81
104 125 39 80 43
104 313 87 98 97
104 140 56 61 60
58 311 78 89 86
58 86 57 98 77
58 14 38 67 44
58 103 35 97 78
311 164 82 93 88
311 136 73 94 76
311 169 19 33 21
311 328 16 31 18
311 259 90 94 93
311 231 61 97 96
311 338 55 63 63
311 21 41 95 67
59 185 68 71 68
59 140 20 59 42
185 104 91 99 98
60 176 91 93 93
60 228 22 79 43
60 58 18 34 18
176 53 32 78 37
176 181 48 81 72
176 47 71 93 91
176 215 86 95 87
176 69 38 66 38
176 273 29 62 42
228 343 57 87 84
61 12 56 99 94
61 238 56 70 68
61 322 19 100 34
322 99 63 94 80
322 190 11 49 32
322 292 39 57 45
322 301 91 93 93
322 194 22 88 45
62 171 53 73 59
62 86 54 96 81
62 141 72 96 81
62 201 55 78 61
171 142 27 64 32
171 8 51 70 52
141 337 37 38 38
141 155 62 72 64
141 168 48 65 61
64 51 29 94 86
65 171 25 85 35
65 157 30 97 94
157 165 51 91 80
66 11 64 86 68
66 39 24 88 68
67 234 37 69 66
67 138 85 91 90
67 195 40 53 51
234 89 22 37 30
234 172 77 80 78
138 215 69 97 80
138 185 51 67 66
195 53 15 73 45
195 70 64 67 65
195 144 13 21 19
195 293 48 64 57
195 159 13 54 39
177 300 78 92 88
190 347 85 92 88
190 250 27 95 32
69 255 63 95 91
69 64 72 92 77
255 13 73 80 74
255 286 17 26 20
70 235 94 99 97
70 308 90 97 95
70 331 38 54 52
70 254 21 56 46
70 255 73 85 73
308 105 64 82 81
308 313 92 99 97
254 51 41 63 50
254 191 40 81 46
207 168 57 96 80
207 157 28 35 29
72 329 22 54 28
72 156 64 73 72
72 85 56 97 64
72 76 34 87 40
156 223 70 74 73
293 175 63 64 63
293 42 37 83 50
74 143 43 51 46
74 210 40 58 45
143 68 28 40 32
143 284 56 94 63
143 344 17 94 46
77 328 82 91 85
77 346 64 71 65
328 95 37 87 51
78 20 59 90 75
78 350 63 91 65
78 12 77 100 79
350 24 24 60 46
350 104 30 70 35
350 170 62 76 72
350 55 15 76 33
79 138 73 85 83
79 27 57 92 68
79 246 95 97 95
79 34 31 88 43
79 35 34 82 61
80 260 20 47 42
80 95 56 96 66
80 272 15 70 38
80 103 63 85 79
260 320 91 99 97
260 280 76 100 92
260 325 40 91 68
260 61 69 77 74
272 239 73 93 93
81 316 71 93 73
81 164 77 98 82
316 71 24 80 58
316 338 60 83 78
316 205 76 87 76
164 341 32 63 59
164 336 86 92 92
164 62 56 57 56
164 289 38 72 60
164 347 75 87 78
83 214 30 92 31
83 170 62 70 69
83 243 66 70 67
214 329 92 97 94
214 339 31 38 38
170 70 29 32 30
170 179 73 97 83
243 73 89 99 90
243 152 51 97 91
342 301 43 62 55
342 21 74 81 81
342 180 38 54 47
343 85 16 80 75
343 126 27 72 56
343 247 56 72 63
88 176 31 57 49
88 34 38 88 55
89 329 50 60 51
119 122 38 52 42
119 250 19 29 22
119 176 76 82 82
91 279 88 92 91
91 111 90 100 98
91 192 73 81 80
279 290 83 84 84
279 231 12 71 28
279 33 74 87 86
279 110 95 97 97
111 175 45 72 60
111 101 36 48 47
92 99 50 55 54
92 192 22 95 31
99 156 16 52 44
93 207 12 56 35
93 248 48 76 53
93 135 35 98 42
94 227 11 53 50
94 44 30 43 30
94 309 49 64 62
94 72 15 94 39
94 98 82 93 89
94 329 37 48 48
309 47 81 94 82
98 71 23 42 37
98 174 47 91 79
333 208 61 64 61
333 319 65 73 70
110 141 44 45 44
96 171 36 98 53
96 220 83 97 85
96 240 22 34 23
96 17 85 90 89
220 330 54 67 65
220 267 90 95 90
220 60 55 70 61
220 122 53 62 60
220 344 26 68 55
147 346 71 97 95
306 1 73 93 75
100 130 59 90 89
100 319 38 83 45
130 239 59 88 82
345 183 48 72 61
345 129 29 67 50
102 261 72 79 74
102 12 41 57 55
102 233 50 81 72
261 311 68 94 92
261 164 89 97 91
261 70 33 46 44
233 280 34 54 41
151 298 55 92 71
151 321 58 61 61
271 18 79 83 82
125 148 56 70 61
125 44 59 100 59
125 161 75 80 79
313 164 15 74 72
313 140 84 90 87
105 6 84 89 86
105 64 31 33 33
106 198 14 52 43
198 29 90 99 98
198 53 24 35 28
198 335 67 68 68
224 249 74 96 89
180 84 95 97 95
180 320 65 97 81
180 222 80 93 84
180 191 61 79 65
112 49 31 56 48
113 216 15 56 46
113 134 81 95 92
113 77 76 97 82
216 312 34 57 51
216 107 87 96 91
134 36 55 83 65
134 214 25 36 26
134 331 53 96 92
134 165 70 99 71
134 131 75 86 76
114 183 36 61 40
115 13 19 30 29
115 260 70 80 73
115 162 10 51 49
162 267 92 96 94
162 94 60 86 81
162 333 44 65 46
162 329 93 100 94
117 54 74 88 85
118 95 15 45 40
250 350 15 75 43
250 232 89 91 89
250 219 90 93 90
120 115 25 68 67
120 87 52 55 54
120 54 90 99 98
297 137 34 41 40
297 246 56 66 66
297 96 70 90 85
304 1 91 99 97
123 250 71 77 77
123 88 59 87 71
123 208 65 89 87
208 188 35 38 37
124 52 11 28 23
161 186 65 79 74
161 35 48 50 48
161 344 22 48 35
161 313 36 55 42
128 350 44 63 45
129 75 43 66 57
129 287 36 39 36
239 188 74 88 80
239 325 78 85 78
131 170 42 82 75
131 55 26 88 71
132 81 64 100 94
132 225 60 100 87
225 293 52 77 54
225 258 91 92 92
133 137 20 40 23
133 71 74 94 90
137 248 10 48 28
137 267 66 86 66
165 163 89 92 90
165 332 74 82 80
290 190 33 92 71
267 338 90 95 90
267 176 38 77 77
215 326 71 74 74
215 134 70 95 72
168 295 27 91 47
168 165 73 90 85
168 76 45 70 50
168 14 46 99 75
284 276 71 72 71
284 279 43 55 49
284 114 76 83 82
284 140 85 92 89
344 329 92 93 93
344 59 11 16 13
344 348 30 49 41
145 174 60 79 60
145 60 47 84 67
330 13 44 86 59
330 227 46 98 69
330 180 72 88 73
150 147 66 90 82
298 336 82 87 87
321 198 42 85 81
152 327 50 55 50
152 256 89 91 91
152 263 57 73 62
327 0 25 40 30
327 291 77 88 87
327 314 62 78 76
256 202 44 64 51
263 159 68 80 68
263 45 59 98 94
263 320 84 95 86
263 19 91 97 97
153 163 29 78 46
153 240 16 17 17
163 7 18 86 74
163 258 56 74 56
163 216 51 74 69
163 47 28 63 41
154 153 21 28 23
154 180 26 46 42
223 243 43 51 43
223 217 91 95 94
223 53 13 39 14
158 200 69 75 71
158 65 25 63 53
158 307 68 97 69
159 135 58 98 59
160 345 72 75 73
160 340 67 75 74
160 84 84 99 84
160 327 48 85 85
340 283 62 77 72
258 38 28 33 28
258 339 88 97 96
258 32 17 49 44
258 221 76 94 83
289 52 20 93 48
289 237 58 62 60
289 79 92 95 95
289 263 63 89 77
332 155 75 79 79
332 278 49 91 67
295 285 77 90 90
295 222 16 90 39
295 2 80 99 90
172 46 45 61 55
172 248 85 95 93
172 40 31 98 36
172 4 58 94 67
172 296 24 86 31
292 254 11 92 59
292 71 89 97 96
292 346 95 97 97
273 225 40 73 66
273 220 41 61 42
273 191 58 80 66
300 158 43 68 65
300 247 43 78 56
178 321 56 76 63
320 303 59 92 81
320 7 53 72 72
222 335 63 97 74
191 97 71 79 73
191 83 31 91 45
213 283 25 92 30
213 349 15 46 41
184 59 32 96 74
184 51 42 71 62
184 345 92 98 93
184 140 29 79 35
184 24 90 99 94
288 103 66 87 67
187 116 56 75 67
189 45 59 85 62
193 280 76 79 79
193 48 53 89 78
280 148 88 100 96
280 91 22 23 22
196 328 39 65 50
196 150 75 83 79
196 273 51 59 56
335 66 81 84 83
335 95 78 95 80
335 337 40 72 70
278 102 18 29 25
278 37 31 71 32
278 31 52 77 66
301 99 80 83 81
301 238 33 72 48
301 291 70 83 77
301 246 57 76 59
301 22 51 57 56
203 164 60 62 61
203 258 91 99 96
203 29 93 97 94
203 303 94 96 96
206 9 30 69 45
209 297 25 89 54
209 140 83 97 94
211 26 62 69 69
211 12 94 99 98
211 302 22 87 57
211 65 34 76 43
211 327 66 67 66
302 135 57 90 64
302 350 93 95 93
302 104 44 48 45
212 119 37 59 54
349 217 48 72 53
349 172 44 86 84
312 217 83 94 89
312 112 72 96 91
221 154 69 93 85
249 339 31 76 40
249 136 10 48 12
249 110 36 64 60
226 218 84 86 85
226 73 21 39 30
226 327 19 25 20
282 235 34 60 48
282 60 25 100 29
282 241 14 30 14
282 90 73 95 92
229 346 76 95 84
229 56 13 73 20
229 287 65 92 73
230 9 45 79 58
230 64 81 82 82
237 148 41 59 59
269 5 93 94 93
269 48 14 36 20
325 189 30 49 46
325 137 24 65 45
244 116 93 98 96
244 196 83 86 83
247 42 69 74 71
247 194 65 67 66
286 68 44 86 47
286 323 16 92 77
286 257 95 98 98
259 106 42 46 44
259 225 24 95 35
259 114 27 50 47
259 267 34 70 35
262 263 18 22 20
262 251 71 88 73
266 206 43 77 53
266 135 43 53 43
266 160 75 80 76
266 120 88 90 89
348 231 60 91 85
270 88 46 71 70
270 90 40 83 44
270 316 81 89 87
270 133 80 97 97
276 221 52 57 57
276 99 48 78 58
277 72 59 84 74
277 257 59 88 80
294 27 31 95 90
305 237 41 89 74
305 304 83 98 97
305 82 85 89 88
318 321 36 69 38
318 340 48 66 49
324 127 20 22 22
324 118 16 74 55
324 48 84 92 89
0 350
