128 448
0 45 34 66 49
0 110 84 92 88
0 36 15 39 33
0 48 47 51 47
0 4 19 72 59
0 67 91 93 91
0 24 11 62 36
45 105 76 77 77
45 50 83 96 93
45 11 59 97 67
110 120 33 40 34
36 78 80 84 80
36 123 71 99 94
36 32 84 94 91
36 25 86 96 90
36 41 86 93 89
36 60 94 98 94
4 116 49 91 91
4 105 46 94 51
4 18 85 96 89
4 79 93 100 93
67 94 57 71 61
67 71 84 89 85
24 50 70 75 71
24 2 21 53 29
24 80 19 97 29
1 29 41 60 42
1 55 55 57 55
1 94 38 65 39
29 114 40 90 54
55 2 74 82 78
55 70 17 27 20
55 57 81 83 82
55 61 62 70 65
55 25 16 41 16
55 90 33 59 56
94 70 58 87 65
2 127 67 93 73
2 37 45 47 47
2 84 32 88 38
127 70 14 61 29
127 122 10 51 33
127 126 59 83 83
127 2 48 73 53
127 92 66 73 69
127 15 64 96 85
37 67 68 93 75
37 26 68 83 73
37 7 34 39 35
37 114 81 98 86
37 97 38 86 51
84 12 37 41 41
84 109 47 85 66
84 96 58 77 70
84 80 89 99 90
84 20 70 93 85
84 62 84 100 96
3 108 30 75 60
3 97 41 45 41
3 7 86 87 86
108 126 34 72 72
108 80 95 97 96
108 109 52 71 66
108 46 35 66 43
108 107 61 84 65
108 24 33 54 53
108 51 80 81 81
108 36 85 88 86
97 10 48 62 59
97 74 88 91 91
97 50 86 91 91
7 12 13 35 28
7 84 48 73 62
7 66 27 61 61
7 47 74 76 74
7 39 27 65 39
7 51 55 73 72
7 98 43 91 58
116 90 81 92 84
116 110 23 43 32
116 67 25 95 73
116 84 16 93 30
105 8 88 92 88
105 113 33 98 82
105 35 18 90 62
105 13 65 73 68
105 54 64 91 88
18 94 10 80 76
18 40 68 99 69
18 120 82 89 83
18 122 85 88 88
18 79 74 84 76
79 95 36 67 37
5 3 31 51 37
5 99 71 79 74
99 40 81 90 83
99 62 91 93 93
99 15 16 17 17
99 67 18 21 19
99 32 10 95 50
6 40 88 98 98
6 31 88 92 89
6 102 77 90 81
40 29 37 63 63
40 76 39 73 60
31 19 59 60 59
31 99 18 88 59
31 108 31 86 64
31 30 56 59 58
102 72 53 69 64
102 98 71 92 71
102 108 92 100 95
12 44 87 89 88
12 65 76 80 76
12 97 66 67 66
12 74 82 100 97
12 75 41 60 57
12 90 22 71 54
66 24 42 47 44
66 27 84 89 84
66 117 76 98 90
47 5 62 73 71
47 31 41 62 61
47 48 76 94 82
47 65 42 43 42
47 123 76 93 89
47 98 17 28 22
39 62 72 73 73
39 0 81 90 89
39 81 79 96 82
51 28 30 84 56
51 73 23 91 89
98 31 47 50 48
98 76 14 86 20
98 88 27 73 60
98 79 43 88 68
98 112 23 37 34
98 103 63 94 64
8 125 32 76 38
8 83 24 51 48
8 101 53 100 98
125 2 39 44 41
125 39 82 99 87
125 0 30 79 61
125 12 46 62 46
125 123 23 98 29
125 96 22 63 26
125 32 92 93 93
125 1 36 90 72
83 88 37 72 60
83 66 45 86 64
83 91 70 79 74
101 85 42 76 71
101 11 13 94 43
101 14 64 71 70
101 47 67 82 81
101 69 55 87 81
101 9 83 85 84
101 27 93 96 94
9 100 31 50 36
9 116 61 80 62
9 69 32 49 40
9 18 57 74 72
9 67 52 100 88
9 29 64 97 88
100 45 40 67 43
100 28 42 63 56
100 5 86 98 90
100 112 65 100 73
100 87 16 92 61
69 113 85 95 95
69 73 59 74 73
69 105 42 76 72
10 108 66 80 78
10 112 77 81 77
10 49 45 49 46
112 34 12 37 33
49 28 14 31 14
11 68 18 48 20
11 5 66 86 67
68 40 42 51 48
68 125 75 85 84
68 67 54 55 54
68 16 26 66 26
44 41 78 92 85
44 56 65 89 89
44 88 86 88 87
65 102 40 54 44
65 30 54 98 92
65 28 51 57 56
65 78 71 77 71
65 35 25 94 29
74 77 35 55 41
74 22 65 91 81
74 85 13 17 14
74 11 66 76 72
74 97 70 90 86
75 65 37 89 78
75 25 37 38 38
75 111 16 74 69
75 89 67 83 70
75 77 95 96 96
90 28 77 82 82
90 126 14 98 72
13 81 89 98 96
13 48 36 60 38
13 88 10 77 11
13 55 72 75 73
13 121 58 65 59
81 51 61 66 63
81 103 38 92 71
88 22 23 32 27
88 7 92 100 100
88 31 45 56 48
88 43 58 61 59
88 37 10 30 28
88 54 54 59 54
88 69 56 71 67
88 28 77 99 90
14 55 66 93 88
14 4 38 96 82
14 115 78 81 81
14 118 32 82 47
14 105 77 97 96
14 31 35 49 41
115 73 18 33 28
115 67 48 53 52
118 57 60 71 66
118 89 17 85 35
118 84 94 98 98
15 124 76 80 79
15 37 91 100 98
15 118 27 70 39
15 84 76 93 91
15 114 41 60 48
15 45 90 95 92
124 61 21 29 22
124 46 68 69 69
124 92 93 94 94
124 52 71 96 88
124 42 70 71 71
124 36 65 72 71
114 41 92 94 92
114 62 42 98 92
114 96 93 99 97
17 106 21 32 25
17 4 16 22 16
106 82 45 100 98
106 37 14 85 75
106 103 59 99 81
106 72 27 92 57
120 63 11 100 92
120 82 61 73 61
122 104 11 59 13
122 1 70 82 82
122 34 57 72 60
19 60 61 84 78
19 31 55 57 55
19 22 44 93 66
19 100 94 96 94
19 35 39 86 48
19 20 93 97 95
60 22 40 97 68
60 37 65 89 72
60 15 36 82 59
22 64 85 99 87
22 90 68 100 84
22 3 18 51 22
35 21 26 58 45
35 66 39 66 41
35 30 31 53 38
20 54 21 52 21
54 124 59 67 64
54 24 67 91 71
21 53 17 35 23
21 109 90 96 95
21 122 90 96 93
21 40 83 85 83
21 101 22 92 71
21 61 52 57 57
53 63 83 93 87
53 21 36 83 65
53 13 71 82 72
109 9 76 92 91
61 63 92 98 95
61 96 14 63 39
64 127 93 99 97
64 85 56 77 58
23 85 82 88 84
23 3 69 88 73
23 96 91 93 93
23 11 82 100 83
85 79 36 90 70
85 125 46 66 63
85 46 77 98 90
85 45 79 98 80
96 111 22 56 23
50 80 53 88 71
50 119 63 69 69
50 127 72 99 75
50 125 58 75 64
50 101 46 100 80
50 4 92 97 96
50 117 15 57 51
50 122 52 94 77
80 109 11 54 13
80 100 21 74 50
80 13 90 100 94
80 67 18 97 39
25 55 20 86 33
25 125 59 82 60
25 110 16 57 20
25 64 66 75 66
25 3 39 73 41
25 21 37 91 40
26 73 74 88 74
26 36 34 47 39
26 57 42 58 53
73 21 72 85 85
73 27 93 100 95
57 82 14 93 75
57 103 36 76 52
57 53 23 58 29
57 105 35 84 38
57 31 13 58 30
57 16 42 51 45
27 19 44 67 60
27 17 21 89 45
27 31 49 51 50
27 90 93 94 93
27 96 76 87 76
28 14 87 95 90
28 113 55 100 93
28 69 56 57 57
28 0 13 87 28
28 8 25 91 82
28 61 72 83 74
28 70 15 75 28
113 19 41 93 91
113 42 26 70 26
113 76 86 97 97
113 10 16 73 53
113 117 58 79 58
113 69 19 74 68
113 0 10 40 12
70 126 53 93 58
70 125 10 51 34
70 112 64 92 68
70 117 56 82 71
30 28 72 76 76
30 32 73 94 80
30 126 17 92 55
32 71 83 99 98
32 111 59 64 61
32 42 13 38 36
126 115 32 66 43
71 120 11 56 39
71 102 78 99 91
111 37 46 79 57
111 41 84 85 85
42 72 70 83 78
33 48 78 87 82
33 116 46 60 46
33 2 48 60 48
33 17 47 80 55
33 15 91 92 91
34 31 47 84 56
34 45 93 96 95
34 66 57 81 75
78 83 94 97 94
78 80 76 82 79
78 35 43 86 50
123 54 50 51 51
123 114 48 98 80
123 35 42 67 61
123 45 30 99 33
123 83 41 86 71
41 100 68 100 87
41 102 30 66 34
41 83 87 99 94
38 14 11 19 18
62 97 29 93 72
62 53 53 85 83
62 61 51 96 92
62 106 58 80 72
62 117 19 35 26
76 119 30 71 61
72 12 71 99 79
72 65 93 97 94
72 91 73 78 77
72 114 28 76 51
72 73 53 85 69
43 123 21 54 38
43 1 11 68 49
43 70 92 93 92
56 41 83 88 85
56 86 20 31 24
56 112 46 51 51
56 117 50 74 53
46 84 52 97 76
119 59 24 54 34
119 103 76 97 79
117 88 82 92 92
52 25 19 63 56
52 57 32 41 37
63 85 42 76 65
63 52 75 76 75
63 73 88 92 88
63 120 85 96 85
63 28 13 98 68
86 13 80 81 81
86 11 73 84 84
86 58 55 78 65
86 101 84 97 93
86 32 58 68 61
86 75 18 26 21
86 61 56 59 57
82 104 43 52 52
82 69 54 100 59
103 60 88 92 91
58 121 58 76 60
58 3 29 100 51
59 26 27 79 63
59 123 88 95 94
91 20 77 82 80
91 58 28 56 42
77 113 48 60 51
77 104 25 89 70
89 113 59 89 64
89 99 83 85 83
89 69 81 92 90
104 36 88 92 92
104 76 69 86 81
104 16 33 80 63
95 66 56 93 73
95 67 89 99 96
95 26 88 96 88
87 127 12 55 54
87 56 89 93 93
87 119 70 98 92
92 70 51 81 76
93 30 52 56 54
93 86 88 89 88
93 91 42 53 53
107 44 25 76 32
107 117 10 43 42
107 50 75 82 76
107 79 88 89 89
0 127
