96 276
0 34 20 31 24
0 52 75 76 76
0 92 31 91 44
0 45 94 97 97
34 5 57 61 58
34 81 58 59 58
34 24 63 64 63
52 42 37 76 61
92 14 29 70 56
92 15 78 81 78
92 61 64 91 84
92 39 36 68 60
92 21 62 88 73
45 20 49 77 57
45 32 78 99 91
45 22 68 79 74
1 79 31 89 44
1 65 56 95 80
79 19 16 32 27
79 88 94 98 96
79 66 80 100 81
79 93 76 93 86
79 35 66 76 69
65 6 25 82 63
65 26 60 65 60
65 80 78 80 80
65 4 84 90 84
2 51 38 56 49
2 42 11 79 76
51 76 33 70 61
51 71 29 50 39
51 50 48 71 66
42 55 17 69 52
42 16 95 99 97
3 18 79 89 83
3 28 52 79 53
3 4 71 75 73
3 35 32 53 49
18 27 43 63 57
18 36 34 60 43
18 86 91 99 92
28 55 81 83 83
28 4 52 53 52
28 64 17 26 19
4 3 77 97 86
4 39 26 86 60
35 31 91 99 97
35 34 35 55 49
39 95 85 100 85
39 48 49 92 85
39 16 28 50 31
5 79 86 96 87
5 39 90 95 93
6 1 53 76 68
6 34 34 71 58
7 75 44 72 53
7 93 56 65 58
7 20 91 100 98
7 19 69 88 82
75 17 93 97 95
75 28 64 87 81
75 25 30 58 35
93 25 28 99 49
20 33 49 56 50
20 83 43 61 60
19 95 42 85 68
19 21 67 85 73
19 73 30 55 41
19 23 39 58 47
19 15 33 81 53
19 52 70 76 72
8 85 84 96 85
8 21 18 97 40
8 41 49 90 60
8 79 18 84 62
21 33 28 73 44
21 46 40 75 61
21 57 18 77 39
21 95 13 51 49
41 12 79 87 80
41 73 35 36 35
41 75 68 84 74
41 84 88 100 99
9 36 80 97 94
9 49 18 53 25
36 47 18 100 77
36 50 39 55 48
36 1 35 54 36
36 52 62 94 80
49 74 61 94 82
49 58 57 97 84
49 56 21 90 75
49 36 91 99 99
10 66 43 74 45
10 17 69 89 79
10 13 40 56 56
66 38 16 39 23
66 61 38 62 42
66 11 72 99 81
66 55 22 59 35
66 71 66 75 67
17 6 35 72 57
13 21 24 40 40
13 93 65 91 69
13 87 35 77 38
13 94 50 97 94
11 88 19 91 50
11 81 48 72 57
81 42 15 50 30
81 12 24 42 24
81 4 74 94 94
12 73 42 94 82
73 95 48 97 88
73 9 11 56 11
87 25 67 99 96
87 7 68 88 77
87 26 60 87 69
87 40 34 74 38
87 1 70 87 83
94 48 78 99 79
94 51 75 77 77
94 92 44 77 53
14 11 61 91 70
15 20 31 62 43
15 92 63 83 82
16 85 17 19 18
16 4 36 64 57
27 70 16 74 61
27 12 15 59 55
86 53 12 59 47
86 69 25 31 30
86 42 13 99 52
86 23 14 37 36
95 78 81 87 83
95 37 67 69 68
95 71 33 99 77
23 41 29 56 41
23 10 67 85 85
23 87 50 91 69
33 50 85 88 87
33 82 70 97 88
33 63 10 21 21
33 9 24 100 39
83 33 39 87 47
46 75 84 93 88
46 23 25 41 30
22 16 45 97 61
24 77 74 83 77
24 30 56 66 65
24 45 29 59 51
24 65 70 99 92
77 63 83 90 87
77 82 17 18 18
77 30 35 57 42
30 44 81 91 88
30 57 87 93 92
25 12 15 85 29
25 54 38 50 45
25 11 79 100 95
54 49 68 76 68
54 79 65 68 66
54 17 71 93 75
54 69 73 94 82
54 8 32 99 92
54 76 62 85 65
26 64 64 80 77
64 14 94 98 97
64 62 95 97 96
64 13 86 89 89
70 45 60 99 82
70 33 61 96 73
70 22 32 98 44
70 43 78 79 78
70 86 25 50 42
55 10 81 90 89
55 94 70 73 72
55 42 32 58 55
55 7 78 95 83
55 19 29 65 49
29 88 59 82 78
29 51 51 84 63
29 16 48 59 50
29 26 42 49 46
29 44 38 66 38
44 52 28 36 34
44 73 66 95 72
44 3 85 97 86
31 11 65 74 68
31 88 83 96 96
32 40 42 63 53
32 22 79 82 79
32 4 11 63 25
32 75 48 98 93
32 38 45 81 73
40 46 16 47 36
40 47 25 61 40
40 22 27 38 29
38 67 12 45 18
38 19 30 70 70
50 23 39 49 44
50 25 23 84 78
50 5 11 38 27
82 56 81 97 90
63 94 67 89 75
63 74 33 77 52
63 30 87 97 89
63 24 83 94 94
63 90 91 93 92
63 1 17 83 70
47 69 62 97 64
47 84 59 74 67
37 35 80 97 95
37 24 95 98 96
37 59 36 85 38
59 22 74 75 75
59 34 12 100 78
59 94 95 96 96
59 69 18 84 22
59 86 72 89 88
67 37 94 98 97
67 46 88 98 97
48 67 80 84 83
48 24 26 61 43
48 90 91 100 97
48 10 37 80 46
84 83 21 78 42
43 76 70 89 75
43 58 58 86 72
76 9 33 90 83
58 47 57 93 65
58 87 18 62 59
58 88 39 48 46
58 62 21 42 25
58 14 79 84 82
69 14 38 100 98
69 36 44 83 59
69 56 85 93 88
69 17 27 71 39
90 41 91 93 91
74 68 71 94 72
74 20 60 84 79
56 90 33 40 38
56 11 64 87 65
56 37 77 83 80
56 91 57 64 60
71 44 14 38 24
71 52 17 56 39
53 52 76 92 78
53 80 46 54 46
53 4 33 95 86
80 52 63 86 66
91 72 59 67 60
91 71 89 94 89
62 89 52 68 63
62 0 79 83 83
60 39 75 79 78
60 24 75 78 75
61 57 57 73 65
61 32 80 84 84
89 11 82 88 83
89 57 88 97 95
89 42 75 78 75
89 21 56 64 64
68 22 72 75 73
68 37 29 88 39
72 76 49 60 55
72 55 75 88 80
72 64 14 60 41
72 32 30 40 40
72 84 86 89 86
72 51 45 47 47
72 10 61 89 69
78 59 24 100 77
78 94 14 54 17
78 10 69 89 86
78 92 72 74 74
0 95
