311 612
0 278 53 70 58
0 218 47 75 75
0 250 71 84 76
278 211 15 85 48
278 71 80 89 89
278 294 66 87 77
250 193 87 99 96
1 261 65 100 95
261 300 60 90 61
261 145 59 73 65
261 155 60 96 76
261 74 75 76 76
2 265 73 84 78
2 120 10 26 22
2 28 36 48 46
265 28 93 99 97
265 278 24 93 78
120 215 36 63 38
28 273 29 36 33
3 43 68 75 74
3 303 76 97 92
43 64 68 84 77
43 210 78 92 84
303 190 85 98 98
303 244 88 94 90
303 43 87 94 90
5 19 88 92 92
5 90 36 67 58
5 193 75 94 88
19 276 63 100 99
19 10 19 84 24
19 232 56 59 57
19 261 33 57 39
19 83 24 70 46
193 183 33 56 41
193 45 28 45 35
193 302 82 93 88
6 126 47 74 69
126 220 55 64 56
126 177 59 94 67
126 83 42 67 65
126 22 95 99 99
7 284 78 96 90
7 272 60 89 88
7 47 23 28 28
284 49 47 52 49
272 170 90 95 93
8 167 89 96 91
8 50 91 92 91
8 162 25 96 66
8 91 77 79 79
167 48 58 73 64
50 71 53 85 76
50 275 61 100 83
50 98 54 95 76
50 66 10 58 31
91 4 44 99 67
91 247 73 79 77
91 241 56 62 56
91 192 68 85 83
91 57 88 92 92
9 235 86 99 99
9 198 56 80 60
198 194 69 94 77
198 5 43 47 43
198 215 92 94 93
198 166 91 96 95
11 221 62 84 72
221 65 35 81 63
13 279 27 98 42
279 178 36 58 53
279 243 22 68 39
14 38 41 72 55
38 156 54 62 61
15 16 48 59 58
15 35 42 91 79
15 145 35 38 38
15 118 36 50 42
15 222 83 92 84
16 183 33 35 34
16 113 72 97 96
16 144 32 39 34
35 280 36 83 43
35 80 41 66 61
35 59 53 100 85
118 89 52 85 64
118 254 44 95 81
222 207 86 91 89
222 36 46 82 69
183 9 80 91 82
113 177 51 61 56
113 83 33 50 33
144 44 23 62 26
17 75 15 60 30
17 87 32 55 50
75 277 85 97 85
75 88 44 96 89
75 89 11 15 11
75 307 93 95 94
87 40 44 86 66
87 77 23 92 71
87 194 93 94 94
18 122 87 100 98
122 115 14 87 38
276 5 14 48 43
232 271 33 56 56
232 193 94 100 95
83 116 47 67 57
83 107 83 84 83
83 239 65 77 74
20 76 46 98 77
20 152 86 95 92
20 64 63 94 63
20 109 27 44 43
20 219 65 100 85
20 102 31 69 55
20 236 33 36 34
76 23 76 90 88
76 131 10 90 43
152 306 21 33 25
64 82 53 83 69
109 22 21 34 23
102 81 58 81 74
236 2 50 69 63
236 163 15 96 96
236 123 68 76 74
236 53 38 45 42
236 257 86 97 87
236 16 61 77 77
236 150 27 82 52
21 293 26 37 30
21 74 48 92 49
21 287 93 96 94
21 267 26 77 67
293 247 26 85 40
74 215 85 92 92
74 247 90 99 96
287 206 16 35 35
287 64 48 59 55
287 174 40 60 58
267 229 32 48 42
23 287 41 94 44
23 135 29 82 65
135 164 11 37 16
135 157 50 86 73
135 215 42 54 43
135 46 37 83 40
135 191 16 100 68
135 17 13 79 62
24 184 39 43 39
24 209 33 76 52
24 210 11 41 30
24 107 58 87 78
24 161 52 94 54
184 151 46 78 49
184 283 83 98 97
184 274 44 50 50
209 265 36 78 59
209 89 11 77 18
209 270 54 57 56
210 296 23 55 32
210 205 28 53 36
107 198 30 78 67
161 228 39 64 41
161 105 52 85 79
161 165 83 99 99
25 4 50 71 53
25 291 50 62 51
291 0 68 97 88
291 158 82 88 87
27 173 55 94 68
27 174 80 88 88
27 257 38 83 83
173 198 73 87 75
173 259 90 95 92
174 16 85 98 90
273 187 23 29 26
273 205 24 33 26
273 47 10 78 20
273 211 40 68 53
29 102 52 85 74
29 137 19 98 69
29 79 90 91 91
137 106 55 74 70
137 193 72 84 82
79 128 93 95 93
79 84 20 35 34
79 205 87 96 96
79 239 28 64 41
30 236 83 100 91
30 234 65 85 77
234 212 26 50 50
31 285 80 82 80
31 124 67 85 70
124 135 28 58 54
124 26 50 55 50
124 31 73 85 83
32 67 60 82 74
32 88 14 44 25
32 154 16 97 53
67 307 65 70 65
67 210 36 39 39
154 106 47 66 65
154 172 74 82 81
154 266 44 90 68
154 225 53 68 53
33 221 16 78 63
34 283 74 84 79
283 180 36 41 38
280 85 87 90 89
80 227 71 77 71
80 117 60 91 73
59 241 66 67 66
36 200 47 67 48
36 132 93 97 94
200 110 69 86 85
132 74 75 87 76
132 50 82 100 86
132 213 88 96 88
37 173 67 81 80
37 21 68 74 69
37 126 84 95 93
37 296 16 55 23
37 76 46 75 52
37 19 50 89 88
296 76 83 89 87
156 248 69 92 85
156 70 90 95 90
156 119 47 81 58
39 67 56 86 72
39 185 49 75 59
39 113 54 99 66
41 266 74 81 74
41 153 12 64 47
41 178 34 38 37
266 183 94 100 94
266 178 52 58 52
153 13 56 89 58
153 16 40 48 43
42 102 35 41 39
42 258 34 71 65
258 168 30 74 37
45 237 87 98 88
237 67 92 95 93
237 85 87 88 88
46 282 54 91 54
282 7 20 50 40
48 169 64 70 68
48 193 39 65 57
49 271 29 100 77
49 188 58 80 79
49 124 54 60 58
271 310 82 86 83
271 28 89 93 92
271 197 75 82 76
188 275 70 95 81
71 206 90 96 92
71 192 40 44 40
71 307 43 81 63
71 58 33 66 61
275 168 33 99 65
275 161 63 65 65
98 263 69 94 82
66 307 80 95 87
66 11 67 91 74
51 15 81 100 84
51 31 74 81 81
51 255 62 94 93
52 90 29 82 68
53 237 53 55 53
55 120 24 75 36
55 152 10 53 23
56 227 87 94 87
56 105 34 56 44
227 110 16 64 63
105 15 60 91 79
105 211 22 42 42
57 276 36 86 48
57 260 51 75 70
57 218 66 87 80
58 200 38 70 53
58 130 62 90 78
130 97 84 89 85
130 297 79 88 80
241 64 86 91 91
241 107 94 99 98
241 50 68 90 77
60 300 63 100 84
60 284 10 91 40
60 57 58 76 68
60 86 77 94 78
300 147 71 89 77
300 119 59 67 59
86 88 75 91 75
86 37 45 78 54
86 57 38 40 40
86 135 93 94 93
62 142 90 98 92
142 126 64 67 64
142 198 33 67 60
142 21 38 77 42
142 7 32 44 34
142 3 95 97 95
63 68 48 76 67
68 300 55 63 58
68 262 85 97 86
82 298 49 72 72
82 258 54 75 68
65 67 65 100 89
307 101 53 74 59
69 146 39 99 98
69 32 92 95 93
69 215 45 54 46
215 44 27 40 36
215 33 79 85 82
215 272 87 88 88
215 296 49 93 66
215 276 39 67 63
70 158 14 51 18
158 189 90 99 98
158 38 90 92 91
206 267 68 95 89
206 128 35 98 90
192 202 50 69 54
192 290 72 76 75
192 157 56 93 80
72 66 59 67 67
73 45 53 67 67
247 64 31 74 52
277 55 14 100 97
131 254 87 98 98
131 100 37 70 43
131 109 34 63 63
77 272 20 83 23
128 182 72 85 84
128 165 22 76 61
128 11 92 99 94
84 191 32 89 59
84 111 45 98 77
239 301 51 67 63
117 36 93 96 96
117 4 59 70 61
81 192 53 61 57
81 7 40 78 54
298 15 83 89 85
298 79 31 94 32
298 49 82 88 87
298 131 82 92 87
116 199 33 65 64
116 147 78 91 82
191 217 50 98 57
191 98 86 99 93
191 44 83 94 85
111 7 62 99 71
111 105 51 79 55
111 36 58 62 62
111 172 59 67 59
111 154 86 96 89
85 135 40 75 64
85 264 30 45 36
264 304 37 61 58
264 58 78 98 89
264 155 73 94 73
264 146 32 65 46
264 34 21 93 67
194 249 50 99 88
194 243 93 94 93
194 227 59 85 83
194 104 81 90 83
92 67 52 89 70
93 179 61 75 69
94 4 37 54 51
94 126 93 96 93
96 5 57 86 69
97 155 27 87 78
97 247 56 88 57
97 123 66 84 84
155 235 63 68 68
155 251 45 67 58
155 310 75 76 76
99 63 60 81 81
99 23 60 85 64
99 199 54 94 87
199 18 12 58 25
199 24 52 97 92
199 178 54 84 59
199 201 35 83 73
199 12 47 57 47
100 266 38 78 44
101 216 27 60 32
101 218 38 72 47
216 273 14 71 38
103 22 46 93 52
103 244 69 94 71
244 226 80 89 89
244 170 59 93 92
104 151 15 66 41
104 131 30 54 52
104 11 15 35 35
104 139 33 72 61
151 181 20 41 20
151 163 52 92 55
151 133 38 54 52
139 39 21 67 29
139 210 60 74 63
211 111 82 88 82
110 54 45 53 48
110 183 74 81 80
172 4 44 45 45
177 64 31 76 51
177 85 58 71 71
114 42 23 30 30
114 178 10 96 56
115 289 14 98 24
115 19 36 72 46
115 294 74 93 81
289 98 31 93 32
294 36 52 78 62
294 125 52 72 62
147 65 22 35 23
254 92 92 93 92
254 95 30 32 31
254 43 57 81 60
119 258 48 81 70
119 18 29 58 55
119 195 60 88 75
195 83 33 88 57
195 10 41 99 46
195 156 72 89 82
195 163 30 44 33
195 284 21 54 52
121 126 93 95 93
125 94 72 85 83
220 238 21 56 27
220 83 36 88 75
127 104 67 77 73
127 203 89 93 90
127 231 50 80 53
203 101 30 56 46
203 107 26 44 31
203 254 30 62 56
231 235 38 78 44
231 212 89 93 89
231 288 49 64 57
182 224 13 33 19
165 148 37 67 54
165 25 68 92 76
129 273 39 57 47
297 9 10 50 48
213 41 25 82 50
133 305 46 85 82
133 289 52 55 53
133 164 57 67 62
133 42 90 99 95
305 273 10 93 48
305 180 77 99 95
164 27 50 51 51
164 304 65 84 79
164 182 95 100 99
134 211 63 94 84
134 93 29 41 41
134 185 67 72 69
157 269 29 87 60
136 190 26 69 48
190 76 90 93 90
138 104 42 87 66
141 220 14 16 14
141 138 56 88 86
143 231 54 63 60
148 78 25 55 29
148 260 76 91 88
149 211 11 63 37
149 7 21 45 33
150 44 21 48 22
150 288 41 94 58
288 120 23 60 50
288 119 16 47 17
288 243 94 98 98
181 48 12 61 60
181 217 54 59 59
163 213 90 97 97
306 69 89 90 90
306 124 11 56 11
251 151 42 69 61
310 176 76 95 84
269 122 40 64 58
269 172 68 88 72
269 187 35 39 39
269 255 36 37 36
269 220 40 55 45
189 72 35 98 66
189 269 67 69 69
189 25 50 96 78
159 42 83 88 86
159 168 78 96 78
159 309 71 78 75
168 217 28 89 51
168 64 84 91 91
168 300 14 25 18
309 4 57 73 61
309 300 58 100 70
309 25 77 79 79
160 286 23 65 58
286 140 24 36 24
228 68 94 97 94
228 305 45 71 58
304 303 44 91 53
304 193 90 92 91
304 60 90 98 91
304 20 55 94 63
166 52 14 29 22
166 33 25 85 60
166 259 80 94 90
259 223 38 97 92
259 94 89 95 94
217 56 42 46 46
170 20 12 50 31
171 268 70 99 78
171 207 65 76 71
171 115 78 92 85
268 131 31 59 37
268 59 45 59 48
268 6 64 96 64
207 280 61 83 79
175 201 10 43 13
201 263 64 84 74
201 51 66 75 67
201 97 32 83 57
201 131 53 66 61
176 91 58 86 63
176 126 65 100 88
180 280 94 99 97
180 128 50 94 88
224 201 68 83 72
224 155 32 48 45
274 220 73 90 75
274 303 34 90 80
186 113 55 93 75
186 229 17 84 37
186 233 79 88 84
186 228 54 94 69
186 166 42 45 43
186 198 44 62 50
229 32 15 70 16
229 37 31 88 31
229 59 10 56 25
233 83 56 97 73
233 117 36 67 55
187 35 61 81 78
202 61 92 93 93
202 43 75 84 75
202 278 85 88 88
290 4 56 71 70
302 28 30 91 82
302 225 37 67 62
302 89 89 96 90
302 244 76 84 83
302 299 89 94 89
249 129 50 77 69
249 206 20 49 29
249 73 32 49 44
249 266 59 93 92
243 131 68 90 83
196 55 42 54 54
196 203 76 79 79
197 294 73 87 79
197 125 69 87 72
204 299 11 27 20
299 132 72 86 85
299 199 28 70 67
208 183 49 100 63
208 87 22 60 57
208 149 75 79 78
208 274 27 33 28
208 242 57 84 60
208 80 17 44 29
208 41 29 46 43
242 271 30 79 47
270 171 68 92 75
214 265 13 64 53
214 22 76 99 79
214 50 40 57 53
238 245 22 69 64
223 171 27 46 27
226 219 32 41 32
226 31 22 85 69
230 272 87 95 92
245 91 18 85 30
301 255 40 59 52
301 195 12 20 13
301 203 24 79 72
240 258 22 68 60
240 5 22 42 22
240 158 60 69 67
240 281 78 93 91
240 296 63 78 77
240 218 69 90 71
281 53 91 98 92
246 257 47 66 51
246 269 43 90 47
252 222 39 88 58
252 303 53 96 55
252 51 16 85 68
253 83 41 72 57
253 30 95 99 98
253 244 32 98 96
256 58 83 87 86
292 18 22 72 68
295 240 31 79 43
295 56 24 93 91
295 86 40 71 67
308 210 57 90 64
0 310
