91 218
0 38 66 81 66
0 48 90 93 93
0 25 30 56 36
38 46 82 98 94
38 8 14 52 17
38 85 56 74 63
48 54 52 58 55
48 86 69 83 73
1 64 16 95 69
1 71 64 69 64
1 46 32 72 53
64 40 62 90 73
64 45 73 100 84
71 88 68 94 78
71 83 47 76 67
46 26 62 83 72
46 49 68 99 80
46 28 18 64 36
46 15 42 65 47
2 45 80 89 84
2 34 27 45 35
45 59 58 79 66
45 33 32 94 68
45 29 63 73 69
34 17 93 95 93
34 63 36 56 53
34 39 14 74 43
3 61 72 91 81
3 53 53 70 61
3 6 58 73 68
61 77 62 68 67
53 58 72 91 91
53 65 83 85 85
53 60 89 90 89
6 89 83 99 96
6 60 53 74 67
6 44 46 84 72
6 32 27 69 51
6 62 89 90 89
5 48 49 73 67
5 11 24 70 41
11 26 54 93 90
11 17 54 59 54
89 4 17 20 19
89 76 72 92 88
60 6 53 84 68
60 63 14 69 25
60 26 49 58 58
60 52 33 83 65
44 20 68 74 69
44 24 16 92 50
44 49 74 82 78
32 16 21 22 21
32 21 19 71 47
32 22 25 30 30
32 61 87 92 90
62 63 83 87 86
62 42 19 54 43
62 78 14 49 34
62 21 31 97 76
7 64 15 71 64
7 46 69 95 87
7 49 45 50 50
7 66 93 99 97
7 77 85 87 87
49 53 75 87 82
66 84 49 50 50
66 4 70 92 72
66 48 72 85 74
66 41 17 30 18
77 90 12 57 42
77 64 28 32 30
77 50 47 54 54
77 45 52 61 53
77 80 43 89 62
8 0 83 92 88
8 4 82 99 95
8 62 27 49 42
9 26 95 98 98
26 28 46 47 46
26 51 39 74 57
26 61 55 67 61
26 14 26 48 28
10 36 85 90 85
10 83 31 77 55
36 61 86 88 86
36 52 73 94 76
83 18 42 100 92
83 78 48 55 53
83 27 42 78 52
83 58 16 81 55
17 89 48 71 56
17 43 94 98 94
12 87 38 44 41
87 22 35 36 36
87 27 63 86 70
87 45 65 72 67
87 31 83 85 84
13 42 76 87 79
42 87 83 96 92
42 64 56 81 61
14 70 19 92 21
70 83 13 77 35
15 46 75 99 93
15 82 37 49 40
15 22 32 97 80
82 67 24 79 47
22 66 86 98 91
22 43 32 91 74
16 31 45 94 50
16 89 94 98 97
16 77 16 60 35
16 86 54 75 73
16 21 40 64 48
16 53 15 99 93
16 43 29 32 31
16 90 47 70 51
31 69 91 94 93
31 2 41 42 41
31 10 43 87 45
86 72 49 90 77
86 13 74 85 80
43 42 28 47 42
90 2 13 93 67
90 32 92 98 92
90 85 41 54 48
18 43 19 38 25
19 49 43 100 84
19 59 72 100 89
19 74 92 98 93
59 78 86 99 94
59 37 13 57 15
74 3 93 95 95
74 10 53 67 63
20 82 22 23 22
20 49 64 65 64
20 65 62 70 65
23 82 93 99 99
23 10 95 99 98
23 31 50 74 70
23 55 68 76 74
23 58 30 44 33
23 11 29 76 75
55 54 89 99 99
58 35 90 94 94
58 75 66 79 75
28 77 53 86 80
28 63 75 77 76
28 67 13 31 26
51 74 19 36 31
51 54 55 72 63
51 47 32 69 37
51 31 26 85 59
51 67 44 98 63
63 88 12 63 60
63 52 20 57 29
63 41 75 82 77
63 61 26 75 71
67 2 34 79 51
29 13 65 67 67
30 0 76 78 78
30 23 47 87 73
30 61 41 80 65
30 17 53 61 57
30 15 53 76 75
30 52 60 70 63
52 81 14 57 39
52 8 89 97 93
52 30 51 75 70
52 67 33 60 46
69 5 77 92 80
69 35 91 93 91
33 90 43 94 83
39 86 54 100 73
39 4 75 84 81
39 70 86 93 92
35 37 36 51 36
35 40 19 93 58
37 82 30 44 33
37 56 31 88 56
40 85 46 71 71
40 10 52 74 70
40 63 87 95 93
40 33 49 64 55
56 19 69 96 77
56 88 16 73 55
85 42 79 85 84
41 87 70 74 70
41 26 27 36 29
41 46 12 32 27
47 79 37 44 43
47 26 66 87 76
79 41 11 75 57
79 3 29 74 67
79 16 43 93 53
79 63 66 87 85
54 60 89 92 89
54 47 45 65 58
54 1 37 70 70
81 68 72 98 88
81 61 39 67 54
57 26 40 89 77
57 24 79 96 89
75 69 71 99 96
84 80 34 55 34
68 67 57 66 65
68 2 38 91 38
72 19 32 38 37
72 60 78 96 80
73 31 82 89 88
73 58 70 99 79
73 6 82 85 83
76 60 94 99 95
76 37 67 85 68
76 8 46 70 64
80 37 37 48 41
80 12 94 99 94
80 53 75 88 77
0 90
