668 1148
0 310 88 97 94
0 148 58 60 60
0 15 33 89 66
0 491 93 94 94
310 382 46 95 56
310 244 55 96 77
148 433 61 63 62
148 407 11 16 15
148 2 58 67 60
15 554 84 86 85
491 364 56 61 59
1 276 45 89 47
1 330 14 73 52
276 275 44 90 44
330 277 66 70 70
330 353 52 89 69
3 590 51 88 82
590 356 50 63 58
590 462 49 60 60
4 342 77 100 78
4 508 21 41 29
4 364 34 92 69
4 63 54 91 54
508 155 28 87 29
508 469 72 81 79
508 595 90 98 97
508 626 10 33 32
508 657 29 73 62
364 236 73 94 89
63 286 22 58 51
63 387 28 67 37
5 623 64 88 86
5 202 32 43 41
5 214 90 100 90
623 382 27 70 55
6 406 32 59 37
6 166 31 66 51
166 107 39 74 49
7 244 38 74 51
7 254 62 89 68
7 358 59 67 60
244 427 87 97 94
254 448 31 60 33
254 20 72 87 84
358 650 43 50 45
358 653 63 74 72
8 649 52 56 52
8 495 20 45 38
8 560 55 80 80
649 523 18 38 20
560 372 41 81 45
9 151 79 94 93
151 370 68 89 84
151 344 78 83 81
10 181 78 85 78
10 37 49 56 55
181 265 12 25 12
37 284 37 92 57
37 551 95 97 95
37 313 19 100 64
11 264 88 94 90
264 369 81 95 81
12 363 84 98 92
12 537 71 94 84
363 228 62 85 65
363 14 35 83 63
13 656 69 92 72
13 166 41 92 64
13 74 35 59 46
656 480 68 95 81
656 599 34 87 39
74 224 78 98 84
14 79 13 35 16
79 558 57 91 80
554 591 60 88 84
554 17 33 76 36
554 403 28 61 38
16 584 14 90 23
584 551 42 61 44
584 600 28 99 68
17 381 16 66 18
17 636 70 93 85
381 619 52 77 69
636 78 18 73 36
636 288 18 47 35
18 7 11 94 19
20 598 23 95 69
20 73 75 80 75
20 444 76 99 80
598 229 83 98 93
73 194 17 79 63
444 87 16 49 29
21 402 57 63 58
402 568 74 84 80
402 110 15 93 85
23 588 34 51 35
23 212 74 86 74
23 625 92 96 95
588 508 59 80 79
588 543 11 37 12
212 241 16 36 32
212 639 68 90 90
212 93 39 81 68
625 647 91 94 93
625 231 17 40 33
625 8 41 81 71
625 338 22 53 33
625 42 18 92 80
25 585 78 99 90
25 156 56 87 74
156 488 76 83 77
26 447 83 99 84
26 431 35 93 43
26 441 25 30 29
447 623 28 36 29
431 278 41 90 88
27 400 37 77 39
27 207 34 91 51
400 136 50 60 58
400 157 21 22 22
207 320 20 66 58
207 450 44 66 53
28 587 57 73 63
28 570 69 70 69
570 122 63 91 87
29 348 30 31 30
348 664 34 42 37
348 302 35 91 75
32 620 95 98 96
32 198 26 50 40
620 538 95 100 97
198 422 22 28 24
198 365 45 56 51
33 514 76 90 81
36 505 11 43 27
36 375 43 54 47
505 486 70 92 71
505 537 34 62 40
505 491 49 77 55
505 205 13 69 24
375 667 32 52 50
284 101 20 25 24
284 593 63 100 86
284 327 60 65 60
313 128 37 71 69
313 596 91 93 92
38 578 34 84 65
578 632 79 97 81
578 529 24 93 67
578 281 43 82 45
39 281 52 90 70
39 43 87 91 90
39 78 34 77 73
281 32 94 98 96
43 440 18 72 40
41 588 38 41 40
41 519 23 88 41
440 453 43 48 46
440 518 16 26 18
44 116 34 86 40
44 455 84 85 84
44 26 65 89 88
44 226 71 80 73
44 630 19 48 42
116 519 34 94 48
226 1 14 67 55
226 511 70 71 71
45 609 31 54 37
45 605 34 49 43
605 59 89 96 92
46 141 77 94 92
141 39 79 82 81
141 72 62 63 62
49 588 93 98 93
50 185 30 67 36
185 580 85 93 93
51 367 30 89 77
51 514 89 100 91
51 625 20 92 52
51 215 33 37 34
367 590 67 82 75
52 278 19 27 19
52 445 17 62 61
52 457 63 96 68
278 113 31 57 31
278 652 46 92 84
445 312 63 67 63
457 581 81 100 81
457 224 33 82 69
457 667 63 71 65
53 236 94 95 94
236 329 10 86 13
236 405 57 88 88
54 68 25 28 27
68 13 75 88 78
68 624 39 47 45
55 608 48 79 54
608 342 11 29 21
608 592 37 63 45
608 270 72 86 79
608 204 25 71 58
56 171 21 28 26
56 664 12 47 33
171 19 34 76 66
664 506 81 84 81
57 596 68 88 71
57 239 94 96 95
57 89 50 88 78
596 336 38 46 45
596 425 56 63 60
596 396 89 99 94
239 214 33 96 39
239 7 44 64 53
59 623 71 96 96
59 310 40 41 40
59 65 91 100 96
65 248 37 99 59
65 619 57 94 63
60 463 67 70 68
60 550 48 96 48
463 41 82 84 84
463 253 59 91 88
550 636 44 90 46
550 138 33 97 90
61 57 49 66 57
61 196 38 96 50
61 540 51 55 53
196 139 57 82 59
286 119 13 36 36
286 247 29 43 37
64 54 37 76 52
64 560 50 98 84
248 651 40 47 47
248 347 53 70 58
248 120 25 61 36
248 486 82 99 92
248 644 79 85 82
248 122 39 40 40
619 433 25 28 26
619 276 38 44 44
66 102 39 77 54
66 606 14 98 58
102 100 73 76 75
606 494 76 81 76
606 270 71 75 71
606 125 63 83 76
624 406 22 82 32
624 292 74 80 78
624 167 10 67 37
624 344 79 98 97
69 395 37 58 50
69 636 66 71 68
69 273 76 99 80
69 2 59 72 61
395 312 39 67 49
273 583 40 46 40
273 488 21 88 75
273 89 62 75 67
70 377 47 63 51
70 625 51 82 75
377 23 82 97 91
71 455 54 82 66
72 441 55 99 89
194 150 92 99 97
194 524 11 79 49
224 169 43 69 46
224 628 15 96 34
75 354 93 96 96
75 471 71 82 81
75 361 44 74 52
75 143 76 87 79
75 424 64 80 79
354 175 24 26 25
354 75 33 65 45
361 396 52 57 55
361 501 91 96 93
361 107 46 69 63
361 47 40 73 57
143 144 51 61 51
143 305 72 87 85
424 319 27 93 32
424 289 54 80 78
424 308 80 84 80
424 394 62 79 65
424 206 80 93 89
76 639 48 74 53
639 500 93 97 93
639 587 88 97 91
77 284 55 97 75
77 225 69 83 72
225 446 86 98 94
225 582 36 67 43
225 87 72 85 78
225 264 27 38 32
558 583 12 25 13
80 203 46 76 56
203 506 30 61 48
203 424 34 61 44
81 412 26 62 44
81 549 80 98 81
412 622 29 47 38
549 280 25 31 31
84 470 32 73 40
470 204 27 45 28
470 615 66 72 72
85 350 34 60 43
350 163 22 54 50
350 39 92 98 98
350 257 39 66 39
86 454 70 86 79
86 656 95 96 95
454 408 26 62 38
454 39 27 33 29
454 55 52 82 79
454 437 71 85 74
87 138 26 47 34
87 380 40 88 69
87 464 17 24 17
138 115 44 82 75
380 447 79 91 81
464 244 27 48 37
464 561 47 72 67
88 269 35 67 44
88 586 52 77 73
269 203 66 68 67
586 70 91 100 92
90 616 65 86 85
616 247 92 97 97
94 465 23 64 45
94 534 29 64 54
94 272 88 97 88
94 302 50 87 76
94 511 92 98 93
302 514 13 53 37
302 216 36 83 37
95 334 95 97 96
95 269 40 88 76
95 666 24 71 66
666 378 40 52 47
666 549 25 45 34
97 641 31 38 35
97 240 38 87 76
641 330 61 82 70
641 472 61 74 61
641 461 88 93 88
98 522 73 99 91
98 592 49 87 56
98 433 14 27 26
98 108 22 76 55
522 467 52 100 77
522 83 78 82 78
522 576 11 75 48
522 394 38 79 60
592 236 32 80 74
592 384 91 97 97
433 232 53 97 58
433 42 55 92 71
433 155 34 98 49
433 171 13 87 55
433 293 39 71 61
108 222 25 66 34
108 492 86 87 86
99 124 93 100 96
99 444 83 86 85
124 371 31 75 47
124 2 18 61 34
124 103 39 52 39
100 217 16 54 52
100 541 36 57 50
217 9 94 98 98
217 346 37 86 59
101 438 15 28 26
438 213 52 100 68
438 354 40 55 54
104 227 38 83 38
104 445 42 91 91
104 598 51 84 67
227 609 77 82 81
227 132 79 80 80
105 444 87 93 92
105 330 10 49 20
105 83 79 93 88
106 116 10 42 20
106 343 32 84 52
106 663 89 91 91
343 376 22 62 57
343 437 81 92 89
663 204 95 98 96
663 77 39 92 50
663 371 54 71 64
663 586 16 52 25
107 373 94 100 100
222 19 76 87 87
492 644 32 87 84
492 232 95 96 96
492 408 32 98 65
109 236 72 90 83
109 399 25 92 87
399 243 84 90 86
399 252 89 95 95
399 208 78 95 93
110 17 31 74 55
111 481 83 95 94
481 41 29 76 72
481 473 25 45 38
112 476 74 88 76
112 642 26 34 30
113 364 40 73 71
114 410 83 90 87
410 11 71 96 82
115 97 36 81 53
118 176 18 60 59
118 17 45 77 46
118 468 38 90 67
468 393 51 55 55
468 622 93 96 95
119 369 93 99 95
119 561 19 75 42
119 319 10 58 56
369 660 17 54 17
369 203 60 79 67
369 577 78 91 89
561 139 74 86 86
319 663 32 43 34
319 368 73 88 74
120 5 38 47 39
121 393 86 95 93
393 611 28 52 52
393 53 65 72 71
393 118 92 100 97
393 231 37 63 52
122 665 89 90 89
122 327 57 59 59
665 506 45 60 53
665 43 20 46 32
665 404 31 55 36
665 81 25 79 77
327 258 93 94 93
123 222 40 84 57
123 561 29 72 54
123 660 24 55 39
123 49 74 75 75
123 414 33 54 54
660 111 90 100 93
660 61 48 68 63
414 439 53 94 68
371 379 78 79 78
371 356 22 52 23
371 336 44 90 64
125 134 88 100 92
134 344 59 68 60
134 213 77 95 80
134 161 26 81 44
126 219 61 97 63
126 38 66 68 66
126 621 85 98 87
219 64 76 83 79
219 404 45 59 57
621 217 54 77 68
127 76 78 87 85
127 112 44 47 45
127 469 22 66 65
127 203 45 63 55
469 197 75 100 91
469 294 87 92 88
128 362 66 70 66
130 196 78 79 79
130 417 17 82 75
130 318 13 75 31
130 489 40 64 55
130 287 77 90 87
417 317 51 90 84
417 76 25 90 76
318 294 48 58 52
318 247 95 96 95
489 252 42 91 54
489 637 32 68 53
287 649 79 99 96
131 35 15 83 51
131 589 80 81 81
589 358 72 94 75
133 574 46 82 49
574 397 41 68 62
574 117 52 59 54
344 113 86 93 86
161 436 38 39 39
136 522 71 80 72
136 69 38 41 38
136 227 54 72 59
136 509 24 79 48
509 667 76 86 79
137 261 63 64 63
137 79 82 89 85
261 615 38 79 74
139 191 46 49 47
139 174 35 74 43
191 518 90 100 95
191 313 49 78 57
140 368 42 57 52
140 174 10 79 28
140 63 47 63 50
140 121 57 73 66
140 331 31 62 38
368 647 79 99 92
368 489 66 76 71
368 72 91 94 94
331 218 24 91 62
331 654 14 95 49
144 522 24 94 83
144 135 61 85 83
305 398 52 95 65
145 238 57 61 60
238 595 47 88 64
238 473 31 32 32
146 330 93 94 94
147 589 49 75 58
147 602 48 50 48
147 99 24 33 28
147 267 82 90 89
147 177 27 30 29
147 283 13 14 14
602 238 62 95 66
602 155 12 64 21
602 381 37 62 44
267 125 40 89 59
267 151 46 76 60
177 115 13 15 14
283 203 92 96 96
407 388 52 99 66
150 218 36 77 69
150 282 24 50 47
150 435 16 18 18
150 237 59 63 63
150 199 57 96 73
282 439 54 73 67
435 434 19 25 23
435 110 83 99 93
199 340 64 91 80
370 473 52 59 53
370 667 60 78 73
370 644 63 82 68
152 209 37 40 37
152 647 95 99 97
152 19 19 44 22
209 400 37 78 58
647 493 91 92 91
647 373 61 79 70
154 136 94 95 95
154 132 86 94 91
155 46 53 100 63
155 642 77 99 78
155 415 88 96 94
155 579 42 85 83
415 19 44 65 49
488 11 31 45 35
157 534 41 56 44
157 343 54 77 75
157 643 42 99 77
643 546 31 83 68
159 590 39 53 49
159 406 55 72 65
159 48 12 17 13
160 664 81 84 82
160 420 52 75 72
160 214 41 67 53
160 525 22 47 32
420 521 66 69 69
162 236 44 74 57
163 456 59 85 71
163 622 67 80 77
163 434 46 88 79
163 486 33 61 33
456 109 89 92 90
456 515 93 98 97
456 549 95 98 95
622 393 24 87 26
622 615 86 88 87
434 162 42 96 95
434 403 91 96 92
434 10 54 76 73
486 251 76 96 96
486 516 18 79 56
486 582 83 84 84
164 450 12 68 19
164 148 82 89 88
450 70 50 52 51
450 644 16 23 17
165 227 22 65 47
165 548 36 74 58
165 410 37 86 68
548 629 55 82 82
548 292 34 59 50
167 55 82 84 84
167 76 31 70 39
168 500 67 88 76
168 387 87 97 97
168 499 36 84 43
168 495 11 28 22
499 578 31 84 84
499 387 48 50 48
499 545 81 89 83
499 207 23 60 53
169 552 78 87 86
552 223 75 96 83
170 362 83 100 95
170 634 93 97 97
634 657 77 100 93
172 412 37 82 73
172 388 64 70 67
388 109 52 75 54
388 541 79 96 95
388 582 71 75 72
388 129 24 96 46
388 14 44 86 78
388 287 42 89 66
173 1 65 98 69
175 555 21 97 90
175 215 92 94 94
179 135 51 67 61
179 606 80 84 83
265 245 49 96 89
182 213 93 100 98
182 483 59 78 75
483 234 47 80 78
483 306 32 48 43
483 361 90 94 94
483 221 22 35 23
183 525 90 95 90
184 517 33 68 53
184 624 76 80 80
517 480 39 92 71
517 93 49 82 63
517 446 35 60 42
580 160 29 32 31
580 499 30 36 36
186 437 72 98 89
186 503 72 90 79
437 109 34 88 74
437 322 74 96 88
437 152 26 50 27
437 336 63 96 83
503 613 74 92 87
503 653 95 99 98
187 649 28 79 79
187 139 95 99 98
187 180 23 65 26
518 19 25 28 28
518 13 91 100 100
193 119 26 52 52
193 310 89 91 89
193 133 39 40 39
524 314 58 77 70
195 400 32 34 32
422 380 15 97 85
422 83 80 99 97
365 522 53 82 55
340 114 80 99 83
200 160 83 96 87
201 40 61 91 78
506 99 21 84 30
506 195 83 95 91
204 479 54 55 55
479 67 18 85 34
479 517 23 26 26
479 550 77 83 81
205 104 88 96 96
205 55 27 79 63
206 49 79 97 82
206 24 18 24 21
206 276 74 90 89
206 76 82 100 93
320 149 44 90 61
208 430 81 97 92
208 616 13 45 21
430 61 71 82 76
210 491 33 58 44
210 450 58 99 85
211 400 24 86 74
211 632 48 77 68
211 124 15 98 38
211 198 37 45 45
632 376 70 96 96
632 589 94 97 94
632 528 23 76 68
241 381 59 80 66
241 222 55 85 79
241 230 70 78 72
241 445 44 52 46
216 34 24 86 53
216 523 63 92 65
216 596 33 40 40
523 539 79 83 82
346 586 86 92 90
404 22 50 76 74
404 230 82 91 89
220 449 20 75 71
220 562 74 77 77
220 532 88 92 89
449 264 18 25 21
562 123 22 30 29
532 252 42 51 51
221 311 83 91 83
311 109 14 20 19
223 36 60 65 60
223 341 94 99 94
341 345 20 38 23
341 85 62 99 93
628 421 13 90 73
628 410 79 98 90
628 85 28 61 35
446 282 88 90 90
446 474 13 16 15
582 391 65 69 67
228 594 55 91 89
228 7 43 65 63
594 490 83 85 84
594 76 18 61 44
594 247 23 33 24
229 199 78 94 85
229 244 39 50 50
230 290 79 96 90
230 319 44 91 85
290 135 61 81 61
290 309 38 100 46
290 484 89 95 92
231 652 92 98 92
231 661 92 97 93
231 133 38 40 40
231 478 37 44 39
652 536 46 75 48
652 113 94 99 96
652 617 29 32 31
661 653 74 86 79
661 560 10 55 25
478 20 74 97 94
232 388 36 65 48
233 429 15 32 25
233 114 10 44 11
429 466 83 94 88
234 385 47 56 55
234 208 71 86 81
234 637 45 66 56
385 51 43 46 44
637 467 29 68 52
235 434 85 89 85
329 102 84 100 94
595 638 36 95 78
595 318 69 74 72
595 573 46 81 71
473 580 19 55 32
473 50 54 75 64
242 334 58 79 67
242 611 12 55 44
611 392 61 70 65
611 172 76 94 92
243 190 19 23 19
427 325 50 88 60
427 643 40 91 85
245 665 54 99 83
245 193 62 64 63
245 369 48 89 53
246 0 51 88 53
247 642 86 94 93
651 547 15 19 16
251 160 47 58 50
251 400 42 87 73
252 181 72 81 76
252 322 36 53 53
252 638 27 34 34
252 259 59 86 74
322 13 34 75 41
322 92 70 76 73
322 292 94 97 94
322 633 14 43 39
638 485 21 96 52
259 422 53 99 98
259 468 38 40 40
253 622 41 60 55
253 638 39 70 56
253 96 91 92 91
448 518 42 69 47
448 265 72 96 92
255 271 28 40 35
255 317 78 83 82
271 409 44 88 84
317 185 29 55 39
256 541 36 73 52
256 509 85 95 90
257 251 73 94 92
257 212 54 97 77
257 240 83 97 89
258 504 45 67 55
258 274 10 42 34
258 114 90 93 90
504 653 41 71 69
274 143 26 87 44
274 129 29 64 56
260 603 42 82 54
260 170 86 93 92
615 188 62 76 68
615 7 51 89 72
266 305 44 61 60
266 666 22 80 35
266 510 11 31 16
510 353 55 62 59
268 7 60 87 82
275 172 88 93 92
277 516 92 93 92
277 132 63 83 70
516 208 17 61 31
279 140 41 86 80
279 235 76 100 84
280 440 68 69 69
280 99 48 65 59
280 262 91 99 97
439 666 77 87 86
439 552 24 81 41
439 166 84 90 88
285 65 58 87 68
285 515 34 86 56
515 483 48 56 51
288 212 38 74 74
289 417 50 65 51
289 648 69 89 70
289 536 86 92 87
289 196 85 94 85
648 321 57 67 66
536 651 93 96 93
309 536 85 99 94
309 270 76 77 76
484 98 93 100 95
484 10 86 93 92
484 136 25 63 27
484 278 38 74 61
291 404 21 87 84
291 329 71 72 72
291 364 78 100 82
292 492 51 65 62
292 346 55 93 91
293 513 45 55 51
513 156 93 95 95
513 645 28 63 36
513 44 65 84 77
513 151 82 86 86
295 171 39 65 44
297 284 34 67 34
298 119 52 95 95
299 50 59 64 63
300 599 66 76 70
300 49 92 94 94
599 470 14 22 18
301 156 75 80 80
304 396 24 30 27
396 298 95 99 98
398 287 90 98 90
306 378 72 93 93
306 131 51 88 74
306 551 41 60 55
306 572 50 62 51
378 1 94 95 95
378 123 67 68 68
378 422 11 80 55
378 79 39 88 40
378 144 31 52 52
572 656 54 100 84
307 227 75 76 76
307 217 48 62 60
382 400 14 80 48
382 71 52 89 72
382 615 13 27 15
382 320 27 40 31
315 174 59 84 65
315 536 26 84 37
315 239 94 99 97
316 553 73 76 75
316 313 61 87 65
316 544 84 92 85
553 228 22 31 28
553 657 41 80 42
553 517 78 88 81
544 190 22 45 24
544 330 32 62 55
321 58 95 97 97
323 266 80 92 82
323 306 25 86 51
324 77 10 33 10
324 155 16 21 18
324 88 17 56 51
324 177 83 98 85
325 334 16 84 37
328 281 93 98 94
353 298 46 53 53
353 85 70 91 84
654 354 20 32 23
654 365 83 92 92
654 509 43 97 79
654 104 40 81 50
654 136 64 73 66
332 257 85 93 87
332 664 25 29 29
333 391 67 69 67
391 640 41 80 58
335 531 55 85 55
335 308 40 52 51
531 1 29 43 33
336 659 32 95 80
336 209 33 58 39
336 107 48 66 62
659 70 41 56 44
659 171 14 64 56
337 255 15 51 47
337 639 32 88 61
337 408 25 70 25
408 620 93 99 96
408 24 13 58 22
338 314 59 74 63
338 15 80 84 82
339 409 66 88 87
339 551 44 57 50
345 119 75 82 81
345 56 78 83 79
376 488 12 16 13
376 166 26 45 40
351 383 87 90 87
351 186 36 98 83
351 558 75 83 80
351 230 77 98 95
355 343 21 75 66
356 335 80 82 82
356 90 51 82 67
357 294 11 93 90
653 1 87 90 89
653 130 57 98 84
653 268 85 98 91
653 313 31 69 41
359 445 66 70 70
360 317 82 84 82
360 112 47 63 61
501 405 74 84 78
501 470 92 99 95
501 246 89 100 96
366 88 76 95 87
577 290 25 97 91
667 345 75 98 94
379 457 62 76 75
379 645 14 61 46
379 308 95 97 95
372 183 91 98 96
374 522 67 100 97
374 628 73 94 80
374 585 24 60 35
645 0 29 57 41
384 543 10 82 69
384 564 64 79 64
384 574 48 85 56
543 417 23 93 71
543 547 81 83 81
543 306 75 89 87
543 418 78 91 86
564 496 43 49 48
564 536 56 79 67
389 105 46 64 60
389 318 64 89 69
390 643 76 88 79
390 179 57 63 57
390 566 20 98 50
566 605 63 95 94
640 93 18 24 21
392 115 56 93 56
392 481 31 37 34
392 28 41 90 61
392 214 51 84 84
394 634 77 96 88
394 0 34 94 85
397 288 60 65 61
397 106 64 95 72
401 159 25 76 73
568 266 54 74 60
568 650 29 93 35
403 191 44 45 44
403 640 84 99 89
403 648 72 93 85
411 21 52 74 53
411 644 66 81 78
411 379 15 26 23
413 565 93 96 96
413 441 13 31 15
413 376 43 79 79
565 195 19 94 36
565 158 20 49 34
565 410 36 42 36
565 337 93 100 100
565 235 61 91 89
418 91 13 28 28
521 292 80 87 84
521 533 38 75 54
421 503 13 93 57
421 98 91 93 92
423 504 39 98 90
423 216 69 80 69
425 578 78 100 88
425 115 41 87 70
425 419 35 36 36
428 42 85 91 87
428 210 74 81 75
428 107 28 58 31
428 489 18 50 43
428 520 49 52 52
520 476 59 62 60
520 512 93 98 97
466 314 94 95 94
466 132 24 68 63
432 352 88 100 98
432 343 60 82 64
432 598 27 56 37
453 121 76 92 90
453 507 60 95 63
442 306 90 93 92
442 565 39 58 46
443 218 49 95 79
443 565 55 84 59
443 480 37 98 69
480 241 32 62 39
480 32 53 67 61
474 479 11 88 79
474 155 85 99 94
451 199 33 83 66
451 601 42 94 89
451 433 46 53 49
451 179 20 93 75
601 477 24 91 80
601 136 93 98 96
452 238 77 80 79
452 361 89 91 90
452 78 46 83 70
507 405 10 46 45
507 445 11 100 69
507 24 33 50 42
581 226 66 68 68
458 440 27 62 31
458 242 91 95 92
459 371 60 85 70
460 194 61 83 79
460 192 80 92 85
460 489 77 98 96
461 631 41 73 53
461 469 39 85 65
631 283 46 75 73
631 321 35 41 40
631 561 66 71 71
462 380 68 78 77
462 373 56 59 59
467 248 21 22 21
467 514 46 87 72
467 189 83 93 91
467 548 15 94 92
472 445 22 81 73
475 273 66 90 80
475 587 89 99 99
475 251 88 89 88
477 56 50 68 58
477 478 53 94 76
477 252 53 55 53
477 308 73 100 81
477 655 64 65 64
477 156 24 66 29
482 579 10 20 16
485 178 59 80 64
485 452 56 58 58
490 46 61 86 77
490 576 18 100 90
576 419 88 90 90
576 348 45 62 51
493 40 79 81 81
494 266 26 61 52
494 614 17 51 18
494 506 41 53 42
614 461 61 95 70
496 642 54 66 57
497 423 26 69 50
497 258 51 96 78
497 269 48 78 71
497 465 45 78 62
497 393 65 98 85
498 130 78 93 89
498 45 82 88 88
545 9 78 88 86
502 177 54 82 72
502 88 38 45 40
613 171 21 29 26
613 413 95 96 96
626 153 70 99 97
626 85 11 99 85
657 629 20 95 58
657 620 85 88 87
526 461 78 79 78
526 625 45 82 52
527 616 78 88 81
527 654 69 93 79
528 510 57 81 63
529 94 86 100 97
530 2 51 85 68
530 484 12 48 32
530 3 17 93 29
535 122 35 47 35
538 575 36 44 39
538 72 10 13 10
538 194 28 65 55
575 509 42 43 43
575 169 46 71 67
575 166 84 97 89
575 334 32 50 44
575 232 87 95 93
542 154 34 86 74
547 535 92 95 93
547 33 54 56 54
547 532 90 98 92
547 118 11 42 19
591 156 73 84 74
591 608 46 65 64
591 582 36 50 47
557 67 71 77 71
559 401 23 26 24
559 236 50 86 67
563 521 76 87 80
563 206 23 79 43
567 599 66 70 66
567 571 14 35 22
569 662 18 58 45
569 278 23 48 47
569 452 26 46 33
662 92 76 95 94
573 146 87 99 98
597 617 65 66 65
617 475 34 96 60
617 543 29 94 70
617 471 62 97 80
607 240 27 95 28
610 335 79 85 85
610 133 45 49 47
612 650 31 50 47
612 556 20 50 36
618 74 41 91 81
618 442 30 82 68
627 167 22 68 51
635 590 32 83 73
646 172 51 100 76
658 384 95 100 98
0 667
