83 250
0 47 15 29 26
0 44 80 100 92
0 11 15 56 23
47 72 26 35 34
47 69 49 70 50
47 50 17 74 36
44 82 44 60 55
44 56 62 79 71
44 31 84 90 88
44 55 51 93 72
11 55 72 79 76
11 64 74 84 82
11 44 65 86 75
1 63 49 51 51
1 36 23 54 39
1 18 26 89 60
1 68 39 43 39
63 22 57 70 59
63 81 95 100 99
36 71 66 70 70
36 59 60 74 64
18 81 12 95 83
18 62 93 100 96
18 53 56 79 69
68 76 26 43 41
68 73 58 89 70
68 44 16 22 21
2 60 75 84 83
2 35 15 46 45
60 23 36 69 68
60 32 50 92 76
35 14 95 97 97
35 34 83 100 86
35 53 92 99 98
3 79 77 89 78
3 41 88 100 89
3 39 42 77 57
3 25 88 89 89
3 29 51 75 51
3 2 81 91 86
3 8 48 79 68
3 26 82 87 82
41 27 56 59 59
41 80 84 96 92
41 78 90 96 95
39 25 94 96 94
39 27 64 72 69
39 35 61 88 83
39 12 55 86 60
39 73 90 99 93
25 34 10 36 14
29 37 37 84 74
29 67 74 99 79
29 20 77 84 80
8 57 27 56 55
8 47 29 59 39
26 2 65 68 66
26 53 76 97 94
4 41 24 46 43
4 72 14 15 15
4 57 25 33 25
72 64 20 98 87
72 32 69 73 71
72 82 85 88 85
72 71 10 21 19
57 67 41 75 45
57 74 41 56 49
5 28 22 48 46
5 57 61 64 61
5 77 52 68 53
28 23 37 76 67
28 11 17 71 48
77 20 61 95 80
77 74 44 76 73
77 27 81 82 81
6 32 12 23 22
6 27 27 69 52
6 20 70 81 78
32 39 70 100 99
32 79 63 70 67
27 12 47 79 50
27 6 81 82 82
27 38 81 89 88
20 56 34 88 54
20 21 11 63 32
20 9 33 90 79
20 23 47 56 49
7 20 48 96 74
7 21 26 65 30
7 9 17 70 35
21 12 41 100 96
9 15 36 97 74
15 28 84 100 95
15 36 56 70 67
15 5 20 84 25
15 67 50 75 66
15 75 31 44 37
15 47 21 36 28
15 44 89 94 91
10 42 22 33 26
10 55 84 88 87
10 45 36 70 68
10 30 63 91 80
42 72 44 75 44
55 27 16 20 20
55 21 28 88 84
55 30 18 59 47
45 82 21 43 23
45 14 21 38 36
45 26 75 86 85
45 35 17 86 64
45 81 34 90 74
30 32 27 87 53
30 6 10 37 32
30 15 80 82 82
30 61 10 36 23
30 22 25 45 45
30 49 92 93 93
64 27 86 94 91
64 57 54 71 60
64 78 23 40 26
64 43 83 96 88
64 77 61 84 84
64 79 35 83 54
12 66 85 98 98
12 78 40 92 67
12 48 68 72 71
66 44 94 99 96
66 76 92 96 95
66 26 11 91 13
78 64 72 84 74
48 74 84 91 90
48 51 36 71 65
13 72 31 55 34
13 16 74 90 80
13 50 76 84 81
13 82 69 89 88
16 82 16 93 43
16 43 48 79 56
16 53 42 72 60
16 31 89 90 90
16 55 62 92 83
16 20 10 63 62
16 52 20 63 38
50 79 55 62 59
50 49 30 45 39
82 8 85 99 93
82 39 66 75 68
14 52 32 38 35
52 73 10 91 74
52 53 62 72 66
52 75 76 87 83
67 49 40 63 60
67 4 60 96 77
67 30 47 61 60
75 82 56 89 56
75 68 79 99 87
43 40 34 60 49
43 18 22 28 25
43 6 75 89 76
43 17 29 69 49
53 65 14 67 23
53 45 73 83 80
53 36 10 16 13
53 46 67 98 67
31 65 61 92 69
31 27 15 50 21
31 32 59 98 78
81 57 87 94 89
81 63 52 80 63
62 26 17 89 20
62 8 76 83 82
62 19 88 95 92
62 53 39 88 69
62 16 71 95 84
62 12 22 65 23
62 41 54 94 69
19 17 28 49 35
19 64 79 85 85
19 1 79 88 88
19 54 56 74 68
19 7 90 91 91
19 60 94 98 95
19 11 47 59 53
54 6 75 100 97
54 32 21 99 71
54 35 29 57 53
56 68 49 96 95
56 4 45 75 71
56 52 31 40 38
23 42 10 89 86
23 12 80 84 81
23 2 11 60 57
22 75 71 73 71
22 38 26 66 52
38 24 65 97 90
38 11 54 83 65
24 64 60 93 67
24 1 29 70 31
24 23 84 96 88
34 45 44 89 78
34 69 55 78 77
34 35 21 37 24
34 80 60 72 60
34 24 91 100 94
37 74 21 80 40
37 53 58 79 74
37 17 35 39 35
61 43 94 96 96
61 63 92 94 94
61 68 72 81 74
61 36 41 55 49
49 65 24 90 84
49 77 19 97 62
65 82 16 39 25
65 1 89 90 90
33 23 41 100 57
33 17 74 79 79
80 41 93 99 95
71 65 36 67 60
71 56 92 99 92
59 55 32 97 95
59 71 40 99 98
74 9 83 88 85
74 71 48 55 55
74 32 49 58 50
74 65 63 73 68
73 2 50 94 78
73 57 52 74 64
73 69 55 99 83
40 49 60 73 72
40 80 15 41 34
46 59 95 96 96
46 60 10 29 29
46 38 14 84 38
51 11 89 100 95
51 13 13 80 51
51 29 48 63 49
51 31 75 86 80
51 77 74 81 81
51 65 52 91 76
58 33 63 67 65
58 66 53 56 56
58 51 90 99 99
58 80 58 72 65
76 41 46 57 50
76 19 24 41 38
70 52 60 72 71
70 47 35 97 70
70 50 26 54 27
0 82
