1493 4700
0 954 86 92 92
0 1327 35 98 81
0 437 75 79 75
0 884 72 75 73
0 1232 67 86 80
0 1367 74 98 75
954 907 49 60 58
954 82 28 93 52
954 1389 74 94 78
1327 1365 72 76 76
1327 620 55 63 56
1327 70 11 24 22
1327 1258 58 99 90
1327 484 44 87 86
1327 821 20 23 23
437 670 85 86 86
437 271 79 89 81
437 871 72 86 76
437 1234 72 88 78
437 1441 55 71 56
437 1058 67 86 86
437 1230 18 30 21
437 1162 55 89 80
884 11 61 80 74
884 436 14 15 15
884 1447 47 78 60
1232 251 94 95 94
1232 1114 23 88 86
1367 1152 12 52 37
1 444 71 76 71
1 465 58 85 81
444 339 37 63 39
444 128 86 93 90
465 392 94 97 95
2 1388 65 87 81
2 255 20 91 72
2 735 14 44 44
2 1156 32 53 46
1388 551 84 92 90
1388 441 16 62 35
255 1185 73 80 76
255 205 46 82 70
255 37 25 80 48
255 1089 56 79 60
255 574 45 83 47
735 715 83 86 85
735 666 35 80 38
735 342 20 51 22
735 953 39 87 78
1156 1100 94 95 94
1156 873 20 65 24
1156 836 11 84 59
1156 871 82 98 91
1156 1192 11 83 70
3 275 51 85 85
3 241 27 73 47
3 1036 64 72 71
275 1124 47 86 66
275 1203 21 74 50
241 1149 28 64 54
241 1416 32 95 43
241 119 31 55 50
241 1058 74 88 82
1036 256 82 99 95
1036 331 20 56 51
1036 1462 61 81 62
1036 728 10 65 63
1036 497 14 50 43
1036 162 13 96 96
4 1094 42 43 42
4 899 65 78 73
4 1100 65 95 86
4 1186 38 72 70
4 1407 15 39 35
1094 1277 40 51 46
1094 24 35 69 40
1094 298 31 90 36
899 1221 45 95 68
899 1059 68 88 80
899 469 54 67 57
899 64 28 69 49
899 871 95 96 96
899 204 85 90 87
1100 67 80 95 93
1186 416 62 98 68
1186 557 19 53 44
1186 1251 62 67 63
1407 705 77 97 80
1407 1059 50 74 68
1407 1153 87 97 93
5 1257 73 89 74
5 224 15 77 49
5 497 14 44 21
5 853 77 91 86
5 421 49 54 52
1257 734 29 94 63
1257 170 77 89 88
1257 858 88 92 89
1257 605 69 87 76
224 1370 43 93 82
497 1256 10 98 65
497 1070 54 86 73
497 536 78 79 78
497 1376 51 94 56
853 269 30 81 72
853 171 72 73 73
853 34 12 45 33
853 390 93 94 94
853 154 95 98 98
421 250 94 95 94
421 1186 84 90 85
421 949 71 95 86
421 490 46 76 67
421 760 58 80 65
6 1055 68 92 77
6 151 13 35 17
1055 90 63 67 65
1055 725 67 78 74
1055 1128 71 73 72
1055 595 58 71 60
151 20 60 87 84
151 1464 93 98 93
151 367 34 51 35
151 557 83 98 89
8 731 13 40 23
8 412 17 96 83
8 19 18 53 40
8 1405 73 88 77
731 1409 66 90 85
412 455 62 76 68
412 387 78 88 82
412 837 45 66 46
19 1416 47 90 59
19 648 88 99 95
1405 743 10 71 33
1405 1075 91 95 93
1405 185 39 50 45
9 1114 26 79 64
9 1047 24 75 26
9 432 49 54 52
1114 354 13 99 32
1114 138 30 67 30
1047 147 23 77 71
1047 1293 67 92 79
1047 1315 28 76 61
432 590 57 58 58
432 416 46 56 54
432 1219 20 37 24
10 44 57 98 96
44 644 36 85 46
44 992 59 87 76
11 1259 43 57 53
11 584 21 55 46
11 1324 79 86 80
11 1150 10 53 24
11 389 39 58 39
11 804 23 93 87
1259 152 52 71 66
1259 1322 16 77 37
1259 227 60 74 73
1259 738 92 97 92
584 714 20 57 50
584 222 75 96 75
584 798 15 85 17
584 931 51 55 51
584 1265 43 100 92
1324 1254 31 79 34
1324 23 85 95 91
1324 1219 53 85 64
1324 1180 49 78 54
1324 977 19 79 21
1324 162 36 48 47
1324 397 66 80 71
1150 1145 34 44 35
1150 824 52 91 85
1150 33 41 85 59
389 1347 14 59 54
389 193 45 84 45
389 621 36 92 83
804 233 25 69 45
804 130 35 100 87
804 436 79 99 92
12 1289 85 97 93
12 1365 91 94 91
1289 832 35 72 54
1289 505 17 30 30
1289 96 22 53 33
1365 818 80 92 89
1365 711 47 59 48
1365 1166 71 76 73
13 1188 36 57 53
13 676 81 89 81
13 1115 25 97 36
13 200 61 79 74
1188 1409 58 60 60
1188 815 68 70 69
676 879 42 89 87
676 295 28 49 44
1115 637 50 73 67
1115 4 76 82 76
1115 1244 49 86 52
200 743 77 91 88
200 955 30 77 49
200 209 85 100 97
14 866 79 85 83
14 740 65 90 76
866 762 53 97 95
866 1292 69 99 71
740 1146 63 84 81
740 251 46 72 49
740 766 20 22 20
15 1230 12 59 58
15 1433 63 77 64
15 1095 82 92 91
15 1443 33 93 44
1230 525 69 96 87
1230 136 24 48 33
1230 1302 38 85 48
1230 1441 39 68 39
1230 351 69 73 72
1433 270 58 79 69
1433 133 13 96 42
1433 575 91 96 91
1433 344 35 69 65
1433 174 55 76 55
1095 1337 16 32 19
1095 135 95 98 96
1095 1103 47 61 48
1095 181 45 74 46
1095 363 89 93 90
16 421 43 69 51
16 1206 12 24 16
16 1158 47 100 75
16 46 24 84 73
1206 630 77 79 78
1206 403 65 68 67
1206 469 36 61 60
1158 776 33 91 36
1158 290 92 99 92
1158 1047 82 98 84
1158 1012 20 21 20
1158 590 37 66 45
46 682 30 37 31
46 782 30 45 32
46 508 90 94 94
17 697 85 93 92
17 61 81 94 82
17 1274 15 84 50
17 690 66 83 79
17 658 84 86 85
697 1094 69 89 84
61 1154 57 72 69
61 670 41 50 49
61 249 39 60 41
61 945 38 99 43
1274 1369 69 100 95
1274 318 64 94 77
1274 79 93 100 100
1274 813 87 91 90
690 1435 88 97 91
690 1234 45 71 69
690 107 20 72 55
690 649 56 59 58
658 501 93 97 94
18 964 55 96 56
18 545 66 78 66
964 966 16 75 68
964 838 41 69 42
964 91 24 94 29
545 1250 34 90 50
1416 393 89 99 93
1416 555 84 89 84
1416 587 41 95 66
1416 1029 35 84 51
648 26 66 68 68
648 137 22 44 30
648 476 89 95 94
648 578 29 44 41
648 634 83 97 87
20 389 75 77 76
20 985 13 37 14
985 673 64 100 90
985 242 36 70 67
985 1333 71 73 72
985 40 67 81 81
21 1 87 98 95
21 28 86 89 86
21 595 61 85 76
28 1129 83 87 85
28 1475 51 87 83
28 35 20 82 53
28 1338 49 88 76
595 771 55 84 68
595 1349 89 99 96
22 1346 15 17 15
22 5 26 47 33
22 718 53 68 60
22 841 74 98 81
22 380 29 61 29
1346 195 41 53 51
718 1146 67 98 86
718 273 62 92 80
841 31 51 69 56
841 1225 14 54 25
841 1452 73 81 79
841 400 28 59 44
23 367 44 99 74
23 1188 11 29 27
23 881 47 70 49
23 444 85 98 95
367 589 53 54 53
881 1459 21 84 60
881 1270 85 87 86
881 890 17 46 23
24 787 73 80 77
787 34 83 90 90
25 510 61 96 74
25 1178 63 74 63
25 647 11 57 45
25 1375 37 88 54
25 888 53 58 58
25 283 13 27 17
25 1363 52 54 54
510 995 74 81 74
510 970 63 91 78
510 1171 90 94 93
1178 323 24 73 35
1178 603 65 72 65
1178 255 93 96 96
647 345 82 94 82
1375 1181 93 100 94
1375 1221 92 100 94
1375 1199 72 73 72
1375 992 36 38 36
888 196 82 86 85
888 1039 61 80 74
888 1088 42 72 64
888 1021 72 88 84
283 1153 65 85 84
283 1051 19 38 38
1363 624 68 69 69
1363 523 14 60 18
26 1111 67 77 70
26 869 61 90 74
26 1139 19 86 38
26 373 92 99 99
26 417 90 100 95
26 698 77 94 87
1111 517 40 86 55
869 864 73 87 86
869 917 73 78 77
869 1438 73 85 83
869 604 75 85 83
1139 42 51 97 54
1139 793 48 84 54
1139 313 57 85 66
1139 1162 32 83 38
373 358 94 97 96
373 4 92 95 93
373 513 49 77 67
698 445 21 67 25
698 820 13 89 43
27 506 27 66 50
27 845 71 75 73
27 1261 80 82 81
27 1297 56 63 56
27 67 86 100 94
506 1004 80 89 86
506 773 62 91 71
506 1081 15 38 19
506 1323 73 88 86
845 366 34 56 35
845 1200 81 94 94
1261 896 37 69 59
1261 1205 25 86 48
1261 1487 43 65 49
1261 1249 29 65 36
1297 333 81 97 89
67 1059 17 48 22
67 244 13 26 18
67 135 22 44 23
1129 957 55 56 55
1129 960 63 70 66
1129 979 47 99 73
1475 1078 57 74 65
1475 184 46 84 50
1475 1364 63 88 65
1475 1335 22 97 89
35 427 81 86 85
35 1053 94 99 96
1338 381 13 28 28
1338 532 66 93 76
29 263 92 93 93
29 1028 84 98 85
29 1298 50 60 50
29 1468 14 22 21
29 274 47 84 64
29 491 40 58 44
263 916 77 85 79
263 706 20 85 75
1028 767 71 94 78
1298 60 78 80 78
1298 972 93 96 95
1298 68 90 99 93
1468 616 95 97 96
274 17 22 96 76
274 569 25 43 42
491 827 34 94 47
491 621 91 93 93
491 796 18 65 28
30 192 56 57 57
192 1078 73 98 91
192 458 56 86 78
192 778 11 32 19
192 36 26 90 66
31 81 17 73 48
31 1357 67 83 73
31 785 39 48 44
81 1150 54 85 66
81 1393 51 68 65
1357 843 64 82 81
1357 660 41 62 55
785 1404 33 47 38
785 85 95 96 95
785 443 42 97 75
32 773 15 30 17
32 875 29 86 38
32 167 47 90 59
32 521 89 90 89
32 1414 24 69 64
875 802 74 76 74
875 1421 63 72 63
875 1116 10 59 16
167 1467 46 86 47
167 439 86 89 89
167 1191 67 69 68
521 1270 29 53 34
521 89 69 90 70
521 474 72 87 86
1414 277 88 98 90
1414 996 65 74 67
1414 1019 77 83 81
33 361 86 100 96
33 284 28 97 63
361 1460 62 90 88
284 506 11 65 46
284 170 63 66 66
284 487 35 75 62
284 1160 80 88 81
284 962 30 40 40
34 1310 14 46 22
34 424 37 45 42
34 73 56 88 67
34 1305 70 89 76
34 342 86 95 94
34 1244 45 100 50
34 478 12 77 47
34 877 52 91 58
34 1119 76 94 84
34 1039 58 97 82
34 1294 26 97 67
34 1133 17 84 46
34 1147 91 100 98
1310 1330 73 97 78
1310 268 88 99 98
1310 818 28 30 30
424 1332 25 65 43
73 504 74 90 84
73 661 23 74 68
73 40 31 58 53
1305 705 23 35 35
1305 670 22 70 24
1305 786 76 87 87
1305 1358 74 78 76
342 771 40 57 49
342 599 30 96 40
342 564 95 98 98
1244 663 91 98 91
1244 982 12 16 14
1244 1407 71 78 74
1244 233 48 86 48
877 1002 75 91 81
877 442 61 94 75
877 622 43 79 56
877 277 64 90 70
877 354 26 28 27
1119 1490 28 93 77
1119 927 65 86 69
1119 855 90 99 90
1119 852 52 61 61
1119 589 85 99 98
1039 409 77 99 82
1039 222 23 78 37
1039 971 45 67 66
1039 984 62 93 88
1039 1380 65 87 79
1039 999 41 91 50
1294 1008 24 79 57
1294 232 12 87 50
1294 334 32 60 40
1133 1011 63 77 72
1133 571 68 88 74
1147 373 17 67 47
1147 1024 65 71 70
1147 1361 13 97 15
427 241 69 80 80
427 883 76 79 78
1053 310 37 59 55
1053 16 24 51 46
1053 205 52 97 68
36 409 85 100 93
36 181 22 28 23
409 654 71 83 73
181 1284 46 59 55
181 941 15 38 16
181 539 32 63 47
37 780 83 93 87
37 825 84 86 84
37 653 39 66 48
37 1131 88 98 96
780 30 84 100 92
780 1393 38 56 48
825 240 52 85 79
825 659 91 93 91
825 1437 17 86 26
825 1207 48 82 49
825 172 81 89 89
825 161 19 88 37
825 1084 42 83 54
653 1178 94 97 95
653 854 67 85 73
653 71 64 75 68
653 923 82 83 82
1131 58 12 63 46
1131 396 75 90 90
1131 596 53 61 55
38 494 35 48 42
38 418 85 88 88
38 662 45 51 49
38 110 77 100 82
38 139 78 80 78
38 91 27 86 84
494 841 69 98 89
418 998 59 76 69
418 711 75 98 78
418 693 63 87 83
418 169 36 89 43
662 836 21 41 34
662 1064 23 68 63
662 389 39 80 61
662 1419 37 64 62
662 845 30 48 41
110 932 22 47 25
110 565 10 28 23
139 1422 93 96 94
139 546 40 48 44
139 934 40 100 81
139 478 77 95 94
139 1265 62 64 64
139 1403 59 71 69
139 1251 60 82 74
139 586 47 78 68
91 1397 40 51 45
91 1424 56 61 59
39 1308 20 29 22
39 970 29 35 34
39 784 90 97 97
39 365 14 27 21
1308 1392 72 89 74
1308 781 66 73 73
1308 348 66 94 84
1308 1453 33 86 47
1308 1413 75 97 94
1308 535 59 91 69
1308 56 11 59 51
970 652 49 86 60
970 149 37 46 39
970 1416 32 34 33
784 1390 69 93 76
784 1268 64 90 72
784 158 47 91 60
40 317 33 68 55
40 1043 55 60 57
40 1040 57 88 85
40 972 79 82 81
40 1485 73 90 78
40 821 16 83 52
40 651 10 37 32
317 1010 33 50 42
317 1328 64 77 64
317 703 44 69 48
317 811 18 58 47
317 152 53 61 59
317 738 37 100 85
317 426 13 42 13
317 1283 87 88 88
317 1403 25 64 48
317 800 27 99 94
317 127 38 69 51
972 1090 17 89 51
972 791 20 84 62
972 1310 29 40 29
1485 1410 54 57 57
1485 1105 59 74 72
1485 459 77 98 95
1485 834 28 29 28
821 1080 24 94 29
821 768 38 63 58
651 825 81 99 82
651 1270 62 85 70
41 104 33 44 34
41 608 19 65 50
104 1469 44 91 77
608 898 81 95 92
608 902 68 75 69
608 110 18 35 33
42 1088 76 79 79
42 196 94 95 94
42 1079 38 47 39
42 599 46 61 46
42 272 38 87 72
1088 615 62 78 62
1088 649 83 99 93
1088 1165 80 86 84
1088 1468 44 66 47
1088 92 21 83 63
196 1418 87 100 89
196 1215 37 91 62
196 1109 34 76 57
196 1268 90 92 91
1079 1392 57 62 61
1079 653 92 96 96
1079 550 91 100 98
599 244 25 99 71
599 919 49 57 51
599 546 44 45 44
599 1211 35 86 82
272 1294 78 98 90
272 1190 78 93 84
43 1264 54 96 91
43 648 48 55 54
1264 807 46 50 48
1264 991 66 87 68
1264 729 31 44 31
644 1423 73 80 80
644 909 35 45 42
644 66 19 93 36
644 501 15 36 34
644 1237 63 93 67
992 5 22 63 46
992 615 63 100 83
992 129 17 60 57
992 1436 61 85 84
45 301 88 95 90
45 665 20 26 26
45 1367 56 99 73
45 69 86 88 87
301 287 49 70 49
665 161 12 86 85
665 998 36 59 57
69 823 22 37 32
69 706 83 89 87
69 132 91 94 94
69 802 54 64 63
682 125 44 48 46
682 932 25 95 59
682 404 57 62 59
682 622 44 68 65
682 937 78 100 92
682 632 15 24 16
682 213 56 94 88
782 1058 72 96 78
782 211 45 55 48
782 787 67 100 68
508 639 60 91 71
508 844 71 88 83
508 341 68 86 81
47 912 48 84 70
47 1240 28 40 30
47 737 19 61 21
912 151 39 92 71
912 940 87 92 89
1240 1251 92 99 95
1240 169 75 77 76
1240 972 22 55 25
737 770 57 97 88
737 98 84 86 85
48 808 14 61 39
48 984 75 99 84
48 688 89 91 90
808 1211 65 70 69
808 910 79 85 82
984 1042 82 91 82
688 925 78 96 86
688 128 62 98 70
688 106 77 83 80
49 1360 11 77 70
49 1070 12 75 63
49 131 51 81 57
49 277 78 100 92
1360 1309 13 39 26
1360 1193 74 89 87
1360 245 41 50 46
1360 1010 16 20 17
1360 817 88 91 90
1070 1272 36 84 57
1070 276 56 60 57
1070 573 55 68 68
131 1165 78 93 83
131 892 55 97 65
277 1332 33 94 36
277 783 84 85 85
50 1154 71 82 80
1154 866 39 66 48
1154 120 26 74 53
1154 214 79 81 81
1154 432 95 96 96
1154 306 11 67 49
1154 147 78 86 79
1154 435 76 98 91
1154 1379 94 97 94
51 548 31 97 71
51 453 24 31 24
51 1019 16 64 21
51 709 52 60 56
548 573 77 82 80
548 597 78 100 83
548 1374 11 83 38
453 1135 35 79 61
453 1255 51 88 81
453 780 69 100 83
1019 1335 52 76 58
1019 489 88 98 96
709 1310 66 79 70
709 259 74 100 98
709 1466 31 42 33
52 1380 40 78 69
52 20 68 77 73
52 1414 91 93 93
1380 176 67 98 76
1380 284 25 46 31
1380 374 59 86 61
53 489 37 91 87
489 635 80 88 80
489 959 13 40 31
489 73 21 51 49
489 114 48 71 53
54 697 10 79 79
54 1143 88 91 91
54 100 95 97 97
54 1341 83 89 89
1143 1138 20 100 31
100 215 14 58 51
100 628 41 75 49
100 359 61 90 80
1341 1403 66 78 72
1341 1283 58 99 94
1341 255 45 46 46
55 428 12 18 13
55 125 26 47 46
55 964 64 99 94
55 300 35 42 35
428 857 95 96 96
428 1368 54 72 67
428 227 82 86 84
428 405 59 95 90
300 142 89 95 91
56 783 91 93 91
56 1276 74 98 92
783 99 36 71 54
783 362 22 49 37
783 591 59 97 79
783 193 14 90 35
1276 1011 64 91 84
1276 450 18 86 51
1276 990 85 90 90
57 695 13 47 24
57 1459 52 63 54
57 991 43 87 52
695 137 20 90 26
1459 307 63 73 68
1459 1394 69 84 79
1459 514 74 75 75
1459 690 35 51 39
1459 26 41 42 42
991 1444 63 89 72
991 1256 89 100 93
991 998 87 93 91
991 1310 42 54 46
58 810 40 50 45
58 1472 63 81 74
810 731 37 77 38
1472 1446 31 67 65
1472 561 12 21 19
1472 506 15 62 44
1472 1443 33 44 42
1472 20 23 88 26
1472 207 60 61 60
59 1126 31 57 32
59 49 51 70 69
59 681 27 59 56
1126 505 68 73 72
681 1492 13 19 13
681 470 43 51 44
681 1152 22 50 50
681 1021 42 58 52
681 843 18 91 70
681 1293 41 83 56
681 1081 33 71 64
60 579 31 47 47
60 1384 17 21 20
60 747 83 94 91
579 749 12 49 40
579 673 79 98 94
579 489 82 89 89
1384 878 76 94 81
1384 526 75 94 86
747 678 28 71 55
747 1152 11 88 74
670 566 79 89 81
670 903 92 96 92
670 19 35 85 43
670 1246 48 66 57
670 6 45 79 62
670 530 34 61 52
670 587 51 93 88
670 579 42 65 42
670 239 25 46 25
249 934 37 68 45
249 1340 23 90 47
945 1121 24 72 47
62 671 33 71 43
62 1379 82 91 91
671 1166 51 91 83
671 943 70 71 71
671 916 71 82 73
671 938 47 66 51
1379 182 57 89 65
1379 6 58 70 65
1379 623 25 37 26
1379 1266 57 58 57
63 896 88 94 91
896 1046 44 99 80
64 370 37 93 74
64 884 72 76 72
370 955 33 78 61
65 952 24 72 50
65 1045 37 62 57
65 841 25 46 40
65 1176 30 43 30
65 341 40 94 50
952 1396 15 19 18
952 1077 12 67 13
952 239 25 30 26
952 640 75 76 76
952 77 77 93 77
1045 783 28 83 62
1045 391 64 90 75
1045 1000 38 66 52
341 867 71 89 75
341 94 87 98 87
341 777 71 98 73
66 591 56 91 77
66 789 68 76 72
66 1052 53 92 65
66 1001 27 68 41
591 525 22 23 22
591 1467 88 94 90
591 1477 77 88 80
591 813 51 99 57
591 675 43 47 45
591 768 34 82 72
789 901 14 68 49
789 1138 41 56 46
1052 1169 57 74 67
1052 1307 52 68 62
1001 715 10 32 24
1001 744 40 56 50
244 1005 24 81 55
244 460 16 81 56
244 1004 69 93 91
244 284 85 89 86
135 283 74 95 90
68 880 16 78 73
68 1124 75 89 83
68 476 37 88 80
880 1314 21 37 31
880 533 82 95 93
880 61 59 78 73
1124 1479 32 98 86
1124 471 94 100 95
1124 1229 67 99 83
476 737 62 87 62
476 1427 46 49 47
476 519 49 74 72
823 432 40 42 41
823 16 25 32 26
823 1019 57 76 69
823 287 17 87 57
706 508 67 79 67
706 312 84 87 86
706 1259 61 88 88
706 1209 29 90 90
706 1015 38 71 53
132 1017 18 93 66
132 594 32 38 32
132 545 32 67 61
802 1242 81 98 90
70 62 65 74 68
70 110 60 73 73
70 1350 33 90 61
70 1071 59 76 65
70 300 32 67 58
70 667 13 68 42
1350 39 28 71 54
1350 1224 57 84 67
1350 1191 46 47 46
1350 750 56 87 83
1350 1004 45 79 62
1071 1181 61 87 67
1071 30 16 46 26
1071 422 40 53 46
1071 314 55 56 56
1071 17 80 91 91
667 319 55 75 75
667 955 85 92 92
667 1376 25 31 30
667 1011 39 44 40
71 1361 56 91 65
71 583 86 92 92
71 932 55 90 89
1361 1027 89 98 98
1361 1340 29 84 76
583 79 47 94 81
583 1337 67 69 68
583 121 62 76 66
583 630 20 39 23
583 949 72 84 84
583 814 33 49 49
932 479 91 94 93
72 1276 95 98 97
72 146 21 68 27
72 1247 28 30 29
72 475 47 67 61
72 842 18 35 26
72 607 91 92 92
1247 457 80 94 83
1247 522 15 41 37
1247 553 51 63 57
475 1286 82 96 86
475 64 68 85 84
475 259 45 92 57
475 1087 70 75 70
475 124 16 23 20
842 764 50 92 86
842 943 63 100 88
842 931 60 91 71
607 561 27 77 47
607 333 46 66 65
607 1187 86 100 97
607 860 28 56 35
607 591 82 96 86
607 308 88 95 90
607 686 31 70 59
504 911 18 25 24
504 536 87 93 89
661 644 95 96 95
661 482 54 98 58
661 183 17 32 19
661 1291 84 85 84
661 515 44 59 53
661 784 37 65 55
74 821 61 85 62
74 914 68 86 82
74 1273 49 86 49
74 1302 65 71 69
914 1192 30 41 30
914 1412 39 56 52
1273 1239 46 69 67
1273 865 15 92 69
1273 1208 84 98 95
1273 1395 25 73 43
1273 43 14 18 14
1273 482 79 95 88
1302 857 32 56 38
1302 1442 41 82 71
1302 1194 57 84 75
1302 99 11 83 15
76 1271 11 40 32
76 1434 12 56 31
1271 329 78 80 80
1271 1364 10 40 20
1434 557 41 56 41
78 165 75 85 81
78 925 94 97 95
78 340 48 91 74
165 584 30 73 37
165 712 43 58 51
165 342 63 86 78
925 825 59 93 63
925 934 65 94 87
925 1104 73 83 83
340 1143 46 62 58
340 766 70 92 73
340 455 23 86 46
79 1326 67 99 88
79 609 39 64 43
79 925 22 77 66
79 1102 46 63 46
1326 1211 72 95 84
1326 521 32 47 44
1326 908 19 92 49
1326 278 15 97 93
1102 265 12 26 17
1102 829 47 71 52
1102 344 67 89 85
1102 1164 27 93 30
1102 84 62 91 80
1102 1265 12 87 61
1102 1244 13 41 23
80 2 78 100 86
80 1394 34 63 42
80 945 27 62 32
1394 622 36 95 59
1394 1350 63 80 78
1394 360 80 94 94
1393 521 26 31 31
1393 834 53 82 57
1393 33 77 92 91
1393 1361 58 77 69
82 853 41 95 90
83 211 12 90 19
83 643 12 18 15
83 851 22 61 48
211 1194 45 49 49
211 341 49 85 54
211 46 28 62 35
643 300 38 40 40
851 1308 79 90 81
851 307 87 96 89
84 208 68 69 69
84 1 94 99 97
84 300 61 76 67
84 596 81 91 91
84 554 76 80 79
84 392 18 94 84
208 834 21 65 38
596 1302 42 65 52
596 923 88 92 90
596 359 93 100 99
554 43 50 68 57
554 1268 63 90 84
554 1207 93 95 93
554 830 32 92 67
554 640 38 98 83
392 1413 91 94 94
392 466 23 47 33
85 531 73 98 90
85 851 71 86 74
85 1138 75 90 83
85 597 35 68 60
531 1012 49 66 61
531 353 61 69 63
1138 918 68 98 78
1138 103 27 96 86
597 1203 39 60 44
597 167 67 93 67
597 1050 62 63 63
597 1453 11 45 41
597 1015 33 44 36
86 1076 73 98 88
86 80 64 86 76
86 1432 21 63 24
86 818 50 93 69
1076 89 80 90 80
1076 675 72 81 80
1432 1025 55 86 58
818 183 11 38 11
87 722 91 92 91
87 616 85 90 87
722 10 25 35 25
722 1452 18 91 21
722 1039 19 85 82
616 1137 63 70 64
616 1267 48 51 50
616 700 40 76 66
616 224 26 39 29
88 130 15 92 55
88 609 11 22 12
130 552 30 70 35
130 286 16 65 36
130 768 85 89 87
130 281 80 86 81
89 239 30 31 30
89 109 32 80 61
239 1196 52 83 68
239 129 88 89 88
239 441 41 56 43
109 485 62 93 85
109 764 39 98 55
90 711 19 84 74
90 389 64 69 65
711 1372 72 99 80
711 255 87 93 89
1397 1128 70 93 78
1424 633 33 63 62
1424 1194 95 99 98
1424 1224 14 41 19
1424 88 85 97 97
1424 1022 52 54 53
1424 1023 94 96 94
1424 1356 29 38 38
92 512 81 86 86
92 79 15 70 58
92 729 15 24 19
92 452 87 90 89
92 304 55 69 67
512 1433 25 60 48
512 878 83 97 89
512 1067 39 64 48
512 994 95 99 96
512 967 43 63 50
729 1217 55 61 61
729 1070 10 36 16
729 826 48 89 56
729 975 89 93 92
729 964 95 96 96
729 930 19 99 76
452 834 69 73 71
452 1343 31 52 41
452 561 51 100 61
452 309 17 87 74
452 10 64 93 73
452 1302 52 81 70
304 1313 86 97 88
304 1394 73 78 75
304 1457 49 96 70
304 1459 34 81 67
304 696 69 76 75
304 357 85 90 88
93 265 82 85 82
93 1115 33 78 76
93 348 92 96 95
265 1488 50 80 78
265 68 61 72 67
265 1340 34 50 45
265 223 38 72 58
348 170 22 90 38
348 266 84 100 84
348 1418 61 70 66
348 39 17 24 19
348 1200 30 90 42
348 728 31 81 33
94 207 57 72 64
94 321 28 43 35
94 570 11 77 45
94 1324 25 53 29
94 634 86 95 95
207 583 50 55 53
207 461 80 85 81
321 1312 89 95 90
321 1477 10 51 37
321 820 90 99 90
321 197 56 68 65
321 1235 12 46 20
321 551 34 79 77
570 142 52 68 59
570 966 18 95 44
634 78 10 50 47
634 747 83 87 83
634 1403 43 75 50
634 1144 56 85 75
95 394 54 74 59
95 950 54 79 72
95 1031 10 33 15
95 1283 94 98 96
394 1149 37 51 50
394 403 50 93 56
394 1357 62 93 89
394 1160 21 28 21
950 800 17 76 68
1031 108 54 68 58
1031 846 22 69 45
1031 784 36 70 50
1031 652 85 87 87
1283 131 66 74 73
1283 382 26 76 52
1283 155 65 74 69
96 621 61 79 77
96 292 72 74 74
621 1418 19 100 89
621 495 41 61 56
621 1148 65 68 68
292 61 83 89 89
292 393 74 83 77
292 899 17 34 31
97 1013 61 88 77
97 655 28 32 30
97 892 14 95 72
97 1453 40 96 59
97 726 21 69 42
1013 701 95 98 96
1013 387 88 95 95
1013 1430 67 87 69
1013 1343 27 48 43
655 1358 19 74 21
892 1361 56 90 65
892 58 25 69 40
892 1445 36 60 50
892 702 66 84 77
892 313 58 75 73
1453 1370 33 67 42
1453 534 89 91 89
726 949 44 58 56
726 1326 68 97 96
726 96 79 89 79
726 919 70 84 79
98 1181 57 93 59
98 580 72 79 79
1181 37 83 91 85
1181 815 70 82 71
1181 796 32 81 52
1181 502 40 75 72
1181 969 35 48 48
580 192 10 91 84
580 377 17 94 57
580 868 50 81 80
99 79 61 64 63
99 430 68 86 84
430 1351 85 89 89
430 46 12 59 16
430 586 51 97 63
430 1142 57 90 77
430 1433 85 100 88
215 1228 90 92 91
215 543 52 94 89
215 901 50 58 55
628 140 86 100 87
628 772 19 43 40
628 1417 17 68 19
628 618 27 79 71
628 1308 35 76 70
628 128 93 100 100
359 704 94 100 100
359 851 73 76 76
101 180 56 85 58
180 410 40 70 55
180 871 92 95 92
102 406 53 84 66
102 795 26 96 81
102 1448 33 54 44
406 1152 27 46 37
406 332 41 57 51
406 136 74 87 85
795 339 83 87 86
795 1128 24 53 35
795 637 75 93 91
1448 200 30 49 32
1448 922 35 51 36
1448 1283 42 96 86
1448 45 64 85 79
1448 970 10 17 17
1448 1447 19 51 35
103 217 92 94 93
217 54 48 62 56
217 170 25 89 37
217 735 91 95 91
217 954 61 62 62
217 1470 39 53 49
1469 679 93 94 94
1469 365 34 81 43
105 29 54 93 90
105 430 56 60 56
105 1027 38 64 63
105 1418 49 58 56
1027 536 30 74 65
1027 279 69 99 81
1027 205 23 73 59
1027 86 15 68 27
106 258 80 81 80
106 1220 24 94 32
1220 565 83 91 84
1220 433 14 31 28
107 723 60 77 69
107 805 26 46 41
107 1066 52 67 59
723 162 48 80 55
723 1369 11 12 11
723 1434 89 94 89
723 651 33 70 66
723 942 63 75 69
805 1360 79 90 83
1066 1469 70 78 75
1066 41 37 94 43
108 694 43 90 57
108 1490 24 70 32
108 28 41 47 42
694 656 37 59 56
694 1324 39 86 48
1490 636 69 82 82
485 363 59 87 78
485 942 93 97 95
485 677 28 86 30
485 1333 22 99 39
485 1180 26 50 35
485 1388 61 63 63
485 212 25 90 45
764 70 21 73 37
764 1234 59 97 69
565 1332 62 97 70
565 44 52 57 52
112 430 59 65 62
112 216 95 100 100
112 856 58 69 67
216 684 29 85 70
216 885 80 94 81
856 1138 87 92 92
856 171 79 86 81
856 1218 91 94 91
856 312 48 73 66
113 1168 11 33 17
113 416 72 95 93
113 165 69 80 74
1168 1281 51 87 71
1168 1238 23 36 32
1168 987 72 90 72
1168 884 34 47 42
1168 461 26 47 29
416 489 23 72 62
416 717 65 66 66
416 408 49 50 49
114 1322 94 97 96
114 150 21 43 21
1322 507 48 88 71
1322 534 23 73 65
1322 1370 81 97 83
1322 1293 25 56 28
150 926 69 99 88
150 936 76 90 84
115 1490 60 71 60
115 948 51 78 56
115 826 54 61 59
115 62 24 50 44
115 111 74 87 76
115 1457 37 72 71
115 81 30 32 30
115 623 88 90 90
115 1445 77 80 78
948 1006 19 67 61
948 1170 13 50 44
948 1148 76 95 92
826 957 65 98 71
826 1374 13 73 18
826 1472 91 92 92
826 55 93 97 95
826 1167 19 97 29
1457 331 52 68 56
1457 624 21 57 48
1457 564 90 100 98
1457 230 52 100 96
623 1471 10 63 29
623 402 10 25 17
623 1256 83 91 89
623 1381 91 97 93
1445 463 45 78 64
1445 1028 53 80 54
116 642 19 39 38
116 781 45 91 48
116 1291 36 61 45
116 1062 84 85 84
642 996 90 96 96
642 348 38 62 47
781 919 53 58 53
781 418 11 75 43
781 622 78 99 87
1291 377 10 50 46
1291 368 42 92 56
1291 1286 60 64 60
1291 374 17 58 50
118 1220 25 51 31
118 1331 10 47 19
1331 1452 90 99 99
1331 980 76 88 77
1331 1277 67 92 83
1331 91 83 93 83
1331 775 91 92 91
119 364 49 59 58
119 863 65 95 85
364 269 25 34 25
364 493 39 86 54
364 772 30 54 43
364 296 35 54 37
364 1479 68 86 81
863 485 73 79 76
863 1016 51 85 56
863 12 46 49 49
863 694 72 73 73
120 618 10 55 50
120 1471 31 75 54
120 726 95 99 96
120 1274 63 73 72
618 315 21 47 26
618 290 94 95 94
618 1378 28 83 35
1471 830 95 99 97
1471 269 44 74 69
1471 1395 23 90 56
1471 951 70 82 78
121 406 18 78 31
121 780 37 39 37
121 1030 48 99 76
121 289 42 64 49
121 1207 22 62 50
1030 1192 67 93 85
1030 1299 30 72 49
1030 1268 27 60 50
1030 252 14 42 25
289 1240 82 99 93
289 817 15 54 18
1207 413 89 100 94
1207 762 84 88 86
1207 221 19 86 20
1207 1062 86 88 87
122 1441 64 77 67
122 403 86 88 88
122 333 54 74 74
1441 612 45 78 56
1441 780 26 33 28
1441 1284 63 91 89
1441 696 91 95 94
1441 1351 30 35 31
1441 515 77 83 79
403 160 80 97 86
403 1427 60 88 84
333 631 58 60 58
333 711 55 74 64
333 991 24 74 25
333 192 11 16 13
123 726 73 90 80
123 280 23 45 30
123 99 21 91 83
123 167 69 78 72
280 140 93 99 95
124 72 15 84 48
124 419 87 93 87
126 1450 29 91 80
126 505 42 90 74
1450 1101 77 93 79
1450 683 91 98 93
1450 817 44 51 46
1450 147 57 85 85
1450 94 87 94 87
1450 115 37 57 55
505 978 73 75 74
505 806 46 96 72
505 919 53 66 64
505 1414 75 86 79
505 1365 30 94 46
505 269 43 46 44
127 843 27 98 27
127 956 13 21 16
127 473 65 88 78
956 1394 48 78 48
956 1405 53 78 55
956 253 67 100 76
956 1189 65 87 81
473 1126 36 68 47
473 1482 18 81 38
473 1365 87 95 87
473 869 14 84 63
473 163 56 93 61
129 612 68 78 76
129 521 95 97 96
129 1288 68 87 70
129 796 39 89 55
129 932 33 78 33
612 839 32 91 41
612 716 50 92 78
612 1356 14 73 50
612 1198 83 85 85
1288 957 25 93 68
1288 324 36 63 43
796 1375 92 100 100
796 235 80 89 89
796 524 14 88 65
796 553 27 91 80
796 31 38 95 53
552 525 12 18 14
552 572 91 95 92
552 1422 88 96 95
286 471 39 59 41
286 1348 38 58 39
768 1112 30 46 41
281 949 29 78 59
281 1311 62 76 64
281 373 61 91 91
281 210 17 49 20
1165 656 17 21 17
1165 265 57 67 62
1165 1231 35 98 94
1017 1414 57 78 75
1017 873 48 63 61
594 1079 25 53 51
594 1091 77 81 77
594 1166 36 51 43
133 162 12 75 18
133 677 84 94 91
133 535 20 68 34
133 1484 33 66 42
162 1287 29 33 31
677 1117 53 73 73
677 887 72 74 72
535 962 15 80 50
535 1079 62 94 91
535 610 92 97 93
1484 171 29 72 57
1484 398 36 75 55
136 617 82 83 83
136 835 59 75 68
136 751 88 93 93
136 524 18 39 25
617 204 17 38 18
617 591 72 95 81
617 317 90 92 92
617 431 44 98 44
617 14 48 90 80
835 1010 57 69 63
835 769 40 59 49
524 606 93 95 93
524 706 80 100 89
524 66 52 56 54
137 388 94 97 94
137 1034 23 36 35
388 1166 74 99 75
388 135 83 89 89
388 432 87 91 91
388 1031 63 80 80
1034 187 59 66 59
1034 298 61 92 76
1034 601 71 76 71
1034 1166 24 68 61
1034 1137 58 88 65
138 560 72 98 82
138 1304 11 80 44
560 329 65 72 66
560 786 74 83 78
560 734 55 59 55
560 137 91 98 93
1304 1165 49 91 90
1304 79 62 80 68
546 357 38 91 45
546 700 48 77 51
546 813 67 95 87
934 521 37 42 39
934 247 22 67 23
934 119 20 33 27
1265 1066 57 94 75
1265 1351 69 71 70
1265 610 74 89 75
1403 756 47 90 53
1403 1088 83 85 85
1403 28 76 85 84
1403 1340 20 100 55
1403 1149 47 52 50
1403 163 21 72 58
1403 868 51 59 51
1251 455 16 19 17
1251 762 50 86 61
1251 1403 85 99 93
1251 1365 35 100 81
586 1365 37 57 47
586 1062 58 73 59
586 35 93 94 94
140 840 59 78 72
140 718 35 64 41
140 746 44 57 52
840 106 42 78 62
746 699 81 88 87
746 751 84 85 84
746 182 88 90 89
746 1282 26 39 27
141 1438 78 80 79
141 1276 57 91 70
1438 574 71 83 72
1438 624 50 78 70
1438 769 72 89 74
1438 1094 77 79 79
142 797 11 47 25
142 289 22 48 44
797 554 23 63 53
797 378 30 31 31
797 1390 77 93 82
143 169 73 84 78
143 543 10 75 69
143 1225 37 74 55
143 384 22 84 63
543 685 88 90 90
543 66 14 95 50
1225 811 72 76 73
1225 872 41 87 84
1225 178 60 94 85
1225 437 81 88 86
384 791 39 65 57
144 249 81 94 89
144 1044 75 92 89
144 856 52 75 72
144 389 23 30 23
1044 885 24 56 35
1044 1307 92 95 94
145 1175 94 96 96
145 883 45 92 86
1175 1447 73 100 82
1175 304 72 100 99
883 1270 11 15 11
147 132 39 91 54
147 635 93 99 99
635 223 41 91 44
148 1360 31 61 34
148 1489 31 38 35
148 1483 46 73 67
148 851 25 67 29
148 180 49 67 65
1489 967 18 54 20
1489 623 91 95 91
1489 1095 91 98 96
1489 1391 83 96 92
1483 872 86 97 87
1483 494 83 88 85
1483 783 52 68 68
1483 1149 27 86 80
149 965 19 25 19
149 201 26 52 48
149 148 41 99 44
965 973 51 80 55
965 135 42 46 45
965 59 17 61 61
201 1352 14 34 14
201 923 18 82 30
201 1057 70 83 70
201 1236 44 98 53
926 1022 55 60 59
926 49 32 64 46
936 648 84 88 84
936 1344 83 84 84
1464 856 23 46 34
557 855 94 97 94
557 1273 47 80 59
152 594 27 96 85
152 433 59 92 77
152 798 19 79 31
152 700 53 62 58
433 689 33 38 38
433 1253 12 16 12
433 1477 79 90 84
433 218 36 54 36
433 92 93 98 93
433 561 75 83 78
433 1286 86 100 98
798 469 94 97 97
798 526 95 98 95
798 264 20 39 29
798 8 53 60 58
700 393 82 98 82
700 197 22 91 86
700 409 63 66 64
700 743 14 77 33
153 1088 70 96 74
154 335 84 91 89
154 360 92 96 94
335 1319 72 98 74
335 576 54 93 77
360 1067 26 55 46
360 1255 65 74 65
360 1397 75 85 80
155 125 46 79 77
155 149 37 80 59
155 1416 59 91 65
155 1282 63 75 65
155 997 45 75 51
1282 567 68 87 77
1282 1304 26 56 35
1282 817 26 82 54
997 1001 64 89 86
997 764 35 92 77
997 735 17 96 58
156 1411 64 79 71
156 454 36 64 47
156 489 45 96 49
1411 1079 37 66 52
1411 1183 53 74 55
1411 1475 37 89 57
1411 262 23 69 54
1411 1177 53 59 59
454 1048 31 50 37
454 1278 39 81 58
454 1186 46 55 48
157 525 83 91 90
525 278 57 85 63
525 348 26 45 28
158 757 93 94 93
158 1174 91 94 91
158 1310 18 78 43
757 883 56 77 60
757 998 48 80 67
757 1035 41 67 55
757 1457 79 84 84
1174 1013 40 51 51
159 695 67 81 80
159 1243 32 92 56
159 364 93 99 98
159 65 79 93 79
159 1246 86 97 93
1243 318 80 94 87
1246 545 60 100 71
1246 1235 66 96 88
160 317 39 67 56
161 486 40 53 51
161 1345 25 88 78
161 1154 24 73 36
161 1040 10 64 44
161 232 87 90 89
486 860 36 91 50
1345 563 12 60 25
1345 1406 31 65 32
1345 1118 35 93 80
232 1388 68 86 70
232 1422 35 36 35
232 337 86 87 87
1287 254 20 33 30
1287 921 21 91 62
1287 1117 67 74 71
163 162 94 95 95
163 1248 84 86 86
1248 601 62 87 79
1248 101 37 42 38
164 833 90 96 95
164 338 19 25 22
338 1003 54 83 58
338 379 71 87 75
338 62 37 48 45
338 480 15 96 76
712 172 78 85 82
712 21 34 55 42
712 570 52 64 60
712 771 56 65 62
166 529 52 83 78
166 506 36 93 70
529 872 40 59 41
529 33 10 51 23
1467 1359 63 80 71
1467 490 75 98 86
1467 575 50 66 56
439 443 58 87 62
439 229 63 74 74
439 1403 64 80 74
168 1290 30 43 34
168 465 65 94 77
168 811 35 66 55
1290 1186 10 27 23
1290 1028 86 94 93
1290 1216 18 79 33
1290 955 10 35 27
1290 1477 21 55 30
811 475 53 63 61
811 601 94 95 94
811 27 80 95 91
170 1379 47 66 50
170 1202 45 100 67
170 1286 91 94 92
170 444 74 95 95
170 751 39 53 52
170 972 73 94 76
170 439 50 58 52
171 1277 58 68 61
171 151 57 81 61
171 862 73 92 89
171 962 23 62 49
1277 422 48 61 55
1277 938 27 63 40
1277 229 46 59 49
862 856 46 68 57
862 1182 47 57 48
862 74 31 65 39
962 977 47 49 49
962 424 34 47 41
962 641 83 88 86
172 1086 18 31 30
1086 1482 18 27 22
1086 704 68 80 80
1086 413 47 55 51
1086 109 24 58 24
1086 1138 10 66 66
1086 639 78 87 79
1086 694 54 73 72
173 740 27 69 44
173 477 12 45 44
173 81 81 92 88
173 1405 32 56 32
477 677 39 40 40
477 869 81 91 91
477 91 32 38 37
477 955 62 82 69
477 390 63 98 94
175 31 30 35 34
175 737 35 65 44
175 1342 34 66 52
1342 266 88 89 88
177 1133 38 87 73
177 1244 67 89 81
177 746 38 86 56
178 308 59 71 66
308 1120 75 91 88
308 397 75 82 79
308 96 91 93 92
308 980 77 90 87
179 1458 66 97 89
179 1070 56 70 57
179 1184 48 49 49
179 753 83 90 84
1458 522 71 73 71
1458 428 25 52 42
1458 1226 83 84 84
1184 1313 20 89 87
1184 1211 29 47 43
1184 448 47 78 75
753 1134 16 26 22
753 1208 19 40 40
753 659 14 17 14
753 651 52 73 73
753 615 84 87 87
753 1036 47 75 51
410 1368 20 24 21
410 885 16 80 67
871 1258 53 68 53
871 1388 19 89 23
871 1216 30 56 31
1284 1309 82 95 91
1284 1378 87 97 90
941 1342 85 87 86
941 1120 30 58 49
941 407 68 96 85
941 546 16 76 48
941 381 35 77 50
539 628 41 55 43
539 361 89 96 94
539 452 43 55 43
539 302 52 76 58
539 10 31 86 53
539 1003 74 90 88
182 1052 81 89 88
182 1445 61 81 66
182 139 94 95 95
183 104 19 88 72
183 364 42 61 44
184 437 40 69 50
184 721 63 95 65
184 1192 19 45 33
184 1354 72 79 75
184 1243 23 59 56
184 1253 53 83 64
721 904 17 30 18
721 932 32 45 36
721 51 20 99 29
1192 175 55 98 80
1192 865 25 50 32
1192 1232 40 70 62
1192 570 90 93 93
1354 757 61 71 66
1354 148 63 89 74
1354 95 35 85 75
1354 924 44 98 81
1354 1462 78 96 90
1354 92 38 66 66
1253 462 92 96 96
1253 1166 53 75 61
1253 1156 80 94 87
1253 192 15 84 46
185 961 81 95 89
185 1215 78 87 85
185 871 87 95 89
961 1211 35 99 80
961 1119 18 84 51
961 691 13 84 63
961 1072 27 96 74
961 1335 19 51 45
961 1054 39 53 52
1215 503 39 77 39
1215 1369 74 96 74
186 889 89 96 91
186 880 28 93 53
186 361 89 98 98
889 536 47 56 56
889 595 58 83 75
187 1186 77 91 82
187 277 42 43 43
187 1484 49 61 51
188 439 28 93 53
188 1211 59 65 65
188 649 72 79 74
188 68 86 94 93
1211 755 76 97 82
1211 951 21 44 25
1211 432 27 34 27
1211 16 62 77 72
649 61 87 90 87
649 1068 52 89 81
649 1078 15 66 45
649 1467 68 75 74
649 925 58 99 80
649 1453 43 50 47
189 1160 63 64 63
189 663 93 94 94
189 1250 12 49 15
189 613 90 97 94
1160 514 19 27 25
1160 189 61 74 68
663 531 25 47 39
1250 647 13 44 40
1250 637 72 95 72
1250 988 90 91 91
1250 765 88 91 89
613 977 39 75 49
190 494 82 92 82
191 526 30 41 33
191 810 19 28 22
191 742 28 48 31
191 539 30 39 39
191 1058 84 100 94
191 828 69 88 74
526 1279 39 51 40
526 353 27 61 30
526 992 58 75 75
526 352 13 51 49
526 1460 76 77 76
526 496 82 93 87
742 1258 75 87 81
742 376 85 92 89
742 347 44 90 49
742 1205 26 95 43
742 583 41 45 43
742 356 72 73 72
1058 1023 82 91 82
1058 858 26 61 61
1058 1161 22 97 81
1058 708 35 38 36
828 670 54 71 60
1078 428 72 87 74
458 582 86 95 90
458 14 49 67 51
458 287 23 40 39
458 139 72 81 77
778 51 69 93 75
778 1461 46 66 55
193 1014 36 67 41
193 844 95 99 97
193 301 65 69 65
1014 305 23 68 41
1014 1278 56 85 85
1014 930 27 49 42
844 748 45 51 47
844 819 57 62 62
844 366 39 55 41
844 1285 58 93 59
844 1112 19 93 79
194 495 20 96 74
194 501 35 92 80
495 491 84 85 84
495 557 59 73 65
501 541 44 72 47
501 232 28 52 28
501 585 23 68 44
501 997 25 86 37
501 664 14 87 49
195 555 17 64 23
555 1419 21 82 80
555 154 22 54 31
555 1094 31 32 32
1109 1143 86 87 87
1109 170 47 57 51
1109 730 68 100 97
1268 457 95 97 96
1268 1071 74 82 75
197 1140 38 56 39
197 538 42 77 69
1140 194 82 94 94
538 872 32 47 46
538 269 63 85 72
538 1202 58 99 87
538 1330 95 96 96
538 381 38 61 39
538 263 72 98 82
538 356 88 96 96
198 13 24 99 51
198 1327 88 98 91
199 1182 82 100 95
199 546 15 55 50
199 1250 92 95 94
199 1143 60 78 70
1182 1064 85 99 89
1182 777 35 59 58
743 1349 19 86 34
955 330 93 97 95
955 943 90 98 90
955 903 27 96 52
209 164 62 82 79
1352 537 24 28 26
923 551 55 60 55
923 1313 40 86 41
1057 627 78 94 85
1057 405 43 51 44
1057 402 95 97 95
1057 714 57 90 86
1236 1003 70 77 75
202 305 76 98 85
202 1388 20 70 22
202 1041 93 100 100
202 1107 68 74 74
202 2 88 91 90
1041 133 50 85 85
1041 278 15 26 20
1041 1113 49 82 65
1107 310 71 88 81
1107 743 15 73 65
203 659 68 71 68
203 917 20 71 57
203 2 42 81 60
659 223 43 68 51
659 357 52 80 71
659 1308 35 54 42
659 726 67 79 69
917 997 50 90 82
917 557 30 71 38
917 956 48 86 49
204 992 19 28 27
204 225 27 86 49
204 1370 65 75 67
204 1383 19 93 90
204 224 80 93 92
225 485 38 51 38
225 408 62 88 66
225 1325 15 18 17
225 1174 78 94 81
1383 589 70 85 81
1383 764 53 75 66
1383 163 35 86 66
205 599 83 94 93
206 420 48 95 59
206 564 70 73 72
420 518 33 60 54
461 506 39 64 47
461 730 30 40 40
461 1152 36 76 37
461 1108 17 96 35
461 145 73 81 77
461 582 13 97 83
834 1202 42 57 48
834 896 28 57 51
834 337 70 86 73
834 258 36 94 40
834 186 54 63 60
834 244 31 78 31
210 1339 13 90 78
210 1475 46 80 56
1339 476 94 95 95
1339 511 78 83 79
1194 558 81 96 84
212 272 31 45 31
212 169 63 64 63
213 791 28 71 35
213 51 55 69 56
213 948 40 62 60
791 594 72 80 74
791 1323 86 93 87
214 14 29 69 47
214 1270 83 94 83
214 895 61 66 61
1270 576 22 31 29
1270 982 36 78 57
895 738 25 38 30
895 644 91 96 92
895 1060 32 58 48
1228 624 22 61 23
1228 282 20 28 25
901 957 17 62 30
901 918 20 29 20
901 1052 21 57 23
684 433 42 94 94
684 743 85 89 88
684 375 39 79 50
885 976 30 48 46
885 977 33 78 65
1470 559 84 89 85
1470 485 94 96 96
1470 835 58 69 65
219 199 88 95 92
219 558 51 75 55
558 896 28 73 28
558 1328 86 89 86
558 371 62 95 79
558 442 22 84 61
558 900 78 86 81
558 460 92 95 92
558 497 20 34 20
220 1104 34 47 38
220 27 82 86 82
220 1350 93 98 98
220 1378 88 94 89
1104 654 66 76 73
1104 780 56 65 61
1378 23 63 91 90
1378 1374 95 96 96
1378 1148 57 64 64
1378 678 16 77 57
221 405 92 100 99
221 941 10 72 34
221 435 94 97 95
221 459 18 22 21
221 675 91 92 92
405 1040 15 43 30
405 1397 54 89 81
405 310 83 91 86
405 506 15 69 55
405 1484 25 82 56
435 203 59 87 65
435 1061 36 87 37
435 192 17 55 35
435 896 27 87 69
459 348 93 95 93
459 1193 19 62 44
459 879 32 37 33
459 1247 17 32 30
222 1221 21 30 22
1221 1043 63 95 90
1221 600 14 25 19
1221 1403 94 97 95
1221 61 16 29 26
1221 960 81 94 90
223 321 30 34 33
223 16 12 66 41
223 1379 42 87 48
223 1105 28 42 28
223 1374 18 34 29
223 392 52 88 71
223 832 21 34 22
1105 137 91 92 91
1105 527 31 76 41
1105 612 36 84 40
1374 1344 82 87 83
1374 494 49 57 54
832 1155 20 91 30
832 951 34 76 40
832 149 70 80 77
408 136 60 90 64
408 429 64 73 69
1325 292 81 100 95
1325 366 31 41 38
1325 264 76 77 77
226 49 31 45 38
226 161 61 80 65
226 434 42 85 47
226 1311 18 89 19
434 1177 60 92 77
434 672 71 78 73
434 1028 27 39 33
1311 1380 71 83 71
1311 195 72 89 76
227 988 75 99 99
227 1452 20 37 37
227 1400 21 23 21
227 766 37 76 73
988 954 64 85 83
988 1214 10 17 16
988 500 20 38 31
988 1337 34 63 60
988 240 38 58 49
1400 319 16 82 73
1400 548 80 100 84
1400 822 51 53 53
1400 942 72 89 86
1400 803 23 63 57
1400 623 48 76 57
766 311 12 76 47
766 1260 57 69 67
766 1106 34 94 41
766 1081 35 58 48
766 870 39 73 64
228 289 55 60 60
228 1309 28 96 40
228 779 93 99 95
1309 1404 58 67 61
1309 368 69 70 69
1309 1350 25 48 34
1309 208 51 76 72
779 590 89 100 93
229 1225 42 87 53
229 348 51 52 51
229 1311 66 77 77
229 588 13 31 13
588 1155 12 72 36
230 31 40 88 60
230 696 85 96 94
230 303 69 96 77
230 1462 91 98 93
230 1430 48 78 67
230 1155 94 96 94
230 997 51 91 67
696 1359 82 95 93
696 703 30 86 46
696 1308 69 71 70
696 178 75 97 85
303 84 12 23 21
303 1248 34 69 41
303 306 87 94 91
1462 913 87 100 89
1462 1087 63 87 72
1430 1059 85 87 86
1430 1231 89 90 90
1155 1245 79 95 91
1155 1132 20 41 24
1155 1473 47 99 62
1155 216 72 78 75
1155 683 16 82 44
231 754 61 78 78
231 515 53 96 80
754 1472 45 72 69
515 689 35 66 61
515 1420 88 98 95
515 1223 28 71 35
515 221 90 98 92
337 486 88 94 89
337 254 22 40 30
337 1483 34 42 35
233 396 89 90 90
233 495 70 100 72
233 1221 47 70 50
233 1335 39 72 43
233 1101 14 34 14
233 1163 85 98 96
396 685 23 50 24
396 1337 73 75 74
396 1084 20 50 34
396 238 89 90 89
1335 949 48 66 50
1335 1330 16 43 37
1101 839 59 61 59
1101 5 61 63 61
1163 1338 14 40 17
1163 262 61 88 82
1163 206 85 96 93
234 62 85 100 90
234 664 72 77 73
664 842 82 96 95
664 397 45 72 53
664 13 22 23 22
664 779 12 42 20
664 812 34 57 57
664 474 49 62 58
235 599 12 74 14
235 438 64 80 70
235 275 51 91 82
235 1396 60 82 67
235 448 23 90 68
235 350 74 75 75
438 803 79 98 98
1396 50 19 68 42
1396 845 30 93 77
1396 1434 48 73 65
1396 474 71 79 71
1396 523 15 23 19
1396 1308 56 58 57
1396 983 16 45 18
448 1162 11 67 61
448 1193 25 99 56
448 908 54 79 59
448 899 94 97 97
350 377 56 74 72
236 1351 37 50 47
236 1412 79 97 91
236 1380 36 49 46
236 1099 40 69 66
1351 259 49 97 84
1351 730 11 49 37
1351 1059 36 71 55
1351 782 56 80 69
1351 502 67 93 92
1412 1042 89 91 91
1412 295 95 98 98
1412 572 55 98 98
1412 580 29 35 29
1412 601 48 75 72
1099 1454 38 82 71
1099 803 10 49 47
1099 728 55 78 65
1099 717 84 92 90
1099 456 44 86 57
1099 357 78 89 86
237 1239 38 66 41
237 776 24 37 32
237 744 69 95 93
237 701 82 83 82
1239 826 31 57 56
1239 1129 86 97 94
1239 1018 39 94 52
1239 127 86 94 87
776 1088 81 100 96
776 69 41 80 65
744 1180 45 87 76
744 1274 18 57 53
744 69 45 68 64
701 737 50 80 59
701 382 24 64 39
701 127 30 40 33
701 818 81 86 84
701 31 59 63 62
701 1226 29 88 86
238 173 30 89 73
238 1080 62 74 65
1080 184 20 38 38
1196 78 41 90 58
1196 627 49 52 50
1196 1444 22 54 39
1196 934 67 77 68
1196 511 14 34 27
1196 1115 46 74 46
1196 1163 73 83 79
441 1044 41 79 45
441 1221 18 76 20
441 233 11 41 33
441 433 60 94 77
441 393 54 86 81
441 1215 90 95 92
240 1481 91 95 93
240 830 78 94 88
240 1400 21 53 42
1481 297 53 57 55
1481 57 51 60 60
830 3 85 97 85
830 615 55 79 75
1149 451 39 82 72
1149 193 79 93 80
1149 16 87 100 90
1149 1420 94 95 95
1149 1321 32 35 32
1149 884 64 69 67
1149 1020 82 97 83
242 496 29 39 38
242 1003 14 62 15
242 384 21 56 41
242 1162 51 58 55
1003 1437 15 69 15
1162 1348 17 68 65
1162 566 55 85 58
1162 530 18 79 50
1162 605 30 47 30
243 1256 80 96 94
243 1132 62 100 71
243 821 20 60 38
243 1030 90 98 94
1256 27 51 93 53
1256 293 67 98 90
1256 1180 52 71 63
1256 23 48 71 64
1132 939 53 80 63
1132 1214 57 64 59
1132 1471 31 36 33
1005 241 63 65 63
1005 826 20 57 36
1005 1004 46 63 48
1005 177 85 86 85
460 244 78 79 79
460 1161 83 90 88
460 704 65 78 76
1004 97 94 98 98
245 33 66 86 67
245 1217 54 80 68
245 690 49 62 56
1217 879 36 42 42
1217 1211 30 54 53
1217 148 95 100 95
247 273 55 100 98
247 917 18 57 50
247 1488 44 100 72
273 1185 58 90 62
273 699 50 52 50
273 308 78 85 83
248 401 40 73 54
248 1360 93 95 94
248 493 80 95 88
401 653 89 95 93
401 1417 65 92 92
401 531 39 63 63
401 694 93 98 94
401 891 32 72 38
493 1443 44 86 48
493 10 36 38 36
493 507 85 100 85
493 345 88 93 91
1340 730 76 89 76
1340 779 89 93 92
1340 599 27 70 55
250 450 84 87 87
450 744 39 82 40
450 1150 22 97 43
450 1134 28 78 74
251 1357 31 85 64
251 851 14 98 28
251 153 94 96 95
252 281 25 98 40
252 1307 52 76 74
252 1333 17 72 41
252 937 55 99 95
252 267 55 58 56
252 831 82 91 85
252 611 84 88 87
252 240 27 88 88
1307 47 64 87 79
1307 284 92 96 92
1333 1114 24 61 53
1333 452 31 58 39
1333 1065 46 63 46
937 1090 91 93 91
937 994 40 91 46
937 1075 53 91 72
937 1456 43 96 76
831 369 85 95 86
831 1070 68 85 81
831 1190 95 96 95
831 13 90 92 91
831 591 61 85 66
611 1208 22 29 27
611 197 49 91 64
611 1397 22 36 25
611 305 10 63 34
611 1031 40 89 43
253 113 87 96 91
253 1166 34 36 35
253 1148 11 64 62
253 150 11 82 36
253 880 54 68 64
253 1210 18 58 29
1166 115 38 93 74
1166 1080 15 60 33
1148 215 61 63 61
1148 1137 75 98 97
1210 1424 67 87 84
1210 929 14 95 87
1210 1395 68 95 75
254 1050 86 100 89
254 105 66 88 72
254 178 41 84 73
254 702 39 83 58
1050 538 45 49 49
1050 199 14 87 31
1050 395 88 99 91
702 939 26 59 36
702 621 28 61 44
1185 745 51 99 82
1185 362 39 48 48
1185 185 60 67 67
1185 476 85 92 92
1185 1409 57 72 62
1089 1469 93 98 95
1089 1376 59 72 64
1089 750 51 90 75
574 557 14 72 52
574 967 43 79 67
256 1344 22 33 23
256 913 13 17 14
256 821 64 99 81
1344 1126 27 59 56
1344 1131 42 62 56
1344 163 11 61 35
913 1311 34 44 40
913 677 30 77 75
913 0 50 98 84
913 1243 72 94 74
913 244 93 98 97
257 1025 24 48 47
257 311 17 66 30
257 344 29 62 55
257 349 14 44 44
257 313 38 76 66
1025 424 83 87 86
1025 259 94 97 95
1025 1304 72 98 89
1025 582 81 84 81
1025 110 91 96 95
1025 610 73 81 77
311 874 66 92 86
311 554 60 96 91
311 920 87 94 94
344 1121 74 82 74
344 89 95 98 95
344 73 66 88 77
344 1170 19 39 28
344 182 92 100 93
349 1049 53 91 76
349 472 89 99 92
349 716 92 100 95
313 260 76 84 78
313 1109 83 99 84
313 1282 31 53 32
313 803 87 97 92
313 489 58 93 76
259 375 25 61 56
259 873 62 89 64
259 1367 14 93 21
375 862 92 94 93
375 93 71 81 78
873 1018 87 94 91
873 781 75 95 82
873 1123 84 96 88
873 650 91 94 91
873 40 30 40 37
873 1224 82 96 85
873 1378 12 96 15
260 1352 72 75 74
260 1454 59 93 59
1454 410 50 96 71
1454 1479 70 77 74
261 983 54 88 87
261 634 50 56 50
261 204 70 91 72
261 1372 69 98 93
983 500 91 98 93
983 596 84 95 84
983 1283 47 80 80
1372 1024 24 100 49
1372 302 58 99 61
262 544 13 50 13
262 204 34 49 48
544 1227 78 100 93
544 1298 44 54 52
544 115 45 71 69
544 70 25 80 45
916 275 76 98 94
916 1397 89 95 90
916 603 15 35 33
916 546 16 30 29
264 1449 76 79 77
264 393 87 91 89
1449 780 80 92 87
1449 811 15 46 36
1449 1399 67 100 70
1449 971 14 54 16
1449 1233 68 91 69
1449 941 78 93 87
1449 644 16 44 26
393 1185 55 60 56
393 362 65 97 90
393 782 43 82 74
393 914 32 50 49
393 38 15 54 40
266 1239 37 56 44
268 947 55 62 57
268 192 95 98 96
268 462 57 82 75
268 1394 71 86 77
268 162 94 95 94
947 1243 65 94 65
947 1339 81 98 89
947 917 42 82 65
947 1294 56 95 76
462 1018 63 92 82
269 1022 32 48 40
269 801 53 81 61
269 543 58 86 61
269 1477 82 91 90
1022 899 30 100 32
1022 46 29 94 39
801 1318 40 71 61
1477 1442 66 71 66
1477 1186 41 71 42
1477 750 92 97 97
1477 618 50 99 94
270 17 78 85 80
270 343 70 95 88
343 401 91 96 94
343 1120 51 59 52
343 1256 54 67 58
271 446 27 56 50
271 769 13 95 63
446 266 10 99 24
446 1286 59 62 60
446 408 16 53 19
769 859 23 85 78
769 862 79 91 80
769 285 81 89 81
1190 522 50 78 55
1190 1388 40 66 65
699 1191 49 96 66
569 852 93 95 95
569 1067 28 48 47
569 64 95 97 95
1203 687 78 90 79
1203 1047 52 99 60
1203 1408 54 75 70
276 1337 24 54 32
1337 872 60 77 60
1337 800 47 96 75
1337 705 93 95 94
1337 504 50 67 58
1337 600 53 92 59
1337 1329 20 74 48
1337 1425 19 24 19
1332 616 15 94 42
1332 1418 95 98 95
1332 377 51 52 51
1332 304 77 81 78
278 107 42 71 64
278 662 16 72 23
278 274 30 100 51
278 508 74 88 86
278 690 84 93 84
278 720 10 76 67
720 201 11 20 12
279 954 17 100 58
279 79 24 32 24
949 232 56 58 57
949 666 53 57 55
949 213 23 98 77
949 454 63 71 63
949 813 13 58 51
949 1 95 97 95
949 817 32 78 52
282 848 66 96 70
282 1202 17 24 18
848 707 48 72 62
848 1163 70 75 70
1153 454 27 70 69
1153 164 31 47 42
1153 933 68 92 86
1153 442 61 81 68
1051 1307 25 71 33
1051 23 90 97 90
1051 305 75 77 76
1051 728 45 96 75
487 403 86 89 86
487 607 25 77 36
487 529 32 79 33
487 874 78 88 85
487 377 78 94 90
285 74 64 73 69
285 1337 14 20 15
285 182 46 74 52
471 887 60 96 81
471 1240 94 99 95
471 739 23 30 29
1348 913 81 84 83
1348 1179 18 38 25
1348 375 84 97 92
288 877 93 97 95
288 1350 38 95 87
817 1162 29 39 36
290 834 21 50 30
290 561 95 100 97
290 1241 18 75 59
290 1209 71 87 85
561 1366 49 88 62
561 739 88 98 97
561 221 30 87 44
561 6 49 52 51
1241 264 67 79 70
1241 487 31 37 37
1209 539 74 84 76
1209 486 46 67 65
1209 887 17 93 28
291 337 24 82 49
291 1473 61 79 74
291 1301 78 89 87
291 497 88 91 89
291 948 46 94 65
1473 932 44 70 44
1473 643 82 90 90
1473 1128 69 90 69
1473 1187 33 46 44
1473 663 63 79 77
1473 512 35 53 44
1301 128 47 65 50
1301 39 92 98 93
293 1320 10 69 47
293 163 81 93 86
293 822 42 87 49
293 956 90 95 92
1320 1329 73 80 73
1320 384 54 95 54
1320 147 10 50 22
1320 243 54 99 70
822 509 29 72 29
822 24 90 95 93
822 205 78 99 84
822 789 92 98 94
294 498 24 60 56
498 594 17 92 29
498 471 29 50 29
498 1234 10 99 24
295 1094 70 78 71
295 254 65 83 80
295 1468 40 48 45
296 218 15 77 46
296 1397 37 53 50
296 449 93 95 94
296 1472 17 42 41
296 607 91 94 94
296 984 48 75 49
449 270 22 25 23
449 1287 16 53 46
449 131 47 81 50
449 1090 92 98 94
297 1069 80 81 81
297 1083 28 90 60
1069 1353 87 96 95
1083 1406 67 82 74
1083 859 38 98 98
1083 58 77 96 78
298 34 27 90 36
298 130 81 93 91
299 1239 74 97 75
299 482 16 35 17
299 813 16 39 23
482 1359 16 78 42
482 904 27 46 43
482 234 64 84 77
813 987 43 95 75
813 823 85 96 92
813 1118 95 96 96
813 199 40 76 41
302 862 64 84 74
306 704 66 99 71
306 731 41 94 87
306 1203 21 90 58
1313 214 76 78 76
1313 873 55 90 61
1313 188 52 87 52
357 117 48 98 48
357 1259 85 94 89
357 270 84 100 86
357 448 31 80 55
357 1279 65 99 90
704 1362 28 55 48
704 512 28 51 47
704 1187 25 45 31
704 267 12 85 13
307 1225 34 98 63
307 1206 80 97 85
307 276 58 59 59
307 956 14 93 77
307 1442 95 100 98
1442 374 38 62 46
1442 1211 31 74 58
1442 471 15 61 57
1442 1028 20 99 62
1120 1461 45 55 48
1120 540 81 85 81
1120 563 17 58 36
1120 1041 56 75 66
397 282 26 76 62
397 649 10 89 18
397 294 79 84 80
397 264 28 92 44
397 825 13 30 27
980 504 18 46 36
980 648 82 97 96
980 993 24 73 33
980 865 69 76 75
309 1160 76 78 77
309 281 36 73 59
310 384 19 54 24
310 760 31 89 36
310 327 77 92 77
310 832 90 91 91
760 1473 11 72 61
760 1413 41 55 51
760 464 15 18 16
327 1151 73 94 80
874 552 54 59 59
874 1463 30 85 50
874 558 85 91 88
874 291 31 100 88
920 327 46 50 47
312 507 80 92 84
312 750 10 90 79
312 805 22 60 48
312 383 78 91 82
507 1395 60 73 67
507 374 83 96 86
507 409 60 95 79
750 1421 76 96 86
750 622 55 75 68
750 472 55 100 79
750 1333 72 94 93
383 974 25 93 32
383 452 43 96 91
383 1384 86 88 86
383 418 92 95 93
803 654 77 87 81
803 479 41 63 45
803 43 59 99 94
314 803 24 71 39
314 648 86 87 87
314 778 52 97 83
315 709 50 83 71
315 631 39 68 47
315 1155 58 94 79
315 1380 73 79 78
315 134 55 78 77
315 617 74 100 79
631 297 30 50 39
631 902 88 94 88
631 837 85 100 85
631 851 93 95 95
316 168 33 58 50
316 278 75 99 89
316 1057 10 91 16
1010 159 16 66 32
1010 983 35 75 54
703 618 52 94 57
703 612 40 53 47
703 28 89 95 94
738 735 11 88 86
738 834 35 85 42
738 1173 32 90 87
738 1442 50 74 74
426 732 81 99 87
426 1340 78 80 80
426 1217 75 77 77
426 925 65 82 74
800 807 85 99 95
800 528 72 91 75
318 1341 55 79 60
318 174 78 92 84
319 571 60 71 66
319 1121 37 59 59
319 1147 50 66 63
571 1165 24 48 35
571 110 44 92 77
571 1379 29 70 62
571 193 58 60 58
571 1332 11 43 24
1121 152 69 71 69
1121 1324 92 98 98
320 88 14 18 14
320 537 86 94 86
537 1337 86 93 89
537 727 43 48 48
537 631 44 59 59
537 1025 27 45 44
537 983 86 92 87
537 1410 44 72 55
1312 1357 71 84 78
1312 162 63 70 63
1312 1446 53 62 57
820 1444 47 87 81
820 695 11 78 42
820 1169 95 97 95
1235 1303 51 58 55
1235 874 86 96 95
1235 1092 15 77 66
1235 548 17 73 43
1235 792 21 65 56
1235 1287 75 93 77
1235 1058 86 94 87
551 140 62 91 89
551 1298 73 89 74
551 156 40 77 49
322 1424 74 87 79
323 1127 76 84 84
323 1220 82 91 89
1127 1440 19 32 31
1127 1342 94 99 96
1127 935 87 92 92
1127 15 77 84 79
1127 1361 66 86 72
324 775 76 79 76
324 550 90 99 95
324 1480 27 61 38
324 590 26 33 27
324 1116 80 93 91
775 1458 73 89 80
775 1374 40 85 83
775 601 28 99 99
775 563 70 94 93
550 1073 51 55 52
550 1471 50 80 71
1480 837 93 100 100
1480 801 69 80 69
1480 1010 71 91 85
1480 314 25 36 29
590 1253 32 94 86
590 1300 95 98 95
1116 1181 31 72 71
1116 1037 41 93 55
1116 814 13 70 19
1116 532 88 93 91
1116 206 63 98 89
1116 939 68 78 75
325 719 51 95 92
325 900 80 87 84
719 628 20 49 38
719 130 33 80 62
719 978 31 47 42
900 1424 37 47 47
900 679 88 98 90
326 653 81 91 88
326 128 58 71 70
1151 801 48 72 67
1151 287 38 57 46
1151 572 17 24 21
1151 1338 26 96 92
1151 1297 47 80 77
328 1476 34 73 36
328 1037 34 56 40
328 1292 56 80 61
328 1473 55 84 73
1476 515 55 95 61
1476 413 17 92 86
1476 1000 85 96 96
1037 518 40 43 40
1037 295 48 99 64
1037 586 88 99 94
1037 796 83 85 83
1037 1481 94 100 97
1292 1303 27 81 37
1292 1039 14 92 55
1292 383 40 62 54
329 582 59 91 76
329 866 55 72 68
329 274 50 74 66
582 1077 72 90 77
582 1145 69 84 72
582 1268 94 98 98
330 1422 79 94 83
331 1115 87 96 94
331 267 81 97 97
331 405 16 87 64
331 457 40 86 61
331 1410 75 85 77
331 426 85 92 92
331 697 74 79 75
457 779 57 79 57
457 195 70 80 76
457 664 89 96 94
1410 799 63 69 65
1410 75 88 100 89
332 55 13 42 41
332 78 61 63 63
334 890 25 67 52
334 1325 90 91 90
334 1172 31 98 38
334 689 30 32 30
890 1014 88 98 88
890 196 29 92 37
890 707 92 97 97
1172 614 51 63 54
1172 922 62 84 64
689 453 92 97 92
689 1390 85 92 92
1319 6 77 94 80
1319 206 31 55 31
576 1468 42 73 66
336 1237 45 80 76
336 628 77 88 85
1237 752 40 41 41
1237 928 61 82 61
1237 1261 62 74 62
1237 1058 50 82 64
379 1270 76 90 77
379 505 23 55 42
379 1135 80 92 82
379 120 74 80 74
480 1297 52 57 53
480 310 74 78 74
480 1299 77 91 82
480 1042 71 97 90
339 1470 82 97 88
339 282 62 86 71
455 35 29 43 31
455 1179 81 82 82
455 531 62 63 62
455 689 90 94 93
455 150 53 66 57
867 956 18 35 21
867 587 89 90 89
867 1396 94 96 94
867 398 89 90 90
777 1206 10 43 16
777 796 41 60 56
771 1370 27 55 33
771 143 39 90 77
1170 598 37 67 52
1170 1491 74 91 82
345 122 46 75 48
345 1279 12 55 19
345 348 27 33 30
1279 755 38 39 39
1279 1016 85 100 85
1279 1267 84 97 86
346 710 72 91 78
710 1191 44 85 75
710 787 25 92 41
1200 683 73 87 84
728 1103 70 99 84
1049 483 47 92 78
472 1042 33 34 34
472 1105 30 100 79
472 1102 30 45 40
716 666 53 87 73
377 400 74 90 82
377 1414 67 88 88
377 798 22 47 32
377 485 53 87 78
351 57 50 94 84
351 1435 49 85 76
351 1309 74 80 77
351 719 68 84 69
351 229 40 81 54
351 35 92 95 94
1435 298 12 39 25
1435 827 94 99 94
1435 918 17 34 31
1435 1455 62 66 63
352 240 91 95 91
352 394 20 40 37
353 340 12 78 18
353 1189 42 56 42
353 130 87 90 90
353 855 89 93 90
1189 549 22 90 42
1189 552 56 81 68
855 1075 49 94 49
354 1304 94 98 94
355 1082 46 62 54
355 1017 95 99 99
355 1025 27 67 48
355 793 67 83 83
1082 194 12 50 46
1082 591 24 79 47
1082 1065 26 83 28
1082 852 12 91 21
793 1260 77 91 77
793 959 23 88 51
793 1040 88 97 90
793 596 88 91 91
793 967 45 55 45
356 57 25 76 27
356 838 11 68 30
356 71 91 94 93
356 822 19 89 55
356 1111 17 48 23
356 594 32 60 49
356 1434 15 96 95
356 1263 47 64 63
838 802 73 86 81
838 1259 37 88 54
358 244 15 61 25
1067 1127 53 75 53
1067 377 79 99 82
1067 1040 88 90 89
1067 674 61 81 62
1067 781 21 89 85
1067 1384 31 81 36
1460 1117 62 74 74
362 668 43 51 49
362 632 83 93 90
362 644 78 86 84
668 139 89 95 94
668 1051 84 91 90
632 563 55 92 83
632 1420 93 97 96
363 257 93 96 96
363 768 86 89 89
363 164 52 62 54
772 183 79 86 83
772 989 90 96 92
772 180 42 47 45
772 44 52 93 78
772 1036 28 37 32
772 827 32 53 41
1479 789 46 52 48
366 416 48 98 67
366 621 92 97 96
366 622 95 96 95
366 116 19 97 30
366 1233 74 84 84
622 1457 72 98 98
622 1152 47 81 52
1233 1471 24 54 36
1233 1164 41 98 66
1233 696 66 94 94
589 504 83 100 98
589 1447 76 83 78
368 87 29 86 76
368 62 80 88 84
369 318 73 86 73
369 1465 34 81 39
369 1292 26 46 34
369 1458 81 96 89
369 16 49 80 73
1465 540 93 97 96
1465 841 18 39 27
371 1368 87 91 87
371 1324 78 91 88
371 646 59 92 79
371 114 26 100 68
371 487 62 63 63
1368 808 55 83 82
1368 708 66 99 75
646 474 33 55 37
646 1204 12 64 39
646 364 84 91 84
646 946 14 85 23
646 1259 39 44 42
646 1211 62 87 77
646 748 81 88 81
646 969 87 90 88
372 1035 19 73 43
1035 574 52 78 59
1035 551 37 58 43
1035 230 64 84 80
513 8 60 71 66
513 1354 31 37 37
513 1153 89 95 92
513 313 73 75 74
374 292 45 75 66
374 24 51 71 69
374 998 88 93 90
374 507 89 93 89
374 491 54 79 76
998 53 45 84 58
998 1398 48 52 49
998 187 77 88 83
998 841 61 70 64
998 872 35 70 48
376 768 19 50 33
376 818 93 99 99
376 524 69 80 79
376 1392 65 78 74
1392 1016 23 56 31
1392 348 69 73 73
1392 612 18 94 56
1392 697 19 46 38
1392 332 93 97 97
400 504 83 99 97
400 603 18 66 57
378 642 38 94 88
378 139 67 97 67
1135 94 19 24 22
1135 544 25 71 36
1135 496 47 80 49
1135 711 57 80 74
381 89 36 99 62
381 1285 10 26 11
381 1284 56 100 86
381 1247 87 97 87
381 571 51 64 54
1285 1049 58 66 58
1285 299 41 52 47
382 645 20 82 80
645 393 34 75 34
645 419 56 69 69
645 1352 32 78 47
974 1343 36 86 42
974 814 43 46 43
974 1409 88 90 89
385 720 77 84 83
385 979 75 77 76
385 217 47 93 58
979 79 68 69 69
979 1059 71 83 71
979 556 33 89 77
979 1466 70 77 77
386 123 60 82 74
386 1412 89 96 90
386 1325 17 80 44
387 1041 62 92 63
1347 427 64 66 64
1347 1418 93 98 95
1347 346 60 73 69
1347 335 55 78 64
1347 451 48 94 55
390 419 54 99 60
390 470 55 81 80
390 303 92 94 93
390 779 82 94 83
470 361 40 62 51
470 805 22 53 45
470 1063 69 90 78
470 1088 89 94 92
470 170 19 27 20
391 452 12 50 41
391 1045 38 100 97
391 603 62 72 70
603 1432 48 83 64
1413 662 66 88 69
1413 438 49 53 52
1413 616 48 49 49
1413 745 52 53 53
1413 684 13 68 64
1413 1216 60 98 80
466 89 47 59 50
466 777 37 94 91
466 600 15 55 41
395 1049 75 84 82
395 1206 59 73 71
395 1425 66 71 71
1425 1210 12 45 16
1425 756 85 87 87
1425 11 17 47 25
685 381 47 87 67
685 641 47 96 94
685 610 10 55 20
1084 1243 19 20 19
1084 1003 39 75 61
1084 678 31 39 37
1084 363 57 94 70
1084 1342 12 13 12
1084 280 67 68 68
1084 1051 27 98 43
1084 397 43 57 48
1084 76 80 97 96
398 607 16 28 16
398 294 80 94 82
399 513 29 78 58
399 234 45 56 47
399 557 25 65 61
399 1019 28 92 59
399 993 72 88 79
993 480 70 80 76
993 702 57 83 71
993 97 55 74 74
993 144 53 77 69
993 68 47 84 48
1417 1384 17 98 51
1417 439 82 85 85
1417 84 21 40 29
891 693 64 65 65
891 1041 38 100 89
402 21 73 96 80
402 77 33 57 55
402 604 45 53 53
402 963 59 83 83
402 1457 17 21 18
402 888 79 98 90
604 303 41 89 78
604 1351 18 26 22
963 1080 79 90 86
963 1041 11 39 39
963 1339 84 96 87
1427 398 14 88 42
1427 924 78 84 80
1427 987 33 34 33
1427 588 83 98 86
1427 391 35 59 40
404 366 13 55 30
404 53 65 99 94
404 95 31 50 46
1152 278 82 93 89
1152 1485 27 90 45
1152 1334 30 63 61
1152 1415 86 90 89
407 1075 79 91 87
1075 826 83 97 85
1075 405 49 77 57
1075 95 56 91 56
1075 1254 66 82 71
429 579 10 38 36
429 1162 15 51 23
429 594 40 55 45
429 754 20 26 25
654 891 70 71 71
654 1006 71 95 95
654 1127 70 74 72
411 487 22 62 44
411 1412 52 85 70
411 656 43 57 54
656 988 46 93 63
656 1098 11 93 51
656 563 43 63 51
837 1016 67 92 90
837 809 38 78 52
837 339 90 93 90
413 5 81 90 90
413 704 87 91 87
413 1292 28 67 28
414 1356 95 98 97
414 1286 90 91 91
1356 752 22 25 25
415 442 20 51 43
415 635 73 81 75
442 690 31 46 45
717 1234 12 18 12
717 945 15 92 55
717 23 91 98 97
693 30 11 79 18
518 1439 95 97 96
518 724 38 62 38
518 1023 56 74 66
518 147 42 96 48
518 249 62 100 99
490 615 44 45 44
490 583 49 90 81
490 949 48 71 59
422 31 63 64 63
422 48 71 83 78
422 676 81 88 86
423 1216 48 92 61
423 198 14 98 41
423 718 68 79 76
1216 885 39 99 48
1216 731 50 84 61
425 1329 42 89 49
425 816 85 87 86
425 56 47 93 66
425 1010 25 54 52
1329 582 39 96 85
1329 1389 32 49 46
816 1334 27 57 48
816 1249 50 57 54
816 870 80 87 87
732 756 92 96 92
732 1483 48 99 51
732 135 61 69 61
732 1405 76 86 80
732 1022 69 84 83
857 1489 64 91 78
857 894 18 62 28
857 617 66 93 78
1142 1201 28 42 38
1142 331 69 91 78
431 638 14 71 65
431 447 16 24 20
638 277 39 74 74
638 1054 14 87 40
447 490 38 66 66
447 108 46 75 66
1219 1281 13 48 21
1219 315 23 77 54
1219 892 71 86 86
1219 1463 73 100 96
1219 334 47 68 59
1219 1287 63 87 63
1219 685 27 55 38
1177 1239 61 92 87
672 1431 74 95 86
1061 183 73 88 87
1061 942 88 98 92
1061 1022 16 74 25
436 35 66 67 66
436 1341 42 67 46
1234 790 35 80 51
1234 34 80 89 83
1234 258 71 74 73
443 446 92 95 93
440 38 46 96 73
440 791 14 22 20
445 447 78 83 82
445 999 59 98 77
445 1289 20 58 55
445 629 23 87 49
445 1376 68 70 70
999 847 27 87 33
999 1254 74 92 82
629 788 16 87 20
629 381 70 72 70
629 20 13 78 73
629 332 80 94 85
1376 900 39 47 44
1376 651 15 55 29
1376 43 91 98 92
1193 102 80 98 82
1193 607 18 74 22
1193 674 73 95 90
1193 1425 14 85 56
1193 226 39 47 42
908 1410 64 92 73
908 0 26 92 72
1090 202 78 91 81
1090 366 62 97 74
1134 207 65 92 71
1134 1073 37 75 59
1134 69 36 86 52
451 164 60 83 70
451 480 47 96 92
1343 1127 25 49 37
1343 1315 27 46 40
1343 497 11 25 23
1343 819 66 93 82
1048 823 31 85 80
1048 618 60 83 74
1048 926 14 56 19
1278 57 87 98 95
1278 926 75 84 77
1278 321 40 66 43
1278 669 74 93 86
1278 278 45 67 67
1179 747 67 71 67
1179 635 35 93 81
1179 698 76 99 88
1179 515 65 94 85
1179 124 44 64 58
1179 1433 66 67 67
456 1200 75 93 92
879 212 66 97 74
879 1218 23 45 27
879 423 88 96 92
1161 1010 61 82 71
1161 1369 28 40 31
1161 766 45 56 54
730 518 72 83 78
730 538 15 31 20
730 1010 63 70 65
730 824 32 56 46
730 228 77 92 82
1108 616 79 90 85
1108 111 64 93 77
1018 1359 25 39 32
1018 1268 86 95 95
1018 801 31 37 35
1018 491 76 82 77
463 1234 58 98 75
463 942 22 74 72
942 1126 70 80 71
942 1387 29 61 47
942 319 83 100 85
942 494 14 68 30
942 617 29 92 53
942 572 79 87 87
942 1075 17 93 32
464 1126 89 100 95
464 651 30 69 45
600 1211 60 92 85
600 869 66 71 67
600 727 31 84 44
467 1465 91 95 92
467 896 24 33 27
467 574 38 58 51
468 168 69 85 85
468 944 55 65 61
468 1020 25 72 49
468 840 92 96 93
944 1208 16 99 95
944 1346 11 80 25
944 715 24 68 60
1020 873 32 89 58
1020 92 41 45 44
1020 180 42 56 46
1020 808 54 73 66
469 176 89 98 98
1063 809 54 90 66
1063 349 37 86 65
1063 796 16 44 16
1063 13 65 96 74
887 964 19 71 67
887 935 69 93 82
887 202 93 95 94
887 1141 30 61 46
887 756 71 76 75
739 1009 88 93 90
739 496 88 89 89
739 1244 27 48 38
739 1354 43 90 72
1042 678 94 95 94
1042 1249 11 24 19
1042 1219 54 74 56
1042 482 56 65 64
1482 986 51 55 53
1482 1015 76 89 80
1482 293 68 93 89
1482 1011 95 96 96
1482 38 87 98 94
474 1159 85 92 89
474 322 53 66 57
474 2 92 93 92
474 41 24 72 46
474 24 23 48 44
1159 1094 35 87 79
1159 635 73 78 76
1087 831 43 78 61
1087 565 93 97 93
1087 879 47 69 50
519 532 62 67 65
519 380 45 97 90
479 1161 72 81 72
1299 222 30 44 35
1299 852 14 36 19
481 703 57 61 58
481 463 31 44 38
481 631 34 75 52
481 49 47 76 59
481 182 43 82 68
1359 683 94 99 94
1359 1001 80 92 85
904 551 57 83 57
904 1278 56 83 64
904 591 27 67 30
483 56 93 95 94
484 1039 78 86 82
484 539 23 64 46
1180 939 75 93 75
1180 1132 42 86 79
1180 674 59 66 61
1180 667 47 93 84
860 1344 13 83 13
488 1208 49 82 79
488 629 88 90 90
1208 632 35 46 36
1208 306 60 80 77
1208 563 31 45 32
1208 951 67 71 71
1208 1460 52 93 79
1208 701 74 83 74
959 61 93 95 93
959 511 74 86 77
959 1137 26 46 32
615 1118 12 65 61
615 147 34 55 35
615 71 95 100 96
615 790 63 100 88
827 1379 77 93 83
827 466 12 29 21
827 1129 25 51 33
827 1455 10 70 65
492 1418 46 65 46
492 751 30 91 64
492 106 19 22 19
536 1022 61 64 62
536 400 27 49 30
536 827 92 100 93
536 1455 88 94 90
536 254 44 86 51
536 942 29 66 34
499 1108 32 57 54
499 454 50 90 80
499 989 79 94 83
989 720 40 64 58
989 766 22 92 50
989 1081 42 71 43
989 614 77 85 81
500 1250 15 67 31
541 1239 40 47 44
541 560 40 43 40
585 15 46 92 90
585 711 89 95 95
585 900 27 34 27
502 216 27 91 54
502 911 18 63 34
911 10 92 93 93
911 704 26 64 58
911 271 79 82 82
911 1119 75 85 79
503 871 32 93 91
503 692 21 37 34
503 1308 80 81 81
503 1233 24 86 56
503 544 53 79 56
503 189 93 99 97
692 1320 92 100 96
692 1292 58 98 89
692 257 81 85 84
692 321 15 62 43
692 1184 59 70 63
978 1418 62 68 65
978 443 25 69 44
978 178 31 69 42
806 307 87 92 92
806 1293 19 66 25
806 1264 31 71 64
806 943 66 90 84
919 1182 87 95 92
919 953 83 91 90
1081 431 75 94 84
1081 234 26 34 33
1081 1129 20 98 22
1323 818 83 92 88
1395 346 76 79 76
1395 1164 74 100 81
639 900 65 76 65
639 30 71 92 84
509 44 75 96 90
509 988 55 86 56
509 664 71 91 90
509 341 83 95 86
1171 1020 12 71 67
1171 41 26 47 47
1171 546 82 100 100
1171 539 12 72 26
1171 117 59 93 87
511 978 46 89 68
511 929 68 85 72
511 1479 79 90 82
511 432 33 89 50
511 594 40 79 60
511 944 15 27 24
929 772 48 66 61
878 1205 21 71 25
878 197 27 38 35
878 1212 94 96 96
878 819 16 51 25
878 608 38 52 51
878 1135 24 85 71
994 32 54 89 72
994 1319 28 74 51
967 881 14 81 78
967 1172 81 88 83
967 502 59 87 76
967 1351 93 96 94
967 1251 62 99 68
967 1153 88 90 88
514 826 23 59 41
514 869 29 91 30
514 647 14 66 41
1420 809 47 72 51
1420 1409 46 67 56
1420 1025 47 76 55
1420 1244 93 98 94
1223 18 14 24 16
1223 1036 95 96 95
1223 1208 89 92 90
1223 1437 31 35 31
516 1197 73 87 73
516 1438 42 88 46
516 908 34 65 58
516 1074 95 98 96
1197 1105 29 97 62
1197 1079 67 77 70
1197 498 13 57 45
1197 1443 12 74 70
1074 12 84 88 84
1074 1276 22 82 82
1074 1147 21 62 34
517 601 20 86 84
517 450 19 26 23
601 855 74 81 79
601 1101 80 97 88
1439 1122 57 64 58
1439 461 91 97 97
1439 1247 14 76 62
1439 255 69 97 94
724 399 74 96 76
1023 674 58 73 73
1023 367 92 95 94
532 123 50 66 52
532 1180 25 97 51
532 1199 67 88 69
532 1471 35 56 50
532 266 41 44 42
532 1410 45 48 47
532 1153 69 71 70
532 1323 13 43 21
522 1475 23 45 39
522 394 72 87 75
522 900 27 89 65
522 422 56 70 63
522 845 43 95 67
522 408 65 93 84
522 937 66 89 77
523 44 74 92 83
523 1176 64 81 80
523 933 73 99 81
523 721 57 85 62
933 868 34 89 80
933 497 25 77 51
933 927 79 93 79
933 1143 19 94 54
606 572 40 80 49
606 1180 23 58 56
606 19 26 44 39
606 721 77 89 77
606 879 67 76 69
606 394 14 20 20
606 1060 65 86 84
527 609 46 78 53
527 943 92 97 93
943 936 95 99 98
943 1449 29 75 32
943 117 43 86 74
943 852 44 52 45
943 463 66 77 74
943 1068 61 78 66
943 1062 46 88 85
528 1451 34 79 37
528 14 71 80 79
1451 881 37 48 43
1451 439 56 71 58
1451 708 32 37 35
872 781 31 34 33
872 227 66 67 66
872 1381 49 76 57
530 1436 85 89 89
530 1450 63 90 88
530 604 51 75 52
1436 388 56 61 57
1436 995 42 78 61
1436 1259 69 98 78
1436 776 18 42 26
1012 735 59 61 61
1012 90 87 90 89
1012 73 17 31 17
1199 413 84 89 88
533 345 54 82 74
533 1408 77 97 92
533 23 16 58 21
1408 369 83 85 83
1408 706 31 83 68
1408 1296 88 96 93
534 1230 51 80 71
534 1410 28 72 54
534 938 54 56 54
534 1469 93 98 95
534 137 66 100 82
938 1230 39 52 46
610 450 39 83 65
610 1115 18 96 67
610 236 88 98 89
610 515 59 79 79
610 1057 57 64 61
610 416 59 73 72
1455 715 32 59 39
1455 1382 45 64 52
727 148 67 89 86
727 1024 43 90 69
727 131 49 79 62
727 13 38 53 38
540 1169 88 97 90
540 1358 49 58 55
540 77 65 66 65
540 443 13 19 19
540 209 69 93 78
1169 876 28 91 36
1169 1079 35 85 43
1169 1359 84 94 94
1169 1408 15 88 52
1358 196 77 91 82
1358 794 25 66 64
1358 1437 28 66 54
1358 1439 23 24 23
1358 720 52 55 55
1358 1185 65 96 67
542 532 18 23 21
542 715 14 67 41
542 260 53 96 95
1227 770 74 100 99
1227 8 41 86 79
1227 1087 66 70 69
1227 1440 79 81 81
1227 886 87 96 95
1227 1384 24 57 36
547 119 44 63 62
547 10 27 100 81
547 443 95 100 99
547 9 22 64 56
573 838 39 99 80
573 263 80 95 94
573 789 37 85 43
549 1158 29 83 55
549 616 13 83 54
1073 80 17 83 31
1073 585 60 86 68
572 299 44 68 44
572 811 27 86 31
572 1300 76 86 79
572 854 83 89 86
572 127 88 97 93
553 56 44 81 70
553 1083 76 88 81
553 3 48 79 56
553 350 53 60 55
640 379 39 100 57
640 604 93 98 95
640 1326 82 85 83
640 1378 73 80 78
640 436 89 95 89
640 1284 87 89 89
640 782 73 82 82
1419 1053 69 73 70
1419 1182 55 74 69
556 778 40 87 84
556 1153 10 92 59
556 1047 20 94 57
559 700 29 45 40
559 377 59 65 62
559 686 21 88 78
686 573 69 78 74
686 832 35 51 36
686 1127 79 100 86
786 353 54 81 65
786 169 53 95 92
786 691 45 80 48
734 254 83 100 83
734 414 81 85 84
734 341 49 69 65
734 1228 58 97 60
734 191 56 57 57
734 44 38 84 44
734 1206 86 100 86
1366 16 24 42 35
1366 1400 19 100 53
1366 1277 52 66 56
562 494 49 93 90
562 476 93 95 93
562 82 54 70 65
562 1485 77 82 80
562 309 87 99 87
563 644 93 94 94
563 848 11 81 59
563 1065 93 99 96
1065 228 45 51 49
566 1310 10 52 10
567 1304 34 46 41
567 748 37 52 44
567 1308 43 53 47
748 865 37 64 51
748 1282 21 65 37
748 924 21 92 63
568 211 89 96 95
568 1453 91 96 93
568 1371 91 97 94
568 70 91 94 92
1371 1257 10 69 55
1371 1140 70 90 80
1371 444 69 84 70
1371 1121 63 81 64
1371 1031 26 61 32
1371 101 33 75 73
1371 1483 27 83 45
852 1159 91 95 93
852 719 56 84 68
852 1087 89 96 89
966 392 23 99 69
966 759 85 100 89
966 20 15 32 15
966 429 84 98 97
1300 1145 45 73 49
1300 315 64 88 76
1300 159 30 52 36
854 341 58 78 60
575 1166 92 95 92
575 1237 41 55 47
577 1148 17 48 21
577 1067 11 12 11
578 1116 13 96 75
578 622 53 65 58
578 1184 84 87 87
578 1087 79 95 88
749 720 72 82 82
749 1408 76 99 83
749 900 38 43 42
749 694 43 52 47
673 1075 91 94 94
673 27 14 77 56
673 1286 50 85 55
673 1046 94 99 98
868 1457 15 16 16
868 1036 42 80 70
868 1267 88 89 89
868 1414 10 90 90
868 621 57 61 61
868 326 92 95 95
581 1086 65 85 84
581 915 46 51 49
581 430 57 70 60
581 10 19 86 19
581 493 88 91 91
581 697 72 95 94
915 116 71 76 72
915 366 45 90 86
915 1287 95 97 96
1077 1021 91 97 94
1077 404 78 86 86
1077 747 29 98 82
1145 127 12 91 75
1145 275 93 100 98
1145 1205 72 84 77
630 1144 36 38 37
630 821 90 91 91
630 761 49 83 75
814 1286 59 88 88
714 1390 41 51 45
714 607 43 66 64
714 143 45 82 76
931 521 52 66 64
931 725 70 97 89
587 48 67 77 72
587 1385 91 100 92
587 41 83 95 87
587 580 23 43 31
587 26 72 98 79
587 633 88 93 90
1385 915 29 88 74
1385 485 81 86 81
1385 189 76 97 84
633 1382 34 48 42
633 356 86 87 86
1447 1156 22 29 23
1447 577 53 84 61
1447 596 36 58 45
1447 109 66 92 66
1447 396 88 90 89
1447 25 24 53 52
592 1 73 81 80
592 33 63 89 66
592 1195 57 79 72
592 935 76 90 89
1195 1199 24 78 49
1195 296 78 94 88
1195 810 90 97 94
1195 741 35 53 52
935 1206 45 51 51
935 850 66 91 70
935 580 94 96 95
593 1075 61 86 67
593 1378 46 55 50
593 371 63 78 73
1091 789 26 43 42
1349 719 54 89 55
1015 194 59 60 59
1015 428 50 98 79
1015 1014 72 75 74
598 377 10 72 65
598 928 82 89 87
602 856 77 83 77
602 807 95 100 98
602 1133 95 97 96
602 132 55 74 73
602 1460 51 88 61
602 365 30 73 47
807 160 29 89 63
807 841 72 82 73
807 1012 15 25 16
807 508 90 98 91
807 749 87 92 91
605 1176 61 81 79
605 790 61 63 61
605 393 37 98 88
605 309 83 99 87
605 373 20 43 43
605 967 82 98 87
790 356 20 31 21
1060 930 72 82 76
1060 597 24 60 33
1187 298 72 97 95
1187 1012 91 94 93
1187 187 12 99 45
1187 567 20 45 38
1187 176 48 68 68
898 717 84 92 87
898 1303 37 86 45
898 1383 88 100 94
898 1367 80 100 96
898 718 18 58 19
902 679 46 58 46
839 215 77 84 82
839 1422 19 23 21
1198 803 23 78 53
1198 916 56 99 92
977 397 90 93 93
977 1460 82 95 91
977 757 89 95 93
977 188 69 87 73
977 100 24 71 39
977 896 45 99 99
614 57 26 32 31
1118 573 87 95 94
1118 1382 47 77 48
1118 1389 35 36 35
1137 1318 18 47 41
619 1398 51 62 55
619 850 89 100 98
1398 54 89 100 98
1398 193 93 96 94
1398 45 78 95 93
850 925 12 24 23
850 284 39 83 47
850 364 71 86 86
850 77 94 100 97
620 1144 37 100 64
620 309 72 75 72
620 643 70 79 70
620 1138 23 52 38
620 217 30 82 48
620 1462 46 85 84
1144 924 44 75 51
1144 1040 10 21 16
1144 1279 75 83 81
1381 1241 13 37 34
1381 304 36 96 38
1381 56 76 77 76
624 147 51 62 62
624 273 87 95 92
624 930 69 82 71
930 1214 39 63 40
930 367 58 65 64
625 1359 16 37 34
625 150 41 47 41
625 1080 44 75 66
625 212 25 55 47
625 727 77 79 78
626 1072 40 51 40
626 580 31 86 40
626 572 91 99 97
1072 663 26 45 38
1072 30 44 90 52
1072 14 84 90 85
1072 385 36 55 54
627 856 56 83 64
627 207 35 72 70
627 1223 40 69 66
627 772 58 81 67
627 1058 72 99 89
788 376 30 89 55
761 221 93 98 93
761 1410 13 32 32
761 259 63 72 66
761 1197 28 99 69
761 1450 16 36 30
761 55 63 87 84
761 1386 36 85 80
761 969 51 64 64
761 577 11 46 32
761 1345 32 73 39
761 156 43 69 66
1382 264 86 90 90
1382 1059 75 76 76
1382 337 29 91 70
637 428 95 96 96
637 1364 28 97 52
1364 72 29 82 76
1364 143 58 62 61
1364 1040 17 95 69
1364 808 13 84 79
1364 422 58 83 62
1364 117 22 100 48
1054 710 34 98 53
641 1059 30 45 42
996 641 28 40 31
996 1360 33 98 69
1423 571 88 94 89
1423 597 23 46 24
1423 1085 37 40 39
1423 1418 59 64 60
1423 1289 36 86 40
1423 567 75 97 86
1423 349 61 89 62
1423 27 87 89 89
909 1304 41 85 54
909 833 54 83 75
909 1437 23 92 36
1204 733 77 86 86
1204 468 76 89 80
1204 563 64 94 82
1204 819 25 86 68
1204 1477 80 92 86
1204 844 32 42 37
946 676 18 63 50
946 212 83 100 88
946 1007 88 94 91
969 686 78 94 86
969 945 84 94 91
969 1094 49 51 51
1068 946 75 83 82
1068 526 30 42 32
1068 1318 76 82 77
650 417 49 67 54
650 482 24 78 59
650 390 59 67 64
652 672 69 90 80
652 525 62 67 66
652 208 52 81 63
1006 472 37 63 56
1006 393 46 58 53
1006 917 79 83 81
1006 479 33 79 67
1006 1469 63 79 68
1098 873 93 97 95
1098 260 73 98 83
1098 381 49 72 70
1098 652 46 86 56
657 725 84 86 86
657 965 42 71 57
657 372 51 69 57
657 159 18 95 31
657 892 30 69 52
657 805 18 57 41
657 94 40 43 43
725 733 40 70 52
725 1481 18 28 24
725 1287 64 96 68
725 674 64 69 66
660 290 29 39 31
660 877 55 66 58
660 0 52 100 99
660 750 13 31 30
836 354 14 29 17
1064 584 80 84 84
812 1130 92 99 96
812 989 85 92 85
812 565 62 100 99
666 1421 39 50 46
666 1382 89 92 90
1421 206 42 60 56
1421 643 54 73 59
1421 492 78 89 87
1011 681 20 46 21
1011 70 67 92 88
1011 346 42 57 47
1011 571 32 72 51
1011 139 82 84 82
1011 147 51 69 53
1011 412 80 92 89
669 32 88 90 89
669 133 64 76 64
903 37 92 97 95
903 449 34 53 40
903 400 28 95 85
903 944 86 98 94
1431 885 62 70 70
1046 1180 84 100 90
1046 1389 35 40 35
1046 1224 18 58 26
674 566 36 81 72
674 757 35 41 41
674 0 54 63 63
674 962 59 80 75
674 1432 67 80 68
1117 823 81 95 95
1117 1279 64 72 66
1117 466 18 98 68
678 370 76 92 76
678 300 72 95 75
679 401 38 65 63
679 101 32 60 56
680 752 72 73 73
680 862 76 86 80
680 1108 94 95 95
680 314 82 89 84
680 21 22 45 27
680 457 74 80 76
680 125 46 81 61
680 502 13 52 29
752 1050 87 93 93
752 1286 47 97 58
752 434 28 33 29
752 1169 75 96 88
752 1492 14 33 16
752 1312 82 91 88
1492 686 70 90 71
1492 33 39 84 84
1021 536 35 36 35
1021 454 90 93 90
1021 1101 19 37 21
1021 106 45 99 80
683 1034 95 96 96
683 218 40 61 54
687 1227 30 59 56
687 164 21 40 39
687 751 72 88 86
687 226 36 97 89
687 97 81 89 89
1390 600 85 88 86
1390 289 18 25 23
691 657 50 59 57
691 996 84 100 90
691 331 30 68 50
1226 1035 42 58 43
939 1408 21 40 36
1362 471 88 96 93
1362 692 74 97 95
705 1349 90 96 93
707 335 75 98 97
707 150 71 81 80
708 824 77 87 85
708 397 70 79 79
824 219 37 67 52
824 544 83 92 87
824 517 30 50 35
1466 224 78 79 79
1466 1017 85 94 89
713 310 16 54 54
713 1159 46 52 50
1146 141 14 38 38
1146 108 85 100 100
1146 565 62 75 75
1369 387 91 95 93
733 332 19 48 35
733 79 35 45 37
1024 572 17 18 18
1103 1025 78 91 88
1103 760 27 54 45
1103 1473 42 73 58
1103 110 51 60 54
1103 1100 16 71 22
1103 1260 43 58 55
975 487 79 91 80
975 45 57 61 59
975 959 92 95 93
975 678 34 92 62
975 736 32 82 52
975 1478 84 98 88
1409 1056 80 97 95
1409 830 33 76 46
1409 1062 56 60 60
1409 337 50 95 68
1409 928 47 60 54
1409 480 93 94 93
1409 1491 41 99 77
756 902 30 42 42
953 999 75 100 92
953 406 39 57 45
953 344 37 92 64
736 552 26 38 29
736 1194 67 97 86
736 798 11 17 12
770 1045 81 93 85
770 1024 32 85 81
1173 698 79 88 81
1173 480 38 83 76
1173 935 51 84 76
1173 940 23 48 37
1173 667 91 98 93
1009 694 46 59 52
1009 556 87 92 88
1009 968 49 90 61
741 428 60 98 90
741 225 90 95 91
741 1028 46 67 62
741 351 55 87 72
1258 1454 47 53 49
1258 1424 24 90 60
1258 1054 74 94 77
1258 582 74 96 95
1258 1141 66 77 69
1258 406 11 24 24
1258 925 40 81 45
1205 101 84 100 86
1205 948 86 95 88
1205 1190 68 90 80
1205 857 48 55 50
1205 244 59 86 84
745 138 16 82 63
865 916 47 48 48
865 613 14 95 91
865 1067 63 98 76
924 229 12 14 12
924 817 37 85 81
924 777 48 97 87
755 1011 24 25 25
755 804 89 99 89
755 1219 44 69 60
758 717 52 89 81
758 571 19 29 22
758 896 24 46 44
758 739 35 46 45
759 1436 56 75 57
1386 669 67 75 69
1386 785 76 97 84
762 1278 62 74 72
762 922 77 85 81
762 179 74 89 82
922 737 91 95 94
763 725 20 95 64
763 1000 39 83 59
763 577 23 86 35
763 190 91 99 93
1000 630 52 70 62
1000 1413 35 99 40
1000 784 78 82 81
1000 85 32 73 67
1000 600 35 70 43
765 88 14 96 45
1260 347 88 100 99
1260 1167 90 96 93
1260 405 64 100 90
1106 682 44 78 58
1106 1116 53 91 62
1106 344 49 97 92
1106 537 21 39 31
1106 152 16 87 64
1106 1083 91 100 98
870 69 29 43 32
767 178 59 68 68
767 730 46 68 59
1112 1118 93 98 96
859 25 77 88 88
774 1050 29 47 39
774 858 87 94 89
774 815 68 91 77
774 673 38 52 44
774 1283 74 87 78
858 569 34 53 44
858 794 85 95 85
815 429 35 85 72
815 441 49 85 57
815 199 21 100 100
1461 1185 76 94 92
1461 565 68 85 76
1461 1367 92 94 94
1461 1030 25 65 49
1461 39 25 89 53
1461 1199 49 60 50
1404 314 95 98 97
792 1082 59 72 71
792 570 88 90 88
792 351 95 99 97
794 1191 62 95 69
1128 903 57 71 68
1128 670 55 74 63
1128 1302 55 61 55
1128 1485 67 68 67
799 552 68 90 83
799 1208 48 61 55
1318 921 70 77 70
1318 1049 73 86 81
1318 1377 20 82 66
1318 1475 90 93 93
1318 13 52 76 69
1318 249 67 78 68
1318 535 46 74 61
1242 454 47 85 79
910 1205 50 88 71
910 35 78 83 80
910 716 39 94 83
910 1252 28 69 55
910 332 66 79 71
910 1291 52 80 73
809 1481 92 93 92
809 1189 86 88 87
809 232 24 78 53
809 905 19 79 53
809 50 36 77 75
905 1339 21 22 21
905 341 43 75 66
905 978 18 72 36
905 326 29 87 63
905 40 67 93 78
1130 201 61 81 78
987 972 50 74 50
987 246 84 85 84
1334 255 41 66 51
1334 1237 86 96 91
1334 1052 39 95 90
1334 105 86 92 88
1249 1377 78 84 84
819 755 83 96 91
819 3 78 94 83
819 332 88 98 97
819 1452 55 61 56
1444 569 84 86 86
1444 26 43 56 43
1444 309 77 95 84
1444 75 25 33 29
1437 545 70 72 71
1437 216 43 64 55
957 11 61 89 72
957 122 33 41 34
957 424 32 96 47
957 51 37 97 54
1167 491 57 93 73
1167 1308 59 97 97
829 20 31 75 48
829 476 17 33 33
829 714 41 49 47
829 1161 27 45 27
829 27 18 96 56
951 1192 40 64 57
951 448 19 29 22
1016 396 60 70 66
1016 223 29 84 47
1016 730 30 90 67
846 1264 53 94 74
846 1241 27 42 37
847 606 82 88 87
849 1071 13 87 85
1218 83 82 83 83
1218 945 65 92 83
894 179 43 44 43
894 1016 62 93 74
894 791 84 93 92
861 1343 11 58 45
861 106 52 55 52
861 441 82 93 84
861 1162 38 40 39
864 362 31 56 49
864 1295 85 90 85
864 666 39 94 43
864 941 47 48 47
1295 1486 51 61 61
1295 171 91 95 93
1295 445 52 91 52
1123 1203 67 88 78
1123 692 44 95 92
1224 1373 61 94 68
1224 564 26 93 75
1224 262 53 84 61
1224 928 92 96 94
1224 267 66 76 74
1224 842 36 45 43
1463 1222 62 91 64
1463 887 95 99 96
1463 166 87 96 88
1463 220 95 96 96
1463 886 85 89 86
1463 207 93 97 93
876 71 51 77 70
876 1179 20 39 34
1212 1013 73 80 75
1212 351 26 65 32
1212 248 90 95 90
1212 1245 16 50 17
1314 914 27 95 67
1314 1420 38 64 55
1314 1255 37 90 85
1314 1150 79 89 86
1314 668 72 88 80
1314 1453 19 66 46
1314 720 23 91 46
882 1241 12 75 50
882 1271 65 87 85
882 1080 88 93 91
976 1159 65 96 95
976 519 19 95 88
886 1271 71 80 80
886 754 16 31 27
886 317 28 45 36
1141 1026 91 99 98
1141 732 69 71 70
1141 116 51 93 88
1141 1036 26 58 27
1141 1117 15 74 43
893 1200 91 97 94
893 1031 28 79 64
893 1167 45 50 49
893 251 46 91 76
893 747 72 75 72
893 73 85 92 92
893 967 42 88 70
897 1082 15 75 51
897 240 63 64 63
897 93 56 98 96
897 1200 87 100 92
897 1180 74 85 78
897 22 83 90 84
897 3 70 80 75
897 1004 85 99 89
1303 576 45 47 47
1303 220 38 85 57
1303 827 80 90 84
1303 597 64 90 65
1303 1412 23 61 37
1303 1072 65 75 66
1303 1065 27 97 79
918 518 10 22 17
918 1233 73 93 93
906 524 47 57 53
907 1160 79 82 80
907 1471 68 76 70
907 1234 36 79 78
907 1442 35 83 73
907 638 93 98 95
907 1351 33 89 38
1252 712 14 22 17
940 455 70 73 71
940 367 30 75 32
940 1100 57 80 59
940 639 25 57 54
940 237 73 96 73
921 550 63 92 66
921 590 47 93 90
921 1470 67 95 87
921 167 21 89 46
927 1427 70 92 72
927 421 92 100 100
927 704 43 48 43
1214 840 60 77 68
1214 578 80 90 86
1387 996 59 90 78
1387 345 58 76 59
1387 521 92 94 94
1387 553 56 65 63
1007 442 46 51 48
1007 115 46 90 90
1007 565 58 73 73
1389 651 24 50 29
1389 668 74 88 84
958 213 64 97 76
958 244 59 85 63
958 458 53 95 62
958 204 29 41 36
958 515 30 50 34
958 309 87 94 88
960 1030 41 57 48
960 495 92 94 93
973 1033 62 86 69
973 969 22 40 34
973 1227 17 100 56
973 604 63 64 64
968 444 21 91 88
968 1247 19 63 19
968 1298 56 77 65
968 349 22 44 22
971 1313 37 60 48
971 1398 25 86 40
971 115 75 77 76
971 256 10 72 30
971 419 15 99 40
1033 80 80 89 88
1033 369 94 98 98
1033 944 95 99 97
1033 66 19 30 25
1033 251 30 77 43
1478 477 74 84 76
1478 1103 84 94 87
981 1188 58 95 74
981 386 78 93 79
981 90 53 87 85
981 1356 21 82 39
981 737 78 94 85
981 240 25 59 52
986 805 65 87 78
986 629 71 96 74
986 795 78 80 78
990 1269 91 94 93
1269 242 51 53 51
1269 56 18 40 39
1269 953 65 79 79
1254 1037 79 83 80
1254 152 13 72 64
1254 757 24 36 34
1254 191 19 85 67
1254 803 95 97 97
1254 1180 34 99 66
1008 739 48 66 56
1008 608 79 94 85
1008 754 59 99 85
1026 1049 34 54 50
1026 819 70 91 91
1029 1427 43 66 56
1029 754 42 79 59
1029 582 64 83 73
1029 367 65 77 77
1029 569 87 95 93
1029 1305 88 92 92
1029 933 90 91 90
1032 1298 61 73 61
1032 219 79 82 79
1032 1133 26 86 31
1038 348 41 93 61
1038 1255 94 99 94
1038 1291 52 90 62
1038 52 74 76 75
1038 21 69 93 84
1113 111 47 77 75
1113 648 91 92 91
1315 1247 35 40 39
1315 601 34 97 56
1056 953 44 70 54
1056 1276 23 31 28
1056 193 49 90 89
1056 1446 84 94 88
1056 311 53 56 54
1446 170 86 92 91
1446 302 10 72 65
1446 570 38 58 48
1446 821 23 34 34
1446 1115 12 75 24
1353 1308 52 61 55
1272 1154 45 100 68
1272 935 48 75 48
1272 284 94 96 96
1272 778 60 69 66
1085 361 24 62 56
1085 894 82 94 87
1085 701 11 84 58
1092 1283 53 54 53
1092 1473 72 95 87
1092 969 55 84 56
1093 361 93 100 98
1096 866 83 95 90
1096 585 71 85 81
1096 1259 13 93 64
1097 1205 48 60 53
1097 881 13 73 69
1097 56 82 89 89
1097 960 59 99 92
1097 1114 91 100 92
1164 98 36 51 45
1164 4 54 64 62
1164 989 74 82 74
1110 76 16 55 39
1110 1351 15 19 15
1110 427 18 83 40
1110 522 47 90 90
1122 75 26 50 44
1122 693 63 73 69
1122 548 82 96 95
1122 863 28 53 51
1229 2 17 27 27
1125 535 49 94 80
1125 858 42 56 53
1440 638 60 75 71
1440 158 34 43 37
1440 332 51 76 76
1440 1418 26 37 33
1440 857 61 100 75
1136 655 72 98 86
1136 323 16 100 50
1136 1398 22 26 22
1136 1327 39 71 42
1136 418 49 77 59
1201 281 62 67 64
1201 652 22 54 22
1201 1289 12 53 25
1321 370 24 67 55
1415 385 28 75 75
1415 185 51 78 59
1415 913 20 31 25
1245 565 45 61 60
1245 1442 19 96 46
1245 1490 45 88 60
1245 392 58 82 63
1245 393 70 82 75
1157 856 73 80 79
1231 688 74 94 87
1231 319 19 85 41
1281 338 95 98 98
1281 95 85 96 85
1281 135 66 92 66
1281 1287 30 77 76
1238 1316 71 77 74
1238 224 19 63 47
1238 816 28 29 29
1491 765 38 89 69
1491 902 73 79 77
1491 836 22 33 25
1183 1277 48 89 79
1183 339 34 71 46
1183 419 92 98 98
1213 401 94 98 95
1213 420 69 70 70
1213 657 66 70 66
1222 686 92 95 94
1373 1073 72 84 83
1373 1428 62 94 65
1316 103 42 45 43
1377 1192 31 52 43
1487 763 31 37 33
1262 1101 25 98 96
1262 1093 70 88 84
1262 144 94 98 97
1266 835 11 90 14
1266 1049 21 86 41
1266 1228 64 79 64
1280 1191 89 96 89
1280 791 36 92 40
1280 223 47 55 51
1280 116 64 65 64
1486 512 55 86 55
1486 12 55 99 76
1296 1207 25 55 53
1296 42 83 89 87
1306 733 44 63 54
1306 639 91 98 92
1317 1437 10 66 32
1317 202 42 82 78
1355 982 57 65 59
1355 283 50 56 51
1355 227 74 96 81
1355 655 50 78 60
1355 312 90 92 91
1355 1243 70 93 74
1355 770 58 95 82
1428 17 84 100 85
1391 1216 89 94 92
1391 1034 51 79 78
1391 50 91 97 93
1391 133 51 82 60
1391 869 51 78 54
1391 438 45 51 50
1391 1037 71 79 78
1399 935 87 90 90
1399 262 47 62 49
1399 94 65 78 77
1399 727 17 85 49
1401 173 86 91 90
1401 816 19 42 34
1401 760 21 91 23
1402 1444 23 34 29
1402 86 25 100 46
1402 743 25 78 60
1402 99 28 88 70
1426 179 30 42 34
1426 1001 95 97 96
1426 952 67 92 90
1429 580 55 80 65
1429 197 69 87 81
1429 802 87 100 99
1429 662 46 96 82
1474 442 53 66 61
1474 13 62 77 71
1474 238 47 92 50
1474 125 44 99 76
0 1492
