377 1092
0 225 83 91 84
0 20 16 73 52
0 84 92 94 94
0 167 36 50 46
0 134 44 45 45
0 82 16 37 29
225 234 11 67 62
225 346 62 92 89
20 185 91 97 97
20 305 87 91 90
84 177 70 87 82
84 248 91 93 91
84 31 95 100 100
84 272 18 65 33
84 146 80 81 81
167 277 36 57 39
167 300 64 87 73
134 21 24 41 27
134 353 62 84 79
134 158 21 38 31
134 315 84 97 95
82 45 67 89 67
1 113 45 50 46
1 72 59 69 64
1 11 71 92 75
113 308 18 19 18
72 245 19 36 34
72 349 81 99 94
11 173 92 97 92
2 370 13 94 48
2 69 95 97 97
2 138 57 64 59
2 293 80 88 80
370 34 25 34 27
370 102 15 20 15
370 43 88 97 96
370 229 61 86 62
370 346 21 37 22
69 52 14 38 35
138 366 82 100 88
138 71 54 78 58
138 185 78 82 81
138 156 14 65 15
138 149 44 98 54
138 300 23 84 39
293 65 46 51 51
3 200 65 84 74
4 191 53 56 54
191 12 50 77 51
191 375 49 80 59
5 162 94 95 94
162 308 57 92 59
162 58 42 46 46
162 135 79 89 85
6 233 94 96 95
6 177 41 89 84
6 262 29 53 47
6 313 20 36 29
6 369 30 40 38
6 208 41 46 41
233 102 11 38 36
233 248 81 99 94
233 10 28 96 48
233 141 65 98 97
177 102 44 100 96
262 209 20 73 68
262 176 80 96 89
313 254 61 80 74
313 292 74 86 86
313 215 82 99 85
369 77 62 84 68
208 263 25 43 33
208 86 81 87 81
208 247 41 97 48
7 3 29 89 39
7 45 13 84 55
7 173 18 59 30
7 181 29 61 40
45 357 37 84 55
45 209 69 81 75
45 166 47 59 58
45 334 37 81 74
173 109 29 37 29
181 375 58 94 63
181 331 93 95 94
181 129 49 86 57
181 106 24 78 63
8 109 80 97 96
8 122 95 99 99
8 205 95 98 96
8 78 70 100 77
109 194 40 79 52
109 36 40 44 42
109 157 85 94 87
122 220 28 86 60
205 222 21 75 23
205 80 48 74 50
78 212 13 56 41
78 60 27 70 64
78 322 79 95 81
78 275 62 72 62
9 229 38 59 56
9 190 55 93 90
229 202 51 74 58
229 269 29 79 76
229 373 22 42 26
229 145 10 40 26
229 206 90 93 91
190 28 15 24 15
190 333 58 78 59
190 247 23 48 23
10 344 30 66 31
10 351 50 95 93
10 209 87 99 99
10 239 36 44 41
10 376 70 77 77
344 213 23 24 24
344 80 24 71 60
344 101 69 75 72
344 332 62 94 86
344 327 60 65 61
344 271 95 100 96
344 47 23 95 48
351 149 12 42 36
209 260 47 51 48
209 36 13 69 24
209 368 50 95 83
239 276 53 84 69
376 38 33 38 33
376 201 37 57 57
376 287 19 50 25
12 129 57 78 58
12 7 61 88 74
129 159 19 34 19
129 242 45 78 56
13 307 21 99 83
13 139 35 55 44
13 327 18 94 64
13 194 23 35 23
307 137 70 79 73
307 187 48 70 52
307 220 91 96 95
307 12 52 83 75
139 15 21 80 28
139 111 63 71 64
139 220 39 61 42
139 99 23 26 23
327 127 10 80 74
327 30 74 91 83
327 84 92 95 95
327 229 82 83 83
194 342 14 98 61
194 51 65 98 81
14 157 53 80 60
14 239 52 74 55
157 53 38 64 55
157 196 20 75 45
157 369 66 80 68
15 153 58 64 60
15 211 84 86 85
15 35 20 77 45
153 318 18 48 37
153 73 27 28 28
211 140 32 34 34
211 136 91 98 96
211 217 21 29 28
211 206 59 85 84
35 357 72 78 74
35 158 72 75 75
35 41 86 92 88
16 49 34 58 36
16 27 76 84 78
16 236 15 82 41
49 310 50 56 52
49 168 52 83 63
49 226 45 49 45
27 228 11 80 16
27 148 82 84 83
17 77 25 49 44
17 298 76 91 91
17 312 10 42 14
17 230 53 70 64
17 218 22 73 35
77 180 15 45 33
77 135 58 63 59
298 148 12 28 16
298 217 18 100 80
298 325 24 48 35
298 258 37 72 37
298 172 46 77 71
312 159 95 100 95
312 216 58 85 61
312 63 44 72 50
230 220 71 92 79
230 41 74 83 83
218 97 62 89 80
218 56 43 66 58
18 206 91 98 94
18 207 90 96 95
206 346 95 97 95
206 0 78 100 84
206 318 72 83 81
206 39 73 91 84
207 159 66 95 91
19 324 45 83 65
324 274 53 57 55
324 372 70 77 77
324 15 47 80 65
324 199 29 68 41
324 171 70 82 76
324 316 25 43 32
185 355 43 64 44
185 262 39 41 40
185 290 65 80 67
185 42 26 44 36
185 287 40 100 86
185 33 39 88 61
21 279 45 85 69
21 302 57 84 62
21 10 68 86 76
21 119 10 70 60
21 199 15 92 76
279 87 95 96 96
279 95 67 86 74
279 332 72 92 76
279 106 87 93 88
302 318 27 72 55
302 242 78 83 80
302 44 78 87 78
302 216 64 91 87
199 181 30 47 41
199 228 54 91 84
199 266 90 93 90
22 211 21 48 23
23 289 89 99 95
23 330 25 82 42
289 203 17 22 20
289 130 39 44 42
330 281 68 94 69
330 305 18 82 39
330 189 86 100 99
24 134 93 100 97
24 189 56 95 78
24 325 20 72 47
189 15 19 72 31
189 146 21 56 22
189 287 49 100 64
189 48 22 57 41
325 347 59 73 69
325 268 92 99 96
25 154 35 64 62
25 254 65 82 77
25 90 85 99 85
25 298 88 92 92
25 211 89 90 90
25 325 65 85 73
154 350 94 97 97
254 72 32 35 33
254 124 32 99 62
254 100 68 76 68
254 16 86 97 86
90 135 53 99 54
90 224 65 84 67
90 257 88 100 92
26 275 30 66 49
26 212 37 100 57
26 215 66 73 68
26 133 56 89 58
26 221 18 63 46
26 83 45 72 52
275 223 11 50 12
275 310 27 94 93
212 74 11 98 66
212 95 18 32 26
212 197 34 45 43
212 162 73 97 87
212 108 37 73 66
212 350 31 88 74
212 130 55 94 57
212 248 53 73 58
215 340 18 34 27
133 286 76 82 81
133 80 22 64 48
221 129 16 61 40
221 0 44 46 45
221 30 85 96 90
83 121 44 94 94
83 242 24 73 71
83 95 14 66 24
228 122 46 78 64
228 103 23 86 56
228 251 45 83 62
148 28 35 82 47
148 246 37 62 49
148 338 69 77 73
28 65 44 97 89
28 363 27 67 67
65 175 54 58 57
363 26 76 97 78
363 168 59 100 100
363 273 50 91 88
29 106 29 47 45
106 21 37 95 39
31 108 68 86 72
31 30 77 92 83
108 223 61 74 72
108 21 10 88 34
108 214 14 91 39
108 22 49 57 57
32 15 60 68 64
32 271 55 85 65
271 62 57 66 58
271 265 31 91 39
271 241 45 89 58
33 72 48 90 71
34 297 36 81 53
34 242 91 93 92
34 245 48 71 51
34 334 76 95 95
297 125 87 99 99
297 25 29 96 38
297 252 37 65 50
297 42 67 72 72
245 314 32 90 44
245 200 31 82 43
245 159 94 97 94
334 323 24 95 32
334 167 12 27 16
334 321 84 99 90
334 79 28 66 44
357 92 57 84 69
357 321 37 85 56
357 346 94 95 94
357 180 21 50 28
158 325 84 91 90
158 129 56 84 83
158 56 15 37 15
41 48 24 89 24
41 82 10 75 24
36 374 87 98 93
374 267 51 90 81
374 354 77 90 84
374 375 93 100 94
374 286 91 96 94
374 99 86 93 87
37 160 27 48 38
160 138 41 89 64
160 318 38 82 67
160 312 62 80 78
38 5 51 68 54
38 252 50 60 55
38 227 61 83 66
252 312 25 61 26
252 307 84 99 97
227 202 51 93 76
39 122 66 81 78
39 351 31 43 35
39 197 87 96 92
39 212 82 88 82
39 79 79 96 81
39 265 35 39 38
39 60 84 85 84
39 348 27 98 96
197 269 95 98 95
79 315 22 92 36
79 263 14 56 53
79 159 65 93 84
79 45 63 70 67
79 350 79 82 80
265 305 83 92 87
265 125 51 89 78
265 98 20 29 28
265 153 68 79 72
60 21 20 82 74
60 240 73 90 80
60 311 39 86 64
60 223 86 93 87
60 91 67 69 69
348 47 68 83 79
348 251 74 93 76
40 106 28 51 29
40 350 45 96 66
40 212 26 58 48
40 333 19 57 25
40 150 10 36 13
40 355 12 13 12
40 63 45 82 64
350 345 90 94 92
350 129 88 94 92
350 41 81 90 87
350 138 25 61 58
333 56 69 79 74
333 324 23 47 41
333 9 15 72 60
333 184 76 97 93
333 64 35 94 87
150 22 39 77 54
150 28 26 35 26
150 55 84 96 87
355 228 55 94 79
355 352 45 79 54
63 65 28 59 41
63 293 28 58 57
63 187 64 95 73
63 59 84 99 94
63 233 71 88 86
63 116 61 85 78
63 321 49 56 52
63 26 72 80 79
48 16 62 98 97
48 232 81 87 85
48 106 84 91 90
42 101 74 83 79
101 141 95 97 96
101 241 60 72 64
101 300 77 97 79
101 276 23 77 45
101 70 37 54 37
43 341 28 67 34
43 13 35 100 52
43 108 25 40 30
341 124 38 92 58
341 250 79 85 82
341 258 63 85 75
341 115 56 91 69
341 211 55 70 68
341 39 93 96 95
44 27 74 94 87
44 265 75 86 84
44 54 24 93 65
44 309 86 93 91
44 272 84 98 84
44 150 29 61 49
54 124 16 95 68
54 285 92 100 94
54 274 61 100 84
54 131 80 92 88
54 52 92 98 96
54 99 95 99 95
309 300 16 59 27
309 149 21 72 43
309 180 84 90 86
309 251 70 76 70
309 79 45 89 79
272 17 34 70 36
166 73 48 79 71
166 246 67 86 72
166 262 77 83 81
166 255 85 92 92
47 18 85 87 85
47 323 32 43 43
323 68 41 71 41
323 206 50 74 59
323 149 65 66 65
232 284 49 64 52
310 94 22 55 25
168 90 94 99 98
226 188 68 79 77
226 28 40 99 96
226 203 51 87 72
50 363 84 98 97
50 252 55 64 57
51 190 83 91 85
51 48 42 69 43
51 260 71 95 83
260 201 47 73 58
260 171 90 93 90
53 17 86 89 87
53 242 44 68 65
285 42 28 49 39
285 56 38 71 63
274 105 44 68 62
274 225 23 94 65
274 231 67 73 73
274 67 19 41 36
131 58 59 82 76
131 114 29 96 93
131 97 64 86 79
131 235 86 98 96
99 363 17 76 31
99 219 91 98 97
99 56 47 53 49
99 270 94 96 94
55 152 17 87 54
55 239 36 43 40
55 98 32 76 53
152 106 78 97 82
152 316 65 78 71
152 175 88 89 88
98 319 68 99 87
98 127 74 91 79
98 108 79 87 84
56 130 61 78 66
56 118 85 96 94
56 39 48 92 73
130 351 54 93 92
130 196 51 77 75
118 119 36 41 36
118 333 42 66 64
118 222 75 100 94
118 356 29 95 81
118 197 74 75 74
118 347 32 84 53
57 172 49 71 49
172 301 16 87 17
172 136 29 75 40
172 248 16 41 40
58 189 18 57 53
58 110 23 61 61
110 31 66 80 80
110 136 34 99 75
59 246 86 100 92
59 239 53 77 55
246 313 13 92 34
246 221 17 54 43
240 194 69 74 70
240 369 54 82 64
240 144 36 84 70
240 268 57 70 65
311 157 30 97 75
311 372 12 16 16
223 310 73 79 78
223 135 57 60 58
223 321 87 94 93
62 225 14 75 43
62 285 78 97 85
62 100 29 30 30
62 325 18 37 21
62 304 40 79 78
100 22 20 75 67
100 133 61 68 63
100 237 13 87 87
304 164 43 46 46
304 338 56 99 99
304 133 88 96 92
187 4 43 55 54
187 7 76 91 83
187 354 33 71 59
187 62 39 64 48
116 51 89 95 89
116 342 72 89 78
116 294 11 42 36
321 236 62 87 77
321 194 81 84 81
64 279 60 91 83
64 69 38 89 84
175 191 67 90 84
175 123 85 99 88
66 353 77 81 77
66 109 60 71 68
353 168 85 89 89
353 319 54 64 58
67 292 36 74 41
67 174 32 77 51
292 200 87 89 89
292 247 35 54 50
174 294 76 83 82
174 364 49 66 52
68 311 34 95 61
68 179 71 94 71
68 148 82 87 84
68 324 54 70 58
179 68 47 72 49
70 317 69 89 88
70 311 88 93 93
317 296 75 87 85
71 130 37 99 46
71 131 85 93 88
71 126 85 88 85
71 125 11 82 82
126 284 76 82 79
125 357 58 77 77
125 86 23 62 25
349 7 29 84 43
349 340 80 99 83
349 179 63 77 68
349 228 84 88 85
349 88 80 90 83
73 322 92 100 92
73 23 62 98 84
73 269 91 94 94
322 186 60 92 79
322 280 10 81 62
74 254 24 96 39
74 257 34 76 67
74 276 11 20 14
74 340 72 92 79
74 314 32 68 55
257 152 63 99 68
257 36 90 95 92
257 328 74 87 79
276 281 57 75 73
276 45 25 55 54
276 329 63 71 67
340 140 78 85 81
340 180 82 100 84
314 69 38 85 40
314 145 82 97 86
314 289 65 73 65
314 60 38 49 44
75 357 53 65 54
75 106 95 96 95
76 233 65 91 67
180 9 67 88 70
180 282 80 94 84
180 290 91 100 91
135 46 22 96 75
315 205 80 98 94
315 188 58 80 61
263 108 44 73 56
263 13 10 95 27
263 320 83 88 88
159 110 21 42 35
159 369 71 94 88
121 319 88 92 92
121 118 29 41 36
121 371 85 91 91
121 68 79 100 91
95 203 32 37 37
95 167 54 94 90
95 154 86 99 91
248 184 17 66 48
248 244 27 64 50
248 78 56 58 58
146 123 42 69 51
146 357 55 99 93
146 329 70 92 92
85 297 89 99 90
85 349 95 97 96
85 222 81 85 83
222 213 91 93 93
222 323 66 82 75
222 106 28 46 42
86 128 22 40 27
86 178 49 83 83
86 20 36 100 99
86 330 77 81 78
128 252 44 77 76
128 256 22 52 39
128 34 53 96 75
178 196 93 100 94
178 87 78 85 79
87 101 19 76 28
87 375 47 95 59
87 25 56 94 74
375 338 58 72 58
375 260 58 75 66
375 81 36 59 37
375 199 35 92 72
375 345 41 58 44
375 326 20 43 20
375 123 76 82 81
88 262 89 94 89
89 239 34 62 54
89 105 21 29 25
89 277 72 94 72
105 21 50 58 50
105 209 84 100 95
105 326 30 80 50
277 7 26 47 46
277 330 85 87 85
224 220 17 46 30
224 164 90 95 95
224 265 28 98 55
92 376 49 89 84
92 12 78 79 79
92 181 71 96 74
92 237 50 78 63
93 101 23 46 41
93 184 36 87 73
93 57 91 93 92
93 153 56 62 59
93 360 38 55 40
184 275 63 79 65
184 76 88 96 92
184 30 73 76 76
184 237 47 86 73
184 157 89 97 92
184 243 92 94 92
184 222 27 38 30
360 229 85 95 90
360 301 10 38 21
94 24 28 50 49
94 44 78 94 90
94 169 30 96 40
169 207 55 93 65
169 137 83 88 88
169 221 50 97 93
96 161 64 73 71
96 75 56 62 61
96 197 47 81 60
96 238 25 78 47
161 330 63 85 64
161 256 72 97 91
161 19 14 80 39
238 350 87 91 87
238 323 59 84 69
238 174 57 59 59
97 237 70 93 78
97 79 32 41 38
97 292 59 96 66
319 207 36 56 52
319 165 72 85 75
319 257 81 86 83
319 142 34 49 35
319 260 27 43 39
127 201 93 98 93
219 25 46 48 46
219 103 52 98 90
270 288 92 96 94
141 302 82 99 94
241 80 10 37 30
241 278 23 59 29
241 49 54 55 55
300 26 47 55 54
300 370 70 98 82
102 13 20 59 37
102 214 13 89 26
102 372 48 76 54
214 315 32 73 33
214 12 21 31 27
214 195 88 99 92
214 186 40 59 58
214 141 46 58 56
372 269 68 91 84
372 353 51 60 51
372 68 90 92 90
372 17 29 77 58
372 211 27 30 30
372 277 61 67 65
103 37 58 77 67
103 32 95 98 96
103 161 62 100 94
104 59 25 34 27
104 25 36 85 75
104 294 39 57 50
104 260 25 26 25
104 38 94 95 95
294 129 74 85 78
294 121 66 73 71
294 127 34 54 44
326 278 66 98 85
326 291 45 46 46
326 324 56 83 67
326 174 47 58 50
326 107 84 93 91
326 215 53 57 56
107 174 42 86 51
107 3 12 36 13
107 299 41 53 44
107 292 50 53 51
107 45 35 50 47
107 28 26 61 31
299 80 64 80 74
136 52 59 96 87
136 122 52 92 85
111 265 71 97 95
111 243 55 61 56
111 9 19 91 74
111 32 92 95 93
111 229 57 82 73
243 368 14 26 14
243 120 53 88 73
243 214 88 94 88
243 287 76 98 81
112 300 88 92 92
112 246 81 83 81
112 146 62 70 62
308 280 45 95 95
308 255 84 90 90
114 323 54 81 59
115 183 85 99 92
115 269 65 74 71
115 287 29 41 29
115 124 46 57 50
115 369 70 90 75
183 162 86 98 86
287 294 86 97 92
287 310 31 53 47
287 351 26 46 42
287 187 30 53 38
342 324 91 97 94
342 343 65 81 77
342 53 55 67 66
342 269 90 96 90
342 30 94 95 95
117 269 64 98 89
117 293 57 72 59
117 79 29 43 38
117 244 64 67 64
117 250 58 59 58
244 305 33 52 42
244 153 84 91 91
244 273 34 79 43
244 200 41 96 67
244 122 33 69 33
356 169 63 92 80
356 324 36 50 37
356 241 47 98 60
356 134 64 70 70
347 43 86 97 93
347 72 87 95 87
347 341 88 94 92
347 50 80 89 88
120 0 30 99 63
120 60 48 61 60
120 17 64 82 76
120 201 86 95 88
120 169 56 89 57
201 241 84 86 84
371 6 61 81 70
371 312 65 92 68
371 324 42 98 61
371 109 68 99 85
220 361 40 46 41
220 329 66 70 67
123 20 56 99 95
284 251 23 89 33
284 136 22 78 54
284 36 77 98 78
256 220 52 79 60
196 83 86 97 96
196 287 47 69 48
196 284 13 47 32
196 236 35 76 51
196 254 29 58 46
196 238 35 94 83
235 279 65 70 70
235 372 29 77 44
132 126 32 70 51
132 290 85 90 88
132 52 86 92 88
132 98 92 99 99
132 54 40 82 51
132 157 18 30 20
290 181 42 100 50
290 184 53 59 59
290 7 23 42 42
286 297 73 88 85
286 24 50 85 64
286 295 87 97 95
137 43 61 84 67
366 118 32 51 45
366 98 80 97 84
149 227 37 56 56
140 122 61 86 69
140 258 94 95 94
140 146 66 76 71
140 208 47 57 48
140 6 78 89 89
140 92 75 81 76
258 240 81 88 85
258 32 31 94 91
258 136 72 93 85
258 170 38 49 47
258 146 82 91 89
142 305 63 65 63
142 266 64 95 90
142 238 39 97 47
142 33 47 53 49
142 56 22 53 29
266 20 59 83 81
266 151 75 89 79
266 256 22 27 24
266 49 58 93 74
266 17 58 97 62
143 254 85 100 85
143 306 64 67 65
144 82 34 89 63
144 168 23 44 38
144 130 11 97 90
144 99 57 94 78
145 124 79 80 80
145 2 36 43 39
329 208 64 95 88
329 4 78 88 79
329 278 73 93 80
329 242 87 91 91
147 314 68 84 75
147 249 41 73 59
249 234 25 51 41
249 123 90 100 94
249 228 91 92 91
338 99 17 48 30
151 309 29 91 43
151 105 17 35 26
316 18 62 70 62
316 185 81 94 88
316 176 15 47 25
316 286 14 48 40
318 323 31 84 68
318 243 95 97 96
318 304 13 77 77
163 101 67 70 69
164 15 90 100 98
164 340 58 79 69
165 317 85 88 87
165 105 17 88 28
165 35 37 51 46
165 297 84 91 84
165 324 32 53 49
255 275 60 70 68
255 91 50 57 51
255 12 13 30 15
255 250 36 75 38
255 225 59 82 75
170 4 66 73 66
170 112 90 96 94
170 38 67 80 68
170 162 10 53 38
170 218 37 66 42
170 143 41 79 63
170 350 40 69 63
171 214 78 97 86
171 375 74 81 81
301 224 36 58 36
301 353 47 77 54
364 33 86 98 94
364 311 87 100 87
176 7 95 98 97
176 269 69 86 81
176 255 77 88 81
176 280 33 80 63
280 349 58 90 62
280 177 10 41 27
280 132 92 95 92
280 297 19 22 19
280 161 10 91 39
282 361 81 96 87
282 56 19 62 58
282 267 31 82 35
282 121 21 56 47
282 84 72 91 85
282 116 40 46 41
331 336 40 96 87
331 247 34 69 37
331 95 59 67 59
182 170 85 88 88
182 43 81 99 83
182 79 75 82 78
182 220 79 91 83
186 136 32 61 40
186 29 85 98 95
188 336 35 52 42
188 304 44 86 84
188 243 44 74 74
336 61 66 70 70
336 172 95 96 96
247 257 76 89 87
247 236 45 64 62
247 295 29 73 31
192 18 19 48 19
192 259 80 81 80
192 325 89 92 90
192 190 38 82 55
192 196 46 58 52
259 242 79 82 79
259 303 24 65 59
259 31 34 87 46
259 300 26 44 35
259 144 51 91 86
259 130 87 90 88
193 189 62 92 83
193 219 44 62 60
195 230 73 85 85
195 191 32 61 51
195 233 46 51 48
195 45 32 92 59
195 123 85 89 87
195 208 48 78 62
198 23 51 70 68
198 54 23 69 63
202 173 75 99 92
202 80 15 85 78
204 281 93 96 94
204 147 66 79 75
204 149 35 69 50
204 216 59 64 64
281 222 70 79 74
216 9 65 98 77
216 219 91 94 93
216 113 43 83 50
216 98 26 60 39
346 80 55 80 64
346 132 47 74 61
346 200 83 94 86
368 168 90 92 91
368 54 51 95 58
210 355 55 90 76
210 246 91 92 91
210 33 63 94 81
210 94 67 69 69
210 141 69 88 74
210 344 23 75 50
217 343 31 51 47
213 113 82 89 88
213 185 16 72 19
213 243 87 99 95
213 287 28 99 32
343 125 37 63 57
343 97 61 85 62
343 299 90 94 93
343 189 24 93 92
361 304 50 91 79
234 2 84 100 100
234 161 51 98 77
234 284 14 53 20
234 271 71 84 76
251 205 91 95 94
251 187 26 65 27
251 300 19 42 30
251 62 17 60 19
373 186 71 90 82
373 242 42 96 76
373 76 29 69 31
231 214 75 99 93
231 134 44 97 83
268 55 61 64 61
268 82 30 99 32
268 272 12 68 54
268 143 28 30 28
278 218 47 96 93
278 111 24 45 31
278 173 92 97 92
278 87 59 69 67
278 17 68 76 71
278 291 18 39 24
273 291 55 64 58
273 233 47 93 66
295 193 34 80 48
253 82 39 58 53
253 233 71 72 71
253 292 74 77 74
253 296 23 90 89
296 111 21 49 48
296 178 10 54 32
296 170 47 93 79
296 305 81 99 93
296 244 21 85 39
296 84 51 63 53
328 259 12 34 27
328 145 69 89 74
303 358 24 84 26
261 115 54 63 55
261 139 17 64 29
320 221 69 94 83
320 66 65 97 68
320 283 62 81 75
264 289 23 91 81
264 371 62 74 67
264 172 22 80 41
267 95 93 95 94
267 249 52 60 58
267 277 38 64 49
267 140 68 69 69
288 314 25 91 31
288 153 30 63 39
288 14 32 70 38
288 100 63 78 65
291 249 42 83 76
291 117 12 58 20
332 334 94 98 96
332 182 81 95 93
332 255 24 35 30
283 24 89 90 90
358 367 33 77 71
358 287 48 94 60
358 369 46 99 91
335 6 24 88 75
337 186 87 97 94
337 244 78 89 85
337 215 56 94 58
339 376 27 32 32
339 178 73 82 77
339 245 76 94 94
345 67 64 81 70
345 125 11 49 30
345 47 27 48 33
352 353 53 69 53
367 2 18 41 20
367 159 59 100 88
367 286 29 42 38
367 97 79 91 84
367 8 14 20 20
367 158 81 82 82
367 258 78 85 84
359 278 93 100 98
362 1 10 53 18
362 40 32 33 33
362 270 80 94 86
362 70 29 70 63
365 34 75 87 84
0 376
