39 126
0 38 46 81 72
0 24 91 92 92
0 12 18 61 50
0 13 72 86 76
38 25 61 68 63
38 13 81 90 86
24 0 89 100 92
24 19 69 84 82
24 9 91 100 95
12 21 67 73 68
13 25 95 100 100
13 5 79 84 84
13 38 64 100 69
13 26 94 100 96
13 32 89 93 93
13 36 84 86 86
13 14 10 45 16
13 19 83 85 83
1 12 83 95 91
1 0 52 54 53
2 14 50 56 51
2 1 59 95 66
2 26 10 60 17
2 22 36 68 41
2 17 66 70 68
2 16 22 26 25
14 8 59 66 62
14 16 16 52 17
14 0 86 96 92
14 26 60 83 75
26 36 25 59 55
26 7 78 97 86
26 3 24 77 32
26 28 47 55 51
22 2 39 75 53
22 31 46 99 62
22 28 18 24 18
17 5 66 77 71
17 27 63 76 64
17 0 80 87 84
16 33 64 83 65
16 31 84 99 84
16 23 11 43 21
3 34 94 97 94
3 17 80 99 88
34 13 36 77 48
34 17 87 91 87
4 8 36 70 37
4 18 51 62 62
8 0 83 91 86
8 15 46 77 57
8 12 37 83 62
8 38 81 96 86
8 21 64 93 67
18 27 89 95 89
5 27 89 95 95
5 16 28 53 46
5 1 17 83 49
5 18 46 61 50
27 16 56 72 61
27 34 49 95 92
27 4 23 86 42
27 12 49 52 51
27 0 67 71 71
6 26 90 93 91
6 19 75 97 91
6 22 59 92 66
6 18 31 92 64
19 32 31 32 32
7 1 16 20 18
7 5 28 49 34
7 15 33 72 36
7 35 66 90 73
7 2 51 87 68
15 25 25 34 25
15 13 74 88 85
15 8 26 90 36
15 11 31 71 31
15 1 57 89 75
35 17 94 96 95
35 34 34 52 52
35 38 43 79 76
21 15 95 97 95
21 14 49 54 52
21 36 85 96 90
21 20 77 82 77
21 7 81 85 83
21 24 12 46 33
21 29 86 96 90
9 11 68 89 87
9 12 24 81 39
9 21 59 71 69
11 28 54 85 74
11 3 41 61 56
11 32 87 100 94
11 38 24 93 44
10 19 14 61 20
10 21 14 81 72
28 13 37 97 46
28 15 79 82 82
28 8 57 69 66
28 23 11 83 47
28 36 61 77 65
32 18 38 67 56
25 38 93 98 96
25 26 76 82 79
25 20 65 100 67
36 10 79 94 88
33 30 66 68 67
33 34 65 93 71
33 20 46 89 68
33 9 28 55 41
31 11 17 97 61
31 10 75 97 89
31 28 76 79 79
23 37 73 90 87
20 26 41 53 52
20 13 59 72 69
20 0 24 58 44
29 19 68 91 88
29 0 39 97 67
37 18 64 76 66
37 6 71 85 80
37 35 15 93 64
37 8 85 88 85
30 15 78 79 78
0 38
