487 1595
0 263 49 80 69
0 179 78 93 79
0 266 62 97 83
263 136 85 100 93
263 23 84 94 86
263 240 42 95 52
263 93 62 80 69
263 105 28 96 31
263 88 60 85 63
179 485 48 69 51
179 469 62 64 63
266 378 62 90 63
266 76 12 39 27
266 169 84 86 84
266 191 58 95 71
1 328 36 52 49
1 22 23 99 66
1 77 35 75 43
328 266 91 92 91
328 98 20 31 21
22 416 59 85 66
22 283 56 81 66
77 118 89 99 96
77 231 74 88 84
77 9 54 60 57
77 29 66 69 66
77 1 58 78 75
2 391 59 97 84
2 209 52 62 59
2 427 90 98 92
2 404 57 79 60
391 354 90 98 90
209 92 43 50 47
209 440 91 93 93
209 300 79 89 79
427 304 62 78 76
404 152 82 99 87
404 150 46 64 47
404 264 82 93 82
404 229 56 77 57
3 390 76 77 76
3 367 66 78 67
3 207 84 93 86
390 186 25 87 26
390 190 44 53 53
390 442 56 97 93
390 7 44 93 67
367 315 10 15 13
367 463 81 83 81
367 374 63 83 81
367 238 80 93 88
367 291 93 97 96
367 23 72 88 77
367 329 41 91 74
207 453 10 44 24
207 306 59 77 61
4 245 79 98 89
4 359 24 33 32
245 465 89 99 93
245 247 28 38 30
245 213 77 87 78
359 398 70 90 72
359 295 12 13 12
359 104 31 87 65
359 454 81 92 90
5 180 28 96 55
5 343 88 98 93
5 54 43 62 47
5 389 94 98 98
5 182 35 68 36
180 249 49 92 85
180 247 38 63 50
343 117 42 90 75
343 208 14 18 17
343 99 80 81 81
343 124 91 100 96
54 345 60 83 61
54 188 45 59 49
54 454 92 94 93
54 373 93 96 93
54 78 28 83 42
54 266 33 79 76
389 110 58 80 58
389 183 54 67 56
389 380 50 75 75
389 18 70 74 70
389 263 78 80 79
389 105 40 73 48
389 304 24 91 59
182 74 87 88 87
182 312 93 98 98
182 400 33 90 50
182 391 64 65 65
6 47 52 93 52
6 214 15 67 52
6 436 31 46 32
6 140 62 66 64
47 52 11 80 41
47 327 81 98 90
47 409 22 43 28
214 363 47 78 54
214 347 83 91 91
214 339 48 74 51
214 206 68 73 68
436 145 10 11 11
436 272 43 89 54
436 461 36 67 40
436 257 32 33 33
436 486 74 88 85
140 431 90 97 94
140 150 66 95 82
7 411 61 65 62
7 8 42 73 70
7 269 43 53 49
7 223 51 64 56
7 14 88 89 88
7 124 70 90 74
411 207 72 73 72
411 395 30 50 39
411 91 95 96 95
411 429 82 84 84
8 259 21 84 81
8 227 39 69 54
269 357 10 56 26
269 75 76 95 93
269 22 34 40 38
269 371 35 87 74
269 469 93 99 97
223 299 56 60 58
223 3 87 96 95
223 63 46 100 74
14 164 35 92 55
14 95 20 28 27
14 12 38 89 75
14 321 46 60 60
14 311 25 40 27
124 28 58 82 74
124 454 46 99 97
124 347 35 82 37
124 44 20 52 52
124 321 95 96 96
259 311 91 94 94
259 309 83 89 86
227 233 40 60 54
227 165 85 96 89
227 313 67 84 67
227 120 82 99 95
227 448 76 78 76
9 54 49 83 61
9 231 76 94 92
9 234 50 92 62
9 438 66 76 71
9 380 25 94 28
231 340 42 94 46
231 179 59 93 60
231 232 43 100 85
231 352 28 96 66
234 464 38 46 39
234 57 45 89 63
438 462 34 58 54
438 387 11 77 11
438 455 89 93 90
380 316 15 25 17
10 267 24 62 59
10 83 45 54 52
10 187 35 87 48
267 215 17 95 45
267 288 36 62 42
83 107 80 90 90
83 73 31 59 36
187 65 70 81 78
187 1 10 63 48
187 306 28 45 34
11 486 91 99 93
11 250 68 80 76
11 412 85 94 91
11 148 68 95 85
486 270 14 34 27
486 480 64 80 64
486 187 41 97 44
486 52 77 96 94
250 374 63 95 76
412 427 11 54 34
412 105 70 79 79
412 398 47 77 72
412 333 22 40 35
148 296 90 95 93
12 299 47 79 52
12 364 58 60 58
12 384 16 93 81
12 335 80 85 82
12 333 35 92 54
12 146 33 52 34
299 32 33 34 33
299 220 83 94 91
299 50 58 89 84
299 274 29 89 82
299 119 41 55 52
364 312 12 34 15
364 228 30 64 57
364 280 86 98 87
364 166 11 18 15
384 438 25 70 52
384 148 22 83 62
384 408 77 87 85
335 360 11 67 50
335 344 37 92 53
333 391 46 50 49
333 53 10 17 13
333 436 46 82 76
333 365 60 73 69
333 340 14 84 16
333 238 55 77 70
333 182 39 88 44
333 372 24 29 25
333 7 44 63 54
146 360 10 18 10
146 9 94 95 94
146 318 88 89 88
146 123 47 96 86
146 25 17 56 24
13 90 45 55 48
13 217 86 88 87
13 235 68 80 72
90 74 88 91 91
217 424 72 74 74
217 76 32 39 38
217 256 36 81 77
217 25 13 31 31
235 320 79 98 86
164 484 77 91 90
164 31 75 96 92
95 406 67 98 75
95 72 29 98 38
95 44 37 55 44
321 203 15 77 55
321 249 77 82 77
311 183 50 69 56
311 464 60 99 64
311 386 53 81 72
311 431 88 94 88
311 177 60 61 61
15 95 16 24 16
15 346 88 94 93
15 74 50 64 50
346 23 31 34 33
346 180 76 86 76
346 465 38 67 56
346 362 18 29 20
346 125 66 83 73
346 224 14 55 50
74 126 11 84 83
16 352 11 48 29
16 165 95 100 95
16 242 21 37 29
352 348 70 91 87
352 395 47 63 47
352 79 22 86 86
352 209 55 87 76
165 163 60 80 78
165 196 66 89 66
165 437 29 59 47
165 118 69 77 74
242 295 59 70 61
242 481 27 100 32
242 224 64 74 70
17 483 59 67 66
17 138 42 68 59
17 241 78 98 94
483 375 68 72 69
483 179 83 84 83
483 209 44 81 79
138 327 66 68 66
138 399 86 100 86
138 46 73 98 95
138 141 13 17 16
138 262 25 40 27
241 235 17 23 20
241 8 26 68 64
241 391 19 57 43
18 154 87 94 93
18 256 86 88 87
154 339 48 81 61
256 241 63 75 65
256 10 16 80 52
256 128 66 87 68
256 394 67 76 76
256 477 72 98 93
256 297 82 97 92
19 163 82 92 89
19 8 63 82 77
19 320 33 100 54
163 398 58 98 75
163 438 33 83 59
320 482 50 61 58
320 251 24 71 46
320 49 34 94 87
320 337 44 69 59
320 38 88 100 92
320 17 90 93 91
20 150 84 90 89
150 359 40 80 79
150 186 84 91 91
21 64 49 70 66
21 327 78 99 95
21 295 62 89 77
64 229 32 74 74
64 217 92 100 98
64 205 88 92 92
64 396 51 78 75
327 228 84 92 85
327 245 64 91 89
327 122 95 98 98
327 325 69 89 87
327 221 11 42 34
416 31 82 99 82
416 485 65 67 65
416 340 87 100 94
283 433 41 66 60
283 459 80 98 88
283 75 33 65 48
23 474 41 45 43
23 251 85 87 85
23 301 72 75 74
23 463 37 74 68
474 154 77 79 77
474 52 10 12 11
474 331 73 92 75
474 419 40 88 46
251 56 86 96 92
251 279 63 70 70
301 338 11 49 30
301 348 44 58 58
301 227 44 92 58
463 469 10 44 44
463 203 82 89 82
463 452 12 41 22
463 64 52 85 60
24 260 22 47 45
24 305 49 71 63
24 475 74 75 75
24 234 44 81 55
260 153 29 55 36
260 138 66 76 67
260 10 67 81 75
305 106 23 61 34
305 310 30 38 30
305 346 18 95 32
475 27 86 96 96
475 66 23 27 23
25 59 54 66 59
25 431 71 73 72
25 76 43 76 52
25 320 83 89 84
59 226 72 77 72
431 375 26 51 43
431 12 47 62 59
431 149 56 59 59
76 396 36 50 44
26 326 71 84 82
326 251 24 84 40
326 252 66 71 69
326 337 42 56 42
27 241 44 84 70
27 281 40 47 45
27 157 62 79 69
281 15 17 95 43
281 122 70 93 80
281 205 67 76 69
281 196 46 86 86
157 402 45 88 57
157 441 46 89 85
157 233 76 96 88
157 202 36 96 96
157 308 75 92 81
28 338 42 94 79
28 202 94 96 94
338 83 61 72 67
338 357 37 96 92
338 31 86 89 89
338 350 47 78 58
202 471 86 97 86
202 196 79 87 85
202 47 57 65 57
29 129 85 94 85
29 458 45 53 47
29 28 69 92 80
29 36 54 94 81
129 228 84 96 90
129 192 78 83 80
129 318 32 91 36
129 326 11 25 13
458 65 93 94 93
458 162 58 65 64
36 439 58 86 67
36 485 35 53 40
30 116 41 69 58
116 274 25 99 94
116 11 49 79 72
116 388 36 44 44
116 272 40 78 69
31 237 34 52 41
31 372 88 95 93
237 123 18 46 36
237 407 87 94 89
237 349 76 98 91
237 393 85 90 89
372 171 92 94 93
372 319 43 95 51
372 132 83 90 83
372 101 11 30 14
372 261 87 98 87
32 35 93 95 94
32 219 48 56 56
32 77 87 94 94
32 94 40 68 64
32 455 95 98 95
32 439 29 76 72
35 269 37 65 54
219 234 87 89 87
219 200 31 38 33
219 480 10 86 85
94 87 68 84 75
94 184 19 58 27
455 163 11 59 23
455 106 43 84 76
439 25 84 99 89
439 22 26 82 45
439 355 25 44 43
33 296 32 37 33
33 292 30 46 46
33 401 55 63 60
33 95 67 68 67
33 471 71 80 75
33 250 70 96 89
296 301 31 53 36
296 47 90 95 93
296 272 47 97 55
296 36 51 69 65
292 294 58 98 90
401 65 76 86 76
401 264 20 25 20
401 27 15 52 19
471 162 67 96 95
471 98 35 85 54
471 8 52 91 53
471 126 14 20 14
471 78 94 99 95
34 454 32 74 63
34 44 65 80 67
34 264 12 95 63
34 350 39 53 41
34 51 92 95 94
34 335 61 97 79
454 40 61 81 78
44 397 75 92 89
44 436 81 86 85
264 429 80 98 88
264 23 46 96 64
350 172 33 96 90
51 140 42 71 48
51 63 70 72 72
51 22 92 96 96
51 275 54 77 71
51 457 53 67 59
485 448 40 89 68
485 5 73 77 77
485 273 74 91 77
485 408 29 82 63
37 64 91 98 94
37 285 94 96 96
37 274 59 85 75
37 232 25 96 56
285 46 26 68 36
285 105 17 35 18
274 197 42 77 59
274 92 94 97 94
274 126 33 38 38
232 108 17 18 18
232 166 60 93 63
38 330 40 72 67
38 458 50 88 81
38 455 53 78 54
330 354 35 44 39
330 82 46 83 67
330 124 67 82 82
39 11 57 87 74
39 126 26 65 37
39 21 89 91 91
126 16 62 65 62
126 352 81 96 93
126 99 91 97 95
40 124 59 99 91
40 228 86 93 87
228 183 41 73 69
228 353 18 44 30
228 337 74 96 87
228 84 92 98 95
228 175 85 89 85
228 249 37 74 74
228 141 95 96 96
41 116 22 77 45
41 457 90 96 91
41 218 87 92 91
457 250 37 70 41
457 392 72 92 91
457 314 40 96 43
457 310 55 96 61
457 248 52 53 53
218 195 45 98 53
218 427 48 56 51
42 240 62 87 62
42 96 28 86 70
42 94 17 41 19
42 141 82 94 84
42 402 70 93 88
240 466 55 96 93
240 96 56 84 69
96 22 43 46 46
96 222 18 74 32
96 457 66 72 66
141 273 70 92 75
402 36 39 42 40
402 379 20 60 28
402 28 91 99 93
43 251 68 89 80
43 123 15 56 45
43 230 61 63 62
43 261 49 95 64
43 233 77 80 79
43 281 21 79 56
43 183 87 96 87
43 314 62 70 63
123 349 10 68 12
123 179 28 67 47
123 388 23 63 63
123 199 73 99 91
230 157 19 79 41
230 13 70 90 77
230 3 90 96 93
230 242 72 77 73
230 60 23 36 35
230 338 12 82 38
230 140 13 24 16
261 237 85 97 87
261 202 55 67 63
233 429 27 89 54
233 352 11 97 66
183 440 42 69 49
183 114 81 83 81
183 270 71 87 81
183 11 80 95 82
183 131 63 74 68
183 90 45 57 48
183 160 85 93 92
314 209 42 90 49
314 366 11 47 22
314 404 72 85 75
314 106 72 75 72
397 230 29 89 51
397 323 20 29 25
397 116 14 94 45
397 243 39 82 70
397 71 15 51 28
397 422 19 50 26
45 82 61 79 70
45 379 58 65 58
82 388 45 59 45
82 312 90 91 91
379 177 12 49 15
379 294 72 95 74
46 296 70 91 78
52 106 11 71 21
409 316 80 96 86
409 445 81 87 83
409 351 13 59 54
48 9 16 75 44
48 50 34 87 45
48 176 71 99 83
50 184 14 84 14
50 382 75 84 84
176 245 68 69 68
176 420 18 42 32
176 434 33 44 39
176 466 16 87 43
176 327 89 99 89
176 354 37 39 39
49 51 79 82 79
49 61 38 78 58
49 206 42 77 73
49 178 44 85 60
49 480 85 93 93
61 201 70 98 93
61 150 19 59 39
61 365 41 85 78
61 319 49 80 55
61 237 87 97 90
61 430 50 96 73
206 203 38 69 55
178 7 14 45 26
178 192 10 42 11
178 99 29 30 30
178 334 54 76 62
480 392 74 80 75
480 412 60 81 81
480 357 79 87 84
184 73 95 98 98
382 159 67 80 67
382 423 30 36 31
382 199 71 81 77
382 252 54 66 55
382 218 90 98 90
382 307 72 74 74
382 118 29 88 69
63 142 40 97 66
63 145 66 77 67
63 470 46 78 55
63 325 43 85 80
63 210 63 82 81
275 308 83 96 94
275 250 82 83 83
275 215 11 94 72
53 181 59 83 79
53 184 95 96 96
181 304 21 99 57
345 78 27 86 79
188 217 74 83 81
188 60 26 43 28
188 10 28 77 70
373 138 83 98 96
373 40 51 72 72
373 115 19 95 31
373 355 23 87 56
373 97 45 100 84
373 266 71 99 88
78 242 53 55 55
55 209 23 66 46
55 110 14 59 37
55 114 71 99 82
110 15 54 56 56
110 34 73 76 73
110 128 69 76 73
114 43 23 50 45
114 77 92 93 93
114 28 38 68 58
56 340 39 63 55
56 377 11 44 31
340 365 21 87 77
340 454 78 98 92
340 328 54 78 67
340 467 29 83 35
377 465 45 54 54
377 79 78 80 80
57 80 86 92 88
57 41 12 93 48
57 399 89 93 90
57 238 13 70 52
80 106 62 98 97
80 214 81 98 96
80 298 41 77 71
80 408 18 47 36
80 101 41 65 59
399 371 67 68 68
399 225 27 51 28
399 93 26 62 41
238 485 79 93 85
238 363 21 22 21
238 204 24 56 46
238 24 86 87 86
238 338 70 91 91
238 304 12 50 31
58 468 22 51 24
58 321 85 87 85
468 10 44 94 80
226 486 58 83 83
226 116 22 43 42
226 133 58 65 59
60 167 31 96 72
167 428 18 31 23
201 388 87 93 92
201 284 41 94 59
201 190 28 44 40
201 15 48 93 76
201 304 62 69 64
201 303 77 87 80
365 104 22 59 40
365 447 79 99 97
365 374 25 41 37
319 59 36 91 84
319 400 31 64 64
430 213 24 100 86
62 55 46 92 90
62 180 69 95 75
62 71 70 84 75
62 425 29 61 52
71 1 43 65 54
71 283 51 64 56
71 146 55 63 55
71 286 45 99 76
71 370 60 82 60
71 482 62 94 73
71 394 41 75 53
425 277 77 90 87
425 120 61 83 77
142 238 48 98 61
142 76 79 91 80
142 363 12 34 13
142 270 88 97 93
142 66 85 95 87
145 316 17 71 23
145 268 76 100 90
470 92 28 39 36
470 14 50 64 64
470 32 71 93 81
470 451 53 82 75
325 247 60 65 63
325 9 63 98 90
325 451 19 84 31
325 295 79 88 80
210 214 51 98 59
210 420 33 62 36
210 53 50 60 51
229 275 17 39 17
229 206 66 70 67
229 397 51 55 54
205 313 64 91 78
205 295 40 62 54
205 466 87 93 93
396 418 51 64 57
396 139 91 98 97
65 291 43 83 74
65 375 14 100 93
291 217 24 99 78
291 393 50 85 62
291 480 68 79 73
375 361 48 59 51
375 359 42 82 82
375 62 61 76 69
375 449 63 98 84
66 380 81 86 81
66 39 22 69 35
66 372 20 23 23
66 124 24 98 29
67 112 29 45 35
67 344 37 63 40
112 387 45 77 47
112 234 29 38 36
112 428 58 80 63
112 274 95 99 98
344 412 78 91 87
344 239 39 41 40
68 435 15 36 17
68 252 73 95 85
68 413 31 99 77
68 98 72 75 73
68 147 37 55 37
68 473 76 89 76
435 272 51 97 53
435 33 68 80 75
435 473 65 94 68
435 191 21 67 42
435 474 38 93 55
435 343 88 100 93
435 196 77 96 86
252 384 84 94 91
252 179 44 75 61
252 382 60 74 69
252 366 38 74 70
98 238 17 47 39
98 172 92 93 93
98 450 41 90 75
98 329 10 83 31
147 115 93 98 94
147 200 43 61 52
147 358 63 91 65
147 120 93 95 95
147 315 13 65 21
147 43 36 51 41
473 415 44 76 71
473 299 87 90 88
473 288 64 65 65
473 339 43 91 71
69 214 77 81 81
69 8 48 54 52
69 445 15 50 26
445 469 55 95 66
445 204 50 61 55
70 47 22 85 31
286 105 95 99 96
370 251 17 21 20
370 303 95 100 97
370 486 36 95 39
370 97 85 89 88
370 432 24 43 29
370 181 14 74 53
482 222 62 97 74
482 284 89 94 92
394 364 69 92 91
394 353 65 73 72
394 236 61 86 71
394 429 25 29 27
394 215 77 91 87
394 155 15 83 45
73 209 35 74 51
75 306 24 89 62
75 460 21 58 28
75 168 74 83 82
306 240 73 79 76
306 427 63 69 68
306 288 54 66 63
306 136 31 94 75
306 1 84 100 88
460 426 92 99 92
460 2 37 57 51
460 297 95 97 96
168 58 62 87 77
168 42 93 94 93
168 287 50 82 61
168 154 55 79 73
118 42 65 87 71
118 347 18 97 74
118 275 68 95 71
118 139 38 96 93
118 170 34 73 34
79 10 42 90 65
79 187 76 80 79
79 338 65 68 66
79 8 18 72 38
298 101 10 30 10
298 250 16 21 20
298 252 56 91 84
408 475 29 47 40
101 481 26 87 63
101 202 27 48 27
81 141 18 75 44
81 373 86 94 87
81 36 48 75 74
388 414 32 82 70
312 51 74 78 77
312 423 34 47 45
107 375 52 87 71
107 421 88 95 95
84 354 85 90 89
354 283 37 38 38
85 405 15 99 16
85 471 35 100 86
85 348 15 57 44
85 363 33 68 63
85 467 55 77 76
348 74 92 99 95
348 242 88 95 91
348 352 24 86 49
348 374 41 81 74
348 3 68 70 70
348 75 20 89 57
363 121 30 85 71
363 116 91 100 95
363 434 28 73 73
467 86 84 86 86
467 391 77 80 78
86 129 58 85 77
87 482 59 67 66
87 479 88 90 90
87 314 57 63 60
479 466 19 33 26
479 228 10 46 12
88 172 56 87 72
88 263 84 90 87
88 304 76 85 81
88 356 72 81 81
88 293 58 82 59
172 87 18 22 20
172 380 48 73 72
172 96 90 97 96
172 446 89 97 91
172 429 15 85 60
172 366 39 45 42
172 160 47 59 49
304 426 58 81 77
304 144 77 95 81
304 406 32 88 32
356 165 76 94 78
356 300 46 96 72
356 440 51 57 55
293 155 62 81 77
293 113 27 56 54
293 313 69 88 75
89 446 47 80 67
89 232 55 64 59
89 160 81 90 89
89 75 35 92 79
89 300 65 77 67
446 310 93 99 98
160 143 44 47 46
160 67 52 92 81
160 116 84 91 85
300 373 69 74 74
300 1 31 41 40
300 36 92 95 95
300 292 52 95 79
91 456 80 90 90
456 436 85 100 97
456 460 35 42 37
92 280 41 94 78
92 460 79 92 89
92 264 50 78 77
93 255 46 70 68
93 417 72 80 76
93 448 86 91 89
93 171 19 64 63
255 97 61 95 73
255 442 89 96 95
255 328 85 100 89
417 323 87 90 90
417 232 54 84 80
417 397 13 87 31
417 147 21 51 22
448 446 78 100 82
448 263 76 99 98
171 106 89 91 91
171 423 31 54 40
171 46 18 86 43
171 295 34 68 54
171 437 12 35 35
406 461 13 29 26
406 1 48 68 55
406 274 83 99 97
406 483 41 62 55
222 127 34 36 36
222 370 27 35 27
97 8 67 85 83
97 75 59 73 63
97 330 14 99 27
97 305 39 90 72
97 45 43 82 54
97 358 44 96 91
358 255 83 85 84
358 137 51 88 71
358 268 71 81 78
450 471 69 74 70
450 207 84 99 85
329 229 62 71 69
329 131 77 95 79
329 458 49 68 65
329 271 29 70 67
329 408 20 24 20
329 164 83 90 88
329 186 59 82 75
99 357 70 84 77
99 475 79 82 79
357 236 91 97 96
357 142 70 96 71
357 77 57 63 63
100 438 68 91 89
100 148 59 62 59
481 111 87 96 88
102 311 34 94 78
102 83 42 73 50
102 122 35 41 39
102 8 10 67 58
102 169 12 36 20
102 271 30 89 65
122 287 51 68 59
122 59 27 73 61
271 357 11 50 29
271 22 55 78 68
271 138 42 57 46
103 469 87 94 93
103 3 18 49 33
103 269 69 73 71
103 158 53 78 72
103 426 57 82 58
103 66 69 92 75
469 419 57 100 99
469 445 41 94 90
158 415 53 67 53
158 361 46 90 72
158 169 41 73 53
426 483 52 75 55
426 164 94 95 94
104 170 33 70 45
104 154 19 22 19
104 359 76 96 96
104 71 37 41 38
104 427 78 98 97
170 168 38 43 43
170 338 71 72 72
170 440 37 41 40
170 228 60 80 75
105 326 44 48 46
105 28 44 54 52
105 417 18 82 73
421 210 55 81 72
421 151 34 65 36
421 88 32 95 32
421 19 94 99 96
421 230 39 77 42
421 129 12 56 46
421 267 87 100 96
421 429 79 91 84
109 92 33 91 81
109 167 66 79 76
109 457 85 99 85
109 313 64 72 64
313 218 73 78 75
313 425 40 90 76
313 455 29 97 65
313 451 81 97 84
313 463 34 66 62
313 29 36 57 50
313 111 88 95 91
313 279 38 40 40
128 346 72 78 77
111 193 59 87 86
111 268 88 97 92
111 346 93 95 95
111 38 29 59 55
193 136 14 57 20
193 441 63 85 67
193 409 73 82 81
193 427 76 96 76
268 167 27 35 33
268 291 38 92 74
268 68 43 73 65
387 109 17 26 17
387 141 43 75 47
387 294 33 65 55
428 150 12 77 54
428 68 90 96 92
428 275 80 95 95
428 265 26 60 32
428 227 17 20 19
428 102 64 90 68
428 307 76 83 80
428 31 30 81 73
428 315 94 100 95
428 152 95 99 99
113 126 79 85 81
113 240 66 85 77
113 330 29 87 34
115 125 39 51 45
115 189 25 27 25
125 273 95 100 98
125 157 26 98 63
125 220 74 89 77
189 89 19 56 26
189 223 31 40 38
189 413 61 84 82
272 451 91 99 94
272 456 64 97 95
272 371 38 97 41
117 82 77 96 96
117 422 73 96 91
117 289 83 90 86
117 77 31 72 66
117 235 49 59 56
422 36 88 90 89
422 40 70 97 97
422 69 17 34 26
422 355 61 87 78
289 352 41 50 50
347 166 95 97 95
347 94 17 47 35
347 191 11 35 21
347 222 86 92 92
347 64 76 79 76
347 138 13 90 86
347 227 34 92 35
347 116 61 87 78
139 66 75 99 89
119 463 64 72 65
119 40 45 98 63
119 150 88 100 92
120 417 81 82 81
120 187 20 58 30
121 444 13 59 59
121 280 59 76 69
121 339 50 92 90
121 320 90 96 93
121 151 13 17 14
121 37 41 81 76
444 45 28 83 55
444 37 82 86 85
339 281 31 98 82
339 24 66 92 71
339 200 90 91 91
339 126 85 97 94
151 309 20 92 70
151 32 31 44 37
151 175 84 95 95
151 339 15 92 70
151 167 10 70 21
151 96 16 74 20
151 455 47 55 47
287 272 28 56 41
287 476 72 86 73
287 2 85 92 86
287 434 94 100 94
287 245 79 83 80
287 243 89 93 90
287 468 64 90 81
349 193 80 88 88
349 435 16 73 61
349 241 72 83 81
349 27 86 100 96
199 41 61 87 62
199 430 75 77 75
199 213 95 96 95
199 65 68 76 71
199 151 53 85 65
273 187 39 82 55
273 407 68 78 71
220 387 10 58 33
220 247 59 81 60
127 217 71 83 76
127 413 82 92 83
127 457 44 73 55
127 460 65 100 80
192 136 14 68 67
192 228 25 35 30
192 152 20 33 20
192 390 55 88 84
318 167 91 93 92
318 242 17 83 28
318 166 25 88 65
130 177 74 76 75
130 206 74 75 74
130 56 20 63 25
130 315 43 57 52
177 233 25 70 29
315 167 21 78 29
315 169 36 71 66
315 376 25 97 47
315 86 40 97 93
315 129 32 48 36
131 351 57 91 87
131 152 93 96 94
351 331 26 42 32
351 6 24 52 43
152 82 40 80 67
152 330 18 26 24
152 325 32 54 36
152 369 57 87 82
152 364 27 60 53
152 42 43 63 55
132 261 10 50 34
133 193 52 90 71
134 340 65 74 71
134 431 95 99 97
134 57 93 100 94
135 458 69 74 72
135 225 15 19 19
135 252 55 86 65
225 207 93 96 94
225 209 76 77 76
225 83 64 82 82
136 39 11 55 50
136 347 52 96 78
136 0 48 95 93
137 2 72 90 74
262 217 85 93 90
262 483 91 98 98
270 289 89 95 93
270 415 79 89 88
270 344 84 96 90
143 446 10 29 12
144 299 86 87 87
144 476 93 97 93
144 197 90 95 91
144 400 33 46 38
144 414 48 59 48
476 480 84 96 95
476 371 35 58 43
476 295 89 100 97
476 9 15 71 17
476 224 95 96 96
197 180 87 94 88
197 228 34 54 54
197 10 50 70 59
400 104 15 43 31
400 453 18 55 24
400 456 88 90 89
400 395 92 96 93
414 118 29 99 44
414 114 72 99 92
316 364 95 96 96
360 217 92 99 96
360 121 76 87 78
200 267 65 95 87
200 290 24 97 72
200 227 64 71 68
200 320 42 74 60
200 471 23 52 45
200 246 13 44 14
200 279 80 95 92
149 474 23 51 28
149 131 15 77 16
149 326 27 72 55
186 290 60 75 66
186 120 78 82 79
186 170 75 98 78
186 115 16 77 72
309 395 28 81 38
309 281 24 77 29
175 83 59 83 81
175 369 67 80 77
369 252 25 98 94
369 71 71 87 80
153 371 87 94 90
153 111 62 75 62
153 482 25 55 36
153 187 18 92 87
153 287 43 62 45
153 242 79 100 96
153 210 70 71 70
371 399 87 99 89
371 345 56 57 57
155 468 11 26 14
155 360 63 68 68
155 142 27 95 74
155 421 74 89 75
156 465 51 93 70
156 148 42 72 54
156 321 13 81 35
156 383 24 59 45
156 413 90 100 100
156 86 58 78 63
465 64 77 90 77
465 443 30 73 65
465 221 94 96 95
465 313 16 58 32
383 474 31 63 57
383 327 42 85 85
441 137 36 100 42
441 281 75 92 79
441 299 53 85 74
308 149 58 72 69
308 188 38 99 73
415 214 63 68 66
415 485 64 96 92
415 310 38 89 49
415 354 49 83 75
361 140 49 94 69
159 258 28 55 32
159 55 87 92 92
258 354 46 88 74
258 261 18 86 64
258 255 20 35 31
258 37 21 71 61
161 426 61 83 70
161 338 62 82 79
161 261 71 75 75
161 108 80 95 86
161 218 68 77 73
162 195 62 78 78
162 299 77 85 78
162 158 76 95 82
162 275 15 79 53
162 270 85 95 89
162 209 51 58 57
195 337 16 59 33
195 227 24 53 40
195 301 86 87 87
398 264 62 94 83
398 473 44 100 60
398 397 28 98 37
398 23 39 70 59
398 95 36 42 37
484 361 56 86 60
484 63 18 91 55
484 422 50 95 95
484 256 85 87 87
196 43 35 82 43
196 16 48 87 85
196 182 69 89 86
437 226 38 54 48
437 338 54 58 54
166 278 37 41 38
166 249 35 89 66
166 113 89 100 95
166 98 68 99 84
278 203 61 75 62
278 403 60 86 80
278 414 69 89 85
278 389 18 72 57
278 223 62 90 81
249 165 19 87 33
249 2 15 42 26
249 186 63 91 66
249 94 16 91 52
249 171 40 68 51
249 461 90 95 93
249 474 37 68 40
440 232 61 80 76
440 402 48 85 60
440 176 40 83 62
440 25 15 99 92
440 2 61 74 74
423 14 22 98 50
429 235 55 81 81
429 99 38 65 54
429 16 77 87 79
429 336 71 84 80
173 248 37 57 57
173 227 27 95 65
248 161 66 82 72
174 287 82 87 87
174 158 63 78 72
174 176 13 23 13
420 374 55 94 55
420 265 21 84 35
420 310 90 91 90
420 160 89 97 94
420 348 16 62 27
434 112 49 69 54
434 479 53 60 60
434 332 93 94 93
434 416 58 67 64
434 465 73 76 75
434 184 25 48 48
466 346 36 80 53
466 317 34 66 43
466 337 37 100 39
466 149 43 61 56
334 72 43 70 47
334 265 40 79 77
334 180 71 97 71
334 311 73 79 77
247 317 25 83 65
247 56 49 81 54
247 348 15 45 24
247 213 52 74 64
247 229 56 61 57
247 98 89 92 91
185 49 33 35 35
185 343 18 97 81
290 116 54 90 85
290 30 69 98 81
290 389 74 83 74
190 188 20 78 67
191 455 77 89 88
191 24 75 91 83
191 202 70 89 84
191 150 40 87 48
191 113 32 43 40
191 146 91 96 96
194 290 46 68 56
194 291 94 99 98
194 162 37 65 65
194 416 74 97 77
337 271 23 94 27
337 178 83 88 85
198 327 69 84 74
198 393 66 89 83
198 321 60 69 67
198 120 44 99 97
393 485 23 64 64
393 262 10 84 35
213 144 58 73 64
213 194 74 87 76
213 455 17 53 33
246 75 59 82 64
246 127 23 66 49
279 241 22 62 47
279 450 57 66 64
284 145 32 76 36
303 161 18 78 37
203 273 80 98 80
203 399 67 97 83
204 217 90 92 92
204 33 41 62 60
204 251 28 87 67
204 153 28 38 36
453 433 77 81 77
453 63 13 68 26
453 383 25 69 27
453 131 67 99 82
453 313 84 97 95
453 359 28 39 32
208 4 15 23 18
208 440 91 93 91
212 137 44 73 50
215 210 67 84 78
215 78 80 88 83
215 272 94 96 95
216 459 18 78 65
216 69 18 49 49
459 464 25 95 79
459 19 72 89 89
459 363 23 39 25
459 52 38 80 69
424 217 77 82 82
221 110 48 50 50
221 465 56 92 68
221 293 47 63 61
221 325 37 39 38
221 224 11 39 20
224 175 87 100 92
224 383 84 99 87
353 364 94 97 96
353 117 29 99 72
353 298 10 79 60
353 340 83 86 86
353 165 47 65 48
464 408 94 96 96
464 336 19 38 26
236 90 91 95 94
236 463 65 66 66
407 9 72 78 73
407 89 47 70 66
239 61 85 90 89
239 43 63 73 67
239 471 24 83 55
239 172 73 95 79
243 344 79 80 79
243 477 85 96 96
243 457 77 94 81
243 109 93 95 94
477 177 39 41 41
477 394 69 84 77
477 251 14 80 56
244 443 42 48 44
443 404 65 92 74
443 397 92 96 93
443 60 88 98 89
443 64 43 54 51
317 482 31 35 35
317 70 78 81 78
461 168 77 88 85
374 352 37 96 45
374 58 47 54 54
374 298 35 99 63
374 305 12 57 45
374 232 47 49 49
374 378 39 59 48
253 372 74 85 77
254 378 86 88 87
378 423 27 85 58
378 57 30 86 51
378 7 64 90 66
378 445 24 45 29
442 414 65 68 66
442 485 86 94 87
442 159 18 64 62
442 32 91 98 97
297 452 33 59 40
297 164 72 76 76
297 378 48 52 51
297 354 54 65 60
297 291 76 78 76
257 351 30 53 40
257 291 92 96 93
257 363 36 86 54
257 375 78 83 79
265 397 41 69 55
288 375 18 85 78
288 112 67 85 78
288 446 68 83 68
451 164 66 90 81
451 367 57 70 62
451 339 49 90 79
451 199 25 51 25
451 124 68 83 69
451 33 17 80 32
276 387 36 53 44
276 268 43 87 64
277 140 57 61 59
277 228 39 95 70
277 227 13 92 56
277 267 16 36 17
403 352 41 78 42
403 162 80 87 80
403 53 73 74 74
403 448 84 97 97
282 462 35 41 35
282 17 92 98 93
462 46 94 99 94
462 58 94 99 96
462 98 34 86 67
462 118 93 98 96
462 465 62 85 72
433 210 47 86 70
433 29 10 34 17
433 236 91 92 91
294 455 33 53 52
294 464 10 75 71
294 214 44 86 84
294 292 23 71 24
452 273 22 60 22
452 215 79 100 97
452 335 65 92 65
302 168 55 58 56
302 444 32 86 66
302 55 87 94 92
302 5 18 65 18
310 486 35 93 58
310 157 87 100 87
310 418 40 79 57
310 134 85 91 85
307 219 59 79 73
307 139 51 95 52
395 212 77 85 84
418 183 32 65 58
418 305 48 50 50
418 86 22 29 28
418 360 74 80 80
418 309 18 47 28
418 477 17 77 26
418 384 49 72 65
386 197 22 68 38
386 214 28 83 59
386 325 92 96 96
386 193 68 79 69
376 179 48 56 55
376 226 44 52 50
376 143 29 80 65
376 129 35 96 68
376 296 92 96 95
376 439 11 30 14
376 10 45 97 63
376 375 64 73 65
322 419 41 84 55
322 471 74 96 96
419 52 18 45 23
419 23 84 94 88
419 175 10 43 23
323 349 21 90 89
323 475 88 99 95
323 408 68 74 68
324 272 26 76 63
324 226 64 76 76
324 287 59 87 65
324 54 51 89 77
324 291 81 96 92
331 169 72 90 89
331 338 46 51 50
331 278 77 88 88
331 427 30 42 41
332 4 14 70 64
332 451 49 50 50
332 339 24 77 37
332 243 88 95 93
332 153 42 44 42
336 464 67 87 87
336 260 49 96 64
336 250 43 75 61
336 117 91 98 97
336 123 42 80 61
336 209 17 20 20
341 275 19 83 56
341 15 76 88 77
341 310 23 70 67
342 421 61 77 63
342 404 83 88 86
342 361 15 32 31
342 244 51 78 71
362 206 89 99 96
362 169 14 17 16
362 137 21 93 63
355 6 55 84 84
355 102 58 60 60
355 38 57 69 58
447 478 70 79 72
447 70 51 82 66
447 43 58 91 80
368 363 44 50 48
368 471 27 87 82
368 107 10 54 34
368 375 34 65 64
368 335 69 79 77
432 301 45 69 54
432 461 56 90 70
432 319 51 55 53
432 71 92 100 96
432 310 63 81 63
449 131 83 90 84
449 67 71 73 72
449 143 90 97 90
449 93 28 43 38
449 245 69 72 72
381 340 16 80 41
385 266 72 82 74
385 46 20 96 40
392 214 55 56 55
392 327 33 59 59
392 296 57 78 66
392 153 80 85 81
392 436 28 78 40
410 428 94 97 94
410 298 38 97 43
410 191 91 96 93
410 419 89 92 91
478 269 80 97 93
472 246 81 91 82
472 209 77 94 82
0 486
