404 1110
0 76 17 98 59
0 360 38 100 38
76 81 78 87 85
76 314 81 89 81
76 60 44 51 44
76 217 73 99 73
76 350 14 87 60
360 46 49 79 54
360 138 87 94 87
360 394 37 96 58
1 134 56 69 65
1 402 19 78 21
1 355 66 83 71
1 225 64 78 68
134 393 52 85 55
134 127 86 92 90
134 361 71 80 73
134 297 32 85 72
134 151 56 72 62
402 70 36 61 50
402 175 65 95 66
355 334 83 87 83
355 81 73 78 75
355 34 35 76 60
225 210 45 92 59
225 130 52 97 67
2 191 11 87 26
2 65 95 98 97
2 225 40 70 43
2 24 41 81 49
191 292 22 49 45
191 137 85 100 93
191 65 76 100 76
191 11 58 71 61
191 214 12 28 20
65 169 28 87 34
65 295 37 51 51
65 394 51 55 55
24 137 52 97 60
24 236 22 93 79
3 175 15 28 21
3 386 18 26 20
3 27 84 97 97
175 215 22 23 23
175 379 87 100 87
386 157 21 25 24
386 285 87 93 93
386 191 37 68 47
27 403 88 98 96
27 48 75 79 77
27 303 86 99 95
27 159 93 96 93
27 112 83 99 93
4 135 56 73 72
4 283 25 41 40
4 38 23 35 29
4 340 23 93 72
135 325 31 78 66
135 152 89 91 90
135 343 55 78 55
283 181 88 96 91
283 346 30 49 38
38 116 18 80 49
38 72 93 95 95
340 123 27 39 29
340 68 70 78 72
340 102 62 71 63
340 333 68 88 70
5 341 78 93 79
5 369 89 97 97
5 34 46 76 76
5 191 44 89 65
5 97 70 100 92
341 353 71 90 89
341 246 65 74 70
341 37 40 90 79
369 321 94 99 94
369 260 79 96 93
34 285 63 72 69
97 27 44 72 49
97 335 19 52 51
6 103 64 82 74
6 32 77 94 84
6 281 21 46 44
103 342 44 48 47
103 136 93 95 94
32 385 92 96 92
32 379 73 99 75
281 379 90 93 92
281 159 27 50 49
7 262 10 83 27
7 344 15 26 26
7 209 38 56 51
7 268 76 100 89
7 374 41 57 54
7 235 37 92 57
262 76 66 70 69
262 53 81 84 84
262 291 56 63 57
262 384 11 13 11
344 99 57 84 80
344 347 16 69 28
209 281 61 100 81
209 332 86 98 90
209 135 26 71 67
209 384 29 34 32
268 97 44 78 44
374 222 36 63 36
374 364 42 60 50
374 264 13 43 16
235 62 14 75 30
235 385 40 55 53
235 301 32 46 43
8 51 47 87 48
8 108 24 34 24
51 202 34 88 58
51 279 32 66 44
51 61 62 98 90
108 131 65 67 66
108 191 59 84 79
9 226 54 60 54
9 282 85 96 93
9 210 80 100 89
226 15 78 100 81
226 73 26 70 30
226 4 51 59 54
226 175 20 28 25
226 312 77 99 96
210 200 89 98 95
210 113 44 57 53
210 10 89 91 90
10 153 73 82 82
10 87 19 63 26
10 230 21 41 29
153 123 39 77 74
87 123 31 59 41
87 160 93 94 93
87 332 30 89 60
87 92 17 73 24
87 380 46 94 80
87 11 60 68 63
230 165 24 93 59
230 177 56 80 78
230 135 85 93 89
230 98 32 39 34
11 2 44 90 74
12 106 14 49 30
12 280 45 99 71
12 89 87 99 94
12 83 58 80 75
12 116 94 98 98
106 69 42 47 42
106 81 58 84 65
106 90 21 47 29
106 74 81 83 82
89 307 93 97 97
89 44 12 52 37
89 53 90 99 99
83 205 56 59 58
83 188 41 85 71
116 320 60 67 65
116 313 46 85 82
116 62 43 99 75
13 314 42 45 44
13 196 21 52 51
13 258 83 92 91
13 210 74 80 75
13 147 69 83 70
314 141 26 50 37
314 208 27 34 32
196 287 81 92 81
196 198 38 59 43
258 8 92 97 93
147 33 11 25 22
147 361 64 94 81
147 89 25 41 35
14 191 13 34 25
14 79 79 88 87
14 148 23 87 75
79 359 61 64 64
79 206 39 64 48
79 254 15 66 59
79 258 45 63 63
79 63 91 99 92
148 400 86 88 88
148 268 44 50 47
148 17 85 93 88
148 338 46 72 61
148 129 20 80 31
15 155 58 61 59
15 302 89 90 89
15 229 72 82 81
15 313 25 81 55
155 285 20 27 26
155 295 40 66 55
155 35 81 83 83
302 320 63 100 65
229 236 40 81 78
229 330 47 80 59
229 380 59 67 65
229 265 14 95 42
313 360 16 95 47
16 187 86 94 91
187 214 79 95 80
187 19 30 92 45
187 66 67 87 75
187 259 24 88 34
187 47 47 94 52
17 246 54 78 73
17 339 87 90 87
246 263 64 98 94
246 200 32 76 68
18 211 29 85 81
18 382 49 89 66
18 92 10 83 27
18 202 56 85 75
211 324 50 79 54
211 153 69 80 78
211 76 18 69 24
211 196 70 97 91
382 159 52 72 71
382 215 95 97 95
92 103 56 63 58
92 153 54 85 67
92 211 46 61 58
202 36 88 91 90
202 7 54 63 58
19 277 79 83 80
277 349 32 82 47
20 30 57 89 61
20 93 26 68 35
20 191 74 80 76
30 220 89 100 98
30 368 13 91 35
93 376 17 21 19
93 84 20 64 64
93 105 81 90 90
21 107 25 100 39
21 387 45 59 55
107 365 47 73 67
107 184 35 52 41
22 13 32 96 47
23 136 87 93 87
23 337 39 96 88
23 215 89 97 93
23 202 46 86 76
136 45 88 97 90
136 6 32 97 48
136 255 69 70 69
136 115 35 48 35
136 59 13 53 37
337 221 32 74 68
337 344 20 39 24
215 347 77 89 82
215 32 40 99 59
137 359 47 55 49
137 319 16 37 22
25 348 76 89 78
25 23 42 100 72
25 46 41 94 65
25 256 31 93 81
46 207 45 49 45
46 128 81 92 86
256 102 22 35 22
256 109 15 86 25
256 201 24 78 78
256 56 55 80 77
256 217 40 68 52
256 252 52 74 70
256 376 95 97 95
26 275 11 77 76
48 183 67 86 77
48 158 90 100 92
48 11 56 85 83
48 295 14 41 30
48 118 25 45 34
48 123 76 98 77
303 100 26 88 36
303 205 52 95 76
303 313 88 92 90
303 330 32 88 76
303 228 65 67 65
159 209 84 97 88
112 396 74 85 85
112 61 58 80 63
112 260 57 69 63
112 121 11 35 17
112 12 42 46 42
112 311 63 73 71
112 326 52 62 59
28 239 49 94 51
28 271 69 74 69
239 21 85 92 87
29 182 59 84 70
29 364 82 84 84
182 93 18 58 40
182 372 86 89 86
364 83 31 82 52
220 74 11 60 42
220 114 78 90 83
368 385 26 94 31
368 182 36 46 40
368 136 33 89 78
368 192 11 56 22
31 286 68 94 76
31 171 29 36 29
31 280 51 63 52
171 235 10 82 17
171 208 73 84 81
171 174 45 92 69
385 280 44 47 46
385 252 39 50 40
385 70 76 97 81
379 357 91 92 91
379 50 15 77 44
379 102 33 93 51
379 310 89 95 95
379 38 66 97 85
379 126 13 92 38
379 39 56 94 72
285 174 20 40 38
285 95 35 50 41
285 367 18 83 45
35 67 83 92 91
35 391 53 75 60
35 64 49 75 62
35 45 42 54 43
67 248 80 88 84
67 152 81 92 85
67 114 32 71 42
67 165 15 100 55
391 80 85 93 93
391 397 90 97 93
45 136 66 68 66
45 104 36 88 55
36 283 67 87 74
37 206 17 95 49
37 119 77 98 87
206 116 39 85 60
206 141 61 76 65
206 59 76 97 85
119 349 86 99 89
119 284 40 65 51
119 147 81 84 83
72 195 76 96 80
72 59 76 95 91
72 282 89 92 92
39 258 23 31 30
39 89 15 94 28
39 30 95 96 96
39 60 84 88 84
60 231 20 95 45
60 320 30 69 39
60 246 91 96 91
40 12 90 96 96
40 233 58 76 70
233 113 47 66 56
41 271 70 89 89
41 164 45 83 59
41 286 20 62 59
41 201 41 82 72
164 351 14 84 77
164 231 38 49 44
201 207 58 60 58
201 182 67 100 88
201 115 67 72 72
42 54 61 84 81
42 116 47 62 60
42 135 66 84 76
42 128 85 91 87
42 270 27 79 64
42 131 62 91 77
54 20 36 75 38
54 117 85 87 85
270 13 68 88 82
270 193 45 91 65
131 401 79 95 85
131 240 24 52 41
131 152 42 99 98
43 179 36 63 53
43 341 67 72 68
43 351 26 81 71
179 105 18 79 78
179 342 47 91 81
179 152 70 100 79
179 352 17 93 66
351 50 83 100 90
351 305 86 96 96
351 288 30 74 59
44 23 21 67 62
44 233 75 84 81
104 64 53 74 60
104 349 47 53 50
104 394 29 95 43
104 137 64 91 82
207 271 49 98 54
207 42 55 73 72
47 133 26 76 70
47 360 70 92 74
47 147 19 74 38
133 290 32 54 43
133 221 24 43 28
133 263 74 82 77
183 54 40 87 64
158 350 81 98 93
158 401 30 64 61
295 355 36 50 37
295 181 22 30 24
295 31 12 13 12
118 222 77 98 86
118 259 25 69 51
123 181 25 70 38
123 236 42 100 79
49 119 42 90 72
49 328 91 98 92
49 23 43 51 48
49 333 73 78 78
328 170 67 94 87
333 355 87 98 91
333 181 56 100 92
50 332 59 64 62
50 357 85 96 85
332 394 10 49 46
332 396 61 70 66
332 264 36 54 46
357 216 32 49 32
357 246 14 76 72
279 341 57 88 87
279 89 64 97 80
279 60 57 65 61
279 212 11 79 52
279 102 76 80 77
279 210 52 68 60
61 83 58 95 59
61 200 46 88 78
61 300 60 70 61
52 79 11 60 30
52 359 51 65 58
52 327 90 100 97
52 46 69 78 70
52 157 80 96 85
359 378 34 35 34
359 257 24 37 26
359 279 54 89 67
359 287 27 83 80
359 108 34 42 35
327 109 17 24 21
327 46 22 73 71
327 366 22 53 45
157 27 12 39 16
157 109 91 94 91
157 299 64 85 75
157 32 57 79 60
157 264 45 98 69
157 91 51 93 92
157 178 80 97 90
53 79 77 83 78
53 353 72 80 80
353 325 71 94 73
353 152 67 90 81
353 354 28 94 34
353 108 85 89 89
353 164 21 62 51
117 254 68 69 69
117 387 36 100 50
117 389 32 53 43
55 58 42 79 71
58 126 88 91 89
56 260 22 28 25
56 163 87 97 96
260 299 94 100 97
163 48 32 95 66
163 227 62 79 76
163 34 80 89 84
163 362 27 30 30
57 112 22 27 22
57 265 59 83 71
57 178 74 94 80
265 365 16 45 43
265 307 58 71 68
265 397 24 86 74
265 12 84 85 84
178 290 62 99 89
126 86 36 38 37
59 335 18 98 79
59 185 21 25 21
335 286 91 92 91
335 110 69 77 74
335 354 42 86 54
335 269 57 95 65
185 150 84 100 98
231 339 29 35 30
231 9 59 69 60
231 5 12 85 28
231 111 28 48 35
231 373 29 81 63
320 381 39 75 39
320 102 50 72 71
200 311 73 90 85
200 132 21 69 56
200 34 45 65 56
200 117 74 97 81
300 182 30 38 38
62 65 67 93 79
62 234 12 40 40
234 328 66 71 69
234 231 69 85 70
234 398 70 79 74
63 36 89 91 89
63 64 95 99 96
63 291 89 99 96
291 72 88 92 89
291 279 29 53 37
291 140 82 86 82
169 206 76 91 79
169 163 55 76 58
394 104 15 100 90
66 121 14 99 30
66 359 13 35 22
121 173 56 77 61
248 68 39 65 52
248 76 80 94 93
248 192 13 70 69
152 55 78 88 86
152 105 12 27 24
114 346 38 56 41
165 281 78 84 82
165 72 16 45 21
165 142 81 84 83
68 176 59 62 62
68 403 64 69 64
68 248 31 36 36
68 364 84 99 89
69 60 56 96 92
69 141 22 47 29
69 1 26 38 38
141 163 67 92 71
141 44 68 84 69
141 311 73 89 76
141 385 28 94 53
141 285 83 95 85
70 366 80 83 81
70 10 92 99 95
70 380 71 96 92
70 190 56 97 57
366 375 53 88 55
366 387 46 56 51
366 233 76 85 82
380 347 21 28 24
380 174 78 97 94
380 248 19 90 38
190 57 46 68 48
190 241 27 82 67
190 308 30 48 40
190 106 70 95 79
190 268 93 97 95
190 101 37 50 47
71 44 27 50 36
71 168 63 83 83
168 383 33 46 43
73 269 45 48 46
73 126 64 86 79
73 182 77 100 81
73 77 74 76 75
269 184 20 93 93
269 154 79 98 92
269 120 73 91 87
269 119 66 98 94
269 317 37 98 77
269 31 70 90 87
77 52 28 31 29
77 105 56 67 65
74 54 64 76 68
75 248 10 95 89
75 77 79 88 85
75 331 15 67 51
331 266 79 97 89
331 383 38 42 40
81 257 41 97 80
81 231 37 45 44
217 46 15 81 68
350 236 93 96 96
350 371 77 93 80
105 281 22 47 24
78 227 24 70 57
78 384 34 73 69
227 363 70 89 70
227 266 70 72 70
227 351 42 56 43
384 103 93 97 94
254 372 76 82 80
80 31 21 69 37
80 327 69 81 73
80 257 70 74 70
80 283 78 79 79
80 258 84 92 89
80 36 67 77 67
257 5 62 72 69
257 203 20 59 33
257 322 39 41 39
257 235 77 80 77
82 113 56 87 66
113 305 52 75 75
113 402 50 63 61
113 158 37 44 40
113 389 37 73 54
205 138 45 86 78
205 94 72 86 74
205 269 32 45 42
205 342 36 65 38
205 166 18 61 44
205 325 32 92 71
188 399 57 67 62
84 144 92 98 98
84 186 67 72 71
84 354 68 91 72
84 393 68 90 85
84 377 79 80 79
144 263 91 99 96
144 140 11 17 11
144 202 88 95 93
186 361 38 76 49
186 119 51 65 61
186 182 64 79 70
354 278 27 96 84
354 165 39 61 53
354 128 17 65 36
393 73 47 71 50
377 360 45 68 53
377 298 89 95 93
85 345 87 89 89
85 338 91 95 95
85 142 85 96 96
85 359 53 86 68
345 336 29 61 56
338 58 56 76 58
338 369 33 60 53
338 233 85 87 87
142 304 20 49 35
142 346 66 71 68
142 20 83 85 84
142 282 12 75 20
142 72 78 90 80
142 286 56 68 66
160 319 58 65 65
160 241 39 71 70
160 322 84 99 98
160 276 76 96 86
160 13 89 96 93
88 230 71 83 80
88 360 63 68 63
88 79 85 94 89
307 111 27 34 27
307 300 53 91 72
307 2 90 91 90
307 219 81 92 90
307 370 82 93 91
307 325 31 51 46
90 3 57 71 60
90 171 92 100 97
90 385 89 92 91
90 1 75 97 80
91 99 36 88 64
91 149 82 87 83
91 141 45 58 52
91 337 30 75 48
99 290 19 28 20
99 3 56 69 61
99 70 48 53 50
99 239 41 73 60
99 137 55 69 57
99 317 23 45 35
149 106 46 89 68
149 25 11 36 27
149 14 71 74 71
376 13 33 34 34
376 297 51 67 58
376 18 83 89 85
94 310 21 83 61
310 109 32 99 58
310 169 30 67 55
310 135 46 68 62
310 211 67 73 67
310 294 50 94 50
95 184 21 96 48
95 189 24 65 51
95 202 22 38 22
95 288 85 97 94
189 181 57 92 58
288 389 76 94 81
288 394 40 45 43
288 175 57 96 77
96 274 24 65 32
96 307 21 77 33
274 380 88 93 91
274 332 12 55 26
274 178 50 90 61
274 204 87 96 95
274 265 10 42 40
98 231 41 53 47
98 4 89 99 93
98 384 66 88 86
290 247 15 100 84
290 23 69 74 71
290 255 30 47 42
317 299 69 83 77
317 241 16 72 21
100 70 69 81 74
100 233 39 52 44
100 144 36 73 37
100 283 51 100 62
101 132 53 86 54
101 262 72 74 74
132 255 83 93 88
132 256 10 95 86
132 130 33 37 36
102 219 63 80 76
102 104 50 70 59
102 273 14 83 28
102 325 16 55 44
219 145 22 73 61
219 215 49 68 61
219 316 79 81 81
273 40 80 83 83
273 32 77 98 90
273 376 83 99 95
325 113 72 93 92
325 29 87 98 88
325 95 74 90 86
342 297 85 92 86
342 359 51 100 59
342 358 46 84 70
349 337 73 92 92
349 244 58 95 64
365 49 52 61 59
365 325 16 46 35
365 212 88 95 91
365 332 65 83 81
365 100 54 89 78
109 97 85 95 88
110 148 87 89 89
110 230 81 88 81
110 275 62 68 66
111 339 95 99 97
111 264 54 94 69
264 173 43 94 89
264 193 19 47 33
264 276 85 96 85
264 109 40 97 81
396 194 71 73 71
396 291 81 99 90
396 12 58 63 63
396 144 35 93 60
311 254 33 78 43
311 68 78 98 86
311 354 70 89 84
311 24 33 55 42
326 337 79 96 96
326 165 48 62 60
326 64 48 80 70
305 14 83 99 93
305 306 44 49 45
305 35 73 77 77
305 149 23 35 23
389 278 41 69 69
389 259 49 66 53
389 148 92 98 98
346 265 83 99 96
346 369 43 52 51
115 369 19 59 56
115 130 44 51 46
115 165 34 84 46
115 73 39 48 44
130 185 81 86 84
130 6 59 63 60
130 136 27 35 35
222 104 74 75 75
222 272 74 88 75
222 219 39 96 80
259 57 69 96 89
259 66 55 99 77
284 129 36 90 67
284 2 90 91 91
284 54 22 60 59
284 308 74 92 74
120 117 81 84 82
120 63 78 98 96
120 338 48 63 55
173 252 78 84 80
173 373 79 80 80
173 394 75 81 79
181 41 68 76 75
124 148 35 38 37
125 8 45 87 45
125 181 78 97 84
125 86 84 90 88
127 353 51 76 57
127 362 55 67 64
127 166 19 66 42
127 340 87 91 89
362 152 38 68 39
362 301 11 48 14
362 316 36 63 41
166 187 77 97 82
166 124 30 68 55
166 60 54 88 60
129 76 60 81 78
129 292 73 100 78
129 349 40 82 59
292 355 70 83 81
292 113 46 95 53
292 22 52 60 52
292 148 72 98 80
292 377 63 86 83
401 129 37 74 50
401 312 85 91 86
401 305 22 41 27
401 360 13 27 24
401 376 75 87 80
401 102 71 88 82
255 310 23 70 44
255 244 31 92 38
255 349 94 99 95
221 111 66 87 72
263 342 68 90 75
263 203 77 91 82
263 156 74 100 78
263 312 78 81 79
263 152 43 94 70
361 303 84 91 91
297 66 28 59 52
151 343 87 99 96
151 326 87 100 93
151 18 48 92 81
151 70 65 78 67
151 258 41 59 51
343 76 35 84 61
343 347 68 83 72
343 158 51 92 53
319 31 19 32 19
319 217 92 95 93
319 269 20 25 25
319 206 90 92 92
319 297 53 82 56
319 327 19 68 67
138 337 65 68 68
138 184 35 61 47
138 13 34 91 74
139 231 91 98 93
140 343 64 65 64
140 98 20 47 38
304 260 76 89 82
304 255 24 44 43
143 88 63 90 81
143 116 35 39 37
143 359 77 97 96
145 1 14 65 19
145 73 31 96 36
145 211 70 78 71
146 298 68 82 70
146 40 85 93 85
298 206 74 99 92
298 308 92 93 92
298 248 50 61 50
298 16 67 95 77
400 282 37 43 42
400 261 36 38 37
400 254 49 69 55
400 81 59 70 68
400 276 64 65 65
400 377 46 95 84
150 2 85 96 86
150 137 17 33 19
150 213 15 64 56
150 127 33 75 63
213 287 83 92 84
213 217 34 58 34
213 230 60 64 62
154 48 17 91 56
154 169 27 89 30
154 116 69 86 69
156 372 48 50 50
156 136 50 59 54
156 110 84 98 92
156 330 62 73 68
156 192 76 83 81
330 382 50 51 50
330 114 93 97 96
330 12 29 44 43
330 291 61 81 68
192 13 36 67 42
192 356 36 95 86
299 54 49 99 52
299 110 12 48 16
322 167 87 96 93
322 95 15 48 31
322 295 52 90 62
322 19 54 80 69
276 7 58 80 77
276 367 49 60 49
161 322 23 30 24
162 169 72 87 83
167 146 16 70 26
167 84 55 97 91
167 14 75 79 78
167 184 50 63 51
383 88 45 60 57
383 312 79 84 81
170 135 77 91 84
208 93 77 83 82
208 144 78 88 88
208 4 85 93 88
208 75 88 94 90
208 250 56 63 57
208 215 81 82 81
208 310 89 92 90
208 161 83 93 87
208 260 45 69 49
208 397 32 53 40
174 129 19 65 35
174 305 18 58 36
172 315 13 25 22
172 126 19 99 69
172 106 64 68 65
315 403 61 93 89
315 339 15 67 51
315 318 91 96 91
252 356 20 22 21
252 23 35 38 37
252 92 14 52 47
373 6 57 69 65
373 141 82 88 88
177 358 15 29 21
177 194 30 62 45
177 300 20 37 33
358 274 40 92 42
358 270 16 34 30
358 95 51 77 64
358 53 13 61 31
194 2 95 96 96
194 280 34 64 52
194 244 51 53 52
194 126 23 85 61
180 340 50 80 78
180 236 23 28 24
180 64 37 69 50
214 305 52 91 57
399 256 30 96 76
399 56 10 51 21
399 47 47 50 47
193 278 26 70 43
193 198 62 88 83
278 109 80 99 85
278 401 16 29 19
278 335 21 22 21
278 27 86 92 86
278 321 63 75 65
198 341 38 66 44
198 386 39 56 54
198 148 91 97 91
244 154 49 58 52
244 281 28 46 29
287 212 31 34 33
287 248 72 96 82
287 214 44 71 55
197 114 16 73 58
197 267 38 51 46
197 45 69 84 84
197 40 44 76 73
267 96 38 68 66
199 170 14 24 23
199 343 11 47 36
199 301 91 100 100
301 214 41 58 43
301 330 11 33 29
301 253 51 92 88
301 78 86 97 93
301 254 57 69 69
301 390 17 55 33
203 329 28 58 32
203 222 84 93 84
329 91 75 98 94
204 225 95 96 95
204 305 48 75 49
204 226 58 69 61
204 387 14 84 74
204 374 55 78 70
204 29 86 92 88
250 342 41 48 46
397 394 73 95 76
397 81 39 79 39
397 308 14 22 19
324 179 66 84 77
324 342 70 77 72
324 394 73 80 73
324 315 69 97 94
212 87 65 67 67
212 317 55 88 56
212 332 24 86 44
347 355 60 76 68
216 45 77 96 94
218 109 41 83 41
218 27 66 92 86
218 107 82 94 82
316 123 24 71 49
316 284 81 84 82
316 327 81 84 84
316 165 70 86 73
272 323 19 39 36
223 372 42 68 55
223 388 23 46 29
223 9 93 100 97
388 292 15 69 59
388 45 70 77 70
388 231 56 67 62
224 399 55 61 55
312 89 57 71 64
312 368 92 100 98
312 371 86 87 86
266 119 79 91 86
266 398 87 89 89
266 157 82 100 88
266 390 92 94 92
266 84 83 92 83
228 324 87 100 87
228 295 22 100 58
228 115 44 50 45
232 389 38 43 41
232 170 76 91 88
232 261 87 94 92
398 353 38 55 42
398 312 88 97 88
398 239 34 67 52
398 273 50 63 63
237 212 82 89 89
237 160 60 100 76
237 378 27 48 38
378 102 21 69 29
378 333 57 79 78
238 18 19 57 43
238 146 40 58 46
238 342 62 74 62
238 247 41 94 92
247 66 67 98 88
247 334 12 65 49
247 179 61 83 81
247 92 75 76 76
247 113 20 60 43
247 390 53 67 64
242 370 70 81 78
242 343 30 53 50
370 133 39 80 73
243 101 18 89 81
243 158 50 60 58
245 240 25 96 38
245 236 52 93 54
245 207 35 94 71
245 95 88 91 91
334 97 28 62 42
334 388 27 45 45
334 307 57 78 70
334 365 37 91 58
334 100 65 88 78
334 181 43 67 46
334 327 87 97 94
390 356 72 87 81
249 55 29 97 95
249 388 76 95 79
251 9 55 86 55
251 244 77 78 77
253 219 84 85 84
253 292 48 77 62
253 373 65 81 67
323 48 44 45 45
323 95 51 96 69
323 106 50 90 61
367 354 74 79 74
289 206 86 98 89
289 156 50 56 55
289 284 52 62 59
289 385 88 97 95
293 157 59 66 59
293 130 35 99 81
293 399 67 86 77
296 139 35 83 67
296 398 49 75 53
296 219 41 98 87
306 139 73 89 86
306 121 34 78 47
306 111 45 63 58
306 240 89 92 89
309 250 37 80 49
309 99 53 80 56
371 1 90 99 92
371 323 55 63 60
318 223 80 96 91
318 330 95 100 97
318 316 93 95 95
381 90 36 68 53
336 177 22 33 33
336 214 72 74 73
375 313 66 96 88
375 187 19 34 27
375 271 78 95 86
392 349 22 54 38
392 24 58 63 62
395 204 42 94 68
395 264 13 84 31
395 97 94 95 95
395 382 93 96 95
0 403
