351 1262
0 85 91 97 91
0 199 35 40 38
0 277 78 79 78
85 232 11 87 59
85 64 68 90 89
85 163 92 94 94
85 276 35 92 66
85 314 18 98 87
85 326 46 57 57
199 58 87 88 88
199 301 47 61 50
199 73 87 97 97
277 127 19 27 23
277 242 65 73 71
277 193 87 100 95
277 122 85 99 86
277 240 14 95 83
277 342 68 97 89
1 293 33 93 65
1 340 45 75 51
1 21 53 56 56
1 152 28 69 56
293 284 87 88 87
293 120 46 55 53
340 324 39 47 40
340 306 90 95 94
340 169 33 69 62
21 85 88 90 89
21 348 78 87 81
21 50 95 96 96
21 126 59 90 79
21 171 65 81 71
21 120 56 97 69
21 69 74 89 76
21 19 85 88 88
152 140 15 31 24
152 292 86 94 87
152 86 58 82 66
152 325 45 75 50
2 1 10 13 12
2 264 32 42 33
2 13 42 100 91
2 186 17 19 17
264 174 39 94 58
264 325 84 97 96
13 168 85 92 88
13 265 15 81 46
13 60 50 71 55
13 284 68 69 69
13 92 48 73 68
186 313 91 100 95
186 262 30 67 42
186 137 14 18 17
186 80 76 83 76
186 269 31 45 42
3 335 90 95 92
3 181 60 67 62
3 288 76 89 86
3 196 76 82 76
3 281 31 38 38
335 88 58 99 94
335 110 59 87 67
335 185 90 92 90
335 180 10 13 13
335 87 87 92 90
181 331 50 71 64
288 202 37 50 39
196 170 50 94 90
196 344 66 68 67
196 346 62 94 85
196 49 88 95 95
281 292 26 29 27
281 37 10 53 31
281 145 91 97 93
4 16 36 84 55
4 240 68 84 75
4 90 81 99 89
4 254 18 76 19
16 57 58 96 59
16 195 91 96 96
16 13 32 92 35
16 281 41 50 43
240 134 16 62 59
240 159 26 29 27
240 209 36 59 43
240 329 13 68 61
240 225 58 96 83
240 229 31 79 43
240 118 93 95 93
90 28 54 90 79
90 143 39 87 69
90 113 53 85 65
90 229 85 98 92
254 329 74 98 86
254 3 71 100 83
254 76 51 99 98
254 154 70 92 89
5 124 41 45 44
5 96 54 69 69
5 37 70 84 75
5 68 34 54 40
5 209 22 37 26
5 255 65 99 77
124 42 82 97 96
124 191 23 65 35
124 219 52 61 52
124 315 30 90 59
124 259 50 51 51
124 281 72 76 75
124 13 42 89 84
124 96 36 60 55
96 153 43 79 48
96 267 12 81 81
96 201 74 98 97
37 307 71 72 72
37 217 27 67 31
37 224 80 92 83
68 167 53 92 65
68 223 64 68 64
68 25 50 67 67
209 139 39 56 49
209 260 79 93 84
209 218 75 97 81
209 323 42 96 59
209 264 72 83 79
255 58 57 74 68
255 216 26 47 44
255 305 18 46 41
6 282 17 57 31
6 30 27 71 42
6 4 70 95 77
6 65 21 38 22
6 270 42 47 45
282 41 86 92 91
282 278 19 57 32
282 249 45 69 51
282 111 57 86 58
282 301 28 92 67
282 52 50 56 50
282 153 36 78 39
30 9 20 61 39
30 118 11 19 17
30 76 58 75 58
30 245 24 86 53
65 54 12 93 74
65 217 38 75 59
270 222 45 84 50
7 182 26 66 47
182 44 48 91 65
8 211 52 100 75
8 95 49 62 52
8 114 89 92 92
211 260 47 80 77
211 80 32 46 43
211 289 91 96 94
95 336 50 52 50
95 244 44 67 66
114 190 13 19 14
114 120 14 74 35
114 349 49 80 67
9 34 55 66 57
9 257 61 81 63
9 316 15 44 35
9 263 12 91 23
9 305 58 85 58
9 40 94 100 99
34 199 42 90 61
34 228 70 71 70
34 281 81 97 95
34 201 16 87 33
34 232 13 14 14
34 57 87 100 92
257 269 70 79 75
257 281 18 88 75
263 307 23 92 48
263 212 49 60 52
263 318 29 57 41
263 306 91 99 98
263 284 24 83 74
263 48 26 88 40
305 141 58 65 62
305 232 78 92 86
305 161 47 94 57
305 257 57 90 84
305 1 69 87 80
305 131 53 94 88
40 189 19 68 37
40 119 78 98 85
40 302 41 69 66
40 92 28 70 63
10 79 56 94 88
79 14 48 53 50
79 282 19 100 36
79 281 58 67 61
79 285 16 47 42
11 259 27 76 33
11 168 62 83 82
11 185 83 99 90
259 195 35 97 39
259 111 79 87 85
259 135 89 94 94
259 268 46 81 78
259 265 42 91 77
168 108 90 97 94
168 119 34 76 54
168 227 46 58 46
168 131 59 72 69
168 312 80 88 81
185 64 86 88 86
185 6 73 83 81
185 139 10 35 14
185 37 48 86 49
12 339 95 99 99
12 220 19 27 21
12 285 82 88 83
339 325 81 95 87
339 261 35 59 55
339 308 78 84 84
220 301 62 100 82
220 232 14 59 43
220 2 73 75 73
220 96 73 93 90
220 91 70 74 73
220 60 33 71 64
285 163 26 65 53
285 39 51 100 55
285 313 11 30 13
285 118 15 21 19
285 317 79 95 90
265 197 16 83 62
265 292 90 97 90
265 208 85 89 89
265 349 71 99 98
60 66 54 76 63
60 75 56 81 78
60 235 87 95 91
284 76 21 44 35
92 33 34 91 56
92 293 50 76 63
92 69 50 96 66
92 339 21 94 67
14 240 25 78 44
14 150 29 48 32
14 255 19 29 26
14 223 58 73 64
14 329 42 49 42
14 189 27 60 54
150 341 78 85 85
150 12 39 45 39
223 273 58 93 84
223 250 10 46 17
223 275 43 75 48
223 333 10 69 63
329 201 50 85 60
189 3 18 91 35
189 254 22 98 80
189 238 79 87 82
15 176 39 76 74
15 251 80 91 86
15 48 33 80 51
15 232 91 96 92
15 111 37 52 42
15 153 95 98 97
176 324 88 96 96
176 207 37 79 55
48 193 14 91 69
232 225 60 94 67
232 89 41 100 60
232 135 48 71 55
111 200 23 34 28
111 194 23 45 35
111 35 67 87 84
111 87 74 98 75
111 67 85 88 85
195 176 22 63 43
195 343 49 91 78
195 137 46 91 52
195 298 19 100 83
17 267 15 87 38
17 349 57 100 77
17 62 20 60 57
17 44 68 88 75
17 144 75 96 91
17 212 47 75 49
17 128 69 88 71
17 303 77 94 90
267 208 91 93 92
267 216 40 85 85
349 179 22 33 22
349 243 83 94 88
62 279 33 98 92
62 185 92 93 93
62 122 91 97 93
62 317 37 100 88
44 180 93 97 95
44 65 28 64 50
44 78 67 80 74
144 326 43 89 88
144 187 81 100 82
144 335 17 32 19
144 189 57 98 87
144 238 35 100 40
212 75 83 87 85
212 119 69 99 78
128 0 88 89 89
128 192 82 93 84
128 48 69 87 82
128 252 95 96 95
128 227 81 97 86
128 309 42 52 51
128 306 78 94 93
303 329 46 92 52
303 71 13 39 31
18 5 66 97 90
18 194 58 79 63
18 325 64 79 77
18 117 10 100 34
18 163 25 91 25
194 172 75 81 81
194 15 77 81 80
194 165 37 79 63
325 223 47 81 50
325 199 90 98 97
325 324 69 85 79
117 230 52 75 66
117 303 34 49 37
117 33 52 99 53
19 225 93 99 95
225 56 86 99 93
225 126 57 71 68
225 19 41 86 65
225 114 12 74 26
225 245 29 88 57
20 303 37 55 40
20 336 90 96 92
20 78 90 96 96
20 293 40 45 44
336 207 68 89 79
336 168 16 22 18
336 151 63 82 72
336 92 76 96 87
336 114 83 100 84
336 17 49 54 54
78 236 72 88 77
78 142 12 45 17
78 117 10 27 25
348 300 90 100 91
348 103 58 85 78
348 158 65 68 68
348 79 87 92 88
348 305 76 96 91
50 28 52 99 64
50 36 31 72 32
126 71 61 97 70
126 130 22 68 33
126 185 54 55 55
126 176 90 98 92
126 67 68 93 77
171 114 12 65 14
171 239 94 95 95
171 130 28 77 59
171 326 70 80 72
171 290 77 98 77
171 2 32 66 56
120 217 79 81 81
120 131 90 100 92
120 1 59 92 81
120 130 21 26 25
22 184 42 65 57
22 308 90 100 93
184 132 15 52 35
184 2 53 76 58
308 314 90 94 93
308 334 14 17 16
308 217 56 66 62
308 281 48 88 58
23 25 12 37 27
25 5 94 100 95
25 96 40 45 40
25 341 61 88 79
25 348 71 96 75
25 33 44 65 51
25 333 25 99 37
25 24 45 69 62
24 95 43 91 47
24 91 60 99 62
24 23 24 63 24
24 156 28 46 31
24 157 33 42 35
24 120 19 69 35
24 109 91 99 91
24 31 12 51 47
91 272 23 76 60
91 13 12 92 31
91 8 16 95 40
156 127 86 91 91
156 287 75 79 76
156 149 29 68 51
157 122 25 72 36
157 92 51 63 55
157 0 77 88 85
157 308 54 81 81
109 178 10 29 25
109 45 27 88 46
109 177 87 96 87
109 236 13 59 17
109 314 37 98 54
109 154 44 51 50
31 253 55 72 65
31 123 56 98 76
31 23 17 64 25
31 248 18 35 32
31 15 44 45 44
31 17 70 99 85
31 292 89 92 92
341 270 92 100 95
341 125 46 53 51
341 112 34 47 36
33 103 36 50 43
333 53 25 97 38
333 17 61 63 63
333 5 24 38 32
333 304 31 72 37
333 207 20 32 23
26 259 13 53 17
26 203 78 95 81
26 165 76 96 85
26 182 19 90 56
26 303 18 37 30
26 255 58 63 60
203 300 45 77 65
203 90 10 70 27
165 307 18 24 24
165 228 76 84 82
27 289 29 49 30
27 343 94 98 94
27 78 22 34 26
289 259 41 54 44
289 143 91 98 95
289 165 79 97 93
289 201 57 68 67
289 269 67 73 69
343 86 57 89 58
343 243 10 59 40
28 12 95 99 98
28 120 68 89 81
29 331 36 63 52
29 255 13 34 29
29 37 19 29 24
331 149 54 70 63
331 61 87 98 98
118 120 21 70 21
118 55 17 44 25
118 206 20 73 47
118 71 56 82 58
118 272 73 89 74
76 306 65 93 84
76 256 34 75 46
76 269 49 56 55
245 276 52 77 73
245 54 19 44 23
253 21 92 96 92
253 191 10 93 80
253 62 11 55 44
253 250 45 83 76
253 190 67 92 86
123 165 81 90 86
123 10 67 80 75
123 335 57 66 58
248 227 36 86 78
248 159 38 67 53
248 316 55 62 56
248 230 92 100 97
248 310 59 74 71
248 306 14 47 24
292 187 25 61 41
292 22 48 74 61
292 176 60 62 60
292 244 89 94 90
292 61 82 92 88
32 328 50 71 70
32 145 23 42 25
32 257 62 87 74
32 42 33 34 33
32 137 39 59 39
328 168 72 88 78
328 62 92 98 94
328 100 93 100 93
328 156 17 54 27
328 190 60 72 61
145 173 63 64 64
145 305 91 99 99
42 203 69 81 77
42 221 80 94 84
42 219 38 86 70
42 70 79 95 89
42 149 39 54 51
137 278 30 35 33
137 167 42 84 50
137 33 84 90 88
103 206 62 99 92
103 342 93 100 99
228 109 90 97 93
228 343 57 64 62
228 191 63 69 66
201 202 47 67 50
35 313 10 69 64
35 114 12 90 64
313 169 19 32 31
313 80 53 85 69
313 311 47 91 65
313 97 27 31 30
313 0 47 86 55
313 168 17 64 32
36 172 31 97 72
36 5 74 90 76
36 216 65 88 83
36 1 71 84 79
172 305 54 60 57
172 181 37 61 54
172 277 42 96 83
172 274 74 81 75
172 295 10 63 55
172 119 40 71 67
216 28 75 94 78
216 142 76 78 76
216 88 77 93 88
307 154 62 80 69
307 150 41 74 57
217 224 73 77 73
217 275 23 25 24
217 277 54 93 68
217 149 70 100 81
217 281 65 88 81
217 209 75 79 76
217 245 86 99 93
224 223 51 60 59
224 295 20 86 84
224 60 77 83 80
224 221 66 75 70
38 342 91 97 91
38 293 26 88 78
38 230 13 74 51
38 339 58 73 60
38 233 47 78 69
342 281 93 97 93
342 160 76 85 76
230 150 83 87 87
230 294 75 86 84
230 228 46 60 56
230 2 15 94 25
230 332 56 92 56
233 307 88 97 96
233 50 11 81 11
233 205 61 85 65
233 263 87 95 90
233 1 38 84 59
233 237 90 95 90
233 240 61 67 65
233 183 95 97 95
39 248 11 56 24
39 140 29 43 37
39 61 91 92 91
39 137 14 44 17
39 150 17 93 71
140 232 92 94 94
140 93 47 97 78
140 330 49 56 55
140 244 49 90 56
140 240 34 93 63
61 248 69 97 75
61 313 53 77 65
61 49 87 96 96
119 99 72 77 77
302 213 74 77 77
302 337 86 91 91
302 341 34 47 45
302 305 72 80 75
302 118 63 80 78
41 224 71 91 71
41 127 50 77 64
41 46 62 68 66
41 246 13 28 15
127 64 35 93 49
127 79 51 74 64
127 148 62 97 64
46 170 84 88 85
46 147 88 92 92
46 11 44 47 47
46 254 10 86 10
46 267 57 79 61
46 350 29 34 29
46 102 90 95 94
246 102 59 63 60
246 282 30 44 33
246 168 72 81 72
246 17 38 98 94
246 278 53 88 77
246 172 13 34 16
246 59 66 71 68
221 260 18 82 78
221 267 76 99 89
221 167 80 83 81
219 336 15 31 23
70 205 88 89 89
149 56 36 90 69
149 110 40 89 43
43 224 87 88 87
43 264 14 57 24
43 295 21 42 30
43 19 45 71 62
43 122 18 20 20
43 331 23 100 64
43 212 71 95 86
295 315 21 62 25
295 50 40 43 41
295 306 89 99 96
295 149 47 52 47
122 262 71 89 77
122 341 33 62 51
180 221 95 100 96
180 247 35 89 55
180 158 77 79 77
180 37 62 65 64
45 180 95 98 96
45 148 50 72 68
45 307 65 94 93
45 91 87 88 87
45 27 54 64 62
148 21 35 83 68
170 98 37 62 47
170 321 31 59 33
170 240 30 54 41
170 60 32 38 36
147 109 41 53 42
147 125 57 87 77
147 220 84 98 84
147 91 90 99 93
350 186 42 70 49
350 29 85 96 90
350 184 63 87 75
350 177 54 60 57
350 85 51 100 78
350 232 13 29 25
350 187 90 100 95
102 254 85 87 86
102 55 36 46 41
102 87 14 57 15
102 334 19 66 53
47 49 40 88 83
47 282 65 81 67
47 167 14 57 49
47 146 27 83 80
49 51 89 90 90
49 18 89 96 92
167 256 69 83 75
167 74 58 63 59
167 319 89 95 95
146 197 91 96 93
146 177 79 86 82
146 273 19 44 20
146 249 59 82 82
146 217 63 93 66
193 274 73 76 74
193 43 18 97 65
193 336 68 69 68
51 33 61 97 84
51 255 91 100 95
52 302 26 34 30
52 217 71 92 89
52 50 16 88 70
52 18 48 79 66
52 155 90 97 93
155 324 21 22 22
155 259 11 81 55
53 321 31 62 55
321 194 15 80 73
54 60 65 77 67
55 127 35 70 35
55 117 68 92 91
56 115 20 76 66
56 342 21 64 63
56 314 40 71 69
56 100 53 85 85
115 36 79 87 84
115 96 33 44 35
115 261 59 93 78
115 282 84 91 86
115 305 65 80 66
314 169 10 33 30
314 291 24 50 24
314 224 46 81 78
314 83 22 84 32
100 45 34 78 72
100 144 24 92 78
58 193 13 42 42
58 115 64 71 70
58 336 64 88 82
58 303 40 67 59
59 301 20 99 58
301 29 79 81 81
301 120 35 37 35
301 281 89 94 90
301 300 45 71 46
301 283 65 87 67
301 325 24 42 42
66 101 33 49 42
66 200 17 37 33
66 108 42 85 46
66 22 31 90 58
75 47 91 93 93
75 77 73 85 81
75 287 73 99 73
75 21 78 98 81
235 132 70 75 73
235 349 31 69 43
235 200 54 90 82
235 49 84 88 87
279 325 30 37 32
279 242 45 75 45
279 265 28 45 35
317 156 15 58 24
317 60 49 56 53
317 324 77 99 90
317 339 51 88 74
317 187 88 91 90
63 155 84 89 89
64 160 93 95 95
64 189 41 51 44
64 240 92 100 97
64 63 48 71 67
64 223 86 95 94
64 199 20 56 55
64 61 22 31 27
160 126 15 66 57
160 257 47 58 53
101 54 72 82 80
101 216 84 94 89
101 335 74 85 82
200 73 71 74 74
200 178 27 76 65
200 54 41 57 54
200 115 19 93 25
108 166 59 65 62
108 165 29 36 35
108 220 74 93 93
108 80 93 94 93
108 9 68 92 69
108 328 20 97 75
108 10 51 89 54
67 103 29 51 36
67 287 52 77 73
287 60 60 78 73
287 305 70 83 81
205 65 15 52 25
205 107 33 93 90
71 219 40 46 44
71 324 30 79 48
71 109 17 49 35
71 141 63 85 81
71 330 57 73 67
324 0 71 79 74
324 341 31 98 55
324 61 50 87 62
324 23 56 72 64
141 350 36 90 54
141 98 35 51 41
141 249 38 70 45
330 324 29 47 32
330 275 25 77 73
330 221 43 88 71
330 149 83 96 95
72 252 21 24 23
72 68 29 54 49
72 277 24 100 56
72 175 41 72 66
72 289 90 91 91
72 67 60 97 86
252 268 70 71 71
252 25 13 84 35
175 204 69 73 72
175 203 89 96 91
175 178 28 88 71
175 141 34 94 39
73 188 57 100 97
73 58 67 87 84
73 169 83 91 86
73 115 66 82 67
73 266 95 99 98
73 185 43 97 70
73 228 27 35 35
188 323 53 71 63
188 121 71 99 88
188 9 48 65 48
169 197 69 79 72
169 20 45 81 66
169 39 40 94 52
169 37 44 86 45
169 206 24 34 25
266 33 12 32 31
74 300 52 68 61
74 269 41 47 41
300 65 73 76 76
300 126 36 75 43
269 333 62 74 70
269 99 63 88 87
269 288 91 97 94
269 141 36 42 40
77 5 41 72 56
77 44 94 99 95
77 327 90 97 95
306 159 59 69 67
306 45 90 95 92
306 339 85 98 95
306 300 24 82 48
256 3 34 73 36
256 193 42 49 49
256 33 32 50 36
256 300 49 78 53
327 331 39 52 39
327 176 11 57 47
327 287 54 68 59
327 230 90 91 91
236 141 43 68 58
236 260 16 73 34
142 98 73 82 77
142 99 75 83 82
142 271 73 92 84
142 35 71 79 72
80 165 86 96 87
80 301 68 99 98
81 236 15 29 18
82 149 55 95 57
82 349 94 98 98
82 3 77 82 78
83 197 82 87 84
83 11 33 93 39
197 145 35 80 64
197 271 59 99 76
197 320 62 73 72
197 54 11 40 40
197 24 87 99 89
197 216 58 97 62
197 307 60 61 60
84 191 31 67 66
84 101 92 100 97
84 179 67 73 73
84 149 41 60 49
191 173 79 95 85
191 273 40 85 58
191 22 78 79 78
179 343 83 84 84
276 16 25 43 28
276 4 69 84 83
276 148 28 34 32
276 206 90 98 90
326 223 31 37 37
326 265 59 95 80
326 160 94 97 97
86 285 60 91 82
86 218 93 97 94
218 5 43 64 45
218 103 89 99 99
218 204 69 80 69
218 237 12 92 89
87 302 38 85 66
87 322 24 36 31
322 3 22 29 26
88 270 81 98 92
88 181 59 85 78
88 325 48 91 54
89 163 65 94 77
89 2 30 49 46
89 49 95 98 98
143 212 16 86 26
143 225 67 85 80
143 154 48 51 48
143 109 36 77 52
143 126 26 92 42
143 311 36 45 40
113 168 62 84 77
113 189 65 75 73
113 139 37 92 56
113 142 19 69 20
113 349 51 87 66
113 182 86 90 86
113 269 45 48 45
229 216 32 39 35
229 245 68 86 82
229 119 91 96 94
229 281 54 57 56
229 127 47 100 52
229 139 17 66 62
229 124 82 84 83
272 45 63 79 78
272 118 51 64 64
272 188 70 95 94
93 206 32 85 67
93 308 12 28 28
93 287 73 83 75
93 348 95 96 96
206 216 89 99 92
206 289 60 67 64
206 245 24 78 55
206 184 89 91 91
206 212 89 100 92
206 273 57 69 68
94 79 17 91 29
94 272 16 64 53
94 13 66 68 66
94 249 26 32 28
94 297 31 52 33
94 82 95 96 95
249 118 55 87 62
249 284 28 91 54
249 141 75 89 81
249 214 25 55 45
297 336 18 36 24
297 39 68 93 71
297 319 58 81 72
297 146 36 57 43
297 258 82 87 84
244 35 26 94 47
244 293 46 87 54
244 66 50 86 73
97 313 60 86 79
97 239 67 93 70
97 43 74 84 75
97 129 10 14 12
239 30 14 75 72
239 12 81 83 83
129 256 65 78 73
129 265 43 67 57
98 123 41 45 41
98 163 24 25 24
98 251 50 82 68
99 122 47 79 61
99 74 38 41 38
334 78 41 46 45
334 342 19 46 25
104 182 29 72 59
104 261 87 99 89
261 19 13 61 55
261 119 76 85 79
261 43 63 94 79
261 85 81 84 83
261 313 21 58 58
105 60 20 64 32
106 329 76 95 86
106 143 24 71 51
106 284 55 72 72
106 149 69 98 93
107 154 45 50 45
107 281 51 62 53
107 336 13 39 19
154 268 72 94 74
154 173 25 51 49
154 129 42 44 42
154 121 45 81 48
154 135 37 80 40
154 124 49 92 72
166 323 69 96 79
166 346 90 95 91
166 299 36 92 76
178 182 45 68 66
178 44 68 83 70
178 263 20 32 31
177 195 93 95 95
177 212 43 78 78
177 349 46 83 58
177 63 31 42 38
112 303 48 69 69
112 221 65 74 74
112 299 76 93 79
112 175 50 58 57
112 127 38 78 54
299 153 62 81 64
299 0 60 81 78
139 104 25 70 47
139 345 62 98 89
116 29 17 43 23
116 63 61 73 70
131 110 42 43 43
131 18 10 52 12
130 23 45 65 55
121 222 65 85 83
121 24 38 65 42
121 217 90 96 91
121 87 85 86 86
121 195 65 67 67
222 107 38 90 67
222 78 32 77 46
262 104 90 100 98
262 58 88 96 92
262 25 53 95 87
262 189 28 48 46
262 141 76 88 85
262 116 72 90 83
315 251 32 68 66
125 188 64 80 72
125 143 58 77 68
125 101 69 88 79
192 151 30 82 77
192 122 47 78 55
192 119 14 57 23
192 150 88 89 88
227 263 74 93 86
227 101 88 90 89
227 8 18 32 23
309 179 26 27 26
309 147 37 76 42
309 280 57 75 72
309 207 52 82 60
309 340 45 69 48
132 98 10 68 30
132 136 36 84 70
132 314 70 88 83
132 137 60 77 69
132 105 68 97 81
132 226 56 57 56
136 168 34 77 67
136 183 43 47 43
136 285 41 91 88
136 193 55 66 66
136 318 12 78 55
226 127 85 90 90
226 118 45 54 47
226 291 44 66 66
226 43 31 35 35
226 328 56 86 78
133 298 91 93 91
133 22 57 67 64
133 85 64 75 66
133 240 37 97 58
298 18 29 75 71
298 79 72 79 76
298 109 68 96 69
298 281 94 97 95
134 350 15 78 47
134 284 42 64 49
135 202 62 72 63
135 198 62 98 86
135 58 24 94 40
202 308 80 99 90
202 71 61 84 66
202 53 81 96 89
198 154 19 28 28
198 138 70 86 85
198 74 85 92 90
198 15 77 100 95
198 1 71 72 72
198 109 84 99 92
183 332 19 73 32
183 305 58 77 76
183 336 26 62 28
183 333 89 97 91
183 334 25 66 55
318 58 88 92 91
318 304 94 100 100
318 198 75 100 91
318 199 32 39 33
318 162 92 96 95
318 235 52 57 52
318 157 51 86 53
318 214 64 93 71
278 270 43 81 72
278 14 82 97 93
278 197 64 70 70
278 315 44 50 49
278 282 87 93 88
278 48 63 80 79
278 174 55 97 79
138 172 91 94 93
138 36 15 63 38
138 298 30 76 36
138 83 47 49 48
345 157 74 99 83
271 75 87 93 93
271 185 68 86 69
271 263 14 32 28
311 349 42 100 66
311 160 81 89 82
311 141 47 55 54
187 136 93 97 95
187 341 83 93 91
238 159 13 57 55
238 214 76 100 92
238 201 63 71 66
173 239 84 89 89
173 247 24 39 37
173 142 88 92 90
273 278 90 95 92
273 312 17 86 20
273 190 34 66 57
151 252 14 91 46
268 69 83 89 86
268 219 74 82 80
268 53 11 48 25
158 198 17 84 57
158 299 90 96 93
159 258 78 91 89
159 241 52 82 55
159 172 15 93 17
159 129 29 76 44
258 187 25 70 42
258 120 72 77 72
258 114 22 69 47
258 40 68 83 71
258 179 74 85 80
241 210 43 73 64
241 182 14 49 21
241 23 41 81 72
241 298 55 67 58
241 271 84 88 84
161 8 70 84 81
161 337 55 86 60
161 94 30 53 52
161 119 45 68 60
337 238 70 78 75
162 266 88 95 93
162 97 50 78 65
164 139 26 100 70
164 249 48 75 49
323 218 36 52 52
323 203 92 94 93
323 161 54 65 65
323 328 56 68 59
323 349 79 86 86
323 21 51 91 69
346 321 28 51 47
346 254 10 79 21
346 298 22 38 37
319 275 69 72 69
319 334 90 97 97
319 324 56 85 65
319 203 34 63 57
319 40 10 95 55
319 247 14 100 90
319 340 49 99 85
319 138 24 72 52
319 212 22 29 27
312 32 68 92 83
312 108 87 92 91
290 47 55 84 79
290 296 45 46 46
290 298 92 99 98
290 262 18 82 40
290 141 91 93 93
290 244 89 95 90
290 12 21 48 32
290 347 69 87 78
290 26 31 100 40
274 126 39 70 45
274 49 38 70 62
274 160 18 58 39
274 297 61 68 63
247 125 94 100 97
247 136 73 90 84
247 27 35 91 68
247 0 30 63 57
247 172 83 89 87
247 81 68 88 70
247 313 31 81 36
247 214 94 100 95
247 57 20 59 48
174 82 47 65 65
174 328 29 62 31
174 28 66 98 72
174 194 85 86 86
204 53 40 95 44
204 62 23 29 29
204 81 58 99 76
204 135 59 99 90
207 348 20 38 36
207 212 38 55 41
207 211 16 29 19
207 329 77 81 81
207 192 52 93 84
332 170 29 86 47
344 33 20 68 22
344 197 65 81 74
344 88 86 98 98
344 142 22 64 22
320 126 58 66 59
320 11 52 85 67
320 257 34 39 36
320 147 45 93 93
320 98 32 70 50
260 276 18 33 32
210 297 43 85 55
210 193 80 94 91
213 319 10 72 41
213 261 13 26 13
213 303 61 84 84
213 306 67 98 87
213 286 88 95 93
286 71 79 100 83
286 240 64 76 73
286 287 38 49 49
286 150 23 58 40
214 111 15 22 18
214 191 19 39 28
215 55 25 34 28
215 101 61 78 73
215 242 27 98 32
275 161 25 58 56
275 310 10 80 78
275 112 53 85 72
275 153 79 98 84
237 34 20 39 28
237 143 25 95 26
237 11 58 82 58
237 35 40 83 46
237 145 69 95 78
250 260 94 98 98
250 5 66 84 72
250 124 34 62 60
250 30 33 34 33
250 8 45 63 47
250 317 81 94 92
250 325 79 97 96
291 340 95 100 96
291 152 10 40 12
291 330 89 95 89
291 349 31 47 47
294 220 39 42 41
294 206 86 88 88
294 76 71 98 76
294 100 50 74 54
294 165 11 30 17
294 237 61 83 75
231 348 66 77 72
231 330 89 97 90
231 249 86 87 87
231 188 22 89 55
234 6 51 83 64
243 168 83 95 84
243 3 40 46 45
243 43 61 89 75
310 118 14 89 87
310 66 29 64 45
310 312 32 91 91
280 281 54 62 56
280 113 66 86 80
280 142 33 58 43
283 247 13 15 14
283 107 12 47 46
283 270 74 84 84
296 34 54 79 70
347 187 27 73 62
347 173 59 90 83
347 72 68 95 83
347 191 75 79 75
304 157 19 29 20
304 24 58 76 63
304 84 82 93 87
304 260 10 35 30
338 112 33 71 42
338 319 71 72 72
338 1 38 94 72
338 267 83 99 96
338 275 65 80 80
0 350
