829 1287
0 104 59 86 84
0 343 43 45 45
0 717 31 71 37
104 194 25 52 51
104 327 88 99 95
717 822 65 78 74
717 8 38 81 81
1 27 83 87 87
27 673 84 87 86
27 81 47 76 60
27 671 16 49 20
2 93 56 70 61
93 756 80 88 84
93 454 17 27 24
4 770 55 63 57
770 261 63 73 70
5 457 48 51 48
5 28 54 73 55
457 1 53 61 53
28 431 16 85 17
6 724 19 99 96
6 530 86 97 96
530 588 75 86 78
530 772 79 89 83
530 582 19 74 47
7 288 66 67 67
7 630 94 98 98
288 692 90 98 98
288 154 33 88 65
630 103 48 78 64
630 450 40 45 43
8 518 27 76 39
9 202 20 34 23
202 182 19 53 44
202 325 61 75 61
10 485 72 82 78
11 140 70 91 77
11 661 91 100 100
140 425 27 38 28
140 696 95 98 96
661 306 57 85 59
661 566 37 40 37
661 805 81 89 81
12 512 18 22 21
12 798 58 88 79
12 43 79 90 82
12 200 59 92 62
512 666 72 97 75
798 153 34 50 35
798 31 12 52 19
43 653 92 96 96
15 561 92 94 94
15 674 78 97 93
15 436 36 53 43
561 434 90 94 93
561 507 62 81 79
561 377 20 69 38
561 330 81 99 98
561 654 61 86 83
674 239 14 83 29
16 461 63 64 64
17 534 10 47 17
17 572 18 96 80
17 562 53 91 56
534 512 34 81 49
572 114 57 59 57
562 51 23 86 45
562 706 34 67 56
562 677 74 75 75
19 110 63 93 73
19 547 71 88 86
547 117 78 95 85
21 423 74 95 85
423 366 20 54 43
22 467 22 29 23
22 714 65 70 68
22 564 92 96 92
714 360 30 84 32
714 127 15 42 35
714 597 86 98 94
564 382 81 95 87
564 396 71 82 80
564 357 18 77 39
564 708 58 66 62
23 429 74 78 74
23 273 16 29 19
23 179 87 91 88
429 481 76 93 88
273 537 46 72 58
179 288 55 88 77
25 482 92 94 92
482 400 35 38 36
482 490 18 69 23
26 36 19 31 23
26 447 36 39 36
447 243 73 75 74
447 372 84 85 84
447 529 68 81 77
673 363 58 78 61
673 209 22 76 59
673 612 74 83 76
81 198 23 75 57
81 659 50 51 51
671 614 94 95 94
671 85 21 79 79
671 246 91 95 92
431 159 56 86 75
431 44 31 53 45
431 453 87 90 89
30 527 14 89 14
30 739 86 99 95
30 205 88 96 92
527 511 12 83 83
739 101 79 84 83
739 208 74 92 89
205 237 42 47 43
205 792 82 92 91
31 609 64 91 83
31 32 73 96 75
32 679 15 98 23
33 793 27 94 28
793 662 72 73 73
34 355 41 58 42
34 455 87 99 96
34 672 95 100 99
355 39 14 34 17
455 392 53 81 64
35 331 65 92 86
35 391 66 70 68
331 719 74 98 79
391 765 13 43 32
38 66 72 82 79
66 174 65 68 65
66 565 24 49 24
66 412 68 69 68
66 648 65 88 83
39 48 28 42 34
40 621 47 69 61
621 549 19 91 87
621 315 62 79 71
621 628 51 100 60
653 782 18 47 25
653 21 55 100 100
44 702 90 99 91
702 822 64 69 64
702 401 49 100 67
45 809 87 100 93
45 394 74 86 81
45 586 95 99 99
809 296 43 61 45
394 623 89 96 93
586 209 30 36 34
586 684 70 99 89
586 643 38 83 43
46 118 23 50 35
46 580 10 11 10
118 753 24 91 83
580 71 11 98 19
580 460 31 47 37
47 364 83 91 87
47 179 15 60 37
364 726 94 99 94
364 158 52 79 73
364 275 21 75 63
49 128 26 67 39
128 407 63 77 71
128 364 65 90 67
128 760 72 90 75
128 476 70 72 70
50 247 73 94 85
50 301 72 85 85
247 620 28 41 36
247 6 46 75 51
247 801 75 85 84
301 165 63 67 67
51 234 35 99 84
234 518 72 89 85
52 544 48 84 56
544 428 74 82 80
544 603 32 87 45
544 786 52 69 62
54 553 63 74 69
553 680 23 28 25
553 266 58 96 69
55 343 13 79 71
56 147 22 94 59
147 703 16 84 69
57 766 57 68 65
766 648 72 94 73
58 12 67 83 72
60 661 93 95 93
61 631 36 88 66
631 672 46 65 48
62 710 73 80 79
62 627 26 87 33
710 661 85 88 88
710 121 95 100 95
627 691 44 54 51
627 47 42 66 44
627 480 84 90 86
63 94 75 79 78
94 803 66 71 68
64 91 36 71 70
64 755 44 70 52
91 218 67 76 76
91 690 80 90 87
755 681 92 95 94
65 53 87 96 88
65 453 49 80 59
65 128 70 98 94
453 703 61 100 100
174 239 26 99 40
174 33 76 87 77
174 99 88 98 97
68 291 77 84 80
68 89 33 44 34
291 115 36 96 90
69 511 48 54 52
69 119 64 78 74
69 102 47 73 54
511 164 63 71 68
511 725 13 25 20
102 44 39 94 88
70 161 22 73 33
161 174 45 85 58
72 91 58 61 58
72 594 70 91 83
72 362 17 32 18
362 386 31 65 58
362 466 79 80 79
73 330 81 85 84
73 280 42 52 43
330 655 34 97 97
280 673 41 77 45
74 161 76 89 80
74 520 31 51 34
74 182 28 54 53
182 351 12 75 20
182 120 82 92 87
182 577 91 100 98
75 425 14 79 52
75 680 16 87 79
425 805 45 76 50
425 734 52 73 59
425 105 30 32 32
680 172 12 68 20
680 26 61 85 66
76 512 25 77 52
76 616 18 80 19
76 681 48 49 48
616 660 44 57 46
616 205 55 100 89
681 229 33 83 52
681 284 12 86 14
77 256 11 12 11
78 778 41 53 43
79 471 86 92 87
471 358 75 96 93
80 747 44 55 49
80 491 72 96 88
80 293 91 97 92
747 146 58 73 70
491 277 84 92 90
491 385 29 36 34
293 494 10 72 59
198 41 33 83 59
198 541 93 100 93
198 524 38 51 49
659 202 45 64 48
83 261 39 98 46
83 155 86 93 93
83 736 73 77 74
261 489 83 84 83
261 89 39 76 57
155 528 82 91 83
155 807 46 93 59
736 453 46 78 77
736 51 57 80 63
84 55 46 66 54
84 762 72 100 82
762 518 20 33 30
85 176 46 63 48
85 767 21 54 32
176 61 22 50 40
767 773 83 96 95
87 215 31 72 70
87 549 36 44 44
87 695 61 71 63
549 706 79 85 85
695 820 20 36 31
695 177 65 73 65
695 227 65 81 76
88 531 45 64 50
531 188 83 97 87
90 306 84 89 89
90 167 61 96 70
90 586 12 41 21
306 156 89 96 93
306 121 71 83 81
306 84 93 94 93
306 533 27 96 30
167 68 58 94 94
92 494 92 97 96
92 78 26 59 31
92 745 34 68 51
494 483 62 63 62
494 105 92 94 94
494 703 34 67 42
745 73 66 73 69
756 541 37 69 61
756 267 69 97 81
756 3 84 94 92
454 74 62 80 75
454 232 58 75 62
803 486 40 82 42
95 554 93 97 97
95 267 85 95 90
95 275 71 94 75
554 216 57 68 64
267 674 70 86 86
267 86 89 98 94
267 551 38 83 67
267 318 26 42 26
275 817 59 61 59
275 35 27 94 61
275 386 11 32 23
98 793 15 94 37
98 189 11 70 41
189 554 94 96 95
99 299 36 47 47
99 168 89 97 95
99 361 57 66 61
99 85 18 86 80
299 803 34 60 44
299 212 23 76 60
168 700 48 69 54
168 790 23 55 37
361 826 28 69 57
361 634 91 100 97
361 139 58 61 61
100 103 35 72 46
101 648 16 77 64
101 756 33 65 55
194 273 76 91 91
194 777 33 98 34
194 62 37 65 63
327 591 41 49 47
327 258 51 98 52
105 330 88 94 90
106 9 70 94 82
107 575 64 88 81
107 206 55 83 65
107 432 23 87 44
575 591 55 62 55
206 305 80 95 84
206 474 90 92 91
206 357 94 97 94
432 310 83 94 84
432 427 87 91 87
108 369 62 98 74
108 702 67 95 81
369 191 86 96 93
369 694 80 84 80
369 27 52 81 81
369 31 21 86 41
111 826 82 84 83
111 143 37 98 80
826 5 52 75 72
826 317 90 95 91
826 113 45 74 50
143 810 51 64 51
143 650 43 48 46
112 53 62 77 75
113 444 71 87 84
444 515 83 95 86
114 295 47 55 49
114 21 27 40 32
295 406 36 52 39
295 144 73 89 75
116 139 11 20 13
116 310 77 92 92
310 0 66 96 80
310 604 76 93 80
117 444 19 94 63
753 470 18 31 26
753 683 37 76 37
121 202 72 100 76
121 477 70 98 80
477 421 89 98 93
125 333 55 89 72
125 546 38 67 56
333 662 18 90 34
333 36 15 61 16
333 496 73 82 73
333 661 34 55 40
333 459 58 76 65
546 779 66 98 89
407 223 69 85 84
760 512 58 74 61
760 615 64 95 68
476 397 26 99 66
129 655 28 63 30
130 4 85 89 88
130 665 63 95 90
131 205 45 82 50
131 787 14 41 34
131 64 23 50 32
787 462 89 98 95
132 611 49 51 49
611 374 65 86 73
133 43 67 93 90
134 423 40 51 41
135 314 14 16 15
135 90 65 72 70
135 580 54 76 74
314 813 28 35 32
314 586 31 59 40
136 518 56 91 61
136 466 63 91 81
136 681 61 74 71
466 311 78 86 79
137 757 42 68 47
137 668 68 76 74
137 660 47 51 51
137 67 79 82 80
757 606 35 83 62
660 8 95 98 97
660 366 49 73 73
138 536 83 99 88
536 639 61 79 78
536 363 36 69 69
696 703 65 77 76
696 635 78 95 92
696 55 54 83 76
696 399 11 90 44
141 162 56 96 65
141 316 27 95 34
162 150 54 63 55
316 412 37 62 37
316 772 49 83 82
142 344 59 86 84
810 797 92 93 93
810 14 22 99 70
650 601 11 94 60
145 680 69 79 76
145 389 48 75 73
145 329 40 46 46
145 826 50 97 66
146 591 90 93 93
591 406 66 86 67
591 272 16 18 16
703 706 18 66 32
148 490 35 97 39
148 387 27 32 28
148 287 73 92 84
490 431 91 98 98
490 274 27 42 35
387 522 51 94 93
287 665 24 48 42
287 822 53 79 69
287 602 86 91 90
149 84 17 34 19
149 517 78 95 80
149 573 43 46 44
517 720 36 73 58
517 458 44 94 63
150 414 71 81 79
150 412 41 99 57
150 564 90 93 92
414 597 49 85 73
151 257 72 84 78
257 689 49 50 49
152 295 24 39 25
152 17 40 84 66
152 90 52 68 60
152 26 56 83 71
153 820 26 99 46
153 426 49 64 53
426 679 71 72 72
426 160 46 87 73
426 90 72 74 74
154 184 46 91 57
184 122 18 92 84
184 26 52 74 64
528 672 67 86 79
528 570 87 89 88
528 811 11 41 30
528 637 73 91 88
807 486 43 51 43
807 208 38 53 49
807 247 20 82 76
156 14 33 55 49
156 294 82 92 83
156 9 28 57 28
294 138 23 100 81
157 689 44 99 51
689 377 19 65 63
158 53 69 87 83
158 93 45 75 58
159 12 88 90 88
159 775 30 79 39
159 64 76 77 76
159 693 90 93 93
775 270 81 100 95
775 128 54 70 54
775 172 54 99 85
775 747 89 98 95
693 317 76 87 76
693 113 59 84 78
160 308 53 72 72
308 126 58 91 74
308 137 47 52 52
308 648 65 67 67
163 509 27 90 29
163 637 79 82 82
163 793 66 79 72
163 201 61 82 66
163 16 48 67 53
201 106 10 40 31
201 227 70 73 70
164 568 12 15 13
165 58 91 100 94
165 455 19 30 19
165 798 23 59 58
166 176 18 88 66
700 348 13 30 13
790 480 88 89 88
170 266 81 92 81
170 592 12 51 38
266 460 10 35 31
266 124 44 71 64
171 647 29 91 72
171 348 28 64 49
171 82 32 68 54
171 121 48 57 57
171 312 56 81 56
647 433 29 88 78
647 127 40 50 45
348 331 79 81 79
312 366 38 44 41
312 130 39 43 43
312 423 82 97 91
172 3 42 52 52
173 599 67 84 81
173 40 31 59 46
599 805 57 69 62
599 324 50 72 67
599 265 69 93 72
239 683 48 94 82
239 618 42 72 69
239 363 73 86 74
175 250 84 87 86
175 144 60 69 62
250 312 62 74 62
177 167 88 93 90
178 68 71 96 72
180 50 33 44 43
181 500 70 87 83
500 397 28 82 78
500 486 66 84 84
500 110 14 58 41
500 645 39 99 87
351 145 49 72 61
351 676 84 96 90
577 816 51 97 75
577 669 41 49 49
185 764 49 66 54
185 419 56 89 59
764 570 57 67 63
764 736 74 99 83
419 313 54 86 77
419 812 82 98 98
186 495 71 77 77
190 594 63 77 66
190 756 83 90 84
191 706 58 95 58
191 199 65 72 67
706 529 13 64 55
706 218 13 81 74
192 249 32 95 53
192 414 73 92 83
192 563 64 91 69
192 214 93 97 95
249 256 66 89 85
249 72 63 87 64
193 422 17 84 54
193 461 55 79 76
193 547 64 76 69
422 547 54 68 58
777 565 93 97 97
195 742 24 52 51
742 282 51 58 51
742 148 77 93 82
196 329 70 76 73
196 456 65 87 71
456 7 72 96 79
197 491 85 94 89
197 158 51 59 53
541 828 57 95 58
541 142 34 44 34
227 214 72 75 74
325 747 30 83 32
325 693 71 73 71
325 305 95 97 96
203 622 82 88 82
203 618 53 87 56
203 623 64 96 90
622 568 44 71 62
622 616 61 69 63
622 418 84 98 97
622 301 60 95 94
618 292 67 91 70
618 799 11 63 23
618 11 69 76 76
237 482 81 91 90
237 737 54 73 65
792 806 45 93 60
792 604 11 18 11
792 717 41 55 49
305 290 54 80 60
357 412 47 81 79
357 438 35 55 39
207 666 16 71 37
207 412 39 99 61
666 185 23 90 23
208 269 71 91 78
208 397 76 84 81
208 786 26 55 26
208 528 68 97 73
208 258 72 93 90
269 816 19 63 47
269 260 85 100 90
269 610 21 64 24
397 717 83 85 84
397 729 18 98 38
258 134 48 67 60
210 650 21 40 35
210 549 23 81 61
210 673 26 97 78
210 35 27 81 31
210 232 93 100 94
232 546 11 55 14
232 19 58 65 61
212 809 63 65 63
212 27 49 75 67
212 591 77 84 80
213 715 80 96 95
213 748 73 85 83
213 493 46 63 61
715 630 90 93 92
715 798 76 97 88
715 43 57 91 89
748 730 25 26 25
493 720 52 80 70
493 438 49 61 54
216 693 32 73 54
216 444 44 77 51
217 746 83 97 88
217 141 27 99 89
746 424 74 82 78
219 110 17 72 26
219 681 72 81 77
219 612 70 80 70
220 48 21 38 33
221 384 46 86 49
221 448 37 47 46
221 580 26 98 59
384 532 88 90 89
384 497 79 97 81
223 266 36 43 40
223 824 37 45 43
223 460 67 95 79
460 279 92 100 98
460 568 36 56 52
224 107 86 90 90
224 118 89 98 91
224 771 50 79 74
225 663 59 99 92
225 783 72 80 79
663 717 61 70 67
663 510 21 86 81
783 144 77 87 82
783 790 20 68 24
226 720 65 91 91
228 686 72 87 80
228 11 23 28 25
228 180 66 83 79
228 169 65 73 72
686 694 13 48 37
686 604 57 65 59
229 168 75 90 82
230 215 33 75 62
230 611 25 67 50
230 470 22 54 52
470 555 52 76 57
231 71 67 82 82
233 210 82 89 83
236 555 21 83 65
737 655 22 40 31
238 371 78 94 91
683 27 77 85 84
683 572 30 31 30
683 500 15 70 20
363 257 13 87 77
363 591 91 93 93
241 123 28 46 43
242 334 26 34 28
242 787 87 89 87
242 36 17 69 31
334 580 76 99 93
243 205 87 91 87
243 736 19 84 75
243 425 75 88 81
244 397 30 48 42
244 766 62 81 62
244 598 31 71 46
598 828 21 47 36
245 672 24 28 25
245 798 84 97 85
245 511 17 39 29
245 131 39 43 40
245 18 78 100 91
246 410 15 36 35
410 594 32 61 57
252 164 51 76 54
252 278 90 97 92
252 559 85 93 90
278 494 92 94 94
559 296 78 91 79
253 419 13 83 53
255 680 88 92 89
260 514 87 91 90
514 667 35 64 44
514 68 62 68 67
262 619 28 89 32
619 253 87 90 87
263 780 83 91 88
264 102 68 70 70
264 328 10 100 17
328 168 77 95 89
328 166 20 32 20
265 424 87 94 88
265 726 27 29 29
265 12 82 99 82
424 13 61 83 82
424 418 70 99 88
424 218 35 78 41
424 828 37 55 45
726 104 53 96 91
318 825 53 67 58
318 770 94 96 95
268 185 22 24 23
268 23 74 75 75
816 443 12 54 25
816 671 42 82 80
816 615 73 85 81
610 779 43 47 45
271 317 72 82 82
271 226 78 88 83
317 152 31 74 53
537 275 90 95 92
537 22 34 38 38
274 316 43 80 64
274 199 25 32 31
274 40 26 87 83
817 74 88 100 97
817 774 51 87 86
386 370 72 90 83
276 137 31 67 60
277 590 29 63 46
277 468 55 93 90
590 750 64 81 74
468 271 58 79 71
468 484 77 86 83
279 131 65 96 93
279 721 93 99 96
721 494 95 100 96
721 762 34 61 36
281 559 87 91 90
281 599 60 100 70
281 704 84 100 88
704 620 41 43 42
282 704 50 78 57
282 106 42 47 45
282 797 67 72 71
283 39 71 72 71
283 132 91 94 93
283 184 78 90 83
283 647 66 74 70
284 788 76 99 99
284 389 71 94 79
788 10 45 82 72
285 400 44 66 53
400 93 34 45 44
400 805 59 65 63
286 595 31 74 40
595 148 52 79 79
692 599 37 77 51
692 702 63 78 68
289 336 21 76 27
336 534 38 43 39
336 524 34 64 62
336 208 94 100 96
290 817 44 52 48
290 434 94 99 95
434 155 44 64 44
406 762 72 94 82
406 523 48 55 49
406 109 78 95 84
406 774 85 97 87
406 772 53 90 73
296 546 22 39 30
297 707 73 90 73
707 130 94 96 95
707 423 45 65 52
300 350 61 85 85
300 125 80 84 82
350 58 70 100 92
302 125 64 73 70
302 175 94 100 94
303 464 50 92 50
464 694 50 82 80
464 21 61 68 66
464 11 30 78 69
464 370 68 80 80
304 59 59 88 80
304 376 19 79 46
304 222 35 83 68
376 239 20 97 75
376 198 42 52 46
533 204 67 82 77
307 722 75 93 87
722 53 35 39 37
309 280 17 22 18
604 736 83 100 91
604 362 46 50 50
311 107 62 77 70
311 389 11 79 13
311 399 24 45 24
311 302 40 91 63
399 183 63 95 83
366 682 71 97 87
366 293 86 89 86
313 289 51 91 68
313 378 77 78 78
313 704 64 94 74
813 481 32 57 56
813 741 44 60 44
315 810 93 94 93
772 174 22 91 32
825 325 76 91 90
825 447 91 92 91
319 395 92 97 96
320 393 59 79 62
320 465 10 64 38
393 614 26 83 29
321 680 53 96 86
321 520 81 97 90
322 705 89 98 96
322 26 63 69 64
705 579 63 84 77
705 345 45 87 67
323 729 75 95 83
323 212 85 87 87
323 147 14 82 27
324 492 12 84 53
324 742 56 98 88
492 60 17 49 18
719 402 89 96 91
332 828 45 100 76
828 568 90 100 97
828 62 34 61 51
828 647 25 58 47
828 200 80 93 87
662 614 30 36 30
496 730 67 84 78
496 129 58 66 61
459 482 16 34 34
459 19 66 88 78
335 318 77 86 77
335 523 72 100 73
338 403 42 92 67
403 412 10 36 11
403 632 20 54 32
403 565 70 91 81
340 156 12 59 19
340 635 74 100 91
340 373 68 91 83
635 711 31 36 36
635 204 74 79 77
373 132 73 94 76
341 415 79 89 85
415 572 39 52 44
415 17 72 95 75
342 488 90 93 91
488 383 75 83 79
488 135 32 60 47
488 410 83 93 84
345 403 23 83 35
345 524 83 87 83
345 188 37 67 40
346 450 79 90 83
346 383 65 86 86
450 438 20 48 37
383 599 64 90 66
352 548 76 84 80
548 246 36 72 48
548 437 45 90 78
548 490 22 72 41
548 566 61 71 66
353 387 15 93 83
354 463 72 92 73
354 350 59 78 62
354 717 55 79 62
463 687 23 78 58
356 762 77 85 85
438 324 29 88 65
438 465 66 67 66
438 486 91 100 93
358 462 39 65 54
358 640 94 98 97
462 282 59 98 66
462 3 14 43 19
462 100 71 92 76
462 215 50 100 100
640 448 78 95 85
359 256 36 66 41
359 608 23 77 74
359 316 61 67 61
360 826 91 95 93
360 789 93 98 98
365 651 16 76 43
365 338 53 72 55
365 400 22 59 51
651 171 38 72 58
651 607 52 68 61
651 639 78 83 83
682 326 85 94 91
682 230 45 73 59
367 755 86 93 89
367 826 62 84 76
370 310 23 86 30
370 377 25 82 72
370 218 89 97 91
377 221 19 21 21
377 321 56 69 64
377 412 20 98 95
377 243 83 95 94
377 695 76 90 81
374 695 47 51 49
375 485 53 54 54
380 266 67 78 76
380 104 90 92 90
381 286 79 93 80
381 34 88 97 90
382 160 54 87 78
532 407 55 85 81
532 62 64 88 88
532 763 53 71 59
497 713 61 88 65
497 321 23 41 26
497 375 67 74 73
385 236 79 81 81
385 10 69 95 79
385 275 78 100 93
522 775 75 83 81
388 762 28 36 29
390 665 43 49 45
390 394 24 86 54
765 607 86 87 87
765 700 18 32 18
765 162 50 51 51
765 417 70 99 87
392 57 22 94 24
614 529 52 76 54
614 485 78 83 83
396 617 40 54 52
617 703 27 93 42
398 11 22 34 28
398 326 26 79 51
398 255 45 94 67
398 607 57 70 65
607 306 16 28 18
607 587 43 87 83
401 48 12 91 66
401 25 41 85 79
632 692 75 87 87
404 615 33 37 33
615 101 48 93 84
774 8 76 88 81
408 295 55 75 69
408 769 88 97 97
408 193 30 56 43
769 243 20 69 32
409 608 63 84 75
411 295 70 100 73
411 594 24 51 41
413 636 93 94 93
413 240 35 41 38
636 499 88 90 90
597 192 45 84 64
597 669 38 47 42
416 651 90 91 90
416 142 68 95 80
416 504 36 75 40
416 635 79 84 80
504 121 57 92 74
417 374 88 91 89
417 176 43 58 48
417 157 36 76 58
418 96 86 98 87
812 209 45 58 54
420 624 45 55 49
420 388 44 91 66
420 692 32 88 53
624 364 82 83 83
624 12 33 75 33
624 249 37 49 41
421 174 53 85 83
421 269 21 48 26
428 200 19 48 40
428 146 92 94 92
481 336 10 35 18
430 303 25 65 40
433 291 82 84 83
433 593 41 94 52
433 309 17 44 32
593 421 72 80 79
593 693 65 91 74
593 307 35 47 35
435 136 81 91 87
486 492 73 79 74
486 779 51 80 80
439 585 88 100 94
585 592 27 41 27
585 825 89 92 89
440 700 82 90 89
440 189 80 91 83
440 684 20 22 20
440 726 25 94 94
684 497 95 96 95
684 425 65 67 67
684 361 93 96 94
442 368 38 89 71
443 797 23 62 44
515 745 15 46 20
515 458 19 96 63
515 761 68 77 73
515 153 39 74 45
515 259 67 82 75
445 32 10 16 14
445 431 25 29 29
446 531 26 63 42
529 171 79 96 93
529 592 80 95 86
529 498 88 94 90
529 737 75 99 94
529 78 35 64 45
449 471 32 77 71
449 468 91 95 92
449 478 93 98 97
478 105 36 53 45
451 738 54 65 58
451 324 77 82 77
451 200 11 61 28
738 116 61 79 71
738 55 62 67 65
738 420 95 98 98
452 585 34 70 60
452 424 69 77 71
452 329 28 54 40
687 755 10 40 29
484 731 87 90 90
469 337 42 55 54
469 722 81 96 91
472 607 95 96 95
473 689 49 78 58
473 587 10 90 15
587 814 54 59 59
475 148 24 72 46
480 289 76 86 84
731 484 93 100 99
779 553 91 95 93
779 381 47 55 47
487 432 75 82 75
713 546 15 98 38
713 358 67 91 88
713 328 85 90 85
713 71 50 66 56
498 57 57 94 94
499 241 18 50 35
645 247 26 99 76
645 304 48 75 74
501 90 67 82 82
501 37 91 99 96
503 116 68 77 75
503 409 32 44 32
505 536 92 96 96
505 27 89 98 94
506 573 32 33 32
506 766 24 100 88
506 792 55 64 56
506 658 18 61 18
658 587 74 80 77
658 188 13 20 20
658 342 63 99 73
507 686 14 98 89
507 149 24 70 24
508 789 39 98 60
510 538 28 78 62
538 184 54 75 62
513 226 20 82 56
513 543 60 71 68
543 575 58 99 70
667 793 94 98 95
667 755 29 100 41
667 178 75 76 75
761 631 13 75 18
761 542 79 82 81
516 226 34 81 50
516 537 18 46 38
516 620 56 65 61
519 10 88 100 92
519 254 20 66 20
521 143 46 52 49
526 356 38 60 47
526 383 48 76 70
570 761 53 70 64
811 344 85 94 92
811 157 44 82 58
811 723 89 93 92
588 275 38 52 52
588 432 24 28 24
588 433 54 97 75
588 187 83 99 89
582 305 44 97 74
582 464 15 99 15
582 157 66 69 67
535 53 43 59 55
539 651 58 78 72
540 41 71 79 79
540 286 72 96 81
542 623 72 96 74
603 32 35 74 54
545 513 18 39 26
566 428 54 55 55
550 744 16 42 34
744 291 52 69 52
744 500 69 91 72
744 125 37 85 62
744 571 58 79 61
552 128 48 71 66
552 327 52 70 63
557 803 71 80 75
558 253 70 95 92
558 539 14 38 35
560 650 81 94 88
560 203 64 90 67
560 599 10 39 24
560 500 14 67 36
560 372 60 81 71
654 379 36 44 37
654 739 43 72 55
654 718 94 98 96
567 768 61 73 71
768 235 70 96 92
768 615 11 44 40
571 166 91 97 96
574 135 46 73 60
574 761 91 98 95
574 457 31 36 35
576 355 56 91 74
669 492 74 77 74
578 523 12 53 16
579 750 41 69 48
579 530 39 92 51
579 316 92 98 96
750 200 84 89 88
750 301 83 99 98
643 210 10 94 32
643 169 72 90 74
814 435 34 62 60
814 436 34 99 53
589 426 16 85 28
589 826 41 69 59
596 733 13 19 15
601 706 90 93 91
601 467 84 90 86
606 100 21 96 38
606 818 65 69 65
818 410 33 80 49
818 642 38 90 70
613 717 73 87 81
613 48 65 75 68
799 733 70 75 75
799 482 75 79 79
625 239 57 92 90
625 75 31 46 32
625 169 68 76 74
626 571 15 57 52
626 143 83 97 92
626 78 85 97 92
691 243 48 49 48
691 507 76 99 88
691 273 35 72 51
629 71 55 82 82
629 553 86 89 87
711 758 83 96 89
711 725 66 69 68
638 385 48 67 59
638 710 35 79 75
644 220 38 94 47
644 748 38 46 45
644 454 10 32 32
646 196 41 60 47
646 349 76 82 78
646 662 87 98 88
646 323 91 96 94
649 190 71 94 84
652 784 85 92 86
784 97 83 96 88
784 26 13 99 91
784 196 23 63 47
782 153 75 84 76
782 529 92 97 92
782 655 93 100 93
718 675 67 81 79
718 24 16 60 26
656 48 68 98 82
657 302 16 87 76
657 634 60 97 90
664 174 28 85 70
670 217 63 81 73
670 561 38 74 47
670 147 94 96 94
678 330 38 83 75
678 486 17 77 41
685 350 56 66 63
697 82 60 81 72
697 367 64 72 71
698 127 58 88 61
699 529 60 69 65
699 803 68 76 76
709 572 21 41 32
758 631 56 75 69
758 742 23 25 25
712 403 71 78 77
716 365 75 94 88
723 618 80 96 89
723 630 75 91 90
728 527 85 92 92
728 92 23 87 68
732 504 33 55 34
732 502 52 63 56
735 405 78 88 80
735 26 17 65 44
735 141 81 90 82
740 262 78 92 84
743 804 49 77 68
743 576 80 85 82
804 213 71 74 71
804 316 35 47 36
749 487 75 83 75
773 17 48 92 83
773 227 58 68 60
773 806 32 93 60
806 752 76 99 92
806 247 81 92 91
781 803 19 25 23
781 515 37 51 49
785 302 34 70 65
791 30 16 55 34
794 567 67 90 84
794 350 21 78 22
796 572 74 96 93
796 108 11 88 19
800 9 71 86 76
808 557 25 73 47
819 476 91 100 91
819 729 22 90 29
821 689 76 79 79
821 456 93 96 93
823 381 19 99 41
827 353 11 56 35
827 365 69 93 85
827 593 66 68 68
827 692 84 88 88
0 828
