746 1412
0 591 54 62 59
0 526 80 81 81
0 701 36 85 39
0 650 85 98 92
591 52 81 86 86
526 52 63 80 65
701 180 72 77 72
701 24 18 91 65
650 552 24 53 36
1 255 48 77 50
255 177 31 59 33
2 538 27 28 28
2 690 89 94 91
538 682 86 100 87
538 701 46 100 99
538 352 36 54 43
538 236 67 83 68
3 116 91 93 92
3 635 89 95 92
3 676 66 68 68
116 468 84 94 88
116 392 65 67 65
116 108 58 78 64
116 212 11 67 54
116 712 52 54 52
676 27 46 96 46
676 176 16 24 20
676 199 62 95 91
5 356 54 97 91
356 552 53 68 55
356 61 13 43 26
6 212 41 57 48
7 731 24 61 35
7 275 68 94 72
731 629 12 82 63
731 417 66 95 83
731 347 57 83 62
731 236 94 97 94
275 658 22 96 73
275 629 37 99 40
9 435 50 64 56
10 682 34 56 44
682 489 73 79 79
682 693 90 99 91
11 699 71 93 76
699 378 43 63 58
12 645 71 77 73
12 424 69 72 70
12 451 90 92 91
12 502 41 54 42
645 157 20 29 21
645 542 16 39 32
424 614 72 98 94
451 461 43 90 66
451 140 26 87 73
502 448 72 91 80
14 404 82 88 84
14 51 19 28 22
14 439 71 74 72
404 134 79 92 88
404 319 71 92 77
51 709 54 80 63
51 160 56 78 71
51 520 20 37 26
51 388 68 92 74
439 57 75 88 75
15 1 59 84 80
16 378 88 98 94
16 549 87 91 89
16 123 78 86 78
378 711 93 96 94
378 119 16 99 92
549 173 90 97 96
549 289 50 92 92
549 653 76 90 83
549 573 12 24 22
123 577 31 34 31
19 349 93 96 95
19 346 70 97 91
19 707 77 99 77
349 399 19 70 70
349 14 36 78 64
349 457 94 100 97
349 222 37 41 39
349 376 47 77 65
346 537 71 75 75
20 393 33 94 58
20 633 62 94 89
393 335 37 75 51
393 354 11 25 16
393 508 73 76 76
393 181 57 90 70
633 57 12 100 90
633 730 29 60 60
633 421 66 70 67
21 653 70 97 76
21 132 68 70 70
21 366 64 73 70
653 629 69 76 69
653 414 74 95 86
653 524 26 87 69
366 172 77 79 77
22 95 76 96 95
22 167 53 73 70
95 340 79 88 83
95 430 50 68 55
167 581 88 89 89
23 121 95 96 96
23 545 26 32 28
23 536 86 94 87
121 385 81 82 81
121 268 34 100 80
121 7 23 65 55
545 375 93 94 93
545 420 20 52 33
545 237 46 96 54
536 121 20 85 66
536 13 52 85 80
536 74 80 87 80
536 318 26 32 29
24 83 16 65 20
83 575 52 79 66
26 266 25 57 52
26 319 26 83 41
26 385 36 56 38
319 512 80 84 84
319 134 68 70 69
319 618 59 98 88
385 136 78 100 85
385 587 66 84 71
385 412 52 94 85
27 658 10 73 59
27 48 87 100 96
658 10 56 78 71
48 190 43 95 94
48 327 66 88 70
48 138 81 82 81
28 546 12 40 20
546 695 63 67 64
546 375 60 94 70
546 106 46 93 71
29 98 61 74 62
98 232 58 94 83
98 637 62 73 69
30 183 60 62 60
183 26 70 78 74
183 178 69 94 79
183 44 18 73 45
31 194 47 56 50
194 485 23 77 58
32 408 32 79 62
32 39 23 37 33
408 241 73 97 74
39 162 92 100 94
39 343 40 91 76
39 578 52 65 58
33 348 94 98 97
33 547 55 83 74
33 225 40 64 49
348 388 35 51 42
547 612 41 90 55
547 741 34 46 43
225 36 23 44 34
225 556 84 91 91
225 520 81 96 85
34 711 35 49 35
34 254 24 37 37
711 632 66 71 67
711 354 93 94 94
254 14 39 65 65
254 81 61 77 75
35 723 36 90 63
35 728 83 99 99
35 47 30 37 37
723 68 30 49 49
723 667 13 33 30
728 282 25 61 43
728 541 93 99 95
728 92 29 51 38
47 192 65 87 65
36 699 35 87 82
38 665 26 61 38
38 345 26 58 52
38 35 74 80 79
38 144 74 98 86
665 290 75 91 84
665 265 29 31 31
665 717 29 65 58
665 424 47 83 72
144 45 88 97 91
162 220 51 80 66
162 745 56 68 58
343 510 34 63 58
578 50 48 77 55
578 300 73 92 73
578 476 94 99 96
578 723 51 56 53
41 343 32 90 49
42 632 90 91 91
632 600 62 95 70
632 452 77 85 81
632 496 74 92 92
43 281 31 52 47
43 451 42 49 44
281 434 71 80 75
44 279 32 57 34
44 527 92 96 94
279 112 53 98 72
279 242 62 96 87
279 556 36 75 65
527 474 65 85 69
527 170 36 59 43
527 65 62 95 75
527 231 47 84 74
45 70 33 47 33
46 437 55 100 67
437 565 58 86 72
437 223 34 92 56
192 223 94 99 98
190 106 67 80 76
327 335 53 95 66
138 2 10 62 11
49 18 93 98 94
50 98 24 33 31
50 724 19 65 34
50 188 62 98 86
50 19 82 96 91
724 555 70 96 75
188 220 27 31 30
188 527 63 69 66
709 254 22 27 24
709 497 18 84 24
160 536 53 61 55
160 561 87 88 87
520 388 73 96 79
520 489 55 56 56
520 22 18 63 20
520 555 27 94 63
388 575 92 94 93
388 671 70 91 86
52 465 66 90 85
52 561 83 90 89
465 693 41 84 56
465 181 37 89 80
54 78 67 86 79
78 252 45 97 62
55 377 94 97 97
55 253 90 91 91
377 279 18 32 23
377 190 10 60 58
377 302 66 74 66
377 196 50 82 78
377 27 18 23 18
377 648 22 26 26
253 554 47 66 57
253 244 32 38 32
253 402 67 89 89
56 286 15 32 29
286 547 65 88 77
57 553 61 85 63
57 507 11 70 56
507 280 91 98 93
507 10 24 66 27
58 272 26 55 48
58 44 86 98 94
272 503 11 53 42
272 621 70 89 83
59 539 79 80 79
59 679 85 90 87
59 740 93 95 95
59 211 45 96 53
679 81 45 78 68
740 573 30 93 42
60 40 12 95 82
61 201 66 78 69
61 600 85 87 87
61 494 61 98 80
61 185 62 95 86
201 305 24 31 28
600 97 56 92 63
600 495 34 50 50
600 109 38 81 81
600 32 35 63 47
600 61 28 40 29
494 167 50 93 71
494 110 86 89 86
494 274 44 46 44
494 153 17 52 50
62 730 84 96 90
62 531 66 72 68
62 338 37 80 59
62 290 56 88 87
62 510 83 93 92
730 430 58 90 76
730 133 56 65 62
531 260 49 51 49
531 21 50 91 60
531 52 39 51 40
290 472 45 55 52
290 4 93 97 97
510 196 89 99 93
510 505 86 100 99
510 211 21 29 25
63 718 80 83 80
63 94 32 35 34
94 107 45 49 49
94 66 75 86 79
64 268 47 56 47
64 707 22 30 25
268 217 72 97 90
268 386 36 73 63
65 366 29 45 43
65 532 56 57 57
532 448 88 100 97
532 147 18 77 39
532 270 87 99 98
66 589 91 100 91
589 524 46 55 47
589 367 72 100 81
589 607 21 90 54
67 280 81 86 84
67 577 44 94 64
67 75 26 64 36
67 536 52 94 57
67 268 45 91 60
280 569 42 86 62
280 460 86 99 86
280 681 23 24 23
280 94 32 51 45
75 472 51 54 51
68 726 40 98 72
68 320 30 89 48
726 192 66 89 89
726 582 51 83 61
69 697 49 86 54
69 557 23 67 53
69 675 82 92 85
69 686 16 37 33
697 476 55 58 58
697 350 56 80 68
697 170 15 41 22
697 701 65 84 68
557 538 79 94 82
675 56 12 76 13
675 66 57 61 58
675 270 90 91 90
686 374 72 81 73
686 117 76 97 79
686 726 88 97 93
686 691 75 84 82
71 261 43 97 70
261 138 17 21 18
261 544 55 70 66
261 535 17 86 70
72 9 75 96 83
72 120 21 44 23
120 560 57 69 64
120 154 55 91 59
120 98 46 62 50
120 317 55 98 84
120 616 63 74 72
73 602 21 29 24
73 638 84 88 84
638 492 50 99 70
638 52 39 52 52
74 440 49 83 68
440 182 49 92 55
440 528 21 49 40
472 668 12 84 37
77 268 79 80 79
77 727 49 64 57
77 446 59 86 63
727 70 68 89 76
727 141 14 47 35
727 552 31 78 56
727 78 75 80 75
446 436 93 94 94
446 581 25 99 26
252 473 85 95 87
79 529 47 70 54
79 663 47 62 50
79 456 58 96 82
79 695 45 59 57
79 347 33 78 40
79 392 33 58 40
529 294 61 73 65
663 625 62 63 63
456 539 81 96 93
456 301 28 44 44
695 353 25 41 27
695 4 69 88 81
695 170 71 81 72
695 441 31 47 34
695 95 26 80 42
347 490 80 91 87
347 408 63 97 86
392 309 55 71 68
392 304 90 91 90
392 86 51 62 58
392 597 45 73 72
80 581 49 80 80
581 339 30 31 30
581 150 39 65 56
81 461 85 92 87
81 320 63 95 89
81 378 10 76 56
81 158 31 95 60
461 163 41 60 56
82 151 41 99 69
82 399 78 81 80
151 265 32 77 47
151 112 55 74 60
399 17 27 47 40
575 259 53 82 73
575 456 61 80 79
84 192 49 70 54
84 659 62 75 64
659 44 57 62 58
659 551 18 29 18
659 409 18 46 25
85 404 60 70 70
87 445 37 60 52
87 196 17 61 26
445 575 10 92 22
445 169 24 54 50
445 369 35 88 65
445 659 92 93 92
445 407 88 100 93
196 745 75 76 76
196 306 12 15 12
88 295 69 73 70
295 583 75 82 78
295 201 37 54 49
89 741 14 92 58
741 566 91 94 92
741 169 19 63 48
90 653 88 93 90
91 666 10 61 10
91 489 19 80 73
91 97 57 83 57
666 695 69 78 75
489 492 75 95 88
489 160 26 98 90
97 566 44 93 66
97 160 20 76 33
97 506 94 95 94
97 89 56 97 92
92 463 93 94 94
463 173 27 32 31
463 386 75 85 77
463 385 82 86 83
463 605 62 92 74
340 442 79 82 79
430 393 91 98 91
430 594 70 90 84
96 475 11 27 24
96 117 68 85 81
96 223 27 51 42
96 212 78 94 78
475 585 36 58 53
475 384 50 57 57
475 378 49 98 70
475 435 53 57 54
117 662 78 82 78
223 712 35 85 84
223 126 11 27 13
566 136 21 67 34
566 207 72 87 78
566 435 40 88 75
566 672 18 97 63
506 524 26 51 33
232 134 65 88 87
232 370 18 27 21
637 526 13 90 23
637 400 41 61 46
637 670 50 79 69
99 627 73 94 78
99 652 66 87 79
99 647 13 25 23
627 138 67 79 72
627 173 59 84 59
652 725 30 49 36
652 333 20 47 32
652 698 16 80 67
652 114 72 79 78
647 242 92 97 96
647 267 10 41 18
647 368 78 92 82
100 202 50 58 50
100 652 67 92 67
202 474 52 90 78
101 569 20 24 23
569 257 11 46 29
569 495 70 88 82
569 36 36 62 61
569 691 90 95 95
102 170 64 93 65
102 269 92 96 95
102 15 36 46 41
102 744 48 91 58
170 167 69 78 70
269 360 74 89 78
269 316 19 77 47
269 500 13 81 38
103 424 84 89 88
103 375 93 94 94
104 556 71 81 75
104 412 53 91 79
104 548 64 70 70
556 451 87 97 89
556 178 78 97 86
556 305 55 93 84
412 432 15 18 16
412 616 81 96 93
548 218 22 26 22
548 227 50 89 65
105 170 60 69 66
106 256 52 86 80
256 695 10 67 16
256 720 28 73 49
256 427 36 85 69
256 135 32 56 33
108 604 72 78 76
108 575 74 76 75
108 699 45 73 70
108 583 23 36 36
604 31 48 64 53
583 592 47 94 85
583 662 36 100 45
109 72 41 48 42
109 30 72 77 75
109 677 61 91 68
109 512 35 42 35
109 202 63 78 63
109 516 66 67 67
677 28 34 89 58
512 173 11 84 62
512 255 35 38 36
512 466 81 91 83
512 541 17 89 26
516 621 11 17 12
516 657 51 96 57
110 528 63 93 86
528 547 92 96 94
111 62 81 83 81
113 213 17 69 47
113 392 70 85 76
113 344 35 63 44
113 490 49 68 52
113 673 43 50 44
344 96 54 74 55
344 260 44 58 54
344 275 33 65 35
673 536 68 69 69
114 523 94 100 100
114 21 33 34 34
114 419 35 88 86
523 14 59 60 60
523 313 58 90 88
419 41 62 69 68
419 563 10 31 12
115 369 69 70 69
369 242 12 72 38
468 494 61 75 66
468 381 43 73 46
712 674 59 85 74
662 488 69 83 77
662 84 64 78 66
662 192 15 35 18
560 327 41 97 85
560 424 35 86 67
560 94 75 77 75
154 487 74 90 85
154 191 16 32 16
616 376 50 91 62
122 679 26 65 39
124 41 56 79 76
124 279 57 87 59
124 22 63 74 72
124 731 48 91 68
125 323 86 100 89
125 606 84 89 89
125 193 42 76 71
323 641 68 77 72
323 19 41 52 44
606 244 21 32 27
606 431 56 100 64
606 537 64 73 73
126 687 94 97 96
126 538 85 92 91
687 389 60 79 63
687 213 91 98 97
687 535 82 89 86
127 634 47 98 65
127 0 60 82 78
634 141 55 79 74
634 659 52 59 54
634 524 57 97 66
634 369 79 95 82
128 534 86 95 92
534 725 35 81 52
129 709 26 46 36
129 532 60 64 63
131 198 12 100 95
198 2 28 51 29
198 416 38 66 40
133 356 19 41 41
134 239 44 59 52
239 724 15 44 43
239 162 72 84 74
239 87 19 75 22
135 119 84 95 87
135 483 47 90 66
483 261 91 100 97
136 479 77 85 85
136 549 26 47 33
136 445 57 93 84
479 195 29 64 47
479 224 95 96 95
479 51 53 54 54
137 366 45 80 49
139 564 90 98 95
139 80 14 43 16
564 470 53 85 80
140 308 80 83 83
140 124 29 37 35
140 249 43 98 43
249 213 10 91 48
249 5 51 90 81
249 170 14 47 28
141 33 16 59 33
141 180 74 99 85
180 516 14 76 25
180 499 85 97 86
180 382 45 54 46
142 63 47 52 50
142 734 44 76 65
734 529 69 72 70
143 561 58 77 59
143 373 54 67 54
143 617 38 99 80
373 314 50 82 69
373 177 13 34 17
617 484 69 89 86
617 741 15 98 18
617 619 37 80 64
145 685 68 81 78
685 56 53 91 88
147 496 36 49 40
496 677 10 29 26
496 464 77 96 78
148 378 34 64 57
149 708 87 93 89
149 257 43 77 56
708 10 73 87 79
708 269 27 100 68
708 491 10 96 11
257 200 50 72 69
150 327 37 58 38
265 375 78 90 85
265 147 71 84 83
152 202 12 63 28
152 282 91 100 95
152 55 42 81 65
282 540 17 74 31
282 534 87 97 93
282 672 53 86 74
153 177 80 96 96
177 215 70 92 73
487 170 92 99 94
487 191 48 85 82
155 410 78 86 84
155 204 39 42 42
155 333 79 94 81
410 615 16 98 36
204 39 44 86 49
157 565 12 99 66
157 196 73 100 82
157 221 52 83 53
157 91 37 58 39
565 391 47 72 63
565 418 47 89 70
221 228 66 69 69
221 484 17 32 24
221 356 95 100 100
159 130 53 84 55
159 402 58 79 64
159 544 27 66 30
402 621 90 100 98
544 364 23 57 27
544 11 88 94 93
161 684 45 50 48
684 128 49 71 68
684 474 35 76 64
220 278 72 80 77
220 28 46 66 47
220 120 48 90 70
745 319 87 89 88
163 7 18 82 59
163 645 93 94 93
163 515 64 90 73
163 284 66 82 82
515 633 29 44 34
515 536 53 90 71
515 456 31 61 38
515 61 87 88 88
515 491 25 40 40
284 601 42 86 44
164 16 42 51 50
164 479 66 95 78
164 233 26 32 31
233 627 31 70 50
233 395 13 53 45
165 640 81 82 82
165 534 75 99 85
165 499 29 31 30
640 430 54 61 58
640 340 62 81 68
499 444 75 82 80
166 293 92 97 97
293 449 90 100 96
293 277 40 100 64
293 415 36 83 59
293 440 76 85 80
169 536 16 62 16
171 17 71 94 94
171 679 20 76 42
171 401 15 84 53
171 147 35 39 39
171 539 91 100 91
171 293 71 91 85
171 107 14 26 25
172 296 87 100 88
296 309 86 93 87
173 691 87 99 93
173 119 89 94 94
174 194 63 80 73
174 646 53 95 65
646 36 50 61 53
175 669 72 93 86
175 387 12 85 40
669 489 57 74 70
669 257 50 96 89
387 131 88 100 89
387 23 66 68 66
387 711 63 78 76
387 529 71 73 72
387 36 83 87 85
176 545 50 68 54
215 409 66 82 68
179 745 53 74 59
179 612 53 58 57
179 714 91 98 98
179 457 94 95 95
179 230 40 96 56
612 454 12 88 61
612 543 85 98 94
714 62 21 76 55
714 624 31 75 35
714 550 20 31 24
457 316 60 67 67
457 603 41 77 50
457 360 36 65 50
457 432 27 65 59
457 164 95 96 96
230 563 69 100 72
382 427 64 84 79
382 46 53 68 58
382 65 21 52 49
182 288 34 47 47
182 455 93 99 98
288 449 14 54 23
288 576 10 29 16
288 245 89 97 96
288 495 42 82 69
455 551 69 92 86
184 437 57 72 59
184 654 41 94 71
186 153 15 95 22
186 328 27 98 75
328 677 87 98 88
328 715 27 80 67
328 92 49 61 59
328 126 69 71 71
187 438 16 21 16
187 690 70 74 71
189 91 39 56 55
189 214 34 99 77
189 320 91 94 93
214 391 69 100 82
485 456 31 81 63
195 695 60 85 68
195 460 50 68 60
195 160 61 92 83
306 75 38 81 51
306 448 32 36 33
306 184 84 95 93
197 92 29 70 43
199 220 26 70 44
200 649 51 83 75
649 508 89 94 92
649 191 88 98 91
305 538 50 87 61
305 731 38 77 67
474 686 44 89 58
203 312 15 60 59
203 142 63 94 76
203 283 88 94 88
203 658 74 98 97
312 259 94 98 98
312 170 60 88 76
312 42 74 80 78
283 661 91 96 92
283 731 87 99 91
205 140 23 85 72
206 320 26 92 87
207 640 33 97 48
207 669 94 98 98
207 253 85 93 88
208 681 38 39 39
208 44 70 87 77
681 117 77 86 82
209 476 49 58 51
209 440 51 93 67
476 579 71 75 72
476 575 87 98 96
391 331 75 96 83
409 213 27 99 80
409 642 58 93 78
409 319 43 63 58
216 530 72 75 73
216 709 28 48 36
216 513 51 57 53
530 539 32 61 55
530 469 90 91 90
513 418 60 91 80
513 557 43 100 86
217 396 90 96 93
396 455 63 79 70
218 532 15 95 24
219 199 32 50 35
278 608 39 90 72
228 592 87 90 87
228 217 82 85 84
484 676 89 95 89
484 651 24 25 24
484 706 59 72 71
484 598 63 95 90
222 453 54 78 70
222 400 66 74 73
400 132 40 45 42
224 357 12 93 41
357 603 26 49 44
226 160 53 62 54
227 489 17 62 53
227 285 55 97 73
592 78 95 97 95
592 512 48 93 87
592 190 82 92 82
229 30 91 93 91
229 418 69 89 78
229 412 91 97 92
418 675 54 98 95
563 699 15 20 17
234 119 46 78 71
235 573 10 43 30
573 456 17 79 55
236 251 91 97 94
236 359 32 77 49
251 662 29 91 36
251 562 78 90 90
359 353 51 71 64
359 143 74 87 87
237 228 12 100 80
240 735 57 78 65
240 401 76 85 79
735 92 67 76 73
242 211 31 67 65
242 656 10 37 19
242 607 63 66 65
656 434 70 100 83
656 706 28 96 68
656 666 81 97 90
607 410 89 99 98
607 593 36 37 37
607 435 33 95 42
607 176 28 42 41
607 608 91 92 92
607 540 42 60 55
607 588 66 76 76
243 438 23 26 26
243 348 83 94 91
244 170 64 65 65
245 721 82 89 86
245 350 68 80 70
245 331 43 76 55
721 694 58 71 71
350 65 21 52 43
350 346 86 94 86
350 373 77 80 77
331 14 74 95 95
331 499 92 96 93
331 252 65 98 84
331 73 57 59 59
246 286 58 87 80
246 632 54 94 58
247 721 56 68 65
247 278 94 96 94
248 473 66 68 67
248 176 94 95 94
248 549 40 66 49
248 637 63 71 67
248 7 70 90 78
473 123 72 97 78
473 225 71 93 92
473 157 16 67 66
250 511 83 98 85
250 618 83 85 85
511 309 34 90 43
511 360 14 36 19
511 104 84 87 85
511 435 25 79 60
618 66 91 95 95
618 162 66 85 68
562 548 72 88 82
554 392 92 98 95
427 643 95 97 97
427 409 33 98 64
258 55 43 55 43
258 555 78 97 92
555 16 75 93 83
555 163 68 98 79
555 229 84 89 89
259 367 57 94 92
367 284 36 85 42
260 313 94 96 94
260 654 93 96 93
260 675 62 90 71
313 366 62 97 66
313 719 61 100 61
313 99 36 66 45
535 60 19 38 30
535 107 80 86 80
535 387 87 92 90
535 138 47 52 50
262 338 61 67 61
262 492 43 99 95
492 123 92 100 100
492 231 91 99 98
264 582 67 89 87
582 671 32 53 37
582 220 80 95 90
582 56 94 96 94
582 221 94 100 97
267 427 77 93 89
267 12 36 39 38
267 389 14 70 27
267 215 44 75 71
389 481 74 90 82
386 322 65 78 73
386 486 32 80 39
386 543 95 100 98
360 419 72 81 74
360 280 35 53 41
360 523 75 98 95
360 352 84 93 85
360 235 61 80 79
360 538 73 97 74
316 87 89 100 91
500 111 82 98 97
500 718 51 85 52
271 266 46 80 52
271 248 51 75 74
271 192 64 92 89
503 269 54 55 55
503 304 66 92 90
273 199 79 92 82
273 526 68 89 74
273 372 44 69 55
372 73 41 70 58
372 26 71 97 79
629 394 15 79 45
629 85 72 76 74
629 523 25 94 88
629 675 67 88 78
276 74 79 98 79
276 384 11 28 11
384 43 37 69 39
277 467 84 91 89
277 326 14 38 34
467 337 78 88 82
467 69 85 97 85
608 343 13 14 13
608 138 95 97 97
434 528 25 75 59
540 418 42 63 43
672 312 84 100 87
661 548 61 92 70
661 250 33 63 44
601 588 19 100 33
601 551 62 82 81
601 607 32 44 39
449 645 66 91 84
449 372 43 85 82
449 457 84 94 92
576 742 33 92 88
576 118 43 78 72
289 492 85 86 86
289 436 76 91 79
289 463 24 39 36
291 58 43 66 59
292 336 71 80 79
415 452 57 91 60
415 405 76 86 85
415 49 12 44 31
294 267 85 97 86
294 688 43 49 45
294 125 94 95 95
309 703 18 90 45
309 673 23 73 65
309 33 23 44 34
309 275 10 83 53
297 201 14 94 63
299 65 79 84 82
299 294 33 83 73
299 193 83 98 93
299 591 89 92 92
300 265 76 99 92
300 698 13 61 59
300 482 46 93 60
698 182 54 64 58
698 84 64 97 79
482 478 68 91 89
482 512 68 69 68
482 157 65 97 97
301 354 76 80 79
301 307 11 90 21
354 553 70 78 71
354 396 15 73 61
354 237 87 94 91
307 430 49 82 80
307 679 68 86 74
302 463 84 98 96
303 304 69 83 80
304 358 49 71 53
304 295 35 52 41
358 170 53 84 71
358 347 61 97 91
358 421 19 81 76
448 337 45 64 52
448 743 29 50 29
703 293 88 99 94
703 333 33 48 45
310 541 38 58 45
311 455 65 72 66
311 355 73 100 90
311 230 58 86 82
719 227 91 93 93
719 539 89 90 89
314 384 65 71 65
314 278 55 91 66
314 387 13 76 75
314 656 46 85 61
315 36 10 35 14
315 624 89 92 91
315 89 21 73 51
315 744 63 75 64
624 535 53 86 84
624 670 48 92 62
318 714 40 94 50
318 36 63 65 65
321 452 22 39 27
452 600 77 93 79
452 327 88 94 90
322 143 74 97 77
322 475 65 78 72
322 630 68 85 82
322 611 51 71 71
630 338 38 99 72
630 285 39 69 60
641 127 34 81 52
324 470 84 99 93
470 283 82 100 87
325 74 74 92 78
325 414 69 72 72
325 262 15 88 74
325 278 57 72 72
325 163 87 98 91
414 178 14 73 70
335 137 60 64 62
335 287 79 96 80
329 685 48 92 55
330 256 26 97 41
330 122 18 24 18
332 603 70 83 71
603 331 29 87 68
603 408 82 97 87
603 392 13 37 20
603 360 36 67 54
603 526 41 85 63
334 6 36 46 37
334 368 92 97 94
334 458 22 95 63
368 390 49 59 56
458 104 23 43 40
458 384 57 70 57
337 519 90 96 94
519 368 15 52 17
519 587 36 93 36
339 133 77 98 82
339 87 83 86 83
339 443 16 41 37
339 164 88 100 88
339 125 15 92 61
443 244 17 25 17
443 673 40 48 47
442 454 35 80 57
341 244 36 95 73
341 518 71 84 76
341 700 23 60 60
341 463 67 88 83
341 256 69 72 71
518 323 69 91 90
518 731 41 94 86
518 53 10 39 10
700 456 12 39 25
342 76 93 95 93
537 736 81 84 84
352 275 62 99 67
352 272 63 98 64
353 38 86 100 97
353 165 95 99 95
552 295 66 97 77
552 69 32 47 33
552 592 76 97 91
361 178 81 89 83
361 30 90 94 91
361 608 36 39 38
362 576 30 85 57
363 709 95 97 97
363 116 75 91 78
364 73 70 81 81
365 19 37 74 54
390 129 17 21 18
390 416 56 94 84
390 23 67 95 78
390 414 76 88 78
371 644 51 82 82
371 265 76 84 80
374 124 23 93 43
374 223 88 99 89
374 476 47 61 61
648 423 66 72 66
648 208 81 97 82
379 346 33 45 45
379 553 88 89 89
379 555 29 91 69
380 283 66 68 67
380 475 37 57 43
380 546 46 81 47
383 555 44 73 57
383 232 74 95 88
587 738 77 90 87
587 18 62 73 64
543 485 77 85 78
481 587 27 80 39
481 267 70 98 78
481 42 37 61 47
597 303 54 57 56
597 616 71 82 75
597 654 44 73 49
508 429 76 86 80
394 527 46 87 64
397 204 50 68 51
397 636 31 40 31
397 197 79 98 95
636 171 76 98 88
398 257 77 93 84
407 165 16 31 25
407 442 26 88 68
407 98 81 83 82
407 568 71 76 76
568 276 43 84 49
568 121 60 66 65
568 202 43 66 45
568 460 22 33 30
642 344 69 84 81
642 449 73 76 73
642 675 46 78 58
411 532 40 88 80
411 206 65 85 65
411 689 36 85 38
411 278 48 79 61
411 191 68 85 74
689 255 76 100 82
689 249 79 82 80
432 417 74 96 81
432 272 54 88 74
413 241 16 17 16
413 228 74 100 98
413 99 84 96 86
417 709 89 95 89
417 120 11 81 64
417 105 33 69 63
420 525 15 42 29
422 31 93 97 96
423 718 68 97 82
423 187 88 92 91
614 185 22 55 53
614 653 68 85 71
614 541 66 84 72
614 354 36 91 57
426 508 52 91 81
426 567 79 81 79
426 76 17 26 25
567 630 77 82 81
643 714 63 69 65
643 727 51 65 60
428 653 80 90 89
429 161 44 56 49
429 9 65 92 88
594 272 11 16 13
594 126 66 93 70
431 587 69 83 83
431 34 54 94 75
431 583 16 41 20
431 95 92 95 93
433 489 68 77 71
433 25 18 53 32
433 689 64 68 67
441 271 74 81 80
441 86 51 83 54
441 526 18 25 22
441 111 65 79 77
441 174 18 42 27
454 141 13 77 46
444 4 89 92 89
444 518 29 99 63
444 48 35 50 37
444 366 92 100 92
444 371 78 87 85
447 408 41 73 55
447 330 32 40 39
743 488 95 96 96
743 65 11 29 28
743 138 89 90 89
743 220 55 82 59
450 133 55 81 69
450 206 72 83 77
450 313 57 85 81
450 243 44 53 46
551 598 25 27 27
459 33 52 90 84
462 616 22 28 28
605 9 58 79 75
605 369 27 85 76
605 102 69 96 96
464 52 74 89 82
693 79 80 81 80
693 193 53 81 70
466 152 20 69 50
471 208 55 70 61
471 421 41 89 63
471 44 81 82 82
668 556 11 98 89
668 527 30 95 61
668 587 75 97 87
585 38 70 75 75
579 643 33 55 39
579 64 42 50 49
477 241 61 100 72
478 438 38 61 49
480 739 83 86 85
480 610 69 99 73
480 218 90 99 90
739 460 21 47 44
739 262 74 86 76
610 60 18 86 27
651 620 25 95 38
651 103 74 100 86
651 483 49 86 81
706 82 85 93 86
706 460 28 57 29
598 728 16 91 90
598 48 63 74 73
598 322 60 73 69
488 410 55 84 69
491 653 51 89 71
493 498 25 89 62
498 434 33 97 91
498 81 69 79 75
497 593 66 97 88
497 93 24 49 32
593 31 41 59 53
501 205 85 93 91
505 464 61 88 87
505 252 31 33 31
524 297 94 98 94
524 526 95 100 98
509 24 43 52 44
509 279 94 99 98
509 241 43 94 75
509 6 76 84 77
514 548 83 95 85
514 359 56 64 57
514 389 27 82 54
514 618 68 72 71
657 422 91 95 92
657 47 74 96 95
657 543 88 97 97
657 732 86 88 87
517 271 68 84 84
517 712 74 97 79
517 724 43 59 49
517 351 14 34 27
521 13 56 90 77
521 605 72 97 74
521 439 42 48 45
533 432 29 72 37
725 281 39 66 45
725 615 53 87 82
725 195 95 98 96
542 248 83 90 90
542 436 81 96 94
542 531 24 67 46
550 10 64 72 66
550 291 74 99 98
558 31 41 50 42
558 583 22 26 22
558 610 77 97 85
559 73 95 99 96
570 15 62 73 70
571 649 70 86 83
572 597 65 95 84
572 250 60 85 66
574 131 93 99 95
742 21 54 55 54
742 242 26 90 58
580 567 19 79 64
580 261 47 82 81
580 425 52 60 54
580 586 47 92 53
580 234 29 80 47
586 672 62 71 64
584 718 23 80 32
584 220 28 49 34
738 226 52 64 62
588 100 26 89 63
588 188 34 45 40
590 121 35 84 84
595 591 61 87 65
596 83 15 30 30
599 614 35 37 35
599 428 24 95 28
599 8 94 97 94
609 128 85 90 86
609 127 70 99 95
619 652 30 36 34
620 211 73 94 82
622 255 11 19 11
623 380 52 80 61
623 219 62 95 77
623 222 11 35 30
670 458 20 41 36
670 165 86 89 89
670 145 78 95 90
670 586 37 54 46
625 12 40 50 41
625 150 14 85 44
625 236 75 81 75
626 521 16 72 24
626 170 20 71 56
628 309 38 43 39
628 33 36 38 37
631 138 61 91 88
639 330 53 94 86
639 368 74 91 80
655 9 15 47 17
732 633 14 64 60
732 407 77 85 80
660 31 64 95 75
660 716 79 85 80
716 676 74 79 77
716 667 29 34 30
716 457 36 44 40
664 358 84 85 84
664 591 60 72 69
717 276 75 81 78
717 269 74 77 76
717 214 89 96 92
717 27 63 66 63
678 160 22 80 55
680 570 30 86 42
680 456 77 98 88
680 387 73 80 78
692 374 49 94 74
692 349 18 55 46
696 475 27 38 33
702 661 40 65 54
702 719 41 84 71
702 608 62 67 67
705 385 66 98 96
705 474 20 100 61
710 406 32 82 65
710 661 31 76 36
713 475 90 94 92
729 394 72 93 75
729 530 20 23 22
729 491 18 55 38
729 488 66 94 90
737 119 73 78 75
737 732 26 76 36
0 745
