734 1855
0 481 62 75 73
0 553 37 100 99
0 47 71 95 85
481 425 25 66 32
481 205 42 67 61
481 275 66 69 69
481 135 93 98 97
553 4 36 81 60
553 329 76 98 94
553 448 89 92 89
47 500 23 28 25
47 553 79 84 80
1 514 29 62 42
1 6 32 61 47
514 127 20 53 27
6 700 59 89 59
6 688 21 48 35
2 718 28 50 36
718 228 52 58 55
718 495 60 98 82
718 565 67 81 80
718 386 66 95 93
3 605 30 75 49
3 126 30 53 38
3 402 13 68 31
3 374 50 52 51
605 541 16 27 27
605 76 50 85 83
605 660 92 94 92
605 676 55 58 56
605 554 80 89 82
126 704 68 74 68
126 101 80 85 84
126 423 23 53 49
402 376 48 59 57
402 56 33 58 41
374 351 20 47 24
374 167 41 67 42
374 399 30 88 59
374 434 36 87 51
4 184 89 93 93
4 105 10 38 19
184 703 36 67 63
184 728 90 93 93
105 487 37 97 47
105 200 30 36 31
5 106 37 62 57
106 704 93 97 97
106 144 21 77 38
700 324 13 46 18
688 392 67 71 70
688 540 27 96 29
688 507 58 85 66
688 579 81 95 87
7 677 48 56 50
677 702 27 62 47
677 130 85 88 86
677 285 74 85 83
677 361 58 88 63
677 703 54 80 75
8 309 18 51 47
8 513 63 84 80
309 544 90 98 90
309 318 34 57 52
309 513 50 84 60
513 433 57 87 64
513 614 53 59 58
513 579 86 99 88
9 79 29 81 78
9 573 41 97 95
79 584 11 79 53
573 603 94 100 96
10 408 68 86 83
10 689 84 99 94
10 158 65 99 76
10 421 90 100 93
10 7 21 82 44
408 50 54 96 84
408 549 69 88 73
689 58 37 82 51
689 491 58 89 59
689 259 45 87 85
689 730 62 72 67
689 477 94 99 99
158 538 21 36 21
421 696 22 69 67
421 507 88 89 88
11 181 14 43 37
11 244 23 53 52
244 236 22 94 54
244 537 75 90 75
244 719 59 95 81
244 728 84 90 89
12 177 50 96 81
12 652 66 72 69
12 155 39 92 65
12 296 80 89 88
177 274 19 52 52
177 311 71 83 81
177 396 21 23 22
155 196 31 73 33
296 431 38 64 51
14 160 94 100 100
14 234 50 77 66
160 207 91 94 94
160 536 92 96 94
234 310 66 90 72
234 131 70 84 79
234 314 13 22 19
15 539 90 96 96
15 554 80 96 81
539 352 13 29 25
539 447 47 88 57
539 404 33 85 50
554 478 86 90 89
554 10 35 97 48
16 257 13 82 77
16 386 45 66 50
16 694 17 20 20
257 682 25 85 29
257 6 19 63 52
386 659 21 99 56
386 481 34 87 43
386 99 95 97 95
386 463 65 90 65
694 249 19 23 19
694 691 82 90 89
17 304 82 92 88
17 253 19 55 38
17 662 54 93 89
304 622 59 90 84
253 589 64 73 69
253 38 37 73 47
253 638 50 76 51
662 177 83 98 84
662 546 30 75 60
18 215 76 80 77
18 642 44 73 58
18 68 24 66 41
18 284 75 89 84
18 75 44 62 56
215 662 26 52 30
215 321 56 76 74
215 412 85 93 90
642 202 56 92 80
642 474 19 68 33
642 409 26 58 35
642 351 78 92 89
68 147 28 37 30
68 430 67 88 71
68 195 42 58 52
68 494 79 98 89
284 590 46 63 48
284 560 49 55 52
284 651 47 82 73
75 18 91 94 94
19 216 33 57 55
19 651 44 54 47
216 244 92 100 97
216 499 29 59 50
651 608 86 87 87
651 325 91 93 91
21 452 43 60 51
452 702 63 76 74
22 436 12 29 13
436 730 60 91 66
436 80 76 82 78
436 150 50 72 53
23 59 91 98 92
59 364 68 77 68
59 598 84 97 89
24 477 52 85 62
477 526 86 92 89
25 516 26 49 31
25 718 35 53 51
25 435 29 46 39
516 648 80 87 85
516 425 59 82 71
516 310 68 98 85
435 242 17 84 78
26 680 24 86 41
680 338 34 71 34
680 710 58 93 86
680 355 23 53 39
28 158 84 98 92
28 312 45 62 60
312 311 50 95 82
29 194 83 91 88
194 329 69 93 93
30 44 87 97 94
30 504 15 54 46
30 657 50 56 55
30 653 25 83 65
30 348 76 83 79
504 293 68 100 93
657 151 90 95 91
657 144 17 54 28
657 205 50 62 58
657 244 88 97 90
653 564 60 66 60
653 697 63 88 80
653 465 45 72 64
348 164 65 84 70
348 356 43 87 53
31 98 18 95 50
31 642 90 98 95
31 548 19 74 45
98 408 30 54 41
98 16 53 72 65
98 121 39 86 49
548 720 91 100 96
548 582 76 91 84
548 490 55 57 56
548 78 59 70 59
548 531 26 94 77
32 337 67 75 74
33 240 50 84 54
33 32 59 93 68
33 253 35 61 45
33 14 50 64 52
33 51 76 86 86
240 327 53 79 77
240 602 19 76 69
240 151 60 90 61
51 685 59 90 60
34 175 56 64 64
34 131 91 96 94
34 498 58 68 62
34 639 50 86 52
34 108 38 70 38
34 631 80 91 88
34 541 67 93 76
175 566 74 94 81
175 465 93 95 93
131 578 35 46 35
131 718 75 79 78
131 222 61 100 64
131 707 17 86 82
131 274 67 70 69
498 216 59 85 63
639 166 32 83 58
108 267 88 90 90
108 67 22 39 39
108 381 69 99 95
631 143 38 51 51
631 363 72 80 78
631 22 22 41 40
631 147 17 41 19
541 368 74 84 79
541 720 30 69 43
541 264 39 60 49
541 144 72 73 72
35 709 88 89 88
709 130 71 91 72
709 221 55 79 74
709 678 35 82 82
36 321 77 81 78
36 262 71 91 81
36 502 74 81 77
36 208 20 33 31
36 147 47 98 76
36 357 51 98 58
36 189 60 68 62
321 397 84 88 86
321 462 28 40 38
262 607 67 92 86
262 42 66 72 66
262 652 61 78 69
502 449 33 81 38
502 635 33 49 40
502 568 35 100 94
208 627 72 76 73
208 118 74 95 84
208 215 23 82 34
147 521 60 83 62
147 513 42 55 53
357 463 60 87 76
357 455 59 65 62
357 198 13 99 55
357 620 49 76 65
189 82 40 63 40
37 169 38 97 59
37 568 54 78 57
169 704 60 78 65
568 224 75 83 75
38 596 29 58 30
38 320 79 97 80
38 609 26 56 30
38 537 59 73 71
38 56 32 46 43
596 375 91 97 91
320 177 87 91 88
320 316 54 69 56
320 223 23 69 52
609 706 69 92 92
609 191 28 46 37
609 587 31 83 73
609 126 29 55 34
609 696 62 66 66
537 396 35 85 36
56 451 26 87 54
56 10 30 72 66
39 86 24 80 71
86 498 81 88 84
42 231 69 100 73
42 404 26 75 48
231 602 70 93 92
231 377 57 96 87
231 528 71 81 79
231 426 69 73 72
404 278 59 89 87
404 277 25 55 45
404 76 26 54 47
43 232 22 36 30
43 526 78 83 81
43 713 46 68 62
526 389 17 94 74
526 29 32 64 35
526 447 21 42 38
526 662 68 79 78
713 588 40 45 40
713 45 24 93 82
713 671 76 100 78
45 332 47 82 64
45 277 37 97 92
277 206 82 100 88
46 306 33 48 36
46 351 81 84 83
46 727 13 15 15
306 387 34 71 39
306 230 72 81 77
306 464 31 55 49
351 603 91 96 92
351 464 40 56 43
351 105 45 64 46
351 716 63 65 64
351 246 77 87 81
351 358 92 95 95
727 658 49 62 58
727 320 60 82 67
727 586 53 60 56
727 379 44 78 53
500 596 82 99 85
500 358 42 54 45
500 142 54 56 55
500 497 16 75 28
48 657 93 99 95
49 54 86 87 87
49 327 50 96 73
49 340 34 67 63
54 229 71 90 78
54 36 32 100 52
54 341 39 53 47
54 492 86 97 96
54 71 34 54 44
54 289 40 97 78
327 162 46 86 73
340 478 23 24 23
340 446 61 63 62
340 614 48 72 68
50 567 70 95 90
50 185 85 92 89
50 306 66 94 69
50 545 58 66 62
50 701 13 75 17
50 498 64 77 67
185 281 77 79 77
185 172 82 95 82
185 168 56 58 56
185 177 41 57 50
185 730 89 95 91
185 408 41 62 41
545 568 44 98 59
545 53 55 69 55
701 55 56 63 56
701 71 93 98 97
701 585 93 96 93
701 493 81 84 84
701 297 40 100 70
701 131 55 89 57
701 592 90 96 90
685 404 84 88 87
685 354 30 45 30
685 363 34 87 68
52 89 19 82 59
52 374 78 92 79
52 460 26 40 33
89 104 94 98 95
89 413 39 89 69
460 720 87 99 98
53 142 76 96 81
53 206 86 97 93
142 527 17 94 51
206 626 57 65 60
229 223 75 96 80
229 315 58 99 94
229 669 28 71 67
341 217 35 93 37
492 683 41 79 59
71 479 61 66 64
71 26 93 99 98
71 112 69 91 87
289 183 74 83 81
289 339 10 78 61
289 628 71 99 80
289 427 78 82 82
289 331 46 54 51
55 120 94 96 96
120 280 74 88 78
120 223 68 99 91
120 725 86 93 92
451 211 14 23 20
57 665 85 97 90
665 274 59 91 86
665 445 67 68 67
665 287 32 67 65
58 369 73 93 89
58 180 88 99 92
369 397 70 99 83
369 224 83 99 98
369 658 42 67 55
180 531 14 57 26
180 157 25 92 36
180 652 11 32 24
180 220 32 63 61
364 504 60 88 74
364 344 70 82 75
60 731 47 84 60
60 148 27 63 36
60 223 75 96 80
731 37 18 91 34
731 570 54 71 63
148 260 57 87 68
148 217 22 66 62
223 214 49 64 54
223 216 89 93 91
223 147 24 41 25
61 188 21 49 36
61 78 51 61 61
188 17 23 35 26
188 552 63 77 65
78 439 10 80 80
78 413 25 36 33
78 277 27 70 31
62 32 32 43 36
62 717 41 50 50
717 445 56 98 79
717 438 91 100 96
717 533 73 99 98
717 352 74 77 75
717 243 78 92 81
63 683 69 88 69
63 663 78 99 79
63 288 46 69 69
683 72 33 72 48
683 459 84 99 88
663 405 20 25 21
288 383 90 95 94
288 723 74 91 80
288 129 91 98 93
64 409 55 73 70
64 269 40 97 88
64 93 20 89 39
409 364 48 52 48
409 130 91 100 99
269 80 44 75 74
93 442 56 95 71
93 191 42 60 46
93 251 59 66 63
65 59 72 82 76
65 191 50 89 52
65 263 72 74 72
191 524 93 97 95
191 569 19 44 37
263 636 70 99 80
263 190 60 83 71
263 166 36 64 44
66 712 20 87 38
66 461 42 94 80
66 695 51 62 59
712 256 14 61 54
712 373 90 98 90
712 127 16 82 34
461 163 80 84 83
461 417 16 23 21
461 650 88 99 92
695 274 38 85 53
67 363 49 54 54
67 188 29 88 36
67 212 61 83 66
363 196 30 98 50
212 484 80 97 88
212 49 40 79 63
430 424 90 96 94
430 304 95 98 97
430 14 94 97 96
430 164 48 66 56
195 152 14 37 30
195 717 48 81 68
494 101 35 84 35
494 445 86 98 96
69 180 63 92 71
69 375 41 71 53
69 540 23 45 35
375 484 40 76 44
375 722 90 99 93
540 680 66 72 67
479 239 48 90 82
479 451 80 96 89
479 532 31 64 39
112 459 59 92 63
112 714 38 58 53
112 128 81 92 89
74 227 88 95 90
74 689 73 94 81
227 384 67 91 81
227 412 32 86 46
227 17 33 47 37
227 407 72 78 75
76 728 21 28 22
728 581 80 90 90
728 505 93 100 98
728 158 66 83 72
728 202 91 97 94
728 154 21 80 59
77 302 76 89 84
302 32 19 43 20
302 306 73 94 80
302 38 91 97 96
439 584 25 97 95
439 653 58 100 78
439 275 66 83 73
439 628 71 99 84
413 73 68 88 74
413 84 31 83 70
413 114 78 99 89
584 551 26 46 44
584 107 76 90 77
80 680 81 90 85
80 267 88 90 89
80 232 66 71 67
80 335 24 55 29
80 3 49 59 49
267 254 60 94 70
267 531 12 41 28
335 617 56 83 61
335 472 84 99 88
335 326 32 75 42
81 397 65 95 74
81 481 70 74 72
397 357 95 99 97
397 246 68 71 70
397 189 10 52 15
397 36 52 65 65
397 408 63 91 71
397 305 49 55 54
82 184 58 68 60
85 465 16 54 31
85 202 36 78 58
85 590 50 73 65
465 705 67 97 92
202 293 32 36 34
590 164 78 82 80
590 720 31 55 49
87 628 74 88 83
628 292 14 75 56
628 64 67 84 78
88 424 87 99 87
88 493 27 92 76
88 667 31 39 37
88 554 66 97 76
88 694 75 88 82
88 205 63 78 78
88 657 71 97 71
424 720 27 57 43
493 721 72 96 77
493 273 70 80 71
667 69 59 98 85
667 241 40 44 41
205 720 24 30 30
205 610 92 99 92
104 252 32 68 60
90 56 15 71 67
90 394 51 81 67
90 424 44 93 78
394 106 88 100 92
394 605 22 94 83
91 484 11 87 14
91 352 64 86 82
91 706 54 93 74
91 284 14 58 17
484 581 55 74 55
484 327 34 93 60
352 8 24 32 31
352 366 58 83 77
352 393 88 100 98
352 406 63 98 80
352 456 84 97 94
352 448 67 94 78
706 77 42 64 53
92 618 85 98 90
92 84 19 34 33
92 182 66 81 72
92 533 11 78 40
618 183 95 100 97
182 446 79 97 94
182 143 51 91 78
182 686 53 87 76
533 362 69 95 73
533 421 26 39 26
442 700 50 93 56
251 566 95 98 96
94 289 10 92 88
94 330 16 39 31
94 127 61 70 62
330 442 30 68 65
127 604 40 97 85
127 478 83 91 89
95 583 86 94 94
95 121 34 100 89
583 459 37 99 59
583 66 27 93 41
583 215 37 83 75
121 681 54 95 83
121 328 47 87 67
121 148 49 73 71
121 533 12 76 52
96 489 48 55 54
96 663 78 87 78
96 504 71 83 71
96 182 17 68 51
96 347 25 60 49
96 537 20 76 68
489 295 26 75 40
489 123 27 55 38
489 114 42 64 44
489 84 81 100 95
489 589 71 84 73
347 322 83 98 87
347 453 54 100 66
347 354 76 81 77
347 59 14 92 25
347 257 39 56 48
97 347 75 93 89
97 89 72 98 94
97 519 84 98 98
97 265 92 99 98
519 210 89 91 89
519 208 24 59 38
519 570 45 80 56
519 290 73 86 76
265 87 37 63 38
265 154 75 80 78
265 396 74 96 92
265 635 84 99 93
99 232 85 93 85
99 204 80 85 81
204 161 67 82 72
204 8 95 97 97
204 395 10 11 10
204 486 71 91 75
100 144 32 58 43
144 29 71 72 71
101 85 95 99 96
101 20 77 92 92
101 663 53 79 68
102 360 61 67 65
102 395 84 86 86
102 28 86 91 87
102 243 87 98 98
360 694 16 53 52
395 591 29 34 33
395 157 10 49 44
395 115 19 30 25
395 615 82 94 82
243 337 31 92 67
243 333 28 89 84
243 485 23 90 64
243 649 89 93 92
243 73 71 79 72
243 34 19 20 19
103 44 28 89 43
103 653 94 95 95
103 546 14 87 68
546 539 85 100 98
252 275 15 98 66
252 729 11 49 19
252 192 86 91 88
487 20 91 98 94
487 407 42 96 54
200 533 63 82 76
200 535 95 99 97
200 584 60 62 60
200 706 12 71 18
704 122 12 42 21
704 368 40 45 44
107 201 17 77 50
107 522 84 90 90
107 175 30 98 72
201 478 94 96 96
201 706 68 100 89
201 197 68 79 74
201 167 65 96 83
522 486 91 100 100
381 654 42 69 43
381 571 85 88 87
381 438 13 76 63
109 172 89 99 90
109 692 26 62 27
109 51 76 96 87
172 619 84 90 85
172 373 35 43 35
172 526 39 89 60
172 530 65 77 76
692 435 30 42 33
692 136 66 97 75
692 535 18 71 51
110 1 67 76 67
110 355 93 99 93
355 642 60 67 66
355 216 32 73 55
355 268 58 62 62
111 596 82 92 84
111 208 22 60 25
459 394 66 72 67
459 475 54 69 60
459 659 76 77 77
714 352 79 86 84
714 207 46 86 54
714 543 93 96 94
128 361 72 78 78
113 61 84 99 91
113 211 85 94 94
113 592 80 95 90
113 301 50 83 76
211 66 89 94 94
211 225 20 44 21
301 581 59 69 63
114 157 70 98 74
114 524 51 100 99
157 647 23 30 30
157 454 34 46 39
157 371 30 31 31
524 74 82 93 86
524 239 17 44 23
115 267 66 90 84
116 279 68 79 79
116 421 15 80 37
116 282 56 96 66
116 425 20 70 66
279 601 40 76 46
279 687 73 86 85
279 303 80 81 80
279 396 52 70 52
282 311 73 86 75
425 244 78 80 79
425 591 84 94 94
425 154 54 100 93
425 229 13 85 80
425 668 57 77 69
425 155 56 66 59
117 216 41 67 44
117 60 61 63 62
117 498 15 63 18
118 619 35 53 39
118 166 30 51 47
118 309 84 96 92
118 37 15 70 26
118 179 89 95 94
619 261 92 95 94
619 558 48 75 60
619 25 19 77 66
619 209 66 98 76
619 415 27 60 52
619 205 76 97 85
166 303 28 95 72
166 311 29 46 30
166 457 73 81 78
166 412 92 95 93
179 162 60 78 76
179 351 10 34 34
179 647 50 60 55
179 447 91 98 95
119 653 45 92 48
119 21 90 96 94
119 647 24 40 25
119 103 57 64 62
119 377 94 99 99
119 53 84 95 84
647 529 43 60 59
647 623 36 69 62
647 58 68 86 84
377 16 87 100 93
377 472 58 74 63
280 163 69 89 80
725 463 24 96 62
725 289 53 62 55
725 205 49 97 50
725 303 44 48 46
725 96 53 73 69
681 616 41 100 59
681 150 10 99 47
328 587 31 85 75
328 601 50 64 55
122 540 94 96 96
122 370 86 91 90
122 217 78 97 82
122 249 31 36 32
370 109 87 89 87
370 27 12 100 77
370 14 72 98 82
217 707 60 99 77
249 257 70 96 78
249 342 30 84 50
249 623 13 57 25
249 124 36 71 43
249 114 38 68 62
123 271 55 100 94
123 690 17 27 22
123 229 33 83 64
271 471 23 57 32
271 222 55 59 59
271 632 69 74 71
690 666 13 14 13
690 182 76 78 78
690 597 45 86 62
124 89 81 86 83
125 370 77 86 83
125 657 44 63 47
125 213 31 32 31
125 569 33 53 40
213 186 59 84 77
213 481 29 75 53
213 505 55 66 66
569 679 27 37 31
569 663 29 89 29
569 642 48 80 54
604 670 35 67 61
604 383 13 84 13
604 111 82 83 83
361 417 12 65 48
361 175 13 95 69
361 318 56 77 58
129 399 95 99 99
130 468 60 99 89
130 374 65 70 65
130 350 45 76 75
130 719 82 98 84
468 156 45 84 45
468 190 48 61 53
468 467 49 76 51
468 589 37 72 65
468 643 83 87 86
350 235 75 88 76
350 88 66 67 67
350 249 80 91 84
350 224 12 16 12
719 709 36 57 36
719 289 58 97 58
578 382 57 69 67
578 24 80 83 80
222 248 83 86 83
222 520 67 93 80
707 391 71 92 90
707 557 27 97 85
707 466 35 96 74
707 203 56 89 63
707 509 53 74 57
274 713 29 61 29
274 6 21 25 24
274 440 17 40 18
132 500 36 51 41
132 46 65 89 66
133 543 40 99 61
133 301 42 78 59
133 532 16 61 51
133 511 52 79 66
543 216 90 92 91
532 561 85 92 91
532 23 63 64 64
532 277 18 80 35
532 185 11 65 41
511 58 23 73 32
511 3 90 99 98
134 116 59 98 94
134 670 83 88 87
134 709 35 73 46
670 12 35 96 39
670 420 29 48 45
670 164 90 92 92
670 182 82 83 82
670 195 66 91 91
670 519 73 80 77
670 732 16 70 31
670 722 61 95 75
135 365 79 84 82
135 503 14 41 34
365 72 82 92 84
365 449 67 91 73
365 332 12 67 25
503 25 33 63 39
136 405 89 90 89
136 401 21 63 62
136 128 28 67 50
405 53 40 41 40
405 42 37 76 72
405 716 63 100 68
401 107 92 96 93
401 545 73 92 90
401 378 73 81 73
401 462 24 48 43
401 587 36 67 47
137 34 12 22 19
137 205 92 99 95
138 448 27 57 46
138 40 11 78 75
448 372 86 94 93
448 624 42 79 66
448 301 59 67 63
448 104 64 66 66
139 288 33 39 39
139 68 73 74 74
139 709 61 87 83
139 232 20 96 82
140 522 75 85 84
141 328 53 92 81
527 518 87 89 88
527 157 76 95 81
143 397 35 40 37
143 514 62 78 75
143 469 34 88 48
469 538 58 80 63
469 210 66 82 72
145 79 33 81 38
146 308 86 87 86
146 10 47 67 53
308 241 40 44 44
308 406 21 62 44
308 405 13 57 32
308 668 94 97 94
308 218 15 69 16
308 628 26 32 29
521 536 81 92 84
260 574 45 87 71
260 622 15 67 16
260 192 10 67 53
260 139 59 75 72
149 571 13 90 17
149 84 24 47 27
149 668 75 84 84
571 217 26 41 26
571 279 53 78 53
668 14 54 87 83
668 15 32 77 62
668 578 64 98 82
150 683 67 72 69
151 131 24 81 49
151 57 58 94 79
151 278 61 100 90
151 541 61 78 71
278 428 69 77 69
278 285 34 58 50
152 267 34 37 36
152 663 95 100 96
153 729 91 100 93
729 532 40 52 44
729 549 85 97 87
729 64 83 89 87
729 391 74 91 77
154 88 95 98 95
154 600 68 87 78
600 112 18 83 28
600 660 92 95 93
600 377 40 86 57
600 4 21 74 52
196 424 90 93 91
156 566 73 82 81
566 388 19 67 59
566 422 69 94 84
566 4 30 44 37
454 152 79 94 94
454 355 13 58 22
538 519 74 89 86
538 573 41 58 43
159 431 78 91 79
159 233 71 81 78
431 174 50 89 76
233 431 83 95 92
233 519 13 20 14
207 481 86 90 89
536 328 19 97 77
536 372 51 70 58
536 421 53 85 80
536 250 62 99 63
536 208 45 80 65
536 726 44 95 65
536 416 44 47 44
161 80 12 76 18
161 44 70 89 87
161 381 58 79 64
162 592 80 85 80
162 235 76 86 81
162 459 61 74 69
162 428 29 88 69
235 490 73 91 91
235 58 70 82 73
235 191 89 92 92
235 556 16 55 35
235 398 76 93 89
428 724 56 86 63
428 40 51 90 65
428 396 51 87 73
428 298 50 54 52
163 509 85 99 90
163 658 20 40 37
509 309 39 98 74
509 259 16 93 43
509 163 61 80 74
658 582 44 73 57
658 142 58 94 80
658 283 77 96 94
658 267 88 89 89
658 478 76 81 81
164 156 52 53 52
164 671 51 76 65
164 622 86 99 86
164 585 76 92 91
671 413 63 92 84
671 55 62 76 72
622 30 62 87 69
622 192 49 60 56
622 78 90 92 91
622 90 86 99 88
622 427 12 78 45
585 431 58 75 61
585 47 50 90 72
165 434 70 80 70
165 546 28 100 94
165 424 60 98 63
165 11 93 94 93
434 203 23 40 26
303 707 13 91 60
303 708 52 93 76
303 47 39 88 74
303 363 44 52 46
303 128 59 78 72
303 563 10 59 10
311 393 77 89 82
457 565 67 84 68
412 678 81 86 81
412 422 42 92 78
167 595 75 78 77
167 704 78 83 82
595 423 23 38 24
595 669 23 57 54
595 614 28 29 29
595 278 19 47 28
168 700 15 77 18
168 314 52 78 67
314 679 80 86 84
314 331 43 48 48
314 89 85 87 87
170 714 53 56 54
170 154 45 47 46
171 691 43 83 47
171 642 44 99 79
691 84 39 46 41
691 529 41 83 64
691 572 19 90 63
530 291 76 100 85
530 555 84 96 86
530 621 95 97 95
173 68 32 62 61
173 590 70 94 82
173 563 70 81 80
173 72 46 60 58
173 446 21 98 69
446 490 48 58 53
446 547 67 75 67
174 79 58 63 63
174 425 86 89 87
176 398 72 98 93
398 142 54 92 56
398 510 15 35 30
398 719 63 77 68
396 275 49 80 74
396 475 48 49 48
396 326 41 47 41
178 578 58 63 58
178 704 54 64 63
178 358 56 85 78
447 295 71 76 74
447 382 33 46 46
447 445 34 64 50
447 20 55 67 64
447 59 76 84 79
447 26 55 81 57
531 64 45 100 64
531 223 56 79 61
531 326 38 60 56
220 442 59 100 95
183 666 35 66 62
183 425 83 95 83
183 108 18 31 22
666 355 86 88 87
666 369 13 24 22
666 611 29 54 33
666 13 79 92 80
666 191 27 40 29
703 452 35 41 36
703 490 16 100 59
730 717 84 92 88
730 160 36 97 93
730 412 93 99 93
186 98 69 86 71
187 80 55 77 60
552 685 49 84 63
552 559 56 86 82
192 702 16 61 58
192 50 82 92 87
192 635 73 78 74
702 668 85 97 88
702 228 89 98 96
635 159 82 84 84
635 142 82 92 90
635 290 88 100 99
193 55 58 89 81
193 725 85 96 86
329 345 11 70 39
329 676 36 56 46
329 328 10 78 48
329 522 30 39 33
197 301 65 74 67
197 451 68 74 68
198 219 90 92 92
219 247 12 92 15
219 529 76 96 88
219 41 59 79 61
199 103 67 89 67
199 440 47 72 66
440 311 69 88 76
440 486 52 86 63
440 600 58 72 66
535 220 79 99 79
535 603 81 89 84
293 176 83 92 91
293 111 83 100 83
293 19 62 94 84
293 598 41 77 72
293 393 83 99 86
203 522 12 25 20
203 62 30 43 31
203 498 86 92 87
203 497 84 99 89
497 717 52 79 76
497 306 41 66 57
497 214 70 83 83
497 688 68 93 74
497 462 24 97 54
497 574 37 67 41
497 297 18 51 18
486 505 12 69 28
486 129 85 94 92
486 441 87 88 88
486 628 28 98 54
720 319 47 87 48
720 156 85 99 87
610 473 83 92 87
610 64 44 88 61
610 709 91 94 92
626 176 77 81 79
626 183 43 66 49
209 282 77 99 95
209 34 78 99 83
225 573 68 92 77
225 512 95 97 96
225 310 74 92 81
225 378 89 97 91
505 190 52 68 68
214 674 21 58 55
214 435 35 72 56
214 689 72 84 83
214 238 51 79 70
674 575 60 78 62
674 74 22 34 29
674 336 43 54 46
238 69 46 57 50
238 65 16 60 51
238 618 36 98 97
499 594 47 94 48
499 575 89 98 92
218 168 37 89 71
218 554 46 60 50
218 285 89 99 96
285 67 29 62 43
285 289 18 97 23
285 240 85 99 95
247 241 93 100 93
247 265 91 100 93
529 499 43 86 68
529 203 59 76 73
529 304 66 98 80
221 351 77 89 84
248 167 43 70 59
248 277 81 91 84
248 431 25 77 63
248 393 60 93 61
520 672 85 100 90
520 666 28 79 60
224 179 52 90 78
224 70 41 71 60
224 582 78 89 84
224 146 54 71 69
224 376 10 69 20
224 579 63 96 83
582 108 36 56 55
376 271 31 40 37
579 352 59 64 64
579 385 30 74 50
579 236 46 65 51
579 452 85 98 88
512 257 32 94 56
512 522 11 74 44
310 95 31 71 54
310 454 66 75 66
310 47 44 79 73
310 165 13 79 30
378 560 15 16 16
378 420 81 97 81
226 640 84 98 89
226 222 61 79 74
226 217 28 69 43
226 167 63 66 66
226 634 24 89 26
226 587 37 84 64
226 385 77 82 82
640 349 47 84 72
634 202 55 90 65
385 362 22 68 30
385 276 54 67 59
385 349 87 99 95
384 345 22 72 44
407 678 33 56 53
407 552 68 92 86
228 322 65 72 67
228 509 83 86 83
322 436 59 92 92
322 534 82 91 91
322 184 47 67 52
322 340 74 92 92
315 102 39 73 66
315 465 22 48 40
669 633 53 54 54
230 415 54 88 61
230 421 56 97 66
230 241 30 78 49
415 306 64 80 69
415 469 60 75 61
415 678 45 95 81
241 123 48 70 51
241 422 70 92 80
602 197 75 80 75
602 311 10 77 76
602 584 94 100 100
602 252 42 81 75
426 529 66 92 83
426 339 69 91 75
426 531 52 91 79
490 9 62 86 76
490 588 52 88 54
490 518 27 73 68
490 145 83 96 86
556 436 30 45 33
556 261 10 92 28
556 440 61 81 78
556 121 23 79 50
236 139 93 99 96
236 3 89 92 89
236 498 66 90 89
237 295 29 80 30
237 373 85 96 92
295 597 89 96 92
295 445 66 79 79
295 467 45 77 67
295 325 63 77 74
239 630 79 92 84
239 403 79 81 79
630 430 35 55 52
403 610 34 75 34
403 443 77 86 80
403 174 58 91 76
242 326 38 60 45
326 24 48 82 77
326 556 14 19 16
326 231 15 71 27
326 425 60 63 61
326 86 77 90 84
333 223 77 79 77
333 139 26 69 26
485 272 42 61 57
649 396 14 69 69
649 571 82 100 84
245 424 56 82 57
245 515 84 87 84
515 336 49 74 63
515 715 79 82 82
515 111 79 87 82
515 382 59 82 72
246 326 87 89 89
393 561 88 89 89
393 219 51 75 75
393 135 52 87 53
393 232 26 96 42
393 697 91 98 92
342 286 26 89 44
623 6 46 52 52
623 88 26 55 33
250 266 85 89 86
250 180 68 75 75
250 260 85 88 86
250 697 61 80 79
697 166 62 83 75
697 393 53 76 67
275 394 30 84 70
275 409 13 59 19
589 340 92 95 95
589 236 58 93 69
589 191 57 58 57
638 225 66 75 71
254 237 65 81 79
254 500 58 69 59
254 47 32 73 49
255 170 14 84 71
682 144 48 78 60
258 235 60 65 64
258 523 15 40 35
258 717 93 100 96
523 249 63 86 63
523 466 68 88 85
259 582 15 48 38
259 177 22 41 36
574 354 57 70 63
574 47 80 83 80
607 592 91 99 97
607 231 33 77 70
607 237 47 68 64
636 677 39 40 40
264 610 51 97 81
264 520 26 68 39
264 108 13 55 27
264 98 90 99 90
264 680 11 22 14
268 230 22 49 27
268 526 24 54 42
268 24 74 95 81
268 26 16 27 21
268 573 40 94 85
268 461 68 87 84
268 2 63 85 83
268 111 51 99 92
268 183 32 52 49
270 595 59 68 63
270 486 32 80 56
270 336 12 58 17
336 285 12 47 30
336 611 10 68 26
471 733 53 88 65
471 66 41 50 49
471 625 76 82 80
471 59 94 95 94
471 527 51 53 53
471 613 24 93 67
471 374 17 58 29
632 682 61 97 70
272 17 47 74 55
272 630 38 54 49
272 533 78 85 85
273 305 67 72 72
273 551 31 100 51
273 181 26 68 60
273 718 91 98 96
305 16 55 97 86
305 590 71 86 79
305 152 28 63 58
305 646 16 68 16
551 97 16 67 61
551 257 50 63 52
551 372 81 82 81
551 379 51 96 93
276 216 67 90 73
276 141 47 54 54
276 413 33 75 47
276 496 81 87 83
496 80 95 96 95
496 667 78 95 84
496 215 63 65 64
601 150 92 98 97
601 596 32 58 52
601 179 23 66 49
601 631 67 96 81
601 28 26 80 31
601 303 72 85 84
687 422 76 98 91
687 232 33 81 43
283 149 19 22 21
283 247 46 98 88
283 538 27 62 58
283 561 13 17 17
283 97 93 95 94
561 340 11 41 25
561 357 45 65 46
561 610 90 93 93
561 108 79 90 89
560 232 17 73 69
560 687 69 85 71
286 642 27 83 36
286 28 16 27 24
286 502 30 95 90
287 523 82 92 88
287 254 48 60 54
287 380 54 77 69
380 431 40 49 42
383 308 19 74 40
383 493 16 84 66
383 539 68 85 84
723 287 39 50 46
723 556 27 94 54
339 264 59 92 76
339 123 92 96 93
427 444 72 83 73
427 674 61 100 96
427 721 45 80 46
427 469 31 40 31
331 507 68 85 79
331 409 26 66 27
290 230 25 45 43
290 568 37 63 45
291 643 50 80 61
643 570 88 99 91
643 402 55 58 58
643 382 45 59 53
292 44 30 47 33
292 264 84 87 84
294 351 42 80 42
294 643 67 74 68
294 712 50 100 61
294 302 22 78 56
294 185 85 87 85
597 659 71 76 75
597 615 49 50 50
445 350 40 73 55
445 698 57 76 71
467 186 88 96 94
467 651 53 84 77
467 387 63 87 86
467 526 39 77 54
325 524 41 100 90
297 250 94 95 95
297 699 87 92 91
297 554 53 56 55
297 570 95 100 98
699 167 20 81 29
570 205 54 82 56
570 318 55 72 63
298 571 26 68 40
298 615 89 100 98
615 665 37 79 57
299 447 23 60 39
299 717 21 31 24
299 126 48 64 62
300 581 74 100 78
581 373 87 99 99
581 226 14 57 53
581 493 28 86 83
708 200 16 54 34
646 694 13 77 40
646 26 86 90 90
646 408 16 84 30
646 514 68 95 86
646 702 60 71 64
387 534 79 85 80
387 190 79 82 81
387 732 42 99 60
387 304 34 90 74
464 286 20 98 27
464 653 80 94 94
464 462 17 54 37
307 224 80 99 86
406 364 87 99 91
406 1 81 87 82
544 719 20 35 30
544 695 71 90 71
544 522 41 52 45
544 572 58 60 60
313 611 92 94 93
313 237 47 71 62
611 139 72 83 72
611 314 58 70 60
611 331 39 97 78
611 57 46 59 58
611 596 44 59 52
611 224 42 70 47
679 93 45 72 51
316 22 59 84 71
316 528 89 94 92
316 161 47 48 48
316 0 80 94 93
316 598 75 96 76
317 6 93 95 93
317 143 44 97 93
319 535 64 83 78
319 163 26 72 56
319 274 67 86 78
319 684 79 99 85
319 138 34 90 65
319 248 38 39 38
684 410 50 85 60
684 733 75 88 88
462 265 50 95 80
462 150 88 91 89
534 479 90 95 95
534 125 91 93 91
323 447 20 69 23
324 726 53 88 53
324 713 88 90 89
324 426 85 96 91
324 156 62 90 86
324 622 91 95 94
324 250 64 88 79
726 265 13 74 72
345 109 95 96 95
345 476 87 100 96
345 706 92 96 95
676 417 18 84 70
676 65 53 72 54
676 384 48 67 60
507 120 41 68 59
334 417 16 22 22
334 461 46 70 58
334 101 93 97 97
417 240 93 100 100
417 681 15 100 56
617 591 28 45 40
617 389 58 90 67
617 18 26 76 30
472 454 16 78 32
472 286 71 77 75
338 23 72 94 94
338 488 42 78 78
488 707 85 90 89
488 18 75 99 79
488 185 74 89 82
614 332 13 23 13
614 659 33 53 36
614 247 90 93 91
343 230 60 78 64
343 510 63 72 66
343 401 34 75 65
343 248 41 60 52
343 191 59 86 68
343 383 50 84 58
343 453 22 32 31
343 732 47 50 48
343 347 93 98 98
343 217 39 74 57
510 624 18 86 55
732 690 50 61 57
344 89 45 69 54
476 397 94 97 94
346 24 29 45 34
354 575 52 94 56
356 6 18 40 35
356 351 50 61 61
349 278 17 73 49
349 287 64 94 71
603 219 66 70 67
716 632 17 83 58
716 573 48 59 55
716 527 68 84 79
366 672 78 86 79
366 356 52 91 59
456 345 15 69 62
456 594 53 65 54
353 730 55 71 63
353 263 26 82 79
575 170 43 87 61
575 333 82 85 82
463 555 26 90 81
455 504 13 48 19
455 701 73 83 80
620 61 11 17 11
620 643 73 95 81
359 128 67 91 85
359 177 10 43 18
359 600 68 69 68
359 274 84 88 85
362 2 36 89 68
362 22 53 82 57
362 171 66 75 72
449 112 95 96 96
449 7 81 94 86
449 604 55 99 68
672 350 61 63 62
672 307 63 96 81
672 108 54 59 55
368 617 48 63 51
368 608 75 97 80
368 201 36 84 40
608 249 70 96 84
608 295 60 63 63
722 629 13 81 63
722 54 40 69 64
722 606 81 88 85
722 452 74 78 74
722 181 90 91 90
722 37 64 67 67
420 584 14 99 45
420 248 17 90 22
420 253 78 79 79
420 488 64 88 82
420 595 10 50 23
379 307 64 79 77
379 283 31 82 63
379 186 23 26 25
379 700 86 90 86
379 268 86 95 90
654 677 91 92 92
438 125 13 63 25
438 451 35 95 47
382 607 73 93 77
388 87 27 34 33
388 1 85 94 93
389 210 36 50 36
390 383 20 47 45
390 88 47 49 48
391 714 88 95 88
391 356 94 96 96
392 247 57 73 60
392 59 44 73 69
392 555 34 37 37
392 241 40 77 64
392 231 42 91 55
392 541 62 83 80
555 588 81 84 83
555 710 23 32 30
591 560 70 96 80
475 28 41 44 44
400 29 76 90 85
400 265 19 63 26
400 132 17 35 33
400 272 73 93 79
443 554 44 72 60
443 464 20 81 62
443 415 72 96 86
443 355 78 89 79
443 701 18 92 68
678 369 22 38 24
549 169 66 100 76
410 560 30 93 57
410 569 59 90 71
411 436 16 77 42
411 423 57 66 59
411 651 47 76 70
411 141 66 79 75
411 48 52 64 64
414 242 77 96 77
414 108 15 55 21
416 185 36 76 60
419 661 13 67 31
419 156 11 22 17
419 535 42 49 49
419 154 52 98 88
661 197 90 95 95
696 345 27 94 87
444 709 53 95 75
444 400 33 46 35
721 667 27 64 51
721 442 66 79 79
724 609 35 49 48
724 649 66 94 81
724 647 92 94 92
429 474 35 83 48
474 468 18 57 21
474 428 48 95 71
474 200 58 83 63
474 287 26 86 81
474 83 91 96 93
433 262 73 86 75
433 242 49 74 49
437 64 62 96 89
441 391 44 99 63
441 595 78 93 82
441 99 70 87 74
441 548 79 84 80
698 456 63 76 76
698 638 14 100 32
698 643 44 55 50
698 437 50 73 66
547 107 74 77 74
547 106 26 94 57
547 673 18 27 24
547 522 52 98 80
624 516 21 43 31
624 53 81 87 84
624 34 55 86 57
594 590 46 56 54
594 336 74 93 93
594 702 55 91 80
565 383 72 77 74
565 717 32 71 39
458 598 51 59 53
458 615 65 99 84
458 196 68 95 91
458 681 56 57 56
650 245 26 41 40
650 288 45 91 74
705 526 17 88 37
705 283 72 83 74
470 582 33 66 59
470 462 70 71 71
470 661 76 80 76
470 564 86 95 87
564 86 19 57 35
625 322 48 70 66
625 709 45 77 48
625 462 34 90 44
625 106 72 78 75
473 463 33 87 70
480 123 50 65 63
480 1 15 83 36
480 592 94 100 100
482 155 38 82 47
482 233 17 82 78
482 249 27 64 57
482 6 88 89 89
483 80 89 91 90
483 347 77 84 77
483 216 41 86 66
483 544 66 77 76
483 190 59 69 67
588 68 72 100 100
588 540 27 60 57
588 192 15 87 22
518 587 57 90 72
491 604 36 72 62
491 695 78 80 80
491 615 69 81 79
491 104 48 72 59
495 259 92 93 93
495 95 60 98 98
495 556 21 80 35
495 386 82 100 82
495 627 43 88 45
495 339 12 81 71
501 240 27 37 28
501 317 39 71 68
501 668 76 82 76
508 437 66 99 87
508 722 93 97 97
508 78 90 91 90
508 635 52 76 70
715 542 79 88 80
715 681 41 70 41
715 157 66 89 84
525 677 79 96 82
525 373 77 99 83
525 583 62 79 62
525 424 63 89 75
621 706 76 80 76
621 589 23 53 45
621 582 68 78 69
673 588 59 65 63
673 304 16 46 19
673 207 49 93 68
673 253 64 87 74
673 432 40 96 60
550 358 53 79 62
550 13 83 93 90
550 632 15 45 44
550 348 57 93 57
559 99 49 87 67
559 48 65 77 71
559 556 48 79 70
710 268 23 25 23
710 17 60 73 60
710 515 85 93 85
557 597 68 81 69
557 343 17 44 27
558 376 70 77 73
558 575 68 69 69
558 526 41 81 65
562 720 30 70 61
562 425 10 60 60
562 483 67 98 73
576 57 20 44 30
576 158 68 85 75
576 214 10 66 37
577 477 57 99 72
577 155 81 96 81
580 273 95 97 97
580 185 27 67 29
586 611 51 68 68
586 118 80 99 99
586 61 47 90 56
593 106 50 68 52
593 342 78 81 80
593 203 71 75 72
593 262 47 48 47
599 42 38 64 51
599 362 93 97 94
599 225 66 90 86
660 549 84 95 95
606 422 31 77 50
606 34 21 68 54
606 168 71 85 73
606 373 53 80 76
612 456 88 100 96
612 435 49 76 57
616 437 25 96 76
616 394 80 97 89
616 215 64 67 66
616 415 16 71 29
616 334 27 60 48
629 434 72 98 80
629 266 21 52 48
633 664 75 89 84
633 718 24 47 32
633 619 19 31 29
633 620 78 82 82
664 471 18 44 19
664 527 92 94 92
641 99 23 48 47
641 465 69 82 76
641 199 14 60 17
644 631 10 59 25
644 719 13 72 54
644 667 58 69 63
645 54 67 81 69
645 432 90 95 94
645 538 95 100 98
645 443 63 98 74
645 537 40 46 44
645 117 86 100 91
645 340 13 43 41
655 79 39 65 43
655 593 53 92 59
655 337 49 55 53
656 530 38 74 40
656 632 17 55 44
675 669 13 58 56
693 570 27 54 27
693 383 41 55 52
711 693 22 43 33
711 678 60 66 62
711 491 82 91 87
0 733
