94 339
0 87 21 24 23
0 46 60 94 90
0 72 24 100 74
87 67 33 43 33
87 84 54 99 68
87 24 56 71 67
87 31 86 94 94
87 68 12 45 13
87 39 91 96 95
87 50 73 97 90
46 56 84 93 93
46 36 78 92 79
72 79 75 86 81
72 84 48 88 58
72 88 93 100 96
1 59 38 75 42
1 68 64 94 89
1 18 41 89 42
1 49 60 96 84
1 64 18 22 22
59 16 95 98 97
59 24 26 46 42
59 6 93 95 93
68 48 52 91 75
18 74 83 92 92
18 22 95 98 98
18 35 45 72 62
18 7 52 55 53
49 35 18 43 20
49 79 51 88 77
64 4 95 97 95
64 2 26 97 94
64 67 69 87 79
2 93 56 87 68
2 62 46 76 76
93 64 12 42 31
93 18 28 70 29
62 20 17 23 23
62 34 36 54 47
62 85 19 21 21
62 61 57 60 57
3 1 44 88 71
3 84 26 29 28
84 48 24 67 52
84 69 25 38 36
84 14 79 98 97
84 57 54 58 54
84 81 35 81 51
4 46 33 65 63
4 73 31 99 57
4 45 57 97 82
4 34 10 71 67
4 41 43 81 61
4 9 95 99 95
4 59 47 73 55
4 30 39 45 43
73 65 45 98 60
73 15 73 98 96
73 76 56 96 64
73 92 95 98 96
73 24 91 99 98
73 46 79 88 80
45 70 53 61 59
34 36 56 94 83
34 80 26 89 77
34 31 87 91 87
41 83 34 53 45
41 31 12 53 42
9 41 51 97 94
9 27 76 83 76
9 47 77 89 81
9 48 89 92 90
9 71 63 65 63
30 88 26 63 42
30 33 34 38 37
30 37 92 97 97
30 82 48 67 66
5 74 59 79 70
5 62 83 93 83
5 34 89 91 89
74 66 67 74 68
74 4 39 85 66
74 3 18 28 24
6 62 42 74 64
6 30 28 57 46
6 49 36 43 37
6 7 21 72 69
6 90 42 72 44
6 23 55 96 70
7 36 38 86 49
7 3 44 87 46
7 15 72 97 84
90 84 15 54 23
90 70 30 84 76
23 24 27 30 28
23 10 88 93 88
36 90 68 89 80
36 45 85 93 92
36 23 74 99 83
36 74 87 92 92
36 89 92 93 92
15 77 93 95 95
15 87 13 18 14
15 0 12 24 14
15 33 53 58 53
15 46 64 74 69
8 81 39 69 53
8 89 31 99 79
8 2 15 69 58
8 65 62 92 73
8 60 25 43 38
8 0 21 86 49
8 42 67 85 79
81 69 21 29 24
81 38 86 93 87
89 79 54 90 63
89 45 53 100 87
89 32 24 91 64
89 41 27 45 29
89 3 83 84 83
65 76 25 53 30
65 71 48 95 56
60 56 65 74 66
60 66 74 77 77
60 24 30 63 63
42 49 21 29 23
42 86 35 88 64
27 90 50 53 51
27 64 64 97 71
48 84 54 72 54
48 93 82 85 84
48 77 86 91 87
48 46 91 95 93
48 19 25 74 41
48 66 30 63 37
71 91 54 81 77
71 46 15 99 39
10 15 94 95 95
10 32 86 87 86
10 38 27 41 41
10 23 23 82 23
10 25 60 69 69
32 74 77 84 84
32 11 67 100 78
38 2 76 98 91
38 18 43 75 68
38 42 18 48 44
38 57 74 98 75
38 47 22 98 56
38 14 91 99 95
25 58 22 43 43
11 21 15 99 77
21 78 26 79 55
21 15 24 89 29
12 34 15 22 15
12 14 16 50 43
12 45 93 99 99
14 67 81 93 84
14 60 66 99 98
14 25 90 94 90
13 2 95 100 96
13 32 88 99 89
13 19 43 57 53
13 5 40 97 95
13 43 39 49 44
19 33 91 97 94
19 23 74 86 82
19 62 79 92 84
43 4 16 62 16
43 57 81 99 93
67 62 49 81 79
67 26 20 28 23
67 53 88 98 92
67 13 40 96 88
77 47 34 44 36
77 26 70 86 80
77 45 24 32 24
33 90 87 99 88
33 82 91 96 96
33 58 18 84 43
33 22 65 82 70
33 31 84 94 91
16 87 87 91 89
16 83 33 50 42
16 88 35 66 65
16 55 66 80 77
16 23 68 96 74
83 52 19 40 21
83 11 11 18 14
83 78 22 91 27
83 53 69 100 80
88 30 84 94 84
88 15 83 99 93
88 31 75 90 85
88 87 57 61 58
55 87 16 23 23
55 5 24 65 27
55 44 60 81 67
55 20 26 29 28
55 49 90 100 94
17 46 48 87 52
17 42 71 92 92
17 90 71 82 79
22 55 17 90 79
22 76 37 51 49
22 43 83 87 87
22 74 80 100 87
22 19 16 46 43
22 50 21 37 36
22 9 46 81 54
35 20 80 89 89
35 63 19 24 19
35 85 28 53 34
20 43 14 68 25
20 65 20 96 92
20 46 41 47 41
20 38 85 98 91
20 18 38 70 69
20 66 82 96 91
20 0 69 89 72
20 10 64 83 64
66 21 90 99 95
66 33 90 96 92
66 67 76 79 77
66 7 79 80 79
78 66 25 68 46
78 73 74 96 89
78 75 77 100 93
78 35 21 88 36
76 11 74 100 88
76 32 47 66 52
76 69 58 70 59
50 64 28 62 40
50 63 77 79 79
24 26 80 95 87
24 75 66 70 68
24 93 19 100 81
26 72 76 82 79
26 55 14 76 41
26 37 72 74 72
26 17 47 59 49
26 87 14 60 51
75 31 85 93 91
75 66 92 94 94
75 60 54 77 66
75 59 72 97 93
75 3 20 50 33
58 5 69 70 69
58 78 43 83 83
58 89 32 50 45
58 4 80 95 92
58 40 71 74 74
37 35 91 95 93
37 20 85 98 87
37 16 91 98 96
28 2 91 96 96
28 30 39 89 54
28 34 56 78 66
28 29 45 51 50
29 91 50 80 63
29 11 15 32 25
91 19 52 83 65
91 57 38 68 44
91 39 87 92 88
91 50 30 47 44
91 61 54 85 84
91 65 69 79 75
82 43 71 99 89
82 29 65 72 66
31 54 83 94 94
31 52 62 91 87
31 30 59 75 72
31 1 73 96 92
31 43 76 78 77
54 89 86 91 89
54 61 78 99 89
54 17 12 55 27
54 2 24 46 34
54 85 82 83 82
52 83 46 67 47
52 88 45 71 59
52 17 64 70 70
52 59 41 79 46
80 23 30 60 32
80 29 55 57 56
80 47 19 42 19
80 20 30 76 34
80 69 22 28 26
63 90 89 90 89
63 52 36 48 36
63 18 24 38 29
85 72 78 89 87
85 17 50 96 53
85 21 94 95 94
57 2 71 75 74
57 53 51 59 58
57 48 80 88 80
57 30 72 98 80
57 24 36 55 44
57 15 21 43 40
57 35 57 100 75
39 29 41 93 69
39 3 35 53 40
39 46 80 91 83
40 39 93 98 95
40 28 60 100 71
86 32 55 75 60
86 45 79 90 84
86 64 56 97 60
44 19 14 94 51
44 56 55 85 65
44 82 52 61 59
44 5 74 77 74
56 93 66 82 74
56 21 77 97 85
56 80 69 90 76
56 27 87 90 90
70 79 45 55 47
70 1 50 55 55
79 8 75 95 79
79 20 88 91 90
79 37 91 92 91
79 42 57 72 63
51 2 20 44 23
51 54 51 56 55
51 90 65 74 68
53 7 78 92 86
53 54 40 42 42
53 70 80 87 80
53 25 31 75 39
53 41 33 37 35
61 3 56 97 73
61 81 69 93 87
61 93 15 52 15
69 82 78 82 79
92 56 79 99 80
92 47 24 38 38
92 62 37 98 90
92 70 14 25 16
0 93
