93 149
0 1 88 100 92
1 61 79 99 94
1 59 17 92 41
1 16 18 67 58
1 21 17 34 27
61 35 49 64 53
61 52 41 91 48
61 77 93 95 94
59 32 74 83 79
21 42 89 91 90
21 30 54 93 59
3 77 73 93 81
77 51 11 88 23
77 7 31 73 36
4 28 16 100 96
28 19 55 92 84
5 86 66 71 68
5 51 20 78 38
5 27 45 58 52
5 39 84 100 96
5 46 31 53 41
86 45 11 23 14
86 48 68 73 70
86 91 78 91 82
86 30 16 83 43
27 36 23 68 63
27 4 89 98 90
39 25 52 90 74
39 32 75 88 80
46 53 51 76 70
46 51 59 97 61
6 32 41 51 43
32 16 14 26 19
32 31 29 97 62
7 36 37 98 88
7 5 69 93 77
7 31 47 70 47
36 3 24 94 33
36 17 35 53 38
36 90 47 49 49
36 19 32 52 41
36 26 95 96 96
31 25 60 64 63
31 43 36 66 65
8 27 65 83 67
8 60 95 99 96
60 17 21 58 36
9 73 64 80 68
73 8 72 74 73
73 3 95 98 97
10 44 41 87 66
10 91 36 81 75
44 83 21 34 24
44 60 42 86 73
91 30 24 49 25
91 7 78 87 87
11 31 84 86 86
13 66 53 58 54
13 73 68 70 70
13 75 11 91 65
66 47 35 92 83
75 41 75 92 85
75 3 54 95 68
18 64 52 98 69
64 32 15 100 33
19 8 69 99 94
20 43 24 94 56
43 42 82 96 93
43 10 34 43 36
43 78 10 95 57
42 2 57 63 63
42 86 40 90 83
30 15 16 22 16
22 32 80 89 82
22 25 69 89 76
22 83 84 97 96
83 11 47 66 54
83 71 11 42 27
23 25 37 91 74
24 28 37 98 74
24 68 73 74 73
24 51 34 66 45
68 54 32 68 38
68 20 46 66 62
26 91 22 57 35
26 84 84 87 87
84 27 49 63 56
84 4 25 67 27
29 75 55 72 72
29 88 63 87 66
33 56 15 91 44
33 23 55 61 56
33 36 83 91 83
56 63 63 65 65
34 17 20 81 81
35 92 42 48 42
35 83 28 89 83
35 50 41 47 47
90 22 84 88 85
90 0 33 67 40
37 45 63 93 71
37 52 27 67 29
37 46 80 83 83
45 30 74 79 74
45 77 16 65 52
45 14 61 83 64
45 28 20 71 48
52 61 11 69 45
52 18 82 86 85
52 88 84 92 90
38 11 78 89 89
41 87 50 96 54
87 12 67 98 94
87 37 81 94 91
78 21 41 75 66
78 62 49 60 49
78 50 87 97 94
78 42 41 57 50
78 54 48 69 50
53 71 88 94 91
49 38 81 92 91
71 55 31 49 42
71 60 91 92 92
54 79 22 63 62
54 73 24 60 42
57 62 14 73 46
57 64 42 57 43
57 55 56 97 63
57 0 88 100 97
57 60 25 64 56
62 72 72 92 86
62 61 49 77 70
62 77 87 91 87
62 43 33 44 42
72 41 21 22 22
67 71 82 94 84
69 15 23 84 84
69 71 35 98 62
70 54 78 80 80
74 19 60 80 80
76 1 10 99 15
76 10 69 98 85
80 20 88 100 95
80 58 12 34 16
80 9 59 76 72
80 28 28 92 45
80 89 36 97 48
81 56 25 44 41
82 20 83 89 88
0 92
