36 78
0 8 83 86 85
0 9 74 87 78
8 11 71 92 75
8 32 64 90 68
8 27 87 95 88
9 29 54 63 63
9 35 93 97 97
9 8 26 78 43
9 14 40 78 60
1 11 47 54 52
1 33 29 67 36
1 29 15 56 29
1 2 69 81 77
11 22 24 31 24
11 4 23 59 28
33 21 22 98 93
33 14 36 58 50
29 33 40 87 50
29 2 35 100 96
2 29 30 48 39
2 20 27 76 74
3 34 15 25 19
3 22 54 58 56
34 21 21 60 32
22 35 87 96 89
22 27 37 61 53
4 16 41 52 50
4 22 62 66 62
5 29 81 93 93
5 22 60 61 60
5 30 37 88 48
5 3 23 61 56
30 4 36 91 53
30 20 78 84 81
30 6 34 51 43
6 21 53 89 75
21 27 38 79 42
7 10 23 92 73
7 2 64 67 66
7 16 30 71 58
10 13 84 93 92
10 19 71 94 75
32 17 23 87 34
32 13 12 83 51
32 0 92 99 94
32 9 70 88 74
27 3 68 92 82
27 6 93 98 98
27 12 71 82 79
27 18 44 99 44
35 15 13 93 19
35 20 78 98 85
35 11 89 98 94
14 24 50 74 53
13 35 12 62 29
13 2 89 90 89
19 9 78 94 88
19 31 21 66 22
12 19 61 98 75
12 5 86 97 94
24 19 82 93 88
24 9 51 86 86
24 20 84 97 88
15 26 11 85 80
26 30 83 91 89
26 7 18 35 27
26 14 74 79 77
17 30 66 90 79
17 27 51 77 59
18 31 43 84 47
31 11 75 87 80
23 33 13 23 23
23 15 17 43 20
25 27 23 39 25
25 31 52 96 77
28 30 66 92 89
28 14 14 47 43
28 9 66 96 82
0 35
