69 182
0 29 83 84 84
0 28 87 93 92
29 34 62 64 62
29 0 13 84 58
29 40 57 88 59
28 39 64 77 71
28 59 38 96 73
28 42 42 86 73
1 21 65 98 76
1 24 42 92 44
21 43 90 100 100
21 18 77 87 83
21 61 15 90 77
2 38 45 57 53
2 36 93 95 93
2 32 58 83 67
38 51 84 86 84
38 40 55 72 63
38 3 23 73 52
38 43 27 51 34
38 0 20 46 31
38 44 28 73 54
36 0 79 84 83
36 29 80 81 80
36 23 30 50 44
36 11 88 98 92
36 41 90 91 91
32 8 16 91 56
32 51 11 58 50
32 57 20 39 38
32 23 33 70 53
3 15 73 94 88
3 30 41 98 86
3 4 57 67 63
3 57 28 29 28
3 22 62 68 63
15 68 35 89 62
15 66 85 98 88
15 32 24 33 31
30 54 67 94 88
30 58 28 62 46
30 46 28 79 34
4 5 86 95 86
4 68 13 42 22
4 56 86 98 88
4 50 19 56 24
57 60 13 79 44
57 53 78 85 85
22 34 30 74 52
68 60 30 98 39
68 29 11 54 25
56 5 92 100 94
56 10 20 65 45
56 63 29 76 52
50 55 40 90 73
50 31 87 88 88
50 65 56 65 59
50 49 88 96 89
6 46 45 100 72
6 7 53 90 67
6 12 87 88 88
46 55 74 100 98
46 60 66 85 68
46 63 58 59 58
7 27 83 99 84
7 45 55 72 56
7 67 52 59 56
12 5 46 98 49
12 38 23 27 25
12 42 25 72 62
27 62 26 63 63
27 17 58 59 58
27 5 27 50 44
45 33 29 30 29
45 16 94 96 95
45 43 83 100 96
67 43 63 64 63
67 12 56 68 56
67 7 91 95 93
8 36 54 56 54
8 62 64 82 70
8 6 75 100 82
8 64 62 88 73
62 9 83 97 90
62 65 80 99 80
62 37 67 71 69
64 51 62 99 80
10 24 93 95 93
10 36 19 73 48
11 68 49 93 59
42 5 12 13 12
42 1 64 74 73
42 27 92 100 95
42 14 24 48 43
13 47 43 59 55
13 9 87 89 87
47 21 89 98 94
47 30 84 90 88
47 51 20 67 22
14 43 87 94 87
14 16 66 73 73
14 63 48 62 49
43 24 47 74 52
43 39 31 56 51
43 10 30 73 37
43 4 22 67 23
43 61 24 44 36
43 18 74 80 77
43 20 13 74 30
16 1 10 98 49
16 4 64 82 82
16 2 64 65 65
63 30 19 24 21
66 39 43 68 54
66 63 51 64 60
66 14 69 98 70
66 37 89 99 95
17 47 58 69 66
17 60 78 81 81
17 44 12 27 21
17 49 12 43 38
60 65 44 58 52
60 62 22 47 40
60 63 50 59 54
44 68 67 83 72
44 4 50 93 63
44 13 42 98 74
49 53 29 83 37
49 32 66 71 71
18 43 55 65 58
18 26 28 46 37
18 47 64 70 67
18 17 12 70 24
26 37 60 79 74
26 10 36 93 78
19 29 73 84 84
19 59 64 99 77
59 6 32 92 80
59 39 26 60 52
20 45 68 88 83
20 51 79 95 83
51 38 12 29 13
51 2 11 69 55
51 56 69 74 74
51 49 24 65 55
51 44 30 74 50
61 47 49 60 53
34 44 25 87 67
34 68 44 53 44
34 60 40 44 40
34 39 67 80 73
23 9 51 94 63
23 15 78 87 86
25 7 30 89 50
25 20 21 77 23
37 6 60 72 67
37 23 32 75 35
37 59 72 77 72
54 18 31 57 36
54 46 78 94 78
54 47 74 84 79
54 16 67 92 82
54 31 14 85 16
58 6 63 75 67
58 39 82 90 87
58 8 92 96 92
33 37 39 67 44
33 48 44 65 45
48 42 42 80 65
48 30 60 73 70
35 16 75 96 87
35 59 45 60 52
41 27 26 83 48
41 0 77 87 78
41 20 68 91 88
55 22 91 96 94
55 61 87 95 95
53 10 25 92 39
65 49 94 99 99
65 26 34 65 48
52 31 72 97 92
52 47 40 99 97
0 68
