420 816
0 323 94 95 94
0 105 11 35 31
0 153 75 80 79
323 65 83 100 100
323 43 79 93 83
323 62 13 29 19
323 138 94 95 94
323 233 89 99 97
105 89 11 80 23
105 127 60 75 65
153 14 88 89 89
1 344 37 78 48
1 383 42 62 50
344 185 26 57 28
344 377 65 76 74
344 368 87 94 87
383 264 85 86 85
383 301 43 67 57
3 1 26 77 67
4 9 44 72 71
7 308 23 64 45
7 236 23 83 40
308 136 22 34 24
308 248 83 99 93
236 73 93 100 94
236 238 84 91 87
8 312 73 77 76
8 388 20 83 65
312 5 43 90 74
312 353 91 93 93
13 130 69 90 71
13 72 53 75 58
13 163 58 92 89
13 180 30 53 51
130 383 14 59 41
130 33 72 99 93
72 390 75 87 84
72 367 70 80 74
180 42 36 70 70
180 367 58 59 59
180 2 65 98 71
14 167 33 39 37
14 175 52 69 52
167 35 83 88 88
167 129 33 65 46
167 60 87 93 88
167 136 19 36 32
175 27 87 95 89
175 275 58 77 59
175 242 49 71 49
15 402 34 46 39
402 84 52 90 70
402 116 22 80 76
16 136 25 72 52
16 327 40 62 44
16 279 68 84 73
16 153 14 30 18
16 411 91 100 91
136 356 89 90 90
136 335 17 59 19
136 91 16 26 21
279 67 51 90 53
279 141 49 94 60
411 44 40 88 72
411 102 89 96 92
17 28 59 64 63
17 262 19 55 40
28 341 60 96 90
28 287 63 69 68
262 341 49 74 56
262 70 32 40 33
262 37 63 80 71
262 382 71 74 73
262 66 54 94 86
18 323 14 95 94
19 65 19 22 21
19 122 16 35 32
65 216 85 89 86
65 76 28 84 78
65 323 60 74 68
65 10 84 87 84
122 220 61 89 67
122 225 52 55 54
21 138 72 81 76
21 306 66 95 83
138 47 91 95 91
138 315 30 31 30
306 115 69 95 95
22 259 58 63 61
22 76 24 65 48
259 62 91 93 91
259 70 40 57 47
259 251 30 77 33
76 143 54 56 55
76 408 91 93 93
23 72 35 83 40
23 414 44 81 46
24 283 76 82 80
24 401 10 19 10
283 219 87 98 95
283 203 62 82 79
283 69 81 93 90
283 47 78 89 88
401 276 53 69 53
401 405 66 83 81
25 321 94 100 95
25 56 28 31 28
25 360 86 98 98
321 96 49 58 58
321 276 58 76 71
321 410 92 95 94
56 54 49 86 77
56 266 85 98 91
360 61 59 94 81
26 344 12 21 12
26 149 17 84 64
26 163 63 90 69
26 345 20 80 25
149 330 32 56 36
149 190 85 92 86
149 301 57 61 61
345 414 53 69 53
27 182 43 80 45
27 240 51 62 53
341 359 16 23 17
341 185 11 100 42
341 332 58 99 83
341 88 95 97 97
287 193 55 72 70
287 93 89 98 90
287 256 74 88 77
29 104 79 98 83
104 228 14 44 16
104 269 14 26 15
104 36 90 92 92
31 205 21 73 71
31 41 47 96 66
33 263 11 19 19
33 400 40 85 71
263 2 92 93 93
263 276 29 46 36
400 49 34 67 48
400 301 36 86 48
34 60 17 84 70
34 32 86 90 87
60 56 34 69 44
60 299 85 97 87
60 276 90 92 90
60 55 12 15 15
60 406 84 88 84
60 359 25 58 34
60 347 13 56 45
36 164 87 97 92
36 91 91 96 96
164 283 70 84 83
91 415 24 53 50
91 241 12 89 81
91 172 86 88 88
37 409 27 72 39
409 127 89 97 89
409 20 94 99 97
409 41 62 78 77
38 187 90 100 91
38 243 76 100 89
187 297 57 98 80
243 242 88 89 89
39 381 69 90 70
39 265 84 87 86
39 170 23 24 23
39 70 58 91 88
265 334 88 93 90
265 240 53 60 59
170 51 60 66 63
70 261 31 92 40
70 59 48 75 75
40 100 35 96 45
40 358 44 51 51
100 369 72 90 75
100 301 73 91 90
100 345 67 86 74
100 288 90 93 91
100 335 57 85 59
358 88 31 78 36
42 336 79 89 85
336 105 16 67 54
336 186 79 81 81
336 22 71 86 78
43 373 32 44 39
43 76 64 86 79
373 216 17 56 32
373 235 79 85 82
373 4 24 27 27
373 156 17 74 35
44 183 11 61 61
183 247 53 79 64
183 279 64 95 73
183 398 36 49 45
45 255 87 99 89
46 97 79 96 95
47 28 19 100 47
47 346 45 60 52
346 316 90 99 94
48 55 18 98 79
48 408 84 100 95
48 289 20 25 25
48 202 55 56 55
48 407 50 100 78
48 192 43 49 43
48 291 26 33 27
48 333 13 85 32
55 363 66 97 77
55 240 35 57 37
55 335 59 66 65
55 213 27 60 55
55 60 35 71 61
55 194 39 58 48
408 305 53 89 76
289 121 12 53 35
202 279 75 89 88
407 88 54 92 84
407 76 70 90 82
192 169 16 100 72
192 225 40 54 49
192 139 79 92 86
192 212 81 88 85
291 80 93 98 94
291 332 42 95 54
333 87 44 91 46
49 281 88 95 93
49 226 35 57 43
281 245 39 88 45
281 259 67 76 74
226 276 55 82 67
226 48 22 41 34
52 70 89 97 90
52 134 44 53 51
134 123 22 72 40
134 129 52 80 77
134 200 63 99 73
53 376 22 65 31
53 131 80 88 84
376 192 73 97 93
131 379 18 61 24
131 230 84 99 84
131 362 90 98 95
131 205 53 83 75
54 226 64 75 72
54 31 22 96 35
363 218 31 88 74
363 189 51 88 54
363 410 66 77 77
363 407 48 74 68
335 330 40 49 44
335 378 31 65 59
213 13 26 89 66
213 111 25 78 32
213 219 76 100 87
194 287 81 98 86
266 334 33 52 39
266 29 42 43 43
266 274 19 90 71
57 106 54 79 70
57 26 84 90 89
58 91 78 80 79
299 407 61 76 72
299 141 61 75 62
299 385 81 95 84
276 75 94 100 94
276 403 13 38 36
276 386 79 88 80
276 258 26 46 35
276 21 78 86 80
406 366 29 32 30
406 309 41 76 50
406 58 33 44 41
406 0 30 81 48
359 133 75 78 78
359 301 51 94 51
359 245 36 60 58
359 19 39 57 52
359 260 59 93 85
359 121 76 97 81
347 256 81 94 86
347 333 67 72 72
61 53 17 71 21
62 100 12 51 16
62 330 56 100 73
62 380 50 97 54
62 349 94 96 95
349 323 45 80 59
349 201 83 86 85
349 298 13 96 87
349 401 50 54 53
349 135 12 73 47
63 418 19 66 19
63 380 52 57 57
63 316 33 55 45
316 324 87 92 89
316 145 62 73 68
316 36 60 69 68
316 389 67 97 85
316 78 33 62 45
64 416 32 68 39
216 419 84 88 85
67 114 86 99 95
67 117 68 91 83
67 240 45 55 48
114 69 12 32 16
114 212 68 73 71
114 149 38 90 62
117 180 82 94 84
117 123 28 95 64
117 60 24 100 75
69 322 42 83 74
322 166 61 91 90
261 38 50 61 58
71 110 34 89 58
71 301 54 97 75
110 239 43 54 44
301 331 62 89 72
301 62 23 55 28
301 124 64 66 65
390 335 77 80 77
390 218 58 69 66
73 274 12 84 78
73 411 63 83 74
73 252 56 62 59
252 147 29 44 41
252 178 48 90 81
252 331 59 88 81
74 269 32 73 58
269 244 69 74 70
269 382 34 44 38
75 307 91 100 99
307 323 39 42 41
307 200 80 94 86
77 257 16 54 26
77 184 80 99 82
77 276 85 95 89
77 151 18 57 50
257 416 79 84 81
151 351 19 50 44
78 326 87 90 89
326 399 61 89 68
79 333 54 74 71
79 35 30 93 65
79 323 16 92 49
80 55 95 100 96
80 77 59 91 70
80 286 83 92 84
80 262 82 86 84
286 352 37 40 40
81 112 92 93 92
82 72 14 36 15
82 358 47 54 52
83 71 22 67 66
84 300 76 93 88
85 278 33 92 57
85 291 52 97 90
85 201 88 99 92
85 124 19 49 46
278 380 19 66 34
278 122 28 38 34
278 205 32 33 32
201 320 53 66 55
201 373 46 86 61
124 217 34 60 42
86 239 73 96 93
86 296 51 78 55
86 407 56 61 60
239 257 69 70 69
239 117 65 83 77
239 293 60 91 83
296 140 49 100 69
296 13 57 64 58
296 256 17 34 30
296 130 20 55 43
87 323 50 71 57
88 208 31 51 31
88 154 27 99 60
88 42 52 84 67
208 195 72 78 74
208 314 68 76 75
208 88 32 74 63
208 393 31 80 65
154 124 75 94 76
89 119 10 59 13
119 241 47 51 50
90 294 53 88 78
90 78 83 84 84
90 20 37 71 47
294 412 52 65 63
294 333 61 98 87
415 390 27 44 29
415 162 51 59 51
415 185 17 55 49
241 258 31 52 51
172 34 25 43 43
92 79 27 60 42
94 188 28 60 28
94 218 60 96 94
94 217 92 99 92
188 158 61 97 80
188 168 91 96 91
188 32 35 65 45
218 300 52 55 54
218 245 88 92 90
217 401 77 87 77
95 244 72 80 77
95 137 50 90 53
95 214 27 57 41
95 406 21 63 48
244 339 22 51 43
244 112 71 72 72
244 87 82 91 91
244 32 41 81 52
137 413 74 97 95
137 282 52 96 85
137 356 24 77 25
137 141 25 37 25
137 246 90 97 97
96 268 77 83 83
96 291 57 62 59
98 155 41 81 65
155 360 44 89 66
155 403 59 90 81
369 262 89 97 90
288 418 78 79 79
288 81 88 93 93
101 375 90 96 96
101 127 28 55 34
375 318 77 83 77
375 94 40 53 42
127 206 92 99 95
102 114 23 73 25
102 19 12 39 22
103 345 78 97 84
228 177 62 67 64
228 368 10 42 39
228 176 89 90 89
107 327 35 42 40
107 105 34 36 36
109 350 46 68 49
350 267 87 97 94
350 307 93 96 93
111 308 66 67 66
113 352 26 84 44
113 341 31 70 31
113 240 48 71 54
113 84 60 66 62
113 407 71 88 71
352 238 23 24 24
352 199 23 45 39
212 256 16 38 32
212 21 82 90 85
115 198 16 72 49
115 91 36 98 66
198 337 35 52 41
198 74 34 64 56
198 251 78 88 81
116 148 50 91 52
116 362 36 64 64
148 133 34 42 37
148 370 14 87 31
148 235 31 32 31
362 348 58 75 59
362 327 54 66 54
123 271 16 86 67
123 248 19 75 65
118 247 85 88 88
118 284 13 18 15
247 406 20 73 34
284 278 19 46 25
284 378 37 84 71
120 393 13 44 20
120 403 87 100 91
120 77 11 99 52
393 318 64 84 78
403 377 11 65 16
403 173 80 90 81
403 73 73 88 74
403 282 52 84 63
403 268 62 63 62
403 85 23 96 86
121 303 55 83 75
303 124 94 97 94
220 415 19 50 33
220 277 66 82 81
225 226 42 54 49
225 389 22 94 85
225 37 18 30 20
271 35 77 84 82
271 130 53 68 55
271 410 77 84 84
271 43 80 83 82
125 323 77 97 89
125 246 85 89 85
125 151 81 91 91
246 303 23 89 27
126 117 47 64 50
126 326 51 77 71
206 361 34 56 53
128 146 81 87 85
128 143 17 44 44
128 288 85 99 89
146 34 71 77 72
146 164 95 97 96
129 158 73 87 86
129 113 38 42 38
158 183 65 95 70
158 151 90 98 91
158 170 92 96 96
158 167 76 89 81
379 84 25 35 33
230 322 30 72 44
230 398 87 90 89
230 378 67 78 69
230 224 67 88 77
230 100 83 95 92
132 281 65 96 68
132 0 26 82 65
133 337 40 99 44
133 228 92 97 93
337 142 80 81 80
337 259 11 98 58
200 315 89 98 93
135 163 89 94 90
135 225 72 96 81
135 209 48 64 54
135 187 30 56 47
209 223 93 99 97
209 305 30 95 38
209 112 80 92 84
356 51 94 100 97
356 211 45 76 58
356 145 67 77 72
413 341 93 99 93
282 160 89 95 95
141 407 61 69 62
141 383 21 31 31
141 9 13 87 29
141 26 45 92 78
141 175 28 57 50
315 22 20 62 43
139 76 21 79 27
139 232 75 84 80
139 275 39 55 46
139 55 75 98 98
139 246 84 88 87
232 296 35 41 36
275 230 64 78 77
275 191 89 98 92
140 275 38 57 47
140 365 73 89 89
365 194 83 84 84
142 217 58 82 72
142 111 66 96 74
142 385 75 96 82
142 402 21 97 65
144 344 33 49 42
145 292 85 96 88
145 386 11 47 45
292 132 81 100 88
292 161 27 44 37
386 237 67 68 67
386 261 37 41 37
386 245 40 53 48
147 187 58 70 65
147 73 48 68 52
235 117 90 91 91
235 310 68 87 71
235 385 12 24 12
190 104 69 99 83
190 202 86 96 86
190 409 74 83 80
150 340 43 57 47
150 7 94 99 96
150 54 11 88 50
340 11 12 40 32
340 331 11 22 22
340 344 86 96 86
351 236 65 93 72
152 331 48 92 54
152 52 92 93 93
331 95 64 89 64
156 326 62 78 73
156 168 56 63 63
168 382 36 53 52
168 247 30 88 77
157 394 31 95 81
157 326 50 96 56
157 170 14 22 22
157 207 41 100 96
394 322 35 36 36
394 294 73 80 73
159 172 73 95 73
159 356 71 76 73
159 42 13 72 63
162 405 16 40 29
162 241 70 87 76
162 307 51 63 52
165 47 95 100 99
165 48 46 55 52
171 132 67 76 76
171 65 11 60 19
171 211 77 92 83
211 244 86 88 88
211 203 30 57 40
173 220 28 87 85
174 291 30 66 31
242 23 56 70 65
242 331 30 75 38
242 118 60 86 72
176 349 11 35 23
176 281 29 50 44
176 140 87 95 89
176 234 12 18 16
234 282 57 66 60
234 284 22 33 23
177 292 86 95 94
177 27 38 56 54
177 121 34 81 45
177 287 72 83 80
178 75 68 78 76
178 118 39 40 40
179 357 70 98 76
398 26 69 73 71
185 215 49 64 53
185 10 47 73 54
185 174 81 92 83
185 402 12 37 21
215 359 20 32 28
215 300 83 96 84
215 155 87 91 90
215 19 26 60 53
186 326 53 69 62
186 341 54 74 59
186 322 20 63 45
186 197 48 56 49
197 253 61 94 85
197 76 16 86 80
197 325 75 78 75
297 53 87 94 88
189 78 75 92 86
189 248 83 88 85
189 158 89 96 90
191 184 14 67 49
191 401 88 93 91
191 321 23 53 24
191 181 19 48 27
191 217 48 72 48
193 244 68 81 78
193 323 65 97 86
193 326 85 95 88
193 374 33 77 48
195 28 87 99 96
196 46 85 94 91
253 247 56 80 57
325 206 16 91 22
325 141 80 86 82
325 237 77 94 78
325 95 58 92 84
325 279 82 86 86
199 49 89 91 90
199 341 94 100 96
320 414 84 89 84
320 184 24 42 34
320 221 53 92 60
203 117 80 85 80
203 353 63 90 78
203 175 48 94 55
204 368 52 68 64
204 287 32 83 65
204 37 32 44 43
314 56 45 71 45
314 141 22 98 47
314 138 45 46 45
314 44 18 39 35
223 356 95 97 97
223 361 52 98 83
223 49 62 65 62
223 174 73 97 83
210 102 47 53 49
256 377 63 89 79
256 234 15 41 15
219 53 32 80 75
419 103 87 100 95
245 257 33 62 33
245 409 92 96 92
245 241 13 55 28
277 144 35 40 35
277 338 45 75 54
221 374 40 64 60
221 33 61 62 61
221 343 32 53 38
221 312 83 91 84
343 15 18 81 75
343 171 11 92 79
222 243 43 88 76
222 186 76 96 88
222 197 50 51 51
224 151 20 30 23
224 80 48 100 95
224 312 53 58 54
389 222 45 75 59
389 333 66 84 73
227 382 73 90 89
229 11 12 25 14
378 90 15 71 29
378 187 25 76 73
378 210 81 98 97
378 165 74 83 79
378 347 22 24 23
233 406 93 99 97
233 191 88 92 91
238 343 24 95 89
238 159 31 84 82
237 298 23 83 61
298 140 56 64 64
298 85 92 100 98
293 371 68 99 80
293 286 87 100 100
293 394 42 84 48
293 216 57 86 67
258 200 75 94 78
339 226 23 24 23
339 271 36 99 79
339 126 30 37 36
249 274 75 94 92
249 43 40 44 42
250 216 33 62 49
250 183 33 100 65
250 399 50 58 56
250 215 31 56 36
399 296 43 45 44
399 102 94 97 97
254 223 17 22 20
254 374 80 99 84
264 376 53 88 62
264 79 17 40 38
334 92 12 76 32
334 360 29 89 65
267 118 58 93 76
267 80 61 92 67
270 15 19 27 22
410 255 46 51 47
410 56 47 97 81
273 389 12 45 43
338 292 77 92 79
338 417 34 94 80
338 299 33 77 52
280 179 55 75 56
280 338 50 60 58
290 44 75 77 77
290 380 11 67 24
290 249 71 97 76
290 223 26 87 45
290 50 72 98 79
332 257 32 68 59
371 24 54 84 72
412 321 69 84 83
295 238 22 38 28
295 97 33 40 33
295 160 20 93 50
302 133 84 96 87
302 31 21 66 28
302 243 38 39 38
302 62 82 85 83
304 167 23 44 39
304 228 78 79 79
309 192 42 63 60
309 137 26 42 33
311 43 82 99 86
311 133 37 39 39
313 242 54 56 54
313 173 41 78 61
317 39 79 87 85
317 231 18 85 38
317 382 12 16 12
318 245 66 86 81
328 190 91 100 96
328 240 43 85 60
329 134 49 74 73
417 212 65 94 90
417 376 46 81 49
342 29 74 95 85
342 265 37 80 44
342 45 50 89 50
348 108 13 94 93
348 114 72 97 92
348 32 78 93 90
354 83 22 92 25
354 347 44 64 59
354 386 78 83 83
364 203 92 97 94
364 38 70 77 70
364 198 87 95 90
366 99 56 95 82
366 44 31 56 35
372 129 86 97 94
372 411 94 98 94
384 265 23 72 41
387 72 59 67 60
387 68 63 76 70
387 199 44 83 80
387 383 51 54 53
387 349 17 81 45
391 247 71 81 73
391 123 21 40 28
392 163 31 39 33
392 190 62 91 66
395 358 83 100 94
395 285 32 100 77
396 177 36 57 49
397 310 84 100 86
404 189 95 100 96
0 419
