352 1301
0 106 37 43 40
0 193 90 92 92
0 151 79 82 82
0 309 75 76 75
0 219 10 22 17
106 61 70 73 72
106 118 55 64 57
106 244 52 98 82
193 8 51 89 54
193 33 12 86 58
193 257 41 71 45
193 205 81 100 93
151 200 72 82 78
151 204 71 80 72
309 168 30 94 55
309 62 42 81 70
309 316 60 75 63
309 186 64 95 86
309 90 33 95 93
309 197 49 89 69
219 63 41 45 42
219 172 55 61 61
219 84 59 75 74
219 46 64 76 68
219 42 35 52 42
1 291 37 56 45
1 238 24 53 32
1 152 15 67 43
1 264 29 37 35
291 185 12 22 19
291 254 38 97 74
291 107 14 60 40
291 31 19 83 24
238 215 62 78 78
238 220 28 94 83
238 322 31 37 37
238 265 41 57 56
238 89 88 98 91
152 295 18 47 25
152 57 61 88 73
152 28 63 86 73
152 2 76 96 88
152 257 50 56 54
152 328 43 52 45
152 291 24 42 28
264 162 16 92 85
264 123 71 91 71
264 59 15 43 24
264 64 26 77 52
264 105 92 95 95
264 296 25 97 86
2 215 78 97 88
2 51 67 78 68
215 125 38 49 43
215 318 87 93 91
215 198 58 99 67
215 257 61 78 70
51 218 11 20 20
51 224 76 89 89
51 89 10 60 54
51 53 22 100 60
51 61 48 72 62
51 22 69 85 72
51 322 90 96 94
51 13 32 89 75
51 101 12 73 41
3 2 59 85 79
3 258 61 89 79
3 114 86 94 94
258 20 51 68 52
258 242 59 90 75
114 158 32 52 52
114 27 37 74 44
114 146 95 98 95
114 69 42 66 48
114 336 22 80 28
114 213 60 75 71
114 59 76 80 79
4 65 54 68 65
4 292 77 90 82
4 341 57 95 62
65 81 29 82 48
65 332 28 44 35
65 279 61 98 91
65 134 90 98 98
65 137 54 100 94
65 182 56 88 83
292 287 42 94 62
292 89 38 55 44
341 194 31 98 77
341 57 85 91 86
341 258 11 17 14
341 308 40 99 87
341 29 95 100 98
341 76 42 83 74
5 283 74 99 80
5 311 64 79 67
283 320 57 88 72
283 29 54 91 70
283 53 85 91 89
283 3 77 85 85
311 221 32 93 76
311 255 14 24 24
311 165 48 99 77
311 246 45 68 51
311 2 55 79 72
6 138 55 66 58
6 351 93 100 95
6 303 34 40 36
6 249 23 74 70
6 207 71 97 85
138 345 53 68 59
138 181 95 96 96
138 327 30 52 44
138 10 88 99 89
351 101 10 56 30
351 174 77 81 77
351 256 39 59 50
303 86 14 87 43
303 177 89 99 99
249 15 24 97 29
249 322 53 62 60
249 32 14 82 61
207 314 85 100 99
207 134 18 71 53
207 258 89 93 93
207 224 39 62 58
207 228 79 93 85
7 0 11 85 84
7 245 74 98 81
245 41 41 88 73
245 258 78 90 87
245 340 89 97 94
245 250 89 92 91
245 119 24 36 24
245 9 37 56 46
245 171 57 69 57
245 136 63 100 66
8 254 66 69 68
8 109 84 92 85
8 126 66 77 67
254 306 76 93 89
254 103 18 43 40
254 296 85 97 92
254 256 31 84 74
254 79 51 59 53
109 197 71 87 74
109 183 62 69 62
109 122 85 88 88
109 304 29 51 29
126 329 60 62 61
126 28 84 100 86
9 348 86 92 88
9 48 90 97 91
9 65 69 71 69
9 143 57 71 67
9 109 13 87 30
9 226 82 100 82
348 83 81 92 82
48 134 24 89 39
48 113 31 95 73
48 348 67 74 68
48 186 68 76 73
143 60 90 96 93
143 14 20 53 50
143 176 15 95 20
143 205 80 90 82
226 222 66 80 76
226 88 52 96 96
226 340 56 74 57
226 10 71 87 72
226 164 37 94 64
10 119 18 21 19
10 177 26 41 26
119 303 68 86 70
177 97 54 61 60
177 265 82 94 89
177 89 62 70 69
177 74 80 95 90
177 228 80 96 94
177 339 75 88 81
11 1 66 67 67
11 318 19 33 20
11 306 81 100 87
318 155 73 92 78
318 330 15 82 70
318 110 51 85 62
318 273 88 89 88
318 140 23 32 27
306 302 59 100 62
306 329 40 98 93
306 259 76 82 81
306 85 51 64 62
12 104 35 56 40
12 304 32 83 75
12 257 60 95 80
12 178 12 72 40
104 54 47 91 89
104 184 28 78 33
104 150 14 63 53
104 18 84 90 85
104 65 87 97 97
104 333 45 84 49
304 344 71 73 71
304 138 81 97 95
257 189 22 87 81
178 248 59 75 59
13 255 50 81 79
13 183 95 98 96
255 163 31 46 32
255 44 53 80 78
255 220 83 88 83
183 323 63 84 73
183 180 20 56 56
183 3 44 61 61
183 296 84 85 84
183 17 25 59 43
183 21 29 45 44
183 292 16 24 16
183 52 47 66 50
14 309 95 97 97
14 319 79 88 81
14 341 79 86 80
319 44 42 62 46
319 191 44 47 46
15 348 93 97 95
15 256 86 88 88
15 6 16 94 61
256 205 87 88 87
256 203 81 96 81
256 21 81 95 81
256 263 69 83 80
256 2 94 99 97
16 107 37 86 77
16 106 90 99 92
107 2 86 88 88
17 6 83 97 97
17 182 79 93 90
17 294 64 81 66
17 134 79 95 85
182 244 62 93 73
182 203 22 71 35
182 256 65 74 74
182 66 57 81 72
182 137 16 17 16
182 338 57 88 88
294 12 40 88 43
294 64 85 88 87
294 101 58 100 100
294 318 15 78 61
294 269 15 17 16
134 306 27 50 39
134 45 49 59 50
134 280 11 17 11
18 286 19 68 27
286 314 58 61 61
286 315 88 100 90
19 26 35 53 46
19 295 11 53 13
19 234 71 87 82
26 87 33 97 94
26 141 27 50 36
26 36 86 87 87
295 223 16 62 54
295 23 73 90 80
295 115 52 89 68
234 261 16 49 16
234 267 31 41 40
234 200 86 88 86
234 83 49 54 50
234 21 80 98 81
234 88 33 92 57
20 166 56 98 88
20 44 62 82 74
20 214 91 94 94
20 210 55 83 56
20 244 86 88 88
20 128 36 99 66
166 35 69 74 72
166 197 90 98 98
166 72 24 47 31
44 222 95 99 98
44 251 78 83 79
44 37 63 73 71
214 51 19 29 22
214 91 47 68 56
214 294 70 86 80
210 231 53 82 64
210 126 44 91 87
244 18 47 56 55
244 130 32 92 67
244 188 73 82 82
244 139 10 14 13
244 266 31 84 66
244 301 18 85 27
244 123 40 41 41
128 138 28 54 42
128 237 84 97 97
128 317 12 78 29
128 189 21 89 54
21 189 60 83 67
21 194 60 71 68
21 254 61 68 64
189 332 22 79 49
194 49 56 95 74
194 84 36 78 78
22 246 54 72 71
22 105 79 84 79
22 46 88 92 91
246 31 87 96 88
246 289 77 99 98
246 293 51 92 92
246 186 16 92 70
246 231 58 93 71
246 165 46 53 46
246 217 74 78 74
105 226 85 91 89
105 327 41 69 46
46 124 95 99 96
46 99 41 47 45
46 97 71 78 71
46 267 42 63 53
46 56 85 98 86
23 337 52 55 55
23 163 43 95 81
23 308 68 88 77
23 157 65 83 74
23 288 78 79 79
337 150 64 78 78
337 314 81 99 86
337 101 33 68 42
337 71 39 42 39
163 165 44 95 50
163 42 57 63 60
163 36 26 68 61
163 249 47 87 48
308 145 65 98 76
157 106 83 98 85
157 34 34 39 38
157 52 22 97 84
157 323 72 84 81
157 307 54 95 69
157 251 25 85 82
288 36 50 93 79
288 85 82 95 84
288 237 95 98 95
288 104 50 99 59
288 220 43 89 59
24 73 13 85 72
73 115 37 48 47
73 271 83 84 83
73 60 93 96 94
25 310 50 86 56
25 160 94 96 95
25 347 68 99 82
25 63 88 92 89
25 38 64 86 82
25 238 94 99 96
25 168 43 89 80
310 305 24 55 39
310 256 60 94 86
160 31 81 98 97
160 132 54 78 62
347 277 44 60 56
347 310 85 99 95
63 111 68 69 68
63 27 91 96 95
63 304 85 87 85
63 199 75 93 90
38 185 74 97 92
38 194 90 95 91
168 342 26 65 37
168 239 16 80 41
168 318 37 94 57
168 179 48 68 50
168 233 54 82 61
168 53 93 96 96
87 339 52 98 95
87 161 35 69 57
87 95 57 82 71
141 163 50 75 63
36 123 10 82 64
36 262 27 45 42
36 139 66 76 66
36 184 45 51 49
36 20 73 94 77
27 91 49 64 52
27 117 32 35 32
27 153 29 56 53
27 349 83 89 87
27 68 73 88 81
27 34 31 70 54
91 125 95 98 95
117 159 15 67 38
117 344 17 76 51
117 4 16 79 24
349 37 56 57 56
349 112 42 59 47
349 2 51 59 57
68 189 38 71 43
68 18 19 81 71
68 160 89 96 89
68 349 25 61 34
68 10 76 98 97
34 316 29 58 58
34 133 29 43 31
34 33 13 33 19
28 223 57 80 71
28 206 59 87 80
28 127 24 75 73
28 124 90 92 91
28 68 75 88 87
28 300 21 89 36
28 104 77 100 83
28 254 39 92 87
223 108 53 70 64
223 159 85 86 86
223 192 62 83 68
223 135 13 74 69
223 312 45 99 53
223 54 27 73 73
206 111 71 96 74
206 43 36 81 42
206 312 43 81 81
206 159 60 89 68
206 253 70 93 83
127 257 76 83 83
127 55 87 89 89
127 148 11 60 15
124 245 24 28 25
124 191 30 63 54
124 186 79 95 88
300 281 31 85 52
300 251 85 87 86
300 229 66 99 96
300 329 20 100 35
29 207 12 94 40
29 276 87 98 95
276 8 20 23 22
30 138 25 26 25
30 346 21 39 37
30 319 69 94 86
346 331 70 81 79
346 157 65 90 68
346 227 86 87 87
31 16 37 38 37
31 151 89 92 91
31 272 70 85 74
31 24 86 94 94
272 39 19 82 25
272 299 10 55 18
32 283 56 79 78
32 172 81 94 87
32 296 76 83 78
32 199 54 75 71
296 3 58 70 61
296 98 55 69 63
296 152 19 61 19
199 195 69 88 81
199 156 77 80 80
199 140 90 98 97
33 195 34 86 43
33 151 58 95 58
33 99 14 79 47
33 50 55 70 55
33 323 57 86 64
195 320 23 64 54
195 311 64 92 88
195 229 18 26 22
195 139 29 33 29
99 247 36 61 39
99 201 16 41 29
99 96 60 71 67
99 107 92 100 98
50 89 18 24 19
50 311 42 58 47
50 6 38 71 39
323 142 49 89 87
316 212 88 92 92
316 340 57 90 76
316 280 21 38 21
133 113 26 29 26
133 336 32 46 40
133 258 71 82 71
133 48 60 66 66
133 229 75 85 79
133 179 65 98 78
133 341 49 83 61
35 24 38 53 50
35 104 86 87 86
35 113 59 69 60
35 95 27 79 32
35 48 62 100 100
35 31 71 97 86
35 181 63 91 69
113 271 65 85 65
113 130 58 78 77
113 241 87 89 88
113 112 87 93 92
113 295 67 83 70
113 218 83 91 91
113 335 22 50 24
95 30 69 89 74
95 32 77 91 86
95 213 16 79 37
95 28 19 80 32
95 79 62 74 62
95 49 85 93 85
95 179 71 87 71
181 77 62 71 65
181 86 76 84 83
181 256 60 84 65
181 112 65 95 75
181 251 49 98 61
123 290 49 63 63
123 49 78 81 79
123 39 91 92 92
123 84 28 73 51
139 107 30 96 43
139 123 51 93 87
139 269 74 100 75
184 255 23 29 25
37 171 45 84 47
37 50 68 76 74
171 110 26 66 32
171 237 54 91 84
171 318 27 56 38
171 160 10 89 11
185 213 47 49 48
185 191 15 61 15
185 154 31 67 62
39 325 80 89 85
39 133 68 81 76
325 194 46 55 51
325 147 76 99 91
325 111 32 71 52
40 180 54 55 54
40 168 14 39 37
40 290 54 81 81
40 276 10 73 41
180 156 73 88 79
180 133 59 100 86
290 52 74 90 84
290 132 85 96 94
290 58 61 62 61
290 139 52 87 64
290 303 60 97 75
41 122 45 77 50
41 7 44 92 49
122 253 94 98 98
42 160 10 17 11
42 54 62 85 68
42 242 23 82 81
42 175 51 83 70
42 275 10 49 18
42 326 23 75 74
42 243 67 92 77
42 212 22 98 41
54 261 95 98 97
54 201 91 92 92
54 326 45 89 87
54 44 77 93 78
54 260 35 68 58
242 234 17 98 77
242 39 64 81 68
175 241 55 56 55
175 79 95 97 97
175 237 52 74 61
175 277 32 97 36
275 181 25 37 27
275 47 18 36 20
275 243 35 55 43
275 347 28 32 30
275 111 65 66 66
326 336 89 91 91
326 237 73 84 75
243 131 80 94 91
243 291 25 88 86
243 141 61 97 88
243 236 84 95 95
212 214 81 84 83
212 243 94 95 95
212 183 39 75 42
212 346 29 83 45
43 320 23 100 97
43 37 66 96 87
43 20 67 93 78
43 159 92 97 94
43 9 92 97 95
320 87 33 77 57
320 248 44 99 95
320 135 52 89 85
320 202 32 63 42
159 324 18 64 31
159 270 40 55 49
159 347 48 72 57
222 234 54 99 69
222 299 27 73 40
222 117 14 18 15
251 104 14 61 42
251 8 94 100 97
45 318 54 99 93
45 79 36 40 37
45 111 33 56 46
45 77 51 87 63
45 238 51 90 58
79 242 82 88 84
79 310 72 97 92
79 237 29 79 52
111 142 85 97 93
111 238 22 97 91
111 236 21 47 31
111 233 29 37 29
111 350 26 43 36
111 42 49 71 52
77 114 80 84 84
77 322 21 93 91
77 32 60 98 72
77 164 54 70 60
77 286 92 96 93
97 79 29 52 47
97 190 14 95 88
97 63 49 57 53
267 42 29 30 30
267 266 52 59 54
56 334 90 97 97
47 180 43 82 48
47 218 39 46 42
47 37 34 51 43
47 252 68 98 69
47 224 90 99 93
218 21 19 88 69
218 80 57 59 57
218 304 73 84 83
218 42 78 84 78
252 264 57 98 57
252 261 93 97 94
224 131 78 99 80
224 233 77 100 78
224 170 87 92 89
224 271 57 74 59
224 53 73 99 82
224 211 49 62 61
186 58 34 72 45
186 12 72 90 88
186 24 39 57 50
186 316 54 61 54
186 62 26 49 33
186 33 40 47 40
186 112 86 88 88
186 27 46 73 66
49 209 63 70 63
49 85 44 80 78
49 309 29 83 82
49 320 83 92 92
209 201 80 89 80
85 263 93 100 99
85 272 18 26 19
85 302 75 81 79
89 264 95 97 97
89 107 23 42 34
89 190 90 98 90
89 18 12 72 19
89 247 27 29 28
89 249 43 97 74
53 321 56 62 58
53 260 26 28 28
53 64 39 52 44
53 254 26 89 77
53 41 88 98 95
61 294 84 97 95
61 46 27 71 27
322 265 46 57 46
322 105 69 76 71
322 325 60 84 74
322 132 91 92 92
322 313 59 68 62
101 346 83 85 83
101 40 22 66 61
101 53 48 87 56
52 215 16 68 48
52 9 65 78 73
52 211 15 25 18
52 44 92 100 100
52 231 59 81 60
52 308 77 99 77
211 333 67 84 81
231 56 26 83 30
231 57 91 100 100
321 206 71 87 84
321 124 37 61 56
321 35 46 51 48
260 139 88 96 91
260 57 61 89 72
260 159 56 83 81
260 153 74 91 83
260 173 29 54 48
64 245 49 63 51
64 32 55 84 78
64 59 77 80 79
261 295 91 97 92
261 297 22 23 23
261 228 46 48 46
201 305 13 17 15
201 156 40 59 44
201 101 69 89 84
201 22 34 56 48
201 136 27 46 41
201 15 51 82 80
55 227 13 71 54
55 93 38 59 54
55 49 76 79 76
55 42 27 80 28
227 0 82 90 90
227 122 91 99 95
227 150 70 80 76
227 303 39 81 71
227 92 84 98 88
227 244 20 75 54
227 288 34 100 68
93 194 20 83 47
93 23 77 86 86
93 174 69 75 69
93 88 95 97 96
334 56 53 86 70
334 314 70 93 87
334 123 25 84 78
57 284 77 82 79
57 346 17 82 75
57 36 90 93 91
57 233 72 74 73
57 177 83 87 85
284 128 23 76 39
284 17 23 95 58
284 7 83 98 86
284 240 61 66 62
284 61 86 93 90
233 108 91 96 92
233 22 28 62 53
233 292 86 97 95
233 268 67 96 69
58 296 78 100 82
58 343 27 97 37
58 19 89 90 90
58 42 65 70 69
58 140 78 92 78
343 141 31 49 32
140 280 46 97 54
140 333 58 65 65
140 325 50 78 66
140 71 73 89 77
59 63 11 60 60
59 95 40 75 68
59 42 50 87 68
59 224 77 81 78
59 93 80 85 80
59 136 85 86 86
59 170 59 79 74
59 325 77 80 79
59 326 17 22 21
136 124 16 40 34
136 45 10 85 66
170 225 80 92 80
60 311 77 84 79
60 114 30 38 31
60 61 14 21 19
62 166 11 85 61
62 30 22 93 76
62 316 22 56 34
62 194 39 69 53
62 84 92 99 92
84 126 30 71 51
84 343 21 69 43
84 262 69 79 70
84 340 61 89 79
84 20 41 65 44
84 14 57 89 68
84 255 80 94 89
81 247 93 99 95
81 8 74 78 77
81 154 95 96 95
81 17 43 91 48
332 89 56 67 66
332 141 33 35 33
332 194 39 79 62
279 222 70 76 72
279 336 41 82 80
279 263 84 94 91
279 71 83 95 88
137 318 65 87 76
137 180 81 96 87
137 251 34 89 54
66 14 35 95 58
66 34 74 84 81
66 105 51 71 63
66 185 66 70 69
66 266 84 94 89
266 57 74 80 78
266 1 54 75 66
266 52 19 97 25
266 54 62 85 70
266 140 58 81 74
67 260 42 73 63
67 230 46 89 66
67 132 46 73 57
230 67 53 83 76
230 346 44 90 78
230 239 67 90 89
230 73 58 76 60
230 115 94 97 97
132 196 13 85 45
132 250 75 87 75
132 211 94 100 98
132 321 44 49 45
69 281 85 96 87
69 238 43 58 46
281 94 90 100 90
281 1 44 47 45
281 158 19 88 84
281 6 78 83 82
281 165 36 69 37
281 128 71 97 91
70 44 25 91 32
70 216 78 99 96
70 296 61 66 62
70 72 83 87 83
70 101 34 100 36
70 19 91 99 93
70 150 49 85 73
216 283 74 93 86
216 109 86 98 86
216 210 55 64 58
216 282 12 40 19
72 149 19 55 23
72 111 43 61 56
72 168 92 96 96
72 283 66 96 67
150 9 33 69 60
150 281 31 38 31
150 233 77 95 83
150 2 16 34 21
150 6 89 94 91
71 30 56 73 56
71 306 35 46 38
71 75 41 70 63
71 101 42 76 49
71 345 75 89 77
71 72 39 64 55
75 27 17 55 44
75 202 14 28 20
345 344 84 94 85
149 58 26 43 38
115 68 59 77 68
115 104 80 89 80
115 265 88 90 89
271 183 73 83 81
271 104 12 26 15
271 254 32 84 46
271 192 32 47 44
74 265 54 86 61
74 309 24 72 51
265 213 33 41 33
265 290 59 67 59
265 104 18 36 23
265 32 10 36 31
202 129 57 65 60
202 170 24 41 25
202 171 80 96 87
202 279 52 78 77
202 8 93 96 94
76 342 88 94 88
76 304 78 89 85
76 111 84 94 86
342 204 12 15 15
342 205 28 58 49
342 229 18 49 18
342 185 89 100 93
342 167 28 59 59
342 180 89 98 91
164 172 29 34 31
78 240 21 70 68
78 325 17 65 53
78 47 10 31 25
78 248 57 61 59
78 118 85 99 90
78 279 81 92 84
78 124 95 96 95
240 55 51 92 91
240 146 35 52 42
240 100 87 99 90
248 275 55 94 91
118 327 76 86 85
118 153 30 70 66
118 288 75 81 75
118 260 62 64 63
237 259 59 72 71
237 179 69 77 75
237 7 95 98 97
237 287 77 81 81
237 198 41 55 44
237 342 74 83 75
80 16 51 69 51
80 100 41 71 70
80 322 15 70 21
80 326 47 88 56
100 182 27 71 53
247 28 11 81 39
247 275 60 91 68
247 188 11 33 26
154 347 81 93 90
154 138 15 98 73
82 236 54 91 57
82 325 72 75 74
82 342 52 83 74
236 167 55 61 55
236 274 13 69 62
236 33 84 100 90
236 81 94 95 95
236 100 84 85 84
236 27 68 83 76
83 251 64 85 78
340 204 10 33 28
340 88 61 96 85
340 163 36 49 48
340 21 54 81 63
263 331 20 51 47
263 123 28 87 36
263 184 36 72 52
263 202 37 75 69
302 97 85 89 89
302 342 54 88 76
302 172 81 85 84
302 113 31 53 52
302 25 35 48 36
302 229 15 63 21
302 268 88 97 92
86 238 17 76 58
86 326 68 98 86
86 167 72 81 78
86 61 71 81 71
86 287 91 92 92
86 339 78 90 82
167 180 71 85 82
167 79 63 75 71
167 69 16 98 74
287 20 79 100 85
287 117 38 56 55
287 335 17 75 26
287 263 20 77 20
287 330 27 38 31
287 192 85 92 91
287 253 26 44 31
287 100 11 71 17
339 36 78 98 81
339 328 95 100 95
339 68 13 16 14
339 343 82 99 87
161 156 52 71 60
161 12 37 75 46
161 250 79 94 84
161 303 79 81 79
161 312 25 89 61
88 82 29 75 71
88 21 37 69 63
88 144 55 73 57
88 221 81 84 83
144 124 75 83 82
144 34 42 94 68
144 162 28 94 94
221 43 12 55 28
221 34 58 84 71
221 299 36 81 39
190 344 47 52 47
190 150 25 43 33
190 120 54 92 64
90 170 57 83 65
90 192 40 61 57
90 111 80 81 81
192 71 54 63 55
192 120 67 85 85
192 80 44 68 61
192 174 49 79 60
192 3 83 95 87
192 123 84 95 86
125 128 15 97 40
125 243 33 63 50
125 99 65 90 69
125 191 47 74 50
92 166 58 94 93
92 226 21 40 24
92 262 94 97 96
92 113 63 76 68
174 22 22 97 91
174 53 95 99 97
94 309 22 33 30
94 282 15 29 22
94 159 90 93 91
94 229 78 81 80
282 147 53 72 56
282 124 73 90 86
282 151 15 88 70
229 69 42 74 45
213 172 52 100 70
213 318 18 90 54
213 238 25 54 34
179 263 64 66 64
179 260 79 90 84
179 145 11 19 13
96 209 71 75 74
96 147 93 97 97
96 95 70 88 77
96 6 38 100 65
96 268 79 84 81
96 178 82 88 88
96 76 94 95 95
96 93 65 89 70
147 269 25 36 29
147 300 85 99 96
147 291 61 80 61
147 195 24 97 95
268 27 40 83 59
268 49 16 55 27
98 109 74 90 89
98 199 21 62 37
98 19 51 96 67
98 146 70 80 80
146 115 57 74 65
146 89 95 99 96
146 131 70 74 73
146 249 11 49 17
102 4 18 88 38
102 24 94 99 98
102 183 16 46 30
102 269 56 79 71
269 245 90 92 90
269 213 49 69 53
103 158 21 95 50
103 160 95 97 97
103 342 45 85 75
103 89 12 92 51
103 170 50 57 54
103 207 53 77 71
103 225 39 54 40
158 318 87 95 90
158 123 19 46 44
158 88 64 87 66
158 265 80 82 82
225 154 77 98 98
225 158 39 89 48
225 156 88 91 89
225 83 56 78 68
225 43 26 30 29
333 241 26 84 56
333 33 19 64 40
327 322 11 97 16
327 239 15 23 22
327 297 81 88 86
327 161 27 83 76
327 13 91 99 92
108 143 76 77 76
108 13 85 90 87
108 147 66 99 72
108 64 11 92 22
108 126 80 88 80
197 307 90 97 97
197 306 23 59 42
110 342 50 58 57
110 120 56 59 57
110 48 48 90 66
120 315 12 63 20
120 139 62 75 69
120 103 35 89 37
142 249 86 99 95
142 304 57 65 63
350 120 64 76 65
350 223 23 64 43
112 69 32 96 45
112 9 92 93 93
112 268 54 83 63
130 171 73 75 75
241 255 20 39 26
241 69 55 89 86
335 56 79 96 95
335 192 90 99 97
336 346 46 94 94
336 31 15 87 44
336 43 72 78 77
336 320 91 99 99
336 325 51 97 59
116 158 84 88 85
116 160 16 35 31
116 254 44 97 49
116 26 12 79 32
344 69 73 86 83
344 58 70 90 87
344 273 59 88 73
344 190 62 81 81
315 280 19 81 70
315 5 48 65 52
121 260 89 91 89
121 281 45 80 53
121 181 78 84 81
253 111 84 86 85
253 230 28 50 33
253 263 38 94 73
253 199 20 93 38
253 347 37 91 41
191 306 67 88 72
191 321 11 39 33
191 72 79 81 81
329 343 20 71 25
329 0 70 74 73
329 106 84 91 89
329 118 50 51 50
148 113 14 57 35
148 46 32 49 38
148 307 68 81 77
148 29 95 100 99
148 86 61 65 61
317 240 63 72 70
317 310 51 95 65
317 148 61 75 68
317 286 47 62 54
317 45 15 28 28
317 212 66 78 67
129 262 94 97 94
129 187 77 92 85
187 79 13 91 31
187 114 49 93 83
187 255 19 27 23
187 14 49 67 58
187 17 56 93 74
131 221 24 43 24
131 154 22 79 37
196 235 85 100 86
196 129 82 90 84
196 120 81 87 81
250 246 35 85 36
250 194 69 72 71
280 249 13 81 16
280 233 55 90 67
280 292 40 43 42
135 338 83 87 87
135 280 62 78 77
135 3 34 67 50
135 23 25 60 43
135 351 85 86 85
338 221 33 48 39
338 194 33 73 48
338 316 74 91 91
176 174 67 95 87
176 102 29 42 39
176 128 71 89 76
205 101 44 77 57
205 20 95 99 98
205 12 53 89 73
205 123 48 67 61
162 225 65 74 70
162 292 78 79 79
162 55 50 64 64
162 264 95 99 96
162 167 79 83 81
162 48 60 91 70
162 311 66 82 72
162 237 15 31 28
162 107 29 86 78
145 37 64 85 71
145 26 67 76 72
145 69 21 25 21
307 119 46 95 64
307 280 52 73 55
307 54 74 93 85
307 195 11 42 31
307 3 48 69 69
200 254 27 69 36
200 321 33 83 45
200 117 36 96 91
204 351 70 86 70
204 264 62 95 89
204 16 16 56 29
204 104 55 63 56
328 309 43 83 50
328 234 66 84 67
328 18 82 90 82
155 290 33 88 48
155 251 74 77 77
155 110 21 79 68
155 102 71 97 81
156 82 39 57 50
156 30 17 18 18
156 135 20 28 27
324 190 86 88 88
324 67 26 31 28
270 157 19 59 33
270 332 58 85 76
270 256 14 69 38
270 215 67 87 73
270 180 26 90 34
270 159 65 72 65
312 159 64 90 78
165 196 44 85 55
165 155 61 96 61
239 318 54 98 72
239 40 52 71 71
169 191 68 77 69
169 222 64 81 72
169 82 79 95 88
169 23 57 63 60
173 318 54 89 74
173 201 84 97 96
277 62 34 39 37
228 216 77 88 88
228 227 79 82 80
228 257 30 91 69
228 264 16 67 58
203 334 47 73 57
188 266 34 76 71
188 270 83 84 83
188 86 88 89 88
235 94 85 94 93
235 303 38 41 40
235 91 28 51 36
235 57 84 94 91
198 107 49 72 52
198 340 25 42 31
198 275 28 79 36
305 10 57 63 62
305 249 84 89 89
314 234 35 85 55
314 22 44 95 70
314 181 54 75 66
314 34 40 94 84
314 263 78 91 80
208 153 70 99 90
208 0 33 76 49
208 314 67 72 68
208 10 54 68 61
217 70 49 58 56
217 124 85 91 85
217 253 14 34 31
217 319 66 96 78
220 312 38 99 74
299 254 33 94 53
299 280 65 66 65
299 57 84 96 96
299 20 12 68 13
232 329 24 87 81
232 176 12 99 28
232 29 45 84 56
232 58 20 33 29
274 277 84 97 85
259 228 40 95 95
259 168 30 44 31
301 238 38 54 48
301 167 30 50 50
301 62 57 65 60
301 296 34 84 81
301 163 53 90 66
289 286 36 56 41
289 137 17 53 50
289 172 74 94 91
289 230 21 61 37
293 228 49 74 61
293 141 76 97 85
293 185 49 58 51
293 86 58 96 71
297 9 41 94 65
297 294 11 38 31
297 338 42 78 44
297 68 89 98 92
297 156 42 97 55
297 91 28 33 28
331 130 87 95 88
331 307 43 53 52
273 297 37 69 55
273 268 93 95 95
273 313 54 100 57
273 166 94 96 94
273 294 22 34 32
273 337 39 41 40
313 195 95 97 95
313 146 41 84 58
313 338 13 97 75
313 175 50 58 54
313 293 29 70 65
313 60 81 97 97
278 49 87 98 91
278 71 64 95 70
278 256 91 96 96
278 10 60 77 60
285 244 89 90 90
285 217 54 57 57
285 239 16 44 21
330 249 71 76 75
330 127 46 70 62
298 207 73 92 74
298 222 58 65 65
298 50 37 84 81
298 238 21 66 65
298 213 72 100 88
298 242 14 18 17
0 351
