504 1134
0 112 70 99 79
0 319 25 80 45
0 206 74 86 80
0 419 18 77 64
112 503 46 75 55
112 273 42 96 95
319 350 45 81 54
319 76 79 84 79
319 35 51 59 55
319 292 68 100 87
206 405 70 88 72
206 263 28 50 44
206 146 95 98 97
419 481 95 97 96
419 463 45 87 67
419 12 63 86 78
419 459 82 90 88
419 395 81 91 82
2 34 79 87 83
2 244 44 82 62
34 35 22 32 27
244 253 10 77 24
244 84 21 54 50
244 94 28 71 49
244 346 16 19 16
4 299 50 67 55
299 237 73 74 73
299 397 84 100 94
299 404 84 92 89
5 425 28 37 36
5 90 60 77 60
5 374 65 71 68
5 486 29 68 36
425 71 68 87 84
90 99 53 71 58
90 394 70 74 72
374 464 30 40 30
374 466 62 83 77
374 351 40 55 45
374 272 30 34 30
486 166 86 100 89
6 338 36 67 56
6 313 55 60 57
338 387 58 65 63
338 461 32 53 40
338 14 31 58 43
313 29 83 92 86
7 158 22 26 22
7 451 22 90 79
7 382 55 62 57
158 473 55 64 55
158 268 41 46 46
158 386 78 89 88
451 99 48 61 48
451 427 24 94 45
451 188 79 84 79
451 152 46 93 80
382 132 68 90 83
382 459 38 73 47
382 499 26 46 36
382 224 70 96 81
8 400 27 66 30
8 431 41 90 59
8 5 51 71 55
8 351 44 77 69
400 457 67 74 72
431 502 33 42 36
431 332 21 91 70
431 329 46 74 47
431 337 59 79 63
431 182 85 98 94
431 4 78 98 94
351 495 15 53 50
351 189 56 87 72
10 71 60 64 63
10 444 55 77 64
71 385 48 71 64
71 187 76 81 80
71 253 51 69 69
444 7 67 80 74
444 157 69 98 72
11 76 66 68 67
11 284 28 44 44
11 357 44 64 63
11 411 69 92 71
11 488 90 98 97
11 112 10 32 32
11 136 60 88 77
76 162 83 89 89
76 91 80 88 86
284 194 70 74 74
284 309 13 80 78
357 152 15 28 15
357 333 21 91 32
357 230 21 37 29
411 401 51 94 77
411 63 44 62 51
411 88 90 98 93
136 175 89 96 90
12 489 54 57 56
489 51 55 76 74
489 220 37 69 63
489 209 47 82 64
13 308 69 70 69
13 261 85 89 86
308 55 88 97 93
261 340 88 92 88
14 488 32 93 38
14 124 94 100 98
14 141 69 99 81
14 208 34 52 34
14 262 83 88 86
124 103 45 83 66
124 368 66 88 84
141 318 55 83 67
141 471 45 47 45
208 320 43 51 43
208 427 78 88 81
208 229 73 89 84
208 171 73 91 88
262 106 44 95 93
262 273 78 91 91
15 53 52 78 72
53 54 48 84 60
53 146 91 100 91
16 319 46 52 46
16 308 35 97 68
17 71 65 90 81
18 140 56 71 68
18 343 82 90 87
18 161 17 74 20
18 493 87 96 94
140 365 39 99 76
140 9 65 70 70
140 284 37 38 37
343 300 20 78 23
343 463 33 54 54
343 205 93 98 97
161 265 13 38 28
161 443 30 77 34
161 320 61 91 61
161 363 25 48 34
493 497 38 57 42
493 264 39 98 71
493 364 55 94 69
19 127 77 81 79
19 147 66 87 76
147 43 79 97 89
20 427 10 46 26
427 143 33 61 36
427 333 27 97 83
427 284 47 58 51
427 36 91 92 91
21 44 72 75 72
44 433 72 73 73
22 38 66 84 72
38 499 14 67 40
38 228 29 80 65
23 347 41 80 80
23 183 36 84 48
347 23 65 89 71
347 61 16 50 39
347 404 73 74 74
347 329 70 72 72
183 321 84 92 90
24 485 25 36 30
485 266 10 68 19
485 176 46 49 49
485 186 54 69 62
26 392 66 80 68
392 157 95 99 96
392 171 63 82 73
28 418 53 72 56
418 251 54 62 55
418 17 66 81 70
418 459 70 99 75
30 444 91 99 97
30 10 86 98 96
30 493 62 87 73
31 305 31 99 97
305 299 77 91 80
32 126 25 72 68
32 165 60 64 60
32 491 54 77 59
126 434 18 41 36
126 466 32 36 35
165 88 56 99 86
491 39 38 82 57
491 336 67 80 71
491 419 64 66 65
33 9 25 52 50
33 432 63 98 87
432 287 46 61 46
432 219 78 100 99
432 446 70 100 77
432 268 90 96 90
35 41 66 73 67
35 39 53 84 79
35 164 75 92 92
35 148 89 93 93
35 416 73 94 74
41 435 56 84 79
41 115 22 84 48
41 323 59 89 69
41 154 59 98 84
39 126 64 93 65
39 35 78 90 84
39 365 52 64 54
39 277 32 39 37
39 260 35 88 42
39 124 62 97 95
164 108 31 63 45
164 305 45 95 63
164 499 21 25 22
148 95 69 71 70
148 398 85 93 91
148 242 44 65 46
416 283 49 68 65
416 10 14 55 24
416 379 13 87 62
416 146 55 83 66
416 182 52 78 76
37 106 29 90 42
37 45 64 91 78
106 156 36 92 70
106 332 43 45 45
106 15 31 91 84
106 182 78 97 79
45 407 70 87 77
45 168 93 96 93
45 432 92 97 97
45 260 91 93 93
45 119 61 93 62
499 70 72 85 75
499 493 82 94 86
499 274 61 74 68
365 163 28 73 36
365 15 53 97 73
277 367 61 97 71
277 184 86 89 87
260 488 35 44 42
260 192 63 68 64
260 119 78 87 78
40 49 52 59 58
40 123 53 88 57
40 12 71 80 76
123 173 12 79 67
123 287 42 60 57
435 142 51 70 60
435 44 15 24 23
435 53 28 48 39
115 1 22 52 40
323 133 66 70 68
323 222 92 93 93
323 244 54 58 55
323 148 85 94 94
154 286 76 92 76
154 120 26 63 44
154 239 45 83 71
42 123 20 72 38
43 328 35 83 41
43 414 92 96 95
43 131 65 94 82
43 14 33 75 41
328 376 92 95 95
414 366 72 84 77
433 187 91 95 94
407 342 55 65 65
168 174 40 94 87
168 20 14 68 18
119 398 64 82 74
46 472 52 75 52
46 117 89 94 89
472 157 18 48 45
472 293 59 66 64
472 480 51 96 95
472 409 11 16 11
117 431 15 97 57
117 258 93 94 94
117 480 48 54 50
117 87 38 61 49
47 185 68 88 68
47 238 72 91 77
47 258 54 65 55
47 5 32 63 38
185 67 46 48 48
238 107 55 65 60
238 256 71 93 73
238 363 21 50 50
238 133 83 94 90
238 131 62 66 62
258 434 23 71 70
258 426 15 92 30
258 315 66 83 67
48 333 68 94 90
48 362 13 58 20
333 236 79 86 81
362 182 52 74 65
362 141 63 78 65
50 12 27 44 36
50 306 64 92 92
50 296 88 95 90
306 278 22 50 40
306 400 22 33 27
306 435 80 90 84
306 315 93 94 93
296 163 84 95 87
296 142 39 80 57
51 326 27 98 93
326 337 19 40 28
326 82 39 86 69
326 125 38 73 38
54 463 11 78 34
54 401 21 79 64
463 271 29 72 48
463 162 76 87 85
463 11 63 96 90
401 117 70 97 86
401 372 59 83 59
55 435 95 97 95
55 342 83 90 89
342 287 67 81 76
342 413 70 75 73
57 59 59 67 61
59 212 28 80 79
59 345 57 100 62
59 486 11 12 11
59 221 28 94 65
58 300 16 100 39
58 28 46 67 54
300 474 86 93 91
300 218 56 97 60
212 147 39 50 47
345 165 70 99 71
345 409 85 94 86
345 16 89 90 89
345 100 53 65 57
221 259 77 84 80
60 167 59 92 82
167 498 50 98 93
167 274 26 81 44
167 186 20 83 82
167 493 40 41 41
167 93 57 58 58
61 196 57 63 62
61 454 42 44 43
61 156 18 60 54
196 404 10 39 20
196 300 82 96 84
196 75 53 78 57
196 260 87 99 99
454 30 79 82 81
454 451 23 25 25
454 425 76 95 77
454 99 51 90 69
454 482 68 77 68
156 62 10 54 25
156 389 28 38 38
62 240 20 64 22
240 230 83 95 89
63 502 70 73 72
63 361 48 58 49
63 409 63 80 78
502 94 14 92 89
502 38 93 94 94
502 146 44 50 49
502 56 67 84 70
502 29 53 62 53
502 109 56 72 70
361 211 24 76 63
361 135 31 74 58
361 350 52 97 74
361 191 35 76 59
409 205 39 89 84
409 368 57 74 65
409 427 71 96 81
409 476 62 86 81
64 399 53 70 59
399 198 65 81 73
399 167 52 81 62
399 102 92 98 97
65 501 54 95 81
501 287 58 76 58
501 77 63 67 64
66 466 43 45 44
66 77 40 78 58
66 314 56 80 73
66 37 37 60 56
77 387 55 73 73
77 273 47 98 72
314 157 56 65 65
314 488 35 65 38
67 272 70 96 76
272 294 18 48 36
272 16 50 78 66
272 332 76 90 77
272 386 61 90 86
272 345 46 69 55
272 177 72 84 76
68 342 72 89 74
68 300 34 41 36
68 185 46 87 61
68 189 93 94 93
189 179 17 67 57
189 499 58 100 99
189 153 33 82 34
69 262 25 48 43
69 341 88 92 89
69 432 26 93 62
341 317 18 99 94
341 45 21 29 25
70 86 44 81 72
70 375 18 35 27
86 271 31 91 51
86 408 74 84 74
86 38 56 99 64
86 267 10 66 20
375 403 42 87 78
187 379 70 72 72
187 139 44 65 52
187 254 45 97 93
187 283 40 56 52
253 305 12 99 69
72 253 39 56 51
73 444 81 88 82
73 235 19 66 53
235 436 15 17 15
235 38 33 74 61
74 253 28 89 46
74 103 14 40 23
103 5 84 86 86
103 10 54 79 61
103 208 88 91 89
75 398 63 72 72
75 277 58 59 58
75 420 14 38 28
75 202 28 64 35
398 268 85 87 87
420 492 70 72 72
420 424 92 96 93
420 355 92 94 94
202 426 14 72 18
202 72 10 78 50
202 75 56 85 82
162 212 90 97 90
91 326 22 25 25
91 112 16 82 16
387 305 50 61 57
387 502 28 59 50
273 307 25 36 32
273 278 78 97 83
273 417 51 67 53
78 216 72 97 81
78 395 29 76 40
78 52 37 68 43
216 193 10 76 53
216 169 86 100 91
395 77 37 78 63
395 118 73 94 91
395 160 76 100 78
395 127 50 70 65
79 69 86 89 88
79 143 39 59 43
79 429 67 84 80
79 446 90 99 93
143 460 64 77 67
143 128 92 94 92
143 275 89 95 95
143 44 38 51 41
143 352 19 84 39
143 256 68 77 74
429 377 76 89 87
429 176 59 92 61
446 52 31 61 56
446 197 59 90 69
80 130 75 89 77
80 432 71 89 72
130 416 50 55 51
81 78 85 93 90
81 136 41 79 61
81 62 48 91 57
82 16 33 90 84
82 284 14 29 19
82 394 36 67 42
394 258 70 79 77
394 413 93 97 96
83 168 36 62 60
83 381 79 91 90
83 310 92 96 96
381 296 11 37 20
381 153 18 89 37
310 443 87 93 91
310 141 54 94 79
84 146 92 100 94
85 39 45 55 54
85 89 22 24 24
85 123 43 99 86
85 63 91 98 96
85 441 56 85 75
85 295 58 73 66
89 106 29 37 33
89 75 40 92 84
295 61 52 81 73
271 450 18 25 18
271 258 70 77 75
271 141 58 70 68
271 405 62 87 80
271 318 64 86 68
408 455 57 75 62
267 2 75 92 75
267 9 25 78 68
267 466 43 73 67
267 400 21 66 34
267 262 75 94 89
87 65 65 91 87
87 89 10 84 41
87 61 77 93 83
88 287 72 84 77
88 201 32 86 33
88 395 54 67 58
287 120 10 37 11
287 484 68 80 73
287 216 35 58 35
287 238 37 77 70
287 0 29 65 58
201 443 80 85 82
201 356 80 81 80
99 426 64 90 86
92 122 19 31 25
122 44 12 45 27
93 442 83 85 84
442 188 10 19 11
442 329 83 90 88
94 188 36 54 44
94 451 16 85 38
188 26 36 56 48
188 108 20 61 59
188 265 25 86 75
95 117 45 92 48
96 78 32 89 83
96 456 81 100 84
96 218 79 92 86
456 290 27 37 34
456 448 93 96 93
456 426 84 92 87
456 91 30 47 36
218 407 68 89 81
218 274 48 58 56
97 197 54 62 62
197 343 64 92 66
197 191 88 98 90
197 110 67 97 90
98 227 31 82 82
98 457 14 72 34
98 297 36 65 57
227 262 61 83 67
457 133 47 93 88
457 185 45 85 70
297 58 26 41 30
297 20 77 88 83
297 261 23 26 24
426 493 74 85 82
426 241 45 80 46
100 165 83 92 84
100 79 54 62 55
101 25 30 76 58
102 63 27 100 74
104 479 77 84 84
104 269 53 88 60
269 242 73 81 76
269 210 52 53 53
105 297 91 93 92
105 24 36 86 74
105 232 60 76 67
105 143 80 96 83
332 143 55 72 61
332 495 26 86 76
182 461 17 42 17
182 342 19 65 34
182 490 47 53 52
182 492 70 92 89
108 388 88 93 88
388 136 73 82 78
388 24 36 48 37
109 350 45 80 69
109 336 18 74 47
109 177 62 89 73
109 67 66 79 79
350 405 33 99 94
350 443 24 63 35
350 466 48 62 49
350 116 77 90 78
336 235 45 57 49
336 286 58 99 62
336 316 62 64 62
336 251 90 97 97
177 413 58 91 83
177 332 86 90 89
177 111 11 76 40
177 435 40 58 47
177 133 51 95 64
110 33 52 66 58
111 369 60 88 83
111 224 84 94 94
369 473 63 83 81
369 343 36 81 58
503 295 78 82 78
503 47 55 66 60
503 248 55 72 68
503 167 23 44 39
114 400 51 72 71
114 150 46 87 49
150 156 24 87 83
150 483 28 87 59
480 434 46 80 80
118 486 60 96 68
118 321 50 71 60
321 100 32 91 39
120 197 54 97 72
120 116 87 89 87
121 90 10 80 62
121 477 74 76 75
121 306 40 73 50
477 46 84 85 85
477 90 68 99 72
477 344 24 34 34
477 201 19 34 26
173 427 10 70 46
173 8 66 81 68
173 475 52 61 56
173 235 42 63 56
368 366 33 79 62
368 402 16 59 45
125 272 21 99 86
125 494 56 94 70
125 211 25 46 39
211 497 94 95 94
211 4 42 80 76
211 272 31 43 39
128 488 87 97 87
128 407 90 91 90
128 174 69 77 77
174 375 43 58 43
129 111 86 92 88
129 128 52 83 54
129 137 37 88 43
137 279 87 98 94
132 59 75 98 88
132 88 42 96 46
132 45 90 99 95
133 92 10 76 63
133 4 76 87 81
134 330 95 97 95
330 28 67 76 70
330 27 36 64 56
330 8 77 96 90
330 40 83 84 84
135 302 70 87 87
135 502 87 89 89
135 450 10 97 45
135 397 85 93 90
302 404 10 43 27
302 29 13 14 13
302 449 76 87 82
302 244 55 61 57
302 59 88 100 99
450 210 83 84 84
450 439 66 95 82
450 324 91 99 97
450 402 54 92 77
397 26 48 69 67
397 356 51 88 71
175 208 64 74 73
175 10 73 98 81
175 459 11 51 36
279 475 21 40 38
279 14 71 92 73
138 103 49 97 75
138 378 31 74 67
378 188 79 97 83
139 358 58 81 75
139 252 72 96 80
358 305 47 50 47
252 462 38 85 70
252 70 87 100 96
252 255 77 81 79
318 36 18 63 57
318 479 50 64 56
471 194 51 73 59
471 432 91 97 94
471 303 74 80 74
142 314 95 97 96
460 281 14 65 19
460 114 37 64 63
460 79 29 84 50
275 416 49 59 55
352 454 23 82 66
352 467 94 100 95
352 438 20 27 25
256 30 76 78 78
256 11 61 73 66
256 482 25 79 69
144 202 94 99 95
144 325 29 47 38
144 369 74 86 86
144 162 93 98 97
144 337 82 95 84
325 57 17 74 70
325 31 71 94 82
337 388 60 77 68
337 110 44 46 46
145 147 56 92 89
145 481 39 75 46
481 216 59 65 60
242 503 26 89 57
242 434 80 93 80
242 116 21 55 50
242 335 30 66 60
149 346 49 73 58
346 8 78 80 78
346 60 30 49 48
346 11 13 83 18
483 428 12 78 16
151 71 67 98 93
151 144 29 62 38
151 2 45 69 46
151 402 49 59 54
402 20 65 74 65
402 500 44 55 48
402 444 25 52 37
152 409 27 41 39
153 335 42 88 63
153 147 79 97 85
286 256 21 88 41
239 23 31 73 63
239 287 32 90 43
155 80 37 97 93
155 388 76 85 77
389 137 58 59 58
157 73 15 98 86
157 159 39 79 71
157 109 86 94 94
159 351 20 22 20
159 376 29 73 46
159 419 91 98 92
159 305 59 85 75
268 435 53 61 53
268 468 89 98 89
268 91 67 99 91
386 166 13 97 76
386 41 20 28 20
376 306 22 93 33
376 448 81 86 86
160 476 43 44 44
160 227 11 58 25
160 285 25 74 60
476 197 77 96 82
476 369 58 91 76
285 56 10 52 17
285 498 39 90 81
285 224 15 76 47
265 20 79 92 80
265 135 49 59 59
443 471 66 75 74
443 189 83 92 90
320 428 47 99 62
320 48 11 91 15
320 161 62 100 92
363 463 79 80 80
363 138 45 66 49
363 391 60 73 61
166 192 58 96 78
166 221 63 86 80
166 229 77 100 86
229 52 86 92 90
498 56 47 77 55
498 300 49 71 65
498 254 93 96 94
274 243 64 96 77
274 456 47 82 59
186 412 79 97 90
186 129 75 92 76
186 397 36 45 36
169 313 91 92 91
169 155 77 82 81
169 462 95 100 98
462 300 92 100 94
462 105 86 94 92
462 446 31 87 42
462 220 91 100 95
171 344 61 63 62
171 325 87 98 89
171 67 18 27 24
172 353 85 90 86
172 443 94 99 96
459 502 37 76 50
459 293 86 89 86
176 86 52 98 82
176 55 64 68 64
176 497 24 34 29
497 4 45 90 78
178 425 18 76 34
179 215 75 92 87
179 398 27 68 41
179 73 22 23 23
215 319 79 97 94
215 352 47 98 69
181 269 91 93 93
181 137 18 81 46
490 57 38 69 39
490 288 39 95 91
490 446 65 92 68
490 163 33 72 67
490 193 78 85 80
492 395 57 66 63
492 280 61 85 83
184 287 41 52 47
184 84 54 74 69
184 26 29 61 38
254 302 10 56 41
254 57 37 87 53
254 470 82 83 83
254 103 58 67 64
254 440 28 97 71
283 7 19 71 40
190 174 73 97 97
190 107 72 90 78
191 308 75 89 80
191 250 39 73 41
250 278 95 98 97
250 197 95 96 96
250 221 35 41 36
193 413 95 98 95
193 242 35 55 35
194 303 93 99 97
194 76 66 76 69
194 119 64 79 70
303 348 43 56 56
303 38 40 96 50
303 267 36 67 63
195 358 25 67 40
198 451 41 94 61
198 155 59 75 68
198 307 93 99 97
307 117 33 77 57
307 31 75 91 83
307 262 80 88 86
307 48 30 43 34
356 184 77 99 86
203 60 64 74 67
203 371 26 88 36
371 448 20 86 49
371 119 50 90 73
204 502 71 81 77
205 113 78 91 90
205 265 55 83 80
205 227 56 88 66
405 441 43 93 72
263 23 52 66 64
207 409 48 78 77
207 422 29 94 36
207 11 73 94 78
207 131 23 37 35
207 126 14 52 25
207 99 70 84 82
422 445 28 69 28
422 346 40 60 52
422 460 75 92 79
209 384 71 96 87
209 480 72 76 73
209 265 63 75 75
209 219 92 96 92
384 182 67 71 71
384 413 79 80 80
384 465 77 89 86
384 304 37 65 58
219 158 71 82 76
219 491 91 94 94
210 113 74 78 77
210 195 58 74 72
210 430 27 85 46
213 152 16 97 67
213 210 31 36 36
213 162 36 44 43
214 15 26 95 31
214 281 90 98 93
214 236 81 94 91
281 96 11 43 16
281 475 34 60 50
281 389 72 82 81
281 154 48 69 55
281 209 47 62 53
236 62 29 42 37
236 88 91 100 94
236 485 85 92 90
236 148 35 40 36
217 51 13 86 60
217 266 67 78 71
266 454 14 94 19
266 491 31 37 34
259 472 90 94 93
222 351 83 94 94
222 60 42 99 93
222 278 42 69 65
278 395 86 99 86
223 441 13 57 43
223 204 14 40 37
223 320 11 21 13
225 412 19 96 20
225 389 90 98 91
226 132 47 56 55
230 25 24 63 28
230 293 90 98 90
293 31 75 85 82
293 181 87 96 90
293 164 44 58 54
293 330 69 92 77
293 58 71 88 77
231 429 64 81 67
231 157 86 97 91
231 295 34 66 65
231 345 86 87 87
233 105 14 55 16
233 30 37 70 49
234 377 59 76 64
234 490 52 70 54
234 364 46 90 59
234 283 48 68 56
234 332 28 52 28
234 419 71 87 74
377 457 94 98 97
377 58 94 100 97
364 196 36 88 60
436 230 18 54 49
237 370 52 78 75
237 48 95 97 97
237 320 33 75 49
370 136 87 93 92
370 325 17 32 25
241 354 46 75 54
241 23 67 91 80
354 202 15 35 16
354 468 86 94 86
243 103 26 59 44
243 66 74 84 78
245 409 36 81 60
245 386 59 92 69
245 414 69 75 74
246 149 11 78 17
246 373 21 42 31
246 213 17 91 89
246 403 34 75 74
246 23 75 94 91
373 36 48 99 72
373 319 21 68 29
373 483 79 90 82
373 110 11 42 25
373 365 86 98 89
373 4 34 76 43
373 103 89 93 93
403 54 14 90 38
248 224 81 98 94
249 466 71 99 73
251 456 73 87 84
255 121 92 96 95
255 433 47 77 59
255 418 67 75 75
255 63 65 66 65
255 460 58 92 81
440 497 42 85 59
440 409 32 64 34
482 313 69 91 76
257 501 82 93 83
257 90 59 98 66
257 461 24 88 49
257 195 86 93 90
315 111 95 99 98
315 338 43 56 56
315 51 31 95 36
340 237 43 82 77
340 380 47 82 80
340 250 12 58 41
340 31 82 89 84
264 208 34 77 51
264 56 34 89 44
468 457 57 88 87
468 36 81 97 92
294 320 82 97 97
294 149 59 99 66
417 268 57 86 84
417 44 82 96 86
417 195 47 48 47
276 137 90 100 90
276 483 76 86 82
367 339 86 94 93
367 396 95 96 95
280 188 19 23 22
282 436 36 71 45
309 430 52 66 62
309 479 48 64 58
484 242 76 99 97
484 209 67 88 82
484 204 50 95 81
288 243 46 76 59
288 364 58 91 63
288 423 25 100 94
423 395 31 88 31
423 386 83 84 84
289 60 24 56 26
289 230 83 97 96
289 119 91 99 91
289 502 38 93 66
290 134 60 96 93
291 239 92 94 93
291 77 23 88 48
291 467 50 52 52
291 206 63 87 76
291 278 21 28 21
291 156 46 79 56
467 456 62 95 74
467 269 18 91 25
292 150 70 85 73
292 490 33 97 93
474 500 21 100 78
301 150 42 65 56
301 349 91 98 96
449 293 10 23 20
449 184 19 67 42
449 489 61 89 80
348 369 44 51 51
304 159 49 90 60
304 338 11 25 17
304 230 26 68 61
304 112 90 95 93
311 473 31 91 70
311 302 86 87 86
312 346 81 100 83
312 386 22 28 28
312 208 65 69 65
312 210 40 80 53
316 34 38 87 39
317 490 48 54 48
317 199 49 67 59
317 94 43 87 61
317 335 35 65 61
428 103 54 66 61
428 300 65 68 68
428 167 83 96 86
322 358 75 92 82
322 384 39 63 59
324 313 27 28 28
324 251 11 68 65
327 268 53 77 75
327 321 21 79 48
327 66 93 97 93
327 2 81 96 91
327 383 75 85 77
383 121 15 99 84
383 19 14 65 41
495 95 32 62 38
495 437 58 92 73
334 305 73 92 79
334 59 67 77 72
334 19 37 45 43
334 137 81 83 82
339 39 88 97 89
339 116 75 94 75
380 130 25 89 84
380 424 27 96 90
438 89 24 83 75
359 127 17 18 17
359 103 30 73 58
359 418 10 62 23
359 102 43 46 46
360 461 71 73 71
360 171 29 41 41
360 362 60 89 72
391 502 86 96 96
391 416 69 79 77
391 222 88 92 91
366 481 13 93 35
366 10 21 80 37
396 405 33 38 37
396 6 37 71 41
396 264 84 86 86
448 48 86 97 87
448 170 18 71 45
448 446 32 36 34
372 144 67 93 91
372 109 89 94 93
372 60 89 90 90
464 168 29 95 31
464 213 53 55 54
424 357 53 99 89
424 209 65 66 65
424 109 30 99 65
424 153 55 69 64
390 129 95 99 95
390 80 87 89 88
390 22 17 62 28
390 342 35 98 70
390 450 87 96 93
390 481 90 98 90
500 400 23 40 36
406 153 35 42 37
455 387 21 50 21
455 263 76 85 77
410 400 50 81 77
415 358 23 89 79
415 129 81 90 82
421 356 47 55 49
421 288 55 87 81
439 289 10 59 53
439 203 38 57 52
439 405 22 58 38
447 323 70 75 74
447 325 95 100 98
452 257 37 55 55
452 141 42 80 74
452 233 83 93 91
452 421 30 99 36
453 494 74 94 87
458 28 16 45 37
458 191 93 95 94
458 490 33 89 79
469 17 34 80 60
478 408 17 36 36
478 159 63 99 82
478 435 41 49 43
487 321 70 83 73
487 129 55 56 56
496 468 72 82 80
496 144 53 71 63
496 284 21 95 32
0 503
