62 222
0 61 53 98 69
0 19 94 97 96
0 32 85 96 88
0 30 20 64 62
61 57 46 81 78
61 22 80 86 86
61 30 28 31 29
61 58 75 82 77
61 25 16 86 66
61 9 21 93 61
19 49 94 97 95
19 29 60 89 67
19 10 59 62 62
19 52 65 75 67
19 59 90 97 91
19 48 93 97 95
19 11 11 44 18
19 12 60 75 74
32 54 86 88 88
32 44 35 66 47
32 25 37 88 41
32 16 48 96 76
32 37 52 61 52
30 15 25 28 28
30 6 26 66 42
1 57 32 100 57
1 54 14 41 30
1 11 18 33 28
57 5 76 95 77
57 34 61 70 68
54 22 13 59 40
54 50 53 66 62
54 34 90 92 90
11 51 43 68 50
11 6 39 97 92
11 39 22 64 45
2 53 60 65 60
2 48 43 82 52
2 0 79 85 81
2 60 69 94 89
53 30 70 85 76
53 18 86 95 86
53 2 81 85 85
53 37 64 92 73
48 51 52 66 61
60 12 78 88 81
3 17 36 49 42
3 30 19 29 23
3 11 24 26 24
3 45 22 74 30
17 47 92 93 93
17 44 45 69 46
45 50 80 86 82
45 12 14 54 26
4 25 60 99 97
4 13 34 60 60
4 54 27 29 29
25 3 59 60 60
25 61 88 92 91
13 60 77 82 80
13 53 21 75 61
13 48 11 53 20
13 38 71 75 75
13 6 63 78 63
5 22 36 40 36
5 20 59 61 60
5 4 30 66 51
5 48 47 70 69
22 16 90 93 93
22 20 17 37 25
22 43 11 29 18
22 59 60 94 85
22 30 27 28 27
22 48 65 81 67
20 15 35 78 40
20 31 13 70 22
20 7 72 84 81
20 10 54 81 67
20 41 20 85 85
6 17 66 94 93
6 27 25 74 30
6 60 21 56 51
6 40 26 68 68
27 9 11 37 12
27 30 90 91 90
27 21 78 87 82
40 24 54 79 79
40 18 23 51 25
40 59 56 59 58
40 41 84 89 89
40 25 86 98 96
7 34 25 55 25
7 54 47 70 58
7 55 92 100 100
7 21 78 88 85
34 14 29 78 51
34 30 52 59 57
34 61 77 82 77
34 5 38 51 42
34 7 29 38 37
34 24 92 97 94
55 10 46 98 83
55 31 35 57 36
21 35 30 90 71
21 43 90 96 93
21 55 79 94 92
21 6 17 86 32
8 18 26 50 27
8 14 54 60 54
8 20 28 60 39
8 53 95 97 96
18 23 64 81 80
18 12 31 50 31
18 10 92 99 92
18 13 15 53 47
18 1 76 100 89
18 47 53 86 84
18 51 41 83 71
14 19 82 91 87
9 5 73 75 75
9 29 43 61 57
9 60 24 27 27
9 23 51 52 52
29 15 13 73 23
29 1 37 55 43
29 31 64 70 69
29 22 65 74 68
23 40 47 74 55
23 36 91 98 93
10 42 54 58 55
10 11 89 94 94
10 58 20 64 45
42 22 31 76 58
42 44 56 97 87
42 29 34 100 74
58 46 63 76 69
58 43 86 91 91
58 1 11 43 22
58 36 90 99 98
58 60 32 39 35
58 38 42 96 62
58 12 69 98 92
58 2 58 95 89
58 32 81 98 94
51 31 13 34 16
39 20 12 17 13
39 10 23 83 64
39 34 71 74 73
39 27 79 83 82
39 40 51 87 81
39 46 30 42 35
12 16 23 26 23
12 9 72 90 84
12 1 33 39 39
12 10 12 79 52
16 8 86 92 88
16 1 80 88 87
38 1 51 73 65
38 20 23 93 27
38 14 23 50 26
38 6 33 39 33
15 30 89 92 92
15 48 57 79 58
15 58 60 74 63
15 44 22 44 34
15 43 26 89 28
44 18 61 69 61
44 19 70 87 77
44 49 93 99 99
43 31 78 89 83
43 32 92 94 93
43 18 16 25 21
47 32 57 85 78
47 35 74 82 78
49 14 10 69 49
49 8 38 65 53
49 47 59 87 81
52 40 57 80 63
52 17 17 54 47
52 21 13 49 23
59 31 76 97 92
59 53 93 96 95
59 36 37 94 87
59 28 20 98 28
59 38 72 78 73
31 20 39 57 46
41 9 57 97 85
41 20 27 99 63
41 24 42 45 43
41 5 43 66 51
35 59 57 90 68
35 10 79 95 84
35 9 56 92 78
36 33 73 81 74
36 27 62 100 75
36 40 77 97 97
36 51 65 82 77
36 50 56 96 83
36 1 44 67 46
24 52 36 68 66
26 38 45 50 46
26 46 61 94 84
46 40 85 99 94
46 38 75 97 86
46 45 30 95 34
28 37 14 46 35
28 21 66 97 96
28 8 67 70 68
28 59 28 86 35
28 54 76 90 83
37 0 73 85 81
37 34 19 71 40
37 57 35 62 55
37 51 74 99 96
37 1 54 77 61
37 43 21 36 32
33 40 21 85 69
50 42 95 98 97
50 57 79 98 98
50 49 92 95 95
56 43 28 41 32
56 25 25 62 60
0 61
