79 216
0 51 19 22 22
0 45 32 70 32
0 54 95 97 96
0 21 74 97 95
51 78 28 68 30
51 47 86 92 92
51 77 59 89 67
51 21 68 80 74
45 27 16 55 50
54 67 26 96 55
54 35 71 72 71
54 23 95 100 96
54 70 65 90 80
54 40 39 46 42
1 34 30 31 30
34 21 39 64 59
34 76 21 60 56
34 18 65 82 78
34 48 16 34 26
2 4 20 76 45
2 65 38 39 39
2 78 73 79 79
4 16 74 77 76
4 77 82 100 99
4 13 67 92 74
4 76 33 56 48
65 59 77 96 87
65 30 74 86 78
3 45 34 38 34
3 26 35 87 56
3 53 71 99 71
3 49 87 96 88
26 61 27 35 33
26 12 74 96 76
26 52 39 88 80
53 63 40 82 68
53 72 35 50 48
53 17 66 70 66
53 77 22 45 29
16 42 39 77 68
16 48 74 84 84
16 69 14 41 31
16 55 48 87 66
77 63 57 91 88
77 10 83 87 87
13 18 58 98 98
76 26 87 92 92
76 47 75 77 75
76 61 49 51 49
5 13 54 89 74
6 72 16 59 38
6 48 40 88 41
72 18 22 91 54
72 11 77 82 77
48 75 65 98 70
48 19 55 79 59
48 31 54 98 64
8 19 89 96 93
8 20 50 68 63
8 75 15 98 65
8 66 54 86 80
19 54 43 92 88
19 62 10 44 27
19 42 60 64 62
20 47 35 44 43
20 71 74 91 88
75 9 46 76 59
75 44 23 76 52
75 56 50 67 67
75 19 73 84 79
75 10 86 94 87
66 10 18 26 19
66 18 50 63 62
66 68 21 66 53
9 0 92 95 95
9 45 10 98 89
9 78 25 39 33
10 15 83 98 84
15 14 76 94 81
15 50 36 70 69
11 8 22 90 47
11 65 62 95 76
11 33 66 98 97
11 56 30 65 47
33 76 52 94 74
56 66 37 83 62
56 25 71 72 71
12 24 16 93 89
12 56 92 93 93
12 15 48 74 54
24 7 53 71 66
24 39 49 61 59
24 65 35 71 63
24 32 49 68 59
18 64 67 94 81
18 70 13 43 16
18 33 39 59 43
18 78 83 86 84
14 41 58 87 62
41 10 12 98 17
41 43 11 63 57
41 47 48 74 63
42 58 81 97 93
42 35 10 31 25
42 61 36 98 72
42 66 68 91 78
42 25 51 87 56
69 59 19 48 22
69 25 49 57 51
69 22 21 95 42
55 73 47 99 72
55 76 58 64 59
55 8 70 92 85
17 77 21 73 35
17 29 77 95 90
17 55 53 85 64
29 32 94 97 94
64 4 93 97 95
64 61 80 100 95
70 60 25 77 56
70 50 28 32 30
70 29 86 97 91
70 53 19 24 20
70 32 16 57 35
62 53 22 98 72
62 71 78 96 96
62 39 59 91 88
62 34 36 63 49
62 11 88 100 90
47 40 62 96 66
47 30 79 96 79
47 38 17 81 38
47 31 91 92 91
71 56 82 89 84
71 75 42 87 81
71 33 25 63 47
22 3 69 92 91
22 34 51 86 71
22 50 41 62 62
23 29 42 94 71
23 5 15 60 35
23 57 19 44 28
57 74 16 61 61
57 38 42 55 55
57 1 63 91 70
39 51 17 34 27
32 10 18 38 30
32 5 71 81 74
32 23 61 90 81
25 58 84 100 90
25 2 93 94 94
25 3 69 83 81
25 39 67 71 71
58 41 35 68 51
58 77 53 75 53
58 75 68 95 91
61 53 94 99 96
61 78 94 96 96
61 55 85 91 87
52 70 55 95 67
27 18 20 82 47
27 28 10 87 28
27 15 33 86 48
27 9 70 95 72
28 55 88 100 100
28 67 67 97 73
28 65 40 58 53
67 60 90 92 91
67 78 32 60 51
67 14 28 36 30
31 49 62 76 72
31 56 13 59 25
31 44 52 86 60
44 42 76 92 90
44 21 76 77 77
44 38 16 100 90
35 10 67 82 80
35 69 71 86 79
35 20 52 60 53
35 68 33 70 42
35 73 41 89 85
35 23 19 36 31
68 60 34 93 78
68 75 51 69 57
68 78 58 59 58
68 50 85 100 94
68 48 12 34 21
73 76 56 69 59
73 14 43 56 45
36 61 39 76 46
36 56 15 73 22
36 60 93 100 100
60 27 67 95 91
60 73 13 99 20
60 23 19 92 22
60 41 36 95 51
37 39 82 94 94
37 26 50 95 51
38 42 36 37 37
38 58 14 71 15
40 74 78 89 79
74 36 78 86 81
43 63 24 50 48
43 47 59 65 62
43 77 24 41 33
43 46 24 75 33
63 60 84 100 94
46 52 58 100 64
46 78 73 99 83
46 26 82 95 95
46 73 61 89 85
46 31 40 100 63
59 50 71 89 80
59 41 31 70 57
59 11 56 86 82
59 36 77 85 85
0 78
