1706 2823
0 1434 54 84 54
0 891 75 80 77
0 73 84 92 91
0 1312 13 99 93
1434 94 50 76 71
1434 1276 87 100 99
1434 1691 45 100 70
891 1323 89 100 99
891 316 42 91 73
73 1568 47 74 57
73 668 16 23 23
1312 1660 63 87 70
1312 1596 82 85 85
1 979 20 84 41
2 1333 77 100 89
1333 1563 82 99 97
3 126 11 57 37
126 348 82 98 83
5 307 12 80 64
307 416 79 92 92
307 752 56 78 67
307 1558 59 97 95
6 931 42 89 89
6 605 90 91 91
931 447 47 65 59
931 754 36 73 48
8 1052 59 100 75
8 1126 15 43 19
8 1122 10 64 45
8 1250 79 100 95
1052 144 31 61 58
1052 1017 31 64 38
1052 1036 80 81 81
1126 978 21 84 34
1126 1504 75 78 75
1122 86 49 84 75
1250 917 67 73 70
1250 1433 22 25 23
1250 132 14 25 19
9 563 80 88 85
563 260 46 75 66
563 935 45 55 52
563 679 70 91 88
563 1019 82 99 90
10 453 85 86 85
453 679 67 98 77
453 1477 67 91 72
11 1603 21 41 31
11 67 69 77 74
11 951 18 33 23
11 1231 52 91 79
67 434 46 71 58
14 336 12 23 18
336 1456 34 98 55
15 1635 60 69 66
1635 1632 69 80 76
1635 476 48 97 68
1635 267 76 82 78
1635 1617 62 92 77
1635 1372 62 70 65
1635 753 61 72 64
16 633 91 94 92
16 522 14 91 66
633 82 85 100 98
522 1583 58 88 77
17 936 53 75 68
17 528 91 97 97
17 1456 35 74 60
17 330 76 95 94
330 1081 51 74 58
330 413 32 97 73
330 1558 81 93 91
330 668 15 16 15
330 1632 88 96 96
18 994 30 41 31
19 681 64 80 77
20 388 71 90 79
20 999 55 59 57
20 796 48 100 74
388 12 61 73 67
999 689 80 86 84
999 1593 43 76 52
999 412 66 96 67
796 927 76 77 76
796 1301 33 51 47
21 922 39 61 40
21 1456 62 75 70
922 1705 31 52 39
922 915 65 72 67
22 128 41 84 64
128 17 14 95 77
23 1520 28 70 54
23 1589 20 56 49
23 803 42 88 48
1520 1218 80 85 83
1520 1696 93 98 98
1520 1608 42 64 55
1589 704 90 98 95
1589 421 46 89 77
803 603 12 50 45
24 438 73 83 81
25 186 67 92 69
25 1106 50 64 55
186 1391 49 57 56
186 219 89 97 96
1106 1168 86 96 96
26 679 25 36 26
26 602 59 72 70
679 940 14 83 55
602 932 53 98 60
602 94 42 51 45
602 897 15 52 22
602 1607 64 76 70
27 1124 65 97 96
27 1230 15 59 17
27 520 46 54 47
27 1610 49 68 57
1124 1555 29 60 41
1124 341 72 76 74
520 673 52 95 76
1610 876 59 65 61
1610 1498 57 100 74
29 658 19 54 34
29 798 70 77 72
29 1512 45 57 56
798 1252 79 87 82
798 952 94 97 94
30 347 66 83 72
30 364 46 98 49
30 715 42 58 50
30 1020 38 40 40
347 1008 94 95 95
347 1039 61 80 73
364 1637 22 67 49
364 989 92 96 93
715 194 22 52 27
1020 1362 71 78 71
1020 148 13 46 26
1020 854 84 85 84
1020 721 54 94 93
1020 769 53 70 58
34 1435 37 99 88
34 37 59 94 89
1435 328 83 96 92
37 926 27 75 74
926 111 60 95 94
926 1700 83 92 92
38 718 74 75 75
38 1213 32 53 48
38 464 94 97 97
718 1469 77 96 92
718 1330 24 37 34
464 37 60 71 66
464 1054 79 93 79
39 666 66 83 71
39 1393 30 98 30
39 220 82 87 82
39 1407 61 90 85
666 470 77 97 96
666 1304 15 26 23
666 1454 79 85 84
1393 801 75 91 91
1393 878 20 89 53
1407 163 75 92 80
41 1490 74 94 84
41 811 59 71 64
41 641 82 89 85
1490 921 41 49 45
1490 237 91 94 92
811 552 13 47 27
42 860 38 73 71
43 620 10 99 54
43 1084 66 88 76
620 895 88 90 89
620 1052 33 83 78
1084 978 42 84 60
1084 1656 27 41 35
1084 1228 52 70 63
44 793 36 46 40
44 938 38 66 43
793 575 33 70 67
938 4 83 88 84
938 1192 43 85 50
46 566 48 65 63
46 327 64 99 71
566 1147 19 75 66
327 437 41 93 86
327 367 20 92 53
47 1273 71 95 91
47 1618 14 75 31
47 1561 65 96 79
1273 455 88 100 100
1618 944 22 71 62
1618 15 11 63 61
1618 1167 86 91 90
1561 1093 60 93 71
1561 873 43 52 48
1561 1259 40 97 80
1561 541 36 94 93
48 1321 71 88 71
1321 489 90 94 92
1321 1563 88 93 91
1321 757 63 74 65
1321 1057 86 98 95
49 406 51 89 85
49 691 66 95 93
49 1492 52 91 71
49 1586 29 72 36
49 1335 24 78 72
406 296 90 91 90
406 354 88 89 88
691 707 61 65 64
691 338 46 89 81
1492 573 22 40 30
1492 1634 27 68 62
1586 1271 17 22 17
1335 1469 94 97 97
50 1047 35 73 53
50 632 41 80 48
1047 49 56 63 63
1047 101 12 36 36
632 132 44 75 54
632 438 15 23 23
632 650 48 51 48
632 1531 66 90 73
51 895 14 35 23
51 398 84 90 90
51 162 63 99 87
398 1418 66 73 72
162 241 42 54 43
52 1616 72 87 76
52 730 43 84 76
53 683 64 71 69
683 120 93 100 97
683 121 59 92 71
683 1102 31 39 32
54 1302 38 75 43
54 289 17 97 97
54 1114 10 81 48
1302 699 67 76 68
1302 180 91 97 92
1302 58 55 90 70
1302 776 13 15 14
1302 1678 73 76 74
1302 1258 35 65 61
289 420 10 71 41
1114 1579 74 80 80
1114 368 33 68 66
55 981 15 58 24
55 1645 39 71 63
1645 649 39 55 40
56 1606 73 77 75
56 544 71 75 71
56 939 91 92 91
56 481 15 56 46
544 1464 46 59 55
939 397 35 83 66
939 907 35 39 35
939 479 26 86 26
939 840 12 52 32
939 343 53 88 75
939 1079 82 90 83
481 438 65 95 87
481 1675 41 66 52
57 1648 30 34 34
1648 840 64 66 65
1648 41 91 98 98
58 31 79 84 83
59 1396 29 83 71
1396 1500 39 69 61
1396 1569 40 43 43
1396 1316 57 64 64
60 660 80 86 84
660 142 50 94 68
61 1545 74 76 74
1545 1612 74 95 74
65 830 59 90 68
65 784 50 55 50
65 894 79 97 80
830 1138 54 91 88
830 1109 62 80 75
784 1010 59 70 66
784 1497 20 69 66
784 1255 21 41 32
784 1539 93 94 93
894 982 94 96 95
894 660 31 94 92
66 1330 56 62 60
66 861 68 81 79
861 1607 93 94 93
861 838 56 65 60
861 630 84 87 87
434 256 55 96 89
68 754 55 67 55
68 294 24 50 46
68 762 17 86 83
294 1272 86 94 89
294 1302 29 34 30
762 1012 64 74 74
69 1229 63 78 70
69 623 62 83 67
623 39 44 98 83
70 606 62 100 85
70 412 61 73 66
606 1043 43 74 58
606 1242 11 90 73
606 721 14 28 22
412 631 92 94 94
412 1117 38 48 48
412 1344 27 55 30
71 1389 22 25 25
71 344 58 98 88
1389 1345 24 36 30
1389 125 83 87 83
344 292 77 83 81
344 1228 25 81 37
72 557 28 92 30
72 837 20 69 34
72 1190 13 18 15
557 804 23 59 23
557 477 50 97 94
557 54 90 94 93
557 402 95 96 96
837 897 23 32 26
837 681 87 92 88
1190 1390 15 84 25
1568 342 73 92 74
1568 77 12 35 16
668 995 64 92 79
74 1536 92 93 93
1536 669 13 74 52
76 1340 57 65 57
76 987 46 86 55
76 1056 17 67 50
76 919 57 89 83
76 119 87 99 91
1340 71 92 99 98
987 1268 37 99 39
919 1621 58 84 83
119 1677 32 66 58
77 802 54 57 54
802 1022 61 74 69
802 410 63 84 78
78 508 93 100 93
82 771 35 37 37
771 420 81 85 81
771 1072 46 91 58
83 1514 36 42 42
84 222 13 31 28
84 556 84 94 93
222 328 21 40 27
222 949 62 67 66
556 371 81 92 90
556 1104 53 56 56
556 767 34 61 41
85 765 11 73 44
85 1445 94 99 94
85 1693 86 92 92
1445 1141 26 74 31
1693 387 24 81 69
86 1055 89 93 90
1055 754 54 56 56
1055 1705 82 94 93
87 1227 89 99 92
87 626 59 94 93
87 1096 83 88 83
1227 1303 46 55 49
1227 334 45 62 47
1096 1354 72 92 74
1096 587 91 95 91
1096 38 58 99 67
88 1669 69 85 71
88 928 72 73 73
88 153 41 98 52
1669 1364 28 49 36
1669 1591 90 98 93
1669 138 75 93 84
928 1235 74 87 86
153 1050 31 88 46
153 133 71 72 72
89 237 32 100 84
90 111 50 63 60
90 331 18 52 52
90 112 71 94 84
90 896 58 94 89
111 1252 20 43 38
331 1111 61 93 68
112 562 95 98 98
896 1564 83 85 84
896 1263 31 68 63
91 333 23 62 46
333 562 79 97 92
333 106 64 81 73
333 751 51 95 85
93 1532 17 36 24
93 335 29 64 45
1532 1028 18 86 50
1532 1669 79 84 83
335 529 77 90 81
335 1083 67 91 77
94 173 73 99 96
173 1092 92 96 92
173 540 25 48 30
95 1253 51 100 71
95 1090 94 98 95
1253 1076 84 86 86
1253 767 25 74 42
1090 784 85 100 97
96 1114 15 91 18
97 1457 29 58 33
98 716 17 99 83
716 692 83 97 89
716 1034 34 36 35
99 311 43 74 73
311 941 18 95 95
311 1094 79 98 87
100 953 70 72 71
100 1288 86 91 88
100 1646 64 67 65
953 1381 37 89 88
953 164 47 84 79
953 1143 37 53 41
1288 705 14 94 64
1288 1398 64 85 83
1288 498 37 64 53
1646 509 41 80 47
101 331 37 94 83
102 1636 37 80 42
102 1157 52 67 58
1636 35 87 89 87
1157 751 51 54 53
1157 523 73 99 82
1157 1658 88 96 94
1157 1012 87 89 88
1157 1291 16 58 39
103 824 48 80 76
103 1704 50 64 54
103 1503 44 84 55
824 820 90 96 91
824 1084 66 99 87
1704 369 84 100 92
104 1013 91 100 100
104 704 31 41 41
104 315 68 95 85
104 765 78 100 85
1013 548 93 95 93
315 798 86 100 89
315 1054 20 35 20
315 833 16 42 26
105 1309 51 86 72
1309 256 82 91 82
1309 1213 67 70 68
106 260 49 77 55
106 1246 17 93 71
106 1408 30 79 34
106 1535 90 96 93
106 231 47 52 52
106 1158 90 97 96
260 448 81 88 88
1246 1611 32 50 41
1246 1 24 53 40
1535 1001 57 100 81
1535 622 82 87 87
231 892 23 96 65
231 68 19 34 22
1158 1567 15 39 33
1158 87 34 38 36
107 1440 47 92 80
1440 1044 69 99 90
108 389 88 98 95
108 51 27 75 27
389 1344 11 60 17
389 951 73 82 73
110 538 18 66 58
538 115 70 72 70
1252 521 18 19 19
562 48 53 81 61
114 1573 64 90 79
114 1639 86 95 87
114 1349 94 98 94
114 1196 29 91 89
1573 1256 27 36 35
1573 761 22 79 24
1639 1325 51 88 58
1639 890 57 85 60
1349 1237 19 24 20
1349 556 23 24 23
1349 1172 79 81 80
1196 458 63 66 66
115 568 41 93 73
115 461 73 92 87
568 1635 55 60 59
568 1032 32 39 34
461 357 44 52 52
461 1595 81 99 85
461 277 95 100 97
461 197 78 86 79
116 1106 21 50 40
116 455 93 94 93
116 925 80 100 97
455 821 73 86 80
925 703 95 97 95
925 1424 56 98 57
117 911 50 67 61
911 1209 33 38 35
911 300 35 79 40
118 833 85 99 96
118 36 39 49 48
1677 630 28 80 45
1677 697 72 86 83
1677 420 62 65 63
1677 1280 80 96 90
1677 1343 76 83 78
121 1189 69 81 73
121 707 84 87 87
1189 1126 35 100 60
1189 1272 40 84 79
707 833 28 30 29
122 142 60 70 70
122 644 57 59 58
644 388 27 75 46
123 350 66 72 67
350 646 90 100 91
350 1374 48 77 59
350 218 19 27 20
124 6 89 96 92
125 200 86 94 93
200 57 39 61 47
200 823 71 73 72
200 1123 37 78 62
348 257 83 95 87
348 809 61 93 80
348 1004 81 82 81
129 1167 58 89 86
1167 1692 53 100 97
131 36 72 86 81
131 563 14 95 19
131 1350 87 99 95
132 1625 46 56 49
132 340 73 85 75
1625 1636 17 98 29
1625 1010 87 88 87
1625 216 46 99 62
340 1061 47 54 49
340 1480 37 41 39
340 951 13 21 16
133 627 55 68 66
627 245 86 99 98
627 622 11 19 17
134 482 62 86 77
482 1100 21 78 27
135 1031 81 85 82
135 471 49 67 65
135 646 54 85 78
135 1415 81 96 96
1031 170 38 46 44
1031 282 12 56 40
1031 191 94 97 95
471 460 21 95 80
471 4 22 33 29
646 264 47 86 64
646 267 92 94 93
136 778 70 79 78
136 822 31 93 83
778 1064 55 59 59
778 1508 58 97 60
778 1625 58 78 72
137 768 31 97 83
138 742 16 19 17
742 1245 70 84 82
742 658 63 94 85
742 1625 29 72 66
139 932 92 99 96
139 568 40 73 40
139 1602 38 93 44
932 798 17 58 31
932 664 31 98 43
1602 718 67 70 67
1602 1461 27 43 38
141 903 89 97 89
143 343 43 94 78
143 614 34 66 51
143 564 48 78 51
343 61 38 89 70
343 1045 63 65 65
614 523 65 80 70
564 1705 70 94 75
144 1191 11 41 11
144 1185 83 92 83
1185 1420 39 44 42
1185 228 19 62 37
1185 1084 70 99 95
1185 1549 82 95 87
145 989 41 88 76
146 652 25 65 32
146 109 33 95 79
652 468 14 23 20
652 57 82 86 85
652 346 69 73 71
652 414 54 60 60
147 1220 36 60 37
147 857 93 98 96
147 657 24 26 26
147 506 12 48 18
1220 1521 75 94 86
857 1686 95 96 96
857 648 76 99 92
857 1387 44 97 48
506 1381 26 64 43
506 674 90 98 93
506 254 39 67 42
148 1056 12 75 42
150 769 52 54 52
769 21 77 90 77
769 436 13 54 48
151 1037 44 72 48
151 569 40 88 59
151 934 76 94 76
1037 1061 83 86 85
569 399 32 57 37
569 82 61 91 85
569 429 78 90 79
934 1186 79 97 94
934 558 36 96 49
934 377 66 100 76
152 378 65 73 69
152 536 83 85 84
378 1630 46 89 88
378 1696 92 98 95
378 62 91 97 93
536 1197 45 49 48
1050 578 81 94 86
1050 252 35 60 59
154 799 23 30 29
154 1186 70 99 85
799 895 61 84 74
799 229 40 48 42
799 1385 49 74 62
1186 1581 42 84 45
1186 1625 87 99 93
155 1158 94 98 94
155 931 78 82 80
156 6 11 96 86
156 62 87 95 91
156 1281 51 73 57
156 153 80 90 87
1281 179 37 100 66
157 1429 53 57 55
1429 792 31 76 70
158 1068 10 85 57
158 1121 80 98 81
1068 252 66 81 81
1068 99 42 76 75
1121 1594 64 71 66
1121 763 49 84 57
1121 1296 11 60 51
1121 1660 20 77 35
1121 129 64 70 69
1121 855 86 97 95
159 1494 60 69 69
159 1639 72 73 72
159 1196 42 74 57
159 1039 71 85 76
1494 1049 64 67 67
1039 1251 83 98 92
1039 1529 21 95 54
160 1463 63 89 83
1463 279 19 25 19
1463 1145 13 35 17
1463 1202 11 28 25
1463 129 42 98 65
161 322 64 76 69
161 1582 40 85 71
161 1145 34 98 39
161 43 59 73 63
161 1278 32 42 36
161 638 56 63 63
322 1139 62 90 62
1582 1250 58 97 79
1145 1146 27 30 30
1278 199 67 74 69
638 524 95 99 97
163 652 93 94 94
164 313 23 54 36
313 50 70 94 81
313 87 52 61 59
313 509 40 83 82
313 1513 79 97 93
166 318 47 95 49
166 394 71 72 71
318 1547 80 90 87
394 1112 79 90 80
167 1445 51 79 69
167 300 32 75 57
300 1648 12 45 23
168 80 91 96 92
168 1118 23 64 36
168 846 29 35 29
168 1156 89 94 90
1118 1300 45 86 46
846 1603 31 86 31
1156 759 72 73 73
170 1094 63 74 69
170 293 23 65 24
1094 935 41 92 52
293 989 38 42 42
293 462 23 89 87
171 1698 75 83 77
171 771 19 64 54
171 1397 45 58 52
171 669 95 100 98
1698 325 40 57 54
1698 856 17 77 44
1397 439 29 88 29
1397 760 50 65 55
1397 1624 92 96 96
669 1087 87 92 88
172 422 92 99 97
422 327 43 97 55
422 545 35 89 68
422 647 64 76 66
1092 1332 45 89 64
1092 580 72 100 89
1092 1470 70 83 72
1092 1374 60 100 65
540 511 65 85 79
540 1125 89 100 98
174 254 35 90 80
254 1267 30 32 32
254 777 34 54 45
175 1640 70 83 78
175 1552 48 69 65
1552 87 15 38 27
1552 710 65 90 90
1552 1336 79 94 91
176 244 91 93 91
176 231 21 55 38
244 1565 46 47 47
177 174 53 67 63
177 496 87 91 90
178 1004 34 87 81
1004 872 61 91 75
1004 1206 50 97 56
179 797 52 73 71
179 152 13 20 19
179 1608 40 77 73
797 160 33 47 33
1608 1130 81 92 89
180 297 39 66 60
180 437 75 99 91
180 1021 84 97 94
297 294 19 87 75
297 1259 83 86 86
297 550 43 95 69
297 572 59 88 77
437 1450 32 41 41
181 337 66 97 82
181 1232 40 90 47
181 948 53 64 54
337 350 31 91 59
337 991 64 95 90
1232 1170 56 97 68
948 860 79 87 85
182 1649 23 40 36
182 1400 92 100 96
182 622 71 90 89
182 901 30 91 83
1649 255 48 74 69
1649 252 90 91 90
1649 1398 90 99 94
1400 1214 41 99 87
622 668 86 87 86
622 512 25 60 37
184 963 72 93 87
184 238 43 65 60
963 442 27 76 70
238 22 19 31 28
238 790 37 50 41
238 322 83 89 85
185 1680 59 71 62
185 241 60 71 67
185 261 70 81 80
1680 921 34 59 40
261 132 13 53 14
1391 1452 46 96 77
219 93 10 19 13
187 17 89 93 93
187 167 63 97 87
188 452 53 72 67
188 653 19 90 44
452 605 93 97 94
452 875 44 95 72
452 640 45 73 70
653 1287 52 75 57
653 1569 62 97 79
653 255 91 99 96
190 1187 95 96 95
190 1524 65 87 85
1187 1329 74 80 79
1524 1370 30 64 35
191 418 46 81 71
191 948 18 23 23
418 40 73 100 74
418 723 57 94 69
418 733 83 98 93
192 58 91 94 91
192 1190 35 69 42
192 346 75 76 76
192 909 14 72 58
192 1389 83 90 90
346 774 25 65 39
346 118 42 88 54
346 1521 74 79 79
909 446 10 84 72
909 27 74 95 86
909 1282 50 61 55
193 645 75 83 77
193 1182 15 87 19
1182 119 36 87 66
195 1130 21 48 41
1130 637 89 93 93
1130 656 76 94 91
196 1226 85 95 95
196 1328 28 45 28
196 1573 67 98 89
196 1104 90 94 93
1226 932 50 62 57
1226 492 72 78 72
1226 778 68 89 69
1226 256 89 90 89
1328 1652 33 76 33
1328 722 69 89 72
1328 33 55 81 71
1104 811 89 92 90
1104 560 63 72 72
197 1321 76 89 82
198 498 69 97 71
498 1071 30 73 54
199 1120 89 96 92
1120 768 16 86 62
1120 1155 71 74 73
1120 31 31 33 33
1120 1515 66 82 71
1120 1635 49 59 50
1120 470 80 93 80
1123 684 83 86 83
201 128 81 84 81
201 13 58 88 72
202 1460 23 60 51
203 1084 68 88 87
203 488 56 66 65
488 521 68 88 87
204 967 71 90 74
967 440 60 65 60
967 1060 77 97 90
205 1695 58 68 58
1695 1683 50 64 59
207 719 45 92 87
719 1668 95 100 95
209 1502 14 65 35
1502 1595 80 94 84
1502 230 51 65 64
1502 1575 51 66 66
210 368 21 28 27
210 875 85 87 86
210 1009 79 82 80
368 1494 23 90 59
368 1223 61 98 76
368 1640 27 75 69
875 1426 66 74 66
1009 1512 92 97 96
211 1376 25 76 71
211 1599 22 69 49
211 265 46 90 82
211 471 69 80 71
1376 157 77 87 81
1376 1021 50 53 53
1599 669 49 70 53
1599 353 11 99 85
1599 159 26 27 26
1599 1636 72 84 72
212 226 90 97 94
212 1283 61 96 75
212 1532 62 67 64
1283 665 63 65 63
1283 1314 81 88 81
215 346 53 93 81
215 1382 23 34 32
1382 711 78 100 98
216 156 60 75 73
216 625 47 57 49
217 525 62 75 71
217 829 54 98 93
525 1179 67 68 67
525 1443 52 77 58
525 1068 46 54 49
525 146 70 72 70
525 1113 87 98 92
525 832 40 45 40
218 998 88 99 97
218 1417 16 99 38
998 879 81 83 82
1417 881 63 83 67
328 171 79 99 99
328 1443 57 59 57
949 345 21 67 47
223 610 60 93 79
223 746 81 82 81
610 730 33 90 40
746 1254 23 96 23
224 13 76 98 97
224 10 69 100 77
225 458 62 93 64
225 1472 38 60 39
225 521 43 85 84
458 36 18 54 36
458 308 28 39 33
458 320 77 89 88
1472 401 72 85 75
1472 1463 15 68 53
521 1079 60 93 72
521 1147 45 49 49
227 646 44 80 55
227 654 90 100 90
227 1371 57 79 58
654 313 54 72 56
654 1674 78 84 82
654 1691 33 85 81
1371 1558 34 68 61
228 1009 59 72 63
228 321 61 72 64
228 1415 31 58 42
321 272 92 98 94
321 848 85 98 92
229 216 31 59 36
229 956 20 92 82
229 1167 79 94 90
956 985 48 82 75
956 400 50 79 76
230 1269 84 95 92
230 1448 38 43 43
230 344 60 62 61
230 1412 18 65 18
1269 1242 86 87 87
1269 1340 76 84 83
1269 283 12 61 53
1269 1494 62 92 78
1269 707 34 69 44
1448 1426 48 93 68
1448 358 82 99 82
1448 1355 58 78 71
1448 640 25 71 33
1448 159 38 59 43
1412 369 47 73 53
892 23 91 98 98
232 1312 78 89 81
233 928 70 73 70
233 1511 48 89 53
1511 653 29 31 31
234 950 74 75 74
234 1084 19 82 27
234 693 17 44 22
950 1247 86 94 91
693 764 91 92 92
235 412 46 91 48
790 749 11 87 21
790 1487 50 92 62
790 525 46 99 59
790 1349 54 75 72
239 627 36 82 69
239 1397 48 89 71
239 193 57 62 62
239 286 64 76 67
286 1645 78 88 82
286 1325 24 84 83
286 1472 88 95 91
242 308 52 91 73
242 1223 13 26 17
1223 884 37 42 38
1223 501 68 79 77
243 606 34 96 60
243 27 20 93 51
1565 1313 63 95 69
1565 976 37 42 37
1565 1613 59 60 60
245 172 61 89 85
245 1534 56 82 79
1534 1426 42 79 66
1534 1521 19 57 21
1534 224 28 89 47
1534 1674 90 96 96
1534 1540 46 77 54
1534 1214 73 75 73
246 436 60 61 61
246 737 40 84 76
246 450 19 29 19
436 933 66 93 93
436 924 79 95 90
436 172 91 92 92
737 871 31 40 36
247 862 44 94 55
247 478 69 83 72
247 1324 88 89 88
247 455 58 81 71
862 382 23 73 62
862 22 26 57 46
478 589 93 98 93
478 277 76 90 80
1324 1153 57 74 63
1324 791 16 90 83
1324 1482 60 70 65
249 1091 64 78 73
249 502 89 94 92
1091 1015 19 39 24
502 1360 33 92 48
502 842 95 96 95
502 1156 56 97 58
250 1346 58 95 67
250 1141 95 98 95
250 1539 23 66 27
1346 1576 38 84 46
1141 877 83 100 88
1141 1296 65 79 65
1539 436 88 99 97
1539 68 82 94 92
1539 333 90 99 99
252 585 83 100 93
585 156 29 75 44
585 447 45 70 69
585 205 36 87 54
585 708 84 85 84
253 1657 88 100 91
253 1602 76 79 77
1657 952 73 91 79
1267 495 36 67 54
777 163 24 82 57
777 142 27 89 87
255 1197 88 99 98
255 1618 48 72 70
255 1039 73 92 92
1197 706 60 85 69
256 1460 34 35 34
256 833 65 97 79
257 332 36 54 44
257 1673 50 66 58
332 586 40 81 40
1673 1144 94 96 96
1673 1428 23 88 57
258 648 87 100 90
258 1367 74 89 76
1367 270 30 67 40
259 1299 50 53 52
259 92 62 93 75
259 196 51 52 51
259 890 75 91 78
259 949 53 97 65
1299 70 68 70 70
1299 1005 40 61 58
1299 1496 63 99 85
890 1018 72 81 77
448 314 82 94 93
448 1436 17 77 72
262 195 65 86 76
262 926 58 92 73
263 293 79 82 80
264 982 15 92 89
264 672 44 72 53
264 1301 53 58 55
982 538 42 64 63
266 596 61 90 76
266 511 85 96 91
596 723 95 99 97
511 170 79 93 91
267 1203 53 56 54
1203 1344 44 45 44
1203 1529 64 83 68
269 963 46 63 54
269 1360 49 74 52
1360 828 69 73 72
1360 1663 45 65 46
270 278 25 97 85
270 1263 42 83 72
278 184 69 70 69
271 1427 51 66 52
271 649 94 97 94
1427 399 75 91 76
1427 214 92 100 97
649 1110 37 68 53
272 1170 77 79 78
272 1634 12 54 47
1170 659 41 71 70
1634 1518 30 44 44
1634 1159 48 84 54
273 46 43 88 75
273 971 15 40 31
273 1111 29 90 83
273 387 73 95 91
971 1002 31 37 31
387 1165 91 98 93
387 151 19 26 19
387 711 48 86 67
274 1442 42 78 66
1442 1323 41 88 52
275 467 27 43 30
275 452 25 60 25
467 417 13 78 72
467 916 20 83 61
276 297 37 67 54
277 548 52 66 55
548 59 89 96 90
548 1299 72 77 76
279 95 44 84 55
279 585 27 47 31
279 223 47 82 65
281 231 22 35 22
281 576 40 86 62
281 1359 68 96 81
281 172 90 100 100
281 380 58 60 60
281 1583 58 59 58
380 769 47 75 49
1583 821 43 44 44
1583 1683 84 89 85
1583 844 70 91 76
282 1006 77 95 94
282 640 91 98 94
282 318 67 92 83
1006 1146 72 97 73
1006 482 41 85 83
1006 962 14 44 26
1006 631 61 90 75
640 789 46 91 53
283 1289 48 59 59
283 547 15 49 42
1289 587 93 94 93
547 1164 82 91 85
284 1097 77 99 86
284 1683 49 93 79
1097 286 69 100 76
1683 299 35 94 65
1683 465 89 94 93
1325 1380 79 89 80
1325 1052 89 92 92
287 954 33 51 35
954 1554 38 61 39
288 1314 40 97 59
288 584 60 93 62
288 1483 84 87 87
1314 983 19 66 22
1314 1377 35 68 55
584 333 68 89 89
584 1421 22 54 26
1483 1606 26 41 26
1483 1416 56 95 57
420 1106 75 96 75
420 1457 51 78 63
420 1627 14 18 15
290 1695 23 46 31
292 1424 66 74 71
1424 729 39 77 63
1424 846 67 75 73
1272 2 91 99 95
295 806 76 99 98
295 269 39 72 55
295 493 95 99 95
295 1006 75 79 75
493 1375 74 96 93
296 1397 43 98 65
1259 551 45 54 54
550 1608 35 66 62
550 1697 66 72 68
298 1157 46 98 57
298 547 79 88 84
299 66 51 68 59
302 281 90 95 95
302 1354 32 99 57
302 604 29 65 52
302 92 38 74 46
604 1267 61 76 65
303 182 69 95 86
303 1415 31 72 54
304 1057 39 67 45
1057 1342 87 93 90
1057 78 31 52 38
416 926 69 70 69
752 717 31 72 61
752 905 30 62 58
752 1349 66 84 71
752 1491 70 99 95
752 618 49 83 77
309 650 38 92 52
309 1521 89 98 90
309 1278 55 59 57
650 1190 82 85 84
650 385 39 100 49
1521 1017 65 96 67
1521 1232 20 62 47
1521 434 74 82 79
1521 871 41 50 46
1521 172 36 79 62
1521 312 39 45 44
1521 1489 21 71 30
941 664 78 90 88
312 1485 14 94 61
312 624 39 87 69
1485 1315 90 92 91
1485 318 92 94 94
1513 667 58 64 63
314 74 49 57 55
314 454 90 98 95
314 363 39 98 81
314 464 20 94 36
1054 603 53 94 88
1054 171 42 72 59
316 1141 19 94 23
316 1092 82 84 83
316 1674 55 90 81
1674 1496 55 88 64
317 546 77 90 84
546 1393 75 94 89
1547 1570 72 76 73
1547 1321 44 47 47
319 1206 94 98 95
1206 1066 11 72 49
1206 1096 53 72 72
848 750 76 91 76
848 107 92 94 94
848 1677 91 98 96
848 1348 69 90 71
848 1469 15 46 40
1139 1472 95 97 97
1139 1456 42 82 63
323 199 52 89 72
323 866 30 58 36
323 823 92 99 98
866 437 92 95 93
324 631 14 28 23
324 1158 68 82 77
324 1614 38 75 47
324 1092 83 98 83
631 1200 40 63 61
631 1328 63 82 66
631 406 39 47 46
631 422 74 93 78
1614 544 32 91 55
325 1461 24 29 24
325 1689 55 88 72
1461 842 83 94 91
1689 1181 48 86 85
326 351 75 81 77
351 406 16 96 74
367 1449 91 94 94
367 123 94 99 95
329 288 21 33 29
329 169 34 59 39
1081 930 42 64 45
413 523 67 99 83
1632 37 48 55 50
1632 787 49 93 83
586 628 75 84 77
586 684 51 87 54
586 470 13 54 38
586 565 84 93 90
586 386 28 44 39
751 114 26 57 45
334 280 95 97 95
529 946 12 14 12
529 193 11 40 24
1083 1612 44 61 51
991 327 75 100 92
339 219 77 87 86
339 1260 51 98 94
1260 141 30 31 30
1260 1389 52 62 59
1260 806 12 50 23
1260 654 25 91 50
1061 715 70 85 76
1061 511 49 76 70
1061 561 82 97 96
1480 1186 64 100 85
1480 225 35 88 43
341 1188 21 97 36
341 839 77 99 96
341 1202 13 77 48
1188 1460 39 47 47
839 1444 22 80 31
839 965 47 88 58
839 1341 87 96 92
1202 717 12 83 46
1202 345 91 94 93
1202 307 68 98 87
1202 25 55 66 58
342 1022 39 74 74
1022 1469 91 97 97
1022 152 21 50 46
1045 1040 24 97 43
1228 1336 21 74 44
1228 436 74 90 83
345 263 29 91 44
345 154 65 75 74
1008 600 50 100 70
1008 1566 38 52 41
1008 1498 48 85 62
809 1089 31 99 56
349 331 31 59 51
1374 1189 72 90 87
352 1506 94 95 94
352 612 81 94 93
1506 97 71 72 72
1506 1202 21 97 39
612 1421 74 96 88
612 723 38 100 78
353 347 57 68 63
354 1524 34 95 54
355 711 89 100 91
355 312 35 37 37
711 1546 46 55 47
711 1334 19 98 55
356 1572 21 95 28
356 1061 89 99 91
356 408 19 27 19
1572 80 74 75 75
357 1374 65 70 69
358 936 93 95 95
358 130 62 98 90
360 1403 92 97 92
361 1244 37 68 66
361 120 55 85 75
361 521 94 100 97
1244 48 58 90 87
1244 611 47 71 52
362 1483 30 35 35
1637 1407 69 71 69
1637 749 31 86 55
365 1397 91 96 93
365 103 14 78 41
365 592 52 80 80
1449 345 51 98 57
369 218 20 100 69
369 265 93 94 94
371 1261 15 39 32
1261 463 51 85 84
372 370 54 62 60
372 156 64 93 81
372 1611 61 91 88
372 676 32 43 42
1611 860 50 86 66
1611 941 37 92 72
676 1168 37 100 52
676 767 92 99 94
373 1482 29 79 76
373 1310 53 65 55
1482 261 53 66 53
1310 504 72 82 72
376 1034 35 89 41
376 521 28 48 39
376 1210 83 97 97
1034 1116 41 90 82
1210 144 18 57 48
377 582 19 50 25
582 176 78 79 79
1630 862 20 40 21
1696 1682 48 97 49
1696 710 60 65 61
379 605 80 88 80
379 1614 41 57 51
381 1102 74 97 75
382 8 34 40 34
383 742 54 70 61
384 1114 88 95 89
384 589 46 89 69
589 1486 14 31 31
386 350 11 56 35
1344 1142 49 97 96
391 1055 18 60 47
391 921 69 82 73
391 1526 56 76 68
921 1028 75 89 86
921 172 21 59 21
921 1227 10 43 39
1526 1160 14 67 61
1526 584 25 91 79
393 1043 66 83 67
393 1075 37 77 68
393 593 19 45 44
1043 872 22 73 71
1043 1031 67 92 89
1043 754 17 69 67
1075 1672 77 97 77
1075 333 27 69 47
1112 1011 79 97 95
395 266 38 97 38
395 87 52 79 74
396 58 82 86 84
396 592 31 72 37
397 1296 41 87 47
397 860 94 97 95
1296 1300 74 84 76
1296 514 88 94 93
1296 217 26 82 36
1418 976 71 85 76
1418 1465 33 67 36
401 1349 25 55 33
401 1351 16 23 17
401 1037 70 78 72
1351 1660 69 82 71
402 1158 70 94 74
403 865 60 78 70
403 1245 84 97 94
865 656 55 76 69
865 563 20 85 24
1245 1148 62 77 75
1245 1543 14 17 15
1245 671 34 89 37
1245 943 45 97 68
1245 1217 45 91 85
405 1529 67 80 75
1529 1428 30 50 33
407 701 76 79 78
407 143 76 90 88
701 773 86 89 89
409 186 70 76 74
410 93 90 93 93
410 971 54 62 55
411 803 72 100 87
411 1414 93 94 93
411 842 74 77 74
1414 1093 23 61 47
1414 871 59 98 73
1414 1308 10 56 45
1117 1290 92 97 92
1117 1635 54 72 59
1117 130 14 62 55
1117 732 27 44 39
523 1105 40 84 63
414 118 28 83 83
414 812 83 94 84
414 1292 73 98 74
812 587 16 78 59
1292 417 89 98 98
1292 338 74 75 74
415 1143 42 67 54
1143 1529 24 40 39
1143 988 91 100 99
417 1202 30 88 33
417 1215 87 97 89
419 50 94 97 95
419 101 82 100 99
1627 340 77 83 77
421 1428 20 75 23
421 1290 45 86 65
1428 493 38 72 72
647 1462 71 82 78
423 1169 13 91 42
423 541 30 55 53
1169 439 23 34 27
1169 1619 88 100 91
541 89 60 81 70
424 1059 22 50 38
424 200 92 99 97
424 176 32 34 33
424 1364 94 96 96
1059 311 22 86 27
1059 878 66 91 90
1059 1217 65 68 65
1059 700 71 96 82
1364 510 60 78 67
1364 58 79 85 83
425 1570 82 86 85
1570 1414 54 59 57
427 1070 94 95 95
1070 1108 26 65 46
1070 762 60 75 69
1070 964 18 47 35
429 693 53 94 89
429 707 23 40 29
429 1494 28 52 40
431 1546 46 89 65
1546 1669 88 98 96
1546 852 18 53 42
432 216 70 95 76
433 1584 31 61 45
433 1151 41 59 43
433 1374 58 93 61
924 261 64 85 79
924 806 61 98 81
1450 41 19 61 48
441 1427 59 67 66
442 996 44 84 58
996 142 19 73 50
443 161 56 100 72
443 439 52 69 66
443 1146 29 32 30
443 1370 28 72 52
443 1290 36 82 36
443 289 56 70 56
1146 318 41 48 42
1146 336 24 27 24
1146 1433 86 87 87
1370 559 65 99 80
1370 37 93 97 93
1370 668 43 72 46
445 650 37 59 54
445 490 89 90 89
490 1021 23 36 30
446 298 50 92 57
447 230 23 95 45
447 226 27 82 68
1436 495 91 99 98
1436 443 63 84 63
449 766 37 57 57
449 1463 52 65 56
766 251 36 42 38
451 418 84 94 94
1477 1148 12 46 34
1477 349 40 97 65
1477 323 49 54 52
821 562 75 95 83
821 75 82 92 87
821 896 14 30 25
456 758 11 91 64
456 348 83 97 85
758 1642 42 47 43
457 1165 50 60 53
459 215 43 56 50
459 521 26 54 46
1595 479 94 96 96
463 362 61 89 85
463 989 46 95 82
465 1588 24 28 27
1588 1650 22 45 34
1588 396 42 81 67
1588 996 82 88 84
1588 1432 42 94 86
466 815 54 83 72
466 123 21 86 74
466 1481 27 50 38
815 22 64 72 70
470 1292 32 35 32
470 1484 31 36 34
1484 1033 52 62 55
473 193 16 80 36
473 1012 65 85 65
1012 595 32 72 71
474 672 81 96 94
476 323 38 96 79
476 1696 15 32 25
476 806 47 55 55
477 108 94 95 95
477 1700 46 68 63
479 669 95 98 98
479 576 31 98 90
479 1150 32 97 76
1150 112 82 93 91
1150 1351 22 92 79
1150 1411 38 40 40
480 640 88 93 92
1100 743 44 50 50
1100 1274 56 69 62
1100 307 79 95 84
1100 1307 31 37 35
483 594 25 63 37
483 735 92 96 93
483 1360 55 82 70
594 338 26 52 33
594 148 35 98 84
735 1398 30 50 47
484 215 59 96 68
484 552 69 98 92
485 258 70 72 71
491 568 18 78 24
491 1359 21 25 24
492 88 48 73 63
492 1459 63 64 63
1375 1163 23 37 30
1375 1136 76 88 83
495 1429 36 71 50
1071 1502 95 97 97
1071 429 75 93 83
1071 1561 73 89 84
1071 91 28 83 80
1071 282 30 76 74
501 1375 14 76 49
503 1462 62 96 62
1462 798 17 79 35
504 160 31 51 33
505 1552 91 98 92
505 1544 78 93 88
1544 222 45 69 53
1544 1110 79 81 79
1544 1066 51 86 54
674 545 87 95 87
674 686 25 49 25
507 1443 40 92 74
507 1606 39 90 42
510 962 51 85 63
962 1099 32 42 33
962 1378 15 90 17
512 381 16 61 26
513 1411 28 57 36
513 1049 62 65 64
513 64 43 94 80
1411 861 44 45 45
1411 544 11 55 40
1411 554 50 57 53
1049 661 89 92 91
1049 1395 35 51 47
514 1256 28 62 47
514 1135 20 61 20
1256 380 24 62 58
1256 227 62 63 62
1256 1423 95 96 95
1256 71 44 60 57
1135 931 72 99 88
1135 1695 88 92 90
515 702 50 91 81
515 528 84 95 88
702 1134 56 82 70
702 664 64 68 64
516 1690 46 71 63
1690 1364 62 94 70
1690 1265 68 89 69
517 688 27 76 74
517 997 78 87 81
517 1005 92 95 92
688 1350 38 54 54
688 697 21 24 22
997 1064 55 92 78
1005 848 28 72 66
518 226 53 64 54
1079 196 67 91 81
524 1225 28 71 61
1225 713 61 96 78
1225 1456 50 85 54
1179 89 51 80 76
1179 1653 30 58 58
1113 792 26 57 31
1113 940 35 47 35
1113 1563 41 85 47
526 738 33 56 45
526 1679 51 80 56
738 107 66 82 78
738 170 63 95 64
738 2 34 84 62
738 247 54 88 69
1679 1243 65 74 72
1679 1207 51 63 63
527 1652 87 95 87
527 917 79 83 81
527 614 19 81 20
527 1107 18 41 40
917 1614 47 54 53
1107 657 51 72 54
1107 115 70 74 72
946 185 33 96 46
530 450 38 40 40
530 1283 20 22 21
530 1507 30 74 50
530 1514 59 83 78
531 1621 91 96 92
531 135 86 95 89
531 870 73 90 75
1621 921 15 36 31
1621 1675 71 93 88
1621 1652 16 63 20
1621 491 72 96 88
1621 1070 50 94 54
870 292 48 60 48
870 200 25 33 29
870 1083 43 66 51
870 95 50 78 68
870 1081 10 67 10
533 1289 87 95 90
533 219 92 100 96
533 1204 10 92 56
533 1539 84 96 93
1204 75 74 75 74
1204 999 90 95 95
1204 648 86 88 87
1204 676 76 77 77
534 565 79 93 84
534 1689 85 91 90
565 934 20 85 84
565 1102 55 58 58
565 504 46 58 57
537 263 63 96 74
539 258 16 72 63
539 1253 70 86 76
539 466 57 70 68
539 1077 34 60 43
1077 1601 57 71 66
1077 1548 28 40 33
1125 960 11 88 23
542 1356 36 47 41
542 612 18 44 44
542 1694 95 98 96
1356 351 71 77 73
1356 1520 19 99 48
1356 78 90 91 91
1356 287 77 92 92
1694 1590 31 69 39
543 90 67 91 72
1464 655 31 73 49
1464 604 33 64 52
1464 791 32 67 38
1164 1410 93 95 93
1164 746 44 58 50
549 1238 50 54 52
549 691 19 57 37
549 669 57 68 64
549 890 37 56 37
1238 792 25 67 38
553 1672 59 77 72
1672 247 16 38 36
554 40 48 68 67
554 1365 14 54 39
555 1674 90 100 100
804 300 47 93 69
804 204 45 100 82
558 500 34 38 37
558 1058 11 29 25
558 147 63 91 86
1058 126 36 37 36
560 1093 17 23 20
1093 551 77 88 86
561 1703 37 42 42
561 203 12 70 42
561 1287 91 96 92
1703 966 61 72 66
1019 496 58 61 60
1019 1089 74 82 77
567 1180 24 71 71
567 271 88 97 95
567 420 72 97 72
1180 156 88 99 88
1180 763 67 95 67
1032 403 14 75 29
571 256 66 99 93
573 129 67 78 69
574 185 67 83 73
574 443 68 74 74
575 1428 10 69 44
575 484 92 94 93
575 608 84 93 91
575 1148 95 98 95
575 1529 44 82 57
608 576 84 88 86
608 1317 59 61 61
1148 897 34 62 47
577 1245 66 88 77
577 906 28 43 36
577 1342 57 74 68
577 750 72 94 80
577 468 75 83 75
1342 283 30 95 91
1342 1064 95 100 97
750 1036 64 67 64
578 501 20 45 20
578 1358 16 20 16
1358 1006 36 40 40
579 479 48 49 49
580 880 13 23 17
580 1004 83 100 93
580 854 68 70 70
880 15 41 85 52
880 1660 55 77 55
854 590 51 84 62
854 1168 40 74 50
581 1128 22 75 27
581 238 67 76 74
581 387 45 76 73
1128 234 39 60 44
1128 1285 42 100 100
583 1626 91 92 91
1626 1369 68 75 72
1626 1109 35 69 47
708 1003 25 38 30
628 890 62 82 69
628 1076 19 73 23
684 159 40 76 42
684 388 76 88 85
587 78 22 62 25
588 1106 35 90 56
588 182 68 83 82
1486 1604 68 81 71
1486 123 57 93 69
590 715 41 95 84
595 572 10 59 23
597 1237 57 63 60
597 642 16 91 76
597 474 17 33 33
1237 72 45 86 46
1237 1067 54 71 61
1237 873 18 38 27
642 461 20 95 93
598 1400 52 95 61
598 1575 42 92 69
1575 1046 65 71 68
1575 253 13 73 54
1575 980 57 94 65
599 47 62 76 69
599 589 78 93 79
600 1396 84 95 88
600 1517 86 97 97
600 101 31 97 88
601 260 52 66 58
601 780 84 88 87
601 1427 95 99 96
601 822 87 95 89
780 1401 47 61 58
780 1592 94 97 97
897 233 75 88 83
897 1106 91 98 96
897 1558 45 87 49
1607 529 55 82 60
1607 805 81 89 83
1607 474 57 91 66
603 1014 79 95 89
1014 1569 81 88 82
1242 710 83 100 83
1242 1230 80 85 82
1242 943 79 88 83
1242 1404 77 91 83
721 649 24 76 42
721 835 10 90 42
721 126 21 67 40
607 786 48 97 55
607 1309 72 96 87
786 1349 78 89 79
1317 510 56 58 56
609 1603 41 59 56
609 728 80 89 83
611 568 44 61 59
613 55 41 60 42
615 1244 32 35 34
616 446 70 99 91
616 336 86 88 87
616 300 82 94 90
618 830 32 35 34
619 274 40 58 57
1076 312 91 98 95
629 997 75 87 79
630 393 95 100 95
630 216 76 89 81
1531 380 48 91 71
634 1604 70 85 82
1604 1260 17 59 54
1604 1083 59 64 60
635 264 38 52 38
636 292 86 93 91
636 1630 45 83 47
637 444 67 85 70
637 1092 79 93 79
639 465 42 61 56
639 853 27 72 48
853 439 33 95 52
853 1501 26 42 41
789 1300 14 22 15
789 1281 77 94 84
643 849 35 54 43
849 1125 89 93 90
849 1577 46 77 48
849 1429 27 57 27
849 958 15 79 32
1110 1658 62 65 64
1110 1652 54 70 56
1569 1140 68 75 68
1569 695 68 100 84
1569 1434 17 96 85
1569 1601 35 66 49
655 1343 22 32 26
655 206 33 72 54
655 182 71 78 74
655 1546 42 100 44
655 383 58 75 65
655 1321 81 87 81
1343 915 39 75 71
1343 621 64 85 66
1343 1587 90 93 92
661 504 12 15 12
661 1046 29 79 57
661 133 22 93 52
1046 746 22 68 67
1046 1289 21 91 46
663 613 19 94 87
664 670 36 39 38
664 1283 17 48 25
670 1555 63 81 72
670 543 34 59 34
670 666 63 87 79
665 69 19 52 21
1304 165 67 96 70
1454 1044 22 41 24
667 119 76 86 79
995 135 52 70 64
995 976 10 89 42
995 312 94 96 94
995 646 61 74 66
1087 791 92 95 93
1087 464 77 84 84
1087 1092 23 37 30
1555 622 55 89 78
1555 1203 22 32 31
671 1443 83 89 86
686 28 92 93 92
675 85 46 82 74
675 258 62 70 63
677 1018 17 51 50
1018 1106 95 99 97
1018 1016 35 68 68
1018 319 81 96 86
1018 1589 79 97 95
1018 644 60 79 77
678 581 81 100 96
678 525 44 61 50
678 1156 85 99 96
682 1505 41 79 67
1505 1368 86 89 88
685 534 77 81 80
685 560 55 64 59
687 596 72 83 80
689 905 92 93 92
690 693 29 67 60
690 1093 68 82 75
690 1121 55 68 62
692 871 81 95 87
692 348 26 91 42
871 1349 27 30 28
871 1354 85 94 90
764 470 19 71 61
764 114 40 62 48
764 268 81 87 81
694 1203 93 99 95
694 590 45 99 48
695 102 39 92 71
696 34 29 83 77
696 1514 22 99 74
698 1545 76 86 81
698 62 22 93 47
699 625 11 13 13
700 900 34 49 48
700 1226 60 71 60
900 835 87 90 87
900 210 74 79 79
900 912 59 63 63
900 1310 65 85 80
773 1461 28 60 49
1134 140 54 72 68
1134 15 95 97 97
703 922 47 70 52
706 1211 94 97 96
1211 184 86 90 86
1211 502 10 46 33
1003 94 69 74 70
1003 1675 11 47 37
709 189 27 76 41
709 361 93 96 94
709 53 40 77 52
709 1228 82 92 86
710 616 84 92 88
710 221 61 96 92
1334 403 40 65 50
1334 164 54 83 56
713 480 26 86 62
713 471 57 82 72
713 1070 28 84 41
714 1162 29 49 45
714 1054 90 92 91
1162 1474 22 67 60
1162 762 52 65 57
717 443 64 90 75
717 1658 90 92 91
1469 878 93 94 93
1469 532 95 100 100
1469 1216 94 99 96
1668 676 78 87 79
1668 780 53 84 71
1668 1556 72 97 80
1668 604 18 95 21
720 963 51 69 52
720 24 48 100 56
835 603 74 84 75
722 1600 49 89 66
722 397 39 48 41
722 9 69 93 89
724 787 74 88 74
724 558 31 86 53
724 1671 90 97 92
724 960 29 50 36
960 934 40 86 83
725 539 30 92 43
725 1171 30 96 52
725 1641 30 62 62
725 511 65 74 74
1171 96 79 91 85
1171 820 24 40 28
1171 679 24 77 35
1171 1315 23 73 47
1171 206 95 99 98
1171 244 44 45 45
1641 776 45 80 49
726 1208 37 97 94
731 762 91 95 91
731 402 33 59 47
732 1175 68 90 77
732 1102 77 78 78
1175 962 19 74 24
734 78 62 78 64
734 353 34 54 50
734 362 54 63 59
734 1276 36 62 61
1276 1236 45 72 59
1276 1366 37 64 50
1276 1360 28 90 58
1398 687 82 87 84
736 1662 63 70 63
736 949 53 77 69
736 789 16 61 53
739 1695 20 50 26
739 796 62 89 78
741 66 74 97 77
743 662 42 53 47
743 1594 66 78 74
1594 1015 15 32 27
744 302 15 65 36
744 483 83 99 92
744 175 35 85 75
745 1653 33 66 65
745 19 29 51 42
1653 64 42 81 75
1653 77 93 96 94
1653 21 53 56 53
747 1477 65 91 69
747 1174 82 86 86
747 588 59 74 67
1174 4 58 63 60
748 1530 43 87 76
748 1395 77 92 85
748 1035 95 100 97
748 1136 86 94 92
1530 1383 75 90 78
1530 1568 46 84 51
1035 641 16 68 54
749 1101 76 88 78
749 838 38 95 50
1101 247 74 80 75
1101 1396 85 90 86
1101 675 71 97 93
1101 280 37 54 39
838 1603 48 78 67
1036 1553 65 66 65
1036 236 87 96 92
753 1403 94 99 94
753 85 83 99 83
753 1123 16 36 31
755 1061 62 85 80
755 579 20 55 36
755 140 52 81 74
756 571 20 85 56
757 1027 25 39 36
757 967 74 96 81
1027 815 51 70 68
759 577 56 80 67
759 1431 43 52 49
1431 1285 93 99 98
761 435 95 100 96
763 1287 63 79 65
763 758 57 59 58
763 1476 81 86 83
1476 1510 78 97 92
1476 1047 41 94 84
770 1062 34 72 64
1062 1188 82 93 90
1072 379 72 77 77
1072 913 35 57 37
772 1415 29 34 32
775 1607 74 100 98
775 904 21 40 31
904 1379 29 38 31
776 916 50 69 59
1508 906 86 95 95
779 1128 33 66 45
781 689 23 24 24
781 564 46 72 70
782 94 45 91 69
783 1336 43 80 78
783 528 33 50 35
783 735 82 91 82
1336 283 81 87 87
1010 325 95 97 96
1497 1421 40 53 50
1497 641 43 97 82
1255 336 85 95 90
1255 206 35 57 51
1255 1245 27 81 39
1255 270 74 81 80
788 1288 72 98 93
788 1197 68 78 68
788 354 80 96 94
788 666 41 98 74
1300 1501 76 82 80
1487 658 59 74 73
1487 143 42 44 44
791 1031 72 85 80
794 77 18 24 18
795 1297 15 21 20
1297 910 63 98 66
927 804 83 92 84
927 664 25 34 31
1385 29 51 84 84
1385 579 57 87 81
800 1458 84 85 85
800 156 10 86 29
1458 41 50 97 88
1458 13 60 63 63
1458 1085 44 96 62
801 746 57 100 67
801 819 61 82 64
801 1457 94 98 96
819 1625 35 56 37
805 1660 83 95 85
805 1652 52 88 87
805 105 10 68 37
1660 117 48 90 82
807 1395 11 13 12
807 842 16 100 33
808 693 84 97 90
808 1533 91 95 94
808 193 52 94 61
808 1058 79 96 79
1533 344 93 99 95
1533 148 52 79 52
1089 1343 78 91 87
810 728 56 62 58
810 286 15 54 52
810 426 48 55 51
810 783 28 99 97
813 1223 15 96 94
813 293 71 91 73
814 107 12 65 62
814 1170 36 81 40
817 110 84 93 89
817 864 33 85 76
864 441 72 76 73
818 1491 39 60 39
818 1644 79 80 79
818 1261 86 94 91
818 6 11 23 23
825 104 67 100 88
826 1080 85 88 86
826 1620 94 98 97
826 471 15 84 43
1080 1444 84 90 90
1109 285 44 47 44
1109 241 47 75 55
831 1512 30 37 33
834 254 43 81 74
836 1103 42 76 48
836 1394 16 98 78
1103 136 18 35 27
1394 1600 15 40 19
1444 375 53 64 61
1444 1412 75 76 76
1444 1172 47 75 60
1341 958 85 91 88
840 119 15 88 20
840 275 24 38 25
840 1340 43 80 48
840 1269 40 55 51
841 221 79 85 82
841 1426 78 88 82
841 822 59 83 62
841 185 32 69 67
1426 589 84 85 85
843 1108 78 81 79
844 1086 64 72 67
1086 37 77 97 94
1086 1239 53 76 68
1086 386 33 67 38
845 1572 71 76 72
845 50 86 94 91
845 47 78 90 82
847 400 35 59 40
847 1358 65 94 79
847 1058 72 96 80
847 562 24 61 42
847 758 93 95 95
847 594 44 54 46
1348 1031 44 85 81
1348 900 15 16 15
1348 1391 91 94 93
1348 1615 31 75 31
1577 1362 43 95 89
1577 372 76 91 76
1577 1569 42 93 84
958 1076 70 76 70
958 76 93 99 97
958 1681 61 91 72
850 374 43 59 54
850 1375 21 92 92
850 1287 39 59 49
851 187 56 99 63
851 332 13 97 19
851 1223 30 66 45
851 1531 13 60 25
851 202 26 27 26
852 1671 25 49 40
855 102 31 46 46
855 582 39 94 89
855 281 72 94 78
856 643 14 44 15
1686 1340 58 60 59
1686 1616 45 49 48
1387 853 12 35 29
1387 13 73 94 84
1387 219 34 60 59
1387 191 29 100 66
858 1373 91 100 100
858 433 25 51 29
858 214 71 74 74
1373 1241 22 25 23
1373 1156 86 90 88
1373 1380 23 81 27
1373 1060 84 88 86
859 776 90 96 94
859 1233 95 96 95
863 1241 72 91 87
1241 651 14 17 16
1241 1418 93 95 93
1241 921 65 68 65
1241 1191 38 59 40
867 1281 63 84 72
867 927 83 100 98
867 724 83 96 96
867 1555 13 60 21
867 203 90 97 91
868 797 10 52 21
868 1633 46 87 56
1633 600 31 51 32
1633 301 50 59 58
1633 56 74 76 74
869 697 50 65 57
872 1537 46 49 48
872 783 20 90 76
872 1088 67 79 79
1537 1127 41 55 41
1537 433 63 98 88
1537 1538 47 84 68
1088 217 34 72 43
874 1085 13 39 25
1085 1411 71 73 71
876 927 67 92 78
877 1584 16 34 33
878 224 11 71 24
879 1159 13 59 38
879 886 14 31 18
886 1233 26 80 76
881 1225 35 50 49
881 319 47 71 47
883 491 66 77 66
883 764 85 89 89
884 806 53 100 89
885 1705 64 99 91
885 1146 88 92 88
887 142 34 42 40
888 1592 82 98 93
888 1344 19 30 24
889 1165 43 66 52
1323 336 48 52 52
1323 950 52 89 52
1323 163 73 89 88
1323 1487 40 55 55
893 259 15 43 22
893 1250 78 95 83
893 261 34 59 35
893 1106 92 99 92
1564 1238 84 100 92
898 1035 21 54 42
898 931 65 74 72
898 51 16 55 16
898 432 29 88 73
902 1280 87 92 88
1280 1636 43 47 43
1280 277 85 99 86
1280 435 92 99 93
1280 1633 78 100 94
1379 791 68 99 76
1379 679 46 88 58
1379 835 70 98 73
1379 1598 87 91 87
907 560 10 19 12
907 277 40 100 44
908 1681 29 87 75
908 1281 12 32 31
1282 835 76 89 78
910 374 29 52 52
910 1123 43 99 65
1209 481 34 77 67
913 376 90 94 94
913 378 75 85 85
914 680 52 92 56
914 1471 44 93 44
915 1594 67 95 84
915 937 23 90 26
937 1137 61 98 87
918 678 17 53 50
920 92 23 54 32
920 474 63 97 84
920 849 92 95 94
1028 1444 14 72 40
923 990 70 78 76
923 596 57 93 92
990 226 44 82 81
990 97 71 74 71
990 1471 91 97 96
929 725 27 91 68
929 786 84 85 84
930 946 57 69 57
930 460 31 95 61
930 242 62 71 69
1192 45 87 97 97
1192 276 41 54 49
942 1144 56 79 56
942 834 89 91 91
1144 419 33 64 33
1144 1535 26 80 42
943 1401 35 100 42
943 1115 59 64 61
943 382 41 68 49
944 1246 45 69 69
944 54 33 66 47
945 1221 23 59 29
945 192 37 74 61
1221 135 16 80 22
1554 180 72 95 82
955 456 18 41 21
955 532 18 44 29
957 760 16 70 26
959 90 59 97 66
1099 600 37 58 51
1378 380 25 70 63
1378 1621 43 47 43
1378 1377 91 100 99
964 990 40 54 44
964 556 30 51 51
1060 689 27 40 38
1060 732 49 97 91
1060 853 13 66 46
1060 439 55 75 56
968 730 75 82 81
968 887 86 95 92
968 197 76 78 77
969 451 58 82 73
1002 263 78 84 82
972 901 69 83 81
972 372 71 100 85
972 1080 63 70 68
972 1496 13 41 28
973 1525 93 96 93
975 1466 59 74 70
975 1456 12 79 75
975 759 80 92 83
1466 1392 30 62 45
1466 1410 59 64 61
1466 693 30 73 53
976 1378 36 65 51
978 257 92 95 92
980 1232 71 87 75
980 1148 43 91 65
983 1433 53 57 56
1433 711 44 48 47
1433 110 86 92 89
1433 1610 84 88 87
984 1509 74 99 91
984 137 48 56 54
984 1598 33 49 39
1509 42 59 74 70
1509 907 41 42 42
1509 656 14 86 52
1598 161 58 73 65
1598 1574 51 96 83
1598 973 18 24 19
988 1300 14 39 14
992 969 50 89 67
992 396 40 94 70
993 1068 23 38 29
1001 169 67 99 73
1001 178 34 81 60
1007 555 28 43 39
1007 853 63 64 64
1007 496 86 93 87
1566 171 32 40 39
1566 132 87 99 95
1498 106 12 88 58
1498 221 83 97 87
1498 132 20 56 42
1011 1262 84 97 91
1262 1302 72 74 72
1262 769 22 93 87
1262 1687 64 87 73
1015 224 81 87 83
1016 326 48 91 77
1017 649 16 61 34
1017 746 89 100 100
1017 633 80 96 90
1017 601 26 59 51
1017 1662 29 46 29
1362 1630 57 72 66
1023 631 61 86 85
1023 1143 28 50 39
1024 1088 63 86 76
1024 1335 78 90 88
1025 1593 16 58 25
1026 590 19 95 77
1026 429 92 96 94
1026 823 62 88 62
1030 99 13 26 17
1033 1467 82 97 97
1467 26 46 68 58
1467 1403 17 22 19
1467 1377 84 92 92
1467 457 41 71 49
1467 350 44 78 49
1467 948 41 70 41
1116 1222 79 96 96
1038 52 28 56 30
1038 1007 38 99 93
1040 358 10 48 13
1040 578 76 95 90
1040 38 89 92 90
1040 1100 29 82 29
1041 989 52 54 52
1041 689 62 89 82
1041 473 57 87 79
1042 667 72 77 74
1042 200 28 51 47
1044 874 50 75 60
1051 1637 78 98 94
1051 1047 41 48 46
1051 392 54 56 55
1053 293 42 89 88
1053 1461 35 67 62
1053 22 63 72 67
1217 382 94 97 97
1217 299 58 100 63
1217 143 65 77 71
1063 288 33 58 46
1063 999 60 73 68
1065 1262 11 55 33
1065 605 31 80 40
1066 480 76 81 79
1066 126 46 82 64
1066 510 33 67 35
1067 691 51 81 71
1074 1643 56 94 91
1643 1313 10 70 25
1601 351 54 61 60
1548 1407 11 86 38
1548 1085 37 67 48
1548 1454 67 70 69
1082 549 34 54 36
1082 1182 35 84 42
1612 1295 53 75 68
1612 1281 27 73 39
1656 839 16 97 56
1239 268 67 99 93
1332 275 79 96 80
1332 1422 56 84 68
1098 962 51 95 84
1274 192 78 86 84
1307 1667 82 97 96
1307 831 38 93 87
1579 36 43 94 55
1119 1074 41 85 54
1119 773 75 94 81
1119 1343 27 75 30
1155 1163 38 92 86
1155 566 88 97 92
1515 665 52 100 81
1515 1173 81 90 86
1504 1217 29 96 55
1504 601 89 91 89
1504 311 35 87 87
1127 88 53 54 54
1127 388 56 78 66
1127 1505 62 82 65
1127 1036 17 58 36
1285 1017 25 50 34
1285 137 63 92 68
1129 552 13 60 26
1129 5 80 88 83
1131 603 58 69 62
1132 424 56 94 79
1133 1264 46 94 69
1133 1154 64 95 76
1264 546 81 91 91
1264 1484 15 97 56
1264 1655 91 99 93
1154 1637 70 78 76
1154 126 81 92 88
1140 747 93 96 96
1142 237 59 89 70
1149 701 55 92 89
1152 1366 41 61 44
1152 1094 14 57 27
1152 343 47 48 48
1152 601 84 95 88
1366 495 26 36 33
1366 1334 57 81 66
1366 921 67 85 82
1153 1547 53 69 57
1153 1507 94 98 97
1291 516 23 75 34
1291 1541 19 38 21
1567 1625 50 97 95
1160 631 35 40 40
1160 680 21 34 22
1160 794 17 31 24
1160 1629 88 94 93
1160 887 32 72 64
1629 723 86 93 86
1474 1224 44 82 61
1474 1216 77 87 84
1410 1313 93 100 95
1692 77 77 99 96
1692 1666 55 77 72
1619 1216 51 79 78
1619 843 52 75 65
1172 1460 72 79 75
1173 1213 42 47 47
1173 987 38 87 77
1173 631 41 74 51
1177 1700 43 57 46
1178 1181 50 77 62
1178 516 32 50 36
1181 491 47 74 47
1181 80 35 49 37
1183 137 70 78 76
1184 784 82 84 84
1184 50 72 75 75
1184 130 35 92 75
1549 220 13 81 47
1549 1151 61 95 88
1581 91 93 97 93
1329 1402 16 62 33
1390 895 79 97 96
1193 920 22 74 53
1193 652 90 91 90
1193 25 17 99 93
1195 1215 89 90 89
1199 1444 29 34 32
1199 1643 74 79 76
1201 240 17 33 22
1201 296 32 41 40
1201 236 81 88 81
1205 151 27 31 27
1207 994 91 99 95
1207 296 72 99 75
1207 189 76 77 77
1207 119 12 16 16
1216 1633 69 92 87
1216 451 70 79 72
1218 1492 79 83 79
1218 262 81 83 83
1218 1379 92 99 92
1218 244 19 70 42
1219 1001 89 100 99
1219 497 12 95 73
1224 865 22 27 26
1224 328 50 70 64
1303 1311 60 91 86
1240 468 49 67 61
1240 327 72 76 75
1240 877 52 69 59
1404 983 18 37 20
1404 1481 95 98 96
1404 855 18 30 24
1243 749 71 83 81
1243 972 73 86 83
1543 1663 35 87 62
1248 893 90 93 90
1248 426 16 39 37
1248 740 31 42 31
1257 1275 26 92 30
1275 831 91 93 92
1275 378 83 90 90
1258 325 47 94 48
1687 120 69 76 73
1687 1567 22 49 45
1655 1431 52 89 60
1655 427 73 97 83
1265 380 95 96 95
1265 588 14 39 22
1270 787 60 79 75
1270 1056 84 93 85
1277 1553 91 95 94
1277 1207 72 83 76
1279 1378 61 95 94
1284 1040 77 82 77
1284 853 51 59 51
1284 1137 19 94 65
1293 1538 42 86 85
1293 1477 70 82 76
1538 654 39 55 45
1538 1639 52 60 58
1294 232 30 59 45
1294 1670 58 93 69
1294 274 46 93 65
1294 796 92 99 97
1294 1657 46 69 57
1294 1363 78 80 79
1670 1049 65 70 69
1678 1333 73 84 73
1678 518 26 78 69
1678 135 31 46 42
1305 1180 55 80 69
1306 511 73 74 73
1667 141 14 15 15
1308 925 19 41 22
1308 1694 37 52 40
1308 1434 14 35 28
1596 1012 63 70 70
1596 1634 69 71 71
1313 356 13 20 20
1313 445 47 62 55
1313 87 89 95 93
1377 667 72 84 84
1377 904 11 56 44
1377 1301 76 80 78
1316 1010 76 95 81
1318 340 38 65 63
1319 651 88 91 90
1319 153 72 78 76
1319 509 94 99 96
1319 362 92 94 94
1320 648 50 92 73
1322 605 16 98 90
1322 208 66 69 67
1380 1166 49 77 58
1327 1538 62 79 66
1327 1023 71 85 76
1327 1694 38 86 85
1327 10 67 82 79
1327 109 68 71 70
1327 1007 47 75 54
1331 960 68 72 68
1422 1562 70 71 70
1422 1325 90 100 98
1337 1701 13 19 16
1701 802 24 37 37
1701 1204 66 86 71
1701 183 84 87 86
1338 756 30 82 61
1338 678 71 80 78
1339 41 58 83 78
1339 1284 52 92 73
1339 956 47 64 52
1587 916 89 94 91
1345 1471 64 100 69
1345 1044 13 77 36
1345 1498 46 47 47
1576 290 34 73 55
1576 485 83 98 96
1576 246 58 86 70
1347 833 49 93 74
1347 15 71 77 72
1615 894 16 40 19
1615 1131 49 97 78
1353 139 29 62 44
1355 1199 55 98 61
1357 1182 11 48 38
1357 734 11 52 18
1663 449 61 75 74
1663 117 24 86 25
1663 228 29 46 36
1663 1002 34 83 44
1368 1466 27 76 63
1368 1074 15 100 34
1369 1364 15 85 51
1372 1020 92 95 92
1384 956 17 19 17
1388 1022 35 38 37
1452 1112 52 62 55
1452 771 20 82 20
1452 1237 14 29 14
1500 993 14 23 16
1500 1316 73 75 75
1500 932 34 74 57
1624 1328 85 89 88
1399 414 46 92 70
1406 630 38 68 68
1406 405 89 96 91
1413 1116 37 44 38
1413 1289 84 92 86
1416 713 21 48 23
1465 1466 73 78 73
1425 1105 59 69 68
1425 739 85 90 89
1425 1448 39 61 48
1425 1293 13 33 24
1430 1013 47 48 47
1430 176 78 83 83
1432 1572 40 41 41
1432 519 33 36 35
1437 973 59 83 72
1437 890 92 94 94
1437 1566 32 38 35
1437 985 40 56 51
1438 1038 93 94 94
1438 387 16 78 27
1439 580 18 61 45
1441 350 51 53 53
1441 1294 74 85 82
1441 511 18 92 83
1441 922 40 91 72
1446 1422 40 78 71
1446 1006 65 82 74
1446 345 91 95 91
1447 1419 82 87 86
1447 400 71 77 77
1451 1261 32 46 37
1451 1621 50 52 51
1453 732 71 86 84
1453 1671 23 79 68
1455 1257 64 91 80
1455 779 42 94 45
1455 50 22 67 35
1468 381 90 94 91
1473 467 45 89 83
1475 1443 24 44 38
1475 1495 77 93 83
1495 1348 13 86 28
1495 1202 87 93 87
1510 1393 60 63 61
1510 127 88 95 92
1510 504 89 97 96
1478 1082 26 34 33
1478 1088 70 91 91
1489 823 77 81 81
1493 465 10 87 75
1499 387 48 74 60
1499 364 78 98 95
1516 1694 85 92 90
1516 1186 47 76 62
1516 1168 51 90 70
1518 1425 85 97 90
1518 1173 14 81 68
1519 131 65 71 67
1519 1310 76 95 95
1522 269 17 30 28
1522 142 79 96 92
1522 1179 46 81 62
1522 590 72 93 84
1523 750 45 94 49
1527 919 36 65 60
1527 1168 68 87 87
1527 483 54 79 63
1528 166 60 87 65
1528 43 85 92 89
1540 1294 15 92 46
1540 510 13 75 75
1540 853 26 84 33
1542 394 10 53 47
1550 855 66 82 72
1550 53 53 56 53
1551 96 75 91 81
1551 53 58 77 59
1556 483 48 81 79
1556 1683 13 36 19
1557 16 27 37 29
1557 312 26 99 85
1557 1029 30 54 44
1559 1483 64 77 65
1559 835 35 40 35
1560 922 51 52 52
1613 1276 29 100 67
1571 1415 39 46 39
1571 1258 41 61 47
1574 1569 89 94 93
1585 151 62 80 68
1585 315 33 98 79
1650 585 54 97 87
1590 69 42 59 45
1590 949 56 73 59
1590 1214 27 76 42
1590 728 85 94 91
1591 399 67 96 79
1591 641 62 92 82
1591 245 77 91 78
1591 106 21 76 55
1597 918 78 85 79
1597 1283 65 97 95
1597 306 38 75 46
1597 198 15 34 32
1609 442 40 58 49
1609 760 36 87 45
1609 1427 31 76 60
1617 771 56 85 69
1617 1142 73 89 78
1617 596 18 51 33
1622 271 35 94 53
1623 1392 17 69 29
1628 825 65 99 68
1631 709 37 59 39
1631 1350 71 96 78
1638 1451 85 97 94
1638 61 62 67 62
1638 1096 91 93 93
1647 1397 45 76 53
1651 1065 12 85 77
1654 180 74 95 85
1659 1702 87 100 94
1702 845 86 96 96
1702 1678 92 96 93
1665 1482 14 46 33
1676 1398 90 98 96
1682 946 10 23 13
1682 975 71 73 71
1684 129 72 80 80
1685 1045 64 87 87
1688 649 52 63 52
1688 1555 88 100 96
1688 744 25 38 33
0 1705
