33 113
0 4 37 59 52
0 29 34 98 94
0 16 11 52 30
0 12 25 48 43
4 32 83 84 83
4 13 60 73 65
4 16 27 29 28
4 6 28 58 49
4 14 12 22 14
4 18 25 83 73
29 32 83 100 100
29 11 61 63 61
29 0 79 83 80
29 12 95 100 95
29 15 36 70 64
16 10 72 92 82
16 15 69 92 77
16 13 39 50 47
16 14 23 37 27
12 28 85 97 87
12 6 81 83 82
12 20 23 47 35
12 4 32 66 61
12 30 21 81 42
1 21 48 49 49
1 14 23 37 28
14 13 67 85 78
14 6 12 73 53
2 5 20 47 31
2 19 43 64 50
2 23 70 71 71
5 32 22 89 65
5 3 22 78 52
5 29 19 41 40
5 8 43 81 62
19 20 20 95 87
19 3 32 68 51
23 30 57 83 76
23 29 58 85 80
23 15 17 35 25
23 11 76 88 80
3 31 41 79 48
31 4 48 52 52
31 32 83 91 87
31 8 27 96 89
31 27 22 24 24
32 26 66 90 79
32 28 30 43 31
13 19 75 88 83
13 4 60 74 65
6 26 83 85 84
6 21 86 87 87
6 23 94 99 94
18 10 25 37 32
18 0 43 92 47
18 20 34 73 47
8 6 92 94 94
26 14 64 69 64
26 3 22 69 49
7 25 39 51 51
7 0 85 86 85
7 6 91 93 91
7 15 47 70 59
25 19 88 90 89
25 32 44 91 78
25 17 40 90 51
15 25 57 98 74
15 32 37 94 48
15 11 16 21 19
15 4 70 88 76
15 21 34 39 37
9 14 31 33 32
9 16 43 80 77
9 5 14 20 20
9 19 48 52 48
9 12 57 89 57
9 13 17 27 18
10 23 92 98 95
10 1 13 31 19
10 30 15 25 18
10 12 36 65 45
10 29 54 80 80
10 7 84 99 96
30 14 12 19 17
30 24 44 72 66
30 27 28 51 34
30 5 82 95 86
30 23 60 81 64
11 16 81 82 82
11 10 75 96 87
11 13 36 61 39
28 13 39 70 70
28 22 28 42 29
28 0 50 79 62
28 30 49 74 51
28 11 16 96 58
20 7 28 96 56
20 4 49 62 50
20 21 80 97 89
20 19 39 83 58
17 18 43 64 57
17 19 94 95 94
17 25 90 94 91
22 30 38 71 41
22 17 67 100 89
22 23 92 96 95
22 29 62 91 72
22 2 44 78 75
24 15 15 39 27
24 23 42 47 44
24 0 34 62 60
27 18 41 46 45
27 3 61 79 78
0 32
