85 275
0 40 81 92 84
40 10 28 38 35
40 74 56 60 56
40 2 34 50 34
40 34 53 87 67
1 53 89 98 90
1 60 63 92 80
1 83 42 57 43
53 76 70 86 70
53 12 22 73 72
53 28 78 85 82
53 19 49 52 49
53 45 37 90 54
60 10 79 82 82
60 44 70 89 75
60 51 35 74 37
60 12 95 100 95
60 65 80 96 87
83 45 16 56 36
83 68 94 100 97
2 51 27 63 41
2 70 55 64 60
2 40 10 32 10
2 57 35 73 54
2 29 66 77 75
51 66 53 75 67
51 3 27 89 69
70 72 83 96 94
70 23 10 56 11
70 71 38 60 42
70 12 13 95 26
70 55 41 54 42
70 76 42 50 47
70 60 67 91 86
57 12 70 80 78
57 54 25 84 58
57 45 95 100 95
57 64 71 91 78
57 82 53 65 64
57 32 68 89 89
57 7 72 73 72
57 25 76 95 89
57 10 19 21 20
29 18 63 93 79
29 64 55 85 72
29 78 67 85 74
29 33 94 98 95
29 46 78 83 81
29 30 70 84 74
29 4 91 99 95
3 14 82 99 83
3 73 64 86 85
3 55 69 87 76
3 51 12 20 14
3 2 83 99 93
73 41 72 90 88
55 64 95 100 95
55 51 64 96 65
55 57 90 97 91
55 71 53 94 87
4 50 43 58 56
4 83 40 98 83
4 67 30 65 60
4 38 83 98 96
50 55 65 67 65
50 20 67 82 69
50 70 47 66 50
50 32 16 79 51
50 12 71 74 73
50 30 92 93 93
50 45 28 77 77
67 20 46 79 77
67 14 92 98 92
67 57 70 92 77
67 56 78 97 84
38 67 60 73 64
38 47 92 96 92
38 20 39 79 69
5 84 53 63 54
5 46 87 95 93
5 2 74 81 79
84 51 13 42 36
84 61 35 55 37
84 43 50 70 54
84 56 26 33 32
46 75 37 53 48
46 58 82 95 87
46 72 44 96 80
46 24 69 98 96
46 26 58 99 87
6 22 55 100 86
6 0 32 78 73
6 76 28 51 31
22 44 55 69 56
76 24 86 91 90
76 11 80 88 88
76 43 59 74 66
7 34 62 72 68
7 28 31 54 32
34 7 71 99 98
28 74 84 86 85
28 82 29 33 30
28 71 71 91 81
28 15 54 57 55
28 64 62 71 69
8 78 11 99 47
78 36 20 33 24
78 39 70 86 75
78 30 61 71 68
78 4 50 61 54
78 0 86 98 89
78 16 29 58 41
9 0 82 86 85
9 84 40 92 66
10 4 64 70 65
10 67 54 62 60
10 29 39 42 41
10 25 14 40 39
10 12 61 99 94
25 76 93 98 93
25 41 33 95 61
25 29 34 92 78
25 45 13 93 47
25 75 60 91 83
25 63 30 62 38
25 60 21 93 36
12 30 84 100 90
12 56 10 78 73
12 52 73 94 77
12 6 61 86 62
11 82 17 99 39
11 37 58 61 59
11 44 86 91 91
82 67 39 59 53
82 13 11 70 14
82 57 52 84 77
37 0 34 90 58
37 19 26 83 77
37 60 18 43 37
37 50 26 100 98
44 21 81 84 84
44 68 72 89 85
44 11 27 75 35
44 18 65 91 85
30 12 53 78 64
30 25 59 76 73
30 16 11 57 41
56 42 90 92 90
56 7 41 84 76
56 30 87 94 92
56 24 30 53 38
52 83 52 60 52
52 59 21 85 76
13 46 86 96 94
13 14 21 50 26
13 79 62 92 86
79 66 62 99 65
79 74 77 81 81
79 55 21 100 63
79 10 23 65 42
79 19 81 95 85
15 10 48 83 56
15 9 72 78 75
16 52 12 48 33
16 43 83 93 92
16 47 33 87 52
16 55 42 81 53
16 81 24 69 69
16 48 84 92 86
43 66 42 63 49
43 15 11 60 37
43 31 21 58 39
47 6 61 79 73
47 64 86 95 90
47 84 13 44 31
47 20 55 84 60
81 22 77 93 91
48 24 34 51 43
17 33 51 72 63
33 8 81 97 94
18 54 94 96 95
18 25 11 20 20
18 57 42 78 63
18 1 77 79 78
18 70 52 65 56
54 23 49 50 49
54 24 27 60 51
54 5 50 56 50
19 63 74 84 83
19 64 28 37 33
19 5 95 98 97
19 32 22 97 81
63 44 87 89 87
63 55 21 57 24
63 60 81 100 97
63 50 56 84 64
64 84 73 93 76
64 25 45 93 53
64 48 88 97 93
32 21 47 97 51
32 39 44 75 55
20 31 32 86 74
31 14 14 43 15
31 18 78 83 83
23 37 80 100 84
23 52 55 83 70
41 39 19 79 40
41 19 81 88 88
41 79 86 90 86
41 25 20 90 90
45 68 29 52 38
45 61 57 65 61
45 71 17 96 87
75 59 66 71 67
75 9 41 80 79
75 43 68 91 88
26 28 61 74 66
27 12 32 98 97
27 67 45 46 46
27 52 81 96 87
27 63 15 58 15
27 69 77 93 81
69 49 94 98 97
69 55 47 54 47
69 78 58 68 59
69 53 95 99 96
69 61 31 66 34
74 61 71 78 72
74 22 10 85 58
71 7 25 67 57
39 17 48 85 80
39 4 66 89 69
39 15 16 70 58
39 28 46 51 50
39 1 49 60 60
39 7 74 82 77
35 20 38 51 40
35 78 17 93 43
35 40 81 90 87
35 14 49 50 50
35 8 93 94 94
36 56 80 94 94
36 31 19 61 59
36 73 46 62 49
36 69 65 80 69
36 70 50 70 50
42 80 20 73 56
42 9 77 82 81
80 1 17 83 25
80 21 81 96 81
66 30 36 76 40
66 60 28 48 45
66 64 46 80 60
66 72 59 74 59
68 63 22 35 23
68 35 75 98 81
68 33 25 58 49
68 3 62 91 64
61 53 17 95 27
61 72 20 36 32
58 8 39 59 53
58 27 32 100 63
58 73 36 40 37
72 67 85 88 88
49 25 69 76 71
49 37 60 97 78
49 41 13 14 13
59 45 23 63 27
59 66 12 38 24
65 38 88 89 89
65 73 87 88 87
65 59 23 81 41
62 63 60 64 61
62 36 86 89 89
62 1 54 90 78
0 84
