128 197
0 22 85 95 91
0 78 49 98 83
0 24 12 41 41
22 33 49 60 53
22 18 30 84 58
22 106 42 78 43
78 45 65 91 90
78 124 43 61 53
24 88 47 80 53
1 43 60 100 86
1 105 76 82 82
105 32 94 99 98
2 111 87 94 87
111 86 59 67 65
3 85 77 98 97
3 33 14 99 82
85 66 29 78 68
85 4 35 67 51
33 53 10 98 65
33 65 40 52 42
33 126 84 94 91
6 120 41 60 50
120 121 45 61 53
120 106 51 98 67
8 76 42 94 91
8 48 64 83 71
8 73 30 71 66
8 45 35 51 47
76 122 54 79 66
76 56 16 71 16
76 75 45 96 49
48 84 72 97 82
48 75 67 89 86
73 25 18 24 21
73 64 45 95 71
73 12 47 55 53
45 110 49 52 51
10 75 77 81 81
10 31 65 79 71
10 44 28 75 61
75 31 52 63 54
75 37 89 92 90
75 28 67 91 80
75 41 56 60 59
44 111 21 23 21
44 110 57 99 73
44 42 58 80 73
11 6 88 97 92
11 66 24 86 35
11 49 74 92 77
11 61 63 92 88
66 98 95 96 95
49 3 31 97 80
61 116 24 97 66
13 107 61 65 62
13 127 85 93 93
13 74 12 34 30
13 104 93 95 95
107 119 32 56 41
127 56 15 74 53
127 61 68 88 76
127 100 51 71 58
74 113 72 91 77
74 48 66 78 76
74 68 60 62 60
104 31 43 99 81
14 97 40 93 51
14 116 50 71 56
14 31 75 88 84
97 122 42 76 66
97 31 86 96 95
116 40 15 58 27
116 113 15 20 19
116 125 94 96 94
15 2 79 96 79
15 18 15 61 57
18 50 19 21 21
18 90 74 78 77
18 36 27 97 56
16 70 90 97 94
16 20 32 36 32
70 79 70 98 73
20 26 58 92 61
20 48 72 83 78
20 55 11 35 19
17 111 13 46 20
17 120 87 97 91
17 24 28 91 54
50 8 73 83 79
36 11 66 94 72
19 48 57 60 58
19 30 46 84 55
30 117 61 67 63
30 98 48 58 50
55 17 22 51 47
55 94 37 97 89
106 60 74 91 79
106 112 73 96 82
106 33 93 98 97
23 123 27 75 61
123 25 14 42 26
88 104 95 98 95
88 26 74 93 83
88 64 23 51 36
25 15 58 62 61
25 61 45 94 57
25 81 13 33 22
25 65 82 85 85
25 34 45 85 65
81 99 23 90 88
65 8 20 26 26
29 41 26 73 71
29 24 24 50 41
29 87 32 36 34
41 62 75 83 81
87 58 55 79 69
32 73 41 92 71
53 124 83 87 85
53 50 85 86 86
53 112 74 77 74
53 12 42 88 70
126 31 88 96 88
126 85 58 82 65
35 76 65 94 67
35 98 81 90 90
35 73 23 47 29
35 21 79 83 81
37 77 79 84 80
38 96 80 90 82
38 64 22 26 22
96 56 60 75 69
96 99 53 79 72
96 22 37 86 52
64 48 68 80 73
64 103 68 91 88
42 50 70 74 70
42 82 27 57 29
47 25 89 96 89
84 66 30 75 45
51 78 24 72 59
52 91 87 89 88
91 127 18 50 20
124 102 74 93 86
112 7 79 83 82
112 40 18 71 60
54 32 66 68 67
94 48 22 93 71
56 101 66 99 96
56 107 85 96 94
56 73 18 59 42
101 47 83 96 83
101 112 66 83 75
57 123 47 90 65
57 85 63 95 89
58 96 25 58 27
59 52 71 91 90
59 94 61 75 72
63 17 36 85 82
67 93 31 82 78
93 70 90 97 92
68 75 63 67 63
68 79 91 99 97
68 50 47 83 47
79 74 24 73 36
79 3 76 77 76
79 67 92 97 96
69 44 26 57 31
72 89 55 82 58
89 46 27 97 32
113 48 81 94 88
122 0 42 43 42
122 11 13 85 18
122 63 25 99 30
122 62 26 45 37
80 72 54 60 56
80 60 21 24 23
80 74 14 17 17
99 79 28 41 39
86 127 69 83 69
86 117 66 84 72
86 35 87 100 93
100 21 93 96 94
102 55 72 73 73
102 59 78 96 78
102 99 67 76 71
119 58 27 82 35
119 113 14 98 16
108 80 36 92 68
109 111 32 37 36
115 5 92 100 96
115 68 78 90 79
125 66 89 99 91
118 46 57 69 61
121 102 92 98 97
121 79 73 92 86
121 72 14 16 15
121 22 57 74 73
0 127
