307 1090
0 306 66 80 74
0 56 30 97 54
0 65 80 85 84
306 133 15 87 51
56 31 36 78 65
56 89 90 95 90
56 18 32 80 70
65 280 52 68 56
65 297 28 98 40
1 160 73 88 87
1 41 47 79 75
1 28 48 94 81
1 60 23 35 32
160 158 18 85 81
160 68 34 53 38
41 62 64 78 72
41 116 62 66 66
41 32 18 48 22
28 156 11 98 48
28 23 15 48 33
28 210 95 97 96
28 27 27 94 83
28 46 46 62 61
60 37 22 48 42
60 40 63 78 63
60 186 14 33 33
60 123 33 54 39
60 211 12 81 37
2 273 27 54 54
2 200 82 86 86
2 267 58 59 59
273 43 43 86 76
273 183 17 34 21
273 156 30 82 73
273 219 77 100 95
273 76 48 85 81
273 272 91 92 92
200 160 40 88 71
267 244 45 86 53
267 50 93 96 96
267 218 86 92 90
3 164 75 96 80
3 7 17 78 41
3 158 32 47 44
3 121 30 83 65
164 232 12 32 28
164 32 55 77 76
164 244 56 76 62
164 109 31 80 41
164 31 33 76 60
164 78 12 77 49
7 204 12 26 24
158 98 13 34 23
121 49 52 65 56
121 202 42 98 42
4 301 42 100 55
4 52 45 94 78
301 40 23 47 30
301 256 58 65 61
301 31 66 84 69
301 297 48 82 66
301 258 73 91 84
301 302 39 59 56
52 246 87 93 90
52 104 85 86 85
5 37 78 87 81
5 54 53 87 75
5 256 37 78 68
37 240 73 79 77
37 265 79 92 91
37 245 53 79 55
37 110 89 98 89
37 80 36 53 47
54 100 12 50 23
54 214 10 99 39
256 163 27 80 63
256 50 19 55 40
256 83 75 97 82
256 41 16 20 20
6 292 41 49 47
6 171 52 59 58
6 98 77 87 79
6 221 44 96 84
292 162 84 100 94
98 15 63 76 65
98 235 12 53 40
98 306 50 81 57
98 115 10 39 36
221 287 21 80 47
221 33 46 69 68
221 112 25 40 31
221 39 57 97 63
221 115 50 70 65
204 69 62 92 90
204 243 24 60 25
204 170 54 91 72
204 109 75 76 75
8 62 44 94 52
8 92 19 52 41
62 0 88 100 92
62 12 24 58 24
62 298 46 65 46
62 218 11 69 31
92 194 86 97 91
92 153 27 57 29
92 77 62 94 90
9 196 90 99 98
9 263 50 61 59
9 214 13 77 21
196 219 47 99 62
196 72 46 91 73
263 28 79 96 79
263 228 54 61 61
214 215 43 56 45
214 235 58 64 61
10 2 61 88 84
10 62 41 78 76
10 181 52 96 76
10 301 53 73 68
181 263 47 72 51
181 43 65 92 86
11 276 65 86 83
11 218 10 63 22
276 63 32 67 47
276 149 62 73 66
276 290 53 97 74
218 252 59 78 70
218 25 79 97 88
218 57 90 97 97
218 265 64 68 66
12 249 91 95 95
12 68 47 81 75
12 202 53 89 62
249 93 20 91 66
249 84 26 32 29
249 245 12 40 16
249 8 38 77 43
249 99 77 82 82
249 55 59 98 81
68 37 85 88 85
68 87 68 79 77
68 290 79 92 90
68 282 52 83 81
202 165 67 78 77
202 290 89 98 97
13 116 39 88 58
13 126 48 52 52
13 148 29 55 42
13 15 47 64 49
116 161 22 70 64
116 178 44 97 73
116 146 80 84 80
116 50 82 87 86
116 192 18 77 27
116 272 61 77 67
116 62 66 100 76
126 93 82 100 89
126 25 66 96 78
148 177 85 88 88
148 38 79 96 94
148 13 19 74 40
15 23 32 48 48
14 278 40 65 43
14 56 69 81 77
14 6 88 100 92
14 235 31 38 34
278 297 90 91 90
278 198 78 80 78
235 263 12 99 32
235 193 39 73 61
235 3 77 90 85
23 115 11 48 41
23 120 40 49 47
23 30 54 89 58
23 56 32 95 36
23 25 95 96 96
23 19 70 100 97
16 55 61 92 62
16 92 95 97 95
16 78 94 100 94
16 212 80 93 81
16 202 83 91 83
16 20 48 80 73
16 228 65 93 69
55 67 20 89 60
55 149 16 49 27
55 5 63 79 65
55 270 57 86 65
55 46 40 53 51
55 71 67 100 99
78 65 74 80 76
78 290 28 51 32
212 233 70 72 72
212 280 35 95 48
212 108 89 91 89
20 231 55 71 69
20 53 40 97 48
228 214 65 84 65
228 295 60 69 65
17 254 70 94 83
17 68 35 99 57
17 6 14 88 61
17 19 25 28 28
17 5 16 53 45
254 29 82 89 86
254 304 48 69 50
254 282 18 34 23
19 167 72 88 72
19 225 55 64 57
19 228 62 98 82
19 113 57 79 78
18 234 57 88 86
18 27 87 92 87
18 84 91 99 92
18 168 51 59 53
234 115 59 63 59
234 212 13 98 51
234 60 59 85 60
27 22 20 32 27
27 63 66 68 66
27 227 73 86 84
27 241 36 41 41
27 85 68 90 70
27 35 12 55 16
27 218 48 77 57
27 151 52 100 57
84 89 93 98 98
84 195 41 72 42
84 43 41 100 98
84 42 57 77 69
84 164 38 100 97
168 202 42 97 73
168 298 91 95 94
168 113 36 70 60
168 143 36 50 42
168 279 93 100 97
168 221 73 83 80
167 41 56 95 92
167 247 74 81 76
225 25 69 96 89
225 230 53 92 72
225 257 62 64 62
113 215 55 91 91
113 178 63 72 66
113 271 51 53 52
113 243 77 89 88
113 100 12 75 45
113 122 84 85 85
231 243 62 86 76
231 56 60 90 82
231 107 71 82 77
53 9 59 85 70
53 245 41 69 43
53 229 84 87 87
53 7 22 62 58
53 184 61 76 64
53 273 59 91 76
53 147 52 54 53
21 289 79 83 82
21 72 62 90 87
21 185 90 100 96
21 194 54 59 58
21 30 23 84 56
289 211 60 88 67
289 205 92 93 92
289 141 80 85 85
289 158 64 90 86
72 39 42 74 71
72 196 82 89 85
185 20 30 35 31
185 206 76 77 76
185 76 18 80 20
185 94 29 60 56
194 31 28 40 28
194 186 41 89 43
194 8 84 86 85
30 133 36 57 40
30 80 52 66 62
30 249 59 94 88
30 241 59 94 64
30 21 52 80 75
30 239 84 93 86
22 233 20 67 64
22 187 42 60 48
22 10 71 94 71
22 44 81 92 83
233 58 18 19 18
187 242 78 100 88
187 87 30 62 46
187 45 63 82 74
187 113 48 57 51
187 255 65 68 67
187 127 30 33 31
44 161 19 80 74
44 11 71 85 85
44 295 15 30 27
44 112 60 84 83
115 68 72 73 73
115 158 82 95 87
120 246 56 65 57
120 8 23 25 25
120 169 90 97 93
25 138 40 100 88
25 96 85 95 91
25 182 24 32 30
25 133 67 81 74
25 81 67 99 78
24 183 24 96 29
183 209 13 79 79
183 9 88 100 100
183 177 29 66 38
183 122 36 66 60
138 108 39 95 77
138 145 17 98 65
138 41 70 91 78
138 27 20 49 44
138 217 50 80 66
138 22 48 53 48
96 144 68 97 69
96 181 68 81 77
96 304 82 98 97
96 182 88 97 93
96 289 87 92 92
96 209 29 59 48
182 109 60 67 65
182 145 10 25 20
182 275 70 77 72
133 153 59 83 69
81 174 90 100 97
81 61 30 87 65
81 156 45 56 56
81 90 48 81 69
26 105 93 98 94
26 20 19 78 60
26 146 83 86 86
26 180 10 47 17
26 290 86 89 88
146 121 93 98 97
146 237 58 80 64
146 29 48 64 64
180 290 81 89 82
180 86 87 92 91
180 81 49 54 51
180 291 29 81 77
180 85 12 99 96
180 171 56 90 75
180 228 94 97 94
180 100 89 90 89
180 146 90 94 90
290 91 62 98 95
290 161 39 53 45
290 180 69 95 90
290 137 36 66 47
63 161 76 87 76
63 271 72 81 77
63 285 16 88 80
227 54 42 55 43
227 30 16 63 30
227 27 44 93 64
227 281 29 69 63
227 96 28 48 35
227 267 69 88 72
227 72 46 72 59
241 154 86 95 87
241 70 70 82 79
241 283 21 45 22
85 232 38 90 67
85 74 87 90 89
85 142 50 58 53
85 22 81 95 82
35 71 24 73 73
151 169 65 100 93
151 233 76 92 85
151 10 62 85 77
151 254 33 55 40
156 270 85 100 86
210 123 52 63 52
210 258 55 81 67
210 251 28 48 44
210 248 43 94 53
210 215 69 98 95
46 219 77 81 81
46 137 44 65 48
46 281 47 69 67
46 100 20 49 39
46 245 38 52 47
46 218 10 67 43
46 92 83 87 87
29 274 71 82 72
29 164 54 72 54
274 85 12 52 40
80 52 23 69 51
80 104 49 77 59
239 184 47 84 55
31 253 12 36 20
253 23 36 100 96
253 143 43 58 52
253 18 58 69 58
253 301 80 83 83
32 291 19 94 41
32 173 48 73 53
291 196 35 90 49
291 195 50 91 50
291 238 27 33 32
291 120 53 72 69
291 93 52 69 66
291 265 82 93 86
291 1 30 88 64
173 241 75 94 84
173 226 83 94 90
173 184 77 98 98
173 203 70 86 73
33 224 25 47 28
33 207 39 46 43
224 225 92 95 95
224 167 70 86 72
224 42 41 52 48
207 121 29 89 80
207 127 93 99 98
34 157 77 97 78
34 192 34 76 48
34 304 71 76 73
34 297 28 46 34
157 143 60 72 67
157 249 42 65 65
157 111 64 89 74
157 82 89 93 91
157 22 19 65 25
192 3 45 70 69
192 92 64 83 69
304 152 16 48 41
304 253 16 79 68
304 108 59 98 90
304 117 52 54 54
297 40 24 53 53
297 137 12 70 49
297 127 80 89 88
297 219 59 88 59
297 188 79 97 84
297 144 93 98 93
297 187 13 73 53
71 127 87 94 90
71 42 92 93 92
71 226 35 63 41
71 174 61 66 65
71 12 76 92 92
36 128 84 98 91
36 187 91 96 91
36 49 47 63 53
36 158 35 55 37
128 198 90 92 91
128 224 40 45 41
128 240 46 69 59
49 85 80 97 83
49 173 36 79 72
49 86 51 67 67
49 63 43 97 89
240 1 33 68 44
240 226 44 72 61
265 130 27 35 27
245 172 75 95 94
245 160 26 54 37
245 91 12 57 49
245 79 43 68 43
245 98 40 77 41
110 295 56 60 57
110 213 57 78 73
110 189 47 78 60
38 275 49 65 55
275 128 82 93 90
275 200 50 99 53
275 285 93 94 93
275 133 52 62 61
275 47 85 91 88
275 103 54 67 54
39 145 82 93 88
39 215 16 94 21
39 150 44 91 47
39 29 72 80 75
145 178 19 79 79
145 170 92 99 93
145 101 33 37 35
145 273 92 94 92
215 191 36 59 41
215 227 19 82 34
215 255 82 84 82
150 284 87 89 87
150 174 29 87 32
40 243 67 87 72
40 12 10 99 80
40 196 65 70 67
243 161 95 99 97
243 270 47 49 48
243 14 89 100 92
243 45 26 40 36
42 279 60 78 78
42 154 44 66 51
154 206 20 47 47
154 65 71 94 89
43 47 86 92 87
43 13 47 59 56
43 58 29 94 90
43 175 88 91 88
47 134 80 95 80
47 302 20 46 36
47 73 18 59 39
47 164 24 32 24
47 265 31 37 32
58 202 10 73 38
58 32 14 76 73
58 0 53 85 65
58 84 28 39 28
58 285 90 100 94
175 64 49 89 66
175 225 89 90 89
175 280 77 93 89
175 7 24 50 25
161 216 78 84 84
161 65 14 49 37
161 51 66 89 74
161 250 53 56 56
161 221 82 93 82
161 5 64 84 78
161 222 17 50 17
161 69 50 61 52
161 92 61 66 66
295 281 39 40 39
295 204 58 91 78
295 278 83 88 88
295 139 89 92 90
112 217 84 93 88
112 57 64 65 65
112 242 22 82 69
112 171 93 94 94
112 130 25 32 30
112 277 25 46 34
219 96 61 66 61
219 108 78 87 78
219 61 42 59 58
219 99 95 99 98
137 231 16 91 64
137 19 72 90 81
137 17 62 64 64
281 158 47 53 49
281 169 74 95 78
281 273 37 75 53
281 12 59 71 61
281 68 44 100 100
281 8 36 43 37
281 296 80 93 91
100 181 61 84 78
100 137 32 92 64
134 159 94 98 96
134 97 95 99 95
134 174 71 92 79
134 265 69 74 70
134 1 25 44 28
73 212 10 42 38
73 48 82 97 89
48 152 47 89 52
48 287 65 66 65
152 122 81 97 97
152 21 29 71 71
152 96 61 95 87
152 175 19 94 58
152 91 72 99 77
287 137 41 67 43
287 171 19 49 26
287 288 19 83 29
287 263 38 41 38
287 256 68 75 69
287 40 64 98 66
86 209 47 52 49
86 183 38 82 75
50 235 15 60 50
50 112 52 91 68
50 144 73 82 82
50 92 70 93 85
50 240 41 48 47
144 84 84 88 87
144 228 89 93 92
144 244 82 87 83
144 171 61 72 66
51 277 27 88 40
51 69 72 88 73
277 31 36 53 38
277 274 46 61 46
69 237 13 73 27
69 223 90 96 94
246 76 94 100 95
104 220 49 54 50
104 99 10 58 38
104 238 31 75 61
104 172 31 68 44
229 211 14 98 31
229 78 48 97 80
184 147 56 74 60
184 166 14 91 23
184 183 17 24 19
184 255 77 94 78
184 206 62 96 73
67 234 74 80 77
67 141 38 72 43
67 149 27 84 43
67 24 42 68 45
149 256 84 90 86
149 69 15 27 26
149 217 84 100 87
149 34 94 96 94
149 248 21 35 31
149 185 23 100 93
149 150 89 90 89
270 22 29 96 60
270 223 65 86 80
57 116 95 100 98
57 106 37 98 92
57 120 38 71 56
106 101 91 95 93
106 94 24 50 30
106 295 69 85 75
106 19 45 69 51
106 192 64 76 65
106 190 37 100 83
285 79 88 95 90
285 166 21 30 25
285 295 72 89 74
285 241 46 64 49
285 124 23 86 44
285 172 47 87 65
285 262 20 49 41
59 243 93 96 96
59 40 87 90 90
59 161 76 97 90
59 154 71 95 73
186 248 67 84 74
123 213 25 43 26
123 46 84 85 84
123 145 87 96 87
211 233 56 84 59
211 303 16 43 19
211 6 56 84 72
211 31 47 66 53
211 97 11 88 15
61 77 33 72 34
61 49 54 96 54
61 21 41 92 58
61 295 77 84 84
61 291 84 98 88
77 118 39 48 48
298 214 40 96 85
298 205 25 34 31
298 155 83 85 84
271 157 28 79 72
271 95 81 86 83
271 109 55 89 82
271 118 50 83 57
271 305 53 92 55
271 172 19 69 54
64 194 32 94 47
64 219 27 44 29
64 90 28 59 39
64 198 27 73 52
90 277 31 71 59
90 261 10 33 10
90 69 46 97 82
198 233 42 60 60
198 204 20 46 35
280 240 65 71 67
280 100 32 39 35
280 251 10 33 26
280 288 17 66 40
280 164 69 79 72
280 226 32 73 40
66 192 78 81 79
66 141 94 97 94
66 86 50 79 72
66 91 83 88 86
141 263 33 48 41
141 296 14 82 80
141 272 32 93 67
141 24 27 56 35
141 293 80 97 92
141 48 61 77 68
91 28 24 75 74
91 280 63 92 90
91 246 15 41 19
91 271 35 94 86
91 82 62 71 68
91 263 17 79 63
91 120 61 83 79
91 184 53 86 63
87 225 13 26 18
87 189 10 82 76
87 60 83 89 87
87 170 51 74 69
87 305 82 90 83
87 157 82 98 86
87 172 56 92 80
282 19 16 55 44
282 216 12 86 18
282 248 18 83 70
282 122 44 70 49
282 209 81 96 94
282 224 62 93 88
237 96 77 87 83
223 91 66 89 85
223 66 65 76 65
223 4 85 100 98
223 24 90 96 96
223 234 85 100 95
223 251 87 93 90
223 174 49 96 78
70 246 84 87 87
127 284 88 99 92
127 73 29 64 29
127 5 63 97 88
127 273 71 81 79
127 149 28 95 88
226 6 40 72 52
174 270 15 40 27
174 222 51 53 51
74 275 89 98 91
74 82 56 95 84
74 114 68 79 70
74 56 85 96 87
74 44 76 90 76
74 286 72 88 72
82 240 32 92 63
82 91 90 96 96
82 7 45 60 52
114 174 47 55 47
114 157 25 27 26
114 104 89 96 96
114 149 95 99 97
114 245 26 67 58
114 229 59 64 59
114 306 73 99 90
114 13 69 94 77
286 254 73 84 83
286 285 78 84 83
286 188 95 97 97
286 130 61 93 82
286 223 48 60 50
286 64 17 84 29
75 165 81 98 96
165 203 43 97 45
165 111 34 69 43
165 19 57 66 64
165 243 68 79 79
165 64 75 93 80
76 304 54 75 63
76 285 74 75 74
76 222 19 85 67
76 128 19 59 37
222 291 35 88 51
222 108 17 55 35
222 106 68 71 69
222 255 13 24 14
222 93 83 85 84
222 146 27 52 33
118 119 62 91 68
118 142 46 87 74
79 206 43 74 58
79 187 64 95 89
206 135 16 43 43
206 293 12 64 30
83 72 82 91 82
83 48 69 94 82
83 296 73 86 83
83 162 27 94 43
296 277 80 92 83
296 112 80 84 83
296 239 56 99 70
296 117 36 65 52
296 27 17 43 19
296 1 58 100 71
162 306 17 83 50
195 173 49 56 50
195 36 67 93 70
195 73 43 76 57
195 25 77 78 77
195 134 92 94 93
195 39 83 94 94
232 303 24 27 24
142 94 38 76 76
142 192 77 97 84
142 230 32 33 32
142 24 14 56 19
209 87 43 62 55
209 43 22 44 38
209 192 39 65 63
209 24 95 98 95
189 118 88 99 95
189 139 13 58 46
189 264 82 85 82
189 199 89 91 89
170 241 89 91 90
170 168 63 91 90
305 194 54 83 64
305 147 86 93 93
305 236 47 94 67
172 178 81 95 84
172 262 41 53 41
172 142 25 56 44
88 273 90 95 90
88 266 26 93 56
88 124 37 60 60
88 274 59 77 71
266 39 40 86 72
266 142 83 91 83
266 101 58 68 65
266 41 68 80 71
266 107 29 54 52
266 55 73 79 75
266 224 46 73 54
124 68 38 60 57
124 97 74 96 87
261 143 68 95 94
261 78 55 98 67
261 92 77 90 89
261 133 24 77 27
153 72 48 99 64
153 213 91 95 93
93 274 31 89 63
93 87 67 79 70
94 243 25 99 29
94 88 37 84 67
95 177 82 94 88
95 209 60 83 68
95 259 46 95 49
95 152 36 70 36
95 23 11 54 23
177 293 90 94 92
259 163 77 90 83
259 198 53 80 67
259 2 25 54 48
259 248 18 98 24
97 304 13 35 22
97 34 95 100 100
97 262 89 95 92
97 278 15 18 15
97 190 43 59 58
262 138 19 88 32
262 245 56 60 59
262 1 64 72 71
262 101 28 64 63
190 38 91 94 91
190 43 58 66 60
99 138 55 60 58
99 226 14 35 23
99 83 94 98 97
101 186 72 83 82
101 175 56 62 58
101 126 11 24 22
102 86 48 90 56
102 54 47 53 52
102 303 57 73 67
102 281 72 96 94
102 125 24 64 40
303 96 91 95 95
303 164 60 64 64
303 78 16 20 16
303 252 47 81 65
125 184 33 50 43
125 207 47 61 54
125 293 25 45 33
125 89 24 46 34
125 215 29 67 36
125 86 55 79 71
125 36 25 28 26
103 296 53 87 62
103 204 26 52 38
103 304 85 89 87
103 136 47 100 81
103 41 73 82 73
136 78 53 92 72
136 100 73 95 88
136 304 16 43 28
136 38 34 57 34
220 244 93 100 97
220 306 34 86 68
220 277 66 76 72
220 131 65 89 83
220 305 73 80 79
238 50 90 91 91
238 10 72 100 79
238 81 26 35 35
107 175 21 90 29
107 254 83 100 96
108 58 32 65 63
108 233 21 55 28
108 284 92 98 93
284 81 30 89 79
284 6 45 55 47
284 278 26 42 37
284 126 49 57 55
109 183 22 50 39
109 263 91 94 91
109 149 71 100 74
213 170 10 63 18
213 84 34 85 61
213 285 31 64 47
111 95 67 77 68
111 126 59 81 73
217 141 93 100 93
242 110 76 92 92
242 114 32 53 51
242 214 15 84 80
242 212 83 97 83
242 81 29 42 39
130 229 66 81 70
130 267 40 53 43
130 191 48 62 61
130 212 58 86 84
178 281 81 90 88
178 267 22 78 67
178 276 41 82 67
122 20 72 76 75
122 264 46 67 59
122 127 85 96 86
122 101 71 94 76
122 272 30 86 52
272 24 50 84 57
119 110 29 79 48
119 181 30 88 31
119 262 72 97 88
119 215 64 92 81
169 0 76 99 82
169 287 24 37 28
169 152 86 92 90
169 93 29 98 51
264 191 82 94 84
264 280 59 69 63
293 190 84 90 86
293 281 53 97 61
129 6 53 95 87
129 233 10 50 16
129 105 10 13 13
131 114 10 17 12
132 306 79 100 88
132 301 84 97 85
159 191 68 86 82
159 170 75 76 76
159 201 87 94 94
159 185 73 89 77
159 46 24 80 39
159 292 41 68 44
135 33 10 92 37
135 94 80 89 89
135 237 38 94 54
135 180 70 92 88
135 223 28 39 28
135 39 77 100 85
139 36 89 97 92
139 140 52 54 52
139 116 52 66 55
140 137 87 94 89
140 29 63 67 64
140 22 63 71 69
140 122 73 79 79
230 200 20 39 34
230 219 77 92 86
230 233 65 78 65
230 14 74 98 98
143 19 42 64 60
143 228 12 44 39
244 87 42 53 51
244 57 19 86 71
244 151 23 59 34
244 195 77 82 77
248 132 65 67 65
248 168 88 95 94
248 223 63 82 75
248 245 52 97 92
248 6 21 42 33
248 191 21 51 27
155 158 26 63 53
155 233 60 99 90
201 132 84 95 93
201 36 54 62 57
201 79 93 99 94
216 112 51 79 55
216 289 57 77 69
216 59 87 98 94
216 192 94 99 96
250 257 47 98 58
250 136 28 82 36
163 260 67 81 68
163 142 95 99 98
163 166 80 96 88
163 271 59 61 59
163 28 45 55 45
163 134 61 87 87
260 101 93 100 93
166 302 38 39 38
203 163 71 83 72
203 44 73 91 74
203 33 40 55 46
203 75 91 97 93
203 10 42 88 59
247 115 24 55 31
247 260 26 33 28
247 295 63 99 96
176 283 19 46 23
176 271 11 69 23
176 60 34 90 55
176 170 29 47 44
176 305 56 98 60
176 71 39 41 39
176 91 79 92 82
283 301 66 95 79
283 102 18 45 38
283 194 89 97 93
179 292 24 48 24
179 215 68 80 79
179 20 84 98 98
179 223 26 54 48
255 236 13 23 16
255 288 77 84 77
255 45 50 85 52
255 262 21 43 31
255 113 35 59 58
255 193 22 49 41
188 125 94 97 97
188 26 55 94 90
188 68 88 95 90
188 121 44 65 49
188 41 55 73 71
188 171 37 88 75
199 105 12 75 52
199 148 71 88 73
199 243 72 87 79
199 263 78 92 83
199 209 81 99 90
199 9 11 47 33
199 229 32 68 33
193 88 45 90 61
193 130 13 23 18
193 40 83 89 84
193 209 35 60 43
193 12 57 78 75
197 131 86 91 89
197 194 39 64 46
197 47 92 99 93
197 81 55 90 79
197 29 82 90 85
197 188 33 45 41
197 138 24 57 54
197 46 38 89 79
205 59 94 97 95
205 57 32 66 66
205 181 40 78 71
205 48 78 99 95
205 222 90 99 93
205 187 66 79 66
208 172 72 86 86
258 34 61 100 68
258 225 42 98 91
251 54 68 89 72
251 108 79 82 81
251 306 84 85 85
252 3 39 85 49
252 297 59 67 61
257 17 75 99 77
257 50 25 51 25
257 78 11 74 13
257 265 85 94 93
257 292 61 96 91
257 51 41 54 42
236 2 70 91 90
236 285 40 48 45
236 191 41 67 62
236 68 17 33 20
288 287 90 93 90
288 173 43 74 65
288 276 47 66 53
268 287 70 100 96
268 148 34 66 62
268 211 50 78 53
269 150 39 48 45
294 159 72 79 72
294 0 46 52 50
294 44 28 99 34
299 79 45 48 48
299 69 91 98 97
299 171 78 79 79
299 228 92 94 92
300 179 42 64 63
300 143 77 88 81
300 288 68 82 70
0 306
