104 173
0 87 89 95 92
87 43 67 89 89
87 97 23 34 30
1 54 34 92 51
54 22 58 64 58
2 30 24 93 41
30 63 59 84 63
30 20 33 99 61
30 64 92 99 96
30 83 52 100 60
3 23 58 98 82
23 36 15 30 28
4 70 88 98 90
4 92 91 98 97
4 85 86 95 89
4 95 62 96 70
92 8 60 96 88
92 38 78 99 79
85 10 69 99 98
95 19 70 83 80
95 60 19 92 47
95 81 22 88 43
95 57 90 95 91
5 100 42 69 44
100 37 18 77 20
6 103 32 89 44
103 7 26 62 34
103 96 52 53 53
103 32 71 94 87
103 73 41 65 55
7 34 50 74 63
7 72 26 53 37
34 42 81 100 87
8 59 12 21 17
8 36 18 60 54
59 26 18 38 31
59 19 31 88 59
9 12 51 97 69
12 35 67 93 73
10 33 44 66 44
10 8 75 93 79
33 77 31 100 98
33 70 50 87 73
33 89 30 88 72
11 90 27 30 28
11 68 60 75 60
11 84 51 55 53
90 26 31 45 44
90 5 24 72 25
90 20 95 96 95
68 86 84 94 94
84 81 68 79 72
84 20 32 96 37
84 15 95 98 96
13 96 47 58 51
13 52 62 90 67
52 41 23 61 27
52 8 69 96 74
52 100 42 98 55
52 3 27 39 33
15 90 47 77 67
16 25 26 37 32
25 43 70 100 78
17 61 66 85 80
17 95 49 64 58
18 22 30 44 36
18 10 50 81 76
18 97 20 21 20
22 42 49 74 53
97 66 13 75 58
97 7 69 99 75
19 69 80 82 80
69 98 19 36 21
20 23 49 99 92
21 26 73 90 85
21 87 66 67 67
21 81 24 83 53
26 21 94 97 94
81 39 74 85 80
81 13 83 97 91
42 76 75 78 76
42 56 12 29 13
24 42 57 76 59
24 59 21 98 34
24 31 21 70 59
31 14 95 99 98
31 78 15 49 37
31 88 20 72 51
43 76 84 86 86
43 77 31 47 36
27 78 17 74 28
27 0 63 84 70
27 69 13 91 88
27 11 45 74 74
29 89 40 91 87
29 63 26 61 33
89 15 44 60 48
89 8 54 73 65
89 22 65 77 77
63 77 51 70 57
63 16 22 82 33
63 3 31 44 42
64 17 42 74 63
88 26 83 96 86
32 57 87 98 87
32 2 21 95 81
57 21 17 33 30
57 58 49 54 52
57 30 82 89 87
77 44 50 61 50
77 2 23 86 70
38 92 25 96 73
39 88 46 51 46
39 11 25 78 77
40 66 74 97 83
66 78 82 97 87
41 66 69 95 91
76 19 18 33 24
76 11 86 90 89
76 52 54 96 69
76 33 62 79 64
76 13 71 93 77
56 35 41 90 66
56 101 92 95 93
56 87 53 60 59
44 1 26 92 76
44 7 16 90 59
45 26 93 97 95
45 39 36 41 36
45 23 79 87 83
46 94 55 85 84
94 64 95 100 95
94 19 79 95 82
94 62 14 94 32
94 95 62 72 69
94 100 28 94 38
47 27 11 100 25
47 78 93 98 93
47 89 21 58 55
49 25 83 90 84
49 99 46 75 59
51 84 29 64 46
51 7 90 95 94
55 97 31 97 66
101 91 21 22 21
101 63 82 84 84
58 15 45 74 70
58 73 85 99 90
58 86 59 60 60
58 87 86 90 89
73 11 26 75 51
60 22 13 20 15
62 23 66 72 70
62 50 27 95 80
62 27 56 80 70
65 4 28 69 68
67 65 28 77 36
67 94 30 47 36
67 19 79 93 89
67 55 14 96 18
67 57 90 96 93
98 103 47 57 56
98 17 29 69 64
71 23 28 83 65
71 45 70 95 83
71 98 90 98 97
71 5 45 61 59
79 101 58 74 69
82 69 45 87 56
82 19 40 72 66
82 40 75 91 91
91 97 80 94 92
102 81 80 83 82
0 103
