109 393
0 63 70 96 85
0 105 31 54 52
0 44 48 58 49
0 24 48 93 70
63 75 83 84 84
63 31 61 85 69
63 0 83 93 88
63 73 27 36 27
105 106 49 85 59
105 94 35 99 63
105 34 53 74 71
105 31 24 42 29
105 16 31 34 33
44 30 65 86 85
44 22 10 37 37
44 79 68 82 82
44 108 24 87 59
44 100 31 33 33
44 6 49 54 52
44 21 81 87 83
44 36 44 93 72
24 102 67 72 70
24 27 46 76 73
24 103 86 89 87
24 69 20 58 56
24 57 77 86 78
24 67 45 87 47
1 89 69 82 74
1 25 74 96 77
1 108 57 74 68
1 24 84 90 90
1 10 22 31 29
1 11 21 76 54
1 28 71 87 79
89 62 29 37 29
89 5 75 100 100
25 96 87 95 94
25 54 34 91 83
25 35 80 97 90
25 106 42 89 50
25 48 11 32 29
108 105 53 59 54
108 27 87 92 90
108 101 95 98 95
10 91 13 76 38
10 107 44 90 71
10 68 79 82 80
11 6 57 58 57
11 2 57 71 71
11 36 71 94 71
28 17 24 72 43
28 96 37 73 41
28 27 87 90 90
2 80 85 89 86
80 34 70 98 80
3 91 91 95 92
3 85 78 88 86
3 92 16 96 20
91 80 48 83 82
91 43 48 91 87
91 33 42 51 51
91 14 10 15 14
91 68 73 78 73
91 102 68 90 80
91 88 75 84 78
85 49 12 83 26
92 38 56 98 76
92 103 43 85 73
92 42 44 61 44
4 41 92 96 95
41 3 47 97 71
41 47 29 77 45
5 44 84 85 84
5 1 44 98 92
6 68 74 92 85
6 53 41 44 43
68 72 54 73 68
68 59 87 99 89
68 61 26 31 28
68 26 90 95 90
53 99 70 94 93
53 59 54 57 55
7 30 24 48 30
7 105 22 45 41
7 88 95 96 95
30 35 43 49 45
30 27 30 64 33
30 11 81 97 90
30 17 74 76 75
30 16 59 84 81
30 108 62 67 67
30 32 61 99 92
88 32 49 66 62
88 108 78 98 95
88 22 19 58 29
88 49 49 90 84
88 18 71 83 76
8 92 14 30 15
8 65 71 75 71
8 43 94 97 97
8 30 73 84 73
8 89 31 66 59
8 14 74 84 80
8 48 38 55 39
65 72 11 33 13
65 8 67 70 69
65 1 86 96 88
65 89 67 97 75
65 100 83 88 84
43 17 44 68 51
43 108 82 91 84
43 53 24 33 27
43 81 59 72 67
43 20 82 98 86
14 13 11 92 56
14 16 92 94 92
14 47 49 67 64
14 0 23 89 54
14 74 27 87 57
48 23 40 93 90
48 69 33 86 48
48 32 15 88 48
9 27 70 80 80
9 87 39 77 60
27 31 37 83 74
27 36 53 73 70
27 55 49 72 54
27 26 84 100 86
87 19 17 21 19
87 81 87 98 98
87 30 33 40 34
87 4 48 96 75
87 96 49 77 55
87 31 92 94 94
87 12 50 77 52
107 88 74 89 89
107 106 85 88 86
107 35 87 93 93
107 87 33 82 59
107 17 36 84 60
107 61 31 72 38
107 55 37 50 49
36 23 55 67 62
36 99 37 52 52
12 107 27 60 33
12 75 40 66 54
12 68 89 97 96
12 40 88 100 92
12 22 42 73 58
75 108 76 77 76
75 7 66 98 74
75 28 56 61 58
75 89 48 79 72
75 45 47 56 49
75 54 26 84 84
40 90 51 78 59
40 51 27 73 35
22 48 80 100 85
22 75 61 92 63
22 77 20 97 54
22 90 71 98 95
13 50 25 95 56
13 106 71 76 73
13 66 56 63 61
50 34 20 44 21
50 26 16 85 16
106 64 88 97 97
106 21 38 70 67
106 4 11 60 22
66 25 25 66 26
16 53 40 100 98
16 72 17 33 28
16 41 93 94 93
16 42 92 93 92
16 70 19 75 38
16 67 55 98 89
16 57 63 82 69
16 9 80 81 80
47 29 40 60 54
47 107 79 86 84
47 88 28 89 85
47 65 37 65 44
74 104 64 69 69
74 82 95 99 99
74 72 22 28 24
74 51 81 97 82
15 34 68 88 68
15 106 31 69 62
15 6 19 57 53
15 87 16 74 19
34 40 88 99 91
34 66 60 97 84
34 80 80 86 83
34 68 40 88 43
34 36 46 76 61
34 76 51 84 57
72 86 40 85 82
72 85 22 63 56
72 93 26 71 59
72 58 95 96 96
42 56 69 92 70
42 87 93 99 99
42 77 81 95 85
70 93 23 44 37
67 24 61 85 66
67 74 39 90 90
67 47 85 89 88
57 49 16 22 16
57 24 26 62 27
57 105 30 76 57
57 27 73 85 78
57 71 95 96 95
57 76 51 94 93
17 107 35 99 67
17 24 10 76 45
17 1 16 21 21
17 33 50 70 57
33 58 68 92 68
33 72 78 83 82
18 28 29 53 35
18 59 25 69 27
18 34 87 89 89
59 96 25 80 62
59 82 11 87 68
59 77 39 60 41
59 28 17 69 22
19 105 35 79 69
19 36 14 58 50
20 67 70 72 70
20 90 36 67 67
20 31 10 68 14
90 59 56 72 72
90 103 71 75 71
90 10 62 77 73
90 51 62 84 62
90 20 66 77 75
90 62 89 94 93
90 97 45 50 45
90 9 66 88 82
31 86 69 73 71
31 66 10 96 79
21 53 35 57 44
77 101 69 89 84
77 20 46 54 53
77 95 75 83 78
77 64 78 98 92
77 8 11 60 38
77 94 78 83 79
23 80 74 84 75
23 96 16 71 46
23 43 64 97 64
96 18 53 91 82
103 50 25 61 46
103 6 62 83 67
103 31 72 100 84
103 79 53 65 53
69 78 25 74 70
69 98 91 99 97
35 37 86 97 94
35 1 24 67 38
35 42 30 81 32
35 97 77 89 85
26 36 74 94 86
26 20 53 93 70
26 43 89 94 91
26 85 18 83 47
55 3 87 97 97
55 42 44 88 65
55 58 77 87 83
55 28 82 95 83
55 16 42 51 45
55 63 43 99 59
55 10 37 85 48
29 13 22 50 27
32 1 65 67 66
32 97 57 77 57
32 52 44 91 74
32 67 73 77 77
32 83 16 40 39
86 66 91 100 97
86 5 23 57 45
97 47 38 72 61
97 62 53 82 66
97 101 94 95 95
97 92 30 80 66
97 57 73 83 74
52 100 69 77 69
52 64 62 99 84
52 31 13 74 46
52 12 15 50 30
52 105 93 94 93
83 31 23 57 31
83 64 81 84 84
83 29 49 63 61
83 106 77 100 88
83 85 65 71 71
83 55 33 67 52
58 86 80 88 81
58 20 57 80 59
58 54 67 97 72
76 0 72 97 75
76 4 90 93 90
76 2 35 88 35
76 31 33 84 61
76 91 56 79 59
37 106 41 43 43
37 79 82 99 82
37 24 33 72 66
99 62 36 54 43
79 55 65 81 80
79 92 44 94 48
79 51 18 72 62
79 84 93 100 95
79 57 84 86 85
79 14 78 94 88
79 24 15 42 33
38 22 40 76 55
38 72 40 83 61
38 34 80 93 80
39 103 54 68 54
39 67 37 79 40
39 44 28 82 51
39 2 54 69 56
39 64 32 38 35
64 101 46 70 56
51 34 68 83 76
51 60 58 100 77
56 91 82 85 83
56 43 38 89 39
56 79 23 70 28
81 10 35 75 73
81 94 20 51 20
81 47 13 61 39
81 73 36 69 66
100 76 18 73 48
100 80 94 99 97
100 104 24 49 46
45 22 89 95 93
45 101 21 57 47
45 62 61 79 65
101 89 41 80 74
101 58 76 86 83
62 27 35 91 50
62 92 58 80 75
46 94 87 99 98
46 52 50 55 50
46 89 72 98 76
46 83 90 98 98
46 13 25 48 33
46 96 67 80 69
94 27 85 90 89
94 99 27 62 55
94 48 36 57 45
94 47 12 32 12
49 58 27 100 91
49 7 78 93 78
49 85 15 56 22
49 89 87 100 88
60 80 72 89 88
60 9 28 40 34
60 23 49 60 54
60 105 74 87 86
60 97 64 71 64
71 105 39 87 53
71 29 75 95 87
71 65 26 38 30
82 27 53 71 65
82 51 33 96 77
82 32 11 27 17
61 92 28 78 53
61 49 59 89 68
61 57 83 98 92
61 62 31 36 36
61 0 91 97 94
61 1 44 55 52
73 36 78 94 92
73 9 41 53 42
73 88 55 70 67
73 12 61 63 63
98 86 90 94 90
98 16 77 91 80
98 49 57 94 78
98 96 38 66 61
93 0 20 52 24
93 11 15 82 55
93 38 37 63 63
104 29 73 91 78
104 62 76 98 76
104 98 16 54 16
104 83 38 90 80
95 66 83 95 86
84 91 47 63 59
84 27 17 83 39
0 108
