86 237
0 59 68 87 83
0 45 60 85 65
0 70 68 99 88
0 30 13 14 14
59 58 95 98 96
59 61 64 74 71
59 65 82 94 94
45 36 73 97 80
45 50 86 95 90
45 38 18 100 52
45 27 52 73 59
45 31 89 96 96
70 82 54 55 54
70 10 67 90 89
70 74 42 91 46
70 57 79 99 99
70 48 82 85 82
30 53 95 100 97
30 48 91 94 94
30 13 34 44 42
1 49 72 80 75
1 58 27 52 48
49 22 73 78 74
58 69 86 89 89
58 82 11 78 40
58 48 32 46 41
2 36 38 74 70
2 8 18 32 29
2 53 43 50 49
2 22 88 95 93
2 54 30 85 34
36 73 18 63 24
8 50 86 92 92
8 23 87 93 88
53 84 52 67 65
53 16 19 62 26
53 8 81 93 84
22 39 58 71 71
22 49 42 92 47
22 83 48 88 56
22 35 94 97 94
22 7 13 43 22
22 51 42 74 54
54 83 17 36 30
4 1 37 87 71
5 64 18 82 71
5 59 42 44 44
5 70 82 88 84
5 48 94 99 95
64 46 45 92 53
48 50 47 54 52
48 3 85 90 85
48 25 92 99 98
6 14 58 71 62
6 18 12 75 47
6 76 46 100 75
14 50 59 79 70
14 83 48 62 55
14 48 71 93 89
18 5 82 100 90
18 63 23 95 67
76 17 43 57 45
76 47 48 88 88
76 5 52 75 75
76 38 26 45 38
7 55 39 84 41
7 14 84 95 87
55 75 16 35 30
55 52 94 98 95
55 44 28 88 72
50 73 60 81 75
50 5 20 90 38
23 50 42 44 44
23 29 12 53 27
23 28 48 94 48
23 83 53 76 64
23 31 58 94 92
23 69 52 83 56
9 72 37 80 45
9 62 24 45 42
72 48 21 83 78
62 60 10 57 26
62 48 57 61 60
62 40 52 56 54
10 4 91 96 92
10 36 16 19 19
10 61 16 17 16
61 27 59 89 59
61 24 13 25 18
61 31 68 71 70
61 10 61 86 84
11 42 80 97 89
11 39 48 70 53
11 23 26 71 38
11 16 64 65 65
42 37 37 83 78
42 9 24 25 24
16 20 82 89 83
16 70 23 49 46
16 41 78 91 79
12 8 79 97 84
12 70 92 100 93
12 48 83 87 86
12 60 19 26 25
12 85 73 85 79
60 50 16 58 20
60 73 51 69 63
60 69 42 83 79
85 82 75 98 76
85 45 68 71 71
85 55 40 48 42
85 62 28 73 53
85 31 24 82 36
85 59 58 92 81
13 72 35 70 57
83 77 31 40 33
83 81 68 91 90
83 53 22 41 28
83 3 61 69 68
15 82 41 57 45
15 74 50 71 59
15 51 94 97 94
82 58 31 91 33
82 22 12 58 49
82 71 16 34 28
82 32 69 75 74
74 24 52 92 83
74 52 87 94 90
51 48 10 57 20
51 1 27 30 29
51 49 60 84 75
20 0 26 58 33
20 25 64 89 66
41 23 54 62 57
41 57 43 95 88
17 84 66 69 67
17 28 26 35 34
28 70 10 76 60
28 20 10 83 51
28 23 44 99 71
28 75 30 92 51
63 46 40 90 55
19 0 12 14 12
19 79 52 89 76
19 1 31 96 61
79 24 84 88 84
79 8 62 88 77
79 1 18 35 23
25 41 66 96 93
25 82 51 76 76
25 0 90 99 95
21 59 27 41 35
21 48 83 96 84
21 80 71 93 74
80 47 72 92 81
80 38 76 83 83
35 67 83 100 85
35 68 27 35 29
29 61 71 80 79
29 16 80 91 85
29 6 74 79 74
29 59 43 100 73
31 10 44 64 48
31 29 74 89 83
31 0 51 65 63
69 85 23 58 34
69 34 49 66 53
69 79 41 70 44
24 49 23 53 23
24 2 24 96 36
26 35 79 81 81
26 60 88 98 89
26 37 40 88 70
37 29 60 97 69
37 54 83 87 85
37 85 69 84 77
37 0 29 89 64
37 6 31 85 31
27 48 47 97 80
27 33 53 63 57
27 41 55 78 56
33 67 71 81 74
33 51 17 48 41
75 0 42 71 61
75 20 32 43 39
75 74 49 73 55
75 72 60 77 62
32 18 45 68 53
32 60 17 28 23
32 25 27 68 38
32 58 17 79 40
32 1 27 44 28
67 72 58 79 71
34 7 38 87 57
34 11 22 55 39
68 64 75 88 79
68 27 69 78 77
68 22 63 84 79
68 8 88 90 90
73 1 48 91 62
38 23 95 99 99
40 51 24 60 39
40 59 30 57 39
57 9 24 61 54
43 79 21 98 38
44 73 93 96 94
46 41 52 77 74
46 62 32 78 75
46 49 74 82 75
46 10 54 66 56
47 50 50 94 83
47 2 30 65 35
47 61 93 98 96
56 81 86 97 93
56 16 12 86 22
81 6 15 87 16
81 34 59 80 60
81 75 86 100 98
81 18 13 95 88
81 83 62 97 84
81 56 60 98 69
81 7 83 90 88
81 62 62 70 65
65 56 64 66 65
65 85 75 81 76
65 9 79 100 99
65 36 45 63 46
65 23 88 92 90
65 13 32 50 33
71 75 74 78 74
71 8 11 26 16
71 31 48 99 65
71 9 83 84 84
77 64 28 67 58
77 66 93 98 97
78 36 82 88 82
78 63 64 100 79
0 85
