40 97
0 34 81 86 83
34 24 37 92 38
34 17 95 98 96
34 25 17 31 21
34 6 66 94 67
34 29 74 77 77
1 16 30 65 59
1 22 53 77 65
1 39 83 92 86
16 29 67 84 80
16 13 15 91 66
16 36 19 30 23
39 22 66 75 68
39 21 59 71 64
2 9 57 81 78
9 10 75 85 79
9 1 57 83 79
9 17 63 71 67
9 4 73 92 75
9 21 53 76 68
9 3 51 52 51
3 35 64 65 64
35 4 42 51 51
5 36 88 97 92
5 38 20 87 32
5 30 82 89 86
5 9 31 50 50
5 16 63 96 81
36 11 62 89 69
38 3 81 97 85
38 17 41 91 83
6 11 10 71 15
6 19 79 99 84
11 2 62 89 79
11 15 72 77 76
19 20 20 25 25
19 2 47 64 58
19 0 47 51 48
7 8 86 94 90
7 18 32 67 63
7 31 44 99 82
8 38 28 98 65
8 19 54 77 65
8 24 67 97 84
18 34 25 73 25
18 9 37 60 39
31 32 50 85 61
31 11 52 100 77
31 33 32 91 69
24 25 74 77 76
24 36 24 91 39
17 32 23 53 28
17 2 44 79 77
21 23 51 68 64
21 9 54 85 55
21 28 21 90 65
21 3 52 62 56
21 27 31 48 47
15 26 90 95 91
12 34 10 33 11
13 28 50 91 67
13 20 17 86 70
28 30 54 68 55
28 31 82 87 82
20 19 42 85 58
20 29 88 100 94
20 10 59 69 61
14 39 95 97 97
14 2 26 28 27
14 37 77 86 81
37 6 13 27 23
37 36 41 86 73
26 32 49 70 52
26 23 84 88 84
26 33 20 75 27
26 15 28 66 65
26 39 16 82 25
29 35 40 72 48
29 7 76 98 98
29 22 56 98 92
29 14 22 73 25
32 18 87 94 87
32 5 16 72 56
32 38 60 98 81
23 4 43 89 69
23 15 16 52 33
23 36 12 20 16
27 16 72 77 77
27 6 45 66 53
27 8 62 94 81
25 14 70 88 84
25 12 67 94 72
25 16 53 83 67
25 4 25 42 41
33 26 29 93 75
33 12 69 73 73
33 5 36 41 39
0 39
