111 364
0 8 11 71 28
0 13 41 79 77
0 65 51 77 53
0 68 79 85 79
8 20 80 87 80
8 71 70 80 71
8 2 45 92 59
8 17 69 88 76
8 107 38 39 39
8 81 91 93 93
8 62 55 56 55
13 31 44 45 44
13 34 66 81 70
13 17 12 43 35
13 82 61 93 77
13 30 13 73 46
13 20 72 74 73
65 103 92 97 94
65 58 39 84 71
65 32 58 91 89
65 4 64 100 96
68 82 89 95 89
68 19 88 90 89
68 78 14 69 23
1 51 61 87 63
1 37 50 60 51
1 11 89 98 97
51 27 91 98 93
51 37 28 41 35
51 13 61 78 63
51 38 41 98 78
51 4 65 75 71
51 65 67 79 68
51 9 61 99 78
37 110 18 45 35
37 92 73 90 78
37 88 62 74 71
11 43 86 90 87
11 73 56 59 56
2 32 11 33 20
2 23 33 78 66
2 7 33 87 39
2 50 21 87 26
2 58 15 45 15
32 68 69 75 74
32 89 34 89 83
23 108 22 63 60
23 90 43 91 71
23 85 78 85 79
23 58 34 70 44
7 73 37 78 51
7 88 38 80 60
7 60 21 63 62
7 17 34 76 71
50 89 23 32 30
50 36 25 28 28
58 33 54 72 68
58 78 51 70 59
58 102 28 69 29
58 79 81 91 86
58 69 73 91 89
58 31 56 89 80
58 53 28 41 28
3 100 15 24 21
3 68 87 100 91
100 91 57 63 62
100 21 89 91 89
100 42 42 70 55
100 92 34 98 36
4 26 82 95 93
4 105 32 44 43
4 81 95 98 98
4 1 70 81 78
4 58 24 83 78
4 42 21 29 28
4 61 49 67 57
4 104 10 69 43
4 107 95 96 95
4 78 63 87 68
26 17 89 98 94
105 8 78 87 80
105 66 54 77 70
105 1 93 100 99
105 58 60 100 76
81 109 93 100 99
81 32 33 93 81
81 99 15 44 24
81 36 47 68 51
42 65 62 81 70
42 9 53 99 65
107 108 45 96 92
107 29 42 94 86
78 103 34 43 36
78 63 35 99 87
78 30 89 96 93
5 28 16 42 19
5 54 64 88 75
5 89 59 92 73
5 26 57 77 63
5 98 75 84 75
28 47 69 75 70
28 19 42 81 71
54 44 67 81 76
54 25 76 81 78
54 68 68 86 74
89 68 27 84 55
89 25 84 91 89
89 50 52 72 57
89 5 79 84 79
89 70 39 48 47
89 97 51 77 69
89 29 13 84 32
89 46 75 86 76
98 61 67 96 89
98 90 30 36 34
6 48 85 88 86
6 97 81 91 87
6 29 58 59 59
6 18 62 80 76
48 41 43 67 56
48 103 58 62 61
48 45 56 73 64
48 78 29 57 50
97 75 77 91 87
97 62 32 66 54
97 110 84 91 86
97 19 64 75 73
29 10 15 55 42
29 108 86 90 86
29 24 92 94 94
18 89 89 100 94
18 96 92 97 92
18 11 82 88 87
18 14 32 59 55
18 92 66 79 75
73 48 15 85 43
73 24 25 75 28
73 45 41 66 48
88 7 38 43 43
88 96 42 73 48
88 84 75 78 77
88 75 64 81 73
60 32 56 94 89
60 86 38 41 38
20 93 75 76 75
20 39 31 85 47
20 1 32 94 76
71 94 68 99 72
62 74 88 93 90
62 37 60 89 81
62 5 80 85 83
62 23 69 85 72
9 105 51 57 56
10 97 71 76 76
10 15 68 90 72
10 90 40 68 64
10 24 41 46 46
15 64 32 41 38
15 41 46 94 81
90 99 41 53 43
90 87 44 90 63
90 64 23 26 25
24 46 86 91 87
24 71 80 96 95
24 96 34 50 40
24 93 33 67 34
43 85 82 84 82
43 77 91 99 94
43 101 78 80 80
43 13 82 85 83
12 86 44 76 75
12 27 22 25 22
12 69 37 50 48
86 7 24 86 75
86 110 44 60 58
86 74 85 100 93
86 0 40 96 72
69 73 95 97 95
69 81 46 54 49
69 93 26 51 31
69 92 25 44 33
31 46 35 56 48
31 1 65 67 66
31 10 64 93 92
34 91 73 83 73
34 73 48 57 55
34 105 81 98 92
34 17 92 97 93
34 84 48 93 74
82 18 68 81 75
82 10 87 94 87
30 69 17 35 25
30 1 91 97 97
14 29 36 60 39
14 88 65 67 67
14 50 34 77 59
14 85 36 80 62
85 21 35 98 53
64 100 45 60 51
64 65 19 76 37
64 84 16 54 50
41 39 66 100 70
41 64 23 100 59
16 22 20 30 26
16 99 13 57 27
22 37 25 72 61
22 44 45 55 53
22 46 83 92 85
22 31 58 60 60
99 87 18 91 36
96 73 34 70 70
96 102 53 96 72
96 21 51 80 53
96 31 27 28 27
92 82 65 88 88
92 42 12 88 40
92 29 16 46 38
92 56 46 55 49
19 100 36 42 41
19 52 43 64 53
19 72 52 93 53
19 42 41 71 62
19 80 45 50 48
52 76 22 51 28
52 92 76 87 87
72 16 88 89 89
72 59 22 40 36
72 23 40 71 40
80 89 84 98 88
80 76 65 97 78
93 91 84 96 87
93 41 26 99 71
93 87 88 89 89
93 72 67 73 69
93 59 32 70 33
39 95 55 82 76
39 19 79 90 89
21 33 80 89 88
21 47 63 67 66
21 98 64 80 74
21 10 22 59 44
21 78 24 79 74
33 67 28 63 34
33 100 14 42 30
33 107 25 36 32
33 7 25 94 92
47 3 31 63 62
47 26 73 87 85
44 70 72 73 73
44 14 93 97 94
46 59 76 84 80
46 1 28 48 32
108 27 78 92 88
108 29 36 85 48
25 108 27 31 31
25 66 29 58 46
25 15 66 92 75
25 31 66 91 76
25 32 12 33 30
66 19 47 98 75
67 109 35 46 42
67 6 39 69 43
91 46 60 61 61
91 75 74 92 87
91 13 54 70 68
91 20 68 77 75
91 27 18 79 53
91 18 28 31 28
84 22 86 94 92
84 81 90 98 98
84 60 12 82 38
35 107 77 86 82
35 20 68 97 79
35 76 85 96 94
35 57 26 97 68
76 67 23 49 33
76 101 43 80 64
76 91 89 95 89
76 98 59 82 68
76 103 88 95 89
76 64 79 92 80
57 53 82 94 86
57 37 66 96 81
57 24 16 39 28
36 52 93 95 93
36 58 51 73 67
110 46 75 91 80
38 8 35 63 54
95 66 28 53 31
95 43 38 59 49
95 14 37 46 38
95 26 84 87 87
95 75 39 98 76
95 78 85 90 90
40 53 93 100 98
40 23 26 41 26
40 58 90 100 90
40 106 25 88 64
40 2 69 97 83
53 72 59 78 60
53 44 17 83 32
53 22 48 78 60
106 24 16 32 24
106 105 87 95 95
106 75 27 38 28
106 7 72 93 84
77 17 74 89 74
77 74 59 62 59
77 38 46 92 87
77 81 68 83 70
101 40 13 51 23
101 13 25 31 27
101 82 69 80 78
101 49 24 61 36
70 9 49 71 53
70 101 57 77 59
70 67 18 37 28
70 6 69 72 70
70 109 59 70 60
45 62 61 94 79
45 5 80 82 82
59 65 88 91 90
59 16 45 63 54
59 47 13 95 85
103 22 74 95 78
103 91 79 88 85
103 1 93 96 96
103 68 38 95 59
103 56 48 81 74
103 96 20 32 24
103 81 34 99 69
49 67 95 97 97
49 53 86 97 94
49 78 66 90 83
49 44 50 77 75
49 63 11 29 15
63 45 66 67 66
55 101 70 72 70
55 97 83 99 91
55 46 33 37 33
55 108 75 98 95
55 92 48 68 59
56 39 49 97 55
56 9 33 97 93
102 38 80 81 80
102 43 90 93 90
102 48 48 86 79
79 31 16 94 46
79 22 72 80 76
74 57 74 90 82
74 36 15 74 51
109 108 40 99 96
109 49 59 67 67
94 47 49 60 54
94 45 85 95 94
94 19 79 100 85
94 66 51 74 57
94 107 50 59 53
94 68 20 91 26
75 97 10 21 11
75 66 66 79 74
83 28 71 82 81
83 0 25 42 34
87 36 24 38 25
0 110
