472 1630
0 409 73 74 73
0 37 68 94 86
409 138 22 41 37
409 87 61 75 73
409 358 28 72 28
37 52 35 95 42
37 235 51 74 52
37 111 49 67 54
37 35 66 88 81
1 237 29 76 31
1 406 79 88 81
1 145 35 55 43
1 328 91 93 93
237 360 94 99 99
237 156 55 94 78
237 184 70 77 72
237 108 55 88 74
237 44 21 61 28
145 456 56 98 59
145 235 28 68 53
328 266 10 90 68
328 409 70 76 75
328 428 22 43 32
328 366 13 56 30
328 179 48 93 72
2 363 68 77 69
2 206 30 66 52
363 311 92 100 98
363 382 27 36 29
363 7 59 72 67
206 55 58 97 85
206 409 66 84 82
3 167 23 93 79
3 388 29 94 90
3 280 24 77 42
167 268 13 46 44
167 29 48 60 54
388 361 23 90 61
388 290 76 84 78
388 254 50 55 52
388 104 85 86 85
388 69 20 31 26
280 260 47 87 55
4 195 86 92 89
4 423 20 25 20
4 430 55 81 63
4 305 72 85 80
4 470 13 66 54
195 128 22 44 34
195 74 65 94 80
195 404 91 99 94
195 63 60 77 71
423 422 25 33 32
423 229 65 66 66
423 98 87 96 92
423 285 55 71 59
423 439 46 60 53
423 374 91 95 92
423 34 12 22 19
430 98 37 86 41
305 382 82 99 86
305 194 57 70 68
305 234 75 86 84
470 435 74 84 84
470 220 92 99 94
470 324 85 98 86
470 372 29 52 29
5 194 25 100 60
5 276 20 82 45
194 43 81 93 91
194 468 42 69 46
194 350 70 92 72
276 166 85 100 88
276 394 60 81 65
276 419 45 88 55
6 233 16 88 34
6 450 63 72 70
6 307 62 98 67
6 274 59 74 71
233 146 13 71 54
233 231 36 49 43
233 261 37 75 64
233 13 15 95 92
450 230 61 92 89
450 318 45 100 68
450 323 23 40 23
450 224 93 98 93
450 135 90 91 91
450 420 20 81 79
450 69 79 83 81
307 247 25 65 38
307 88 49 75 57
274 52 41 70 56
274 5 17 27 27
274 395 68 82 68
274 35 19 66 39
274 191 19 35 35
7 220 90 91 90
7 4 70 73 73
7 335 55 65 56
7 66 44 49 45
220 444 48 90 61
220 440 92 94 93
220 35 40 77 62
220 227 63 72 72
220 438 63 77 74
220 364 62 76 74
335 226 61 63 62
335 99 10 27 14
335 48 85 87 86
66 435 73 92 80
66 120 93 98 96
66 192 57 81 78
66 37 49 78 77
66 300 65 94 74
8 344 48 87 87
8 164 29 97 92
8 413 73 92 89
8 306 22 83 54
344 228 78 94 83
344 246 30 49 43
344 272 48 80 71
164 357 25 60 46
164 371 90 98 92
164 289 92 100 94
164 306 78 95 86
164 307 42 76 51
164 321 27 65 55
164 18 67 88 78
413 258 37 72 40
413 400 66 95 93
306 170 49 100 94
306 407 71 88 87
306 11 13 98 66
306 290 48 67 54
306 84 75 98 97
306 451 23 67 44
306 130 27 68 61
9 252 31 86 47
9 86 65 96 73
9 280 19 97 76
252 373 83 87 83
252 195 75 86 75
252 32 38 82 69
86 323 38 98 41
86 20 92 96 94
10 208 95 100 100
208 105 16 37 29
208 297 15 73 24
11 328 38 51 50
11 178 62 95 73
178 225 35 61 61
178 75 80 96 94
178 321 58 99 65
178 312 21 57 33
12 288 57 92 60
12 240 58 73 73
12 460 28 98 86
288 133 87 90 87
288 259 93 94 94
288 305 24 68 40
288 113 29 38 29
288 213 82 95 86
288 469 22 55 45
460 274 29 87 66
460 185 30 85 51
460 459 38 80 53
460 343 41 70 54
460 170 74 78 77
460 166 26 58 55
460 26 72 78 72
13 45 22 34 28
13 269 71 91 80
13 305 53 63 54
45 132 36 65 63
45 307 80 88 82
45 375 55 88 76
45 90 77 89 84
45 422 89 99 93
269 155 38 100 39
269 363 49 76 54
269 468 79 100 89
269 179 56 90 88
14 7 67 69 67
14 423 30 39 39
14 222 17 91 55
14 263 64 73 68
222 10 86 89 88
222 408 64 100 85
222 15 18 26 21
263 423 43 52 49
263 453 84 97 88
15 288 87 88 88
15 321 59 68 60
321 185 15 51 26
321 181 70 83 75
16 72 88 96 92
72 303 64 85 66
72 390 75 94 87
72 445 76 99 77
72 81 10 88 15
72 177 47 91 47
17 451 59 84 79
17 308 51 82 58
17 325 17 96 93
17 453 10 19 13
451 261 86 88 87
451 77 83 95 95
451 219 44 47 46
308 250 16 37 28
308 3 76 95 95
308 258 16 19 19
453 326 15 82 81
453 171 17 96 44
18 344 40 57 57
19 259 41 59 46
19 189 76 79 76
19 399 12 32 24
259 415 40 59 48
259 303 62 66 62
189 435 10 35 16
189 31 55 66 62
20 95 11 42 37
20 430 83 93 87
95 257 22 76 35
95 135 41 87 72
95 127 54 62 57
95 226 18 68 57
21 354 89 96 95
21 348 48 90 77
21 318 40 99 67
21 390 69 71 70
354 143 19 46 38
354 364 87 92 89
348 337 85 90 86
348 134 75 88 78
348 165 29 58 36
318 459 93 97 94
390 365 51 66 62
390 99 86 99 91
390 257 70 99 98
22 250 42 90 51
22 46 82 96 84
22 188 46 61 52
22 208 59 78 62
22 220 72 74 73
22 202 31 86 41
22 223 87 91 90
250 397 49 75 73
46 314 66 71 70
46 317 44 59 48
46 460 84 98 97
46 42 64 65 65
188 283 70 83 77
188 166 31 83 48
202 174 49 54 54
202 136 17 31 28
223 297 13 14 14
23 53 31 93 58
24 72 40 60 42
24 75 34 54 41
24 132 86 95 91
24 191 71 84 79
24 121 65 92 82
24 416 25 62 45
24 31 80 99 88
75 16 57 98 92
75 269 82 89 86
75 145 72 95 85
132 268 76 79 79
132 300 25 53 35
132 279 44 77 76
191 100 14 16 16
191 424 46 78 78
191 219 85 94 93
191 273 16 99 57
191 352 31 64 54
191 363 40 70 57
121 3 87 96 92
416 243 34 69 60
416 404 15 40 20
416 166 78 94 82
416 203 35 63 58
31 332 93 97 96
31 86 62 73 73
25 402 87 97 94
25 68 16 51 19
402 286 78 92 82
402 179 66 88 85
402 258 25 94 66
402 366 16 97 92
402 22 23 73 28
68 87 80 82 80
68 128 31 87 63
68 50 82 85 83
68 298 67 95 78
26 341 63 79 63
26 52 45 70 57
26 283 95 99 97
26 468 84 86 84
26 77 55 84 76
26 256 61 73 62
341 4 37 88 37
341 265 34 88 66
52 103 75 99 97
52 199 48 85 72
283 465 31 46 35
283 138 76 80 79
283 424 44 54 49
283 120 43 85 66
283 152 26 63 35
468 311 69 91 90
468 167 45 63 49
468 170 23 46 31
468 427 54 62 61
468 156 76 88 88
468 152 62 81 79
468 22 22 85 73
77 416 36 87 64
77 439 94 96 95
77 123 16 62 44
77 137 72 79 75
77 206 39 53 52
256 282 27 87 56
256 47 64 78 77
256 365 10 99 90
256 380 57 86 62
27 76 58 81 60
27 253 21 45 39
27 134 56 78 65
27 333 70 98 88
27 61 42 94 78
76 167 59 76 67
76 375 44 68 67
76 342 71 93 83
76 142 49 82 76
76 90 74 85 75
76 434 91 92 91
253 300 76 94 78
253 278 33 84 77
253 313 61 81 78
253 143 68 82 72
134 156 92 93 93
134 278 83 100 89
134 436 66 86 79
333 453 47 100 53
333 18 70 76 75
333 137 66 96 70
333 428 45 89 52
333 367 50 94 59
61 389 62 65 65
61 453 94 95 95
61 124 79 100 87
61 355 17 21 21
28 431 22 86 42
28 225 34 41 41
28 298 90 100 99
225 213 63 85 68
225 62 57 72 60
225 84 28 57 28
298 271 88 97 97
298 124 16 72 52
30 320 43 73 59
30 273 80 90 84
30 152 42 81 43
30 395 46 52 52
320 96 12 100 91
320 137 72 82 76
320 58 31 90 58
320 293 57 74 74
273 247 48 89 62
273 206 57 59 58
273 111 12 35 21
152 139 29 90 65
152 435 84 93 85
395 424 29 87 38
395 367 83 87 85
395 348 43 95 47
395 32 70 72 71
395 466 29 87 47
395 48 64 66 65
332 257 87 94 93
332 78 47 64 47
332 61 73 82 74
332 317 18 84 31
332 5 33 70 69
332 211 34 41 35
332 8 80 97 87
32 378 80 98 84
32 31 34 73 44
32 308 46 71 57
32 14 40 70 40
32 228 39 99 84
378 51 63 92 64
378 176 28 45 30
378 333 42 89 86
378 90 83 88 83
378 45 48 94 69
228 161 92 99 98
228 299 51 98 71
228 65 42 60 44
228 50 34 76 47
33 442 58 91 75
33 241 25 65 59
442 68 43 69 47
442 88 32 68 50
442 385 56 80 66
442 72 29 40 40
442 77 63 68 63
241 327 72 83 75
241 169 60 72 63
241 118 25 41 37
241 252 20 42 33
241 104 66 95 71
241 1 33 52 47
34 0 19 46 37
34 334 73 92 92
34 395 72 73 73
34 443 83 91 91
34 232 32 57 40
334 385 39 54 47
334 209 73 80 78
334 162 70 84 82
334 26 58 91 65
334 84 37 50 37
334 293 76 81 80
443 264 10 64 29
35 384 81 98 97
35 263 87 97 91
35 253 89 95 92
35 318 91 95 94
35 160 11 98 34
384 368 66 87 73
36 356 50 56 53
36 61 15 39 19
36 359 52 74 64
36 88 78 88 87
36 424 86 95 94
36 378 71 73 72
356 169 19 45 21
356 390 45 71 54
356 156 16 40 38
356 73 44 91 90
356 193 81 95 86
356 149 16 94 90
359 207 69 93 85
359 104 28 29 29
88 82 77 81 80
88 117 38 76 42
88 137 41 62 54
88 417 30 36 36
88 151 80 87 87
424 96 26 61 34
424 282 40 100 98
424 238 28 32 28
235 12 95 96 95
235 173 87 91 88
235 24 22 80 57
111 4 92 100 96
111 345 10 67 29
111 206 83 89 88
111 242 93 94 94
111 32 72 85 85
111 432 95 97 96
38 156 59 79 76
38 388 49 100 100
38 418 93 100 100
38 36 67 71 70
156 455 71 79 72
156 275 24 98 81
156 12 90 98 93
156 443 77 90 85
156 13 14 70 53
156 278 78 83 79
156 129 31 32 31
156 246 24 49 48
418 169 36 98 53
418 35 25 27 26
418 7 36 48 45
418 43 14 65 60
39 116 61 80 74
39 37 48 90 89
39 395 44 95 50
116 295 60 77 77
116 256 50 92 83
116 441 51 86 54
40 37 83 86 83
41 79 72 73 72
41 328 48 64 64
79 196 16 18 17
79 275 94 99 96
79 173 19 92 79
42 64 75 78 76
42 240 73 78 78
42 108 18 49 18
42 355 17 93 48
64 80 61 85 80
108 74 73 90 81
355 231 71 77 73
355 112 26 71 34
355 458 51 67 53
43 228 24 41 35
43 346 16 57 37
43 397 47 49 47
43 27 65 80 76
346 318 10 48 39
346 0 13 68 18
346 119 77 93 84
346 121 48 94 51
397 60 95 100 98
397 194 60 95 95
397 187 11 17 17
397 329 69 79 73
397 185 76 81 76
44 51 32 36 32
44 422 19 61 23
51 65 75 87 80
422 185 83 88 88
422 329 27 49 39
422 128 83 88 86
422 294 95 99 98
375 10 26 34 29
375 307 92 100 100
375 76 10 88 81
375 341 28 80 64
375 250 93 100 100
90 259 78 82 81
90 54 71 97 86
90 316 79 95 80
90 212 50 56 53
90 83 25 70 32
314 9 22 83 69
314 102 77 84 84
314 436 35 38 35
317 64 84 89 84
317 201 27 31 28
317 76 64 98 98
317 1 80 86 86
47 250 35 40 40
47 31 14 49 40
47 81 51 71 57
81 130 85 95 87
81 27 92 98 92
81 66 90 97 94
81 369 70 89 83
48 390 78 96 94
49 470 80 100 89
49 133 26 74 49
49 162 82 94 87
133 101 53 55 53
133 123 53 99 62
133 224 34 70 49
162 71 77 92 86
50 217 45 82 51
50 369 31 33 32
50 190 43 90 76
50 284 16 60 56
50 254 34 82 34
217 199 39 90 68
217 88 83 90 83
217 339 35 59 46
369 94 19 61 40
369 394 76 92 81
369 120 70 88 78
369 92 50 97 77
369 107 37 97 64
369 169 93 96 96
190 2 71 86 76
190 467 22 92 58
190 417 76 84 83
284 182 76 95 95
284 402 29 97 95
284 237 82 87 87
284 227 11 83 52
284 215 18 42 24
254 315 49 65 58
254 228 73 75 75
254 139 41 49 47
65 307 47 76 55
65 318 84 98 97
65 315 57 95 70
103 3 44 56 54
103 332 61 68 66
103 112 50 62 59
103 266 64 93 77
199 386 93 95 95
199 111 90 98 91
199 159 74 78 75
54 2 26 81 28
54 398 46 50 48
54 228 74 97 82
54 34 71 72 72
398 122 88 91 91
398 412 79 97 82
398 281 45 73 66
55 348 26 52 31
55 29 20 98 47
55 132 63 80 78
55 456 39 44 40
55 237 16 96 89
55 133 82 87 82
456 234 63 84 74
456 222 82 94 92
456 144 14 15 14
56 209 82 85 84
56 82 75 90 89
56 459 82 89 84
56 464 59 95 94
209 107 14 90 76
209 22 60 84 66
209 368 41 54 44
209 34 83 89 85
209 425 82 84 82
82 471 33 80 54
82 256 17 53 37
82 209 35 68 54
82 36 37 62 44
82 46 17 42 21
459 342 43 100 47
459 59 11 14 14
459 468 79 89 89
459 200 41 95 93
57 229 62 87 84
57 458 29 67 31
57 136 20 36 28
57 194 29 61 57
57 228 21 79 46
229 260 51 82 60
229 99 58 62 60
229 324 20 85 55
229 450 39 81 67
458 324 30 76 45
136 275 65 75 75
136 169 20 95 40
136 469 45 67 52
58 426 59 82 65
426 166 15 84 24
426 395 57 86 67
426 144 26 76 42
426 290 67 96 79
59 67 46 81 58
59 381 29 35 32
67 404 55 66 58
67 5 69 77 73
67 363 68 91 71
381 100 25 64 57
381 418 55 92 81
381 238 91 93 93
381 169 20 60 24
60 17 41 55 44
60 304 15 98 60
60 132 17 47 36
60 171 61 95 68
60 34 92 97 94
60 333 12 13 13
304 17 64 100 90
304 266 77 97 80
304 468 62 71 68
304 245 44 71 59
171 51 94 98 94
171 278 86 92 91
171 92 18 19 18
171 458 80 95 80
171 301 82 99 93
389 67 23 35 32
389 90 83 84 84
124 304 62 73 63
124 438 30 85 37
62 69 88 89 88
62 214 65 76 70
62 400 21 24 23
62 305 62 96 91
62 28 41 54 50
69 2 31 65 47
214 348 15 40 30
214 52 52 56 55
214 69 80 88 83
214 152 11 53 37
214 133 90 100 91
214 80 30 99 34
214 250 72 88 73
400 383 60 96 77
400 222 38 89 87
400 171 84 96 85
400 379 37 57 56
400 2 19 99 56
400 87 92 97 96
400 54 37 97 78
400 88 94 100 98
63 360 31 53 53
63 222 73 75 73
360 106 32 36 34
360 334 85 97 94
360 272 76 83 76
80 409 48 60 56
80 90 83 96 83
80 130 32 61 58
80 279 59 83 73
315 265 73 96 96
315 141 70 93 78
315 1 73 88 82
435 120 87 99 95
435 283 36 71 48
435 426 53 73 68
435 389 36 88 77
120 228 69 77 71
120 332 36 64 39
192 90 87 91 91
192 277 88 93 89
192 336 80 97 90
192 22 89 96 90
192 199 59 89 63
300 130 87 96 90
300 127 80 96 89
300 163 63 64 64
300 332 60 75 61
300 261 19 70 28
300 391 59 71 71
404 40 64 99 86
404 371 79 95 90
87 199 46 79 54
87 75 86 99 98
87 225 24 27 25
87 446 32 60 54
87 15 93 97 94
87 287 64 89 80
128 192 24 82 58
128 447 16 84 63
128 36 37 57 37
70 12 19 71 28
70 316 62 72 62
70 258 67 78 78
316 201 39 60 39
258 215 79 85 80
258 80 85 92 88
258 78 63 95 73
258 99 54 55 55
71 5 54 85 65
71 464 21 74 40
71 223 70 93 83
303 65 16 62 23
303 410 11 28 26
303 60 42 83 75
303 418 89 96 94
303 448 61 66 64
303 232 87 91 91
303 152 39 90 54
445 168 48 67 67
445 453 44 45 45
445 81 31 58 37
177 255 93 95 95
73 18 48 55 51
73 264 22 56 54
73 290 72 97 83
264 80 34 90 43
264 469 84 92 84
264 380 72 89 84
264 79 95 98 96
264 43 68 86 76
290 192 67 76 67
74 313 62 92 76
74 130 84 87 87
74 424 92 99 95
313 266 65 88 68
313 416 53 84 71
313 106 94 98 95
313 411 17 47 41
313 269 26 72 69
313 3 41 74 50
130 146 43 60 54
130 160 22 57 29
130 341 88 92 88
342 225 48 66 53
342 348 76 93 85
142 371 90 98 98
142 436 69 81 72
142 125 43 68 44
142 365 24 30 27
434 313 29 79 71
434 0 49 87 74
439 398 80 94 91
439 434 26 68 62
123 154 15 95 26
123 409 78 93 82
123 423 17 33 19
123 285 26 57 53
123 452 53 72 53
137 319 75 85 78
137 283 10 52 20
137 345 49 69 53
137 21 26 58 55
78 200 19 93 40
78 179 81 92 81
200 268 11 15 13
200 271 78 91 82
200 73 32 81 56
200 443 47 79 47
179 171 78 85 80
179 454 50 85 67
179 458 80 96 85
179 2 40 63 47
196 171 59 72 59
196 132 33 41 37
196 469 31 44 43
196 90 81 84 82
275 33 55 74 62
275 110 25 76 37
275 39 93 96 93
173 442 37 89 70
173 280 70 73 70
173 414 86 98 96
279 106 91 93 91
279 460 52 53 53
279 395 68 95 69
279 181 71 90 78
471 294 38 73 58
471 75 39 45 39
471 70 48 54 49
84 437 67 79 74
84 331 93 97 93
437 75 37 61 40
437 32 37 96 88
437 5 82 95 88
437 193 47 65 57
437 290 36 82 81
331 287 11 58 22
331 309 55 73 71
331 13 44 72 66
331 11 41 90 82
85 426 15 24 23
85 416 57 75 68
85 109 91 98 97
85 458 69 82 73
85 283 57 93 84
109 272 26 100 56
109 213 83 94 85
323 252 18 65 32
323 412 63 68 67
323 75 90 95 95
323 367 93 95 93
446 471 43 67 47
446 223 43 66 46
446 427 47 60 49
446 137 32 70 42
446 357 90 94 93
287 190 48 55 51
287 292 27 32 28
117 29 41 85 67
117 244 37 76 59
417 192 21 80 67
417 366 52 75 54
417 67 19 54 31
417 68 11 84 36
417 409 70 78 71
151 338 41 67 66
151 6 35 66 56
151 153 29 38 33
151 76 69 87 82
89 437 81 100 87
89 203 49 82 82
89 322 73 88 80
89 312 76 87 76
203 232 66 79 71
203 431 84 91 84
203 446 88 93 89
322 6 58 63 58
322 406 75 88 77
312 352 40 59 48
312 337 37 51 48
212 325 77 79 77
212 429 69 72 69
91 310 56 58 56
91 138 57 93 76
91 67 62 75 68
91 44 53 80 56
91 203 29 52 41
91 212 87 96 89
310 469 85 88 86
310 118 39 83 54
310 6 14 49 22
310 306 58 93 89
138 184 56 100 86
138 149 87 96 88
138 270 68 69 69
138 379 30 92 78
138 51 84 87 84
92 136 94 98 97
92 75 56 99 88
93 260 59 69 66
260 282 31 84 48
94 65 49 69 55
94 454 94 97 95
94 245 54 64 62
454 358 76 82 81
454 460 42 81 42
454 163 43 98 70
454 349 12 58 26
454 276 53 54 53
454 257 41 79 61
245 451 44 69 51
245 406 56 74 60
245 44 44 80 52
245 352 94 100 98
257 63 60 92 73
257 185 18 55 35
257 9 36 64 41
257 418 45 66 53
257 401 21 23 22
135 449 24 51 41
135 47 94 98 96
135 102 25 28 27
127 276 95 96 96
127 145 82 86 86
226 47 67 97 89
226 163 25 40 38
226 140 16 99 54
96 253 90 92 90
97 300 95 99 99
97 15 44 96 77
97 161 65 78 75
161 406 44 82 68
161 195 21 61 30
161 400 55 76 56
98 46 47 96 86
98 408 43 47 47
408 463 75 76 76
408 225 85 96 93
408 98 27 52 30
99 443 86 91 91
100 107 20 88 61
100 177 74 89 84
100 147 95 98 97
107 468 70 100 83
147 128 14 78 75
147 457 69 84 80
147 366 13 69 62
147 139 75 95 83
101 111 20 58 49
101 347 15 23 19
101 278 18 31 25
101 247 26 74 28
101 277 34 69 50
101 150 23 35 35
101 20 57 75 66
347 125 28 52 31
347 184 47 54 52
278 405 42 92 66
278 207 32 75 37
278 302 70 78 72
247 454 87 90 89
247 337 62 79 71
247 324 71 84 79
247 93 17 28 28
247 54 24 68 37
277 239 65 94 78
277 262 80 86 86
150 434 53 100 55
150 7 30 82 39
102 445 50 78 63
102 307 52 63 54
102 442 73 99 76
102 20 17 35 26
102 329 95 98 96
329 242 50 78 51
329 7 91 95 93
329 358 28 56 44
329 158 57 75 60
329 373 69 79 70
329 10 19 34 28
112 443 73 85 77
112 177 33 44 41
112 273 40 49 40
112 313 92 93 92
112 383 48 86 78
266 25 49 66 63
266 92 61 76 74
266 353 69 86 70
266 94 55 78 66
104 216 87 94 92
104 327 22 58 54
104 423 81 92 91
216 154 95 97 95
216 317 79 100 97
216 431 82 96 91
216 287 22 25 24
216 20 39 44 43
216 141 49 61 57
216 225 51 78 58
216 228 41 59 49
327 49 86 87 86
327 169 93 100 94
327 452 91 99 99
327 45 23 80 79
327 325 14 43 27
327 287 77 90 77
327 425 36 86 77
327 255 70 87 82
327 128 79 92 79
105 409 56 57 56
105 344 12 33 18
105 368 28 78 57
105 357 81 97 89
105 95 15 78 22
105 246 22 50 25
368 123 17 26 17
368 129 15 51 26
368 67 36 50 38
368 470 55 60 59
368 176 31 79 52
368 177 33 41 41
357 260 67 85 73
357 206 71 72 71
357 413 87 97 94
357 447 23 60 43
246 361 38 61 46
106 20 89 98 96
106 35 10 22 11
272 322 31 100 83
272 241 66 80 68
272 441 23 80 26
272 98 77 96 77
213 303 94 96 95
213 52 44 74 74
213 320 41 97 48
213 275 26 59 28
213 272 90 95 95
213 6 76 93 86
213 454 65 88 76
213 290 39 42 40
213 102 59 73 59
110 73 79 88 83
110 471 51 53 53
110 23 57 80 72
345 447 43 77 58
345 155 38 87 44
345 182 90 92 90
345 70 69 90 72
242 213 95 99 98
242 184 19 48 38
242 193 90 92 90
432 391 13 66 65
432 103 92 95 95
432 42 66 79 76
432 303 23 38 28
383 121 94 96 95
383 270 77 85 77
383 104 80 88 82
113 276 83 97 96
113 450 90 95 94
113 191 82 94 83
113 273 42 97 78
114 224 10 98 37
114 103 81 83 81
114 40 37 74 45
224 21 85 96 85
115 392 47 61 61
115 354 12 37 26
115 127 41 50 43
115 380 30 71 49
115 232 33 47 42
392 218 57 58 58
392 349 71 98 77
392 18 36 82 73
392 33 14 31 19
392 298 10 57 25
392 331 12 13 12
392 228 62 76 67
392 265 19 30 30
380 176 81 94 91
295 53 70 74 72
295 396 85 94 87
295 91 48 60 52
441 429 86 89 87
441 447 16 66 43
441 13 14 32 28
441 469 58 98 79
441 100 92 95 93
441 142 21 71 29
441 123 79 80 79
441 56 82 98 97
244 161 50 57 50
244 284 41 75 71
244 129 56 89 77
244 19 54 77 58
244 354 24 64 57
118 148 37 39 39
148 309 70 74 70
148 200 87 91 91
148 470 62 74 71
148 369 77 88 83
148 77 10 83 69
119 58 85 86 86
119 223 57 85 72
119 315 56 60 56
122 246 21 74 43
122 393 44 54 47
122 68 69 83 71
122 143 24 74 37
393 207 76 78 76
393 260 64 98 80
393 175 31 54 31
393 415 76 84 83
393 446 55 61 56
393 379 54 64 58
143 112 35 90 90
143 55 44 99 72
143 334 73 100 92
154 250 37 98 70
154 62 41 78 42
154 251 36 58 38
154 324 43 77 59
154 35 19 65 49
438 400 42 90 60
438 442 54 64 62
125 151 40 99 79
126 209 32 55 46
126 86 24 88 59
447 111 64 69 68
129 352 93 95 95
129 244 68 70 70
352 129 23 92 50
352 188 63 80 68
352 125 93 98 97
146 106 92 96 96
146 181 64 84 70
146 234 38 40 39
131 137 88 92 88
131 212 47 95 64
131 286 77 88 87
131 299 91 96 92
286 112 67 90 76
299 64 89 92 90
268 174 40 54 44
268 441 83 98 83
436 44 60 89 89
436 369 71 75 71
436 91 28 77 53
436 13 28 49 44
449 153 25 53 51
169 446 64 93 67
169 317 21 91 84
169 365 35 73 73
169 135 49 89 83
169 92 43 93 74
469 295 31 77 71
469 46 19 28 21
469 2 60 82 79
319 429 83 100 98
319 452 32 37 32
184 432 44 72 61
184 340 36 87 62
184 242 21 42 25
149 335 56 84 84
149 178 91 99 94
149 8 81 84 84
149 471 13 17 13
149 401 37 94 77
149 369 69 70 70
270 110 36 37 36
270 368 82 87 87
270 147 92 99 98
270 154 83 100 91
270 412 79 91 89
270 121 52 81 60
379 200 28 50 29
379 30 27 55 50
379 278 40 61 48
379 408 34 36 34
139 186 19 86 28
139 148 95 100 97
186 312 38 47 42
186 275 41 97 50
186 79 52 58 52
186 47 50 87 58
186 449 20 37 36
186 314 79 91 84
186 399 48 100 95
140 227 19 66 39
140 192 95 97 96
140 135 91 100 93
140 369 34 91 89
140 324 21 23 23
140 86 75 99 77
140 398 50 65 56
227 390 92 97 93
227 459 79 96 93
227 184 49 62 50
324 459 79 83 80
324 414 26 89 47
324 329 72 85 81
324 356 67 93 73
141 437 65 78 69
141 227 31 98 51
141 229 46 94 89
141 238 90 98 94
141 346 26 84 67
238 142 93 98 98
238 124 89 95 89
238 440 16 60 52
238 210 38 41 39
238 88 15 77 50
238 248 41 95 78
371 297 57 60 60
371 218 27 70 56
371 300 35 54 36
371 382 77 99 83
371 302 27 53 43
371 377 16 48 30
371 28 70 77 71
371 212 95 100 96
365 348 30 63 31
365 100 54 61 58
365 90 52 67 56
365 364 89 91 91
365 285 48 55 52
144 200 70 97 88
181 436 80 87 80
181 441 61 96 84
234 275 18 70 25
234 293 52 61 61
457 350 77 98 87
457 384 74 80 77
457 172 95 100 99
366 452 22 28 22
309 467 31 61 41
309 261 49 74 49
309 333 75 85 85
309 73 58 61 58
401 157 13 71 28
401 50 60 68 61
401 52 44 92 66
401 350 92 94 94
401 305 13 96 73
338 124 52 100 74
338 255 25 82 35
338 379 50 81 79
153 90 47 82 73
251 121 25 95 55
251 220 16 100 90
155 205 86 93 89
155 202 59 79 64
205 149 23 89 70
205 179 27 48 33
205 166 26 42 35
205 212 88 99 95
205 192 44 78 46
205 219 78 81 79
205 58 40 95 43
455 441 16 46 17
455 469 46 94 66
157 318 30 84 73
157 292 80 90 86
157 97 28 66 35
157 90 79 96 84
157 332 63 97 85
157 257 31 84 46
292 174 34 71 38
292 223 77 85 83
292 269 81 82 82
292 368 24 59 49
292 463 76 92 86
158 118 76 100 88
159 438 15 37 32
159 295 54 95 60
159 50 83 93 84
163 287 11 76 15
163 253 37 98 52
163 127 55 77 73
163 303 14 61 37
163 300 63 94 81
289 311 56 67 66
289 129 24 97 47
289 280 51 80 73
289 342 21 95 77
289 338 80 82 82
289 293 79 88 88
289 25 62 92 78
165 246 28 94 75
165 117 60 99 88
166 437 12 36 25
166 336 78 86 86
166 227 86 100 87
166 147 61 73 70
336 441 31 51 45
336 213 84 100 100
168 456 76 83 77
168 447 89 94 93
168 48 81 82 82
168 386 42 64 56
386 265 74 97 76
170 226 53 100 60
301 448 41 52 42
301 259 93 96 96
301 54 21 65 35
301 240 17 58 26
301 17 85 99 93
172 404 17 76 56
172 176 24 25 25
172 97 21 50 21
176 376 56 80 77
176 399 43 77 71
176 160 28 70 45
176 41 50 100 52
414 333 45 82 65
414 436 27 28 28
174 241 90 97 91
174 333 91 95 93
174 417 39 76 47
174 467 55 62 61
174 78 94 98 94
174 375 74 82 76
174 221 42 80 54
467 265 74 78 78
221 315 19 96 22
221 440 50 56 51
221 373 18 97 44
221 129 70 80 79
221 250 47 79 72
221 172 37 69 59
221 419 79 90 82
175 5 93 100 94
175 146 67 87 80
175 420 27 99 94
175 379 21 72 67
420 141 27 90 60
420 84 75 96 96
420 203 14 90 48
420 444 11 25 14
376 159 94 95 95
376 326 60 62 60
255 289 92 93 92
255 209 52 91 55
180 66 48 67 61
180 179 20 37 21
180 44 92 98 95
182 424 95 99 98
182 382 91 93 91
182 440 35 75 70
382 348 34 51 38
382 271 87 96 88
382 114 85 96 91
382 389 32 55 38
440 99 24 90 47
183 257 35 38 38
183 240 89 91 91
183 250 85 86 85
183 248 34 84 44
183 106 81 93 90
183 195 90 93 90
248 134 17 77 25
248 170 24 56 38
340 449 78 87 83
340 288 52 72 56
340 126 60 99 85
340 424 86 88 87
185 380 44 73 54
185 430 18 28 27
187 399 60 87 67
187 123 46 51 47
219 130 79 97 79
219 85 65 79 68
219 207 92 97 93
219 83 63 99 64
219 316 78 81 78
193 397 17 52 24
350 158 75 77 75
350 174 71 85 76
350 275 64 77 75
350 262 81 86 82
350 365 91 100 91
350 124 12 50 37
350 443 16 90 75
197 434 70 80 70
197 387 20 59 28
387 325 75 95 82
387 162 25 92 82
387 180 77 85 83
387 423 42 89 61
387 268 26 48 45
387 237 60 63 62
387 318 78 99 88
271 186 20 98 88
271 32 63 82 68
271 447 11 63 25
271 236 52 80 70
271 283 63 65 64
271 370 16 21 20
271 336 44 48 47
201 403 86 91 89
201 1 37 61 54
201 410 69 78 72
201 351 46 77 75
201 318 28 83 34
403 412 18 63 44
410 105 68 86 86
410 309 79 91 84
410 147 67 95 75
410 70 39 62 41
351 9 88 98 91
351 158 51 84 58
204 342 32 70 59
204 78 11 39 25
204 355 75 88 79
204 207 37 96 91
204 28 53 73 67
207 78 57 65 57
207 94 95 96 95
297 256 30 76 75
297 288 15 58 24
425 174 56 63 57
425 161 11 41 16
425 247 92 100 98
425 254 62 67 62
425 368 17 33 33
425 114 34 50 49
210 66 21 22 22
210 40 86 91 87
210 416 46 52 50
210 189 41 43 41
210 8 46 68 65
211 66 82 94 86
211 378 81 99 95
429 112 70 88 76
429 303 78 93 82
429 121 16 59 52
429 61 48 79 75
429 48 28 52 50
429 178 55 98 96
429 281 12 32 20
215 101 28 80 67
215 115 70 81 77
215 401 54 80 76
339 81 32 85 77
339 233 51 93 54
339 308 93 96 93
339 352 19 78 32
339 93 72 93 86
339 227 86 97 92
218 375 20 26 24
218 401 81 95 88
218 379 84 85 85
218 353 56 63 58
353 450 79 81 80
353 399 49 72 55
444 260 13 56 24
444 276 93 99 97
444 234 18 81 60
444 328 48 70 49
444 322 37 78 71
444 463 94 96 95
364 415 55 73 64
364 269 45 57 52
364 275 59 100 100
364 200 83 100 87
364 354 76 83 78
364 190 44 51 47
373 330 31 95 45
373 60 53 65 54
373 311 39 95 72
373 160 73 97 86
419 9 41 86 51
419 409 11 19 18
419 111 11 73 27
419 280 11 42 32
419 11 39 66 61
419 444 33 56 47
419 213 87 93 89
419 141 36 87 81
230 358 15 95 17
230 374 33 67 36
230 227 76 95 93
230 59 61 76 70
230 15 34 50 35
358 356 58 71 60
358 379 46 52 52
358 388 39 45 39
358 371 73 81 78
358 49 52 79 76
374 39 35 42 38
374 367 77 91 80
374 100 55 95 79
231 221 43 55 47
231 12 33 88 37
261 45 95 100 95
261 203 53 75 58
261 183 80 93 93
293 135 55 79 73
293 50 92 99 94
293 224 63 79 69
293 15 60 84 69
239 204 80 93 93
239 459 78 100 81
239 267 44 77 52
267 151 78 82 78
267 397 86 89 86
267 314 38 97 40
267 394 26 79 73
243 180 11 93 71
337 23 57 85 75
337 438 20 87 31
337 194 44 50 46
337 3 59 70 62
282 240 27 58 58
282 398 58 88 79
282 466 69 86 78
415 141 11 67 45
415 121 73 86 73
415 8 36 85 50
415 184 49 63 51
415 202 81 91 81
262 115 23 27 24
262 324 29 91 54
262 383 23 80 57
262 367 43 53 48
367 57 15 50 26
367 269 87 92 88
367 203 90 99 94
367 362 95 97 97
367 46 47 63 53
265 215 89 97 94
265 151 52 85 59
265 304 83 85 84
265 91 47 86 78
265 297 33 45 33
265 146 72 75 72
394 252 60 68 61
394 43 73 97 92
394 11 95 99 98
412 124 66 84 77
412 313 24 70 54
370 79 40 67 55
370 400 76 82 82
370 308 38 85 80
405 75 81 95 89
405 197 41 55 53
405 262 70 88 75
405 160 20 84 26
405 443 13 97 58
405 358 36 81 40
302 150 75 94 93
281 137 45 95 68
281 357 13 61 45
281 373 28 76 69
281 452 76 94 83
281 403 56 80 62
281 125 43 89 69
281 99 38 64 63
281 389 90 94 94
466 341 56 76 56
466 108 71 96 95
466 199 60 63 60
466 390 54 68 55
465 369 37 84 54
465 12 37 69 64
465 339 71 82 75
465 180 34 56 55
465 445 42 50 45
311 170 33 55 45
311 131 27 59 38
311 310 19 58 26
311 281 22 51 48
291 239 11 31 19
291 400 51 63 62
463 52 66 78 71
463 213 88 97 95
463 294 12 95 30
463 117 37 41 38
463 67 30 53 36
463 71 36 96 61
294 19 49 52 51
294 101 21 30 25
396 269 86 92 91
396 84 10 89 42
396 282 17 57 42
296 292 19 28 26
296 183 74 100 97
296 260 93 94 93
296 304 30 48 47
391 15 38 53 51
391 194 13 58 43
391 470 62 69 67
391 143 32 42 37
448 262 51 62 54
407 158 37 41 39
407 184 61 93 86
411 283 87 93 88
411 92 33 34 34
411 254 88 95 91
411 72 30 42 35
411 49 81 83 81
326 242 45 80 75
428 412 22 98 29
428 367 27 75 30
428 274 51 53 52
428 339 29 83 65
428 120 59 67 59
330 134 85 87 85
330 313 64 67 67
330 338 45 49 48
343 369 46 60 47
343 190 57 61 59
343 84 75 85 82
343 182 45 55 52
362 150 85 95 86
362 120 70 84 73
377 81 38 67 67
377 60 47 80 78
377 7 56 59 56
372 283 65 75 73
421 425 67 96 72
421 17 75 95 80
421 188 74 79 76
421 155 16 88 17
421 420 35 62 37
427 159 11 52 11
427 217 55 60 58
427 384 86 93 91
427 52 88 100 91
433 336 42 56 54
433 12 27 37 36
433 223 42 54 49
433 153 63 67 65
461 297 37 62 50
461 160 22 37 33
461 185 79 100 79
461 375 94 100 96
462 407 93 100 94
462 80 43 78 60
462 242 71 76 75
462 17 43 67 45
0 471
