49 148
0 36 78 100 79
0 14 88 96 94
0 41 24 45 41
0 23 65 78 75
36 34 89 95 89
36 32 94 97 95
36 16 88 99 92
36 5 10 82 46
41 31 72 83 82
41 10 24 74 69
41 16 34 37 34
23 40 71 100 85
1 32 10 71 44
32 43 37 86 53
32 8 67 93 90
32 4 34 80 43
32 2 82 86 84
2 28 70 71 70
28 34 12 33 22
28 22 44 50 46
3 33 69 98 78
3 46 50 76 65
3 16 26 27 27
3 19 17 23 17
33 48 18 74 51
33 9 65 81 77
33 39 89 90 90
46 19 48 58 49
46 40 46 68 63
16 40 70 85 78
16 21 39 56 56
16 12 93 94 94
16 32 13 52 23
16 28 11 29 15
19 31 95 96 96
19 7 43 53 53
19 6 58 93 82
4 1 10 49 32
5 23 51 89 69
5 0 18 91 34
6 1 33 53 43
6 9 76 92 85
9 39 48 97 58
9 30 28 62 38
9 0 47 95 85
7 6 61 78 73
7 39 43 49 44
39 10 10 35 10
39 16 87 88 87
39 48 14 26 14
39 25 41 66 48
39 14 37 63 48
39 7 60 85 71
39 30 11 36 18
39 26 89 94 94
8 44 40 49 40
8 0 37 47 37
8 40 63 75 70
8 10 31 52 36
44 30 94 97 95
44 20 12 81 50
40 44 54 56 55
40 33 73 100 94
40 47 19 68 30
10 40 26 33 30
10 38 26 38 34
10 44 10 46 12
10 19 25 94 63
30 9 75 96 81
30 14 28 48 43
30 36 10 75 13
38 44 12 89 27
38 10 78 82 82
11 25 68 98 76
11 44 27 77 53
11 23 65 89 66
11 29 14 70 59
11 42 63 100 81
11 2 74 91 82
25 17 36 40 40
25 24 66 93 93
25 26 20 54 24
25 22 45 86 79
29 31 10 20 15
29 17 67 97 88
29 34 66 77 74
29 44 65 68 67
29 46 48 50 50
42 40 29 48 33
42 31 28 64 63
12 17 27 49 32
12 48 70 83 79
12 13 33 37 36
17 8 60 89 64
17 5 80 82 81
48 10 92 100 100
13 41 77 93 78
13 5 16 52 22
13 11 94 97 94
13 39 89 100 99
15 7 15 24 20
15 25 88 97 88
15 11 49 100 80
21 23 25 33 33
18 7 92 97 94
18 33 85 100 97
18 41 22 70 46
31 41 85 94 87
20 5 72 86 73
20 26 68 83 69
20 48 79 90 85
20 8 39 53 52
26 38 76 87 85
26 27 65 85 65
26 41 69 72 70
22 4 80 95 87
24 13 64 83 70
24 30 44 95 56
24 40 35 74 53
24 33 22 34 24
27 26 38 40 39
27 12 37 97 69
27 47 27 31 29
27 3 55 57 55
47 39 39 94 85
34 3 82 93 84
43 4 51 71 58
43 47 29 51 41
43 29 65 100 88
43 42 53 81 68
43 0 62 92 90
43 3 29 58 36
43 7 18 24 20
35 37 56 66 63
35 27 23 49 49
35 42 34 39 39
35 46 24 91 86
37 32 21 47 42
37 23 13 32 14
37 43 55 90 65
37 15 84 90 90
45 39 77 86 82
45 44 27 90 31
45 26 87 91 90
45 34 35 75 67
45 42 64 76 72
45 43 29 93 71
45 22 16 52 29
0 48
