223 351
0 101 94 95 95
0 177 91 96 93
0 58 49 80 75
0 151 36 88 77
0 141 87 94 87
101 30 69 77 77
177 119 74 97 77
177 84 85 98 96
177 172 64 76 75
58 22 60 95 82
58 40 95 99 95
58 81 31 47 32
151 113 90 94 92
141 163 38 90 90
141 57 32 92 76
141 30 57 82 81
2 201 37 55 37
201 83 51 71 58
3 182 65 96 68
3 117 91 93 92
182 119 77 98 81
182 140 58 81 68
182 26 25 71 50
117 14 58 99 69
117 128 40 42 42
4 61 95 98 96
61 173 58 72 60
61 190 81 100 89
6 62 30 63 39
6 177 46 48 48
6 14 28 60 56
6 141 73 100 85
6 34 65 74 74
6 191 79 85 84
62 54 21 69 26
62 191 17 86 47
62 15 79 84 84
14 55 50 83 60
34 70 75 96 96
34 181 73 93 93
34 18 47 74 53
191 134 22 75 49
191 10 93 98 95
191 103 25 55 41
191 14 57 95 76
7 207 71 73 72
207 164 87 88 87
207 201 75 100 94
9 209 39 62 57
9 95 10 31 15
9 33 74 96 82
209 17 17 64 39
95 81 35 83 79
33 199 76 99 91
33 198 42 46 43
33 91 77 92 78
33 214 54 73 69
10 183 61 92 86
183 13 92 93 93
11 173 58 90 61
12 87 30 84 78
87 187 18 46 18
13 166 40 53 51
13 209 11 64 51
13 214 91 96 95
166 182 83 87 86
166 153 54 94 60
166 9 18 78 62
214 112 31 84 47
214 134 38 75 38
55 210 95 97 96
55 162 16 78 27
15 204 13 16 16
15 61 42 96 57
16 63 40 91 80
63 49 32 40 38
63 143 20 98 91
63 20 88 98 88
17 178 17 20 18
17 26 65 73 72
17 61 60 96 66
178 124 67 93 71
178 35 87 90 90
26 46 95 96 95
26 5 48 89 82
26 202 18 96 55
26 96 39 54 40
18 93 27 40 28
18 67 54 69 56
93 59 13 25 19
19 184 35 64 48
19 167 67 100 90
19 164 52 89 89
184 48 55 92 65
184 187 61 69 67
184 217 38 88 41
184 67 88 96 91
20 0 67 68 68
21 103 82 99 86
21 175 40 76 51
21 131 30 89 30
103 160 91 100 91
103 179 81 99 85
175 5 28 88 88
131 52 65 99 90
131 18 90 93 93
22 161 11 81 37
161 122 76 100 90
23 151 51 77 64
23 155 11 51 40
23 138 21 93 68
23 66 34 92 38
155 142 76 98 83
138 45 34 59 45
66 169 65 90 66
24 199 77 99 77
24 170 88 91 91
24 15 81 91 86
199 89 19 65 35
199 204 43 79 73
170 212 93 97 95
170 71 70 71 70
25 11 18 54 25
25 199 76 99 81
25 80 60 80 69
80 95 57 69 58
202 165 32 39 37
202 209 65 66 66
27 102 48 69 64
27 160 87 91 87
102 22 77 83 82
102 93 32 49 33
160 142 62 99 94
160 189 50 73 60
28 126 87 94 94
28 69 75 77 76
126 108 28 85 52
126 5 87 92 89
126 60 59 92 62
126 197 12 14 13
69 152 81 98 89
69 132 80 81 80
30 76 58 59 59
76 114 67 79 76
76 163 81 98 90
76 121 86 99 93
32 62 12 36 33
32 5 39 45 42
198 186 32 72 45
91 153 44 73 64
91 145 43 89 52
70 92 87 90 90
181 42 26 60 29
181 21 94 96 94
181 9 81 82 82
35 15 36 80 47
35 195 36 52 45
195 136 28 51 47
195 48 39 70 55
36 171 87 99 88
171 24 52 67 59
171 4 71 77 73
37 127 49 83 52
38 0 32 39 35
38 100 71 90 75
39 31 88 95 88
39 87 15 57 55
41 144 80 98 95
42 109 60 96 81
42 125 92 95 94
42 85 31 73 35
125 35 66 90 73
85 93 34 72 60
85 72 20 52 44
44 140 38 64 59
44 126 47 83 75
44 63 73 74 74
140 200 35 97 68
140 109 67 93 71
45 35 84 94 90
45 147 11 42 19
147 167 82 84 82
147 67 11 14 13
147 192 10 35 31
47 185 40 41 40
185 186 13 43 22
48 84 13 49 16
48 73 24 77 37
84 222 30 88 34
84 100 64 78 78
84 2 85 100 89
73 18 60 86 75
49 101 57 87 57
49 8 71 86 84
50 159 29 79 71
50 195 28 72 62
159 26 29 90 51
51 98 84 99 95
52 179 79 80 80
54 146 85 100 93
146 126 21 92 45
146 189 58 72 58
146 70 37 68 65
146 166 28 41 38
210 11 76 85 79
56 161 18 62 44
56 209 23 40 29
57 135 80 96 91
57 54 53 84 68
135 100 28 86 74
135 42 87 93 91
60 114 51 58 53
60 163 64 82 69
60 12 69 79 79
114 6 46 70 63
163 172 59 92 92
190 193 24 98 37
190 73 78 86 84
64 8 56 58 56
64 81 33 100 48
152 127 35 92 35
152 57 74 90 79
152 142 25 42 30
132 171 37 61 58
132 193 34 88 76
132 86 72 88 82
92 82 40 69 42
71 18 63 80 74
71 95 80 82 80
71 102 32 58 43
72 166 21 49 25
72 153 90 92 90
72 40 87 94 94
153 73 76 86 81
153 26 83 99 83
74 222 18 31 29
74 90 89 100 89
222 48 37 64 53
90 67 95 97 96
75 207 20 74 57
75 214 88 99 95
121 53 18 53 18
78 99 14 87 82
78 85 95 100 99
78 31 68 75 72
99 17 39 49 42
99 35 77 87 77
82 171 45 84 79
83 156 13 91 57
156 89 55 58 57
86 136 69 74 74
86 186 15 53 31
86 28 51 73 56
136 183 79 81 81
186 99 26 30 29
186 214 56 58 57
187 142 75 96 95
89 130 23 85 60
145 95 62 85 82
94 222 32 46 33
94 148 17 45 35
94 52 60 73 62
97 93 57 60 60
105 211 88 91 88
211 13 75 91 78
211 92 43 67 61
211 188 94 99 95
107 123 38 43 39
123 16 63 70 66
108 124 52 68 52
108 37 16 89 16
108 166 84 88 84
124 19 76 94 85
124 100 44 76 54
110 179 83 86 84
110 22 11 19 15
111 205 14 72 17
111 65 41 46 42
111 42 87 92 87
205 96 45 47 46
205 48 58 71 69
205 70 73 74 74
112 200 93 100 93
112 64 64 66 64
200 99 71 78 77
200 154 82 98 86
200 119 88 93 93
113 160 77 91 78
115 155 36 47 45
116 27 46 78 70
128 153 32 33 32
128 4 63 99 86
128 139 11 93 29
118 137 28 90 59
118 159 64 69 66
137 163 56 69 66
119 86 41 100 100
119 163 71 90 83
120 6 48 63 56
122 69 87 92 89
122 171 11 83 15
197 77 64 85 83
139 68 81 100 83
139 10 86 94 87
139 5 35 63 63
129 46 33 47 37
129 158 93 99 97
129 121 41 99 88
129 193 84 88 88
129 21 21 87 55
158 142 78 79 79
133 218 56 74 73
133 41 57 90 82
133 39 65 73 71
134 113 78 84 79
142 26 86 94 92
189 113 33 59 55
189 58 91 98 95
192 61 36 78 53
192 109 84 100 91
192 33 76 91 79
149 140 95 97 96
149 24 34 84 71
150 68 45 96 63
157 116 87 91 91
157 199 70 92 83
172 22 22 93 26
165 49 28 41 39
165 54 85 94 89
168 77 49 59 52
168 161 69 75 70
168 34 90 96 92
212 119 88 97 89
174 98 94 98 94
176 16 70 97 97
176 104 38 51 50
180 69 62 73 63
217 145 53 99 74
188 77 50 83 78
194 150 26 92 92
196 107 63 92 88
203 105 89 99 96
215 29 82 83 83
215 145 14 21 17
216 48 68 84 77
219 49 29 62 55
219 15 83 97 96
219 25 25 85 48
220 172 31 73 37
221 72 48 66 51
221 12 12 52 13
0 222
