84 160
0 2 23 50 45
0 14 28 78 39
2 5 36 99 75
14 26 42 76 43
14 0 66 86 71
14 17 59 93 88
1 30 21 74 45
5 63 66 98 76
5 39 25 41 37
5 41 50 65 60
5 34 18 92 46
3 15 92 99 93
15 3 22 95 84
15 23 45 57 53
15 69 23 39 34
4 75 44 59 48
75 30 62 95 91
63 19 13 29 28
63 3 34 90 61
63 20 52 86 82
39 8 49 100 85
39 54 33 64 49
39 53 64 67 66
41 4 42 62 48
34 77 34 92 78
34 22 83 90 86
34 15 77 85 83
34 82 13 87 76
6 52 13 38 27
6 58 53 84 64
52 70 74 80 80
58 64 14 39 18
7 73 60 100 69
7 15 19 20 20
73 30 11 60 45
73 29 40 49 48
9 52 94 97 95
10 33 64 65 65
10 75 36 38 38
10 56 59 95 61
10 31 60 75 63
33 1 33 78 70
33 50 35 87 83
56 59 69 84 80
56 8 27 72 70
31 73 60 73 72
31 7 20 39 20
31 79 46 83 65
11 13 60 92 62
11 34 66 81 77
13 60 39 72 70
13 21 85 94 85
13 78 80 91 82
12 58 84 92 85
21 29 54 74 60
21 18 57 100 78
21 61 88 91 90
78 82 83 92 85
17 76 23 49 34
17 21 21 95 66
17 75 27 67 44
17 18 79 83 83
23 12 38 72 70
23 62 89 92 90
69 68 36 91 45
69 71 44 95 54
16 73 42 95 68
76 10 26 51 46
76 38 61 76 67
18 2 43 66 62
19 70 91 94 92
70 43 45 88 66
70 75 82 100 97
20 58 20 88 85
29 10 59 95 89
29 64 70 95 89
61 52 26 39 31
61 72 23 67 23
61 14 13 83 47
22 42 34 45 36
22 38 54 86 74
42 82 17 81 27
62 80 77 86 83
62 58 80 87 87
24 26 79 95 88
24 49 13 75 65
49 58 94 100 99
49 82 43 79 71
49 6 40 84 63
25 76 23 70 49
25 5 37 89 79
25 49 37 73 46
27 78 76 97 88
27 43 15 93 20
43 83 94 97 97
43 62 34 39 35
43 56 71 82 75
28 13 79 97 84
64 5 76 81 76
64 78 51 70 65
64 75 29 94 83
64 10 94 97 97
64 6 28 52 43
64 58 26 58 31
79 72 77 85 81
79 16 28 44 35
32 55 12 36 29
50 24 48 63 53
50 18 81 97 96
77 27 22 84 58
82 69 56 91 71
82 63 86 94 86
35 3 62 100 81
35 12 64 77 76
36 65 56 67 57
36 49 17 60 29
36 74 33 82 80
65 35 44 70 46
74 47 64 94 91
74 12 38 43 38
74 39 35 46 44
74 80 64 88 69
74 36 10 56 47
74 58 20 87 20
37 62 90 100 93
37 79 92 97 97
54 35 78 92 90
54 74 42 53 49
53 16 45 89 80
53 63 28 38 33
40 13 73 75 73
40 74 11 85 22
83 5 19 62 62
44 55 71 100 78
44 79 83 93 90
45 11 61 63 62
45 46 58 59 59
46 82 70 80 78
46 53 82 100 92
46 43 26 48 37
46 37 92 99 99
47 42 39 51 45
47 60 53 65 63
48 13 95 98 98
51 33 75 92 75
51 14 71 81 72
51 69 85 90 89
59 66 53 93 68
59 27 44 58 56
57 64 36 64 54
66 5 32 85 44
72 47 89 94 94
72 54 56 93 74
80 36 35 41 41
68 61 21 40 38
68 27 62 95 84
71 31 80 83 83
81 46 15 16 15
81 68 52 76 61
81 80 18 86 22
0 83
