45 140
0 40 81 95 85
0 5 64 83 71
0 34 50 98 64
0 17 56 100 61
0 27 91 95 92
0 28 46 89 79
40 43 31 61 38
40 4 57 65 59
40 21 82 96 95
40 24 69 97 72
40 34 74 82 77
5 33 25 85 40
5 26 76 98 77
5 43 64 100 82
5 32 91 96 91
17 37 40 78 48
17 24 65 95 74
17 11 11 49 34
27 35 58 89 87
27 18 59 94 73
27 8 65 68 68
28 23 52 92 57
28 33 72 79 74
28 13 49 51 50
28 6 33 40 39
28 25 53 56 56
28 26 33 38 38
1 8 16 39 18
1 13 21 78 76
8 33 91 97 97
13 22 72 97 81
13 16 41 50 43
13 30 36 40 39
13 4 20 77 39
2 44 95 100 100
2 29 51 79 59
2 14 57 95 70
44 5 13 36 31
44 14 22 58 45
44 0 77 98 91
44 21 31 32 32
29 15 53 74 65
29 0 37 97 64
29 2 38 45 38
14 34 46 56 50
14 16 58 72 68
14 23 40 77 77
14 37 77 80 78
3 4 92 100 94
3 8 22 44 37
3 29 92 96 92
3 20 70 71 71
4 33 83 87 86
20 30 90 93 91
20 28 23 53 46
33 38 28 78 54
33 39 16 42 42
33 40 78 93 89
26 36 83 92 86
26 41 72 97 75
26 31 60 61 61
26 2 45 73 46
43 32 25 61 37
43 34 50 88 72
43 28 75 97 80
43 14 36 99 40
43 12 76 78 78
32 44 47 81 79
32 41 20 63 39
32 39 85 96 96
6 35 23 87 30
6 19 62 71 69
6 43 36 76 73
35 32 87 90 89
35 3 52 74 74
35 11 49 69 59
35 31 55 69 64
35 36 47 66 48
35 23 74 77 74
35 37 39 48 48
19 32 15 92 35
19 13 86 95 95
19 7 34 36 34
19 2 70 83 74
7 16 13 73 67
7 25 89 96 93
16 4 27 100 71
16 9 71 87 78
16 28 27 60 53
16 8 75 85 78
25 31 23 30 29
25 24 46 55 53
25 34 18 73 34
9 16 53 81 79
9 15 32 79 36
15 42 85 87 86
15 19 82 83 83
15 37 27 56 42
15 30 43 63 62
15 1 82 91 90
15 6 40 46 41
10 7 83 100 91
10 35 87 96 90
10 41 51 56 51
41 34 51 71 61
41 43 10 80 58
11 44 66 79 77
12 3 64 71 65
12 36 65 97 74
36 28 59 65 61
36 18 81 84 83
22 42 48 86 73
22 12 47 50 50
30 19 54 96 79
23 29 33 79 78
23 7 79 81 80
37 12 74 75 75
37 14 38 82 38
37 19 18 47 25
37 29 78 81 81
37 4 75 78 75
42 8 46 81 46
42 15 52 78 74
24 6 87 89 87
24 19 78 100 90
24 25 37 100 98
24 7 15 34 29
24 27 22 27 22
18 38 42 65 56
18 29 73 84 79
18 40 25 84 25
38 33 71 92 76
38 18 32 52 40
38 5 21 96 37
21 26 54 98 66
21 27 39 68 47
21 3 11 54 14
31 20 24 36 31
39 41 89 100 93
39 5 85 93 91
0 44
