154 235
0 17 77 85 77
0 83 20 63 31
0 98 51 82 64
0 24 39 100 78
17 153 12 75 48
17 147 75 97 79
17 145 73 78 78
17 87 11 56 37
17 102 28 93 77
98 6 55 61 61
98 26 81 94 88
98 137 23 42 28
1 38 86 88 86
38 148 50 78 59
38 130 28 65 40
2 76 74 83 75
76 21 16 99 29
76 23 71 78 78
3 35 29 91 49
3 130 90 97 90
35 23 27 58 43
35 11 66 91 76
130 16 61 92 70
5 74 60 64 63
74 100 10 92 91
74 83 65 83 82
74 53 79 81 79
6 146 70 87 80
6 59 88 90 90
146 43 63 93 66
59 151 92 97 93
59 115 77 95 87
59 124 79 94 93
7 141 68 95 82
7 53 46 94 46
7 75 40 49 47
141 95 30 34 34
141 17 52 63 54
53 66 87 98 94
75 153 19 81 78
75 134 19 28 21
9 122 93 98 93
122 96 23 71 49
10 72 41 53 53
72 38 16 88 37
72 152 43 71 55
72 89 34 68 52
12 49 89 92 90
12 58 67 71 71
49 39 67 93 83
49 45 44 59 58
58 3 59 71 69
13 85 64 81 75
15 107 21 32 31
107 144 82 88 85
107 1 70 91 86
107 33 48 70 62
16 135 94 96 94
153 35 89 98 91
147 51 94 97 94
147 33 58 95 60
87 145 75 90 83
87 60 37 69 64
102 113 48 100 95
18 128 16 57 26
19 79 64 93 76
19 97 64 99 87
79 28 88 99 96
79 146 95 97 96
21 23 33 36 36
23 102 57 69 66
23 97 12 47 13
22 48 58 64 59
22 1 94 97 96
26 65 73 78 78
26 136 64 83 74
65 37 50 86 69
65 44 84 93 89
136 145 54 59 57
28 119 25 50 39
28 75 56 81 78
28 48 68 78 69
119 55 73 81 77
119 76 12 49 45
119 36 80 88 83
29 137 28 49 37
29 144 20 26 24
29 142 42 80 54
142 150 47 92 48
30 123 38 57 39
30 68 14 83 78
123 53 28 90 64
68 26 70 77 70
68 15 88 95 92
31 132 89 94 92
31 17 82 85 83
32 48 61 63 61
33 0 42 80 77
33 74 60 65 61
34 52 17 65 17
52 44 14 31 19
36 139 50 75 69
36 138 60 68 60
36 126 89 99 99
139 45 60 69 63
139 89 43 84 79
139 140 84 87 87
138 9 92 95 93
126 106 62 94 68
126 115 86 88 87
37 79 30 99 48
148 50 47 51 51
40 7 21 77 47
41 43 95 100 99
41 73 22 90 78
43 7 54 87 85
43 96 56 66 59
43 18 52 100 62
43 63 56 67 58
43 108 37 84 82
43 144 80 81 81
42 26 13 26 16
42 137 60 65 64
42 35 54 80 54
42 45 45 60 51
45 86 24 39 38
96 129 63 89 85
96 100 27 42 30
63 23 62 65 63
63 43 74 79 74
108 56 36 82 66
108 58 27 59 50
44 49 66 82 74
86 21 20 72 70
46 100 51 77 70
100 114 54 62 57
47 55 73 89 79
47 39 93 95 93
55 112 60 99 80
55 48 47 68 48
55 26 74 99 87
50 32 61 72 65
51 118 78 98 79
51 69 82 97 88
54 15 35 75 73
54 117 86 91 89
54 9 86 87 87
117 4 65 92 90
117 123 93 97 96
57 48 41 98 46
57 31 46 71 71
151 138 69 83 72
115 139 50 58 54
115 102 86 99 89
115 152 47 48 47
115 10 74 91 76
115 128 45 58 55
124 41 91 99 95
62 58 33 73 57
64 51 95 99 95
67 68 48 98 83
70 67 77 82 78
70 23 17 22 19
70 152 47 89 58
152 47 13 93 20
152 31 58 77 76
89 29 95 96 95
89 80 84 88 84
77 31 81 84 84
78 105 36 39 36
78 2 43 56 50
80 79 43 86 86
80 153 60 92 90
80 151 66 82 71
80 146 95 98 96
80 126 16 44 28
80 13 81 88 88
80 63 11 57 49
81 39 19 84 77
84 18 90 97 94
88 93 82 85 82
88 108 76 85 83
93 142 56 88 70
93 57 38 94 78
93 143 67 97 93
90 20 74 77 77
90 53 80 100 94
91 134 46 53 51
91 11 69 90 86
92 131 53 89 68
143 128 17 90 57
94 80 75 91 86
94 83 11 79 59
95 65 86 94 91
95 115 65 67 65
95 127 16 76 70
127 126 93 99 94
127 54 18 63 40
127 1 77 97 87
127 39 43 70 48
129 65 22 28 22
129 39 94 97 94
99 126 70 100 98
114 132 62 95 95
114 47 69 97 84
101 97 29 47 40
101 114 20 28 22
113 85 90 95 92
113 29 52 99 89
113 48 18 38 38
103 1 86 93 86
103 50 61 64 63
103 38 29 50 49
104 106 52 97 74
104 48 20 26 25
104 95 48 56 56
104 76 57 97 70
106 131 94 100 96
106 15 89 94 89
106 29 48 90 67
106 146 51 69 61
106 66 79 89 82
109 19 61 91 63
109 6 91 93 92
109 45 82 85 82
110 45 84 95 92
110 61 23 73 56
110 82 26 54 53
111 99 74 98 93
111 112 66 96 94
120 41 67 87 71
120 54 31 46 34
121 118 72 75 72
133 110 73 85 73
140 102 81 82 82
0 153
