566 1214
0 126 61 78 77
0 527 58 66 59
0 58 86 93 90
0 299 94 100 97
126 323 91 92 92
126 260 32 39 32
126 525 28 95 56
527 194 48 99 73
527 146 69 91 77
58 215 88 100 89
58 487 72 87 72
58 166 58 89 70
58 419 17 98 19
299 16 95 98 95
299 300 75 100 77
299 58 88 89 89
299 192 17 60 47
1 408 19 53 29
408 116 43 85 43
2 295 16 75 26
295 241 20 74 36
295 278 21 62 42
295 275 88 95 93
3 238 49 92 76
3 395 48 58 56
3 520 21 32 25
238 542 56 87 73
238 198 84 89 88
238 314 43 47 47
395 418 81 82 81
395 366 50 74 74
395 201 78 89 84
520 34 33 51 42
4 363 22 78 63
4 333 66 90 77
4 244 51 73 53
4 155 34 51 44
363 111 27 68 64
363 265 70 85 79
333 496 67 88 74
333 476 62 70 70
244 508 83 100 86
155 516 32 97 58
155 172 56 69 67
5 527 93 99 99
5 85 25 67 62
5 71 69 91 85
5 149 40 99 50
5 245 72 81 80
85 421 92 93 93
85 348 58 93 70
85 422 48 60 50
85 465 39 45 43
71 296 26 58 49
71 268 28 73 46
71 19 49 96 73
71 484 63 77 69
149 313 92 96 96
6 491 27 50 45
491 71 57 78 68
491 407 90 100 96
491 508 89 99 96
491 109 48 89 54
7 216 14 90 49
216 255 51 94 72
216 408 35 59 42
8 58 21 65 41
9 87 61 76 65
9 330 12 49 19
9 479 61 99 73
87 345 47 53 53
87 33 81 96 87
10 92 11 89 52
10 30 39 72 45
10 297 34 76 52
92 172 67 73 72
30 31 90 100 92
30 459 33 35 35
30 444 75 87 85
297 299 82 90 83
11 554 66 86 81
11 291 77 85 83
11 463 19 74 71
554 459 57 74 71
463 468 22 53 24
463 96 10 50 30
463 63 22 41 30
463 79 82 98 84
12 392 83 100 84
12 40 69 86 72
12 562 15 37 22
392 140 22 55 53
392 526 26 92 68
392 283 90 93 90
392 297 52 54 52
40 248 69 95 80
562 337 62 68 67
13 191 14 74 61
14 345 88 99 93
15 462 50 84 73
462 30 87 94 88
462 279 77 92 88
462 258 12 57 30
17 430 30 55 39
17 137 94 100 94
430 347 91 100 93
430 560 90 97 93
430 372 64 79 64
137 544 44 76 62
137 217 22 65 42
18 348 95 99 96
18 221 48 83 77
18 233 62 74 71
18 93 46 92 63
348 428 22 60 28
348 453 71 72 71
348 3 93 99 98
348 421 56 66 61
221 551 93 94 94
233 372 16 50 18
93 521 28 75 65
93 223 56 86 57
20 421 40 75 53
421 445 25 95 46
421 20 44 75 61
21 113 78 81 80
21 400 28 98 35
113 8 59 91 63
113 295 75 86 82
113 170 81 93 82
113 1 87 90 88
113 109 43 52 45
400 387 50 96 61
22 177 34 67 64
22 357 72 91 82
22 544 41 42 42
177 33 19 87 55
177 299 36 79 69
357 17 93 95 94
544 114 68 93 86
544 265 17 34 23
544 211 48 67 61
544 363 27 80 76
544 324 36 80 70
544 24 56 67 64
23 436 56 94 71
23 477 86 89 89
23 44 52 96 55
436 182 45 92 91
436 415 55 72 57
436 53 48 61 60
436 55 14 16 14
477 29 88 90 90
477 95 14 93 26
477 70 29 94 54
44 533 36 49 38
44 309 11 49 26
24 353 38 83 47
353 167 46 59 57
353 286 13 28 27
26 550 21 64 30
550 0 51 86 72
27 524 10 100 10
27 39 60 83 82
524 231 94 95 95
524 487 30 46 44
524 511 45 99 79
39 482 65 95 90
39 152 33 71 64
39 323 47 90 86
39 347 93 95 93
39 362 64 69 67
28 551 50 85 50
551 480 75 95 83
29 146 55 62 57
29 32 18 43 27
146 427 51 69 69
146 86 40 68 62
146 202 84 88 85
32 197 60 62 61
31 488 16 87 58
31 415 84 85 84
31 255 89 93 93
459 314 53 71 63
459 382 66 75 74
459 503 40 52 44
459 78 47 81 78
444 338 31 94 54
444 481 58 85 79
444 390 24 43 25
488 183 51 91 54
488 374 70 90 83
488 79 94 97 97
415 397 49 98 97
415 81 27 41 39
255 448 25 60 49
255 41 82 97 93
197 191 79 83 81
197 4 82 94 83
197 300 71 96 83
33 293 59 75 69
33 213 88 91 89
293 563 19 55 35
213 218 71 93 78
213 411 79 92 89
34 27 81 98 91
34 77 22 34 28
34 176 86 96 92
77 306 76 97 78
77 277 85 87 87
77 137 25 55 47
77 251 14 49 39
176 361 73 81 79
176 73 56 72 60
35 163 64 100 74
35 83 43 49 48
35 458 67 88 67
163 19 39 52 52
83 292 66 88 79
458 169 56 70 63
36 438 11 58 51
36 479 22 90 36
36 77 75 98 84
438 509 71 87 85
438 60 20 35 35
37 470 10 69 47
37 221 23 67 49
37 20 51 82 73
470 483 87 94 90
38 345 20 61 30
38 413 82 89 87
38 264 24 77 74
38 4 58 68 68
38 423 15 69 22
38 65 44 96 60
413 400 14 72 38
413 543 69 71 71
423 458 56 79 68
423 53 11 27 18
65 350 49 72 58
65 104 60 74 67
482 335 13 30 29
482 117 88 91 90
152 336 43 65 56
152 20 90 98 93
323 232 31 90 81
347 58 82 98 84
347 482 55 68 65
347 348 63 68 68
362 534 32 40 33
248 350 17 93 28
248 430 62 86 75
248 437 83 85 83
248 191 84 89 89
248 214 91 97 91
41 524 49 64 60
43 559 85 88 85
43 344 10 29 23
43 395 49 62 54
43 562 45 57 56
559 497 23 94 89
344 70 76 87 86
533 254 14 77 72
533 323 13 57 22
533 129 94 96 96
309 175 67 76 74
45 271 13 27 25
45 57 88 100 90
271 254 62 71 69
271 372 37 53 52
271 315 93 98 98
271 294 53 99 58
57 16 94 100 97
57 268 83 86 86
46 384 67 93 77
46 395 45 60 49
384 500 72 77 76
384 112 54 67 55
384 80 48 92 80
47 508 22 79 59
47 136 43 75 50
508 206 21 22 22
48 241 26 83 81
48 366 51 78 52
241 137 78 88 79
50 133 40 46 45
50 391 37 95 82
133 382 64 86 75
133 490 45 67 50
391 493 39 63 50
391 295 41 59 55
51 418 29 55 40
51 110 32 57 39
418 510 20 42 34
418 298 91 92 91
418 537 67 97 72
418 261 19 56 47
110 217 18 92 63
110 14 35 75 45
110 521 80 90 89
52 427 80 85 85
52 156 56 97 92
427 136 71 93 76
427 501 29 55 35
156 234 84 86 86
53 324 71 77 73
53 267 28 99 43
53 352 49 73 54
324 318 92 94 92
324 377 77 98 80
267 303 95 99 99
267 87 27 45 37
352 136 25 69 41
352 113 24 62 57
54 402 35 74 64
402 565 66 94 79
402 205 22 23 23
402 47 24 42 39
402 272 70 81 70
55 5 31 37 31
55 157 90 91 90
55 510 38 66 43
157 24 57 89 84
157 245 13 61 60
157 161 66 82 74
157 20 57 73 71
510 131 50 75 63
510 538 68 77 76
56 378 84 93 87
56 74 13 36 34
56 307 15 27 23
378 55 56 57 56
378 374 50 74 59
74 118 21 66 46
74 308 35 75 46
307 43 51 85 72
307 246 41 100 88
268 377 88 91 90
268 321 79 87 85
215 407 82 96 89
215 21 53 94 61
215 107 20 85 35
215 555 15 56 52
215 78 95 98 97
166 553 17 47 36
419 326 67 96 81
419 537 66 86 71
419 362 16 32 21
59 163 59 84 72
59 459 23 84 52
59 131 26 48 30
60 320 43 96 45
60 71 88 99 99
320 212 64 96 65
61 315 58 68 67
61 478 54 87 65
61 558 28 31 31
478 405 13 20 15
478 279 78 93 89
478 515 87 91 90
558 249 94 98 96
62 248 95 96 96
64 532 44 96 50
64 305 28 60 37
64 363 81 97 86
532 28 89 91 89
532 226 92 99 92
532 69 33 95 60
532 420 29 59 54
305 439 38 81 71
350 230 74 75 74
104 229 21 55 48
66 517 43 89 78
66 211 68 87 83
66 280 32 85 47
66 285 79 94 81
517 402 69 72 70
211 199 58 65 60
211 219 23 64 64
211 428 26 60 26
280 224 23 85 27
285 274 64 94 79
67 371 30 47 44
68 23 29 44 30
68 223 59 79 71
68 119 47 74 54
223 389 78 90 88
119 75 38 69 60
119 542 85 87 86
119 491 61 70 67
69 565 55 80 74
69 291 22 28 26
69 94 32 53 42
296 509 58 97 85
484 405 90 96 92
484 503 86 98 94
72 339 17 22 18
72 49 60 80 60
72 93 68 94 87
72 9 64 98 88
339 465 87 89 89
73 387 94 99 94
387 471 29 65 30
118 68 39 90 77
308 452 17 98 39
308 187 45 58 56
308 561 94 95 95
75 68 94 98 98
79 280 90 93 92
80 259 13 24 16
259 473 21 37 28
259 143 75 85 85
259 519 91 92 91
259 356 11 52 14
259 386 66 91 68
81 376 81 83 83
81 174 50 100 66
376 161 73 92 90
376 562 65 78 77
376 468 38 43 41
376 103 50 79 78
174 511 63 84 79
292 563 61 73 72
84 331 28 39 37
331 2 82 98 82
331 190 72 95 92
331 461 56 59 57
331 436 87 89 88
331 172 58 92 67
331 174 86 90 88
422 336 37 93 80
422 405 34 49 35
422 181 74 87 75
422 204 65 68 65
422 379 71 85 85
465 510 50 58 52
88 226 57 83 72
226 376 37 76 71
226 1 22 49 43
89 321 91 96 91
89 452 81 87 85
89 427 57 61 58
89 108 73 96 77
89 415 72 96 78
321 128 26 35 35
452 556 63 72 63
108 415 49 80 52
108 46 88 92 90
90 154 56 57 56
90 207 19 99 88
154 425 92 95 94
154 547 59 74 74
154 535 26 67 45
91 417 12 79 44
91 131 91 100 98
417 265 60 64 61
417 488 91 92 91
417 507 36 60 48
417 210 54 98 86
172 386 55 76 74
95 224 53 81 70
95 75 10 13 12
95 311 10 50 22
95 496 64 74 70
95 145 61 70 70
95 187 66 78 77
224 276 51 87 73
224 201 27 79 61
224 399 24 93 73
311 58 42 52 49
496 527 82 91 84
496 306 90 100 98
145 320 47 76 55
145 360 87 88 87
145 409 78 79 79
187 144 67 72 69
187 493 66 72 67
97 79 48 77 51
97 17 77 79 79
97 235 35 71 36
97 267 47 95 60
235 502 60 62 60
235 284 55 62 55
235 123 36 92 76
98 313 64 91 84
313 293 65 91 67
313 440 77 95 86
313 335 14 86 50
313 429 38 78 50
313 109 37 90 72
99 470 59 99 61
100 337 84 98 84
100 277 91 100 95
100 382 86 95 93
337 319 68 80 78
382 243 70 95 85
382 88 89 93 93
382 238 12 20 19
382 431 48 56 55
382 472 88 99 98
101 381 86 100 87
381 354 89 96 91
381 550 39 74 57
381 350 18 69 51
102 363 17 22 18
102 41 17 80 41
102 288 43 57 49
102 85 19 82 21
288 324 13 34 23
103 430 51 63 60
103 461 86 93 87
461 17 34 56 41
461 117 93 99 96
461 178 31 39 32
229 322 17 22 21
229 129 69 84 72
229 449 21 76 70
229 102 34 83 65
105 287 12 19 16
105 560 21 54 33
105 207 16 75 48
105 78 64 66 65
105 267 93 95 94
287 65 51 94 60
287 70 28 95 64
560 126 69 83 76
560 133 37 91 53
106 115 15 81 77
106 318 41 100 48
106 468 95 98 96
106 174 26 97 30
115 12 15 53 31
115 324 64 78 68
115 133 13 76 23
318 552 32 40 35
318 1 46 58 46
318 449 18 88 52
318 425 64 72 71
468 95 68 82 78
107 295 58 62 62
107 492 18 56 31
492 112 16 61 44
492 316 91 92 92
109 17 81 82 82
109 299 60 88 84
109 324 84 96 84
109 124 10 49 49
109 229 50 69 56
124 358 25 85 52
217 534 53 97 82
217 324 52 67 56
111 23 76 89 84
111 75 13 50 27
112 172 28 34 31
170 500 90 91 90
114 367 48 60 60
114 358 66 97 94
114 189 42 49 49
367 115 39 48 42
367 438 10 94 20
358 279 32 93 91
358 120 34 95 75
358 65 48 73 50
189 326 61 74 74
189 270 89 94 91
189 58 51 83 59
117 259 93 95 94
117 355 31 37 33
355 258 72 91 83
355 432 29 41 34
542 263 66 77 76
542 106 49 77 60
542 235 12 41 35
121 289 48 65 56
121 327 87 93 89
289 206 65 98 76
289 182 91 97 91
289 96 31 75 59
289 54 74 97 86
327 480 91 99 91
122 383 15 46 26
122 277 62 82 77
122 563 57 82 82
122 374 25 96 33
383 382 51 85 69
383 367 44 48 47
563 491 30 31 31
374 231 41 53 51
374 126 94 99 96
123 119 44 87 68
123 515 72 80 78
515 309 12 18 17
515 18 40 98 83
515 263 35 100 49
515 200 85 88 85
260 11 90 100 96
260 54 52 58 52
260 77 95 98 95
525 419 34 70 47
525 384 20 38 31
525 158 84 100 97
525 297 90 91 90
525 560 12 76 23
127 190 53 80 69
190 324 85 97 86
190 244 43 80 67
190 290 29 86 86
128 59 28 46 37
128 419 80 90 82
129 403 39 64 50
403 511 63 87 71
130 389 17 20 19
130 308 21 61 61
130 26 28 38 36
389 56 87 97 90
389 559 75 79 76
389 514 40 46 41
132 52 38 41 41
132 4 74 91 79
132 117 15 66 33
490 477 33 42 41
490 244 69 76 71
134 88 92 99 97
135 549 81 97 92
135 95 12 36 28
135 506 33 79 58
549 77 55 95 84
506 92 10 24 10
506 174 38 54 51
506 58 44 72 63
138 299 77 94 80
138 365 58 83 67
138 488 40 94 64
365 333 33 35 34
365 556 82 97 89
140 346 41 92 45
140 213 87 92 88
140 273 47 48 48
140 297 20 91 59
346 370 31 73 58
346 537 24 29 28
346 140 77 92 79
346 314 35 80 36
346 68 46 69 48
273 134 93 100 93
141 78 41 90 46
141 226 55 82 65
141 202 54 95 92
202 229 25 71 27
202 439 63 94 73
202 50 52 85 66
202 392 85 94 94
143 375 53 91 71
375 359 60 92 73
375 496 78 92 81
144 99 52 64 52
360 530 58 80 72
147 295 73 91 85
147 373 16 53 30
373 410 71 91 86
373 305 74 75 74
373 253 83 100 91
148 67 42 56 52
148 340 90 97 92
340 178 68 97 79
340 221 63 79 76
150 176 43 56 46
151 553 91 93 93
151 472 77 98 97
151 211 42 67 51
151 358 45 63 46
553 39 87 88 88
553 109 86 90 90
472 432 77 83 81
472 88 13 25 16
336 36 31 82 64
336 426 78 93 82
153 51 24 29 27
153 286 53 62 54
153 70 10 44 13
153 25 87 99 88
286 298 70 85 85
425 106 63 76 75
425 29 62 80 74
425 406 77 92 86
516 205 62 84 79
516 0 62 94 85
234 186 52 70 63
234 565 56 79 64
234 240 88 97 95
161 416 36 79 74
161 112 69 86 76
159 539 65 75 68
159 457 85 100 98
159 471 92 96 92
159 40 32 44 32
539 430 60 85 79
539 475 10 91 25
457 293 61 98 79
457 9 94 100 99
471 542 73 98 75
160 42 26 69 31
160 73 50 88 81
160 188 10 71 36
160 284 23 52 48
188 274 87 93 87
188 237 13 66 40
188 279 68 96 69
188 507 27 37 33
284 544 32 43 36
284 237 41 56 47
416 140 66 100 90
416 454 20 90 28
162 93 53 86 57
164 225 66 83 74
164 1 19 47 38
225 420 43 94 82
225 110 56 58 58
165 147 17 19 18
165 232 30 93 58
165 558 72 89 81
232 295 53 96 84
232 198 15 43 42
232 192 42 77 76
232 427 77 97 83
167 539 41 51 46
167 355 79 81 80
168 319 32 35 35
168 91 26 78 46
171 527 48 60 54
171 473 91 92 92
473 404 90 94 90
473 175 89 91 90
173 77 51 85 52
173 180 29 70 66
173 114 91 92 91
173 107 63 66 65
180 50 60 75 64
511 74 91 99 92
511 495 29 69 46
511 16 19 68 58
511 325 89 98 98
511 220 74 89 79
511 135 73 97 90
175 7 42 72 49
175 25 95 96 95
175 549 69 93 78
361 120 93 97 93
361 440 46 87 77
361 253 94 99 94
178 511 94 98 98
178 476 64 72 65
178 135 44 94 55
476 241 22 53 35
476 435 19 94 49
476 489 85 90 88
476 257 81 96 94
179 3 81 95 87
179 522 92 94 92
522 411 11 47 32
522 257 76 100 99
522 12 12 13 12
181 381 60 64 63
181 224 93 94 93
181 315 44 100 44
181 127 52 92 91
182 54 66 89 66
182 234 70 78 76
182 44 75 76 76
182 110 12 34 12
182 104 30 31 31
182 105 60 83 74
183 7 49 90 65
183 102 89 99 95
183 85 93 95 94
183 524 64 80 77
184 248 68 94 73
184 289 60 66 63
184 496 53 97 95
185 369 27 96 93
369 230 31 95 39
369 59 86 99 86
186 380 23 52 31
186 72 15 96 26
186 523 23 60 31
186 212 29 37 34
186 106 17 25 18
380 519 65 71 67
380 127 76 84 81
380 390 87 92 89
380 343 66 81 79
380 148 48 95 92
523 341 91 100 99
212 495 79 86 83
212 251 94 98 97
493 124 73 91 85
493 453 28 43 30
274 502 67 89 75
279 288 29 81 81
279 187 85 96 94
279 58 31 32 31
507 504 13 70 65
326 174 55 96 68
290 188 37 90 66
290 498 90 99 91
290 56 39 68 55
290 302 31 38 35
193 409 12 33 30
193 157 39 50 42
193 212 49 56 54
193 508 45 50 47
193 516 65 79 67
194 530 31 80 57
194 353 53 92 65
530 122 68 93 86
530 248 10 57 30
530 355 73 80 79
195 248 78 89 78
195 492 26 39 32
195 426 22 28 22
195 395 69 75 74
426 194 11 88 58
426 258 94 100 99
196 375 19 54 41
196 211 18 96 31
196 550 16 57 46
196 450 18 42 24
196 108 39 48 42
450 498 52 92 88
300 2 51 68 59
300 480 48 87 79
300 96 43 96 77
199 361 47 93 64
199 100 47 64 59
199 218 57 99 77
218 426 21 66 30
218 305 53 70 70
218 322 77 78 77
200 275 43 73 72
200 152 12 49 22
275 562 50 60 59
275 7 49 69 63
275 360 70 86 83
275 378 45 53 46
439 64 53 97 65
439 457 52 61 52
439 283 28 91 80
203 549 24 49 28
204 113 54 100 97
205 65 41 55 53
206 154 71 79 77
206 307 74 81 77
208 382 67 76 68
209 565 46 81 65
209 298 23 62 37
209 160 44 91 62
209 360 19 75 43
209 337 66 70 69
209 481 26 77 31
298 0 14 100 16
298 316 58 87 70
298 563 46 48 48
481 541 88 94 93
481 163 67 95 78
210 232 24 74 48
210 557 31 100 93
210 78 13 72 16
557 284 31 87 84
219 95 86 94 90
219 170 16 50 36
219 140 78 85 78
428 48 49 95 61
428 15 35 70 42
495 258 93 94 93
495 510 70 83 81
495 45 76 89 84
411 428 42 83 66
411 79 42 61 46
407 350 95 98 95
407 398 52 59 54
407 15 35 87 55
555 63 67 80 80
555 8 25 33 26
555 416 82 99 91
555 345 76 100 89
534 557 15 88 50
534 341 55 84 64
534 53 68 90 89
534 423 75 90 76
534 372 35 49 39
534 385 40 72 66
322 234 58 94 63
322 280 83 89 89
220 388 83 97 91
220 183 69 72 71
388 224 60 79 61
388 150 28 29 28
388 39 68 80 74
222 153 20 51 45
222 274 46 83 48
222 113 93 97 95
276 19 34 97 59
276 0 36 72 63
276 1 48 97 69
399 39 42 73 46
420 398 18 75 25
420 159 27 68 60
420 379 65 77 70
420 553 31 95 88
227 362 76 98 92
227 221 28 34 29
228 496 50 66 58
228 105 54 65 63
449 357 45 85 72
449 232 47 71 62
230 11 81 95 92
230 102 91 95 95
230 310 84 88 84
310 431 52 58 56
310 339 93 95 94
310 493 22 27 23
231 196 32 37 34
231 254 76 97 89
231 428 95 96 95
254 29 87 90 87
254 424 79 82 79
254 407 39 86 71
254 231 37 52 40
254 545 43 87 71
240 47 95 99 99
240 24 15 97 59
502 145 65 70 70
502 86 95 96 95
236 45 47 88 64
314 155 70 91 83
239 130 64 83 71
239 57 31 86 81
239 233 67 98 92
239 475 11 28 18
475 472 61 83 72
475 269 73 97 82
475 462 82 94 83
475 413 20 47 42
242 250 38 64 62
242 476 43 73 49
250 127 83 84 84
243 41 28 86 47
246 102 61 90 86
246 460 89 100 94
460 37 38 54 39
247 91 74 93 91
247 274 24 80 30
247 405 45 97 88
437 130 45 55 53
249 479 13 29 19
249 321 64 66 66
249 370 81 87 84
370 308 13 83 39
252 7 23 52 33
253 65 10 47 17
253 397 23 48 40
253 224 28 77 31
253 561 71 90 89
253 502 66 84 74
397 563 40 45 44
561 449 14 67 36
561 504 87 99 95
545 210 87 96 96
545 95 53 54 53
545 244 34 96 50
545 163 87 94 91
448 440 70 89 88
448 447 48 53 52
256 504 75 85 75
256 437 15 85 79
504 144 15 81 19
504 147 67 82 68
504 462 52 64 56
257 80 60 61 61
257 157 32 65 32
257 245 76 87 76
257 140 55 92 92
258 250 26 52 28
258 45 32 55 52
519 188 50 63 63
519 389 51 81 60
356 365 20 34 22
356 559 14 47 33
356 523 61 66 62
356 329 39 49 40
356 369 38 44 38
356 366 93 99 95
261 182 58 63 62
261 390 24 65 63
261 119 63 97 93
261 321 78 81 81
390 41 60 80 69
262 230 19 35 23
262 352 62 93 71
263 118 42 59 53
263 110 46 48 46
263 168 83 93 90
265 440 52 72 55
265 497 35 64 50
440 204 68 95 71
440 548 62 66 62
440 410 17 99 19
440 208 81 87 81
497 216 54 75 69
497 451 93 95 93
266 309 11 53 23
303 557 14 32 27
303 171 29 51 41
303 496 71 97 76
377 477 29 71 41
377 75 52 88 76
269 83 90 93 93
294 95 45 86 83
272 265 91 100 96
272 545 90 91 91
278 338 76 96 79
338 216 42 70 66
282 375 51 74 70
282 147 36 88 71
282 233 81 98 83
283 324 41 85 73
283 240 37 99 59
498 47 92 96 92
498 205 64 68 68
302 549 36 96 39
509 364 41 46 45
509 175 42 88 88
509 323 81 88 86
509 203 54 64 63
316 529 69 71 71
480 308 64 84 76
480 54 83 93 86
480 335 51 60 56
480 138 58 80 72
301 207 81 100 88
301 528 57 60 59
301 64 79 87 82
528 389 75 84 77
528 209 85 95 86
312 156 16 37 24
312 409 49 66 59
335 538 95 98 97
335 325 92 96 94
335 178 25 76 33
429 192 86 87 86
529 82 21 32 27
529 305 85 90 85
529 318 44 81 63
529 131 58 75 69
317 553 22 50 41
317 239 82 96 95
317 494 42 93 59
494 352 55 74 63
494 43 12 22 12
552 422 16 62 55
552 155 23 45 23
325 152 39 95 84
325 469 61 100 83
469 96 50 62 51
469 132 77 100 80
328 92 20 53 24
329 536 67 97 67
329 412 76 95 83
329 295 14 32 17
329 464 44 99 58
536 385 53 60 55
536 238 29 44 43
536 293 95 97 97
412 3 42 49 44
412 398 22 44 23
464 233 17 56 54
464 450 42 91 58
464 398 87 100 96
464 554 91 98 95
464 209 41 57 55
332 241 14 43 14
332 315 34 97 68
332 181 14 57 45
334 396 18 68 50
334 354 20 91 79
334 451 55 70 56
396 322 83 99 85
396 123 37 99 70
354 274 85 86 86
354 536 48 85 70
354 466 88 96 89
451 184 39 86 49
538 34 20 28 21
341 342 82 89 85
342 467 62 75 70
342 549 95 96 95
467 48 52 67 66
467 380 92 96 95
537 392 47 92 84
537 251 28 96 88
453 535 75 78 75
453 56 86 88 88
453 12 59 84 84
349 412 89 91 91
351 266 43 92 44
351 411 78 91 91
466 358 75 92 77
466 62 25 85 38
432 128 71 79 71
432 147 58 95 62
359 74 29 78 45
359 43 78 92 86
359 443 15 69 51
359 82 84 100 84
364 231 41 78 65
364 545 92 100 97
364 558 79 91 79
556 499 15 89 42
556 303 29 39 37
556 523 62 96 95
556 542 46 100 86
368 135 79 84 81
368 253 17 44 43
410 309 32 58 40
410 556 36 89 78
410 522 37 55 46
410 33 62 75 68
410 95 48 78 48
379 252 23 93 90
379 103 22 51 30
379 56 20 59 44
385 368 16 45 17
514 561 66 86 72
514 510 74 89 79
514 204 68 93 80
514 428 37 85 75
526 506 56 63 58
393 429 57 94 90
394 288 36 53 53
398 532 25 61 25
398 198 16 38 36
401 373 87 92 89
401 447 10 51 28
447 508 41 80 74
543 295 52 64 63
543 275 87 89 87
543 82 27 69 36
414 446 23 89 39
414 472 80 99 97
414 5 80 92 81
414 140 30 45 35
414 69 71 77 74
446 297 25 60 28
446 271 34 55 38
446 123 23 54 45
454 119 35 89 58
454 213 11 55 45
454 485 28 53 28
445 534 34 94 65
501 554 65 67 66
433 192 74 99 81
433 36 84 88 86
433 2 52 87 56
434 128 41 67 56
434 84 77 88 88
434 139 12 35 25
435 386 70 85 77
435 490 17 36 29
548 313 90 91 91
441 274 37 56 43
441 292 38 89 49
441 130 86 97 86
442 65 76 90 90
442 167 31 73 41
442 439 34 49 44
442 168 73 88 88
485 97 60 71 61
485 83 68 92 85
455 510 86 91 91
455 396 56 65 61
455 282 17 48 33
455 166 85 95 91
456 529 60 82 74
456 370 63 86 64
503 0 81 90 82
503 73 78 90 85
503 56 82 89 86
503 521 51 96 89
503 318 35 44 36
483 98 12 33 27
474 272 59 98 62
474 80 17 98 39
489 24 87 98 91
489 56 42 51 44
489 183 69 96 72
541 466 34 100 64
541 463 77 92 82
541 442 53 63 60
499 239 94 95 95
499 500 56 68 67
505 371 10 73 22
512 242 22 73 71
512 260 74 87 81
512 487 20 52 47
513 42 57 93 71
518 525 23 75 48
518 222 22 50 30
531 226 43 83 76
531 103 84 92 88
531 234 65 92 91
546 534 83 84 83
546 98 17 29 18
564 515 31 50 50
564 283 42 64 47
0 565
