19 44
0 18 50 92 87
0 2 29 92 55
18 17 89 100 96
18 14 26 54 33
2 0 34 49 41
2 5 29 76 75
2 14 63 77 76
1 8 82 96 89
1 18 57 64 63
1 9 90 100 97
1 17 92 96 93
8 6 67 81 73
8 5 54 73 68
9 16 79 84 81
17 11 26 74 71
17 5 44 54 46
17 16 71 80 79
5 14 51 52 52
5 6 28 54 41
14 7 69 79 70
14 12 79 96 79
3 16 51 58 58
3 11 80 81 81
3 9 55 63 60
3 8 51 66 58
16 0 80 97 96
16 15 35 41 40
11 9 90 93 92
11 4 86 89 86
11 16 35 59 57
4 7 49 87 87
7 9 39 47 45
7 16 35 60 39
6 9 73 91 84
6 13 92 95 92
13 3 32 97 53
13 17 48 95 95
10 17 89 95 91
12 14 14 83 40
12 3 18 34 29
12 15 35 68 60
12 5 61 79 73
15 17 30 84 56
15 11 37 78 50
0 18
