355 788
0 201 18 67 25
0 124 25 32 29
0 59 65 90 75
201 92 27 92 82
201 179 47 75 64
124 341 58 65 64
124 185 84 93 92
124 170 81 94 81
124 255 94 95 95
59 209 91 97 97
59 216 37 97 81
59 251 49 75 63
1 290 72 94 72
290 22 20 94 77
290 291 54 75 70
4 67 21 99 33
67 334 27 89 55
5 59 44 46 46
6 38 54 60 56
6 311 72 81 72
6 281 52 71 52
38 48 60 84 77
38 270 93 98 93
311 177 16 42 31
311 67 68 84 74
311 64 29 83 29
281 354 45 55 45
7 35 33 40 34
7 175 86 89 86
35 82 66 72 71
35 128 33 70 36
175 115 87 94 88
175 186 69 100 82
175 187 65 70 65
175 344 81 96 89
8 74 27 66 41
8 300 38 76 41
74 158 32 56 48
74 115 60 76 63
74 116 78 91 85
74 102 90 95 93
74 232 71 77 71
300 257 50 59 57
300 72 22 34 28
9 84 31 73 62
9 238 39 67 60
9 282 65 95 90
84 85 58 86 74
84 179 79 86 85
238 144 90 99 92
238 48 44 58 53
282 62 37 53 50
10 235 15 79 16
10 306 49 99 61
10 138 31 72 31
235 73 30 86 77
235 164 69 99 88
235 259 42 68 64
306 65 11 79 40
306 256 85 97 93
11 82 46 100 88
11 128 84 97 88
82 175 37 59 42
82 244 59 91 88
128 161 31 81 40
128 210 34 42 39
128 234 69 87 71
12 208 84 86 85
208 130 40 70 53
208 320 95 100 95
13 253 71 73 71
13 296 89 91 90
253 71 52 92 66
253 59 31 78 69
253 104 31 48 34
253 145 91 94 91
296 224 91 99 91
15 316 47 60 52
316 99 59 79 68
316 152 55 92 81
16 278 84 91 88
278 61 80 97 81
278 332 27 57 55
17 134 68 98 83
134 100 94 100 95
134 142 38 69 46
134 302 60 90 77
18 174 10 33 21
174 134 95 99 98
174 204 25 73 26
174 62 15 70 67
19 150 37 82 50
19 216 17 97 91
19 20 22 50 25
19 259 67 68 67
19 307 46 66 62
19 44 27 74 47
150 324 70 79 73
150 202 81 90 88
150 55 94 100 94
216 54 73 84 81
20 258 56 63 59
20 307 73 96 73
20 342 42 80 61
259 343 47 49 47
259 13 67 96 71
259 100 47 54 53
259 49 64 86 76
259 162 22 63 51
307 303 38 74 49
307 336 40 60 52
307 28 82 97 82
44 106 52 58 55
258 218 91 93 92
258 137 46 67 63
342 56 32 86 62
342 65 50 85 80
342 85 87 100 92
21 287 16 59 26
21 97 17 36 34
287 81 95 99 95
287 11 39 49 47
97 187 39 44 44
97 237 81 99 96
97 55 53 75 62
22 227 53 89 64
22 257 74 82 74
257 10 61 98 72
23 4 35 75 35
23 316 71 83 74
24 190 40 91 81
190 61 37 66 53
190 31 11 40 32
190 43 30 59 46
190 228 27 65 34
25 354 29 92 33
25 223 91 100 92
354 32 60 70 66
223 242 95 98 96
223 267 25 79 79
26 103 40 73 62
103 267 15 72 15
103 58 88 93 89
27 153 21 56 49
27 112 44 96 54
153 25 51 79 75
112 22 94 100 96
112 124 83 91 83
112 65 20 39 30
112 16 36 88 80
28 133 32 93 45
28 43 77 82 79
133 56 50 77 77
43 39 85 93 90
43 277 58 65 59
43 166 24 59 43
43 48 77 81 79
43 131 37 77 50
29 139 72 81 77
139 321 60 61 61
139 94 50 81 76
139 316 83 89 88
30 218 54 93 69
30 31 46 65 46
30 313 42 60 48
218 201 89 93 93
31 62 43 92 91
31 166 14 72 55
31 265 16 19 17
31 284 22 72 36
313 265 64 75 70
313 6 79 88 85
62 77 35 80 68
166 83 83 93 93
166 194 40 48 42
166 182 84 98 96
166 151 22 87 44
166 21 10 60 29
166 12 92 97 96
265 342 71 94 93
265 32 45 63 45
284 118 61 95 68
284 308 89 95 92
284 162 34 56 34
284 195 57 62 60
34 230 28 67 63
230 345 58 83 70
230 240 50 55 51
230 22 29 78 77
36 272 49 98 58
36 170 74 95 89
36 48 20 87 54
36 0 15 59 48
36 213 65 92 86
36 117 71 97 90
272 150 18 93 50
272 187 42 67 45
272 101 55 86 68
170 232 89 98 92
170 260 40 55 40
48 338 91 99 93
48 326 39 63 60
48 144 28 40 35
213 245 17 71 37
117 71 14 17 16
117 326 75 82 77
117 197 42 77 71
117 62 21 60 21
37 241 94 95 94
37 180 14 38 16
241 325 52 95 79
241 336 52 65 62
241 49 23 91 56
241 346 90 94 91
241 211 89 91 91
241 140 74 95 84
241 163 24 75 58
241 76 77 93 92
180 43 57 75 63
180 5 18 56 37
180 274 22 57 43
39 228 56 66 62
39 152 86 91 90
228 71 51 66 65
228 163 92 93 92
228 53 21 39 27
228 168 52 71 65
228 266 91 97 93
152 51 79 81 81
152 295 28 62 35
152 87 19 47 32
40 68 33 45 33
68 50 54 76 58
68 324 37 57 39
68 190 79 90 89
41 119 30 72 36
41 68 70 92 81
41 97 77 84 81
41 62 61 92 84
119 103 81 92 81
119 269 76 88 78
119 342 50 90 67
119 213 36 74 70
119 159 21 23 21
42 285 78 80 80
42 178 16 62 17
285 328 77 94 87
178 340 49 77 73
45 30 90 96 90
46 164 58 77 62
46 52 17 86 58
164 32 35 43 41
164 129 93 98 94
164 259 63 85 84
164 83 68 72 69
164 8 55 64 59
52 183 11 56 13
52 344 51 65 64
52 281 95 96 95
47 343 45 53 49
47 238 84 89 86
47 61 85 86 86
47 37 64 99 74
343 184 88 99 97
61 289 30 85 64
61 38 45 50 49
338 300 28 72 39
338 246 37 57 55
326 307 69 84 77
326 347 15 90 60
326 137 53 65 62
326 293 16 57 29
326 154 77 88 86
144 225 66 91 72
144 11 47 49 48
144 309 67 72 72
144 175 46 90 71
49 313 58 77 59
49 98 17 65 54
49 45 36 51 44
49 300 87 93 91
98 313 17 47 46
50 183 75 90 89
50 0 76 79 77
50 100 87 92 88
183 130 58 59 59
183 51 54 97 81
183 233 79 97 79
100 352 93 100 93
100 156 38 47 44
100 186 53 89 57
100 171 39 48 43
344 76 50 59 57
344 6 27 46 28
344 210 11 54 43
53 77 41 92 41
53 353 39 72 68
53 219 47 72 56
353 289 43 84 67
353 33 30 65 44
219 148 14 25 14
219 5 77 96 78
54 269 63 97 73
55 138 35 36 36
55 125 56 68 57
55 157 20 63 43
125 1 32 45 45
125 144 64 76 68
125 323 11 72 65
157 40 56 81 65
56 183 85 93 85
56 286 85 88 86
56 300 77 96 85
56 106 30 54 35
56 117 52 59 59
286 136 65 84 81
286 162 38 39 38
286 43 17 29 24
57 144 28 61 55
58 13 61 72 70
58 170 58 79 74
58 34 45 78 69
209 105 84 95 95
209 19 29 88 29
251 111 81 99 94
60 303 53 83 57
303 185 89 95 92
303 217 91 94 92
303 179 81 98 94
303 213 46 50 48
303 66 18 99 60
289 74 20 88 45
289 178 21 55 54
63 340 25 31 30
63 206 94 95 95
63 347 90 95 90
63 46 88 98 88
206 125 19 80 58
347 302 36 51 43
347 136 15 50 49
64 221 33 58 51
221 209 26 89 52
221 147 68 83 81
221 313 53 91 89
221 176 62 99 98
65 47 65 69 68
65 67 73 82 77
65 193 22 66 58
65 150 75 81 76
193 90 33 54 33
66 280 68 93 68
280 246 71 99 97
280 99 78 80 80
334 51 31 35 34
324 354 44 87 57
324 124 31 41 36
324 31 59 62 61
70 135 84 87 84
70 223 61 77 75
70 118 38 93 48
70 137 40 99 54
135 137 12 100 24
137 138 60 79 60
71 276 88 97 90
71 221 46 69 60
72 42 42 83 42
72 345 61 74 66
72 152 28 87 62
345 222 41 80 41
73 314 69 81 74
73 176 59 61 60
314 157 25 70 37
314 61 67 88 88
176 102 36 43 43
176 195 81 95 82
158 267 48 67 65
158 26 38 84 62
158 240 71 92 82
115 219 45 89 58
116 112 71 86 85
102 261 63 87 63
232 195 10 78 52
232 353 21 55 51
232 55 33 62 59
75 258 81 93 91
75 3 16 79 43
75 218 32 65 36
76 70 47 98 47
78 336 94 100 97
78 246 92 96 93
78 236 63 71 66
336 0 87 92 89
246 74 14 61 24
236 199 94 100 94
236 283 41 56 55
236 242 69 91 75
236 264 19 51 38
79 343 57 60 57
79 18 53 83 62
80 21 62 84 80
80 121 73 99 74
121 286 84 87 86
81 20 85 94 89
244 73 45 69 49
244 300 76 84 84
244 121 23 30 24
244 7 42 86 68
244 348 46 92 78
244 134 69 83 80
83 23 86 98 93
85 125 78 79 79
85 105 34 74 66
85 131 53 63 60
85 210 43 88 52
85 287 43 89 66
179 294 65 66 66
179 105 44 83 55
105 299 21 90 75
105 271 25 53 28
105 56 32 88 82
105 213 34 43 43
210 199 67 83 82
210 175 57 67 61
210 81 89 99 91
210 60 57 84 83
210 320 39 57 56
210 206 86 98 89
210 16 21 83 24
86 217 69 89 89
217 256 46 47 46
217 304 16 60 52
217 282 49 74 51
88 300 45 63 48
88 179 92 99 98
89 152 80 87 87
89 61 82 92 82
90 24 76 87 79
90 312 22 61 30
90 55 69 84 73
312 83 54 98 95
91 343 17 97 49
91 268 19 84 29
91 225 29 79 73
268 108 68 98 75
268 177 28 55 36
225 220 82 90 87
225 232 75 94 89
225 326 73 76 75
92 250 68 77 68
92 223 23 28 25
250 50 58 76 59
250 247 47 74 70
250 95 75 95 80
93 234 87 89 88
93 320 29 56 36
93 74 79 88 83
234 282 36 59 44
234 336 16 53 27
234 351 71 91 91
320 37 81 85 81
94 328 92 96 94
94 285 91 92 91
94 125 17 86 56
94 338 14 46 25
328 184 85 88 87
328 284 40 65 51
328 5 33 99 36
328 58 30 60 47
328 122 82 83 83
95 173 93 99 99
95 18 75 97 95
173 139 85 90 88
173 345 45 81 71
173 70 95 99 95
173 272 33 45 36
173 260 46 48 48
96 275 71 97 94
96 252 31 77 37
275 226 50 81 55
275 263 32 65 33
275 45 89 92 90
275 260 61 96 67
275 188 12 88 77
252 235 13 60 28
252 156 29 93 57
252 62 66 78 69
187 257 88 100 93
237 95 32 33 32
237 123 12 67 57
237 353 61 70 68
99 229 52 59 54
99 52 87 91 91
99 273 76 100 82
229 94 27 55 40
229 61 54 79 78
273 302 71 93 77
186 181 35 81 38
171 51 54 63 58
101 1 39 59 41
101 178 51 70 67
101 92 85 86 85
101 195 36 86 49
195 63 75 83 78
195 65 15 84 80
195 153 34 44 35
261 41 37 62 59
261 298 79 100 93
261 12 59 84 69
261 321 69 96 82
261 213 33 92 44
267 36 87 93 91
267 71 13 80 68
267 330 61 85 67
104 120 38 60 44
104 145 41 86 52
104 353 84 86 84
145 150 58 97 86
145 209 32 48 36
145 221 91 93 92
299 123 72 83 73
299 99 87 100 93
271 125 37 85 76
107 351 66 73 69
351 164 86 88 86
351 20 54 82 76
108 88 42 82 67
108 333 33 87 76
333 174 28 39 34
333 326 25 30 27
109 149 70 96 85
109 59 67 85 71
110 44 66 68 68
111 225 76 80 80
111 231 51 74 55
111 236 48 95 90
111 282 86 91 90
231 124 32 63 53
231 85 14 47 16
231 333 48 93 85
231 290 85 87 87
113 110 10 55 32
113 149 95 97 95
113 262 22 69 30
262 287 18 22 19
262 44 73 75 75
262 240 80 89 81
262 156 75 94 81
114 236 58 89 63
114 238 90 95 93
197 304 25 65 26
159 106 28 35 33
159 333 61 75 72
159 345 79 89 83
122 36 36 77 40
122 103 55 94 55
122 343 75 93 80
122 58 44 73 56
123 215 94 96 96
123 38 24 76 75
341 282 31 50 44
341 304 23 32 29
255 171 54 56 55
323 299 87 100 94
323 184 51 66 64
323 37 42 80 46
126 157 40 99 55
126 37 84 87 84
126 344 37 90 54
126 44 69 88 80
127 303 24 31 31
127 279 79 91 88
127 161 52 97 86
127 107 23 83 63
279 122 89 91 89
279 151 25 74 31
161 234 47 76 71
129 160 73 96 75
129 298 61 85 77
129 106 83 99 84
160 67 94 95 95
298 312 54 68 64
298 143 14 36 21
298 308 27 49 30
298 136 20 52 33
130 316 78 98 93
130 106 76 99 85
130 239 78 94 87
130 194 80 83 82
130 17 20 95 48
130 321 25 94 88
130 197 55 58 55
194 147 18 91 71
194 138 50 71 65
194 139 31 95 64
321 301 18 23 21
321 269 64 98 69
321 164 89 95 91
132 159 77 93 78
132 25 84 93 91
142 93 75 87 78
142 175 49 97 72
302 55 20 43 22
136 266 75 96 76
136 174 42 54 50
136 325 77 82 82
266 306 92 93 92
266 89 80 90 86
266 134 15 29 20
325 131 66 70 69
325 184 82 85 84
325 109 59 61 59
140 96 16 45 19
141 48 28 84 41
141 252 15 67 43
141 144 31 88 31
143 60 91 99 94
143 44 48 61 54
143 185 51 80 55
143 251 46 63 58
143 249 21 46 22
143 329 55 87 64
143 145 31 40 34
143 20 22 71 30
329 67 42 73 45
329 319 74 82 76
309 138 95 99 96
146 232 85 96 95
147 233 29 49 34
233 13 59 94 81
233 89 74 88 76
233 139 57 61 60
233 181 42 74 65
233 19 12 48 23
148 27 40 74 74
148 164 46 91 71
202 197 35 96 36
151 308 81 87 82
295 220 39 75 51
295 257 80 85 83
295 127 10 45 41
154 217 12 56 18
154 47 51 60 56
155 276 61 95 91
155 92 52 55 55
240 101 35 83 42
240 53 55 99 90
240 341 65 77 65
240 148 72 95 75
162 131 26 41 30
163 49 26 100 47
182 106 72 77 76
182 158 73 96 76
167 29 25 91 44
167 112 56 95 68
167 24 38 81 77
167 114 26 70 49
168 212 52 72 59
168 116 31 90 67
168 94 69 80 69
212 153 27 65 41
212 300 93 95 94
212 142 76 81 78
212 5 80 82 81
212 314 67 88 75
169 130 28 74 28
169 255 40 53 53
260 313 93 98 96
172 319 60 100 81
172 99 35 63 40
319 173 23 44 40
319 190 55 68 68
204 139 92 94 92
177 238 51 70 55
294 272 95 97 96
294 253 17 64 53
274 290 22 23 23
181 209 17 81 65
181 174 37 52 46
181 311 82 85 83
184 230 71 87 71
184 183 65 79 65
184 16 68 73 69
188 87 26 44 28
188 3 20 88 58
189 15 53 59 54
189 84 68 70 70
189 36 36 70 51
189 310 52 62 56
310 156 65 77 70
310 33 74 81 80
310 211 68 70 69
310 299 80 92 84
310 150 28 47 39
191 4 19 85 47
191 209 50 66 63
192 121 92 99 93
192 129 30 66 46
192 334 17 89 50
192 30 83 93 93
196 134 38 99 41
196 334 86 91 86
196 163 30 32 30
196 135 34 47 45
304 314 42 83 58
304 195 38 80 41
304 294 49 53 51
304 180 18 89 79
304 40 12 56 46
198 267 22 42 41
199 59 33 54 42
199 232 77 100 77
200 110 31 60 52
200 132 65 93 81
203 153 24 75 53
203 188 66 68 67
205 57 15 71 54
205 18 57 83 82
207 66 31 64 49
245 54 15 34 34
256 164 57 79 62
256 229 69 74 74
220 270 51 89 57
222 24 74 81 75
224 156 44 58 58
224 272 75 85 80
224 137 90 97 94
226 77 85 98 87
226 295 28 91 80
226 18 92 98 96
226 309 31 33 32
283 279 33 35 34
283 303 30 52 48
264 272 16 96 80
264 169 27 95 57
264 114 14 77 63
346 259 93 95 93
346 84 48 88 88
346 93 21 27 25
346 215 91 99 94
346 229 33 72 47
243 149 50 81 63
243 164 74 85 80
243 12 24 82 73
243 261 79 95 81
348 353 69 89 78
348 139 34 81 75
247 280 50 91 72
247 157 76 87 77
247 245 61 68 64
254 226 33 86 63
263 142 31 54 40
330 62 55 73 65
332 281 34 72 45
332 126 90 92 92
288 99 58 92 73
291 213 15 100 36
291 228 90 98 93
292 345 75 80 76
292 257 74 96 80
293 159 20 59 49
293 99 71 85 74
293 288 57 73 66
297 107 25 40 37
297 138 59 73 68
297 279 33 72 59
305 289 24 42 28
315 320 55 61 55
317 351 45 73 48
317 45 69 72 70
318 126 33 91 60
318 349 81 85 82
318 264 48 61 54
349 322 35 36 35
349 188 16 86 70
322 342 69 85 80
322 151 32 91 33
327 315 74 96 95
327 235 92 93 92
331 40 38 98 46
331 298 13 77 51
331 236 78 79 79
335 318 12 37 29
335 60 66 95 75
335 319 10 69 20
337 43 25 85 75
337 168 23 47 29
339 243 27 42 35
339 58 27 70 68
0 354
