933 3515
0 323 25 64 40
0 556 56 67 60
0 710 76 85 79
0 119 60 70 64
323 123 64 76 65
323 433 50 55 52
323 421 45 79 46
323 196 53 61 54
556 173 12 78 44
556 572 77 91 86
710 328 24 31 31
710 549 26 83 69
119 381 74 97 96
119 893 63 71 65
119 477 23 80 34
119 597 64 94 76
1 601 23 39 24
1 841 51 56 51
1 495 65 77 70
601 269 30 89 56
601 512 41 61 47
601 462 76 92 89
601 627 95 97 97
601 11 43 77 73
601 73 12 73 73
841 294 85 94 85
841 546 36 75 67
841 420 12 76 37
841 174 10 73 14
841 617 16 20 18
841 259 92 98 96
841 254 72 84 74
841 542 69 94 90
495 359 68 74 74
495 493 90 98 94
495 619 10 74 26
495 267 76 77 76
495 694 66 78 70
495 908 60 80 72
495 775 11 46 42
2 831 72 93 85
2 458 65 79 78
2 450 90 95 93
2 257 62 98 88
2 906 41 98 82
831 505 91 99 95
831 374 10 91 25
458 327 18 98 19
458 614 32 78 57
458 831 12 23 15
458 62 48 73 59
450 4 32 78 50
450 463 38 46 44
450 321 80 91 82
450 139 63 94 86
450 919 82 90 84
450 414 44 81 53
257 237 11 41 27
257 119 60 65 61
906 553 64 99 92
906 338 45 66 48
906 109 87 97 95
3 820 40 99 97
3 340 85 92 91
3 151 66 68 66
3 252 76 99 85
3 897 47 81 50
3 611 67 93 91
820 36 65 98 83
820 59 48 65 64
820 194 11 36 25
820 763 40 90 41
820 746 40 61 54
340 300 49 99 85
340 197 11 20 19
340 56 43 74 61
340 671 30 50 30
151 872 90 96 92
151 719 53 64 58
151 366 17 69 25
151 422 57 58 58
151 92 65 99 70
252 708 24 69 41
252 203 66 84 78
897 689 71 92 86
897 553 38 90 83
611 315 12 52 39
611 439 74 97 91
611 72 30 82 40
611 914 54 92 77
611 680 47 70 68
611 681 20 80 48
4 410 47 61 52
4 768 25 31 31
4 321 94 96 95
4 96 29 46 33
410 698 63 99 80
410 568 77 87 85
410 842 57 85 59
410 674 77 83 82
768 82 45 100 100
768 495 48 93 53
321 0 11 78 22
321 720 87 97 88
321 198 18 48 26
96 715 52 85 52
96 550 50 75 69
96 525 26 65 27
96 274 79 89 87
96 541 45 64 49
5 593 35 69 66
5 166 71 98 85
593 154 74 81 74
593 45 73 95 92
593 247 42 54 45
593 264 58 86 78
593 397 10 59 50
593 10 79 94 82
166 452 24 80 47
166 154 63 100 67
166 637 23 26 23
166 318 77 96 93
6 565 83 88 85
6 674 94 97 94
6 692 25 56 53
565 130 78 93 87
565 414 77 80 79
565 702 76 97 76
674 197 20 33 20
674 528 87 100 95
674 269 32 77 69
674 589 70 74 71
674 271 86 91 87
7 704 31 60 48
704 262 63 66 64
704 185 81 93 93
8 698 42 95 63
8 138 74 86 78
8 618 19 100 90
8 487 85 95 86
8 899 69 98 82
698 426 19 76 53
138 626 84 99 89
618 594 20 52 47
618 894 94 97 94
618 340 10 78 76
618 88 12 94 76
618 382 16 51 30
618 727 34 71 51
618 454 93 98 96
487 420 18 42 18
487 10 17 90 40
487 158 90 94 91
899 247 22 62 58
9 805 45 81 48
9 119 30 43 35
805 349 93 94 94
805 243 75 100 100
805 124 65 98 65
805 18 82 96 86
805 257 95 98 95
10 495 45 79 66
10 457 80 87 87
10 825 70 71 71
457 479 71 74 71
457 640 74 83 80
457 159 17 88 82
457 140 20 39 20
457 841 20 54 20
825 517 39 77 53
825 760 38 82 65
825 525 88 98 97
825 177 22 43 24
825 850 85 89 88
825 539 57 70 67
11 480 90 98 97
11 209 18 30 26
11 675 82 91 87
480 57 46 50 50
480 99 27 52 28
209 741 17 60 17
209 333 50 71 51
209 357 14 56 42
209 374 19 20 20
209 363 72 97 75
209 714 73 80 75
209 556 13 70 60
675 427 45 93 50
675 556 49 50 50
12 9 54 97 69
12 2 79 91 79
12 493 46 62 52
12 55 59 66 63
493 632 16 33 23
493 752 77 95 95
493 113 19 55 44
493 504 33 45 40
55 364 92 100 96
55 849 45 61 55
55 856 82 86 84
55 905 89 100 89
13 458 34 55 42
13 293 39 58 45
13 265 43 48 45
13 929 92 100 99
13 579 90 100 99
13 670 67 90 80
293 276 95 96 95
265 310 89 97 89
265 77 93 95 94
265 608 90 95 91
265 476 56 75 57
929 829 14 20 17
929 602 45 70 55
929 265 78 92 92
929 479 48 91 76
579 422 48 86 73
579 206 37 81 49
579 810 32 45 36
579 174 63 67 66
579 913 92 100 95
670 123 17 53 31
670 263 26 99 67
14 322 90 93 90
322 40 91 96 91
322 615 79 97 81
322 209 44 73 65
15 469 49 99 62
469 495 33 34 33
469 466 14 72 41
469 612 91 93 92
469 171 59 62 59
469 887 32 93 50
469 196 85 89 85
469 757 76 92 85
16 360 51 72 59
16 643 42 68 65
360 234 78 82 82
360 548 35 81 71
360 625 68 96 79
643 728 37 97 48
643 13 35 36 36
643 264 94 99 95
17 873 11 67 14
17 824 78 91 84
873 55 37 72 38
824 466 70 87 71
824 204 29 36 29
824 621 15 76 27
824 446 68 71 68
18 706 22 85 59
706 703 21 39 34
19 97 54 63 54
19 120 52 93 90
19 453 14 92 85
19 520 19 97 50
97 159 59 66 62
120 697 24 40 36
120 682 81 99 83
120 213 22 93 22
120 909 94 96 94
453 179 10 11 11
453 782 55 60 56
453 378 46 81 52
453 228 62 82 72
520 261 20 48 40
20 753 50 93 76
20 660 24 72 66
20 886 53 90 77
20 902 12 93 42
753 39 11 42 12
753 566 65 66 66
660 842 66 70 70
660 364 49 70 54
660 819 74 75 75
660 313 74 96 80
886 597 88 98 90
886 647 82 88 82
886 839 69 78 73
21 631 77 100 94
21 195 79 89 86
21 620 93 100 97
631 834 29 72 29
631 811 86 91 89
631 307 49 53 50
195 229 41 62 49
195 788 16 41 28
195 244 25 61 29
195 601 36 83 47
620 601 21 85 85
620 245 93 94 93
22 357 27 30 28
22 791 16 63 44
357 189 50 77 76
357 246 69 77 69
357 365 60 71 65
357 516 61 73 68
357 618 43 91 50
357 662 25 58 58
791 724 11 67 45
791 895 94 98 94
791 102 11 49 29
791 47 55 62 58
791 145 23 91 85
791 343 88 91 89
791 707 61 98 70
23 857 19 57 57
23 925 10 82 54
23 894 35 61 46
23 544 24 45 43
857 572 49 58 52
857 874 95 98 97
857 909 77 78 78
857 850 14 35 23
857 154 40 55 40
857 800 46 64 54
857 836 92 93 92
925 282 94 100 94
925 587 94 95 95
894 861 13 96 58
894 493 69 97 74
544 500 80 100 80
544 489 34 87 44
544 812 50 58 56
544 23 85 95 89
24 664 82 83 82
24 804 10 66 40
24 506 80 84 80
24 385 44 74 72
24 502 62 91 67
24 378 58 93 92
24 265 72 100 91
664 901 75 100 98
664 723 49 65 58
804 640 35 59 36
804 594 74 79 75
804 585 53 95 93
804 574 24 65 57
804 278 40 42 41
506 625 81 93 88
506 25 58 91 80
506 383 19 39 38
506 102 67 94 84
385 264 31 44 32
385 228 15 67 51
385 105 60 91 63
502 903 59 68 63
502 818 40 92 58
502 69 73 89 86
378 569 49 94 55
378 221 37 99 39
378 776 51 97 54
378 340 40 78 62
25 922 61 80 61
25 716 71 90 72
922 667 80 92 86
922 31 31 54 38
922 24 66 87 68
922 512 74 95 77
922 578 45 51 48
922 170 36 39 39
716 722 76 92 82
716 345 57 74 74
26 729 48 67 62
26 122 46 82 47
26 722 92 93 92
26 862 67 87 84
729 711 76 89 81
729 379 60 71 60
729 588 85 95 95
122 61 24 34 27
122 655 29 84 77
122 317 83 94 83
722 461 22 70 32
722 46 19 80 46
722 888 56 65 62
722 504 16 38 17
862 795 93 94 93
862 540 27 83 72
862 829 22 35 33
862 665 12 13 12
27 770 44 81 58
27 114 17 48 26
27 125 37 58 38
27 729 55 82 65
27 493 70 100 81
27 622 86 97 93
27 726 74 77 77
27 232 56 74 71
770 831 81 92 82
770 738 46 89 79
770 888 85 99 98
770 491 70 91 85
114 497 72 79 79
114 58 10 98 23
114 232 26 47 38
114 629 94 97 97
114 620 19 86 41
125 891 86 99 91
125 828 91 92 91
622 533 40 79 54
622 323 62 86 67
622 722 24 70 52
622 480 19 59 30
726 237 85 90 88
726 790 29 63 32
726 149 57 87 86
232 343 88 96 91
232 644 90 100 96
232 5 59 71 68
232 77 67 85 70
28 0 83 100 95
28 683 45 88 64
28 94 88 96 91
683 58 43 88 49
683 553 61 93 78
683 219 90 98 94
683 502 49 86 58
683 251 40 85 75
94 64 19 86 54
94 620 80 92 85
94 33 60 64 63
30 123 35 47 41
30 524 80 97 97
30 625 44 63 57
123 778 50 60 57
123 351 32 44 36
524 103 15 49 45
524 727 59 70 67
625 262 30 55 47
625 320 87 100 91
625 378 70 97 89
31 566 20 77 72
31 327 27 78 64
31 619 67 93 76
31 498 76 90 87
566 853 23 61 42
566 366 23 45 43
566 305 23 75 71
566 282 82 86 83
566 33 32 83 34
327 152 24 50 37
327 270 60 77 76
327 863 17 78 48
327 69 87 90 89
327 472 75 90 85
327 713 26 27 27
327 424 48 79 73
327 96 11 16 16
327 687 39 91 79
619 462 90 98 92
619 859 61 100 94
619 244 72 93 72
498 593 76 92 89
498 164 10 52 25
498 339 47 59 50
32 728 67 93 73
32 759 12 32 13
728 133 52 61 55
728 435 11 13 12
728 926 20 45 28
728 716 30 99 54
728 574 72 100 82
759 162 75 83 81
759 245 55 60 55
759 554 83 91 91
759 129 15 17 17
33 476 20 91 62
33 641 77 80 77
33 23 81 82 82
33 750 24 79 52
33 424 67 84 67
476 518 13 58 58
476 93 71 86 74
641 651 10 24 11
641 644 15 29 17
641 362 19 42 40
641 820 62 86 70
641 502 93 94 94
750 185 22 25 22
750 755 52 63 61
750 442 72 76 76
750 222 81 83 81
750 237 41 51 50
750 705 90 96 94
424 708 74 95 85
424 461 74 76 74
424 148 94 95 95
424 432 34 38 36
424 197 56 79 75
424 32 79 82 81
34 715 94 98 95
34 914 53 84 77
34 764 34 51 42
34 28 86 90 87
715 931 84 90 85
715 813 72 75 73
715 868 44 89 85
715 316 88 98 98
914 486 73 91 78
914 877 14 17 17
914 59 28 46 30
914 149 32 65 55
914 313 41 97 58
914 159 79 81 79
764 830 39 54 54
764 195 74 79 76
35 114 16 49 21
36 879 34 60 48
36 126 55 66 57
879 40 32 76 69
879 717 74 91 78
879 270 45 66 53
879 871 88 98 90
879 867 84 92 90
879 327 69 74 71
126 909 93 95 93
126 744 29 63 37
126 298 83 91 84
37 637 40 63 51
37 266 84 92 89
37 686 47 90 81
37 763 18 85 75
37 615 40 81 73
637 60 32 61 36
637 290 80 90 86
637 819 54 94 88
637 849 44 76 60
266 453 81 95 82
686 675 84 97 94
686 654 24 64 27
686 398 56 91 69
686 355 85 94 92
686 183 31 63 63
686 194 74 86 84
686 308 86 88 87
686 720 24 34 26
763 176 49 86 83
763 527 72 86 82
763 545 53 95 76
763 483 84 94 91
763 392 18 42 19
763 245 38 95 47
763 161 15 88 61
763 702 79 93 87
763 737 67 98 80
615 526 83 85 85
615 220 92 100 100
38 324 23 38 27
38 924 87 99 94
38 124 28 46 33
324 882 12 95 20
324 216 18 43 21
324 738 14 81 56
324 264 57 100 80
324 575 64 99 67
324 777 37 91 90
324 639 64 87 72
324 201 83 84 83
924 46 87 99 92
924 764 67 87 78
924 795 85 88 87
124 50 95 100 99
124 542 28 80 80
124 493 24 86 68
39 857 33 41 36
39 547 64 93 90
39 5 57 75 66
39 815 66 96 91
547 48 82 94 84
547 236 47 59 50
547 667 36 46 37
815 467 59 98 97
815 489 77 85 83
815 410 77 95 92
815 822 50 52 52
815 364 44 54 49
40 574 69 92 76
40 592 86 93 89
40 870 38 76 71
40 35 54 78 69
40 904 19 44 24
574 644 51 74 57
574 9 64 80 66
574 170 12 62 36
574 787 56 99 69
574 48 24 93 68
574 873 22 85 83
592 651 76 78 77
592 542 24 70 59
592 746 81 88 82
592 740 48 83 48
592 823 94 100 97
592 427 57 77 72
870 605 88 98 92
870 681 39 65 41
870 232 43 82 60
870 838 35 40 38
870 373 65 75 75
870 810 89 90 90
870 511 65 70 66
904 513 86 90 90
904 641 40 75 57
41 284 12 61 39
41 329 74 95 78
41 932 93 99 95
41 97 35 71 70
284 542 12 86 41
284 790 12 20 19
329 792 73 81 74
329 369 75 83 76
932 122 25 89 45
932 614 22 86 26
932 489 20 89 53
42 879 27 41 33
42 533 62 94 63
42 515 69 92 88
42 247 59 81 80
42 577 49 90 82
42 838 94 97 97
42 562 69 93 79
533 528 52 79 55
533 695 22 23 22
515 113 78 99 97
515 556 72 89 72
247 673 70 76 71
247 349 92 99 93
577 738 57 72 69
577 231 77 78 77
577 27 77 92 92
577 258 91 93 92
838 914 63 94 66
838 889 94 96 96
838 505 66 88 67
838 589 18 96 41
838 899 46 48 46
562 573 65 71 65
562 481 85 99 85
562 885 86 95 90
43 240 85 92 86
43 888 44 95 49
43 464 41 59 51
240 14 31 94 72
888 454 79 94 84
888 861 61 77 76
888 898 30 35 30
888 645 19 84 62
464 574 81 97 91
464 753 95 99 97
464 454 89 99 96
464 291 19 72 64
464 276 14 56 24
44 908 17 58 22
44 34 70 87 76
44 459 91 100 97
44 457 39 74 60
44 184 40 50 45
44 664 36 64 41
908 595 57 64 58
908 120 91 96 94
908 63 10 59 55
908 557 93 96 94
908 774 82 94 86
459 560 28 54 54
459 877 58 68 61
459 388 67 96 90
459 276 54 98 81
459 617 20 40 40
459 905 75 84 76
184 427 57 87 83
184 118 60 73 71
184 408 36 72 65
184 208 47 89 79
184 287 79 96 89
184 176 93 98 98
45 398 21 43 30
45 354 86 100 95
398 63 47 50 50
398 842 11 29 17
398 899 26 38 28
398 741 69 95 74
398 110 62 83 73
398 710 75 89 85
398 816 68 72 69
354 38 40 44 44
354 915 37 53 51
354 93 12 44 27
354 55 18 23 22
354 806 52 100 53
354 419 91 97 91
46 395 64 77 71
395 376 45 80 52
395 146 76 80 79
47 340 94 95 94
47 291 88 89 88
47 99 49 67 62
47 462 49 84 68
291 546 58 77 71
291 68 79 90 84
291 495 70 76 76
291 494 76 82 82
291 542 22 94 89
99 876 34 65 64
99 842 76 87 82
99 404 18 79 49
99 163 79 88 85
99 259 24 70 64
99 444 89 94 92
462 813 93 97 95
462 66 44 49 44
48 64 72 93 80
48 275 13 25 15
48 910 12 58 20
64 815 58 67 58
64 518 26 46 28
64 925 71 88 80
64 204 69 80 71
64 154 38 67 50
275 298 62 100 82
275 211 63 83 69
275 592 34 49 49
275 878 11 31 30
275 322 55 63 63
910 756 17 39 34
910 240 32 73 55
49 704 23 52 52
49 793 11 81 15
49 177 54 95 92
49 426 15 51 29
793 444 58 95 88
793 764 30 78 45
793 166 29 83 72
793 189 11 64 64
177 835 67 100 84
177 848 54 55 55
177 693 73 87 80
177 543 58 59 58
426 509 64 100 81
426 161 30 88 67
426 481 32 35 35
426 200 37 48 46
50 127 93 99 93
50 459 22 68 36
127 618 70 97 84
127 59 20 56 50
127 494 14 62 40
127 322 49 64 56
127 746 16 84 33
51 226 55 83 72
51 63 38 70 53
51 81 53 98 82
51 563 60 89 73
226 473 92 93 93
226 406 28 39 38
226 908 58 77 76
226 910 61 81 68
63 223 47 71 60
63 900 18 19 19
63 148 31 73 52
63 244 74 90 84
63 544 57 94 82
81 676 85 90 88
81 311 89 91 91
81 926 10 96 40
81 382 52 82 80
563 58 75 77 75
563 679 85 91 88
563 445 70 100 72
563 68 43 72 51
563 766 30 77 38
563 181 24 79 60
563 125 92 93 93
52 307 10 100 88
52 806 34 42 39
52 402 54 84 84
307 389 23 83 63
307 210 48 77 59
307 455 93 100 99
806 311 59 76 62
402 50 33 54 42
402 145 57 61 57
402 401 43 74 53
402 307 77 81 81
53 279 64 76 64
53 470 34 74 41
53 567 68 74 73
53 754 28 75 75
53 692 11 76 32
279 549 95 100 100
279 159 45 75 61
279 262 28 64 33
279 645 25 53 37
470 861 19 98 59
470 211 28 34 31
567 838 64 96 85
567 313 14 56 15
567 401 60 98 92
567 606 67 94 87
754 39 82 96 95
364 653 54 98 95
364 642 50 69 52
849 30 94 96 94
849 832 65 100 91
849 759 69 93 81
849 142 36 80 62
856 132 55 66 66
856 789 49 52 49
856 35 13 72 58
905 313 63 88 86
905 763 62 78 62
905 50 94 95 94
905 300 80 92 91
905 500 36 49 42
905 817 45 69 67
905 256 72 87 87
905 585 62 85 70
56 22 82 95 85
56 838 24 86 37
56 704 34 42 37
56 124 94 95 95
57 596 59 70 61
596 169 38 40 39
596 152 32 42 42
596 106 11 17 16
58 128 34 69 57
58 874 30 82 60
58 277 39 74 39
58 838 54 58 55
58 227 28 36 34
128 511 94 99 99
128 245 57 58 58
128 364 59 86 70
128 337 79 93 88
128 680 43 62 55
128 590 75 98 77
128 426 81 99 95
128 7 74 78 74
874 682 83 86 84
874 557 73 78 74
874 805 67 80 73
277 512 72 73 72
277 837 87 97 95
277 149 20 69 39
277 717 81 93 90
277 503 52 74 57
227 206 34 70 34
227 698 15 69 22
59 559 69 96 75
559 843 11 73 13
559 278 46 88 61
60 776 89 93 89
60 392 55 93 66
776 67 91 95 93
776 451 28 60 38
392 271 92 98 98
392 237 82 100 98
392 888 61 99 80
392 143 21 72 52
392 833 94 95 94
61 811 93 94 93
61 282 81 88 84
811 140 65 80 69
811 546 87 91 88
282 3 41 67 65
282 794 27 55 34
282 392 11 36 23
282 825 69 90 81
62 121 48 96 82
62 83 83 86 86
62 473 72 86 86
62 171 38 67 38
83 665 59 67 64
83 217 20 84 70
83 293 43 50 48
473 770 60 99 73
473 98 76 94 77
473 593 80 85 83
473 598 57 73 73
473 693 85 96 87
171 47 62 97 63
171 352 12 15 15
171 45 16 79 34
171 56 26 30 26
223 215 95 97 95
223 109 38 73 38
223 621 10 61 57
223 468 87 97 91
223 475 35 69 43
223 785 24 96 57
900 850 24 89 24
900 22 19 71 66
148 565 85 90 89
148 470 29 54 41
148 400 15 57 27
148 57 35 81 41
148 423 34 50 43
244 838 19 59 41
244 918 81 89 81
244 237 93 99 99
244 24 89 92 90
518 90 24 41 34
518 790 10 86 11
518 247 28 53 35
518 435 93 97 97
518 832 74 80 76
518 331 41 68 65
518 929 80 89 80
518 111 89 91 89
204 136 83 100 97
204 584 90 99 90
204 658 88 93 93
154 653 13 32 16
154 820 88 94 89
154 188 57 99 93
65 423 92 94 92
423 612 59 93 84
423 698 84 98 91
423 703 17 28 22
423 207 15 57 47
66 727 73 84 77
66 498 81 90 83
66 756 27 94 46
66 181 49 82 80
66 313 47 88 67
727 512 93 100 93
727 44 76 100 93
727 861 54 64 64
727 201 59 62 61
727 845 83 92 88
756 775 13 23 16
756 429 73 86 78
756 762 84 94 87
756 17 74 77 77
756 602 44 62 48
181 198 21 90 75
181 791 34 83 62
181 681 36 50 48
181 648 44 70 62
313 655 44 77 66
67 487 21 90 50
67 287 76 82 81
67 171 25 62 29
287 541 83 97 83
287 210 28 72 46
68 258 50 62 61
68 420 67 78 75
258 435 59 90 70
420 38 13 42 34
420 454 92 94 93
420 537 52 68 64
420 713 79 95 87
420 555 13 27 13
420 711 31 37 32
69 741 35 62 49
69 467 59 81 61
69 838 60 68 61
69 719 47 55 49
741 537 24 87 51
741 544 17 81 44
741 887 94 95 95
741 789 33 46 34
741 564 71 75 71
741 876 87 92 89
741 362 21 47 35
741 715 41 55 47
741 687 18 69 26
741 555 39 87 66
741 810 66 100 87
467 536 69 85 72
467 737 33 43 42
719 489 24 28 24
719 474 94 95 95
719 99 20 58 48
70 589 95 97 97
70 128 78 80 79
70 79 67 69 68
70 108 91 96 92
70 456 83 96 88
70 555 20 40 28
589 122 79 100 84
589 620 52 86 52
589 166 71 87 87
79 621 14 52 52
79 729 76 100 97
79 501 26 36 32
79 403 75 86 84
79 363 43 84 83
79 244 62 85 63
108 143 43 46 45
108 275 15 36 24
108 88 20 65 34
108 857 58 89 89
108 225 14 46 45
456 569 57 93 60
456 427 62 96 77
456 301 53 85 59
555 225 55 63 57
555 783 53 77 64
555 569 24 86 69
71 697 65 69 67
71 582 49 63 49
697 139 94 99 95
697 67 90 99 99
697 430 18 66 37
582 137 77 94 85
582 863 55 70 65
582 197 87 97 88
582 654 82 90 86
582 648 37 87 38
582 902 70 91 90
582 404 85 90 90
72 275 68 84 84
72 269 51 89 71
72 357 18 69 30
72 912 92 99 95
72 393 41 92 73
72 682 40 93 90
269 700 77 80 77
269 206 56 63 62
269 730 56 99 97
269 178 51 58 53
912 90 68 84 75
912 667 75 99 75
912 431 17 25 18
912 535 50 83 60
393 606 71 93 88
393 647 83 99 90
393 899 36 84 71
682 621 91 99 94
682 713 83 98 85
682 874 88 89 89
682 673 45 50 46
682 539 31 69 41
682 36 64 90 89
682 535 47 68 64
682 391 84 96 88
74 830 44 83 66
74 349 44 77 54
74 667 90 94 94
74 230 31 94 51
830 620 94 96 94
830 182 68 94 93
830 671 47 88 85
830 17 46 85 49
830 922 48 88 59
830 640 47 70 69
349 577 20 30 23
349 82 81 93 83
349 683 21 28 23
349 70 50 76 76
667 146 92 99 97
667 884 88 96 92
667 443 73 87 84
230 639 54 76 63
230 633 82 93 93
230 443 29 50 40
230 903 72 92 92
230 528 54 61 60
230 803 63 84 66
75 440 37 86 51
75 757 37 61 41
75 393 47 68 65
75 74 43 72 49
75 50 23 70 43
440 98 80 85 82
440 189 22 51 38
440 28 74 85 83
440 198 64 76 66
757 226 80 91 84
757 169 56 91 77
76 740 37 82 55
76 561 82 99 99
76 843 36 92 41
76 766 17 92 24
740 401 85 93 93
740 607 27 51 48
740 820 66 91 87
740 261 12 38 36
740 455 10 33 29
740 223 31 68 42
561 448 71 86 75
561 322 42 81 64
843 431 17 88 50
766 754 35 87 38
766 275 80 85 82
766 802 15 44 22
766 254 65 73 69
766 362 25 31 30
766 426 49 72 72
766 573 27 53 38
77 386 32 99 97
77 74 85 93 91
77 209 58 88 73
77 518 69 94 90
77 582 49 74 65
77 47 59 72 64
386 456 35 49 37
386 362 95 97 95
386 926 67 74 69
386 618 45 78 68
386 63 58 69 64
386 693 16 60 42
386 499 67 99 77
78 688 34 51 43
78 635 26 81 35
78 599 37 86 79
635 82 12 90 51
621 761 57 98 78
621 453 53 76 62
621 595 78 86 86
501 354 88 100 94
501 572 29 70 45
403 434 56 73 67
403 679 16 57 46
403 492 46 55 48
403 792 58 71 62
403 133 81 90 82
403 2 37 55 47
80 720 59 98 85
80 445 33 85 45
80 863 49 85 57
720 538 37 84 54
720 747 45 71 53
720 858 74 75 75
720 709 73 88 83
720 705 11 100 60
720 31 29 70 40
445 744 49 88 82
863 257 18 86 84
863 298 28 45 28
863 699 66 73 69
676 451 81 97 84
676 668 74 99 85
676 128 48 63 48
311 110 93 96 96
311 570 83 98 89
311 726 34 39 36
311 65 29 34 34
311 748 76 87 86
311 462 57 99 70
926 209 56 67 67
926 170 55 69 60
926 359 87 93 93
926 383 56 69 62
926 489 91 98 95
926 230 90 98 98
926 163 79 100 87
926 679 17 45 21
926 218 12 63 37
382 890 21 49 27
382 507 66 97 83
382 79 95 97 96
382 568 20 47 27
382 691 67 79 76
82 78 19 26 25
82 143 44 81 45
82 560 12 87 86
82 187 28 96 82
82 276 30 75 56
143 900 80 92 87
143 661 79 99 99
143 90 68 86 78
143 375 91 96 95
143 45 28 71 56
143 420 54 83 65
560 537 60 81 69
187 655 50 93 84
187 780 29 66 49
187 267 10 80 72
276 549 89 93 89
276 372 73 97 86
276 476 11 92 75
276 213 73 99 78
276 595 74 83 76
665 74 95 99 98
665 875 83 92 87
217 83 78 84 84
217 649 60 82 72
217 828 80 84 83
217 80 48 68 67
217 88 17 48 34
84 318 84 99 84
84 695 44 55 46
84 382 50 54 52
318 168 45 85 52
318 27 87 94 87
695 883 32 83 68
695 430 53 88 73
695 733 49 100 84
695 760 11 48 21
85 911 26 61 53
85 441 22 45 23
911 562 57 87 69
911 291 94 98 94
911 252 89 100 100
441 193 15 87 83
441 198 67 74 70
441 236 31 52 38
441 672 39 95 59
86 143 36 67 50
86 382 75 83 79
86 918 81 83 81
86 354 73 76 75
86 762 19 92 73
86 739 13 43 35
918 807 64 74 65
918 596 92 94 94
918 302 68 92 81
762 635 64 83 68
762 791 68 79 69
762 9 20 90 37
762 622 17 94 93
739 868 90 98 91
739 5 29 63 48
87 13 24 67 49
87 192 46 67 63
192 386 68 97 91
192 722 45 90 90
192 516 11 93 28
88 385 12 29 27
88 366 85 89 86
88 413 13 95 51
366 107 42 57 46
366 650 57 72 70
366 474 79 84 82
366 661 41 53 46
366 581 18 23 20
366 574 35 98 37
413 235 45 66 48
413 866 10 88 39
413 331 84 96 91
413 391 49 87 72
413 139 36 78 72
89 572 43 67 67
89 917 18 46 27
89 767 86 97 95
572 291 82 84 84
572 685 90 97 90
572 758 69 95 71
917 22 41 58 45
917 752 61 92 76
767 689 51 79 67
90 764 78 93 91
90 749 72 81 81
90 94 71 93 83
90 718 88 94 94
90 817 22 35 31
749 709 27 83 57
749 51 60 88 75
749 366 68 70 70
749 356 22 95 85
749 560 72 91 75
718 38 83 89 84
718 379 88 94 93
718 859 40 53 51
817 187 91 97 94
817 228 73 98 96
817 296 88 95 95
91 107 59 67 59
91 171 16 78 48
107 313 18 100 81
107 292 11 93 74
107 734 58 77 67
107 838 95 97 96
107 460 84 96 84
107 422 54 73 71
92 162 10 60 18
92 694 84 89 86
92 329 85 87 86
92 689 71 98 88
162 246 32 79 76
162 713 55 94 72
162 723 60 76 70
162 318 70 80 80
162 507 67 84 76
162 679 66 69 66
694 727 19 72 70
694 784 62 66 65
694 337 83 90 83
694 625 10 89 18
694 875 51 68 55
694 471 46 79 55
689 528 33 72 66
689 921 38 82 41
689 300 21 83 24
689 169 69 81 77
93 657 37 60 41
657 322 26 92 77
657 418 13 45 18
550 863 87 100 94
550 877 79 85 80
550 19 32 62 55
550 640 36 84 44
525 913 20 43 42
525 64 62 64 63
525 203 56 57 56
525 712 44 85 65
274 840 48 76 65
274 765 23 53 47
541 609 53 74 57
541 587 44 48 47
541 339 84 98 97
541 114 89 92 89
159 283 82 93 85
159 131 34 43 40
159 8 23 40 33
159 734 91 92 91
159 458 44 74 73
98 911 20 32 31
98 64 74 75 74
98 411 35 84 50
98 852 40 70 68
411 390 71 77 77
411 340 77 82 79
411 513 19 60 22
411 932 77 88 88
411 127 27 44 28
852 487 42 44 44
852 72 65 97 80
852 438 25 92 51
852 811 66 83 75
852 247 14 17 15
876 198 17 25 25
876 702 85 94 90
876 910 91 93 92
876 750 74 91 84
876 794 39 62 39
842 880 84 87 84
842 888 94 95 95
842 207 26 93 55
842 131 32 94 65
842 791 16 22 17
404 736 29 66 48
404 29 79 94 84
404 421 40 50 48
404 837 19 98 94
404 600 69 99 90
163 887 10 45 18
163 103 23 100 47
444 242 10 12 11
444 468 10 13 10
444 432 53 60 56
100 915 43 51 50
100 806 14 71 40
100 258 83 89 83
100 359 85 89 86
100 152 61 69 62
915 656 27 74 50
915 490 76 81 76
915 90 29 75 72
359 752 74 85 83
359 81 23 85 60
359 843 57 87 66
359 357 93 96 95
359 868 70 71 71
152 236 73 98 96
152 536 21 24 23
152 426 31 65 45
152 33 74 82 80
152 417 61 73 67
152 850 89 99 90
152 294 78 86 85
152 735 88 99 92
101 487 13 34 33
101 48 93 99 97
101 630 11 54 36
101 163 54 83 69
630 473 58 60 60
630 737 23 80 64
630 422 51 69 69
102 60 65 81 67
102 821 25 40 40
102 217 36 79 45
102 385 91 95 93
102 161 61 81 80
102 498 23 34 26
821 727 62 68 62
821 930 48 56 50
821 518 50 98 85
821 324 58 66 65
821 878 63 97 86
821 182 25 95 25
821 13 78 100 93
161 226 86 91 88
103 924 70 89 72
103 470 82 91 84
103 487 85 91 85
103 565 69 79 71
104 368 19 76 40
104 20 83 85 83
104 135 46 75 58
104 435 34 73 36
104 878 95 100 100
368 858 43 75 53
368 798 33 58 44
368 287 54 82 56
368 692 43 53 48
368 909 82 98 97
135 653 55 86 60
435 819 53 75 57
435 150 81 85 85
435 79 33 34 34
878 142 67 82 77
878 880 46 66 46
105 681 88 94 92
105 468 10 49 36
105 113 12 33 18
105 695 62 89 64
105 293 88 90 88
105 594 41 62 43
105 897 91 95 93
105 534 57 90 80
105 341 56 58 56
105 623 35 59 47
681 747 26 75 55
681 632 46 58 53
681 0 76 81 79
681 244 62 67 67
681 141 93 100 95
681 505 75 86 86
468 52 90 95 91
468 576 53 88 61
113 878 44 49 47
113 110 67 73 67
113 732 83 88 84
594 765 12 43 18
594 175 11 65 37
594 640 90 96 90
534 87 18 26 21
534 733 55 75 73
534 696 46 59 48
341 466 18 52 44
341 39 12 28 21
341 226 63 98 82
341 678 52 56 55
341 721 67 87 87
623 341 49 88 85
623 446 94 98 95
106 569 87 90 87
106 475 68 93 85
569 265 41 60 57
475 33 47 68 65
475 648 25 98 52
475 182 64 86 66
475 200 55 63 59
292 928 69 87 81
734 649 25 38 35
734 415 85 90 87
460 562 90 95 93
422 590 92 93 92
422 369 50 89 58
422 328 72 90 90
422 603 65 88 66
225 782 75 93 90
225 19 47 56 49
225 195 24 74 72
225 904 29 91 74
225 486 18 78 49
109 786 93 97 93
109 627 28 85 58
109 869 69 80 80
109 5 91 96 95
109 768 66 83 70
109 931 41 43 43
786 879 60 74 66
786 146 47 59 56
786 82 10 36 27
786 404 37 62 47
786 499 22 35 33
627 884 56 85 61
627 285 90 95 92
627 696 35 94 51
869 581 58 80 73
869 882 28 96 60
931 292 90 97 97
931 255 58 63 63
931 29 53 62 62
110 389 16 98 31
110 536 88 100 90
110 380 18 91 81
110 590 71 97 94
389 231 22 40 37
389 896 95 97 96
389 43 81 100 81
389 428 25 66 36
536 112 39 69 43
536 333 88 100 97
536 801 74 85 76
536 185 79 98 86
536 371 69 100 75
536 28 75 96 83
380 660 62 92 85
380 264 71 74 71
380 350 23 38 34
380 907 93 95 94
590 561 18 44 19
590 862 32 52 42
590 374 15 53 16
590 508 34 62 40
590 713 34 72 68
111 795 12 58 16
111 768 23 53 39
111 405 89 99 90
111 427 89 98 92
795 106 39 87 59
795 259 41 78 48
795 522 75 80 75
795 677 24 40 29
795 25 29 83 66
405 129 26 42 27
405 641 92 98 97
405 914 84 94 85
405 627 80 83 82
405 458 46 47 46
405 448 54 65 64
405 877 18 86 60
405 487 20 45 36
405 83 30 67 67
427 14 72 99 86
112 575 66 71 66
112 285 35 37 35
112 830 56 76 76
575 623 76 77 76
575 581 92 97 97
575 479 50 65 60
575 158 71 74 72
575 648 87 93 93
285 23 59 73 66
285 824 12 70 57
285 892 69 100 81
732 533 79 81 80
732 429 10 99 83
732 196 50 78 67
732 169 65 79 72
732 172 48 49 48
732 854 77 79 78
732 668 73 86 76
732 447 64 67 67
497 343 27 73 73
497 490 91 100 96
497 641 11 54 12
497 92 36 84 44
497 426 54 71 58
629 543 25 45 30
629 731 78 97 96
115 228 66 87 76
115 299 15 89 15
115 779 95 97 97
228 717 26 56 48
228 325 48 64 50
228 518 48 56 55
228 611 58 82 75
228 544 27 47 27
228 98 10 37 37
228 658 54 61 54
299 227 94 98 95
299 656 69 74 74
779 390 82 88 85
779 117 73 78 78
779 112 71 95 86
779 202 77 83 83
116 262 14 71 15
116 257 64 69 64
116 869 64 68 67
116 683 34 41 34
116 284 44 69 45
262 579 23 79 67
262 671 75 100 84
262 410 78 100 99
262 546 67 88 70
262 134 61 73 64
262 900 86 90 86
262 901 88 100 90
117 664 20 92 32
117 204 80 97 88
118 840 66 87 66
118 52 50 85 75
118 303 73 76 75
118 682 40 54 45
840 755 84 90 88
840 57 37 70 69
840 270 70 83 81
840 157 14 71 65
840 457 76 77 77
840 115 63 73 69
840 888 43 94 63
303 731 10 68 43
303 458 14 96 69
303 673 10 62 59
303 64 58 60 60
303 271 77 96 94
381 869 24 91 63
381 249 46 83 46
381 401 19 32 32
381 588 65 90 79
893 719 94 95 95
893 73 81 100 92
893 382 33 50 36
893 862 86 92 87
893 649 89 90 90
477 203 59 73 68
597 865 30 83 40
597 804 70 74 70
213 458 10 57 37
213 864 48 85 83
909 185 80 90 85
909 106 12 70 56
909 270 19 34 19
909 888 63 85 66
909 743 63 90 69
909 854 11 16 16
655 913 90 96 91
655 342 64 99 94
655 429 93 100 100
655 721 73 95 75
655 372 92 94 92
655 856 44 96 53
655 386 40 58 55
317 573 68 80 68
317 268 30 86 77
317 490 28 51 34
317 140 93 97 95
317 397 87 88 88
778 833 57 95 92
778 776 24 71 37
778 221 90 92 92
778 663 15 19 17
351 400 94 99 94
351 856 15 52 23
542 691 93 99 96
542 593 74 99 78
542 337 64 66 64
542 330 93 100 94
542 99 17 41 22
891 581 27 63 36
891 903 86 93 88
891 648 28 37 33
828 271 65 88 79
828 744 49 92 91
828 648 72 76 73
828 587 66 89 84
744 770 91 94 92
744 667 85 98 88
744 12 41 69 55
744 257 19 76 46
744 861 38 60 44
298 412 60 89 64
298 8 67 71 70
298 63 75 76 76
494 477 51 98 59
494 72 20 66 50
494 121 30 53 32
494 53 10 16 13
746 387 42 90 68
746 183 57 82 73
746 595 31 47 40
746 924 21 75 49
511 772 40 47 40
511 103 41 96 92
511 370 71 89 72
511 425 77 91 90
245 319 53 90 73
245 881 82 88 86
245 417 66 67 67
337 797 59 75 63
337 367 75 79 77
337 19 51 69 67
680 128 78 97 92
129 201 20 54 54
129 410 93 100 96
201 665 84 86 85
201 36 25 74 39
201 427 77 94 91
201 555 68 81 76
201 137 38 78 44
201 532 79 99 87
201 767 24 31 31
130 802 89 93 93
130 282 39 84 49
802 593 60 87 76
802 229 84 92 85
802 226 59 100 75
802 452 60 86 64
802 410 57 77 68
802 496 76 78 77
802 435 12 35 17
802 58 14 98 57
131 94 54 98 77
131 344 95 96 96
344 407 26 27 27
344 754 16 77 50
344 112 29 97 80
344 153 93 100 95
132 462 56 58 57
133 50 64 87 79
134 482 46 63 61
134 527 35 91 50
134 503 62 77 75
134 520 85 98 93
482 113 90 92 90
482 22 61 92 67
527 611 21 73 60
527 379 60 95 66
503 267 67 81 73
503 760 70 94 81
653 551 93 100 96
653 792 83 86 86
653 705 13 81 32
653 774 94 98 97
136 679 85 87 87
136 92 19 24 24
679 465 71 98 98
679 555 46 71 69
679 100 25 93 79
137 430 90 100 96
137 678 17 34 19
137 860 57 93 75
430 332 94 99 98
430 462 37 45 38
430 184 60 66 65
678 169 35 89 61
678 356 10 35 30
678 68 53 60 58
678 10 58 59 59
678 403 58 85 63
860 317 87 90 87
860 924 74 100 93
626 274 75 83 75
626 154 95 98 96
626 396 18 98 78
626 370 39 67 55
626 464 63 95 71
626 713 40 56 44
626 910 26 35 35
626 51 60 62 60
139 728 74 82 78
139 654 48 99 71
139 318 46 68 65
139 65 58 99 83
139 393 23 98 42
654 294 40 83 70
654 529 21 84 71
654 411 48 74 59
654 740 81 85 85
654 342 87 92 88
654 424 21 80 30
654 734 86 95 92
140 23 74 84 79
140 615 26 62 43
140 688 39 64 41
140 771 31 43 36
140 667 46 72 60
771 471 23 39 38
771 278 61 90 80
771 34 68 78 69
771 321 51 63 52
771 343 71 81 78
771 169 72 95 88
771 172 33 53 36
141 49 82 91 90
141 523 28 81 35
141 662 22 30 24
141 232 34 71 36
523 280 12 83 30
523 625 68 99 76
523 537 41 62 57
523 615 57 59 58
523 387 75 100 87
662 619 94 97 95
142 146 44 88 80
142 789 52 57 57
142 516 17 79 66
142 138 95 100 98
142 18 94 96 94
142 872 74 94 76
146 881 77 82 80
146 846 38 46 43
146 287 18 40 30
789 724 38 69 66
789 618 25 72 72
789 244 70 92 90
516 381 25 49 37
516 273 33 94 51
516 895 66 87 85
516 409 46 47 47
872 243 51 55 55
872 572 54 93 56
144 816 62 82 69
144 673 39 53 53
144 677 17 99 67
816 489 38 62 46
816 336 40 96 91
673 698 95 100 96
673 873 68 94 77
673 394 36 48 47
673 97 37 70 62
673 373 10 23 11
677 222 35 73 62
677 200 47 76 73
677 211 23 35 35
145 589 77 90 77
145 177 43 91 74
881 357 39 44 43
881 740 61 78 72
881 849 80 82 82
881 251 17 86 18
881 539 81 93 87
846 266 77 88 82
846 517 26 55 40
846 664 62 85 83
846 170 52 97 58
147 94 29 78 46
147 113 62 93 81
147 421 91 100 98
421 263 11 62 53
421 142 38 45 45
421 893 31 79 79
421 123 76 91 78
421 565 80 87 81
400 522 18 67 43
400 63 80 95 80
149 331 52 71 64
149 262 70 77 74
149 302 68 100 80
149 573 95 97 95
149 909 95 100 99
149 82 22 94 67
331 432 84 94 92
331 891 41 52 50
331 625 69 99 96
331 458 82 88 85
331 856 41 67 47
331 534 75 79 77
302 198 45 48 46
302 711 86 99 98
302 538 39 82 82
573 866 89 97 92
573 741 87 91 89
573 270 71 95 73
573 799 85 96 91
573 323 93 94 94
573 629 63 69 69
573 804 51 100 91
150 443 71 96 79
443 665 79 89 83
443 91 24 53 32
443 246 24 94 93
236 722 34 58 50
417 860 91 95 94
417 349 76 92 82
417 599 60 92 69
417 47 31 78 36
417 181 10 20 16
850 190 24 98 73
850 838 28 68 35
294 717 39 64 39
294 458 40 55 44
294 755 42 81 66
294 793 24 79 27
294 796 67 89 72
294 97 30 67 60
294 844 55 86 57
735 482 85 92 90
735 688 78 96 94
735 611 48 92 59
735 22 74 95 76
735 564 51 100 57
735 795 87 98 90
153 741 39 60 41
153 372 75 89 79
153 801 22 41 28
153 92 61 69 69
153 766 25 33 27
372 908 83 96 95
372 723 46 91 89
372 161 50 56 54
801 110 77 81 77
801 929 58 89 69
188 588 16 20 19
188 411 16 78 49
188 471 78 80 79
155 465 24 51 48
155 774 45 67 59
155 790 94 97 96
155 744 22 56 34
465 478 18 55 54
465 649 46 67 59
465 475 11 61 55
465 660 70 86 79
774 205 36 47 43
790 489 95 96 96
790 362 16 21 21
790 101 31 73 40
790 702 14 27 27
790 627 67 94 92
156 591 16 56 31
156 740 10 98 10
156 828 46 100 75
156 25 39 61 40
591 883 26 68 49
591 687 95 99 98
591 795 15 89 69
591 906 56 59 58
591 513 49 62 54
591 529 66 98 96
591 568 82 99 91
591 144 33 42 38
157 398 16 18 17
158 519 17 56 23
158 732 40 98 58
158 79 11 31 31
519 119 77 97 89
519 49 18 64 26
519 95 17 99 32
283 490 32 79 71
283 679 80 95 84
283 797 62 64 64
283 434 55 58 58
160 570 32 51 48
160 446 58 89 60
160 39 38 58 38
570 83 28 84 71
446 185 60 83 83
446 63 26 77 27
446 461 34 63 60
246 626 50 77 66
246 288 65 90 74
246 32 94 100 95
246 339 85 92 90
246 250 11 99 63
246 870 23 38 36
713 434 39 78 40
713 207 12 52 16
713 253 63 92 86
713 880 26 54 52
723 500 65 88 78
723 205 59 63 59
723 236 40 73 62
723 118 30 70 66
723 35 28 98 66
723 371 82 84 84
723 795 34 85 72
723 326 79 94 80
723 283 95 98 97
507 59 85 88 85
507 65 63 91 71
887 668 16 41 38
887 790 32 90 83
887 666 95 98 98
164 854 24 76 27
164 309 77 95 81
164 234 27 69 63
164 648 77 88 84
164 673 29 40 33
854 648 57 100 70
854 187 78 99 90
309 98 37 81 46
309 366 22 79 49
309 93 59 99 62
309 664 53 82 78
309 148 85 88 86
309 865 92 96 92
234 552 25 82 33
234 902 18 85 49
234 398 12 40 21
234 244 16 44 43
648 534 37 98 79
648 129 43 71 47
648 710 47 62 50
165 215 47 100 80
165 198 62 99 75
165 275 89 99 91
165 482 32 98 60
215 890 74 91 83
215 19 76 96 78
215 606 59 90 79
198 688 17 59 45
198 419 92 98 98
198 193 36 56 52
452 181 81 95 88
452 2 39 58 47
452 715 67 86 84
452 362 73 84 82
452 291 49 91 72
167 14 57 59 59
167 68 70 71 70
167 568 28 33 33
568 406 23 67 29
168 842 30 41 39
168 53 84 88 87
168 595 31 75 43
168 932 29 46 36
168 459 14 39 14
168 194 93 100 95
168 587 66 87 77
168 732 71 83 74
595 225 86 97 91
595 841 62 68 68
595 861 60 80 71
595 92 23 54 40
595 556 90 99 97
595 262 73 81 79
595 924 21 57 36
194 38 81 87 83
194 807 53 99 55
194 175 61 90 65
194 355 26 46 41
587 17 14 77 65
587 454 82 89 82
587 14 69 83 79
587 235 23 83 40
587 522 24 65 44
169 515 58 64 60
169 41 51 91 79
169 630 14 43 40
169 300 11 36 28
300 341 70 74 70
300 235 31 42 39
300 237 83 98 84
300 912 31 37 37
170 351 54 84 76
170 45 63 91 91
170 256 46 79 60
256 737 71 86 72
256 885 36 78 43
256 434 74 93 85
256 381 55 64 58
352 835 63 81 64
352 858 34 89 36
352 742 68 89 84
352 253 30 61 45
352 425 72 98 89
352 365 41 44 44
172 854 43 93 69
172 84 84 96 95
172 756 38 48 46
172 225 77 97 85
173 403 55 87 57
174 361 35 43 42
174 436 93 99 99
361 906 47 80 62
361 405 44 65 51
361 247 59 95 71
361 376 48 94 70
436 860 52 92 73
436 262 64 73 65
436 422 64 83 76
436 871 80 91 84
175 456 50 72 64
175 483 35 63 42
175 387 68 82 77
175 207 41 65 49
483 175 94 96 94
483 301 48 79 60
387 178 58 62 59
387 793 47 85 77
387 512 12 43 24
387 363 79 91 80
207 240 42 95 89
207 269 95 98 97
207 865 10 34 29
207 483 29 47 29
207 751 29 69 35
207 159 55 68 57
207 856 86 93 88
176 879 22 79 53
176 175 49 80 62
176 36 86 95 88
835 255 28 87 55
835 152 10 28 11
835 164 34 43 34
835 612 63 66 66
848 635 75 82 77
848 819 88 90 90
848 536 76 90 76
848 100 18 78 49
848 294 67 92 76
848 553 65 71 67
848 583 24 80 41
693 723 48 87 84
693 9 30 51 47
693 14 46 70 50
693 764 41 53 50
693 342 33 88 68
543 787 43 74 48
543 694 54 79 75
543 595 52 79 61
543 344 70 75 71
543 87 77 94 81
178 365 60 89 78
178 494 46 95 57
178 184 49 52 50
178 116 81 83 81
178 787 49 75 70
365 692 54 71 71
365 849 77 84 83
365 688 58 69 67
365 474 48 86 79
787 665 79 89 81
787 900 64 99 92
179 12 43 84 81
179 224 52 60 59
179 595 38 67 54
179 246 48 82 60
224 622 67 84 79
224 137 16 98 22
224 854 20 79 34
180 637 42 59 53
182 608 20 26 24
182 765 63 99 91
182 664 30 91 85
182 220 58 97 90
182 513 62 87 75
608 264 37 93 79
608 489 62 77 64
765 536 84 94 91
765 373 88 99 96
765 836 66 99 77
765 808 44 74 55
220 197 41 83 83
513 816 17 48 42
183 292 43 93 56
183 547 81 82 81
183 348 55 80 58
183 410 24 88 31
183 301 80 89 86
348 890 63 66 66
348 776 33 58 52
348 568 34 86 40
348 804 59 60 59
348 259 16 100 19
348 35 17 27 24
348 836 68 77 70
348 463 56 67 59
301 25 77 91 78
301 285 27 79 79
301 363 69 94 73
408 783 21 78 73
408 785 39 52 39
408 708 13 57 41
408 578 35 53 47
408 884 71 92 92
408 208 24 30 29
208 255 34 94 45
208 306 57 98 91
208 839 84 88 88
208 243 66 95 80
208 814 26 73 52
208 250 57 90 60
208 905 85 91 91
208 636 63 80 68
185 821 83 95 83
185 576 30 70 67
185 776 52 87 81
185 499 36 65 50
185 854 64 83 80
185 35 46 59 59
576 594 86 95 90
576 34 66 87 83
576 194 61 100 93
576 710 27 43 28
499 586 47 92 65
186 650 12 90 50
186 643 39 47 44
186 20 24 36 28
186 464 47 73 65
186 424 41 76 59
650 393 59 93 74
650 516 76 99 93
650 802 30 67 47
650 431 74 89 76
650 210 60 80 74
650 65 21 22 22
780 555 92 95 94
780 888 45 89 74
780 307 64 68 64
780 111 73 86 85
780 729 72 82 75
780 768 62 91 89
267 672 70 72 72
267 349 23 79 28
588 730 51 84 80
588 709 22 77 34
471 766 49 95 55
471 49 63 93 64
471 356 41 61 41
471 78 52 82 56
189 1 92 93 93
189 298 44 93 93
190 104 23 71 36
190 298 22 74 51
190 835 39 50 40
191 61 11 34 29
191 715 11 50 20
191 452 70 87 74
193 599 89 100 99
193 123 48 93 92
807 35 34 93 72
807 158 15 40 30
807 469 12 79 78
355 286 95 100 95
355 374 72 85 76
355 267 37 48 48
355 153 93 100 94
229 319 44 90 87
229 493 91 96 93
229 451 50 68 63
788 400 89 94 91
788 388 94 98 96
788 373 61 84 70
788 723 55 64 59
196 228 56 75 61
196 104 54 99 67
196 143 49 65 62
197 692 94 95 94
197 194 76 79 78
197 490 40 95 42
197 727 42 82 69
490 393 84 90 90
490 786 82 100 95
419 904 23 87 43
419 914 28 42 29
419 675 45 57 56
419 816 75 95 83
419 644 48 90 72
199 359 85 93 93
199 477 82 86 86
199 354 12 31 12
199 764 77 100 84
200 69 23 31 31
532 403 40 97 41
532 443 40 42 41
532 325 11 66 42
202 833 80 93 86
202 840 38 42 39
202 513 86 91 90
202 764 39 94 71
833 331 50 97 75
833 623 70 99 80
833 602 31 37 35
833 328 25 64 59
833 819 45 80 58
833 932 61 82 70
203 146 23 98 84
203 709 45 99 91
203 857 13 21 20
709 582 17 63 22
709 29 28 50 33
584 716 28 100 48
584 887 61 92 63
584 523 85 90 88
658 396 79 95 95
658 10 23 31 28
658 763 59 99 79
658 563 19 42 31
205 375 82 90 85
205 893 10 41 13
205 461 87 88 87
205 678 95 97 95
205 741 87 88 88
205 930 51 94 54
205 352 25 46 35
205 744 59 89 74
461 392 11 34 22
461 436 19 69 64
461 190 32 86 86
206 636 64 87 75
206 867 42 49 45
206 673 31 57 38
206 428 36 50 49
206 301 54 70 62
206 322 47 50 50
636 265 43 81 79
636 502 41 54 49
636 692 64 71 64
636 834 26 83 66
636 644 46 74 47
867 126 88 92 89
867 550 67 91 70
867 551 66 69 67
867 820 41 65 55
867 191 20 59 52
428 923 40 99 98
428 859 66 91 76
428 493 69 92 69
428 13 12 95 45
428 611 67 77 68
865 924 62 86 73
865 650 27 83 43
865 528 38 46 39
865 608 22 67 22
865 522 13 35 17
751 210 35 41 37
255 56 16 55 31
255 719 34 54 41
306 787 15 99 20
306 467 84 96 96
306 253 87 96 87
306 461 80 96 81
306 17 66 85 71
839 33 32 91 77
839 210 56 62 57
839 83 19 58 46
839 770 48 52 48
243 444 45 94 73
243 160 79 94 91
243 184 26 95 37
243 852 85 97 88
243 712 95 96 96
243 15 18 97 43
814 603 65 67 65
814 95 56 67 64
814 602 16 54 47
250 312 61 89 73
250 930 21 84 54
250 317 44 64 44
250 397 23 77 37
333 671 95 98 97
333 602 27 96 50
333 876 14 51 25
374 272 73 93 80
374 184 44 58 51
374 319 71 88 85
374 872 81 99 87
374 913 35 65 40
374 801 64 80 70
714 102 11 26 19
210 110 41 76 52
211 877 63 72 69
211 677 39 72 41
211 637 58 85 82
211 593 12 73 20
211 931 19 30 22
877 215 16 38 27
877 17 21 23 22
877 745 53 93 59
877 94 28 46 38
212 706 87 95 93
212 50 62 94 66
212 591 39 40 40
212 361 51 95 61
864 630 82 83 82
864 94 81 88 82
864 917 81 100 81
864 710 71 96 83
214 456 11 28 24
214 756 75 100 86
214 594 70 79 74
890 772 59 69 64
890 121 40 92 79
890 875 58 62 59
606 131 37 59 43
606 804 62 81 76
606 239 75 90 88
606 311 57 75 62
606 363 78 99 87
606 187 15 25 25
606 128 59 66 60
606 164 38 60 54
216 655 22 80 23
649 49 49 59 52
649 404 21 84 36
649 819 41 49 47
218 439 72 76 72
218 818 31 95 79
218 410 42 70 61
218 219 24 60 58
218 177 19 49 24
218 431 11 24 24
218 561 34 88 65
439 626 31 84 41
439 399 88 92 89
439 530 76 87 76
439 579 86 94 94
439 33 36 72 57
818 865 91 94 92
818 199 61 74 62
818 25 66 68 67
219 461 46 53 46
219 395 90 98 98
219 438 94 95 94
219 914 12 36 35
219 490 40 85 42
219 758 17 86 44
431 442 93 96 94
431 153 57 92 69
438 630 63 68 65
758 189 94 100 96
758 798 50 100 52
758 431 92 95 95
758 143 93 96 96
758 883 73 78 78
758 888 49 80 60
221 437 20 89 36
437 640 66 80 68
437 722 84 95 85
437 572 73 92 80
437 545 66 78 69
437 58 66 75 67
222 582 23 98 73
222 212 42 59 54
785 673 61 80 65
785 566 52 95 89
785 830 90 98 96
782 509 30 91 75
782 51 67 77 75
782 890 63 79 70
782 488 90 91 91
486 525 86 89 88
486 520 85 92 91
406 588 10 58 13
406 897 39 69 50
406 39 35 44 41
406 728 48 88 80
717 104 59 82 82
717 126 43 89 80
717 891 62 87 80
717 578 76 81 81
717 220 34 35 35
717 607 32 47 40
717 245 50 90 58
325 656 21 39 28
325 904 81 93 85
325 290 16 44 21
325 631 12 20 20
325 77 94 98 98
325 113 43 57 55
319 134 20 50 44
319 431 86 91 87
451 581 27 37 32
451 200 10 88 85
451 110 66 77 74
451 173 58 62 62
451 860 16 22 19
639 261 22 44 33
639 179 27 33 27
639 95 65 99 98
639 135 53 100 59
639 851 23 27 27
639 424 87 99 98
633 191 23 94 94
633 154 24 89 32
633 645 62 99 70
633 143 41 72 70
633 695 86 98 86
633 435 77 89 84
633 757 61 68 62
903 239 53 87 61
903 706 83 99 87
528 294 21 71 61
528 355 44 85 80
231 491 92 93 92
231 437 35 85 38
231 811 17 46 44
491 834 20 39 35
491 3 73 82 74
491 901 47 92 77
491 388 33 68 66
343 474 27 51 43
343 632 89 100 89
343 899 30 60 43
644 92 74 90 87
644 196 67 83 70
644 160 11 86 11
644 517 52 97 75
644 271 90 95 91
644 586 69 94 84
233 459 76 84 77
233 529 36 99 80
233 478 11 47 41
233 301 16 86 40
529 477 88 96 91
529 740 40 76 63
478 174 33 71 57
478 687 32 37 34
552 191 69 100 85
552 749 63 75 64
552 2 56 65 56
235 327 78 85 83
235 474 84 92 85
474 620 93 95 93
474 466 20 33 26
474 925 30 80 74
474 708 46 59 58
474 781 77 96 77
474 403 46 48 47
237 211 59 64 62
237 912 52 68 62
237 697 13 72 60
237 300 21 32 32
237 862 38 66 64
238 88 31 53 47
238 55 71 91 82
238 892 28 58 57
892 828 20 71 31
892 793 23 52 35
892 604 24 25 24
892 556 92 95 93
239 317 65 100 65
239 646 54 97 57
239 899 21 45 43
239 490 56 91 83
239 109 67 90 78
239 44 25 27 27
239 755 41 52 44
239 55 76 98 96
239 546 65 87 76
646 164 80 88 81
646 375 53 81 54
646 466 11 87 24
755 63 80 88 88
755 557 80 84 84
755 241 11 51 25
755 696 51 96 95
755 841 27 79 33
546 301 14 73 49
546 32 25 49 42
241 283 86 95 88
241 23 63 76 67
241 567 72 100 94
242 54 52 53 52
242 813 46 99 69
242 403 80 91 89
242 616 48 74 71
242 738 75 89 84
813 309 76 84 82
813 731 35 62 59
813 709 22 29 25
616 896 88 90 88
616 175 76 82 82
616 327 24 35 29
616 777 19 66 37
738 676 15 79 47
738 748 35 81 63
738 165 46 88 58
738 314 86 91 87
738 669 67 100 82
712 382 62 78 73
712 613 56 59 57
712 374 23 45 29
712 749 30 76 76
712 367 68 69 69
288 275 86 98 93
288 364 25 43 27
288 488 63 95 85
288 820 19 59 56
339 574 68 88 88
339 710 54 58 56
339 433 60 77 76
339 415 21 48 21
339 485 77 95 77
248 246 71 79 71
248 238 80 93 88
248 776 93 96 95
248 433 40 76 62
248 237 58 79 79
433 733 39 44 42
249 77 76 85 79
249 345 79 92 84
249 759 11 95 64
249 630 45 96 69
345 923 46 88 78
345 169 52 93 60
345 794 16 79 22
345 612 77 85 80
345 206 76 77 77
312 265 63 79 77
312 204 76 82 78
312 335 42 55 52
397 146 74 83 74
397 301 53 98 61
397 658 81 90 87
397 222 59 69 61
251 540 29 78 43
251 515 79 93 79
251 378 78 81 78
540 251 20 40 23
540 706 23 65 47
540 572 68 80 68
540 280 66 97 84
540 576 89 96 91
540 829 63 79 68
540 69 36 100 83
708 473 29 40 29
708 701 29 93 61
253 219 48 71 68
253 135 88 92 90
253 14 89 97 94
254 102 39 83 44
254 621 82 93 84
254 114 87 99 99
254 296 50 74 73
296 643 49 79 79
296 263 89 98 89
296 927 41 43 43
737 336 17 77 19
737 522 32 48 37
737 432 83 93 85
737 23 78 86 84
737 637 86 88 88
737 438 89 98 98
737 412 68 84 69
885 509 43 79 70
885 27 71 83 79
885 781 34 61 52
434 875 51 52 52
434 697 61 62 62
434 257 19 27 22
434 60 71 73 73
434 335 15 60 26
260 183 30 92 73
260 531 36 100 73
260 313 74 97 89
260 753 64 70 69
260 5 40 57 44
260 687 92 99 98
531 453 45 60 57
531 814 22 24 24
531 718 81 85 84
531 790 10 66 12
531 799 75 83 77
687 8 64 74 67
687 662 21 46 35
687 322 34 76 73
261 356 76 80 80
261 435 54 55 54
261 647 15 28 27
261 825 41 88 81
356 320 33 47 42
356 204 66 84 72
356 267 41 53 47
356 643 34 47 39
647 237 80 83 82
671 532 82 86 84
671 182 90 97 92
671 34 77 99 94
671 729 54 77 64
671 55 17 39 39
901 709 15 77 34
901 885 20 67 40
263 498 38 73 57
263 861 69 88 82
263 758 87 96 95
861 648 69 96 92
861 824 20 44 37
861 738 40 99 45
264 765 93 94 94
264 742 54 65 62
264 464 57 93 69
264 30 76 97 95
264 341 83 86 86
264 190 87 92 89
264 919 57 83 78
264 715 36 45 40
742 259 58 75 71
742 834 43 49 45
742 772 84 88 84
742 669 54 77 76
742 368 33 42 35
742 548 19 63 52
742 451 41 90 42
919 327 76 80 79
919 560 94 99 99
919 392 12 64 53
919 449 19 40 20
672 437 85 91 87
672 383 57 89 73
672 757 81 100 99
672 232 54 56 55
268 81 86 88 86
268 930 68 90 87
268 397 82 83 82
268 249 56 79 79
268 335 33 93 60
268 500 89 93 91
268 220 92 97 93
268 305 92 100 93
335 410 69 93 86
335 781 40 74 72
335 274 45 54 52
335 369 39 77 41
500 23 12 67 66
500 350 23 85 27
305 485 72 82 82
305 430 92 97 95
305 699 87 96 92
305 793 28 63 62
700 867 69 73 72
700 207 12 18 17
700 553 82 86 83
700 39 41 74 59
700 745 18 81 80
730 97 31 41 32
730 914 16 86 44
730 264 73 95 82
270 87 34 39 34
271 337 76 82 82
271 920 63 89 71
271 902 52 84 83
920 493 83 89 84
920 673 31 59 45
920 104 92 94 94
272 303 45 63 62
272 734 82 90 88
272 354 49 51 50
272 547 83 98 85
272 735 42 49 46
272 633 14 70 37
272 71 11 25 19
272 124 75 90 81
273 570 43 60 48
273 502 49 85 83
273 872 42 87 79
549 530 92 96 94
549 923 89 99 92
512 932 74 81 77
512 563 17 87 40
837 712 67 88 71
837 289 84 87 84
837 642 19 96 91
837 396 86 98 93
837 636 93 97 96
278 130 85 96 91
645 49 28 93 56
280 39 16 21 20
280 60 89 98 92
281 643 12 43 37
281 98 44 45 44
281 541 94 96 96
794 567 72 77 74
797 469 52 70 53
797 98 30 99 66
797 410 79 98 92
797 56 55 78 76
797 226 60 76 68
797 54 66 84 74
797 878 40 88 43
797 434 69 80 79
797 898 76 81 78
286 877 17 32 28
286 703 84 100 96
703 727 45 100 51
703 66 18 32 18
488 404 46 85 61
488 740 17 58 54
488 368 65 83 83
289 642 34 46 36
289 168 95 100 97
642 633 45 52 51
642 207 53 98 84
642 268 16 69 64
642 123 16 23 16
290 525 74 100 90
928 811 15 16 15
928 227 85 86 86
928 83 87 93 91
928 888 79 83 82
928 574 25 44 41
928 734 89 91 91
928 678 16 56 54
928 571 84 95 91
928 479 17 72 63
796 49 34 72 72
796 356 95 100 97
796 720 15 55 21
796 504 67 81 76
844 242 59 64 60
844 193 88 89 88
295 705 24 68 38
295 144 24 37 31
705 459 78 88 84
705 399 73 92 84
705 495 19 77 21
705 221 48 84 61
705 733 20 66 31
705 573 21 31 28
927 115 84 97 88
927 502 39 47 47
927 788 75 82 80
927 233 65 70 70
927 263 81 85 83
297 906 28 85 85
297 4 87 92 90
297 817 21 57 50
297 706 23 46 29
412 779 10 32 29
656 413 88 89 89
656 127 56 57 56
656 101 50 51 50
656 303 38 86 50
656 579 77 90 80
656 856 32 63 59
711 221 58 80 62
711 162 87 88 87
711 894 93 97 95
538 352 24 72 52
538 539 22 37 34
538 554 28 31 31
538 27 85 88 87
731 416 87 92 89
731 326 61 83 70
304 868 59 64 63
868 101 84 96 93
868 827 38 78 56
868 507 95 97 97
868 201 26 57 37
868 413 92 98 92
868 509 24 37 32
485 624 75 92 84
485 275 27 28 28
699 628 22 29 26
455 439 13 70 37
455 358 62 88 85
455 467 42 86 77
455 223 70 91 79
455 330 88 91 89
455 219 70 94 89
455 718 26 64 50
308 908 15 57 35
308 729 42 100 97
308 85 48 85 77
748 502 94 95 95
748 236 51 61 55
314 883 95 96 95
314 253 42 71 45
314 61 84 93 90
314 145 50 98 69
883 57 26 37 31
315 801 80 89 89
315 519 64 71 66
315 660 25 58 49
315 50 17 19 18
315 646 56 76 62
315 820 16 71 55
316 887 73 79 77
316 542 89 97 95
316 189 82 93 82
316 733 46 60 54
733 390 34 89 81
320 739 60 94 61
320 477 30 69 51
320 104 84 100 92
320 801 18 44 37
320 501 57 63 60
320 71 40 52 45
882 36 46 99 77
882 889 23 100 95
882 602 73 76 75
882 645 36 65 45
882 292 93 98 93
326 388 25 41 41
326 676 48 64 59
326 459 26 31 31
326 817 24 26 26
326 801 54 91 88
326 905 75 99 83
326 451 73 100 84
326 82 19 38 21
388 216 88 93 89
388 931 82 99 91
388 768 56 69 69
388 468 48 97 50
388 210 78 83 79
388 418 30 45 42
472 475 60 65 60
472 216 64 75 65
472 253 48 51 50
472 481 73 91 83
472 434 50 71 64
472 265 46 57 56
472 275 62 86 75
792 16 64 86 76
792 630 74 99 94
792 80 39 98 97
369 400 86 97 88
369 108 49 95 86
369 283 76 83 79
369 515 26 96 87
330 244 73 96 95
330 441 86 99 94
330 751 25 92 58
330 320 54 74 66
330 106 61 95 86
432 761 12 45 25
432 142 76 84 78
432 641 92 98 97
332 292 33 67 53
332 744 25 74 64
332 752 47 55 54
332 506 41 43 41
332 125 70 82 71
332 360 54 92 63
332 692 87 92 90
332 858 67 89 72
332 753 59 92 80
752 577 79 88 87
752 211 31 35 33
752 291 91 99 99
752 531 12 100 22
752 546 24 49 43
752 414 25 92 43
752 251 46 70 54
752 676 85 95 95
858 85 12 43 13
858 571 91 95 92
602 826 73 88 73
602 729 39 49 49
602 872 16 42 42
602 383 43 98 53
602 676 42 60 50
334 655 25 97 25
781 741 66 82 75
781 753 39 48 42
781 325 84 97 97
781 148 11 27 13
781 157 12 83 18
781 120 90 98 93
781 275 70 80 72
781 637 89 91 91
781 366 90 94 92
336 318 11 96 24
336 886 88 97 89
336 740 69 89 80
336 121 95 100 95
336 25 34 85 51
336 114 79 81 81
336 785 22 74 59
336 807 75 86 76
367 467 90 97 93
367 236 20 86 37
338 309 32 41 32
338 110 22 43 32
415 240 66 67 67
415 682 89 93 91
466 429 83 88 88
466 102 17 49 48
466 835 69 86 85
721 638 36 51 43
721 172 62 69 66
721 448 93 100 95
342 465 93 99 94
342 13 75 97 94
342 288 34 58 58
342 161 33 58 40
632 769 58 95 74
632 36 71 86 72
632 189 29 69 58
632 151 38 55 42
632 63 62 69 66
632 462 36 73 45
632 566 74 85 79
632 676 17 19 19
407 472 80 82 82
407 863 63 89 74
407 452 31 51 43
923 464 69 81 71
923 155 68 90 76
923 362 91 100 95
923 4 58 70 59
612 922 80 87 86
612 889 91 94 93
612 538 35 62 60
612 741 79 80 80
612 435 89 93 89
612 539 78 86 81
612 609 32 93 77
346 276 19 50 22
346 219 42 66 50
346 810 78 92 88
810 495 21 66 43
810 362 44 99 49
347 184 68 96 92
347 242 95 96 96
347 519 61 67 65
836 631 94 100 97
836 467 59 87 67
836 688 13 86 72
836 38 21 100 67
463 429 16 68 24
463 425 67 87 75
350 627 44 62 51
350 199 57 91 57
350 81 59 94 92
350 308 54 93 61
425 333 62 95 73
353 624 37 50 47
353 840 77 80 77
353 81 72 98 90
624 526 46 73 55
624 257 65 74 70
624 630 29 94 54
358 323 44 60 47
358 674 81 99 91
358 397 23 73 57
358 385 90 93 92
358 125 80 83 82
548 579 56 58 56
548 450 76 95 95
376 97 81 98 82
376 651 62 96 81
376 826 20 48 46
376 733 69 76 74
376 282 16 18 17
362 919 27 56 27
362 852 62 100 74
581 267 54 71 70
581 190 42 49 42
581 182 25 70 44
581 771 80 95 89
798 551 60 100 87
798 154 81 91 85
798 602 49 57 52
370 182 20 46 44
370 301 22 72 38
371 856 86 95 94
371 357 43 85 85
371 830 25 76 36
371 922 58 79 60
373 202 14 76 46
373 165 32 69 49
373 731 51 84 72
373 7 88 93 92
913 13 15 53 34
913 344 41 49 49
913 862 84 88 84
913 471 90 91 90
651 664 23 67 28
651 263 47 72 57
651 785 23 32 25
651 158 30 93 59
651 99 14 71 50
651 427 45 52 51
826 399 90 91 90
826 766 51 57 53
826 249 77 96 85
826 552 42 49 42
377 442 85 89 86
377 907 14 19 18
377 673 60 84 74
377 698 59 92 70
442 421 95 99 97
442 266 70 90 75
442 51 62 68 67
442 528 58 63 60
907 399 22 47 47
907 917 48 70 49
907 158 55 71 60
379 664 73 83 76
379 725 56 66 59
379 801 16 54 33
725 843 81 96 93
725 892 27 63 61
725 628 18 46 34
401 301 74 82 81
401 729 11 54 48
691 645 23 47 42
691 423 58 90 72
691 820 87 92 88
384 184 27 96 92
418 429 25 84 60
418 812 46 61 50
896 403 57 98 60
896 630 48 65 59
896 268 39 86 66
390 639 31 43 41
390 872 43 79 54
390 584 34 85 48
390 911 45 77 62
390 380 49 54 50
391 332 40 41 40
391 218 51 80 71
391 744 87 89 87
391 354 66 76 68
391 764 32 56 42
394 764 36 85 48
394 731 29 61 33
394 712 68 89 72
394 238 55 81 61
396 505 77 89 89
396 106 38 51 50
396 889 46 92 88
505 865 79 97 96
505 515 70 93 75
505 274 18 74 52
505 774 50 97 89
889 171 45 100 57
889 769 49 96 59
889 208 73 98 82
889 901 62 82 72
889 31 80 88 80
399 315 65 80 75
399 543 14 47 15
399 586 38 41 38
586 872 29 67 29
586 158 53 87 58
586 433 75 78 78
586 204 49 67 51
522 480 38 89 72
522 331 78 79 79
522 79 69 89 78
522 726 35 58 52
492 185 39 54 51
492 41 74 80 74
492 421 64 78 75
736 124 10 13 12
600 570 90 91 90
600 215 52 73 65
600 761 55 59 55
600 608 83 96 89
600 197 75 90 90
600 714 11 81 65
600 789 11 44 12
448 191 85 97 95
448 325 36 72 66
448 44 77 88 87
448 218 23 94 86
783 852 71 84 74
783 799 61 80 76
783 703 39 66 62
783 914 45 52 46
783 709 10 61 49
783 548 51 97 80
783 330 79 90 87
578 543 82 93 91
578 875 29 89 81
884 310 25 85 77
884 511 47 51 51
884 483 35 38 38
884 368 48 75 58
884 118 81 86 85
884 246 93 99 99
884 23 80 93 88
409 361 36 42 39
409 377 86 87 86
409 420 17 97 58
409 917 86 88 86
409 552 79 98 85
409 723 63 82 67
409 882 27 44 39
409 522 57 98 69
866 402 81 96 86
866 705 65 75 65
416 5 44 51 51
416 777 67 82 68
416 174 29 30 30
416 846 35 56 39
416 331 25 53 26
416 890 13 27 19
429 444 55 57 57
429 856 48 68 66
429 440 22 29 27
429 188 77 99 91
429 669 10 21 15
812 1 95 98 97
812 555 49 74 61
812 271 11 91 79
812 7 11 63 54
812 60 78 84 80
812 676 57 74 62
812 864 57 59 58
454 229 16 62 43
454 674 78 84 84
454 61 60 63 62
454 55 15 83 21
454 867 62 83 68
537 264 41 70 68
537 744 22 31 22
603 839 34 88 80
509 480 70 87 87
509 557 17 55 51
481 46 63 79 78
481 505 87 94 90
859 15 72 99 77
859 248 65 74 70
859 289 18 90 54
669 751 13 82 20
669 775 46 93 48
669 914 43 77 56
669 0 66 97 85
669 245 42 49 47
761 832 16 92 25
761 94 60 80 80
761 404 74 94 85
761 150 75 91 76
761 130 58 71 63
875 431 47 64 54
875 816 71 90 83
819 619 17 27 26
819 163 41 60 57
871 667 82 93 91
871 702 62 88 86
640 318 73 81 78
640 444 48 50 49
640 465 69 73 72
640 397 88 92 90
640 679 36 99 55
545 690 92 98 98
545 633 35 75 45
545 587 75 88 82
545 120 85 92 88
530 644 63 78 75
530 927 84 98 97
530 836 18 67 27
530 329 33 56 50
447 121 56 87 65
447 3 18 43 33
447 423 28 79 33
447 30 87 99 92
447 334 43 66 58
447 554 47 59 52
447 54 19 20 19
447 680 42 70 45
447 751 20 36 29
554 843 10 91 35
554 145 26 44 28
554 291 68 90 76
554 387 30 40 35
554 86 48 74 73
554 245 53 60 56
449 695 57 92 59
449 599 92 98 93
449 417 42 56 55
449 422 51 99 62
449 395 33 56 54
479 609 17 56 27
479 394 22 73 37
614 437 64 99 87
614 337 77 82 79
614 487 37 55 46
617 683 24 72 32
617 284 43 68 45
617 734 68 96 92
617 397 68 89 78
617 132 16 93 34
598 212 43 99 46
609 668 15 17 15
609 446 56 65 60
609 645 13 35 34
484 917 58 65 60
484 290 42 99 65
489 923 86 87 87
489 15 69 75 69
489 625 72 92 87
489 473 34 45 44
489 106 52 68 65
489 504 76 90 88
504 881 93 97 94
504 393 16 89 49
504 751 42 95 72
834 187 24 78 58
834 723 49 95 59
834 148 71 76 72
834 181 10 50 49
775 639 70 75 73
775 271 58 94 81
775 893 33 69 48
775 821 70 79 70
775 567 51 92 55
496 603 11 27 15
496 734 40 87 65
496 790 94 97 97
496 183 14 80 63
496 255 45 79 53
496 794 22 23 22
760 833 20 89 84
760 444 19 100 35
760 520 94 100 94
508 208 73 87 78
508 580 11 52 49
508 542 86 87 87
580 85 53 74 60
580 412 43 57 45
580 700 34 62 45
580 930 56 80 73
557 843 71 93 79
557 783 69 83 82
557 858 52 89 77
510 511 13 83 61
510 255 46 73 56
510 588 32 89 89
772 110 85 99 98
772 794 91 96 96
772 78 81 98 98
772 847 40 88 80
514 616 41 96 77
514 919 67 94 71
514 407 51 72 68
895 252 49 62 49
895 135 49 92 82
895 317 94 96 94
895 136 24 73 45
895 603 62 97 73
517 234 55 81 61
517 254 39 98 83
517 836 17 54 34
517 121 74 89 81
832 739 54 84 82
832 185 63 87 70
832 698 90 94 94
832 544 22 99 45
832 731 77 89 89
521 52 90 93 93
521 744 23 97 61
521 363 19 83 62
526 334 48 59 58
526 342 52 99 82
526 899 75 86 75
526 161 16 44 17
526 782 90 91 91
526 298 65 70 68
799 474 60 65 63
799 42 77 79 78
799 25 57 64 64
696 228 24 88 39
696 622 88 98 90
696 796 15 80 46
535 803 94 96 94
535 548 18 31 31
535 3 67 70 68
535 605 42 100 92
535 769 41 67 43
535 818 37 62 51
605 115 86 100 90
605 37 18 23 22
769 912 52 53 53
769 111 78 99 88
539 689 95 96 95
539 52 60 90 69
539 302 25 28 28
539 112 12 94 17
539 180 87 88 87
539 660 26 92 89
829 565 18 76 26
690 593 18 91 25
690 512 41 57 50
690 447 87 97 90
690 531 67 84 78
690 1 61 66 61
551 746 89 100 90
551 297 92 95 92
551 333 33 49 42
551 778 41 72 50
553 477 72 88 75
553 264 55 89 76
553 698 81 91 84
553 811 47 64 56
553 587 62 65 62
553 675 90 97 97
558 142 69 80 71
564 418 53 64 57
564 575 92 96 92
564 252 19 83 25
564 83 34 62 46
702 147 60 65 64
702 89 95 100 99
853 492 75 82 80
853 304 38 56 38
853 469 68 94 94
571 499 94 99 95
571 488 94 96 95
571 930 33 80 42
571 574 40 42 40
571 874 92 98 96
571 112 21 59 31
571 660 65 84 73
571 491 30 84 58
571 152 17 76 27
571 365 69 100 86
571 578 89 99 89
685 137 41 52 49
685 739 92 94 93
685 906 14 72 70
583 925 18 70 58
583 643 10 83 14
583 894 56 97 56
585 698 38 78 43
585 713 51 59 55
823 798 47 88 70
823 51 71 75 75
823 194 69 86 80
823 446 37 53 44
823 347 95 96 96
823 766 52 99 70
823 123 61 92 65
823 205 17 45 22
604 665 38 47 42
604 265 49 88 50
604 626 92 96 94
607 410 56 80 56
607 577 49 63 57
607 448 55 96 70
607 1 71 90 83
607 842 93 96 94
668 674 22 91 26
668 30 66 94 69
668 761 26 52 37
610 442 37 39 38
610 863 81 99 87
610 742 92 94 93
610 137 27 44 32
610 120 39 50 47
613 57 23 48 47
613 227 12 69 51
613 932 11 12 11
613 490 19 55 28
613 230 28 88 39
613 340 91 95 94
628 932 81 90 88
628 272 72 88 77
628 771 38 59 53
628 931 70 92 82
628 852 52 53 52
628 390 64 94 72
634 399 61 81 63
634 666 86 93 86
634 907 87 98 96
634 703 22 46 45
666 157 46 62 62
666 103 66 99 70
666 421 17 38 19
666 52 17 27 23
638 195 23 43 27
638 759 76 77 76
638 802 85 99 93
638 892 52 85 60
638 489 90 96 96
851 386 87 96 92
851 163 47 77 49
652 572 37 52 46
652 383 83 90 90
652 516 55 92 67
659 765 48 76 72
659 239 73 79 77
663 607 11 75 13
663 73 76 85 81
663 365 58 93 68
663 313 64 67 65
663 906 63 96 95
663 824 43 84 84
747 180 43 91 43
747 896 93 94 94
747 4 39 47 41
684 29 59 83 60
684 414 67 98 98
684 508 54 59 55
684 716 23 35 34
684 588 94 99 99
921 75 44 100 55
784 686 66 77 71
784 674 39 75 55
784 860 25 27 27
745 275 34 75 59
745 345 51 84 66
745 686 52 96 52
745 898 91 98 95
701 665 38 39 38
701 133 30 43 39
701 668 30 51 42
701 599 62 93 70
707 811 74 97 77
707 509 20 44 38
707 463 27 67 37
707 553 43 70 49
707 854 51 69 56
880 1 58 83 65
880 526 72 92 75
880 726 32 48 42
880 288 49 59 50
880 405 21 64 38
880 540 91 100 91
880 371 84 92 87
724 661 61 87 71
724 264 49 72 58
724 178 74 87 81
724 447 78 90 89
845 561 63 73 73
743 356 46 96 77
743 185 22 85 74
743 708 56 66 62
743 241 92 94 92
898 320 95 96 95
898 546 10 23 17
898 734 50 70 52
898 804 34 66 56
898 236 45 47 46
808 236 86 88 86
808 300 10 13 10
808 297 58 60 59
808 81 25 52 34
847 914 73 95 95
847 122 25 49 33
773 138 62 80 78
773 300 16 29 23
773 602 54 97 63
773 281 21 85 61
800 697 37 95 81
800 124 74 88 80
809 89 92 95 95
809 649 79 95 90
809 212 93 95 93
809 546 47 72 52
809 209 11 71 31
809 512 67 98 83
809 919 15 63 48
822 302 61 92 86
822 264 70 80 77
822 301 88 89 89
827 70 17 94 93
855 741 39 42 42
855 81 37 39 38
855 388 42 79 63
855 296 84 88 88
916 448 67 97 79
916 608 28 93 36
916 342 57 65 63
0 932
