920 1408
0 154 31 85 37
0 407 75 91 76
0 504 60 94 74
0 620 32 77 54
154 237 87 90 88
154 128 63 71 68
154 313 12 35 21
504 676 61 93 90
504 692 80 92 86
504 799 52 97 82
1 473 22 96 70
473 434 82 99 95
473 624 94 95 94
2 143 21 77 26
2 798 76 92 90
143 421 65 91 82
798 655 42 44 42
3 5 10 98 91
3 284 41 72 64
5 609 42 70 51
5 133 12 43 26
5 917 57 74 69
284 845 60 97 87
284 737 50 66 56
284 498 51 87 83
4 238 55 75 70
238 359 78 100 88
238 356 84 85 85
133 111 26 32 31
133 124 50 70 53
133 227 90 100 100
917 442 82 99 93
6 684 69 85 78
684 404 39 71 65
7 580 15 35 29
7 873 16 62 25
580 776 45 79 69
873 183 83 88 85
8 442 38 39 38
442 332 93 100 97
9 245 31 38 37
9 874 93 97 97
11 588 83 98 91
588 60 17 96 62
588 379 88 91 90
588 577 64 98 68
12 821 38 71 39
13 862 78 79 79
13 350 38 100 68
13 835 15 84 33
862 296 62 87 63
862 635 19 22 21
835 610 35 53 41
835 131 84 93 88
14 555 71 83 71
555 325 30 69 42
15 852 11 80 52
852 314 11 81 66
17 881 94 96 94
881 669 21 27 26
18 413 31 51 47
19 505 77 84 82
505 44 20 62 26
505 54 74 78 77
20 753 13 29 28
20 526 75 91 82
753 323 21 83 58
753 543 35 46 43
526 793 22 80 50
526 896 92 100 97
21 273 25 74 30
21 119 48 68 59
273 451 67 95 95
273 396 39 98 50
273 541 69 75 75
273 177 78 86 82
22 816 39 86 80
816 437 41 86 61
816 65 24 34 33
816 503 67 80 79
25 818 19 90 85
25 618 11 93 55
818 266 52 63 55
618 345 92 98 98
26 575 76 99 90
27 229 90 91 91
229 875 53 83 61
28 93 78 89 87
28 273 45 57 55
93 648 89 93 92
93 424 43 92 70
29 328 18 86 37
29 298 77 83 82
298 282 76 90 87
298 607 73 79 77
30 851 26 44 34
851 84 46 79 63
851 511 64 75 68
851 119 23 75 30
851 543 31 38 36
34 38 67 94 91
34 290 52 59 59
38 180 17 50 19
38 2 93 98 96
38 726 14 80 65
38 734 29 82 72
290 747 20 26 23
290 828 41 81 78
290 362 33 37 33
290 234 15 33 25
35 357 40 49 40
357 560 15 62 47
357 629 37 85 65
357 809 29 61 60
36 913 64 68 64
36 654 73 84 77
36 608 65 89 71
36 298 28 33 32
36 123 77 96 83
913 373 90 99 94
654 742 38 79 43
608 737 33 88 38
37 390 87 90 89
37 434 82 99 85
390 270 48 69 58
434 483 55 74 55
180 641 59 88 64
180 858 10 16 11
726 90 50 53 52
726 496 12 31 19
734 440 81 86 83
39 503 44 95 65
39 532 42 65 56
39 55 77 79 79
532 490 43 91 51
55 550 88 97 91
40 322 14 73 24
40 418 11 15 15
322 917 33 71 46
322 219 84 86 85
418 910 68 95 79
418 887 29 46 38
418 226 11 83 61
41 214 23 80 43
41 686 53 95 56
214 565 95 99 99
686 418 93 100 96
42 71 50 66 57
42 661 36 67 44
71 462 10 87 72
661 271 44 94 47
661 784 52 90 70
43 685 17 83 47
43 317 24 71 50
685 170 69 77 75
685 627 12 40 40
685 346 12 58 32
45 251 40 89 62
251 615 26 79 31
251 693 83 85 83
46 711 72 100 100
46 265 52 54 53
711 127 62 65 62
711 139 65 98 97
711 721 68 75 71
711 822 39 40 40
711 875 68 71 70
47 139 85 91 88
47 198 38 77 47
139 660 84 98 95
198 148 21 67 64
48 568 56 74 67
48 533 19 28 23
48 6 38 58 57
568 839 86 93 93
533 389 29 53 43
49 543 61 83 64
49 712 87 92 87
49 316 43 66 64
543 497 83 94 87
543 453 54 84 80
543 3 37 58 37
712 160 60 94 67
712 734 49 85 66
712 766 11 45 11
316 37 53 62 56
316 734 74 88 77
50 389 20 78 34
50 743 60 81 64
50 827 83 88 83
50 28 76 83 78
50 364 75 96 93
389 682 76 77 76
389 782 90 100 95
389 469 72 93 85
743 298 80 97 89
743 32 45 84 65
827 622 24 53 50
827 585 23 30 23
51 430 77 83 78
51 550 68 91 75
430 267 64 69 64
550 572 44 71 68
550 416 52 91 57
550 542 60 86 71
52 841 31 79 40
52 163 31 78 76
52 421 27 75 70
841 779 38 95 89
841 250 61 84 61
841 669 64 82 78
163 146 34 56 51
163 866 85 93 92
421 474 85 97 90
421 730 54 76 74
53 610 25 94 53
53 196 32 51 43
53 598 91 96 92
53 673 64 77 75
610 739 73 78 77
610 896 48 84 68
610 312 62 88 84
196 846 47 98 72
598 377 95 98 96
598 593 53 97 64
598 169 53 81 74
673 745 83 89 84
673 660 29 72 69
54 567 95 99 97
567 650 65 72 67
567 881 32 77 42
567 725 49 61 54
56 166 38 86 80
166 259 91 98 96
57 656 57 85 83
57 233 46 89 71
57 200 44 67 64
656 204 67 88 85
233 709 67 91 70
233 689 68 96 74
58 122 43 58 53
58 427 57 78 69
427 442 87 100 88
427 426 80 89 88
427 689 48 53 52
60 14 41 50 45
60 288 72 90 79
61 717 87 89 88
61 761 32 88 87
761 427 18 95 31
63 887 35 73 43
887 146 47 87 72
887 829 32 90 67
887 221 24 39 39
64 563 92 95 92
65 362 30 56 49
65 159 68 90 74
66 568 53 86 65
67 364 13 39 27
67 174 85 93 88
174 619 60 82 80
174 394 72 96 94
174 433 48 79 53
174 309 55 59 59
68 694 28 57 55
694 73 61 82 80
69 548 20 70 58
69 586 82 90 90
548 427 79 97 92
548 490 21 58 22
548 794 59 73 61
462 709 42 50 46
462 196 81 99 84
72 821 78 88 79
72 673 47 56 53
72 524 28 67 63
524 707 14 27 22
524 217 25 84 27
524 619 60 92 82
74 583 72 97 80
76 301 25 92 49
76 198 94 100 94
76 215 76 82 77
301 229 93 98 94
77 464 91 92 91
77 233 63 70 64
77 561 68 81 74
464 241 49 56 50
464 240 61 92 66
78 63 36 47 46
80 679 22 42 33
80 753 21 40 22
679 732 27 50 27
679 651 29 70 70
679 681 12 18 13
679 300 90 92 92
82 255 55 66 66
82 554 50 58 56
82 793 41 43 41
255 551 59 75 69
554 913 40 48 40
554 631 20 22 21
554 588 59 92 59
83 30 53 77 71
83 204 85 92 91
83 521 79 88 85
204 426 93 94 93
204 780 62 70 67
84 227 44 63 50
227 95 90 92 91
227 116 10 63 42
86 788 47 68 55
86 899 36 60 56
86 78 74 88 79
86 577 46 65 48
788 156 40 73 41
899 172 27 78 72
577 89 32 94 35
88 311 86 99 97
311 362 41 50 48
311 734 25 73 27
90 576 68 78 72
90 27 60 81 76
576 471 10 47 11
576 560 55 70 68
648 565 24 44 44
648 354 32 63 45
94 86 66 90 89
94 474 36 39 38
95 727 66 69 68
95 349 87 99 89
95 858 85 95 90
727 895 91 98 96
727 657 41 70 64
349 610 88 100 95
349 692 67 93 80
99 426 23 71 64
99 876 60 98 85
99 671 10 22 21
426 55 49 55 53
426 587 46 96 92
426 543 70 90 88
876 489 88 89 89
671 373 45 58 52
671 689 49 51 51
671 864 74 82 77
100 444 72 74 74
100 622 18 47 37
100 779 20 25 22
622 152 78 92 91
622 905 15 74 20
622 660 91 93 91
779 692 78 79 79
779 796 16 42 17
779 32 69 71 70
779 246 30 66 40
779 490 70 91 89
779 876 28 71 45
101 895 24 66 45
102 18 58 100 64
104 657 38 67 51
104 6 51 94 73
657 41 47 67 60
106 43 93 94 93
107 775 10 25 24
107 251 95 98 95
775 773 17 71 48
108 638 15 91 55
108 465 72 92 88
638 835 62 74 72
465 818 11 87 77
465 274 14 70 42
109 148 50 89 89
109 661 41 65 45
148 336 13 75 46
110 687 91 95 95
687 401 78 93 90
111 442 12 82 68
111 327 70 92 77
327 831 75 93 82
112 175 89 91 89
114 822 24 42 39
114 690 30 95 66
822 426 87 98 96
690 741 92 97 92
116 118 75 92 76
116 529 73 93 93
116 384 75 94 91
529 734 79 89 81
529 280 89 91 89
384 641 37 53 43
117 887 76 97 88
117 218 46 52 52
117 130 59 96 85
218 544 58 60 59
130 30 48 50 48
130 523 36 74 37
120 41 67 72 72
121 583 36 68 53
125 442 80 90 83
125 579 26 50 48
579 738 87 92 90
126 151 92 97 93
126 67 68 95 82
127 555 63 96 91
127 865 79 94 89
127 918 40 93 70
865 323 85 95 89
865 405 55 69 65
128 605 91 100 100
605 143 56 74 62
129 654 52 61 56
129 119 51 91 88
523 381 54 92 71
523 526 14 25 21
132 619 63 72 69
132 715 21 27 27
619 408 60 64 63
619 16 95 99 97
619 845 91 94 94
619 861 34 100 52
619 167 62 73 65
715 729 66 89 81
134 481 13 22 19
134 316 46 63 61
134 901 85 88 86
481 88 27 100 37
901 833 44 93 68
135 86 89 94 93
140 336 43 63 45
140 355 23 39 23
336 824 81 82 81
336 198 88 99 98
336 652 88 99 91
336 18 38 87 71
355 464 95 100 96
355 621 88 93 88
355 514 62 91 65
141 387 58 87 83
141 107 84 98 92
141 851 23 27 25
387 907 43 65 61
387 432 13 82 73
142 114 81 91 84
142 618 95 99 99
142 427 64 89 79
144 187 27 49 42
145 862 27 83 29
145 0 71 96 87
147 61 77 94 82
147 187 36 98 59
147 81 22 33 30
149 258 38 45 39
149 486 34 86 56
149 146 83 89 87
258 878 30 70 44
258 459 50 62 62
486 316 78 81 79
486 27 67 71 70
150 247 80 82 81
150 239 37 87 59
150 699 91 99 95
247 178 69 90 79
239 794 38 99 74
699 687 88 96 91
699 429 18 69 29
152 670 60 89 83
152 635 86 99 87
152 179 43 45 43
152 408 50 65 62
670 795 42 68 47
670 586 41 76 70
635 458 68 92 91
179 539 57 62 61
153 528 51 77 66
153 788 84 96 93
153 579 89 92 92
153 122 87 90 90
528 830 41 76 64
528 578 35 92 50
237 257 76 84 84
237 723 36 41 39
313 862 77 85 82
313 892 48 56 49
313 700 77 83 80
155 143 31 39 36
156 216 44 81 66
216 445 44 95 80
216 419 56 97 73
157 181 40 96 64
181 869 65 98 98
181 909 70 83 80
158 141 27 92 87
158 395 20 72 56
160 43 33 36 34
162 585 57 78 74
866 382 91 94 93
164 892 45 51 51
164 77 80 100 96
164 46 74 88 83
165 542 42 52 50
165 198 44 86 61
165 480 80 84 81
542 469 57 60 60
480 362 29 55 38
480 455 61 76 63
259 819 82 93 91
167 136 69 93 74
168 96 93 99 99
168 902 24 57 55
168 22 13 41 20
168 316 39 72 64
902 628 90 95 94
902 311 86 95 95
169 444 48 50 50
169 85 13 35 32
169 424 67 97 84
170 728 32 78 74
170 97 92 97 95
728 628 40 55 55
728 323 64 91 76
728 663 63 73 66
728 682 16 39 17
172 316 43 59 47
172 577 85 88 87
173 572 90 95 92
173 327 16 60 58
572 418 92 93 93
572 544 94 98 95
572 61 52 80 53
433 808 80 87 80
309 654 42 46 43
309 753 83 88 83
309 224 10 57 57
176 811 62 85 72
811 579 54 93 80
811 69 23 77 23
177 18 35 40 35
177 199 68 88 71
539 341 74 77 75
539 799 55 81 70
909 207 27 98 46
909 580 52 95 59
182 95 51 100 77
184 32 93 99 98
184 888 63 75 64
184 782 62 64 64
184 510 43 63 58
888 72 92 98 92
888 75 13 28 26
782 275 15 54 36
782 801 50 80 74
782 869 62 81 70
782 357 88 90 88
510 253 32 89 87
510 656 17 23 17
186 272 81 82 82
272 401 52 53 52
272 600 17 76 63
190 657 70 76 76
191 416 64 100 71
191 268 27 76 40
416 857 77 85 80
416 622 36 83 73
416 499 56 74 65
268 861 30 61 36
192 918 79 84 84
193 799 25 40 27
193 34 32 56 48
193 887 95 97 95
799 192 84 95 93
799 632 24 58 24
799 534 67 95 68
799 396 90 100 90
197 539 60 81 65
197 589 85 92 88
589 417 87 100 90
589 624 83 97 86
201 176 89 94 92
201 603 86 89 88
603 337 10 38 35
603 317 28 59 58
202 622 60 90 70
203 11 48 55 52
203 410 93 98 94
410 437 81 94 93
410 329 40 59 50
410 82 29 92 41
780 237 63 70 66
780 318 92 97 96
780 320 48 78 58
205 57 12 18 14
205 299 21 97 65
205 544 19 52 23
205 459 61 64 61
299 905 10 24 19
544 147 22 85 66
544 205 61 73 68
544 503 22 68 50
544 887 63 94 93
206 42 56 81 68
206 264 25 83 44
206 285 85 87 87
207 247 56 99 84
207 910 18 65 25
910 805 84 99 98
910 557 19 44 44
910 408 72 99 73
208 141 78 93 87
208 367 23 64 34
208 92 47 60 50
208 229 20 95 30
208 916 50 87 55
367 485 10 87 50
916 838 14 60 49
916 523 82 92 85
210 18 24 75 52
212 762 13 86 61
212 752 82 100 90
212 95 66 77 68
762 58 69 78 69
213 377 51 65 55
213 572 25 30 29
377 501 19 23 19
445 520 28 96 39
445 161 74 85 78
217 229 18 47 23
219 403 25 81 55
219 84 90 92 92
220 9 67 100 93
221 130 12 61 27
221 37 73 77 76
224 898 62 81 71
898 130 20 75 28
898 845 26 59 57
226 645 89 92 89
226 69 66 91 69
226 641 64 91 74
226 370 43 53 52
226 709 42 80 78
226 234 32 79 41
226 601 65 72 65
226 822 16 92 69
645 805 83 89 88
645 560 69 93 91
645 109 90 97 92
709 799 32 69 59
234 60 80 92 89
601 134 75 95 78
601 630 94 95 94
228 58 74 87 84
875 693 86 88 88
689 603 34 90 44
689 172 31 33 31
235 430 86 97 86
235 489 67 85 85
257 764 19 30 29
257 428 59 83 66
257 607 78 94 88
359 427 23 67 24
359 516 78 94 90
359 192 63 83 81
359 85 68 87 76
356 843 18 99 62
794 216 13 44 24
794 736 73 83 75
240 318 14 19 14
240 529 31 67 41
318 881 62 99 94
318 612 29 55 49
241 286 47 61 55
286 503 75 99 94
286 351 57 91 64
286 274 70 87 85
286 295 52 57 57
242 658 76 94 83
244 808 52 93 55
808 165 72 79 75
808 501 11 69 13
808 660 11 91 51
246 450 84 95 91
450 107 91 95 94
248 1 90 94 93
248 225 83 87 84
248 796 29 86 86
249 865 19 89 67
249 527 77 94 78
527 115 25 90 68
250 413 13 74 53
615 451 79 82 81
615 605 33 43 35
615 831 91 99 93
615 531 15 72 27
253 142 19 84 74
253 820 58 89 64
254 740 79 92 82
551 126 13 39 16
551 329 34 87 37
256 771 46 78 69
256 469 64 99 67
256 559 53 61 60
469 385 35 52 44
469 413 25 67 47
469 88 12 40 20
559 455 85 92 92
559 0 11 71 45
764 581 20 60 33
428 297 31 54 42
428 484 14 60 23
428 37 90 98 93
428 480 70 83 73
607 274 56 70 63
607 196 35 49 41
878 603 51 71 54
878 444 46 84 80
819 900 75 84 82
819 313 83 97 90
260 877 21 75 45
261 206 33 88 44
262 329 20 33 31
329 708 19 41 34
329 860 87 88 88
329 257 31 99 49
263 350 72 80 78
263 735 91 93 92
263 318 25 69 45
263 364 69 96 89
263 613 34 35 34
735 547 50 65 62
735 552 46 92 57
735 750 44 100 71
735 288 69 80 73
735 645 21 49 32
613 861 35 99 95
613 519 91 99 93
613 700 37 47 38
266 276 63 91 68
266 445 63 65 63
266 881 37 38 37
276 808 85 87 85
276 839 93 97 95
267 584 82 97 87
584 309 92 94 92
584 578 24 33 28
861 609 22 53 50
269 809 90 94 91
269 224 14 99 75
809 755 58 89 63
270 722 59 100 63
270 337 10 77 44
722 666 74 94 88
722 304 50 97 64
722 115 76 99 76
722 827 37 49 46
337 889 12 20 12
337 557 40 60 45
337 19 76 89 89
401 319 22 75 29
600 674 63 76 63
396 860 48 90 81
396 520 31 33 33
541 240 61 73 67
541 608 43 92 48
274 409 18 61 45
274 759 70 96 72
409 622 18 94 82
409 767 45 54 51
409 106 29 38 36
409 4 47 50 48
275 908 92 97 96
275 236 82 90 82
839 817 78 89 81
839 515 54 70 57
839 378 36 65 50
277 193 80 89 85
277 410 45 48 46
277 58 25 96 34
278 369 22 98 38
278 24 85 94 91
279 838 11 23 11
281 231 25 38 35
282 13 59 84 69
283 339 59 61 59
339 274 42 85 60
845 52 59 99 60
845 75 88 89 88
737 883 71 93 88
737 567 34 60 40
737 715 73 75 75
351 605 63 68 64
295 162 34 56 44
295 85 50 54 54
287 722 14 29 14
287 853 40 43 42
853 316 35 59 48
747 107 58 94 83
828 177 46 60 55
828 599 36 88 38
828 503 73 76 76
828 688 24 31 29
291 460 21 48 24
291 1 20 90 87
460 696 63 95 89
460 334 54 85 77
292 821 89 97 94
292 466 46 58 49
292 863 44 73 58
466 748 82 96 86
863 779 93 94 94
863 76 42 92 86
294 484 71 80 78
484 178 42 59 44
297 510 48 75 73
300 883 63 76 72
883 41 25 53 46
883 501 33 69 44
304 805 91 99 98
304 393 15 32 27
304 11 77 99 83
805 919 10 47 15
805 621 22 84 73
305 565 83 99 84
307 428 53 89 74
310 433 43 80 79
312 390 53 71 60
312 539 15 19 16
312 865 40 76 55
314 188 67 74 68
314 381 36 92 55
612 35 40 69 47
612 446 40 88 57
612 473 92 100 97
319 720 50 65 52
319 697 71 96 89
720 249 19 32 23
697 838 60 73 65
697 256 89 100 95
324 523 85 94 88
325 470 95 97 97
326 542 71 95 85
326 783 57 79 75
326 491 45 94 51
783 582 37 55 55
783 253 59 92 90
783 113 85 97 96
783 476 40 45 45
491 106 87 91 89
491 709 64 69 67
831 780 90 92 92
831 595 10 82 42
708 166 56 98 82
860 70 45 72 62
860 573 80 85 84
860 44 24 47 38
860 699 80 91 81
332 784 57 99 61
332 717 16 52 21
332 488 46 55 49
488 567 50 75 70
488 9 68 89 88
333 533 35 88 81
333 541 85 90 87
824 171 51 100 85
652 882 54 59 55
889 726 90 98 93
889 819 77 81 80
889 412 72 97 88
557 797 62 82 62
557 97 29 38 34
557 854 26 93 66
338 691 86 99 93
691 769 42 82 72
343 823 43 44 43
343 104 49 82 71
823 384 15 60 28
346 200 70 95 93
346 761 63 75 75
346 897 92 93 92
347 704 30 98 68
347 686 43 57 53
347 722 87 97 91
704 66 56 73 60
348 5 47 64 55
348 685 31 96 35
692 300 55 90 90
352 199 56 86 62
353 4 67 70 68
354 790 84 89 85
354 57 62 74 73
354 144 94 96 94
354 51 46 80 73
354 726 44 56 55
621 178 15 70 69
621 341 77 100 87
514 591 51 94 78
514 678 15 82 79
514 766 49 60 58
843 69 68 70 69
560 702 86 97 92
629 689 92 94 92
629 313 75 90 80
358 67 51 70 65
516 913 27 86 68
516 904 50 82 55
516 893 20 95 58
360 210 67 82 74
360 105 93 100 94
361 447 47 68 48
361 222 12 49 24
361 597 82 88 86
361 799 28 53 43
447 625 31 35 34
597 390 28 66 42
597 541 59 81 61
363 309 47 48 48
363 117 49 64 60
363 748 52 98 94
363 274 19 32 23
748 240 15 91 30
748 804 82 95 90
365 795 57 77 67
795 205 56 96 95
795 478 22 48 22
795 147 46 93 58
366 667 11 90 75
366 801 82 86 86
801 542 78 97 82
801 380 50 58 57
801 456 13 43 18
485 206 30 46 39
485 123 70 91 77
368 46 95 99 95
368 692 62 76 70
371 748 24 82 53
372 914 28 62 53
372 274 80 86 80
372 513 73 100 100
372 871 66 85 70
914 485 37 49 46
914 719 47 58 50
513 813 74 100 90
513 376 47 86 59
871 124 94 96 96
871 390 46 57 55
373 768 29 66 49
768 741 73 81 77
376 854 37 87 58
854 567 15 91 84
854 759 78 97 79
501 329 53 64 58
501 913 30 58 58
378 502 24 39 37
502 385 65 79 66
380 802 79 96 80
382 699 79 82 79
382 659 47 67 55
659 260 23 70 47
385 36 89 100 91
385 702 81 89 81
702 809 75 98 90
702 173 61 92 88
702 559 21 41 32
907 749 39 41 41
907 440 61 80 76
907 912 75 83 76
432 684 29 45 44
432 590 49 79 66
432 20 30 97 55
388 644 87 100 99
644 862 14 28 28
644 858 35 97 66
644 502 56 94 79
682 279 17 54 50
391 340 25 34 26
391 504 67 79 71
392 228 27 36 29
392 689 19 27 22
392 680 91 100 94
680 757 40 77 64
680 134 17 61 34
520 356 33 85 43
520 851 49 92 66
397 103 43 46 45
398 186 28 40 28
399 539 10 77 19
399 256 63 82 76
399 916 57 81 70
399 232 59 66 66
400 860 88 91 89
400 447 26 74 73
402 352 23 90 84
402 114 10 95 40
406 308 52 71 65
406 831 80 85 84
406 522 54 59 55
522 415 76 89 88
767 410 60 67 66
767 277 40 73 55
437 348 41 72 43
437 386 56 92 60
437 699 38 54 38
411 874 44 57 44
412 281 59 80 62
414 464 78 84 80
415 759 59 66 62
857 305 65 68 68
417 145 29 72 46
417 497 31 54 35
417 871 65 78 71
497 320 76 95 87
497 878 37 43 37
497 748 15 84 36
730 220 50 63 53
730 248 16 66 29
422 762 40 72 52
422 799 81 97 82
422 64 58 65 65
423 595 61 87 67
423 77 91 92 92
423 278 63 71 68
425 175 84 86 85
587 691 33 57 47
590 729 48 74 62
590 199 43 59 44
436 404 63 94 64
438 166 43 57 56
440 737 63 66 66
440 448 13 87 63
448 444 46 87 85
448 493 94 98 98
441 739 35 63 46
441 816 74 76 75
739 844 71 81 77
739 332 95 99 99
739 334 26 38 28
443 848 51 94 92
446 871 70 100 71
625 186 47 95 74
625 68 15 56 20
493 686 19 58 33
493 485 63 95 80
449 733 19 73 46
733 893 19 29 26
452 21 52 79 62
452 657 11 34 17
452 487 42 91 69
452 459 21 29 25
487 766 85 100 87
487 889 55 70 69
487 773 44 68 52
487 668 77 97 79
453 560 78 97 84
453 858 60 71 63
454 910 78 92 89
455 305 55 94 69
455 402 35 59 54
456 416 73 84 75
457 274 65 92 84
457 358 16 39 24
463 67 65 67 66
463 408 33 86 80
467 229 43 78 54
467 181 27 50 38
467 456 32 46 44
467 499 36 77 39
468 860 50 70 61
471 409 57 99 87
471 684 21 64 59
472 86 87 99 99
624 897 10 39 17
624 761 74 87 86
475 255 36 69 57
475 58 32 84 53
476 37 48 78 49
476 679 51 75 60
477 191 90 91 91
477 41 75 77 76
477 594 75 97 88
477 296 86 92 91
594 230 87 97 95
478 800 29 97 68
478 508 75 82 80
800 265 93 94 94
800 421 66 90 78
800 819 46 70 69
508 725 49 91 85
508 230 10 23 23
508 453 78 91 90
773 142 27 45 29
668 224 81 97 96
668 204 81 90 83
490 473 94 99 95
494 279 36 43 41
495 109 18 66 52
495 21 84 89 86
496 253 45 47 45
500 745 10 46 21
745 483 59 78 72
676 13 95 97 97
506 369 42 68 60
506 411 91 92 91
507 42 24 41 28
507 643 61 78 62
507 233 65 96 90
507 41 23 49 47
643 828 73 96 96
725 313 95 97 97
509 308 21 26 23
511 40 40 74 69
511 700 59 87 82
511 787 36 52 46
787 224 14 47 18
787 639 37 94 63
787 720 67 82 67
787 301 30 94 89
512 872 74 99 86
872 67 85 91 90
813 446 90 95 93
813 599 64 100 93
591 877 73 86 84
591 435 25 83 76
591 231 36 79 77
678 624 46 93 46
678 384 55 68 55
515 118 22 40 29
515 575 18 50 31
904 150 24 62 57
904 584 17 86 30
904 767 10 53 14
904 849 90 91 91
904 669 85 90 87
893 17 38 65 60
517 9 69 88 79
518 781 29 83 48
781 587 61 90 89
519 303 35 94 43
525 395 67 81 74
525 38 11 75 25
896 871 52 98 90
830 501 45 82 76
830 692 71 92 85
530 263 73 75 74
530 140 90 95 93
531 475 61 98 75
531 768 18 30 27
534 544 25 77 36
534 788 81 83 82
534 210 58 82 70
534 254 37 98 57
535 327 70 87 72
536 821 77 86 80
537 752 63 64 63
537 646 79 92 81
538 583 54 95 78
540 859 26 64 31
545 327 35 36 36
547 451 92 97 96
549 306 25 87 49
549 635 66 83 73
552 323 95 98 97
552 337 41 88 66
552 666 74 92 79
666 567 80 91 86
666 325 47 52 47
553 278 56 89 82
556 383 37 71 43
556 582 93 94 93
582 258 13 59 35
582 218 46 80 61
797 174 85 99 90
797 515 74 75 74
562 76 60 88 62
564 616 78 87 84
616 675 36 42 42
650 25 79 97 86
650 183 63 91 82
650 546 28 92 33
650 691 59 74 60
569 9 87 96 93
569 143 27 35 35
570 447 87 92 88
573 891 15 75 35
891 387 22 68 23
891 302 53 58 56
891 619 34 83 46
574 198 60 98 87
738 43 50 77 60
776 280 31 32 32
776 16 44 85 47
776 116 46 96 65
776 619 34 40 38
776 22 42 78 65
581 387 15 39 22
729 82 55 70 65
592 402 70 93 78
592 696 36 51 44
592 118 89 90 90
593 135 27 58 50
599 56 71 83 72
630 400 29 90 32
602 620 63 73 70
604 787 66 71 71
604 387 33 66 39
604 373 55 69 58
606 237 21 34 22
606 322 95 100 100
606 695 79 87 83
606 709 66 78 78
611 131 32 43 35
614 15 86 93 86
614 324 92 96 93
614 747 60 71 71
675 72 16 45 37
675 597 23 91 31
617 420 49 93 78
617 708 11 90 28
617 535 86 95 88
623 705 17 68 44
623 538 57 64 64
705 418 70 84 74
705 465 23 83 44
705 683 22 32 26
705 835 68 85 76
626 485 35 92 78
627 428 64 97 81
627 287 70 80 75
628 172 48 59 49
628 328 81 99 83
628 669 85 86 86
669 629 41 55 44
669 389 27 75 48
632 520 51 68 52
633 196 11 36 22
633 698 68 84 69
633 195 71 98 96
698 315 56 98 89
698 862 70 100 100
636 52 91 98 92
637 447 37 55 40
637 78 92 96 95
637 722 32 39 38
637 35 68 85 77
639 354 73 76 75
640 693 54 61 57
640 37 86 90 88
642 892 47 76 55
647 657 33 92 71
649 501 78 99 87
649 851 35 69 53
649 583 26 61 54
651 758 52 61 60
758 799 18 71 31
882 441 50 55 55
882 876 32 45 34
882 885 94 98 96
653 435 29 78 72
742 872 19 53 21
655 174 88 95 94
655 71 95 96 95
655 770 63 99 72
770 211 28 35 28
770 117 66 100 97
770 773 63 71 70
662 271 25 39 36
662 742 44 87 74
662 12 51 99 84
663 545 58 99 96
664 250 43 72 70
664 75 42 70 67
664 412 42 48 46
664 572 59 93 85
665 493 94 96 95
665 291 88 99 97
665 123 66 98 83
864 789 52 99 83
864 165 22 70 56
672 618 30 44 42
672 21 69 82 70
677 421 45 90 88
677 583 90 93 92
732 222 87 98 93
681 35 76 95 86
757 463 94 96 95
757 404 21 25 23
683 889 10 38 14
683 87 69 75 74
683 59 21 27 21
688 729 12 94 69
688 226 56 63 60
741 17 85 89 86
741 877 90 99 94
741 857 45 97 49
769 210 45 49 48
769 782 70 71 70
701 884 30 59 41
884 901 36 38 38
703 44 71 95 91
703 485 65 99 75
706 28 66 78 74
706 822 38 43 40
721 400 92 93 92
721 816 25 34 29
721 857 72 93 75
713 92 81 83 82
714 104 61 66 62
714 907 80 88 86
714 379 38 84 74
716 327 85 88 85
719 187 88 98 88
719 877 63 78 63
719 272 94 97 96
719 552 95 100 99
724 92 17 46 33
731 692 74 95 93
736 486 16 93 53
736 75 75 84 77
736 649 90 92 92
844 235 18 86 73
844 534 20 93 68
744 131 71 80 77
744 173 34 55 44
744 754 21 22 21
754 425 55 59 56
746 830 95 99 99
804 391 87 96 95
804 752 16 82 33
804 899 20 71 62
804 15 35 68 66
804 316 17 97 26
749 738 18 44 43
749 451 94 95 94
751 202 95 98 95
751 240 21 62 49
756 161 89 91 89
763 527 48 73 63
763 423 58 68 62
765 775 27 39 38
765 126 14 27 22
765 382 65 67 65
765 9 60 62 61
772 39 35 43 37
777 447 91 93 91
778 365 31 33 32
778 183 52 79 66
778 469 30 87 72
785 58 56 70 62
786 103 45 84 71
789 895 11 69 27
789 633 21 39 36
789 266 94 98 98
791 609 67 75 67
792 152 72 78 74
792 863 26 58 51
803 882 20 100 71
919 626 61 75 69
919 261 32 94 73
919 773 73 86 80
806 340 29 32 30
807 350 53 75 59
807 473 36 74 59
810 256 28 88 80
812 538 57 86 81
814 245 42 66 53
815 488 90 99 96
817 779 86 95 95
825 276 46 98 66
825 565 48 64 55
825 42 88 93 91
826 393 27 81 54
826 524 39 94 68
829 858 51 84 65
829 505 95 99 99
829 43 10 40 18
832 441 62 77 67
834 822 61 78 73
837 759 53 69 61
837 832 71 79 72
840 636 30 41 31
842 710 17 19 19
842 286 93 98 97
847 316 18 80 64
847 116 61 66 61
849 599 29 48 31
850 150 46 60 46
855 39 61 74 73
855 61 61 96 67
855 726 11 54 20
855 494 11 87 57
856 252 57 67 60
868 365 24 64 41
879 535 95 96 96
885 591 41 78 42
885 621 13 43 37
886 830 14 22 20
886 465 94 95 94
886 550 21 46 38
890 420 71 94 91
890 515 45 47 46
906 741 46 68 58
906 173 76 82 76
912 129 24 53 46
911 502 91 94 94
915 527 16 46 28
915 77 18 22 22
915 95 87 94 92
915 181 45 48 45
915 219 29 41 33
915 582 85 98 86
0 919
