444 1685
0 281 63 78 72
0 298 13 92 27
0 42 12 41 20
0 113 43 94 81
0 228 81 92 90
281 199 18 55 20
281 48 46 68 56
281 359 85 93 90
281 65 73 78 77
298 408 21 27 27
298 433 12 25 12
298 350 27 86 54
298 325 52 83 52
42 427 23 56 42
42 14 47 78 54
42 36 95 100 100
42 422 12 95 45
113 143 22 29 27
228 267 74 96 90
228 316 46 100 80
228 101 55 96 71
228 220 29 66 40
228 178 94 96 96
228 379 51 64 52
1 339 81 89 81
1 428 17 84 31
339 61 65 68 67
339 309 57 58 57
339 423 82 100 91
339 276 12 52 13
428 443 29 35 32
428 61 70 73 71
428 425 74 90 76
2 17 41 46 46
2 38 13 39 19
2 147 80 93 91
2 299 17 66 39
17 385 93 97 94
17 389 59 66 65
17 264 78 95 93
38 245 19 81 34
147 19 73 98 88
147 415 22 50 32
147 200 77 95 85
147 31 60 73 67
299 395 30 78 61
299 204 24 53 25
299 236 41 46 45
299 367 75 76 76
3 286 42 82 80
3 29 91 94 91
286 143 28 88 41
286 422 46 76 71
286 24 78 90 85
286 354 86 88 88
286 289 73 94 85
286 402 11 44 42
29 95 61 74 64
29 383 60 83 82
29 94 87 96 92
29 50 50 99 67
29 219 55 95 71
29 112 48 91 75
4 54 13 72 21
4 221 47 49 47
4 172 77 93 85
54 61 67 99 93
54 14 95 98 95
54 38 17 73 72
221 121 42 82 51
221 165 18 21 20
221 107 58 88 75
221 186 93 96 93
172 141 75 78 76
172 198 83 99 93
172 17 87 95 87
5 369 40 50 44
5 181 12 29 29
5 345 28 72 34
5 305 80 84 82
5 75 44 51 44
369 201 55 94 56
369 441 76 81 80
369 318 22 64 28
181 57 82 100 95
181 18 15 51 31
181 104 63 83 65
181 405 83 87 83
345 94 77 94 94
345 171 13 20 20
305 108 91 100 94
305 347 31 66 38
305 136 60 83 74
305 336 91 95 94
305 310 23 30 26
75 318 94 97 94
75 116 19 56 37
75 161 45 97 90
6 233 65 100 71
6 152 25 85 34
6 334 46 50 49
6 27 37 66 60
6 391 67 76 71
6 397 84 85 85
6 17 49 74 65
233 258 68 87 82
233 39 68 92 70
233 135 54 89 85
233 25 58 96 81
233 213 81 95 81
233 290 64 81 78
233 36 35 45 37
233 356 22 85 40
152 36 92 100 92
152 344 70 79 70
152 358 27 31 30
152 275 16 25 16
334 139 36 72 72
27 121 59 73 63
27 235 12 70 28
27 264 80 92 81
27 442 94 97 96
27 8 64 77 74
27 443 94 97 96
27 253 93 98 98
391 174 75 78 78
391 240 26 58 34
391 131 20 100 99
397 272 22 54 49
397 134 84 92 90
397 410 72 75 74
7 382 34 73 34
7 77 64 97 72
7 53 12 34 20
382 331 72 78 75
382 287 72 84 81
382 388 36 54 47
382 261 71 73 73
77 277 44 89 80
77 0 47 73 48
77 18 79 93 88
53 160 10 93 11
8 245 69 79 78
8 421 80 91 90
8 199 10 38 18
8 122 41 98 41
245 222 83 92 88
245 302 63 96 87
245 32 41 45 43
245 420 17 98 87
245 334 18 59 55
245 313 37 64 54
245 112 29 97 31
421 72 11 26 23
421 280 70 75 73
421 116 80 86 82
421 135 54 79 60
199 298 21 26 21
199 198 78 82 78
199 154 49 66 55
199 151 50 95 72
199 427 52 93 83
199 114 36 75 73
199 334 65 76 68
122 345 26 72 43
122 366 43 49 45
122 365 13 86 51
122 243 53 70 54
122 116 26 69 51
122 32 24 53 40
122 194 85 92 88
9 320 23 44 28
9 430 84 93 90
9 8 24 67 39
9 398 43 99 49
9 92 78 97 92
320 314 36 61 46
320 329 56 96 68
320 108 41 90 56
430 390 79 90 89
430 433 37 64 58
398 90 33 54 34
398 378 74 90 85
398 393 42 60 58
398 263 66 94 92
92 245 31 99 48
92 196 52 92 88
92 39 95 99 98
92 50 51 89 80
92 84 84 91 91
92 299 81 95 89
92 56 19 29 23
10 31 32 73 51
10 60 31 59 45
31 117 95 100 96
31 314 57 61 59
31 347 14 26 14
31 233 93 98 93
60 11 30 51 31
60 318 50 72 61
11 326 86 90 89
11 232 21 64 47
11 264 65 95 77
326 242 51 77 56
326 219 92 93 92
326 22 79 85 80
326 336 43 58 49
232 216 27 46 46
232 131 70 77 75
232 339 32 65 60
232 273 81 95 87
264 19 90 95 92
264 43 64 70 66
12 209 82 88 82
12 241 65 85 83
209 347 16 93 36
209 34 65 77 65
209 400 37 85 59
241 124 43 70 65
241 28 19 93 66
13 32 44 62 53
13 313 55 85 57
13 76 31 51 32
13 34 69 100 82
32 266 92 98 94
32 124 84 90 84
32 392 63 100 95
32 358 73 77 74
32 294 95 98 97
313 262 12 21 15
313 65 13 91 37
313 52 71 76 76
76 27 56 87 65
76 124 36 85 49
76 259 84 95 86
76 189 51 73 51
76 66 69 96 93
34 13 21 50 39
34 123 45 79 72
34 363 24 91 69
14 359 40 46 46
14 296 91 95 95
14 136 36 65 57
14 22 52 60 55
14 17 55 92 68
359 349 44 64 60
359 417 49 64 53
296 73 61 65 63
296 333 43 52 51
136 350 28 91 40
136 360 77 95 93
136 23 35 47 44
22 58 21 60 42
22 314 58 63 62
22 101 15 91 44
22 272 93 94 94
22 26 40 99 71
22 133 58 74 63
15 406 79 93 81
15 298 49 86 72
15 415 50 86 62
15 423 50 89 79
406 198 63 82 72
406 96 22 59 36
406 9 17 86 41
406 322 17 62 51
406 363 70 99 84
406 185 59 96 89
406 206 46 70 61
406 247 37 58 56
415 31 32 40 38
415 238 33 52 49
423 189 22 93 44
423 166 43 68 55
16 315 66 88 76
16 109 95 98 95
16 335 51 90 82
16 278 76 78 77
16 99 49 57 52
315 286 86 92 90
315 347 11 62 52
315 258 24 38 35
315 146 55 94 80
315 298 35 61 35
109 146 54 92 62
109 371 85 99 95
335 251 76 85 77
335 108 45 82 80
335 337 74 81 74
335 220 73 80 74
335 115 44 85 63
335 33 24 67 37
278 102 17 78 39
278 355 78 86 83
278 306 35 65 56
278 143 16 98 19
278 365 16 87 57
99 177 28 73 61
385 328 36 51 39
385 173 14 28 14
385 306 87 88 87
389 200 69 98 87
389 89 67 99 88
389 322 21 31 25
389 388 69 71 71
389 229 90 92 90
389 67 16 39 37
18 277 26 89 70
18 156 35 82 60
18 12 72 97 80
277 230 18 70 39
277 352 75 81 79
277 102 12 96 64
277 113 34 38 37
277 192 41 70 55
277 263 16 38 18
277 278 60 73 72
277 169 83 84 84
156 205 35 70 52
156 53 16 52 38
19 82 73 97 94
82 71 27 76 36
82 9 44 53 47
82 337 52 70 56
82 202 65 87 80
20 417 20 67 60
20 108 52 85 52
20 22 90 96 95
20 429 65 70 66
20 332 18 65 38
417 33 61 87 65
417 144 22 53 37
417 278 88 99 90
108 276 48 58 49
108 61 13 61 30
108 96 46 87 66
108 140 28 95 32
429 196 13 90 79
429 108 70 81 81
429 339 54 59 57
429 28 95 97 95
332 199 53 96 55
332 94 44 63 52
332 172 30 65 58
21 401 61 96 83
21 314 18 69 63
21 39 31 76 35
21 295 10 76 69
21 258 21 62 29
21 31 68 77 70
401 26 91 92 91
401 150 75 88 86
401 201 20 91 75
401 167 38 60 60
401 87 17 54 21
401 27 67 78 75
401 249 93 98 98
314 10 62 97 82
314 128 75 86 77
314 112 61 80 65
314 266 49 55 49
314 224 11 99 69
39 48 15 70 39
39 218 25 70 40
39 294 94 96 94
39 130 66 80 69
39 408 86 87 86
295 428 89 99 99
258 285 52 99 74
258 312 29 97 92
258 190 22 81 78
58 222 63 99 75
58 392 57 95 62
58 4 58 84 73
58 24 68 83 74
101 143 93 96 94
101 305 70 87 87
101 98 50 89 72
101 250 36 72 64
101 260 67 75 67
272 348 53 80 61
26 120 20 76 52
26 350 85 95 95
26 20 10 68 61
133 90 67 69 69
133 388 51 57 57
133 193 90 100 97
133 213 71 94 86
133 8 35 60 48
23 99 41 94 58
23 46 59 92 79
46 243 17 76 59
46 2 44 77 63
46 312 90 97 94
24 82 87 99 89
24 144 47 49 48
24 26 52 92 91
24 358 56 82 65
24 257 72 83 83
144 99 74 80 78
144 421 49 89 73
144 204 51 71 64
358 204 58 86 59
358 101 70 98 86
257 198 69 98 89
257 88 25 70 32
25 205 52 97 89
25 56 67 87 84
205 256 15 32 32
56 17 92 100 98
56 208 33 48 46
56 152 37 65 51
120 191 41 94 82
120 72 47 81 57
350 392 17 62 42
350 100 84 88 86
350 122 15 50 27
350 264 50 84 57
121 362 67 72 68
121 163 79 90 86
121 78 93 94 94
121 443 33 57 36
235 180 22 24 24
235 300 51 80 55
235 69 17 67 62
442 363 20 72 70
442 187 89 94 93
442 52 29 52 39
443 253 45 46 46
443 126 25 46 46
443 415 77 90 88
253 263 34 89 61
253 97 46 82 68
253 66 91 93 91
253 412 32 57 52
253 438 87 88 87
28 86 82 100 99
28 256 80 92 81
28 229 49 94 93
86 331 31 97 34
86 237 69 98 89
86 13 15 90 79
86 438 61 93 88
256 26 51 65 58
256 365 58 85 83
256 123 50 68 50
256 335 68 78 75
256 348 55 84 56
229 38 42 48 44
229 47 53 68 62
229 354 29 40 40
229 393 29 94 58
95 346 17 41 27
95 438 62 82 67
95 4 94 96 95
383 217 52 91 76
383 254 49 81 58
94 162 26 41 40
219 159 48 67 61
219 344 59 89 87
219 332 80 100 94
219 335 57 63 61
112 241 72 99 75
112 98 78 82 81
30 327 53 62 55
30 443 69 99 72
30 255 27 67 35
30 324 65 69 65
30 288 28 47 39
30 167 83 87 84
327 279 12 45 17
327 114 38 41 39
327 401 85 96 93
255 92 60 78 69
324 390 29 93 45
324 113 95 100 95
324 180 14 42 14
324 89 44 80 74
324 228 36 51 41
288 253 82 98 96
288 302 18 91 55
288 5 92 100 100
288 153 18 45 23
288 26 28 84 84
288 178 53 100 90
288 131 28 87 69
167 373 38 95 88
167 414 29 39 34
167 394 37 77 48
117 74 81 88 84
117 359 51 86 56
347 257 46 75 52
347 356 57 97 93
347 434 84 100 85
266 107 10 65 28
266 278 58 95 73
266 428 19 20 20
266 65 51 77 72
266 0 31 93 89
392 290 18 23 21
392 411 31 57 45
392 365 89 96 92
392 69 91 100 100
392 329 44 86 72
392 425 25 86 50
294 440 53 98 62
294 411 52 63 56
294 277 93 99 97
294 145 66 69 66
294 291 59 92 67
294 311 32 46 42
33 239 28 48 30
33 233 26 66 57
33 411 25 44 31
239 262 23 62 58
239 316 78 83 79
411 199 84 90 89
411 181 69 90 72
411 177 36 62 44
411 18 84 87 86
411 36 28 85 72
411 212 12 47 21
123 419 49 75 62
363 139 77 95 88
363 5 63 73 72
363 257 32 45 34
363 282 51 59 55
35 173 43 59 53
35 226 18 48 36
35 230 54 63 60
35 148 72 76 72
35 347 90 98 92
35 201 93 95 93
173 283 62 87 74
226 404 69 76 76
226 146 44 56 55
226 73 64 85 67
226 432 22 58 48
226 216 52 90 59
230 345 91 100 94
230 247 70 85 85
230 426 50 56 56
230 168 15 43 18
230 271 83 92 83
230 118 44 56 44
230 296 55 59 57
148 139 33 54 33
148 275 16 27 20
148 31 86 94 87
148 269 62 91 90
148 408 22 59 29
148 324 32 33 33
148 274 20 21 20
201 158 31 32 31
201 160 72 100 92
201 120 19 63 20
36 230 37 74 51
36 382 92 97 92
37 273 65 87 79
37 405 63 72 65
37 412 40 48 47
37 366 20 58 27
273 78 63 83 72
273 130 78 89 86
273 131 11 19 17
405 109 10 65 48
405 225 63 82 80
412 135 35 43 39
412 441 79 86 85
412 284 38 72 64
366 79 86 90 90
48 108 37 62 53
218 190 61 69 67
218 385 63 75 75
218 407 39 79 77
130 240 61 79 62
130 274 67 77 67
130 323 59 99 82
130 172 41 97 55
130 203 92 95 92
408 15 35 69 45
408 279 41 55 41
408 151 27 97 34
408 249 73 96 82
408 412 66 85 73
408 210 29 65 29
40 173 43 57 44
40 419 53 97 63
40 19 59 95 91
40 56 85 88 85
40 252 41 57 51
40 259 24 72 54
419 271 34 74 57
419 158 74 91 89
419 268 47 57 50
419 321 71 75 71
419 28 66 100 70
252 39 11 61 17
252 182 94 99 99
252 17 51 81 56
252 101 63 91 87
259 275 93 98 94
259 154 53 70 61
259 85 74 86 74
259 77 16 20 18
41 154 92 100 100
41 371 16 75 70
41 151 86 95 87
41 287 88 91 91
154 293 69 70 70
154 150 77 78 78
154 30 90 93 93
154 267 94 100 99
154 279 56 79 77
154 34 75 81 75
154 352 89 90 90
371 202 76 96 92
371 227 57 97 79
371 210 87 96 96
151 102 67 73 73
151 147 58 80 58
151 420 22 93 80
427 443 80 89 80
427 297 70 99 98
427 264 35 58 40
427 227 31 34 33
427 303 77 78 77
427 371 91 93 93
427 128 16 87 52
427 171 86 93 89
422 159 19 87 19
422 330 53 98 90
422 147 91 92 92
422 414 63 94 94
43 53 39 76 45
43 97 40 85 45
43 34 73 97 82
43 30 46 92 56
97 288 32 100 68
97 116 12 38 20
44 99 50 66 52
44 300 85 92 88
44 9 48 50 48
300 53 60 83 68
300 101 78 97 84
300 425 88 95 95
300 237 53 57 57
300 104 37 42 40
45 323 36 51 36
45 177 60 97 62
45 128 84 85 84
45 233 59 68 64
323 65 30 75 61
323 94 24 51 50
323 395 26 55 31
323 282 44 95 65
323 67 48 92 78
177 155 52 78 62
177 168 38 91 40
177 149 74 78 76
177 128 26 66 29
177 151 35 95 49
177 91 58 92 87
128 237 60 91 85
128 224 42 87 47
128 299 34 48 46
128 344 18 67 37
243 378 68 83 75
243 416 13 68 55
243 308 64 76 73
243 437 80 84 83
243 438 37 88 46
312 219 94 100 99
312 227 50 100 58
47 358 80 99 86
47 38 36 44 40
47 191 14 45 41
47 211 17 99 43
191 416 72 90 77
191 60 59 63 60
211 412 25 92 40
211 121 70 81 70
211 154 27 99 61
211 380 20 64 45
211 336 82 95 84
211 418 79 87 82
211 351 29 34 32
49 438 73 100 98
49 45 20 21 21
438 262 48 71 62
51 256 61 97 81
51 150 59 77 60
51 424 16 28 19
51 24 40 49 47
150 216 89 97 90
424 321 95 99 99
52 326 65 83 82
52 101 18 95 90
52 419 80 84 80
52 14 90 92 90
52 433 93 96 96
433 247 53 92 53
433 269 12 69 59
433 125 61 92 92
433 138 90 98 91
433 104 82 95 83
433 10 41 81 48
160 317 23 43 38
160 83 56 82 58
160 324 49 78 51
160 92 29 31 30
160 224 35 46 46
61 6 14 22 18
61 180 75 83 83
61 401 37 45 40
61 262 32 55 55
61 156 83 100 96
61 306 40 79 60
55 121 32 51 47
55 255 11 48 14
55 198 84 91 85
55 9 50 79 56
55 328 21 91 83
55 428 74 88 78
198 78 90 100 100
198 38 66 72 69
328 200 52 91 62
328 176 59 83 76
328 232 23 96 58
328 23 34 70 36
208 219 59 80 78
208 289 39 57 39
208 172 25 84 53
208 118 88 96 89
57 218 19 44 33
57 34 75 86 80
57 379 55 63 62
57 90 57 65 57
379 199 71 85 80
379 323 23 85 72
379 371 31 68 58
379 205 68 69 69
379 204 43 99 56
379 348 62 68 66
90 357 14 17 16
90 277 65 72 69
90 195 17 73 58
90 133 82 96 87
222 155 62 67 67
222 406 56 81 75
222 133 32 72 61
222 227 81 93 85
222 93 93 97 94
59 169 93 95 94
169 66 15 35 24
318 330 81 98 92
318 254 25 83 79
318 241 73 89 75
318 23 50 80 58
318 210 86 92 90
180 126 79 99 98
180 381 16 67 45
180 56 47 77 64
180 45 35 68 57
180 19 33 83 52
180 323 57 65 64
180 151 67 91 88
180 30 91 96 95
262 402 59 81 72
262 153 61 98 71
262 253 88 90 90
262 80 72 94 75
306 398 21 53 47
62 163 91 92 92
62 380 39 40 39
62 28 25 28 25
163 211 54 92 72
163 261 54 90 82
163 93 30 52 39
163 429 54 55 55
163 366 64 72 72
380 433 18 33 28
380 370 37 72 58
380 422 15 38 20
63 308 42 73 69
63 293 90 97 96
63 62 24 94 28
63 192 38 86 81
63 370 87 89 88
293 210 55 69 66
293 76 22 60 34
293 67 78 90 80
192 243 57 89 76
192 386 69 79 76
192 400 57 67 58
370 36 74 88 78
370 168 26 63 35
370 169 57 97 73
65 182 91 92 91
65 269 25 98 27
65 253 60 93 76
65 358 26 85 74
182 350 50 98 97
182 424 43 52 43
182 201 61 84 83
182 397 47 61 51
182 403 46 84 65
269 338 74 87 76
269 107 80 97 91
269 305 20 72 41
269 233 86 100 92
269 105 58 96 79
66 202 62 96 91
66 333 93 97 96
66 304 93 100 99
66 303 78 79 79
66 130 11 42 37
202 241 37 75 53
202 246 35 45 44
202 407 60 63 63
202 436 50 100 54
304 172 24 33 29
304 306 76 78 77
304 58 72 97 81
304 203 80 82 81
304 113 89 99 96
303 426 62 79 69
67 128 13 61 60
67 427 10 25 22
67 106 16 80 68
67 301 14 79 27
67 158 37 88 43
106 296 37 72 46
106 170 21 42 33
106 352 68 75 72
106 46 12 43 43
301 247 15 32 17
158 75 67 83 72
158 150 43 95 90
68 17 63 75 67
68 200 14 87 57
200 33 20 84 68
200 273 91 94 94
200 46 74 84 80
200 65 15 32 15
69 179 36 87 61
69 102 32 72 46
179 201 67 87 79
179 217 45 74 74
179 238 83 96 84
179 387 56 97 58
179 161 52 98 75
102 319 95 99 97
102 143 47 72 66
102 337 33 95 59
102 121 92 100 95
70 241 75 91 87
70 6 61 93 84
71 301 69 94 87
71 45 66 78 76
71 295 75 88 86
71 354 38 55 41
354 150 91 94 94
354 395 69 72 71
354 103 72 75 72
354 104 80 92 82
72 197 45 57 57
72 132 13 58 48
72 245 60 79 77
72 405 42 79 60
72 207 16 59 50
197 323 14 64 59
197 115 46 57 47
132 241 87 93 89
132 167 15 51 25
132 435 71 81 77
132 432 28 48 48
132 316 88 89 88
132 88 62 86 82
207 15 16 22 19
207 10 14 55 34
207 53 35 86 42
207 194 45 98 51
207 66 41 64 62
207 267 35 98 47
207 11 18 44 19
207 370 24 61 31
73 307 45 60 59
73 167 60 67 61
73 5 26 91 67
307 202 19 80 73
307 239 51 91 63
307 320 81 97 93
307 279 16 55 38
307 190 77 86 79
74 123 48 79 77
74 347 37 76 41
74 258 91 98 98
74 285 58 68 63
285 251 39 56 55
285 69 68 78 74
285 116 45 93 52
285 4 83 98 87
116 435 35 81 68
116 62 43 51 46
116 114 79 97 88
116 380 85 96 88
116 165 94 95 94
161 75 25 93 31
161 365 35 48 40
189 199 82 83 83
189 127 95 99 99
189 164 69 77 73
189 24 91 92 92
78 203 30 65 34
78 253 85 89 87
78 140 24 33 27
78 236 75 92 76
78 11 78 97 80
78 43 33 55 48
78 327 25 67 46
203 342 16 80 41
203 352 93 96 93
203 202 19 66 63
140 229 72 82 75
140 223 61 86 62
140 46 88 90 89
236 159 37 60 56
236 41 61 69 65
236 426 19 51 24
79 207 79 94 89
79 424 64 98 97
80 11 38 51 51
80 404 18 48 24
404 21 21 81 24
404 246 74 94 84
404 362 27 56 30
404 423 19 70 32
404 41 34 93 90
81 419 67 82 75
81 355 62 86 86
355 185 11 23 11
355 49 54 56 55
355 57 62 79 69
337 393 85 88 87
337 252 83 97 88
337 76 37 38 38
83 261 25 82 57
83 1 22 96 56
83 421 94 99 94
261 209 86 95 94
261 259 28 33 31
84 194 49 79 56
84 372 71 100 90
84 13 68 98 68
84 106 66 78 78
84 219 73 88 84
84 89 14 34 33
84 337 53 62 61
194 311 18 28 28
372 73 60 81 79
372 349 80 96 94
372 165 35 56 54
89 4 81 96 90
89 430 12 86 43
89 170 65 100 67
85 211 30 85 41
85 292 79 100 84
292 387 33 98 94
292 322 94 95 94
292 213 57 93 73
292 169 81 85 84
292 86 27 30 28
292 410 62 82 69
331 257 47 94 47
331 77 72 86 79
331 149 47 52 48
331 241 75 81 79
237 37 14 19 17
237 248 41 82 81
237 425 32 84 36
237 156 29 96 31
237 160 18 55 37
87 162 76 79 79
87 292 82 93 84
87 15 65 85 76
162 199 42 86 61
162 261 73 98 80
162 163 21 56 53
88 257 11 37 16
88 229 71 95 95
88 215 51 76 58
88 305 57 70 70
88 361 94 96 95
215 369 46 54 47
215 435 91 98 97
215 7 72 99 73
215 248 77 84 83
215 381 88 95 88
215 438 80 97 81
361 394 37 39 38
361 31 71 95 84
361 196 83 96 93
361 285 11 47 27
170 294 82 93 93
170 218 66 93 71
170 205 11 99 98
357 275 17 47 29
357 137 38 68 41
357 45 50 69 57
357 433 80 83 82
357 91 47 73 57
357 294 90 99 98
195 101 92 93 93
91 211 11 57 34
91 443 57 60 60
91 289 34 82 49
91 314 90 93 92
91 171 74 81 80
289 411 85 94 85
289 110 95 98 98
289 210 28 38 28
289 367 85 88 87
289 89 30 62 58
196 366 93 95 94
93 10 54 97 89
93 4 93 99 96
93 48 43 83 56
346 34 49 69 56
346 434 57 60 57
346 170 77 78 78
96 29 54 100 98
96 198 68 96 80
96 330 30 69 67
96 165 39 75 56
330 363 25 27 26
330 436 69 74 72
330 96 28 60 50
330 220 92 98 96
330 222 56 92 64
330 63 25 90 43
330 339 49 71 63
330 102 56 71 71
330 215 72 99 86
330 277 27 97 71
165 416 38 69 44
165 16 37 44 42
165 190 84 93 86
165 262 91 96 94
165 134 76 93 80
165 240 74 90 79
98 200 65 71 65
98 374 88 96 96
98 304 35 65 65
98 81 71 90 90
98 398 49 51 51
98 216 80 93 80
374 412 42 97 59
216 386 44 98 46
216 26 18 70 53
100 96 41 55 54
143 190 46 95 94
250 276 44 70 52
250 169 48 53 52
250 186 11 81 72
250 158 91 95 92
260 43 75 80 77
260 399 55 85 82
260 265 73 88 75
260 197 29 100 66
260 66 76 95 81
319 395 43 100 57
319 7 36 67 58
319 209 51 62 61
319 424 90 97 95
103 12 13 63 22
103 375 86 91 86
103 231 94 99 94
103 214 26 38 31
103 333 17 47 37
375 322 66 72 67
231 197 93 100 99
214 1 81 95 93
214 344 84 97 88
214 349 21 43 36
104 70 70 100 79
104 340 24 58 24
104 165 15 27 17
340 359 52 77 55
340 355 16 55 50
340 411 25 93 67
340 155 30 100 72
340 348 59 99 60
340 158 51 80 76
105 56 23 28 23
105 379 16 35 23
105 93 22 28 25
105 97 68 73 68
105 255 90 99 97
352 223 45 93 82
107 281 34 47 36
107 16 12 60 45
276 382 94 97 94
276 193 54 61 57
146 217 79 97 80
146 76 95 99 95
146 107 18 82 61
146 389 24 60 42
146 329 42 83 82
110 164 22 51 22
110 131 42 89 56
110 324 35 46 35
164 71 49 69 65
164 46 66 87 74
164 176 22 43 36
164 277 71 98 91
131 425 55 86 83
131 376 20 26 26
131 33 34 51 48
131 21 48 91 90
131 261 74 95 86
131 11 85 86 86
111 311 86 87 86
311 30 64 78 74
311 298 49 65 60
114 231 31 85 74
114 409 12 17 13
114 185 26 100 93
114 143 87 90 89
114 37 76 79 77
114 387 67 69 68
114 74 56 97 75
409 307 16 63 63
185 213 30 59 54
185 73 63 71 70
387 392 51 94 94
387 167 28 89 40
387 439 12 57 52
387 175 68 72 69
387 205 35 86 75
115 18 61 97 72
115 67 30 54 54
115 9 81 86 82
115 181 62 79 77
115 123 49 91 73
435 92 22 100 68
435 200 61 83 70
435 353 65 86 76
118 52 67 77 68
119 187 19 88 81
119 409 60 66 63
187 255 26 83 42
187 436 76 91 76
187 369 37 92 87
362 96 64 67 67
365 363 14 19 19
365 168 50 97 78
125 69 43 72 68
126 275 52 78 52
126 102 40 78 68
126 41 11 100 94
126 180 91 92 91
126 403 58 74 59
126 211 53 57 57
275 89 55 73 67
275 425 14 51 24
275 248 65 97 69
275 77 83 99 92
275 366 48 68 67
403 211 35 68 42
403 158 91 92 91
403 413 41 87 51
127 414 45 53 46
127 133 51 73 64
127 424 10 55 28
414 363 59 83 82
414 369 69 73 69
414 126 27 95 83
414 61 83 87 84
414 313 60 94 72
414 336 82 86 84
224 221 45 74 47
344 340 88 89 89
344 43 80 83 83
344 124 73 89 80
129 142 74 94 91
129 179 19 42 39
129 163 22 47 40
129 12 43 68 60
129 245 80 90 84
129 228 93 95 93
129 113 46 71 66
129 216 70 90 74
129 404 90 100 91
142 367 22 77 56
142 57 37 78 67
142 300 37 57 53
142 113 94 95 94
240 413 43 63 56
240 291 16 80 45
240 102 70 90 80
240 41 75 95 83
240 235 75 91 88
240 174 27 68 63
274 364 94 97 96
274 93 59 92 79
274 410 12 35 14
274 133 61 99 98
274 347 65 76 75
274 105 30 64 57
274 71 14 58 47
274 349 56 67 63
274 419 50 87 51
425 427 28 36 30
425 367 12 14 12
425 33 80 92 92
376 181 38 76 61
376 230 74 76 75
376 278 89 99 92
376 331 12 51 31
376 76 56 77 60
376 311 62 64 63
432 92 19 25 22
432 29 61 81 65
432 22 94 98 94
316 275 67 73 67
316 121 16 80 43
316 111 10 73 25
316 388 50 74 74
316 31 50 52 52
316 128 36 42 42
316 5 83 94 85
388 337 14 30 27
388 362 81 92 84
388 305 57 66 58
388 158 81 98 91
193 378 67 69 68
213 45 79 82 80
213 198 12 31 16
213 285 32 82 79
213 111 89 96 89
213 303 87 93 89
213 13 78 95 93
213 182 91 98 92
213 377 75 89 85
213 121 20 27 26
213 232 27 86 31
134 239 95 96 95
134 324 71 100 88
134 216 64 79 79
134 325 43 88 66
134 205 67 90 77
134 297 47 75 65
325 180 91 100 99
325 170 34 66 50
325 302 68 82 70
325 434 39 84 48
297 272 32 48 39
297 147 65 81 80
297 259 38 72 63
297 96 57 93 66
135 431 65 80 66
135 251 28 59 33
135 276 28 75 41
431 187 28 39 36
431 335 39 98 40
431 360 23 50 24
431 377 41 86 42
431 219 73 82 82
431 71 60 63 61
251 15 29 51 36
360 237 20 79 42
360 323 95 99 97
137 146 18 30 30
137 9 49 65 63
137 84 51 100 81
138 64 37 99 87
138 340 22 99 69
138 394 46 99 98
394 278 73 83 79
139 58 33 81 79
223 344 65 84 77
223 262 26 77 50
223 274 82 86 86
223 407 55 72 59
223 284 75 91 89
223 354 34 51 49
141 267 88 94 94
141 331 49 84 61
141 80 37 95 76
141 404 25 65 49
141 374 79 95 92
141 436 49 93 84
267 68 55 89 65
267 189 25 61 49
436 278 76 87 84
436 281 54 91 79
436 102 78 96 81
436 313 79 100 89
436 202 85 96 90
436 154 26 40 38
367 401 46 56 54
367 441 18 51 35
367 178 36 77 68
367 0 16 99 85
367 341 89 93 89
367 176 61 82 78
367 397 82 86 85
190 176 15 40 32
190 20 64 94 85
190 22 85 99 86
190 193 16 32 21
190 172 41 73 59
204 98 65 84 76
204 273 38 74 73
204 172 94 97 97
204 425 46 55 51
204 434 38 61 54
204 46 66 86 80
204 267 89 98 93
145 138 67 69 67
145 81 39 69 49
145 267 19 76 20
145 422 40 93 40
145 163 68 73 73
145 136 80 86 80
145 286 72 98 86
217 33 42 69 68
217 384 23 100 64
217 129 25 87 67
217 204 83 100 88
217 144 41 61 52
329 322 58 60 58
329 77 27 73 63
329 162 24 52 33
329 166 30 87 46
149 79 55 92 67
420 332 38 68 60
420 207 26 81 52
420 105 57 96 80
420 270 61 67 67
420 242 10 36 36
420 38 70 71 71
420 116 85 89 86
420 281 29 61 38
420 406 65 85 70
153 410 16 65 57
153 240 41 42 42
153 381 71 91 77
153 70 70 75 72
153 134 58 61 58
410 79 59 94 61
410 233 14 76 76
381 122 37 46 37
381 173 16 82 76
381 321 21 72 52
381 57 18 28 23
381 366 35 51 39
381 61 42 64 64
381 332 58 66 61
279 428 44 61 48
279 193 27 98 41
279 390 38 40 40
279 217 36 55 40
279 150 62 95 71
279 16 28 43 34
279 337 64 72 67
279 102 85 100 87
279 282 19 46 25
279 213 88 100 100
155 363 54 60 56
155 426 31 82 50
155 300 56 59 57
155 56 26 73 38
155 120 39 52 46
426 96 66 75 74
157 440 51 56 56
157 7 50 97 90
157 124 83 99 88
440 89 35 43 36
440 392 17 87 31
159 402 62 73 62
159 191 59 85 66
159 171 68 87 73
159 313 43 62 47
159 26 49 76 53
402 279 81 96 94
402 339 37 39 37
402 413 62 83 63
402 324 73 97 74
402 399 85 96 91
402 78 69 82 73
317 333 39 51 46
317 73 37 62 50
317 222 77 78 78
317 170 66 92 78
317 263 51 56 56
317 221 45 76 74
317 295 72 76 74
176 147 23 64 33
176 249 68 81 76
176 440 56 88 77
176 134 58 99 69
176 237 51 74 55
416 98 31 93 69
416 159 83 88 84
416 141 43 58 45
416 134 43 57 52
416 293 51 77 51
416 125 37 46 43
416 441 17 55 50
166 424 41 58 57
166 139 64 65 65
373 89 79 80 79
283 286 10 13 11
283 288 60 95 91
283 338 19 33 20
174 407 49 97 74
174 405 74 94 85
174 430 66 79 76
174 66 52 95 90
407 246 85 96 96
407 16 41 94 42
407 5 88 94 88
407 73 80 81 81
407 197 89 94 92
407 149 69 78 69
175 54 55 92 70
249 99 74 82 78
249 253 86 89 89
178 292 77 96 85
178 7 38 68 67
178 400 53 68 61
400 415 86 91 88
400 68 12 17 13
400 23 36 80 54
400 156 48 78 55
238 350 75 81 77
238 341 24 95 64
183 278 75 91 78
183 226 66 91 91
183 306 84 100 88
183 227 42 68 59
183 26 27 59 49
183 137 35 82 61
183 222 88 95 90
183 245 71 99 83
183 323 91 94 91
183 17 16 27 23
183 363 72 91 78
227 383 89 100 99
227 229 89 97 95
227 187 39 74 50
227 324 69 84 76
227 396 79 81 81
184 432 33 79 79
184 151 54 74 73
184 16 27 84 40
184 13 14 70 67
186 87 24 82 43
186 9 39 47 42
186 190 66 96 69
186 278 45 49 46
186 6 68 90 77
186 365 90 92 91
186 324 79 97 96
188 91 83 95 92
188 376 25 56 37
188 390 65 66 65
188 162 54 99 83
188 227 68 91 78
390 377 30 36 31
390 54 52 56 55
390 253 33 54 37
390 292 43 58 43
390 112 23 42 23
390 50 83 92 92
390 272 41 69 66
386 175 95 98 97
386 351 19 66 50
386 111 30 59 56
386 48 47 57 48
386 252 84 86 84
386 314 43 58 45
378 85 18 85 67
378 167 92 95 93
378 27 26 64 28
378 120 18 53 51
246 52 22 38 29
246 71 89 91 90
342 26 45 85 72
342 129 71 85 77
342 172 94 95 95
342 353 15 89 80
342 0 70 77 73
434 332 43 91 50
434 398 65 66 66
434 376 64 97 89
434 125 25 75 36
206 109 78 90 89
206 420 39 100 72
206 414 94 100 98
206 366 67 68 68
210 115 29 59 33
210 375 92 96 96
210 61 55 86 73
210 307 65 90 79
210 218 93 98 95
210 381 43 57 46
210 435 49 84 76
336 308 24 79 56
336 17 31 85 52
336 96 90 93 92
336 187 38 69 50
418 221 43 78 74
418 29 19 75 24
418 77 63 88 83
418 97 14 89 58
351 192 29 73 53
351 21 38 62 56
212 316 19 70 29
212 405 15 59 19
212 167 54 80 71
377 350 34 53 38
377 113 47 98 63
377 12 69 72 71
377 277 20 78 69
377 179 73 77 74
349 196 32 91 66
349 57 69 98 97
349 149 62 83 67
349 410 91 92 92
248 396 61 71 68
248 283 42 97 52
248 178 55 80 70
248 145 92 97 93
248 171 32 51 33
248 55 64 85 65
384 383 71 80 71
384 259 47 69 59
384 119 74 85 79
384 346 72 76 75
220 180 85 93 85
220 357 76 81 78
220 44 56 85 83
284 313 46 93 50
284 332 79 80 80
225 302 24 62 35
225 111 52 91 85
225 29 52 55 55
302 325 83 93 87
302 253 50 91 73
302 355 88 96 90
302 301 36 52 41
302 103 59 97 85
302 389 95 98 95
396 109 51 55 52
396 128 25 54 38
396 299 73 86 84
396 418 68 86 86
393 13 35 44 35
393 189 45 78 69
393 435 57 92 67
393 253 71 80 80
393 190 73 90 79
393 97 21 96 88
247 233 28 96 49
247 25 21 78 63
247 296 11 15 15
247 432 48 63 55
271 100 82 86 83
271 39 53 86 75
271 195 60 97 88
271 201 68 77 74
271 269 14 95 20
290 138 82 99 99
290 40 16 26 17
290 305 34 79 42
290 322 12 75 59
356 5 14 27 23
356 97 50 62 54
356 434 65 100 98
234 55 57 64 61
234 186 61 96 95
234 142 37 90 65
234 347 65 80 66
234 106 71 82 79
341 337 43 64 54
341 412 33 61 59
341 293 79 97 80
413 364 82 94 86
413 147 38 50 41
413 181 52 54 54
413 94 15 99 71
413 310 29 91 42
291 68 27 73 29
291 385 39 98 98
291 261 81 83 83
291 200 58 78 64
291 230 21 62 52
242 237 38 80 70
242 52 93 95 94
242 401 15 50 38
437 371 59 81 74
244 57 57 81 77
244 155 57 78 73
244 424 71 94 92
244 206 30 45 44
244 422 84 100 97
263 392 61 70 63
263 339 48 70 53
263 55 59 61 61
254 428 51 85 85
254 331 85 92 90
254 146 27 88 66
254 385 18 47 32
254 37 69 96 77
348 84 44 69 61
348 431 27 81 77
348 379 45 84 62
348 54 75 90 90
348 424 48 85 68
348 289 48 82 69
348 341 28 56 48
348 62 89 92 89
399 53 68 94 93
265 225 40 84 41
265 384 37 74 70
268 388 93 100 100
268 227 30 97 48
268 8 90 92 90
268 255 90 97 92
268 318 55 75 73
338 353 90 93 93
338 315 89 96 92
338 314 54 85 66
270 28 31 87 36
270 63 44 68 60
270 378 10 81 55
270 15 41 88 68
364 130 45 62 48
282 150 71 79 72
282 377 55 95 61
282 226 13 98 98
282 206 28 70 49
282 47 20 83 60
280 232 43 100 99
280 314 67 89 85
280 52 86 91 89
322 283 26 95 71
322 75 82 90 89
322 8 67 87 76
322 426 80 96 85
395 212 77 88 78
395 307 48 81 56
395 365 74 91 84
395 371 29 37 36
310 239 89 99 90
310 185 68 87 72
310 181 10 20 11
310 333 16 91 16
309 200 28 51 34
309 179 15 83 67
309 394 68 70 69
309 260 32 71 69
309 5 35 94 90
321 148 27 37 35
321 380 43 72 65
353 85 69 95 89
353 140 89 90 89
353 236 68 77 77
353 315 34 60 53
343 388 65 68 65
343 162 53 74 61
343 403 25 76 71
343 0 12 54 53
441 107 23 28 23
441 47 54 76 71
368 139 82 91 83
368 414 38 99 59
368 55 72 81 79
439 320 10 47 34
439 142 86 100 87
439 111 89 97 91
439 390 55 69 58
0 443
