855 3329
0 260 92 99 93
0 347 60 66 63
0 394 89 99 93
0 622 91 93 91
0 309 60 100 75
260 294 32 98 64
260 76 85 98 94
260 432 64 68 65
260 450 70 90 72
260 452 65 70 70
347 300 21 63 24
347 344 13 78 30
347 205 23 71 39
347 778 24 95 27
347 327 37 91 56
394 677 44 55 44
394 511 74 80 74
622 679 25 86 25
622 175 47 76 53
622 27 72 84 75
622 777 64 67 64
622 688 93 100 97
309 246 51 65 56
309 79 60 64 63
309 391 32 44 42
309 147 69 91 85
309 230 51 84 80
309 407 29 67 39
309 283 73 84 76
1 608 46 83 67
1 87 71 88 76
1 305 42 52 44
608 297 85 94 88
608 733 71 74 74
608 605 77 99 80
608 638 63 91 69
608 536 49 88 49
87 760 27 32 31
87 152 70 92 76
87 255 63 68 64
87 510 10 71 15
305 849 81 83 82
305 493 22 89 79
305 295 77 98 82
305 170 75 89 83
2 835 48 81 62
2 183 10 97 81
2 369 52 89 81
2 318 66 84 80
2 188 47 77 55
835 527 52 95 64
835 682 78 89 80
835 620 67 89 69
183 693 82 94 85
369 575 31 72 59
369 28 77 96 78
369 734 24 56 33
369 290 77 87 85
369 242 67 83 72
369 220 41 59 49
318 821 73 74 73
318 272 38 98 66
318 447 79 88 87
318 739 37 63 37
318 19 26 71 53
318 808 15 92 41
188 728 11 59 35
188 59 94 99 94
188 373 18 92 86
188 779 34 56 38
3 567 60 100 81
567 439 11 100 92
567 686 85 87 87
567 126 33 57 33
567 247 33 47 45
567 201 85 89 89
4 544 81 89 88
4 89 91 95 95
4 85 86 99 96
544 559 22 71 64
544 677 20 42 32
544 187 32 51 43
89 486 47 80 55
89 349 29 38 36
89 13 62 79 71
85 165 66 94 71
85 831 88 90 90
85 684 95 99 99
85 192 84 99 87
85 418 92 93 92
5 400 22 29 29
5 593 62 99 78
400 411 41 69 43
400 50 10 95 57
400 333 24 25 25
400 646 82 83 82
400 805 37 43 41
593 197 37 57 41
593 100 84 86 86
593 243 65 91 70
593 136 40 69 44
6 568 77 78 77
6 216 79 86 80
6 40 95 100 100
6 462 82 94 82
568 271 63 67 66
568 272 11 63 32
568 268 45 79 63
568 243 29 57 33
216 116 87 97 95
216 135 68 77 71
216 599 55 61 61
216 45 58 88 73
216 40 62 99 73
216 695 22 34 32
40 389 90 100 99
40 322 61 70 65
462 821 32 79 33
462 115 93 96 95
462 533 11 84 41
462 530 86 91 87
462 645 71 95 77
7 428 56 68 58
7 102 32 86 38
7 122 32 76 59
7 510 16 76 56
7 793 88 93 93
7 846 46 75 68
7 612 77 84 77
428 136 47 76 55
428 100 11 75 24
102 284 83 98 97
102 153 79 91 86
102 636 14 17 14
510 145 33 87 70
510 677 24 50 47
793 279 46 79 55
793 497 71 78 71
793 449 15 61 52
793 767 78 87 82
846 843 13 53 22
846 463 40 87 70
846 794 69 91 70
846 612 69 87 80
612 191 82 93 83
612 9 57 73 63
612 781 42 89 53
8 227 86 87 86
8 677 86 94 87
8 571 77 89 79
8 664 47 96 81
8 626 92 100 97
8 231 64 99 72
227 698 67 90 86
227 109 77 83 82
227 145 15 41 40
227 208 82 88 83
227 724 86 92 91
677 849 41 76 74
677 419 41 45 42
677 296 53 82 68
571 798 41 80 65
571 791 36 98 87
664 13 54 79 55
664 260 25 57 36
664 170 29 85 75
664 402 21 89 27
626 446 87 90 89
626 546 71 88 87
231 614 54 78 74
231 516 80 89 84
231 304 59 68 68
231 520 83 100 86
231 793 33 96 46
231 707 80 88 82
9 12 73 85 83
9 748 71 83 81
12 231 45 67 58
12 837 27 44 32
12 725 95 97 97
12 425 41 74 64
12 168 32 85 60
748 116 47 51 51
748 576 56 73 67
748 108 42 53 51
748 459 71 94 78
10 101 46 57 51
10 698 72 76 76
10 144 86 95 95
10 591 53 79 75
10 54 85 94 92
10 615 25 39 34
101 714 84 88 87
101 108 51 85 78
101 35 77 85 83
101 4 89 91 89
698 430 34 61 44
698 5 39 70 64
698 288 51 82 69
698 588 87 95 89
698 654 52 60 60
144 357 58 70 63
144 711 91 96 95
144 364 83 87 87
144 654 52 67 62
144 817 36 39 36
144 95 83 97 95
591 636 82 98 96
591 733 27 65 55
591 224 31 52 37
591 611 51 95 84
591 846 66 88 82
54 774 88 100 99
54 425 52 70 57
54 491 26 77 38
615 95 83 97 84
615 446 54 91 86
615 581 32 55 37
11 657 24 79 53
11 728 52 70 63
11 339 24 87 77
657 603 87 90 90
657 206 34 88 50
728 88 27 43 38
728 51 82 100 100
728 463 20 31 21
728 337 76 83 83
728 243 73 87 87
339 620 32 72 43
837 534 89 91 89
837 544 86 93 90
837 197 50 66 51
725 823 43 66 66
725 606 75 85 77
725 709 15 76 17
425 554 86 96 88
425 102 74 82 77
425 419 31 50 31
425 146 30 69 65
425 333 68 90 69
425 506 58 94 84
168 691 75 98 95
168 723 75 87 82
13 58 87 91 89
13 666 84 89 85
13 176 87 89 87
58 596 91 93 92
58 455 47 68 52
58 456 57 65 57
666 252 22 48 33
666 98 50 67 67
666 826 53 72 59
666 244 11 53 48
176 181 36 83 50
176 805 64 72 70
176 429 83 94 84
14 442 51 80 65
14 49 20 23 20
14 130 35 40 35
14 72 38 40 39
442 509 54 94 75
442 122 22 51 30
442 119 28 69 51
442 505 69 74 69
49 539 80 89 87
49 358 22 55 34
130 447 65 93 87
130 299 41 67 56
72 421 45 66 52
72 765 17 48 21
72 96 53 92 63
72 17 23 87 28
72 638 68 84 82
72 297 23 100 90
72 163 46 74 66
15 211 93 95 94
15 198 80 86 83
15 846 71 88 83
211 797 23 49 23
211 538 74 79 79
211 126 92 96 93
198 519 23 24 24
16 794 84 91 88
16 6 25 86 85
16 185 38 57 49
16 138 54 61 55
16 463 69 78 74
794 610 90 100 100
794 746 57 98 82
794 432 23 76 45
794 80 37 74 72
794 301 44 57 55
794 231 48 93 84
794 505 19 74 28
185 148 35 84 54
185 811 13 52 37
185 668 26 85 82
138 847 80 85 81
138 387 85 91 85
138 363 78 80 79
138 66 56 100 75
138 583 74 96 74
463 851 69 71 69
463 413 76 87 76
463 625 11 29 25
17 850 52 64 61
17 250 71 98 94
17 672 88 94 92
17 848 10 54 19
850 757 93 95 93
850 621 83 89 86
250 497 12 87 75
250 755 14 70 41
250 249 29 69 30
250 773 54 72 66
672 481 88 95 94
672 582 31 88 73
672 706 35 78 52
672 334 55 66 57
672 781 66 92 79
848 762 73 79 74
848 217 56 89 65
848 82 93 96 95
848 3 82 97 84
848 503 77 80 80
18 322 46 61 49
18 542 44 95 61
18 700 64 78 71
18 666 70 76 74
18 441 83 91 85
322 685 39 60 42
542 199 94 97 95
542 651 29 75 59
542 245 88 100 99
542 94 79 84 83
700 59 40 72 58
700 524 38 45 39
700 488 82 84 82
441 128 91 98 94
441 449 71 96 84
441 23 54 98 80
441 209 76 82 80
441 185 50 88 82
441 30 20 98 20
441 842 90 94 92
20 79 59 84 81
79 698 48 72 60
79 699 17 26 21
79 577 67 80 78
79 619 66 95 89
79 592 30 47 44
21 818 76 98 85
21 172 76 80 77
818 180 78 89 85
818 711 59 81 78
818 125 34 56 46
818 834 92 97 94
818 776 18 53 46
172 181 51 52 51
172 777 92 96 93
172 386 56 78 74
22 458 33 36 34
22 666 15 96 90
22 85 65 70 69
22 314 82 89 85
22 805 70 93 80
22 775 34 91 42
22 146 36 41 41
22 293 88 99 93
458 783 19 48 39
458 507 91 94 91
458 539 25 59 54
314 602 30 99 39
314 547 16 59 41
805 847 33 57 55
805 570 43 94 56
775 311 87 97 92
146 515 10 77 42
293 311 66 94 83
293 323 95 96 96
293 531 47 90 83
293 709 45 56 46
293 2 49 76 76
293 297 32 68 60
293 195 63 98 63
23 91 58 74 60
23 146 73 87 78
91 143 61 89 83
91 764 68 84 82
91 699 48 79 51
24 326 67 83 83
24 49 25 83 35
24 733 43 59 45
326 830 11 13 13
326 748 75 92 77
326 812 59 65 64
326 637 78 83 79
733 716 76 94 83
733 107 85 95 91
733 237 60 74 63
733 74 10 28 16
25 496 11 36 31
25 622 41 55 50
25 588 39 94 65
25 106 39 40 39
496 215 30 84 60
496 371 44 62 51
496 585 67 72 71
496 629 40 100 77
496 271 88 98 97
588 385 62 88 67
588 611 50 100 72
588 234 45 97 80
588 802 61 78 66
106 720 29 88 41
106 649 87 95 94
106 411 83 98 96
106 539 31 93 37
106 287 22 44 23
106 303 30 58 57
106 392 53 88 75
26 44 57 95 77
26 451 58 92 87
44 778 84 96 86
44 720 17 78 31
44 807 72 84 74
44 629 16 18 17
44 658 90 97 93
44 632 36 52 39
451 83 23 89 88
451 790 51 79 56
27 592 56 59 57
27 211 91 99 95
27 187 62 82 73
27 742 13 32 30
27 189 76 97 81
592 395 27 68 43
592 578 28 79 32
187 16 89 96 90
187 520 69 88 76
187 761 69 98 75
187 436 38 46 38
187 669 61 86 70
187 58 83 93 89
187 787 19 97 68
742 376 31 74 36
189 48 60 68 65
189 454 66 97 70
189 832 92 100 98
189 139 86 100 97
28 683 58 68 58
683 551 45 46 46
683 475 53 57 57
29 386 95 100 96
29 301 23 53 47
29 682 83 89 86
29 413 46 97 50
386 753 40 72 48
386 85 13 90 83
386 505 70 97 95
386 831 70 86 82
301 692 33 87 47
301 686 94 96 95
301 120 84 89 84
682 3 70 92 76
682 500 11 43 19
682 274 92 93 92
682 643 12 26 15
413 242 91 95 94
413 21 46 50 48
413 28 40 92 70
30 814 79 97 96
30 238 54 82 78
30 438 65 78 72
814 203 48 49 48
814 139 41 66 52
814 702 29 58 53
814 125 31 55 33
814 199 40 54 44
238 724 43 49 49
238 833 34 63 51
238 474 12 31 21
438 408 21 32 30
438 83 88 97 92
438 454 94 98 96
438 497 33 85 85
31 98 43 74 54
31 631 53 72 60
31 35 91 95 92
31 273 55 97 87
98 445 57 73 64
98 226 75 94 82
98 73 91 95 91
98 756 22 78 77
98 130 48 98 81
98 617 78 91 84
631 216 70 74 74
631 519 58 84 69
631 394 49 60 57
631 811 11 82 45
35 673 73 99 88
35 580 16 85 28
35 817 24 87 79
35 389 53 91 56
35 468 54 68 66
35 176 86 96 87
273 198 70 84 75
273 461 68 71 68
273 675 50 51 50
273 734 80 83 83
273 400 76 91 90
32 621 49 77 53
32 424 24 34 32
32 153 65 75 65
621 442 22 40 28
621 279 33 67 42
621 321 84 96 86
621 554 58 59 59
424 452 68 78 71
424 224 30 44 34
153 565 39 84 52
153 665 70 79 77
153 257 70 89 86
153 677 95 100 96
33 449 57 96 90
33 230 82 100 100
33 405 20 81 39
449 94 22 86 65
449 395 21 22 22
449 815 45 89 54
405 200 40 79 45
405 605 13 96 52
405 495 52 93 62
34 153 47 48 48
34 407 32 52 39
407 457 70 88 71
407 345 65 76 74
407 743 50 88 74
407 695 37 68 50
673 87 26 94 55
673 167 76 90 81
673 540 77 99 99
673 724 71 99 85
673 229 15 66 27
580 124 32 81 81
580 545 35 88 82
580 183 57 95 74
580 522 17 55 38
817 785 48 84 77
817 762 49 66 51
817 307 23 83 33
817 257 32 87 79
389 673 51 100 55
389 458 35 51 46
389 457 36 41 36
468 611 32 70 44
468 381 79 81 80
468 645 45 47 47
468 385 49 70 61
468 368 17 29 28
468 583 31 93 79
36 109 49 76 67
36 803 88 96 91
36 5 24 31 24
36 30 66 91 73
36 542 42 83 72
36 677 33 40 34
36 145 68 83 68
109 605 42 47 47
803 531 41 52 52
803 826 42 44 42
803 591 14 44 19
803 596 18 65 24
803 211 39 55 39
803 618 89 100 94
803 474 69 78 76
803 352 68 84 77
145 724 26 73 38
145 171 85 92 91
145 293 83 93 88
37 425 89 91 90
37 219 14 48 47
37 685 63 68 68
37 733 81 100 84
37 661 66 88 66
219 840 42 87 84
219 204 51 95 65
685 338 12 35 20
685 56 20 36 34
685 702 60 88 83
685 416 64 83 68
685 352 24 47 47
685 610 70 98 86
685 415 94 98 94
661 244 53 88 88
661 490 73 98 89
661 507 55 61 58
661 359 18 67 18
661 373 25 89 84
661 473 16 86 34
38 586 27 100 40
38 137 53 90 79
38 12 88 99 94
38 843 33 37 35
586 264 73 78 73
586 450 55 81 64
586 723 89 99 93
586 206 33 60 35
586 86 49 89 69
586 108 64 72 66
586 572 76 77 76
586 90 21 31 29
586 322 33 60 33
137 584 68 80 77
137 627 88 93 91
137 457 81 96 82
843 350 21 66 27
843 241 42 44 44
843 534 34 42 34
39 45 12 15 12
39 569 68 80 74
39 820 39 73 45
39 373 20 41 36
39 697 11 15 11
45 570 79 96 85
45 830 93 99 96
45 753 54 97 84
569 225 30 89 50
569 427 88 91 90
569 362 27 84 82
820 474 42 61 51
820 479 64 94 81
820 305 74 76 74
820 7 67 88 86
820 743 78 91 82
820 803 44 89 59
373 758 34 97 88
697 218 45 59 55
697 15 32 52 34
697 573 12 66 28
697 397 28 91 64
697 85 28 79 43
41 745 33 54 51
41 121 87 93 87
41 16 92 95 95
41 562 62 96 87
41 189 56 68 58
745 497 94 97 94
745 679 20 50 22
745 181 14 36 34
121 72 46 47 46
121 780 26 100 32
562 272 63 73 70
562 300 11 92 74
562 367 49 74 58
562 681 30 78 78
562 769 87 88 88
562 424 53 97 82
562 248 21 95 51
562 344 87 97 87
562 770 57 74 65
562 846 15 17 17
42 100 88 89 88
42 171 19 97 36
42 814 34 35 34
42 767 44 96 75
42 124 22 52 45
42 26 50 77 56
100 301 92 93 92
100 487 68 100 80
100 451 58 72 64
100 704 28 53 39
767 645 95 99 95
124 272 55 86 64
124 529 52 76 73
124 698 33 84 75
124 472 31 65 63
124 135 29 82 48
124 76 34 42 41
43 847 94 99 99
43 49 79 81 81
43 156 37 43 39
43 550 59 74 67
847 210 71 93 81
847 677 69 79 72
847 12 84 89 89
156 501 20 72 44
156 392 86 88 86
156 413 72 76 73
156 309 38 75 57
550 774 44 64 59
550 377 19 70 41
550 474 93 95 94
550 273 12 84 60
550 350 93 96 94
778 87 26 66 46
778 282 28 34 33
778 772 69 98 69
778 72 51 74 52
778 56 85 91 85
778 252 63 64 64
778 533 62 72 64
720 250 82 91 83
720 187 46 83 79
720 759 36 93 68
807 619 26 93 58
807 572 17 68 44
807 501 35 95 86
807 783 55 79 63
629 78 81 90 89
629 850 92 94 92
629 358 13 25 22
629 341 27 44 43
629 411 76 95 92
658 134 51 74 60
658 286 16 59 27
632 760 63 100 97
632 828 89 97 96
632 521 13 15 13
632 439 29 53 35
570 708 84 98 94
570 255 29 69 34
570 35 77 98 84
830 122 81 90 88
830 44 76 93 87
830 803 70 84 80
753 742 43 58 55
46 381 18 74 49
46 551 61 85 67
46 382 55 67 58
46 295 82 85 84
381 779 11 21 18
381 380 76 77 76
551 216 40 80 80
551 724 85 93 89
382 697 71 94 87
382 558 49 70 52
295 276 59 73 62
295 503 50 63 63
47 146 90 91 90
47 468 87 89 89
47 351 50 83 81
47 292 36 93 70
47 471 28 54 48
351 615 54 94 94
351 100 35 43 37
351 621 51 80 65
351 416 83 86 84
351 46 79 86 83
292 368 34 59 52
292 442 87 97 97
292 837 88 100 88
471 196 50 76 56
471 528 62 75 62
471 485 33 74 48
471 487 53 83 83
471 29 59 98 64
48 669 22 96 33
48 699 84 90 88
48 412 49 77 64
48 16 30 44 40
669 136 75 84 82
669 653 18 43 29
669 315 17 36 22
669 644 53 80 75
699 86 80 87 87
699 756 11 52 39
412 532 79 99 80
412 853 29 39 34
539 830 54 71 65
539 57 60 93 73
539 837 86 88 86
539 455 82 99 89
539 804 47 48 47
539 615 19 47 47
358 465 33 66 34
358 445 19 59 19
358 395 63 94 81
358 431 36 93 92
358 335 75 79 75
50 605 22 23 22
50 388 35 53 42
50 757 14 52 39
50 534 69 80 78
50 329 45 54 47
605 531 89 97 97
605 732 41 64 46
605 151 38 49 47
605 290 24 93 92
605 464 84 91 85
388 592 44 55 53
388 411 62 66 62
388 607 71 79 73
757 340 39 83 71
757 170 38 92 48
757 752 19 58 48
534 382 40 52 46
534 10 25 45 26
534 324 29 91 47
534 467 26 50 50
534 7 24 74 47
329 658 20 77 39
329 173 65 86 66
329 589 45 58 50
329 479 41 79 50
329 717 73 98 86
329 501 82 90 86
51 768 82 92 91
51 579 50 64 61
51 633 28 72 60
768 415 27 52 30
768 192 27 37 37
768 214 52 60 59
768 17 64 80 73
768 618 75 76 76
768 208 89 90 89
768 34 22 42 31
579 805 54 69 65
579 643 46 64 64
633 207 46 78 66
52 306 51 99 70
52 822 91 94 93
52 58 33 99 51
306 29 48 63 55
822 376 92 98 92
822 584 73 79 77
53 620 73 90 81
53 2 43 48 45
53 82 28 31 28
53 521 49 84 53
53 710 68 75 74
53 119 89 91 89
53 78 82 96 85
53 237 24 59 39
620 306 60 62 60
620 845 77 86 83
620 413 69 92 92
620 29 51 87 82
620 547 34 61 59
620 517 52 84 62
620 76 66 83 66
82 1 84 100 86
82 680 42 73 53
82 366 14 75 29
82 90 10 66 55
82 399 71 83 71
82 39 28 41 28
82 522 48 83 48
82 710 15 75 56
521 302 14 28 26
521 257 65 95 92
521 444 66 68 68
521 231 75 82 82
710 77 13 99 84
710 134 55 83 57
710 26 75 95 83
710 462 61 78 67
119 437 52 76 57
119 773 20 27 26
119 623 95 100 99
78 626 84 86 86
78 98 49 92 50
237 147 15 18 18
237 537 68 74 71
237 558 23 96 92
237 62 76 78 76
774 740 39 90 61
774 31 12 65 32
774 834 14 65 46
491 792 25 83 62
491 807 15 20 20
491 540 75 78 76
491 121 28 37 37
491 502 92 99 95
491 695 95 98 95
491 778 49 89 87
55 679 13 23 13
55 817 34 85 48
55 341 29 94 87
55 230 32 69 50
55 156 62 70 64
679 173 23 100 82
341 60 50 78 77
341 184 78 90 87
56 105 35 39 37
105 62 33 87 36
105 424 61 78 73
105 556 25 40 29
105 719 42 62 46
105 693 70 75 74
105 470 32 36 33
105 169 95 98 97
57 200 77 89 79
57 590 15 98 16
57 455 94 96 96
200 668 32 83 61
200 158 52 64 53
200 279 70 75 74
200 577 72 79 72
200 617 28 81 81
200 216 33 65 41
200 314 12 54 49
590 607 50 99 83
590 660 45 55 52
590 46 18 50 40
590 629 51 94 93
590 161 29 100 57
590 240 49 72 61
455 570 20 25 22
455 43 85 87 87
455 449 95 99 99
596 59 58 84 74
596 379 14 50 24
596 513 31 52 33
596 30 56 62 60
596 719 72 86 77
456 122 74 87 74
456 270 30 64 52
59 275 40 42 42
59 762 36 99 76
59 300 71 74 73
59 725 27 38 29
275 246 44 51 45
275 564 30 89 36
275 151 25 66 35
275 350 92 98 96
762 41 23 76 73
762 241 81 83 83
300 152 72 82 74
300 239 56 67 62
60 131 16 78 47
60 471 87 90 90
60 450 19 98 37
131 141 93 94 93
131 33 10 15 12
131 640 20 78 34
131 311 64 78 68
450 560 37 46 45
450 131 24 49 27
450 472 44 67 63
450 187 91 100 93
450 782 89 96 94
61 14 68 90 75
61 431 34 62 62
61 159 88 99 93
61 520 49 57 52
61 815 58 92 63
61 555 77 90 87
431 722 40 60 56
431 46 90 100 97
431 640 63 74 68
159 665 29 53 40
159 674 25 77 40
815 596 70 83 72
815 283 38 41 39
815 171 57 76 60
555 569 10 13 13
555 313 47 100 71
555 480 92 100 97
62 651 21 80 56
62 473 56 79 68
62 798 13 35 21
651 515 20 47 40
651 801 10 61 58
651 311 79 95 80
651 572 15 27 15
473 54 89 94 89
473 397 39 60 60
473 652 56 89 60
473 232 53 96 61
473 80 22 25 24
473 803 88 98 91
473 330 83 98 85
798 566 67 84 73
798 626 15 73 27
798 415 27 58 42
798 514 24 90 90
64 108 10 58 22
64 823 23 27 27
64 517 91 97 94
64 230 77 94 94
64 763 59 69 62
64 557 16 70 58
64 127 72 73 72
108 703 86 91 89
823 118 57 78 70
823 91 74 87 87
823 199 87 88 88
823 546 63 82 66
823 40 44 59 44
517 743 84 93 92
517 722 39 99 48
517 620 54 83 65
517 630 89 95 94
517 786 72 79 78
763 174 93 100 100
557 822 26 91 87
557 266 62 81 77
557 225 28 62 60
65 534 11 45 14
65 726 46 72 70
65 782 74 78 77
65 849 72 83 79
65 358 76 95 91
65 556 81 97 88
726 821 67 87 86
726 390 35 46 45
726 395 39 41 39
726 410 24 69 55
726 105 29 46 29
726 777 26 29 29
782 640 23 28 26
782 703 49 60 59
849 191 26 75 53
849 87 30 88 56
849 782 49 97 74
849 452 11 75 48
556 298 73 98 75
556 166 19 23 22
556 424 62 67 65
556 610 34 82 49
556 579 91 95 91
556 853 26 58 41
66 208 33 57 33
66 28 38 54 45
66 469 37 74 48
208 474 51 52 51
469 819 89 100 94
469 721 25 57 52
469 337 92 100 96
469 506 89 92 92
469 617 54 74 57
67 105 35 86 45
67 571 58 83 73
67 516 31 77 46
67 448 26 47 47
516 613 93 99 99
516 22 68 73 70
448 205 72 96 90
448 828 56 83 57
448 826 27 32 27
448 216 19 95 32
448 578 17 82 36
68 34 14 30 18
68 287 82 93 82
68 394 46 57 51
287 809 66 69 69
287 46 10 53 44
287 536 22 78 46
287 534 11 41 34
287 188 84 95 95
287 715 48 54 50
287 201 37 40 39
287 802 31 89 60
287 798 91 94 91
69 806 84 87 85
69 171 33 69 63
69 248 10 13 12
806 247 56 82 80
806 787 35 82 75
806 734 42 51 50
70 484 26 83 74
484 650 26 50 48
484 94 27 79 42
71 440 93 96 93
71 150 53 62 56
71 554 65 79 70
71 576 95 100 98
440 83 55 71 63
440 207 47 84 71
440 816 46 47 47
150 202 13 61 29
150 53 58 100 58
150 316 89 98 98
150 410 29 92 68
554 61 51 79 70
554 421 54 70 63
554 415 33 81 57
554 381 11 33 27
554 412 34 67 56
554 394 41 64 51
554 268 33 63 62
576 609 11 62 16
576 784 90 93 93
576 768 91 92 92
576 211 18 58 35
576 238 15 75 33
421 638 28 51 41
421 17 57 94 83
765 253 80 81 81
765 321 82 88 85
765 579 42 97 64
765 155 88 90 89
96 250 71 90 84
96 715 21 95 80
96 756 86 97 90
96 108 21 48 42
638 755 45 77 62
297 641 26 29 26
297 549 28 53 30
297 779 42 65 54
163 284 41 96 73
163 687 19 38 31
163 388 35 49 42
73 161 76 100 95
73 51 89 91 90
73 329 25 34 27
73 442 46 76 62
161 383 93 98 95
161 250 45 57 53
161 419 87 92 87
74 848 67 92 91
74 227 66 80 74
74 297 10 79 20
74 674 54 100 59
74 313 95 100 99
74 399 22 28 24
74 316 78 85 79
674 473 55 62 59
674 5 85 88 87
674 746 11 68 31
674 30 77 82 80
674 267 25 55 50
674 158 48 72 48
674 427 27 98 56
674 248 72 87 77
313 758 20 33 27
313 811 34 94 91
313 208 74 80 77
313 250 92 95 93
399 801 63 84 78
399 235 13 56 49
399 505 85 97 85
399 563 48 83 80
399 75 79 98 94
399 247 30 50 33
316 16 63 90 87
316 163 85 99 90
316 230 95 98 95
316 47 92 97 95
316 635 88 89 88
75 32 34 93 63
75 100 72 86 82
75 811 19 33 32
75 380 32 78 71
811 643 81 96 81
811 547 40 91 40
811 263 79 89 86
380 127 48 74 57
76 175 37 49 37
76 791 65 86 68
175 488 36 55 55
791 3 19 58 49
77 37 18 41 38
77 350 68 89 75
77 816 18 86 83
77 843 92 94 93
77 470 33 44 44
350 409 92 94 93
350 125 67 70 69
350 194 72 95 94
350 142 85 86 85
816 60 20 58 34
816 452 14 28 23
470 576 94 95 94
470 515 30 34 32
470 348 52 80 52
577 314 13 70 23
577 181 13 76 71
577 139 29 71 43
619 496 81 86 86
619 545 64 96 76
619 831 11 79 41
619 732 68 81 75
619 811 93 94 93
619 359 30 56 41
80 562 63 81 75
80 585 49 50 49
80 345 60 76 65
585 387 20 66 64
585 141 53 60 56
585 366 13 52 14
585 654 41 58 46
585 246 16 48 23
345 93 88 93 90
345 37 64 65 65
345 80 82 94 83
81 10 94 99 95
81 115 50 57 56
81 540 28 98 56
81 111 15 95 66
115 190 89 94 91
115 204 91 99 92
115 568 45 100 57
540 632 68 90 83
540 81 19 33 31
111 565 43 83 68
111 88 43 95 58
111 17 56 100 79
111 801 65 71 68
111 217 33 48 36
111 244 22 40 35
111 601 72 76 76
680 200 21 73 26
366 691 82 87 84
366 3 64 93 65
366 387 77 84 80
90 470 27 48 34
90 288 93 97 95
90 691 26 36 27
90 596 17 24 22
90 518 20 26 23
522 215 70 84 70
522 47 85 98 94
522 800 22 94 56
83 396 20 29 26
83 180 57 58 57
83 150 20 63 50
83 167 59 100 78
396 715 88 89 89
180 310 35 90 36
180 745 38 80 74
180 797 89 99 89
180 707 56 84 56
167 58 15 79 36
167 53 24 64 40
167 673 89 99 97
84 110 24 32 31
84 75 29 31 29
84 853 61 80 76
84 648 74 81 75
110 177 22 58 32
110 794 57 93 90
110 194 78 86 81
853 273 40 53 51
853 777 85 95 85
853 325 26 39 28
648 124 84 93 85
648 470 88 96 92
648 489 45 76 76
648 207 40 41 41
648 592 43 94 77
165 734 51 86 70
165 803 80 90 83
165 281 18 83 74
165 674 40 98 67
165 308 87 89 89
831 383 47 71 58
831 10 69 88 76
831 805 27 71 29
831 624 14 55 14
684 136 61 95 70
684 94 34 52 35
684 766 16 98 93
684 439 92 93 92
684 5 65 71 67
192 167 69 93 75
192 832 56 68 62
192 404 19 99 46
192 475 46 70 58
418 683 43 100 63
86 80 89 96 90
86 94 29 75 63
86 44 67 80 71
86 423 87 91 90
94 848 35 99 72
94 329 79 92 86
94 585 83 100 100
423 769 92 96 94
423 5 52 94 56
423 438 67 97 87
423 590 54 72 61
423 760 29 83 62
423 595 16 25 21
760 332 16 39 31
760 729 86 89 86
760 269 60 95 73
760 782 70 74 73
152 417 31 56 53
152 475 15 59 20
152 616 53 65 54
152 282 81 88 85
255 391 34 99 61
255 334 51 92 80
255 591 83 85 83
88 655 32 93 38
88 318 55 76 67
88 126 31 78 42
88 816 90 100 97
655 827 64 72 66
655 572 66 84 67
655 433 80 98 95
126 842 50 77 74
126 112 61 83 71
126 313 53 77 64
126 816 28 38 36
126 703 49 64 56
126 814 34 63 54
486 295 56 96 57
486 802 35 91 65
486 238 44 63 46
486 242 75 79 75
486 390 88 93 89
486 799 22 38 27
349 785 14 77 77
349 737 10 93 14
349 665 31 88 32
349 196 79 97 84
288 308 61 68 64
288 307 88 96 90
691 604 87 100 96
691 240 69 74 73
691 233 91 98 97
518 667 75 87 79
518 528 19 59 53
143 699 59 75 70
143 698 83 86 86
143 209 13 58 56
143 712 23 42 39
764 582 88 93 89
764 354 54 58 57
764 599 94 100 94
92 360 69 70 69
92 50 37 98 86
360 499 84 95 87
360 229 86 88 88
360 526 17 95 35
360 57 82 93 87
360 731 62 79 74
360 515 24 83 57
360 752 47 58 54
360 824 72 87 72
93 785 72 94 85
93 407 33 83 52
93 287 76 99 86
785 723 33 47 38
785 851 42 61 61
95 601 12 99 29
95 382 34 93 50
95 193 73 96 82
95 191 69 92 69
95 451 19 20 20
95 666 77 78 77
95 474 20 100 67
601 467 13 60 37
193 520 80 81 81
193 802 48 62 57
191 189 53 83 68
191 586 61 89 87
191 743 27 35 28
191 91 13 39 36
191 230 46 88 79
474 152 38 56 49
474 817 74 77 77
474 465 20 32 29
474 832 31 66 46
474 262 95 100 98
474 50 39 61 51
715 184 48 70 50
715 363 20 68 64
715 191 42 87 49
715 134 77 95 82
756 490 63 65 64
756 488 69 86 75
756 297 57 73 59
97 473 79 92 79
97 808 13 32 14
97 664 65 89 68
97 802 70 89 74
97 457 83 100 93
97 260 12 33 25
808 10 73 80 76
808 558 47 61 56
808 818 69 92 69
808 107 60 73 64
808 728 48 53 53
808 268 90 97 95
808 191 85 93 87
808 518 65 77 77
802 341 28 94 48
802 502 66 79 74
802 641 15 62 39
802 56 46 52 52
457 41 71 94 88
457 65 77 91 84
445 765 67 76 68
445 596 10 64 63
445 731 42 62 53
226 374 26 36 30
617 476 73 92 80
617 830 61 70 63
617 461 84 93 84
617 210 35 97 43
617 300 61 97 82
617 265 27 88 83
617 118 45 92 52
617 600 30 32 31
99 475 50 62 62
99 697 95 100 95
99 794 84 87 86
99 480 90 94 94
99 609 95 100 99
475 294 26 99 52
475 605 77 90 88
475 731 94 97 97
475 5 30 45 40
480 51 48 64 54
480 44 78 94 85
480 704 45 64 45
609 103 23 89 27
609 567 11 96 29
609 457 89 99 92
609 480 74 94 81
609 517 83 94 84
609 113 77 80 78
609 268 83 96 86
609 643 30 52 36
487 525 67 74 73
487 769 48 83 73
487 40 37 90 44
487 363 13 96 92
704 35 72 76 72
704 667 79 82 80
704 484 38 53 42
714 604 23 74 39
714 124 23 62 36
714 21 38 57 53
284 680 47 76 57
284 659 58 69 61
284 677 88 92 92
284 294 65 98 95
636 47 30 39 33
636 741 53 83 74
636 625 43 79 63
636 579 93 95 93
636 233 36 81 73
103 571 52 80 70
103 378 41 74 44
103 676 77 80 77
103 709 40 94 48
103 770 85 86 86
378 828 37 44 38
378 589 45 63 55
676 675 58 75 70
676 802 76 100 100
676 310 89 92 91
676 418 60 95 70
676 517 60 96 91
709 727 25 62 56
709 571 23 60 47
709 156 89 93 92
709 205 26 70 35
770 450 79 82 81
770 645 53 89 84
104 535 55 63 56
104 16 72 88 74
104 805 26 55 33
535 242 35 78 78
535 518 65 79 68
535 852 42 64 57
535 674 60 82 60
535 515 41 54 50
535 776 81 100 82
535 344 50 99 80
719 798 47 75 71
719 145 42 58 54
693 118 52 67 62
693 830 56 75 70
693 677 19 48 28
169 117 61 73 63
649 290 77 83 83
649 197 63 71 68
649 180 57 60 59
411 261 37 53 38
411 717 71 95 72
411 728 53 92 74
411 630 58 65 63
411 597 29 40 38
303 478 22 59 34
392 801 29 31 30
392 651 63 66 64
392 845 57 73 67
107 787 89 99 91
107 84 77 83 78
107 658 30 36 34
107 723 71 74 72
107 751 43 68 44
107 332 49 54 49
787 596 69 87 85
723 195 41 55 50
723 129 48 73 69
723 799 95 100 95
723 778 59 61 59
723 508 49 66 60
723 559 37 46 38
723 575 78 79 78
723 664 57 66 60
723 852 16 54 32
751 433 93 100 95
751 556 63 80 73
751 280 54 62 60
751 749 53 58 54
751 42 43 70 48
751 528 15 22 21
332 854 38 58 39
332 543 12 30 15
332 189 11 59 15
332 648 94 100 95
703 276 71 85 73
703 36 85 99 89
703 383 84 92 91
703 71 78 84 83
177 82 43 62 43
177 34 42 50 45
177 371 56 78 68
177 655 45 50 48
177 724 78 79 78
194 662 77 95 85
194 74 79 84 83
194 361 33 96 93
565 316 35 89 77
565 727 29 85 79
565 503 67 99 92
565 792 46 66 50
565 728 81 88 83
565 253 42 70 56
217 52 20 80 38
217 747 54 88 68
217 631 53 56 56
217 652 94 100 94
244 327 85 88 85
244 443 74 81 81
244 381 75 89 88
244 403 86 87 86
112 164 52 92 90
112 477 19 95 22
164 610 57 79 64
164 33 78 84 82
164 102 40 95 88
164 816 38 71 51
477 529 88 90 88
477 82 12 83 14
477 833 94 95 94
477 735 75 99 83
477 851 81 82 82
477 597 36 52 46
477 587 48 66 64
477 189 72 77 72
477 314 49 90 76
113 719 24 59 40
113 433 36 48 45
113 491 48 76 52
113 204 34 81 43
113 675 13 99 75
433 122 55 93 64
204 675 73 77 77
204 273 64 100 70
675 286 95 96 96
675 242 78 79 79
675 749 17 37 29
675 626 15 43 42
114 222 59 64 62
114 89 16 28 27
114 503 35 80 47
114 479 57 95 89
114 40 76 93 92
114 301 12 74 71
114 812 31 98 41
222 688 76 100 91
222 373 37 96 82
222 799 90 99 93
503 224 70 98 85
503 573 27 29 28
503 626 94 100 96
503 536 46 56 51
503 440 38 49 47
479 462 38 85 44
479 251 40 53 50
479 623 66 82 74
479 527 79 95 90
812 156 25 34 31
812 778 90 95 95
812 158 64 78 72
812 323 67 84 74
812 405 42 95 42
812 520 76 90 84
812 795 79 98 83
812 181 67 76 75
190 429 13 86 18
190 812 22 85 42
116 58 82 85 82
116 749 51 63 54
116 343 87 100 89
116 388 19 82 25
116 493 55 76 69
749 481 36 59 59
749 619 86 100 100
749 724 93 99 93
749 90 95 98 98
749 577 19 98 78
343 228 93 97 95
343 24 82 93 93
343 555 82 97 95
343 816 81 94 94
343 730 93 95 94
117 664 80 98 82
117 151 78 99 92
117 799 59 75 75
117 712 66 75 66
117 131 79 86 81
151 301 30 32 31
151 74 14 97 45
151 708 54 83 55
151 80 93 95 94
151 266 14 94 78
151 617 46 92 68
799 189 62 86 66
799 384 10 69 65
799 104 85 96 88
799 169 19 80 71
799 372 86 89 89
712 688 26 51 32
712 582 25 31 31
712 597 39 52 39
712 245 95 99 96
118 70 62 70 62
118 699 72 98 85
118 74 17 50 27
118 309 54 57 56
118 505 14 42 28
118 839 48 68 53
505 489 62 64 64
505 621 10 46 19
505 519 47 62 50
505 493 26 98 43
839 833 49 70 52
839 200 15 36 32
437 265 66 78 72
437 17 51 57 53
773 607 39 56 47
773 120 49 62 57
773 31 38 72 45
773 790 63 92 76
773 718 44 52 49
623 407 75 94 77
623 610 57 94 57
623 328 29 78 54
623 262 29 42 38
120 58 36 82 73
120 44 81 84 82
120 183 52 67 57
120 165 57 94 67
120 560 62 90 81
560 599 13 63 36
560 241 59 91 90
560 825 50 81 81
780 688 29 72 62
780 181 41 45 45
123 318 65 71 69
272 203 29 46 38
272 627 24 27 26
272 265 13 52 34
272 656 22 30 26
529 717 33 52 39
529 768 57 59 57
529 469 28 33 29
529 721 57 82 72
529 711 25 83 28
472 191 23 86 56
472 74 94 98 97
472 47 33 49 44
472 635 41 46 45
472 435 55 81 59
135 243 15 52 41
135 131 53 75 58
135 222 92 95 95
125 447 93 98 97
125 400 19 43 29
125 291 78 84 80
447 793 72 83 82
447 597 33 81 35
447 844 53 58 57
291 92 80 95 83
291 487 82 100 82
842 492 10 74 68
842 377 29 64 32
842 121 11 47 32
842 138 25 72 28
128 215 68 93 93
128 356 48 72 54
128 679 88 95 92
128 119 45 76 68
215 705 49 58 49
215 639 91 93 91
356 445 26 74 63
356 361 35 90 70
356 532 78 90 87
356 642 75 96 83
356 335 39 44 39
356 509 56 60 60
356 470 34 42 34
356 89 58 62 59
129 184 42 56 44
184 847 25 40 40
184 590 35 96 76
184 646 49 53 52
184 74 37 43 38
184 296 29 84 32
299 454 59 77 64
299 443 21 74 46
299 358 26 44 30
299 529 25 49 48
299 705 43 61 60
299 240 40 91 40
299 503 55 67 64
299 138 31 52 38
141 104 44 45 44
141 548 15 72 61
141 201 36 42 36
141 835 17 45 24
141 811 87 93 92
141 28 73 83 79
141 217 11 36 16
141 255 41 50 43
640 768 14 47 41
640 662 43 50 44
640 348 29 69 59
311 590 44 94 90
311 821 91 93 91
311 536 51 96 90
132 333 35 45 41
132 362 29 91 76
132 818 83 84 84
132 621 63 95 70
132 110 80 85 80
333 368 45 97 64
333 563 17 28 24
333 593 10 72 18
362 210 72 92 75
133 316 52 100 56
133 120 78 81 78
133 296 59 84 71
133 56 35 43 37
133 283 38 77 59
296 579 65 82 66
296 510 81 85 83
296 541 49 92 85
296 603 66 85 75
296 345 57 78 58
296 196 53 76 54
283 848 30 69 69
283 199 62 90 70
283 729 26 85 57
283 777 65 82 78
283 499 37 41 40
134 559 42 44 43
134 766 87 98 98
134 442 66 74 73
134 343 47 49 48
134 510 22 68 53
559 484 86 93 91
559 406 75 85 80
766 196 79 94 85
766 0 75 76 75
766 103 90 99 99
766 529 79 99 93
243 579 36 83 63
243 124 56 80 61
243 343 13 16 14
243 493 45 99 57
136 58 33 59 43
136 642 89 93 89
136 301 71 93 91
136 744 61 96 62
136 799 44 79 53
136 720 30 73 53
136 121 36 52 47
642 147 71 84 77
642 699 83 96 89
642 64 91 96 94
642 226 38 98 47
642 826 35 79 55
744 698 18 66 34
744 505 66 74 71
584 186 64 70 66
584 754 73 79 74
627 141 23 68 48
627 769 34 48 48
627 462 37 69 45
627 488 54 77 76
627 358 40 42 41
627 527 18 57 32
627 159 30 43 35
627 746 25 26 26
387 598 40 86 81
387 396 19 20 20
387 443 10 14 10
387 161 18 50 20
387 769 84 93 90
387 583 82 85 83
363 327 42 76 44
363 723 21 60 30
583 53 40 84 74
583 331 89 93 90
583 287 49 71 58
583 412 28 79 65
139 481 63 92 71
139 430 79 96 92
139 751 64 99 75
481 586 67 98 73
481 605 60 93 92
481 162 13 45 17
481 535 58 82 60
430 247 56 72 64
430 434 37 96 80
140 295 10 27 26
548 680 20 81 28
548 246 39 85 84
548 741 31 38 33
201 353 63 100 74
201 328 70 75 74
201 593 65 70 69
201 699 39 74 74
201 110 93 95 95
201 273 71 82 80
142 664 21 30 23
142 159 69 79 75
142 763 81 88 86
142 374 49 54 54
374 58 35 96 81
374 784 23 90 65
374 845 68 97 95
374 690 69 78 72
374 533 84 87 86
374 701 90 100 99
209 511 74 76 74
209 771 79 95 85
209 31 55 68 64
209 314 44 60 57
357 478 94 99 98
357 826 94 95 95
357 277 16 69 30
357 23 12 86 21
711 403 41 66 57
711 527 50 69 53
711 33 73 90 88
364 464 52 79 55
364 304 78 98 82
364 181 14 33 21
364 147 68 71 70
364 717 86 90 88
364 708 51 68 58
724 370 28 36 30
724 87 25 49 27
724 227 76 100 78
515 210 37 72 68
515 610 85 96 94
515 835 89 96 93
515 117 61 92 92
515 443 48 89 71
515 440 24 66 44
515 89 53 95 73
515 606 35 91 91
515 372 36 81 74
147 829 44 49 45
147 159 95 100 96
147 230 42 70 50
147 692 34 54 52
829 839 38 58 46
829 685 35 78 42
829 430 22 92 46
829 393 86 87 86
829 362 45 67 54
829 667 34 52 37
829 479 26 76 64
829 697 58 59 58
829 465 31 78 55
692 699 72 74 74
692 454 52 69 64
692 480 79 89 84
692 645 37 59 54
692 316 40 62 51
148 543 58 71 68
148 507 25 82 71
148 131 43 46 43
148 393 82 84 82
148 386 42 45 45
543 45 33 70 33
543 639 67 96 89
507 283 70 90 82
507 732 52 88 70
149 231 44 54 48
149 695 48 80 75
149 192 21 23 23
149 831 94 95 94
149 85 25 80 42
149 257 35 62 37
695 660 35 80 78
695 749 48 96 66
695 183 50 85 60
695 851 15 40 31
695 406 36 63 62
695 257 61 92 85
695 724 76 88 84
257 626 38 65 45
257 385 60 69 65
257 330 80 92 86
257 206 95 99 97
257 720 73 92 86
202 690 13 53 19
202 641 10 53 15
410 589 10 73 72
410 309 47 64 54
410 272 19 100 52
410 241 39 57 51
410 117 32 82 32
410 324 39 95 44
410 478 67 87 79
410 851 58 76 74
410 368 94 100 94
410 335 69 98 71
410 342 82 91 85
708 273 71 76 75
708 147 30 47 40
708 286 49 82 54
266 575 13 87 43
266 586 34 89 78
266 220 40 48 48
266 302 64 81 72
616 835 40 54 43
616 589 70 88 79
282 301 48 87 67
282 329 67 73 67
282 769 67 89 78
665 265 59 63 63
665 833 50 52 52
665 584 67 87 69
665 175 18 65 48
154 297 35 80 74
154 660 94 98 94
154 198 18 37 33
154 158 46 65 52
660 783 80 89 85
660 75 10 81 57
660 694 59 71 60
660 632 29 87 69
158 15 51 90 87
158 42 30 55 53
155 120 40 94 50
155 427 82 84 82
155 478 38 59 38
427 771 34 93 91
427 39 64 81 73
427 70 70 93 84
427 849 61 67 63
478 445 48 54 52
478 256 26 41 28
478 331 18 67 60
478 836 23 32 29
478 147 51 79 72
501 42 60 65 65
501 118 86 99 93
501 158 18 34 28
157 576 67 82 69
157 441 95 99 97
160 508 32 42 40
160 311 19 21 19
160 494 85 96 88
160 269 50 81 69
160 410 66 100 93
508 388 32 58 52
508 478 68 69 69
508 527 48 96 91
494 772 57 59 59
494 658 25 38 30
494 719 33 74 45
494 128 28 36 32
269 822 65 99 88
269 213 95 100 96
269 74 65 93 66
269 501 91 100 96
269 596 61 92 77
269 441 78 96 79
269 265 66 73 72
383 372 19 41 40
383 71 38 100 75
383 332 45 76 64
383 722 78 84 81
383 515 89 93 91
383 547 40 44 43
419 130 65 73 69
419 603 53 89 64
419 545 67 92 72
419 602 92 97 95
419 180 75 95 94
419 532 92 98 93
162 126 78 95 89
162 453 80 81 80
162 459 45 71 51
162 780 92 96 93
162 686 58 66 64
453 268 44 98 44
453 65 27 72 45
459 348 64 67 65
459 419 22 79 48
459 178 53 99 95
459 24 12 75 22
459 561 44 45 44
459 728 72 82 75
459 126 62 88 63
686 526 23 24 23
686 70 82 97 90
687 236 49 54 50
687 678 47 53 52
687 315 95 98 95
610 586 61 71 71
610 846 33 34 34
610 700 86 89 87
610 504 20 42 31
610 625 19 43 27
610 778 82 84 82
734 751 88 96 89
734 586 57 89 67
734 783 30 91 69
281 781 27 94 65
281 228 61 87 64
281 546 19 24 20
281 724 83 96 92
281 12 66 95 86
281 770 27 65 42
281 46 20 45 33
281 727 73 92 91
281 368 58 78 68
308 421 14 84 30
308 124 68 69 68
308 488 17 48 27
308 350 48 49 49
308 669 90 100 99
308 775 81 91 90
308 650 20 75 46
308 83 19 58 54
166 485 33 79 34
166 681 69 72 69
166 247 22 62 60
166 716 69 81 80
166 603 67 88 69
166 2 63 64 64
485 277 53 95 95
485 209 93 95 93
485 431 82 90 86
681 772 67 81 78
681 423 77 93 79
247 496 10 59 46
247 462 65 88 74
247 728 84 96 86
247 844 11 90 46
247 457 24 94 31
247 185 73 86 82
247 727 76 90 89
247 800 50 80 57
716 196 17 23 17
603 158 30 81 50
170 210 56 79 74
170 5 60 84 60
170 131 62 92 74
170 10 58 99 63
170 445 85 87 86
210 389 72 86 86
210 55 43 78 58
210 325 26 32 31
181 110 10 30 17
777 720 48 53 49
777 194 18 77 39
173 42 45 89 56
173 178 34 88 85
173 558 51 69 60
178 556 13 31 25
178 89 76 98 83
178 488 46 92 77
178 545 39 90 40
178 167 30 69 45
558 216 44 62 59
558 536 66 69 67
558 539 90 100 92
558 319 16 30 30
174 295 48 99 55
174 851 75 76 76
174 453 79 84 81
174 583 90 100 100
851 630 40 76 75
851 381 50 82 79
851 269 95 96 96
851 383 73 99 78
851 313 37 59 55
488 562 89 100 98
488 326 13 32 21
488 43 40 74 59
488 350 64 91 86
429 125 31 89 58
429 285 78 91 79
429 678 54 64 57
429 307 81 93 87
429 692 79 83 81
429 258 43 73 49
371 203 83 88 83
371 633 15 96 92
371 24 48 57 54
371 659 32 76 61
545 221 75 80 80
545 598 20 29 29
545 721 79 99 86
545 211 44 83 66
545 339 55 65 63
545 639 41 42 41
179 204 64 67 64
179 451 86 87 86
179 549 11 88 48
549 541 69 79 72
549 182 95 100 96
549 811 18 73 69
549 373 86 98 90
310 795 75 94 83
310 832 13 81 33
797 5 37 65 60
797 758 33 60 56
797 170 26 100 48
797 62 60 80 63
797 367 73 96 82
797 486 41 98 54
797 281 33 35 34
707 814 62 63 63
707 562 47 59 50
707 622 12 24 16
707 483 47 78 52
707 181 87 91 87
182 385 13 96 96
182 319 22 89 55
182 646 11 96 95
182 788 33 76 54
182 304 71 82 75
182 279 33 84 63
182 327 84 96 84
385 203 56 76 63
385 613 87 96 89
385 423 20 45 40
319 405 64 67 64
319 256 14 95 43
646 295 65 67 66
646 803 21 28 25
646 198 24 51 26
646 199 75 95 91
646 722 88 92 91
788 547 24 72 29
788 423 42 51 42
788 697 72 99 75
304 428 66 74 66
304 502 77 81 80
304 549 21 29 25
304 550 19 64 23
279 274 35 64 50
279 603 76 90 82
279 321 51 84 71
327 247 50 58 57
327 246 37 64 61
668 756 57 70 70
668 604 15 85 75
186 772 89 91 91
186 83 62 71 68
772 287 81 94 91
772 583 42 69 68
761 68 85 90 88
761 185 53 78 60
761 243 68 92 87
761 649 56 83 61
436 85 60 77 73
436 281 27 61 47
436 166 67 68 68
436 323 20 81 36
779 419 33 46 35
779 57 77 87 85
779 64 22 65 35
779 308 51 57 55
454 669 80 82 82
454 686 47 59 48
454 330 82 85 85
454 5 71 85 73
454 384 62 86 74
454 108 75 80 79
832 723 73 92 81
832 287 23 82 51
832 584 55 74 74
743 739 85 91 89
743 357 64 78 75
743 732 78 86 86
743 311 93 100 95
743 698 51 97 60
404 687 47 76 48
404 244 43 49 46
404 409 67 69 67
404 835 27 33 30
404 252 29 82 66
404 767 51 82 65
404 108 95 99 95
662 103 94 96 96
662 614 38 83 40
662 524 48 98 73
662 496 27 43 36
662 27 36 69 57
662 146 26 50 37
361 811 70 83 81
361 629 35 36 36
361 38 64 89 85
361 263 66 91 74
361 154 70 89 71
361 453 29 41 33
361 102 74 81 81
195 243 42 47 44
195 73 32 97 55
195 286 41 95 42
195 582 41 89 83
195 391 94 96 94
286 606 60 80 63
286 37 73 76 74
582 514 55 56 56
582 301 86 98 87
582 265 85 96 93
582 842 10 82 45
582 817 52 79 70
391 706 80 91 91
391 547 72 95 80
391 112 13 74 50
391 747 35 80 44
196 340 67 85 79
196 461 88 99 91
196 834 28 83 30
196 544 64 81 65
340 696 10 71 59
340 746 51 72 58
461 196 67 95 91
834 384 77 81 81
834 587 55 63 56
834 600 19 93 70
834 139 35 54 37
197 313 28 79 66
197 848 51 85 75
197 46 59 98 62
197 741 85 86 85
197 729 18 44 27
197 295 66 70 70
741 148 67 70 70
741 745 31 64 35
741 522 54 68 56
729 87 59 87 74
729 190 68 81 69
729 461 10 32 26
729 347 71 77 72
729 705 74 97 90
729 788 51 84 54
519 407 50 70 64
519 473 45 52 46
519 305 19 20 19
519 836 68 70 68
519 125 15 82 44
519 212 87 92 90
199 398 57 98 87
199 148 65 97 77
199 568 86 87 87
199 414 56 74 63
199 625 60 91 86
199 29 89 99 91
199 637 58 86 71
398 384 50 97 93
398 469 63 71 70
398 293 95 100 95
398 94 36 39 37
398 33 43 87 57
414 595 30 75 56
414 465 85 92 85
414 769 82 95 82
414 642 27 81 67
414 83 46 58 52
414 136 74 87 87
414 53 39 45 44
625 810 70 91 74
625 235 86 91 86
625 75 24 86 79
625 23 31 39 39
637 204 39 69 50
637 98 47 84 52
637 1 50 51 51
353 149 90 92 91
353 8 13 91 44
353 591 10 71 50
328 759 41 63 45
328 160 55 69 57
690 13 70 72 72
690 754 64 81 81
690 291 43 75 52
690 590 17 28 23
690 219 29 78 58
641 258 14 61 57
641 336 79 93 84
203 418 44 92 78
203 16 90 98 92
203 175 47 87 80
203 720 45 96 60
203 334 74 75 75
203 498 59 71 59
334 640 88 95 91
334 839 21 48 25
334 646 19 48 42
334 180 84 87 86
498 571 61 88 62
498 829 14 78 43
205 334 18 84 55
206 403 32 93 37
206 827 18 91 25
206 282 56 85 57
206 218 54 84 83
403 241 63 97 95
403 463 11 20 18
827 133 57 67 65
827 148 72 89 78
827 529 50 79 60
827 783 84 100 98
827 160 66 74 70
827 702 27 87 77
827 114 89 97 93
218 104 17 72 53
218 309 28 38 28
218 153 28 73 69
207 226 39 70 54
207 843 19 81 57
207 791 17 78 38
207 34 53 85 61
207 116 32 99 47
511 762 19 30 24
511 615 38 39 39
511 732 83 97 96
771 103 32 95 80
771 564 28 90 83
771 84 64 94 85
325 113 30 68 49
325 520 42 95 65
325 452 71 72 71
538 15 36 49 37
538 573 15 69 40
538 407 65 98 98
212 820 22 96 71
213 59 59 100 72
213 21 61 75 70
214 744 68 96 87
214 424 46 52 49
214 209 51 98 79
214 402 13 17 17
214 51 33 46 42
214 706 10 64 23
214 665 50 58 52
402 253 47 93 89
402 807 69 84 84
402 834 14 34 26
402 837 39 58 45
402 342 93 94 94
402 397 93 97 95
706 263 47 48 48
706 313 81 92 82
706 381 79 95 82
706 306 51 59 55
705 105 43 91 70
705 352 37 86 85
705 82 72 84 75
705 42 50 61 58
639 77 15 40 27
639 188 55 61 57
639 693 57 86 80
599 502 24 25 25
599 695 92 100 96
599 191 55 85 69
599 742 53 83 63
599 330 95 98 97
599 390 25 64 51
599 109 35 76 48
747 411 46 75 68
747 216 11 39 39
652 180 20 86 45
652 555 70 79 70
652 216 40 52 49
840 317 23 66 57
840 291 76 83 82
840 334 92 95 92
840 535 47 65 58
840 645 77 98 96
840 392 86 90 87
840 301 31 59 47
220 532 65 82 67
220 472 11 86 40
532 749 37 80 47
532 474 77 84 77
532 600 30 87 67
532 320 43 61 55
221 321 30 81 62
221 91 11 39 13
221 23 49 76 76
221 133 36 44 36
221 721 35 87 59
221 760 65 86 79
221 50 15 29 24
321 360 37 47 40
321 581 41 57 52
321 38 39 42 41
321 816 62 80 72
721 435 36 84 48
721 403 66 76 72
721 193 35 85 82
721 189 84 97 91
721 188 41 93 79
688 195 10 97 89
688 300 79 100 81
688 411 66 89 87
688 829 79 81 81
688 827 82 90 90
223 300 35 46 41
223 573 17 90 81
223 305 33 96 81
573 141 36 59 53
573 408 80 82 82
573 77 79 98 88
573 625 68 95 92
573 564 87 97 94
224 63 82 85 82
224 460 48 95 87
224 564 67 81 74
224 561 22 81 40
224 1 11 90 79
224 554 43 65 57
460 294 17 38 25
460 580 28 30 30
460 491 88 97 92
460 108 31 45 32
460 196 55 62 57
460 514 69 72 70
564 362 66 90 87
564 426 18 61 47
564 532 37 98 77
561 414 50 78 54
225 365 76 92 80
225 735 16 97 23
225 50 18 62 21
225 801 62 64 64
225 796 25 61 50
225 441 65 72 66
225 570 35 59 41
225 653 91 97 91
365 508 22 95 66
365 387 93 98 94
365 177 35 81 51
365 304 95 97 97
735 813 72 91 87
735 35 36 87 50
735 564 16 79 79
735 551 29 97 85
735 346 31 82 61
796 785 71 95 93
796 151 52 82 72
796 404 21 51 42
653 752 55 98 69
653 514 41 98 61
653 36 61 85 75
228 182 53 83 73
228 66 18 74 42
229 426 91 98 98
229 320 90 92 90
229 458 60 75 75
229 62 90 91 90
426 727 57 69 67
426 452 81 100 100
426 322 45 67 66
320 258 53 91 54
320 589 91 94 91
320 28 95 100 97
320 128 16 34 27
614 377 13 21 13
614 586 81 91 89
614 797 37 96 60
614 494 23 72 50
614 328 50 96 85
232 106 65 71 71
232 61 65 85 68
232 110 12 28 27
233 838 58 92 81
233 409 70 85 84
233 80 50 82 80
233 148 22 25 24
838 283 85 87 87
838 712 62 91 79
838 305 89 97 93
838 334 82 93 87
838 364 87 97 95
409 233 42 89 81
409 250 24 68 68
409 815 68 69 69
409 234 44 70 69
409 577 12 89 31
234 52 89 96 92
234 115 32 79 54
235 87 89 90 90
235 583 13 76 55
235 772 66 75 73
235 342 93 94 94
235 16 11 33 26
235 95 40 91 61
342 322 86 91 89
342 800 19 43 20
342 682 22 73 24
342 263 70 97 79
342 480 27 64 48
236 49 63 96 67
236 187 91 92 91
236 506 46 79 69
236 625 84 86 86
236 550 13 43 35
506 306 26 87 57
506 653 46 88 51
506 573 28 50 48
506 118 45 84 81
506 351 71 82 75
506 342 49 91 64
537 238 28 85 71
537 753 89 99 94
537 677 14 15 15
537 45 39 67 52
537 794 28 52 34
537 732 22 76 59
833 486 14 29 25
833 251 45 82 61
833 29 37 78 53
833 629 13 31 17
833 812 35 45 40
833 742 28 52 29
239 504 92 93 93
239 568 95 99 96
239 745 19 57 45
239 391 12 24 16
239 459 78 93 79
504 555 49 64 50
504 446 90 93 92
504 540 31 35 33
240 499 39 84 46
240 543 22 43 23
240 558 90 94 90
240 438 36 87 57
240 356 74 91 87
499 600 18 94 28
499 414 66 97 83
499 485 34 94 89
499 565 31 56 45
241 264 72 96 73
241 152 93 98 96
264 314 13 14 14
264 495 71 90 73
242 646 27 93 83
242 631 41 43 41
242 162 66 68 68
242 90 25 36 29
242 366 95 97 97
242 194 83 100 87
443 137 45 79 46
443 225 49 90 80
443 321 10 78 56
443 102 62 77 65
443 330 36 87 67
245 393 87 98 96
245 395 26 38 29
245 662 92 97 93
245 841 44 95 46
245 688 38 63 48
395 548 74 81 80
395 654 28 89 34
841 482 42 77 48
841 14 92 94 92
841 150 74 76 76
246 290 46 88 87
246 647 85 92 86
246 806 91 96 94
246 326 63 93 84
246 610 56 100 66
246 667 83 89 83
290 138 35 89 50
290 482 84 85 85
290 392 91 93 93
290 476 86 96 86
290 547 70 72 72
647 386 67 85 69
647 355 35 43 43
647 419 76 88 85
647 395 23 28 25
667 80 59 64 59
667 344 38 93 76
667 752 35 66 65
667 775 79 87 81
667 398 82 87 83
844 633 77 88 84
844 336 61 99 71
844 526 20 31 26
844 318 87 99 98
844 356 82 91 87
727 685 82 89 86
727 682 77 89 87
800 362 24 54 51
800 370 15 93 66
800 316 42 75 48
800 435 87 92 91
800 656 69 99 71
800 507 47 97 53
800 653 55 61 59
249 518 66 68 66
249 46 14 85 82
497 245 25 64 48
497 2 18 34 22
755 18 79 85 81
755 236 15 23 19
755 813 71 80 77
755 32 31 60 49
251 305 75 95 80
251 739 46 72 62
251 660 72 76 75
251 706 73 88 74
251 66 30 55 41
251 671 13 24 20
251 180 90 93 90
251 752 32 51 34
739 147 20 60 46
739 694 74 78 74
739 479 58 77 65
671 298 94 95 95
671 171 58 84 81
671 518 61 94 64
671 545 69 76 71
671 318 68 96 69
671 257 77 78 77
752 4 86 99 96
752 609 67 70 68
752 466 31 98 86
752 495 61 97 78
252 224 87 94 88
252 419 71 93 84
253 770 39 58 48
253 15 34 96 60
253 358 87 92 90
254 402 87 93 90
254 348 25 37 29
254 70 58 65 65
348 473 56 81 81
348 247 17 86 59
348 370 79 81 80
348 584 85 99 99
348 522 90 99 96
348 39 37 56 49
348 765 40 56 42
256 247 27 32 27
256 348 53 71 58
256 277 91 96 93
256 453 78 95 95
256 166 33 78 35
256 53 31 54 54
256 443 51 74 67
277 820 25 59 37
277 452 34 96 92
277 146 83 98 90
277 113 55 69 67
277 388 15 41 24
277 502 52 88 79
277 439 46 48 47
277 738 74 87 82
330 552 19 75 66
330 119 12 55 51
330 582 57 78 78
330 459 84 88 84
330 303 54 55 55
258 541 48 53 52
258 341 36 66 54
258 309 52 76 75
258 344 49 67 60
541 156 45 95 46
541 14 95 98 96
541 204 63 91 89
541 225 69 78 78
344 465 91 98 97
344 201 21 27 21
344 843 27 79 29
344 132 64 80 71
344 205 95 96 96
344 2 12 87 46
259 260 18 53 34
259 31 62 77 72
259 249 56 79 72
259 286 88 89 88
294 48 91 100 99
294 540 46 100 88
294 167 48 89 73
294 349 59 69 59
294 25 88 92 88
294 29 68 73 71
432 588 65 92 88
452 57 52 68 66
452 530 42 62 51
452 3 55 92 71
452 349 68 75 69
261 539 95 99 97
261 408 23 92 81
261 383 41 75 72
408 212 50 94 66
408 594 92 94 92
408 834 68 87 68
262 337 25 68 65
262 85 17 30 24
337 514 18 73 46
337 461 80 100 91
337 409 60 85 68
263 777 18 22 21
495 776 53 61 55
495 208 53 70 54
495 655 83 98 87
495 761 11 37 18
495 677 34 60 47
495 725 37 69 67
265 589 90 94 91
589 737 65 73 66
589 172 54 84 61
575 653 68 83 71
575 401 15 81 70
575 802 22 47 33
302 129 29 62 46
302 18 76 78 77
302 818 53 90 89
302 416 27 93 49
302 175 71 79 78
267 437 93 95 95
267 227 84 85 85
267 357 48 90 83
267 737 80 91 91
267 782 53 77 76
737 429 16 94 73
737 716 50 87 68
737 805 57 91 78
737 462 40 92 60
737 299 82 91 88
268 33 79 97 82
268 690 52 82 82
268 311 76 100 92
268 300 24 84 57
268 586 41 64 62
268 605 95 98 98
270 779 21 25 23
270 747 65 83 75
270 451 92 99 92
271 15 33 87 38
271 413 82 89 84
271 46 42 77 68
656 314 41 57 55
274 535 24 75 42
274 50 82 100 100
274 208 95 100 96
274 15 56 95 80
274 375 47 79 68
274 79 67 89 73
274 215 68 97 92
274 343 17 51 37
375 696 57 71 63
375 299 70 74 73
375 333 74 79 79
375 660 94 97 95
375 521 74 93 82
375 587 22 63 54
375 89 34 46 40
276 692 81 97 97
276 824 90 97 96
276 554 90 100 94
276 854 88 91 91
824 709 52 63 54
824 346 93 96 94
824 15 62 98 88
824 585 61 97 92
854 514 95 98 98
854 667 55 59 57
854 686 73 99 74
502 107 58 66 61
502 194 74 79 79
502 490 14 30 18
502 429 37 51 46
502 759 54 69 67
439 309 59 90 88
439 390 14 17 14
439 685 44 76 67
738 766 27 57 52
738 449 13 24 17
738 12 93 94 94
738 413 26 49 43
738 719 78 84 83
278 737 64 80 64
278 147 90 96 92
280 185 73 84 73
280 575 74 96 88
280 350 71 92 72
280 173 35 62 52
280 812 27 82 61
781 276 84 94 87
781 323 52 56 55
781 684 26 100 83
546 280 56 87 60
546 36 20 62 22
546 728 76 81 78
546 195 83 99 96
368 286 43 56 53
368 643 71 93 91
769 106 35 49 35
769 605 70 84 70
659 700 19 52 52
659 363 30 95 40
659 854 79 86 83
285 841 45 100 76
285 702 61 95 80
285 120 94 96 95
285 239 72 82 72
285 71 75 79 75
285 531 66 92 90
285 598 61 80 68
702 648 52 73 65
702 736 82 85 84
702 506 45 82 67
702 27 73 98 83
702 533 73 88 88
531 536 68 82 78
531 126 13 43 32
531 701 78 83 81
531 344 83 88 84
598 532 28 38 38
598 595 65 84 69
598 77 33 53 34
598 51 42 92 82
606 469 62 70 66
606 734 76 98 87
606 651 66 72 68
606 521 11 71 15
606 550 22 77 74
606 264 76 95 84
809 70 77 82 77
809 316 59 89 79
809 841 14 43 25
536 510 33 88 66
307 547 86 95 91
307 141 60 90 63
307 721 51 85 51
289 788 22 81 76
482 161 86 94 90
482 800 33 72 41
482 251 50 64 61
482 465 59 64 60
482 638 53 93 67
482 294 90 91 91
476 270 80 98 87
476 776 43 63 56
476 117 40 73 67
476 548 54 56 56
547 851 42 74 73
547 760 67 94 86
547 127 60 65 60
547 652 33 72 68
323 529 23 90 31
323 701 89 92 92
323 360 31 71 46
323 387 45 83 65
298 134 31 46 43
298 149 63 87 81
416 807 74 98 74
416 564 56 79 62
416 697 72 97 75
416 629 32 53 38
416 725 46 98 50
650 427 82 94 93
650 786 90 96 95
650 701 95 96 96
650 762 58 60 58
821 494 52 87 73
821 445 50 100 68
821 571 12 75 22
312 698 76 83 82
312 705 13 63 23
312 233 10 22 17
758 120 31 47 45
758 511 73 99 89
758 231 92 97 97
758 437 95 99 95
602 790 23 72 40
602 727 25 71 67
315 411 51 92 84
315 657 51 98 78
315 712 14 88 36
635 139 49 84 81
635 258 80 87 83
317 778 24 57 51
317 303 28 41 37
581 688 10 34 19
581 201 48 56 51
581 395 44 92 60
581 551 25 73 58
581 376 77 90 78
701 760 79 83 79
701 321 93 99 95
701 35 25 42 28
324 107 91 99 94
324 534 79 97 86
324 503 71 97 75
324 65 58 79 69
759 583 55 83 81
759 213 14 77 23
759 483 38 43 43
717 289 28 75 30
717 189 31 42 34
552 551 27 30 27
552 396 33 75 35
552 841 17 27 23
331 247 11 74 22
331 192 10 14 12
331 488 15 96 16
563 695 27 97 82
563 67 25 94 35
335 24 72 95 95
335 425 43 100 79
335 752 21 51 46
335 337 59 79 60
336 127 77 86 80
336 503 91 94 92
336 768 64 75 68
336 131 33 87 39
336 721 64 75 68
514 91 17 95 88
514 699 25 94 92
514 767 18 45 43
514 621 25 76 59
514 779 44 79 48
338 140 25 45 39
338 79 56 69 66
338 575 50 69 61
696 74 95 97 96
696 777 32 52 33
696 337 29 37 30
696 208 44 55 54
696 759 26 57 47
696 423 15 96 57
746 815 16 23 19
746 69 82 90 88
746 101 22 90 76
746 313 91 92 92
746 102 21 98 90
746 345 19 81 77
746 802 75 92 76
746 154 41 88 44
746 93 42 71 46
746 730 89 97 94
730 56 89 96 89
465 230 54 82 72
465 357 26 35 31
465 408 62 63 62
465 665 10 37 36
465 234 14 65 50
346 25 79 99 99
346 353 37 40 38
346 266 62 83 70
346 347 82 91 83
346 800 17 21 21
370 817 82 98 98
370 217 75 82 75
352 32 17 38 18
352 845 13 78 73
352 781 66 79 71
352 720 26 46 26
352 88 36 45 41
352 567 50 94 88
845 411 19 21 19
845 687 69 77 72
845 729 44 81 77
845 109 66 88 75
845 592 16 67 52
354 590 10 16 13
354 75 13 83 47
355 541 36 73 56
355 464 73 93 75
464 663 79 89 85
464 215 33 51 50
464 406 15 27 17
464 722 84 92 85
509 689 25 68 57
509 625 71 88 83
509 165 59 84 75
509 417 84 93 91
509 282 43 89 86
826 247 63 89 72
826 228 61 73 72
826 164 72 100 90
359 86 54 65 59
359 181 29 92 52
359 561 29 65 56
526 618 55 91 58
526 323 77 89 88
731 246 34 54 52
731 288 22 29 29
731 741 74 100 89
731 187 51 63 51
367 533 34 42 37
367 659 48 52 48
367 307 30 91 35
367 21 28 70 62
367 520 47 99 56
533 823 88 94 91
533 356 11 64 47
643 539 57 89 86
643 0 68 76 69
643 747 43 96 93
643 288 23 82 79
643 9 60 98 86
643 129 15 51 29
643 43 89 97 89
643 395 47 90 59
372 413 13 29 18
372 493 91 99 91
372 152 88 100 96
372 792 69 100 89
792 92 79 85 80
792 173 13 54 37
792 18 38 51 45
784 106 88 95 89
784 600 42 44 43
587 184 80 89 87
587 449 57 79 57
587 748 88 90 88
376 579 67 73 70
376 667 60 73 68
377 45 43 95 76
377 729 26 77 54
828 672 18 56 19
828 629 87 100 90
828 207 34 45 38
828 752 43 74 71
828 745 19 28 25
379 344 63 95 66
379 375 14 23 20
379 628 49 73 63
379 175 64 75 64
379 671 25 58 55
628 421 81 89 85
628 692 16 43 26
628 545 69 98 73
628 151 29 51 45
628 420 29 47 31
722 615 56 74 72
722 85 86 91 86
722 404 16 70 44
384 482 61 71 69
384 798 65 94 84
384 769 40 89 53
384 637 49 83 52
384 316 92 98 95
613 360 84 85 84
613 296 84 88 88
607 679 59 79 60
607 604 21 70 23
607 279 11 15 15
607 554 22 51 43
390 347 82 84 82
390 33 17 28 18
397 649 52 100 78
397 222 74 92 91
397 659 54 87 82
397 823 23 81 49
397 502 79 90 87
401 96 33 56 43
406 172 50 56 52
406 145 46 77 64
406 437 20 83 42
594 46 23 49 26
594 799 47 66 54
594 435 40 90 73
594 54 56 96 62
594 129 16 48 29
594 708 46 90 55
597 437 48 88 76
597 846 45 69 54
597 127 60 74 64
597 281 25 54 25
597 655 29 86 39
597 304 14 33 25
597 461 35 62 46
597 746 58 78 65
595 438 15 17 15
595 832 61 71 62
595 636 46 92 61
595 128 45 92 68
595 493 23 75 42
595 95 69 86 84
595 635 10 62 54
415 155 89 97 94
415 849 19 98 77
415 853 94 98 96
420 262 17 39 27
420 634 54 79 62
420 464 41 44 44
420 645 47 89 71
634 652 57 81 64
634 349 20 85 63
634 284 60 81 63
645 275 73 89 77
645 679 19 79 55
645 350 73 86 75
645 689 43 93 48
645 195 30 97 83
645 713 82 95 86
645 819 84 88 84
645 804 93 95 93
422 357 27 92 64
422 554 77 100 93
422 777 42 46 46
422 288 61 81 80
422 551 92 100 95
678 174 32 100 58
678 730 39 54 42
678 432 62 74 73
678 616 50 76 74
434 18 53 82 62
434 810 54 91 85
434 333 27 37 35
434 196 58 71 71
434 385 53 87 64
434 148 83 96 87
434 568 45 83 75
810 333 51 57 54
810 552 73 92 82
810 87 34 55 38
810 7 13 76 61
435 607 68 72 68
435 403 49 65 50
444 580 66 92 86
444 382 62 70 62
444 684 91 92 91
444 570 92 96 96
446 532 89 98 94
446 347 61 96 83
446 662 11 74 55
578 353 73 93 93
578 644 65 72 72
578 416 64 100 96
790 664 88 96 92
790 129 14 52 49
530 73 94 96 94
530 109 49 88 84
530 582 20 78 31
530 648 11 88 23
530 470 14 71 49
783 328 26 91 37
783 111 81 90 86
663 488 53 95 80
466 684 45 90 54
466 799 53 60 55
466 28 70 89 89
467 769 36 63 54
467 258 86 89 86
467 215 67 93 76
467 726 77 82 80
467 762 40 65 57
611 637 74 91 91
611 770 52 60 56
611 477 13 29 19
611 179 91 96 94
819 374 78 84 81
819 291 20 38 29
819 118 71 72 72
819 670 56 95 70
819 36 93 94 94
528 679 21 80 28
528 807 25 34 27
528 130 20 41 24
528 68 69 93 86
776 660 79 82 79
836 490 17 79 33
836 169 65 96 78
836 265 43 76 65
836 244 18 38 21
836 531 11 36 36
836 240 33 52 33
836 715 24 71 59
527 511 39 41 41
527 416 15 86 32
527 583 44 61 46
527 399 30 90 49
527 609 68 71 68
483 307 12 48 30
483 575 65 96 66
525 462 86 97 95
525 611 51 64 57
525 474 17 67 50
525 84 59 65 59
525 369 72 86 78
489 732 66 96 68
489 371 35 46 38
489 747 20 43 22
489 777 52 71 68
489 691 23 91 49
732 671 66 74 70
732 363 63 72 69
490 287 56 87 66
490 755 33 54 39
490 80 16 76 32
490 218 76 82 76
490 294 74 100 92
490 134 85 95 87
490 132 78 83 80
490 208 88 99 94
490 448 69 74 74
490 385 11 59 19
492 639 25 50 27
492 851 32 46 40
600 363 78 89 87
600 812 95 100 99
600 166 37 76 58
600 326 64 86 69
600 400 42 88 80
600 793 48 72 64
600 643 14 19 17
600 3 50 85 56
500 799 61 92 75
500 480 20 32 28
689 554 91 93 91
689 111 80 82 80
689 302 23 63 58
512 562 85 95 93
513 231 11 23 23
513 63 77 98 86
513 403 27 51 50
513 433 36 90 85
513 587 42 79 79
786 298 18 88 58
786 451 12 69 17
786 308 61 93 86
523 143 84 99 97
523 693 26 29 26
523 8 60 77 76
524 461 21 44 36
524 489 92 97 94
618 553 50 52 51
618 85 14 35 18
618 451 29 64 57
852 36 34 93 75
852 164 45 81 53
804 377 36 67 60
804 661 67 91 74
804 744 37 84 71
804 553 79 89 86
804 70 44 76 47
553 579 80 96 95
553 131 25 98 74
553 332 18 67 55
553 642 90 96 91
825 370 49 66 53
825 648 35 74 38
825 395 90 91 90
825 360 23 61 51
825 30 42 62 62
566 50 51 86 76
566 354 87 96 96
566 330 67 77 69
572 64 42 52 49
572 510 80 95 84
572 628 63 94 85
574 615 62 65 63
574 44 40 52 44
574 739 89 99 91
574 261 72 82 79
644 533 72 74 72
644 153 52 79 55
644 144 63 67 63
644 75 20 60 48
754 114 34 77 35
754 740 53 65 63
754 258 68 94 71
754 98 85 96 89
754 165 30 36 33
604 125 42 45 45
604 235 27 92 30
624 212 70 81 81
624 97 11 68 61
624 93 36 55 44
624 808 19 40 19
624 409 72 96 77
624 590 34 100 47
713 213 63 73 69
713 33 12 39 18
713 680 63 89 89
713 352 50 82 78
713 540 75 80 79
713 798 26 28 27
694 414 10 13 12
694 74 44 90 62
694 55 21 54 21
694 10 71 73 71
670 393 87 95 92
670 808 76 82 77
670 809 10 70 50
670 697 60 86 79
670 159 13 96 65
670 679 81 84 82
670 829 91 95 93
736 583 21 23 22
736 95 19 67 52
736 653 91 99 93
736 180 68 70 68
736 263 90 100 90
736 363 55 62 61
718 610 91 92 91
718 70 28 37 33
718 557 69 80 71
813 339 82 96 90
813 752 26 97 79
813 475 48 75 59
750 698 50 78 55
750 615 81 99 87
750 241 16 35 25
750 204 86 97 92
750 80 76 84 82
789 723 31 75 62
0 854
