770 2457
0 549 33 79 51
0 525 53 56 54
0 442 46 54 52
0 579 14 45 18
549 418 31 82 61
549 214 78 93 80
549 169 33 81 39
549 429 24 29 26
525 377 60 97 90
442 407 14 73 69
442 448 50 69 66
579 71 94 96 95
579 542 65 73 65
579 734 38 57 49
1 479 73 91 76
1 177 86 93 93
1 318 64 79 75
1 432 74 85 84
1 666 88 97 91
1 601 27 79 71
1 694 83 84 84
479 510 26 85 28
479 134 82 90 86
479 738 70 76 75
479 269 59 77 69
177 366 46 93 77
177 453 92 97 92
177 690 69 92 79
318 582 56 62 60
318 371 74 95 76
432 535 94 97 97
432 737 64 96 80
666 68 15 89 37
666 300 13 60 19
666 216 37 62 45
666 72 49 62 55
666 122 91 96 95
666 37 94 100 95
666 728 77 99 94
601 103 39 98 68
601 511 24 30 29
601 730 38 55 52
601 306 25 61 41
694 659 14 92 68
694 348 12 91 69
694 3 59 70 65
694 400 23 83 30
2 401 65 100 71
2 194 46 49 48
401 745 68 70 68
194 27 64 66 66
194 643 62 86 86
194 47 69 70 70
3 735 54 61 54
3 723 69 95 74
3 129 89 96 95
735 529 24 84 59
735 627 37 75 37
735 550 74 75 74
735 706 39 46 44
735 226 48 90 79
735 644 60 74 74
723 622 39 54 43
723 577 86 100 90
723 312 22 59 38
723 217 61 88 72
723 476 71 89 71
129 756 72 83 78
129 632 18 99 46
129 766 67 74 72
5 621 85 90 87
5 602 33 57 47
5 457 38 61 55
621 573 32 91 68
621 424 68 70 70
621 27 22 40 24
602 723 79 98 87
602 576 52 66 55
602 14 19 59 40
602 651 65 90 66
602 13 78 100 89
602 413 16 47 33
6 415 14 47 20
6 358 45 84 77
415 229 42 67 65
415 82 73 98 80
415 168 27 96 47
415 318 87 95 94
358 134 80 85 83
7 536 66 96 68
536 474 13 69 44
536 649 31 39 38
536 150 30 62 39
536 485 14 84 42
8 459 62 99 85
8 332 32 91 90
8 383 25 85 44
8 62 64 86 79
459 62 23 43 30
459 201 51 75 74
459 595 91 96 94
459 499 86 95 88
459 532 45 91 54
332 461 42 97 83
332 60 43 96 85
332 571 80 82 82
332 402 84 98 91
383 483 72 99 79
383 75 65 87 65
62 529 89 99 97
9 595 86 97 90
9 274 40 42 42
9 665 23 30 23
9 562 31 81 45
595 740 84 99 92
595 2 71 99 72
595 135 51 95 69
595 12 73 87 85
274 453 73 87 75
274 700 91 97 94
274 500 53 80 58
665 318 35 58 53
665 435 79 87 85
665 232 71 73 71
665 490 93 94 93
562 669 62 81 73
562 224 11 18 11
562 425 70 94 74
562 211 16 61 25
562 16 89 99 95
562 380 85 99 99
562 705 65 67 67
10 197 84 86 84
10 611 14 70 48
10 718 84 98 94
10 97 17 50 46
10 490 75 97 82
197 369 31 99 61
611 100 79 86 79
611 127 20 91 76
611 31 24 84 27
611 311 77 86 84
718 83 69 95 90
718 565 66 75 75
718 295 59 90 64
97 286 33 66 61
97 514 43 61 43
97 705 35 54 51
97 389 21 51 37
97 685 36 51 51
97 49 43 82 47
97 175 81 88 83
97 334 24 85 67
490 24 62 71 63
490 510 15 83 53
490 526 88 93 88
11 51 86 88 88
11 548 64 93 69
11 195 49 64 55
11 352 33 42 35
51 689 79 88 82
51 292 95 99 99
548 12 88 99 99
548 204 37 94 49
548 471 32 73 59
548 488 61 75 62
548 383 34 58 43
195 664 42 49 47
195 582 75 100 96
195 341 39 69 52
195 458 90 98 94
195 480 76 94 80
195 545 37 61 53
195 368 74 93 83
195 333 61 71 61
352 227 50 56 50
352 175 94 97 94
352 144 28 85 39
352 514 20 72 66
352 339 40 86 41
12 751 19 62 32
751 562 78 84 81
751 688 67 87 70
751 445 10 12 11
13 653 10 44 44
653 104 28 38 28
653 254 63 72 69
653 571 70 78 76
653 31 31 86 53
653 460 29 59 59
14 627 78 91 86
14 246 33 93 63
627 231 23 87 47
627 209 20 32 25
627 707 54 94 92
627 666 72 75 72
246 472 88 92 91
246 46 14 35 34
246 137 29 90 82
246 667 23 28 26
246 300 53 65 58
246 731 86 92 87
246 211 29 65 52
246 146 56 62 59
246 519 12 53 27
15 233 73 80 76
15 487 68 74 70
15 546 24 45 25
233 676 94 95 94
233 177 15 86 71
233 400 53 54 54
487 261 94 99 95
546 683 91 100 91
546 744 72 85 74
546 724 28 54 48
16 266 78 96 87
16 707 37 47 43
266 351 85 88 86
266 609 76 86 81
266 626 12 18 16
266 383 25 47 32
266 493 69 70 70
707 420 16 62 56
707 166 27 40 31
17 540 78 96 84
17 424 93 96 95
540 209 55 77 70
540 61 67 76 69
540 554 49 61 56
540 163 49 100 74
424 748 70 97 82
424 235 12 16 16
424 585 46 53 53
18 540 84 88 87
18 31 22 77 76
31 700 49 56 53
31 584 47 99 96
19 295 78 80 78
19 738 19 21 20
295 358 35 40 38
295 686 69 73 72
295 279 32 99 41
295 43 82 100 87
20 371 44 86 62
20 292 34 40 39
20 349 88 91 90
20 287 33 41 33
371 586 18 88 85
292 598 26 89 84
292 258 46 63 53
349 70 94 95 95
349 309 85 86 85
349 292 45 92 57
349 584 10 52 50
287 520 63 68 66
287 725 40 68 41
287 250 48 86 62
287 731 11 16 16
287 109 16 27 20
287 0 76 86 77
21 639 71 98 94
21 137 74 92 87
21 644 16 66 35
21 383 86 92 90
639 193 27 70 70
639 368 87 90 88
639 752 87 94 88
137 641 44 48 45
137 318 52 94 76
644 39 57 86 58
644 444 38 43 40
644 496 15 92 66
22 162 31 70 45
22 413 24 32 30
22 617 44 68 48
22 13 62 85 72
162 442 38 48 43
162 123 54 71 56
162 769 20 45 24
162 673 86 97 96
162 163 63 73 66
413 13 84 89 87
413 128 30 51 34
413 505 54 94 58
413 498 63 85 73
617 382 58 97 91
617 179 89 92 91
617 9 85 88 86
617 372 85 87 85
23 664 15 92 33
664 146 26 63 59
664 609 80 97 92
24 441 51 74 52
24 723 30 81 33
441 613 36 44 38
441 536 78 88 82
441 460 35 70 54
25 425 63 69 66
25 190 76 94 85
25 60 12 72 53
425 223 26 95 38
425 321 10 32 21
190 321 64 88 69
190 768 20 39 28
190 90 59 80 74
60 638 31 56 35
60 520 12 16 12
60 323 40 51 50
26 388 66 92 79
26 591 41 85 71
388 589 76 99 83
388 44 18 93 40
388 545 64 85 83
388 154 42 76 58
591 463 91 92 91
591 544 32 47 43
27 525 25 50 27
27 453 35 78 51
27 767 29 36 34
27 178 35 91 36
27 63 22 79 72
453 675 30 47 30
453 452 28 36 36
453 621 90 91 90
767 418 14 20 14
767 449 53 72 57
767 336 82 96 88
178 181 51 83 64
178 88 72 79 77
178 573 58 81 76
178 524 45 70 50
178 434 65 73 69
178 176 89 95 89
178 505 36 79 76
178 358 26 75 41
63 411 29 78 66
63 440 31 92 45
28 23 82 92 82
29 115 93 95 95
29 687 88 90 89
29 76 29 68 55
29 483 47 50 50
29 353 75 97 85
29 302 20 38 38
115 260 36 48 42
76 198 74 89 81
76 177 84 87 87
76 3 51 61 53
76 757 83 94 94
483 90 89 98 92
483 671 93 95 93
483 338 52 76 53
483 521 78 80 79
353 258 85 100 87
302 151 28 62 55
302 434 92 94 92
302 526 76 80 76
30 185 58 93 81
30 20 85 100 89
30 304 79 87 80
30 109 58 92 58
185 109 85 91 85
304 636 15 21 21
304 276 12 13 13
304 545 61 84 63
304 57 18 23 21
109 388 77 94 80
109 331 24 67 36
700 598 93 96 94
700 180 79 89 87
700 432 17 45 35
584 680 40 44 44
32 274 75 88 85
32 400 17 60 54
32 12 21 82 65
32 438 79 99 79
32 15 50 73 61
32 471 81 86 84
400 213 34 68 45
400 128 28 81 70
400 268 16 21 18
400 301 94 99 96
400 156 58 85 73
400 315 87 93 87
400 65 44 82 81
400 155 60 87 71
438 13 64 77 75
438 360 18 29 26
438 459 91 93 93
471 479 26 62 26
471 230 73 83 76
471 662 86 92 91
33 551 71 73 72
33 136 24 63 56
33 107 84 100 96
551 682 70 76 76
551 275 23 27 25
136 613 22 56 32
136 522 21 62 38
107 525 54 80 64
107 577 33 35 34
107 502 43 44 44
107 471 74 100 83
107 402 93 94 94
107 282 52 55 52
107 122 77 98 95
107 12 36 41 39
107 254 55 76 62
34 394 45 85 68
34 79 15 32 23
34 316 84 98 89
34 600 69 83 72
34 627 89 91 91
34 696 62 64 64
394 728 14 97 30
394 268 95 98 97
394 563 22 46 41
394 63 29 84 81
79 689 28 89 30
79 393 44 47 45
316 21 12 94 63
600 345 15 51 35
600 15 42 73 57
600 377 44 68 55
696 212 66 84 66
696 591 85 92 90
696 437 78 93 79
696 435 10 23 17
35 581 72 74 73
581 235 80 88 80
581 296 94 95 94
581 724 66 69 67
581 685 58 82 69
36 26 83 84 84
37 216 75 96 93
216 104 66 82 74
38 316 62 87 65
38 590 63 65 63
38 690 64 88 75
590 391 87 92 91
590 742 86 94 90
590 290 14 36 16
590 539 57 80 77
690 110 43 46 45
690 385 37 99 38
690 277 92 99 94
39 689 61 74 69
39 747 88 93 89
689 676 64 72 72
689 138 29 69 36
689 588 49 56 50
689 462 81 87 82
689 483 80 90 87
689 750 56 76 72
747 681 89 99 95
747 372 29 97 69
747 268 76 95 76
747 79 31 39 32
41 238 46 88 66
41 218 62 94 69
41 330 85 100 95
238 44 52 95 54
218 668 44 64 47
218 545 40 67 59
218 428 34 47 36
218 664 30 52 51
330 377 30 67 48
42 391 24 68 51
42 7 67 68 68
42 566 72 87 75
391 348 77 81 78
391 443 23 38 24
391 712 56 85 81
391 607 71 79 73
391 223 70 74 74
566 438 50 93 62
566 300 38 43 39
566 568 73 79 79
566 509 13 62 39
566 508 93 100 97
43 203 71 85 85
43 336 56 98 56
43 174 32 70 61
43 30 19 35 22
203 635 32 58 44
203 555 24 26 25
203 498 89 99 97
203 10 26 33 26
203 168 62 66 66
203 107 80 87 87
203 339 86 94 91
336 159 40 49 40
336 383 65 86 68
336 664 31 36 32
336 698 83 85 84
174 720 79 99 94
174 610 89 92 92
44 343 56 78 74
44 232 25 83 30
44 37 86 93 91
343 433 50 52 51
343 481 55 58 58
343 737 70 99 79
232 473 51 96 81
232 495 48 72 49
45 153 22 93 40
45 434 17 19 18
153 622 20 61 49
153 283 26 77 45
153 69 32 64 51
153 315 13 38 19
153 136 20 36 20
434 10 44 53 45
434 308 59 68 63
46 182 21 71 28
46 328 32 52 34
182 197 89 100 91
182 671 67 71 71
182 317 13 52 52
182 103 51 91 90
182 115 52 56 55
182 141 27 34 30
182 214 45 70 59
328 166 43 67 54
328 507 45 61 57
47 173 78 96 80
47 13 91 92 92
47 451 73 82 75
47 146 80 88 82
173 5 21 81 79
451 468 25 76 31
451 766 52 60 59
451 359 84 99 95
451 509 10 93 42
451 684 44 82 67
451 558 21 89 48
451 647 91 98 97
146 89 88 90 88
146 519 77 78 77
146 668 20 40 23
146 508 14 39 27
146 388 83 94 83
48 540 85 94 86
48 636 85 92 88
48 136 49 95 52
48 562 60 88 66
48 446 69 86 81
48 141 52 88 56
636 492 57 83 73
636 399 49 97 50
636 721 70 75 74
446 181 44 100 44
141 571 62 97 78
49 466 52 92 54
49 585 48 61 51
49 635 15 33 29
49 665 24 95 44
466 380 23 82 69
466 693 91 94 94
466 527 56 99 99
585 41 69 88 69
585 756 91 94 94
635 207 10 22 21
635 473 34 100 82
635 583 32 84 36
635 465 13 29 13
635 98 18 100 99
635 425 78 81 81
50 303 23 45 28
50 341 46 71 56
50 190 75 88 88
50 374 84 100 98
341 168 54 89 72
374 413 67 71 69
374 170 11 87 36
374 432 65 74 66
374 381 11 13 11
374 246 11 89 46
52 728 93 94 93
52 13 58 85 82
52 123 23 26 26
728 157 59 89 69
728 87 29 57 47
728 70 48 66 53
123 305 89 100 89
53 550 74 98 78
53 733 11 84 80
53 229 89 97 89
53 345 78 79 79
53 691 32 69 63
550 283 79 84 79
550 657 16 27 22
733 344 93 100 95
733 51 57 91 73
733 502 71 78 76
733 687 85 94 87
733 182 67 89 70
733 541 60 74 63
229 603 92 95 95
229 152 44 46 46
229 525 19 39 23
345 596 15 26 21
345 570 21 37 35
345 766 44 79 52
345 496 66 79 77
691 479 61 99 82
691 317 21 65 28
691 529 38 50 50
691 477 22 96 41
691 154 70 99 81
691 288 16 33 17
54 22 21 89 39
55 69 93 99 99
55 103 36 68 39
69 620 71 97 71
69 28 49 66 57
69 60 17 70 48
69 100 59 71 65
103 433 19 65 46
103 11 61 94 80
103 436 20 62 28
103 739 22 81 23
56 747 72 100 93
56 48 28 47 42
56 405 60 99 72
56 316 38 90 81
405 721 60 71 66
57 561 28 35 32
57 67 49 51 49
561 333 52 59 52
561 379 52 72 65
561 704 45 86 57
561 549 69 74 69
561 39 89 95 95
561 767 56 81 65
67 466 12 48 26
67 740 16 66 45
58 348 26 83 49
58 586 93 99 97
58 312 13 20 15
348 377 11 97 60
348 731 95 99 99
348 154 46 51 48
348 247 58 64 64
312 425 69 79 77
312 220 90 91 91
312 548 74 75 75
312 144 92 96 95
59 373 77 91 86
59 294 20 93 87
373 654 87 96 88
373 476 23 90 29
373 640 90 98 94
373 253 40 51 49
294 101 85 92 92
294 422 25 91 73
294 193 69 70 69
638 194 81 90 81
520 769 18 26 18
520 464 15 83 55
520 426 81 94 84
323 360 95 100 97
323 44 43 68 66
323 341 57 88 69
61 646 67 75 71
646 216 25 99 58
646 299 77 78 78
646 100 76 81 78
646 256 93 98 95
646 311 90 99 99
529 178 17 19 17
529 473 40 76 71
529 330 93 97 94
411 596 12 60 59
411 739 25 55 55
411 97 61 68 63
440 729 49 96 90
440 735 27 76 32
440 321 12 16 12
64 430 15 46 39
64 547 20 35 32
64 695 65 88 76
430 510 25 68 27
430 253 94 99 97
430 631 77 96 77
547 740 53 74 56
695 67 25 71 35
695 329 35 97 40
695 59 76 86 80
695 411 17 24 22
695 658 24 56 50
65 682 52 93 88
65 346 51 55 55
65 416 39 95 95
346 349 17 53 41
346 698 11 50 11
346 165 83 84 83
346 391 60 96 87
346 727 45 92 59
416 286 58 78 68
416 392 36 81 61
740 93 69 86 81
740 327 73 84 84
740 379 14 34 22
68 687 14 33 17
620 434 38 57 50
620 265 82 91 82
620 466 51 52 51
620 407 93 94 94
620 128 44 55 46
70 450 52 97 88
70 184 19 92 52
450 664 47 81 47
450 216 12 76 36
450 152 57 65 65
184 10 55 98 62
184 544 32 34 32
71 432 22 31 27
71 592 30 98 37
71 243 64 72 64
71 388 73 79 74
592 265 73 88 85
243 599 95 97 97
72 266 10 65 14
72 612 44 99 84
72 284 20 40 21
612 48 21 26 23
284 714 39 97 61
284 296 16 30 27
284 411 47 97 52
284 33 70 80 71
284 660 90 99 98
284 158 87 89 88
284 37 27 68 60
284 431 38 86 51
284 705 86 95 95
73 573 46 95 66
73 397 58 94 59
73 96 65 79 70
573 408 13 58 28
573 730 53 73 69
573 713 55 82 55
397 107 24 44 41
397 641 67 81 67
397 218 23 39 23
397 538 51 59 54
96 265 72 79 72
96 355 52 73 54
96 317 48 80 60
96 579 15 46 27
74 646 28 44 28
74 365 68 81 73
74 513 77 99 84
74 147 33 47 39
365 380 75 87 79
365 730 12 23 18
513 142 42 51 43
513 642 45 46 46
513 657 22 72 22
147 5 86 87 86
75 416 92 96 96
198 386 84 98 91
198 564 85 100 91
198 733 52 54 52
757 34 88 94 93
757 702 22 23 23
757 638 77 98 82
77 209 93 97 93
77 451 37 100 51
77 755 36 63 63
209 424 88 100 95
209 357 52 65 61
209 580 13 91 31
755 428 52 69 68
755 5 95 99 98
755 44 54 91 87
755 168 32 50 50
78 385 91 93 92
78 369 77 98 94
78 758 40 56 40
78 516 62 90 67
78 469 63 79 78
385 358 19 85 46
385 407 10 18 18
385 193 74 90 82
385 623 41 65 62
369 321 81 95 87
369 418 67 85 75
369 189 79 85 83
369 322 37 54 52
369 397 90 98 93
369 77 29 97 62
369 54 31 34 31
758 738 57 73 58
758 675 28 58 29
758 126 88 91 90
516 61 86 94 92
516 687 33 44 42
516 205 89 100 100
516 769 33 54 46
516 392 10 58 17
469 226 91 99 92
469 456 25 65 34
469 11 29 41 36
469 449 40 97 68
393 254 87 95 94
80 71 91 95 93
80 555 15 31 16
80 226 13 40 16
80 114 83 93 88
555 256 94 97 94
555 453 53 86 79
555 625 87 93 87
555 608 83 86 85
226 595 95 100 100
114 718 66 92 79
81 505 66 91 84
81 76 69 90 73
81 100 90 100 99
505 2 31 85 48
505 587 77 94 85
505 407 83 87 85
505 508 10 71 25
505 416 17 64 39
82 710 73 78 73
82 338 84 100 91
82 600 93 98 96
82 646 10 100 90
82 265 55 95 93
710 412 86 90 87
710 552 12 82 29
710 410 42 59 48
338 78 38 39 38
338 538 88 91 90
338 565 38 99 55
338 126 69 79 74
338 86 56 98 85
265 192 29 41 39
265 560 31 54 41
83 505 93 94 93
83 535 32 70 67
83 461 90 98 91
535 673 40 90 64
535 659 64 94 80
535 486 76 80 78
535 599 83 95 93
535 657 25 43 27
461 406 50 75 68
461 224 51 55 55
84 453 55 85 59
86 43 60 96 60
86 316 85 100 94
86 427 66 83 68
86 437 27 44 27
86 32 50 87 83
427 526 74 83 76
427 498 11 92 29
427 363 89 95 94
437 759 94 99 99
437 440 13 47 19
437 472 77 100 99
87 5 30 61 36
87 317 18 36 18
87 247 94 95 95
87 632 40 43 43
87 703 31 90 69
317 316 84 98 95
317 369 87 96 89
317 675 57 65 65
317 240 44 96 70
317 94 50 90 73
317 56 38 77 51
247 311 27 84 69
632 373 52 67 62
632 299 43 59 49
703 561 30 92 62
703 281 63 87 66
88 130 39 95 65
88 583 81 89 81
88 99 63 66 63
88 190 18 48 23
130 573 21 35 33
130 51 88 91 90
583 385 42 96 49
583 749 13 32 15
99 389 70 71 71
89 509 64 82 68
89 2 52 98 91
89 341 94 99 95
509 48 71 77 77
509 303 60 96 68
90 741 40 99 77
90 656 15 77 35
90 498 51 54 51
90 553 20 82 26
90 166 61 96 76
656 213 88 97 97
656 274 62 74 66
656 308 52 94 59
656 103 31 49 31
656 528 22 73 63
498 516 93 98 94
498 457 63 83 78
498 623 41 45 42
498 423 43 83 78
498 586 13 32 17
498 469 36 65 46
498 177 53 66 65
553 51 88 97 97
553 651 49 76 60
553 213 55 94 89
553 655 34 46 39
553 328 70 82 77
553 121 92 95 92
553 514 48 71 66
166 672 34 50 39
166 73 22 100 35
91 229 59 64 64
91 593 91 95 91
91 530 50 91 75
593 137 15 31 31
593 570 31 65 37
593 239 36 77 67
593 238 17 29 23
530 696 50 92 83
92 425 72 77 75
92 705 16 95 78
705 173 54 57 56
705 263 93 98 96
705 237 20 45 20
705 242 68 70 68
705 695 42 84 72
705 43 71 82 80
93 448 58 86 76
448 580 12 15 12
448 699 30 66 46
448 713 14 88 82
448 625 22 28 27
94 230 84 90 89
94 0 74 97 85
94 695 76 90 77
94 584 76 88 86
95 678 36 88 48
678 433 48 81 72
678 111 83 86 83
678 558 78 86 82
678 114 45 90 73
678 718 63 99 84
355 441 29 59 57
355 574 73 99 78
355 319 47 98 78
355 629 41 97 91
286 550 62 83 74
286 138 71 72 72
286 339 22 78 60
286 187 69 85 69
286 472 14 77 24
514 500 72 96 73
514 250 24 87 56
514 692 42 96 77
514 649 89 91 91
389 108 45 91 65
389 473 55 72 65
389 534 33 67 46
389 669 88 95 90
389 290 79 96 92
389 624 56 96 63
685 280 25 42 37
685 429 61 94 66
685 219 89 91 91
685 552 52 63 54
685 755 17 91 81
175 371 94 99 97
175 687 10 71 66
98 182 12 56 50
98 500 38 91 78
500 490 19 43 20
500 89 35 94 52
500 401 30 72 36
500 80 13 93 16
102 32 28 33 28
433 686 19 20 19
436 583 32 48 42
436 69 59 71 60
436 234 14 94 62
436 693 69 71 71
436 375 54 87 65
436 379 71 76 71
739 430 79 92 87
739 167 68 85 75
104 482 73 75 75
482 50 60 100 77
482 522 83 98 84
105 481 47 98 72
105 549 31 87 66
105 590 44 96 92
105 237 72 83 74
481 52 36 44 36
481 670 93 95 93
481 604 17 86 36
481 382 46 60 49
237 113 77 82 82
237 194 41 59 47
106 476 91 99 94
106 362 41 70 65
106 698 25 94 68
106 15 87 91 89
476 271 71 89 75
476 443 85 99 99
476 280 87 97 88
476 101 92 99 92
476 232 30 96 67
476 31 94 95 95
362 84 40 64 54
362 112 93 97 94
362 768 20 65 39
362 715 67 69 67
698 466 87 90 88
698 594 32 94 43
698 764 82 97 91
698 58 22 91 88
698 402 46 57 49
577 477 35 40 36
577 148 65 94 83
577 451 51 58 52
577 767 36 79 69
577 359 56 93 83
577 63 90 99 92
577 746 15 33 25
577 727 13 62 36
502 749 50 100 74
502 351 71 94 94
402 587 60 98 93
402 424 36 69 42
402 607 46 71 50
282 559 47 91 87
282 701 38 89 66
282 504 13 49 30
122 576 76 97 78
122 205 53 69 69
122 12 88 97 93
254 657 86 97 86
254 350 72 80 77
254 185 59 95 76
254 286 62 93 63
108 479 46 68 60
108 636 81 98 88
108 319 11 70 12
319 586 90 99 98
319 357 73 100 73
319 212 17 92 55
319 418 72 85 73
319 149 42 58 49
319 510 28 94 28
331 653 19 82 49
331 103 91 99 99
331 553 11 19 17
110 564 63 66 63
110 531 61 89 74
110 285 78 80 78
110 668 50 86 65
564 389 67 75 67
564 48 54 87 83
564 299 76 91 86
531 760 21 70 48
285 455 75 89 84
285 261 30 79 32
285 156 46 51 47
285 517 11 33 19
668 593 15 31 31
668 750 56 65 56
668 289 72 97 87
111 659 20 34 27
111 301 47 81 70
111 634 57 100 87
111 731 22 87 43
659 662 56 85 58
301 483 13 20 19
301 739 49 77 71
301 160 27 89 50
301 513 27 90 75
301 436 43 65 51
301 726 33 44 35
301 3 81 96 84
634 720 56 88 62
634 422 18 75 34
731 236 50 95 84
112 25 87 96 90
112 382 88 94 90
112 78 11 27 25
382 410 36 88 56
382 713 50 88 80
382 736 58 63 62
382 310 92 93 93
382 653 41 52 43
382 692 28 72 61
113 180 41 70 55
113 517 75 93 88
113 403 67 71 70
113 39 31 99 96
113 556 88 97 92
113 117 67 68 67
180 226 49 99 57
180 179 67 86 79
180 67 51 56 51
180 537 37 59 46
180 543 57 74 70
517 435 73 97 91
517 239 68 81 74
403 675 43 63 56
556 148 25 28 27
556 492 39 67 55
556 162 82 88 83
556 117 51 69 64
117 367 77 87 85
117 508 66 72 71
117 327 80 97 91
117 64 92 96 96
260 63 78 94 85
260 557 12 95 87
260 574 72 95 72
260 318 38 71 49
116 463 87 93 91
116 698 56 67 65
463 319 74 99 84
463 591 88 89 89
463 0 46 58 55
463 84 79 83 82
367 446 92 100 96
367 569 84 89 89
367 155 84 97 94
367 291 81 94 82
508 313 41 50 49
508 390 67 90 82
327 385 36 86 56
327 151 90 97 97
118 734 82 87 84
734 436 66 91 66
734 370 51 76 67
734 22 43 82 50
734 330 92 94 94
734 161 91 92 92
734 12 81 96 81
119 31 70 84 73
119 228 77 81 78
119 761 53 96 79
119 644 50 52 50
119 447 41 62 61
228 290 54 76 67
228 698 66 73 72
228 51 57 78 77
761 693 67 99 83
447 679 29 34 31
120 651 38 73 62
651 168 76 94 93
651 370 93 96 96
651 340 87 100 91
651 248 78 79 79
651 299 40 99 66
121 275 40 64 57
121 1 74 88 81
121 482 51 69 68
121 131 78 87 86
121 561 32 79 51
275 740 79 89 81
275 760 10 39 25
275 683 32 48 45
131 498 89 96 94
131 568 53 70 55
131 674 35 73 68
576 707 53 100 91
576 46 10 47 43
576 514 54 78 69
205 391 13 86 31
205 144 89 96 93
205 305 23 77 37
305 721 52 60 56
305 471 36 60 48
124 727 39 40 39
124 472 12 34 12
124 17 65 99 70
472 447 78 97 94
472 705 16 93 54
472 54 74 86 79
472 222 53 82 72
125 515 84 99 92
515 53 20 67 57
515 529 61 74 64
515 748 31 72 58
515 699 27 76 75
126 516 65 84 79
127 250 64 92 85
127 612 79 98 93
250 524 76 80 80
250 653 21 53 40
128 450 31 96 62
128 374 14 43 20
128 236 47 86 83
128 736 15 96 68
128 63 50 69 50
736 279 70 94 90
736 431 33 56 56
736 438 92 95 95
736 289 65 71 66
736 61 82 95 89
756 440 75 78 78
756 130 54 70 58
766 660 36 43 39
766 394 54 79 76
568 388 79 90 79
568 28 28 31 28
568 150 24 87 38
568 182 94 98 98
674 769 58 69 67
674 456 80 87 86
674 112 42 52 45
674 278 71 83 71
132 526 86 98 90
132 596 82 96 86
132 237 35 46 41
132 418 58 64 61
132 749 51 94 87
526 461 90 98 94
526 121 30 45 36
596 680 13 49 25
596 352 63 66 63
596 219 62 87 78
596 444 12 78 19
418 492 78 98 86
418 647 57 66 64
418 258 80 99 92
418 308 23 59 53
749 423 74 98 76
133 520 13 79 16
133 365 68 77 75
133 214 37 84 54
133 412 24 45 37
133 341 55 87 64
214 702 33 70 66
214 526 86 97 97
214 404 22 30 26
412 507 26 98 83
134 176 53 98 77
134 12 51 76 51
134 675 90 100 90
134 112 88 93 93
176 700 47 57 47
176 424 29 41 29
176 619 95 99 97
176 19 70 77 73
675 660 21 83 60
675 243 20 33 24
675 475 18 81 19
135 117 83 92 90
135 13 49 77 54
135 640 21 34 33
135 100 73 94 85
135 15 67 74 67
135 528 74 80 80
135 460 16 35 31
640 596 21 59 35
640 364 39 81 80
528 260 92 95 93
528 161 15 67 34
528 685 37 72 39
460 296 94 99 95
460 760 44 52 52
460 443 33 86 41
613 686 62 90 89
613 466 36 86 60
613 670 49 80 72
613 642 28 86 30
613 648 94 99 96
613 671 69 73 70
641 293 30 70 37
138 566 74 96 87
139 124 16 29 18
139 285 86 90 88
139 588 93 96 94
139 363 61 74 63
588 228 49 64 59
588 359 14 92 61
363 603 15 73 54
363 252 64 67 64
140 251 42 81 65
140 648 49 89 67
140 368 46 99 67
140 314 91 99 94
251 0 62 86 83
251 31 50 94 52
648 568 19 70 42
648 487 76 90 78
648 236 45 55 48
368 651 93 100 99
368 222 13 48 14
368 592 50 63 50
368 482 70 72 70
314 698 84 99 95
314 63 19 91 26
314 483 10 45 20
314 741 80 88 88
314 389 53 81 64
314 578 32 46 46
314 231 84 88 86
314 372 67 69 67
571 424 36 98 85
571 508 36 97 83
571 149 56 61 59
142 241 62 98 91
142 71 94 95 94
142 469 82 92 89
142 741 33 94 72
241 377 12 78 76
241 193 27 33 33
241 602 84 97 95
241 759 19 88 78
241 12 19 54 48
143 490 57 66 62
143 528 55 68 56
143 291 24 32 30
143 142 86 88 86
291 388 64 98 70
291 10 59 91 64
291 70 47 51 48
144 242 56 58 56
144 10 55 81 75
144 11 78 98 92
144 126 75 92 85
144 337 35 71 35
242 723 12 62 51
242 599 95 97 96
242 95 30 99 57
337 189 39 95 55
337 250 81 97 92
337 539 14 86 43
145 694 64 85 70
145 759 85 90 87
145 710 27 39 27
145 649 20 45 20
759 396 11 26 14
759 517 24 26 25
759 530 79 90 83
759 33 79 96 96
649 400 80 85 83
649 630 19 21 19
649 700 10 11 10
649 223 95 99 98
519 183 39 99 86
519 655 36 85 58
519 130 27 31 27
148 141 31 69 52
149 529 36 39 38
149 639 75 77 76
149 568 72 92 86
149 735 89 99 96
150 291 93 100 94
151 475 37 62 54
151 246 78 79 79
151 293 66 99 94
475 458 10 60 36
475 339 86 98 92
475 355 34 78 38
475 4 80 95 93
475 409 64 81 75
152 747 62 100 100
152 443 80 88 87
152 501 42 84 48
152 735 34 98 70
152 28 23 53 28
443 319 10 83 61
443 666 34 65 39
443 322 11 83 16
443 386 78 84 80
501 174 31 38 36
501 620 80 92 83
501 676 95 97 97
501 295 92 98 98
501 360 22 75 63
622 70 35 85 77
622 686 56 73 71
622 603 26 44 27
622 44 26 99 97
622 707 27 91 46
283 707 60 100 99
283 396 66 79 77
283 577 81 86 81
283 637 37 99 54
315 212 56 78 57
315 493 67 68 68
315 547 53 86 68
315 302 89 96 96
155 621 56 92 73
156 167 52 84 64
167 196 10 26 21
167 706 26 48 35
167 564 95 100 98
157 577 71 78 74
157 207 11 52 21
207 697 95 99 98
158 47 64 71 70
158 713 20 84 78
158 551 57 99 99
158 765 15 42 23
158 42 64 66 65
713 272 93 96 96
765 638 35 90 87
765 261 60 64 62
159 582 75 89 84
159 131 31 57 32
582 393 38 64 61
160 485 84 95 85
160 527 19 95 23
160 754 37 84 81
527 698 78 90 78
527 211 27 99 71
754 137 36 97 96
754 567 68 90 69
754 480 80 97 96
754 248 14 67 47
754 558 81 84 81
161 699 59 92 61
161 10 55 82 75
161 720 89 94 93
699 736 53 69 56
699 298 37 81 42
699 496 34 48 34
699 408 92 94 94
699 334 63 77 68
720 637 24 54 51
769 362 74 88 88
769 27 82 93 91
769 329 64 95 72
769 359 36 85 78
769 417 11 56 11
673 154 30 94 94
673 142 80 97 82
163 699 62 87 83
163 186 54 81 59
186 449 74 91 78
186 191 11 69 18
186 606 79 90 86
186 96 70 97 96
186 77 34 55 38
164 402 63 70 65
164 215 39 84 71
164 630 32 55 50
164 427 71 87 79
164 168 58 78 60
164 708 49 75 63
164 137 55 78 60
215 84 28 76 36
215 287 68 72 69
215 362 20 58 20
630 388 69 70 69
630 142 24 78 31
630 322 60 75 75
630 29 81 93 86
630 509 72 89 72
168 502 14 42 31
168 764 50 55 52
168 39 83 88 85
168 203 57 79 79
168 20 68 78 71
708 302 55 81 75
708 130 14 47 34
708 262 13 28 28
165 279 63 85 79
165 144 59 79 79
165 57 35 74 49
165 325 22 49 45
279 319 84 91 88
279 273 53 68 68
279 538 76 95 78
279 30 55 98 59
279 127 85 98 87
325 763 18 99 89
325 636 19 78 31
325 368 43 84 64
325 768 49 55 53
672 246 58 90 67
672 241 80 92 84
196 442 61 73 62
196 138 39 55 39
706 321 46 63 59
706 435 87 94 91
706 697 38 73 53
764 507 60 83 78
169 766 35 75 57
169 337 60 66 66
169 36 39 49 42
169 697 63 100 96
169 157 90 94 94
697 665 21 32 24
697 734 58 71 65
697 638 71 90 84
697 485 34 60 48
697 215 38 43 38
697 62 50 66 65
170 685 77 96 81
170 723 59 88 81
170 0 60 85 83
170 327 64 99 86
171 129 73 77 75
171 396 14 84 24
171 344 74 84 81
171 544 51 70 52
171 586 86 94 93
171 742 95 99 99
396 309 37 42 40
344 762 10 47 24
344 519 58 62 58
544 134 60 70 64
544 618 51 78 52
544 117 85 93 90
742 568 44 94 83
742 173 50 65 52
172 292 59 99 90
172 289 83 84 84
172 283 91 94 93
289 39 75 98 93
289 143 84 95 85
289 96 31 67 35
289 215 29 70 44
610 322 53 87 70
610 409 55 80 75
610 687 88 93 88
610 190 52 78 59
619 667 64 98 92
619 280 57 93 66
619 696 15 71 31
366 747 40 67 51
181 682 81 96 84
181 444 29 51 36
181 299 48 63 58
181 424 81 84 81
181 314 52 67 54
524 42 86 96 87
524 556 81 89 83
524 134 56 96 57
524 477 69 85 76
524 358 46 52 51
524 311 95 99 99
179 705 59 88 85
179 497 29 71 45
179 101 60 93 62
179 312 73 84 78
179 374 22 80 52
179 627 25 28 27
179 525 50 62 52
497 660 62 93 86
497 80 37 58 43
497 753 87 97 97
537 767 11 62 16
543 430 88 95 89
543 764 33 69 39
543 766 75 81 81
183 425 11 73 16
183 162 84 93 89
183 128 11 90 59
183 114 22 43 23
449 168 64 65 65
449 190 56 91 81
191 398 41 54 43
191 515 66 96 81
606 609 70 84 84
606 499 56 81 79
606 333 93 98 96
606 245 30 79 64
606 77 14 38 38
187 121 17 53 51
187 746 63 96 96
187 586 29 31 29
746 296 12 88 74
746 557 46 97 77
746 354 76 94 94
746 466 22 30 23
188 445 77 95 83
188 575 32 64 43
188 535 38 53 51
188 145 91 100 95
188 144 39 89 86
445 281 27 33 27
445 662 35 95 48
575 552 37 69 68
575 366 61 63 62
575 387 48 49 49
575 64 86 90 87
575 766 55 60 57
575 308 31 79 71
575 743 13 46 32
575 314 56 79 62
189 352 37 52 40
321 310 32 40 34
321 121 67 69 67
768 84 68 74 74
398 410 55 79 72
398 592 26 60 44
398 672 81 95 89
398 395 74 99 92
398 151 49 55 54
192 155 84 91 88
192 129 88 91 88
192 682 14 89 18
192 258 76 84 76
258 633 45 94 82
258 513 33 36 36
258 507 63 74 72
258 482 10 75 12
193 144 29 83 36
193 506 30 80 40
193 729 15 46 17
193 441 83 91 85
506 80 56 86 79
506 674 73 80 73
506 649 53 95 86
506 568 72 90 80
729 543 11 76 21
729 527 61 88 77
729 366 58 79 78
729 443 70 73 71
729 408 49 82 55
729 619 50 100 68
643 600 73 95 79
643 595 47 72 64
643 191 19 84 47
458 734 68 89 83
458 476 25 49 46
458 103 38 45 45
458 618 62 82 67
480 156 65 84 65
480 475 37 92 84
480 636 79 87 85
545 766 50 80 52
545 262 47 100 72
545 454 10 66 53
545 570 63 97 70
333 207 21 42 38
333 477 61 96 65
333 512 43 52 51
333 179 17 68 46
386 30 17 57 23
386 18 74 82 74
386 751 20 59 23
386 411 27 79 48
386 387 85 93 90
386 588 33 71 40
386 179 68 73 70
199 709 20 64 63
199 615 54 81 63
199 550 95 98 98
709 234 24 47 36
709 62 94 97 96
709 752 87 95 93
615 101 29 59 38
615 319 44 53 45
615 588 84 90 86
615 336 52 64 64
615 414 92 96 95
615 215 40 47 46
200 536 52 90 57
200 679 16 70 26
200 341 85 89 89
679 5 78 90 81
679 216 55 94 75
201 454 37 83 38
201 752 50 57 50
201 258 71 76 72
201 450 38 88 85
201 425 51 76 68
201 209 49 91 90
201 644 50 87 51
454 459 13 93 53
454 522 21 41 26
454 688 68 98 84
454 262 46 95 95
454 665 20 75 74
454 156 54 56 56
752 523 40 59 59
752 747 44 82 65
202 476 19 26 19
202 516 23 92 81
339 271 62 96 76
339 292 19 72 69
339 3 24 95 25
339 653 85 88 86
339 1 86 100 92
339 648 20 83 63
204 748 84 87 84
204 628 37 38 37
748 77 73 84 81
748 648 26 59 54
628 747 18 25 22
628 176 19 73 53
206 740 42 86 68
206 19 31 53 38
208 112 92 99 92
208 656 41 58 58
208 766 89 95 90
208 392 49 58 49
392 768 75 79 75
392 593 56 61 60
392 619 28 56 44
392 759 20 23 20
392 126 39 43 42
357 486 71 83 74
357 573 30 71 56
357 584 40 60 46
357 59 41 62 52
580 112 29 72 63
580 707 11 100 84
580 612 85 93 92
580 8 69 73 72
580 170 65 89 71
210 554 17 70 68
210 620 87 97 96
210 283 43 60 50
210 66 92 93 92
554 11 37 85 71
554 45 83 86 83
554 306 16 87 67
554 761 58 97 70
211 594 54 75 56
211 444 42 50 43
211 74 64 70 69
594 6 45 83 77
212 207 69 97 88
212 726 45 70 55
212 525 59 65 63
212 64 88 94 92
212 187 93 95 95
212 552 23 91 25
212 296 19 55 43
212 368 82 83 83
726 705 65 76 73
726 132 61 72 71
726 435 47 56 53
726 666 42 84 42
552 251 66 90 82
552 419 93 98 97
552 201 14 36 19
296 502 10 41 15
702 527 43 58 43
702 124 35 79 48
702 723 57 67 57
702 430 11 59 46
404 310 12 31 31
404 62 70 82 71
404 462 50 74 65
404 440 30 66 33
428 239 57 68 66
428 378 61 91 81
428 719 81 100 88
219 335 32 94 90
219 125 32 36 36
219 258 45 48 46
219 265 41 53 43
219 287 44 92 71
219 400 33 94 71
219 183 52 81 56
335 358 84 93 84
335 36 49 60 51
220 667 87 99 97
667 165 88 89 89
667 58 74 85 80
667 368 84 99 96
221 397 81 86 82
221 277 68 78 69
221 121 51 52 52
221 625 93 96 95
277 506 50 91 64
277 202 77 98 90
625 602 95 97 96
625 601 41 74 42
222 496 26 53 40
222 224 32 51 46
222 350 85 99 95
496 149 44 82 64
496 344 57 67 58
496 394 30 70 40
496 278 52 66 61
224 756 80 98 86
224 406 38 97 43
350 530 36 78 41
350 407 36 95 76
223 48 31 54 47
223 429 73 74 73
223 30 61 99 73
223 270 26 93 52
223 389 59 86 74
429 13 77 88 79
429 500 68 84 76
429 517 30 49 33
270 30 68 77 68
270 218 66 75 74
270 596 79 86 85
406 473 33 96 95
406 681 67 84 72
406 560 60 79 78
225 257 54 74 63
225 239 50 87 72
225 760 95 96 95
225 616 69 84 78
257 335 90 92 90
239 147 81 88 85
239 683 55 73 70
760 136 58 70 69
760 753 84 94 85
616 50 18 65 49
616 341 74 80 76
616 747 35 63 53
616 371 34 44 40
616 289 79 91 84
616 495 61 64 62
227 303 15 62 19
227 202 46 60 57
290 631 79 87 85
290 539 84 91 87
603 227 19 29 24
603 37 74 76 75
231 257 14 79 34
231 614 56 76 62
231 51 25 26 26
231 472 27 94 80
614 621 35 53 48
614 685 10 36 22
473 439 13 44 34
473 28 48 100 76
473 312 86 91 88
495 599 76 83 77
495 764 12 66 23
495 359 44 64 55
495 237 10 85 45
495 448 90 96 93
495 390 23 69 63
495 615 47 95 79
676 560 27 62 48
676 50 85 96 95
676 135 43 54 51
676 428 82 85 84
676 629 38 92 80
676 614 57 84 76
676 551 78 80 78
234 317 88 98 93
234 744 82 87 87
234 387 18 61 41
234 468 62 100 89
234 588 14 16 14
234 29 18 57 50
234 176 56 65 60
744 286 23 38 37
744 96 51 83 68
744 574 66 85 68
744 725 65 70 69
744 268 14 50 44
387 692 71 87 73
468 262 70 71 71
468 407 67 100 92
468 768 14 38 21
468 172 21 71 61
468 512 81 92 89
468 276 22 75 63
468 79 42 88 57
235 397 18 24 24
235 125 51 91 53
235 315 23 79 66
683 55 73 98 80
683 570 80 99 80
683 364 82 95 82
683 742 45 93 69
240 578 81 95 94
240 101 33 76 36
240 358 95 97 96
578 646 68 84 81
578 139 31 77 77
578 214 54 100 90
377 118 86 89 88
599 192 12 100 84
244 66 83 100 98
244 116 28 55 54
244 423 56 73 62
244 281 29 63 30
244 359 26 46 29
244 97 57 74 74
423 162 82 96 96
281 443 21 28 27
281 277 29 32 29
281 754 38 99 72
281 563 86 99 89
359 634 24 90 37
245 147 91 96 95
245 429 28 36 34
245 202 23 89 75
245 308 11 74 29
308 162 35 37 35
308 743 75 79 75
308 679 58 77 64
308 279 60 71 71
308 635 89 100 91
308 260 51 57 53
300 612 34 65 59
300 705 23 63 42
300 160 16 67 50
300 173 37 69 53
300 496 85 90 86
300 90 34 77 60
311 704 13 64 23
311 107 42 77 57
311 610 43 84 43
311 735 39 46 41
311 595 63 92 65
248 681 65 72 72
248 415 90 93 92
248 322 13 86 65
248 419 85 89 85
248 275 92 93 93
248 89 28 77 43
681 116 81 92 91
681 323 54 100 81
681 429 83 100 100
681 308 40 59 59
681 586 67 85 75
681 309 60 88 84
681 759 67 98 91
322 595 88 100 98
322 275 62 79 72
419 685 80 93 84
249 413 76 85 76
249 709 93 98 96
249 596 13 93 44
252 465 23 65 26
252 156 70 84 80
465 699 79 99 91
465 236 36 74 74
465 516 45 56 47
253 605 62 67 64
253 352 24 75 50
253 747 87 92 91
605 468 39 53 52
605 674 14 18 15
657 687 23 89 61
657 599 44 66 48
255 151 67 98 87
256 400 76 95 88
256 295 28 42 33
256 337 39 91 60
256 451 52 89 65
256 199 73 92 73
633 764 33 84 78
633 402 21 48 30
633 467 85 96 94
633 567 66 96 85
507 498 36 68 61
507 266 73 80 76
507 228 32 58 34
507 55 51 63 61
507 511 91 96 92
259 642 53 81 76
259 701 54 73 56
259 728 47 70 53
642 521 84 93 86
642 138 78 84 80
642 605 10 72 22
701 745 75 99 80
701 301 86 94 87
701 676 54 57 55
701 353 65 81 70
557 674 51 64 61
574 208 86 100 91
574 633 77 85 79
261 740 58 68 62
261 257 53 68 54
261 513 36 72 41
261 528 52 54 53
262 644 19 82 37
263 256 77 98 80
263 197 10 27 26
263 437 28 84 62
263 680 69 96 74
263 452 18 62 48
680 239 47 78 58
452 223 49 64 56
452 425 59 62 60
452 655 27 85 34
452 510 85 86 86
452 316 73 88 87
264 327 11 63 47
264 45 15 90 45
264 442 80 94 80
264 170 87 98 90
264 112 94 100 96
264 248 42 45 45
264 109 79 81 80
560 314 56 72 62
560 674 83 86 83
560 462 66 76 72
560 660 71 98 91
351 344 69 75 74
351 615 58 97 73
609 244 59 86 78
609 554 83 85 84
609 270 15 43 21
609 447 71 79 76
626 405 82 95 86
626 751 24 26 24
626 136 48 53 52
626 567 50 66 66
626 332 74 100 83
626 558 45 98 96
493 633 65 70 69
493 532 11 95 34
493 125 71 96 83
267 123 33 72 65
267 405 35 48 42
268 186 47 66 59
268 425 18 57 48
269 109 42 55 44
271 86 41 68 49
271 446 78 85 79
271 600 28 79 40
271 37 30 58 51
271 3 34 60 54
272 10 45 56 55
272 142 54 55 55
272 537 44 94 72
272 576 51 92 65
272 759 37 77 71
273 9 11 72 21
273 337 43 93 79
273 731 62 95 93
273 539 44 56 56
539 223 89 100 95
539 458 18 28 25
539 76 50 79 56
276 372 70 95 90
276 211 31 69 52
276 317 36 97 81
276 618 51 55 52
276 44 43 63 63
276 97 49 61 56
276 29 12 43 34
276 356 83 94 83
372 765 28 69 32
372 641 52 85 61
372 167 87 100 92
618 62 10 99 16
618 291 94 99 96
618 112 19 73 67
618 61 47 79 64
356 411 55 93 81
356 648 22 84 52
356 666 72 76 76
356 413 76 79 76
278 464 41 82 75
278 500 14 65 16
278 708 73 96 73
464 432 25 28 25
464 460 95 100 99
464 74 90 91 91
464 15 27 83 61
538 166 42 52 51
538 485 34 73 56
538 78 81 97 81
538 126 83 96 87
538 663 70 72 70
280 617 86 99 98
280 700 13 52 18
280 127 50 75 69
280 203 27 91 83
280 282 26 40 27
563 137 11 43 27
563 558 28 56 35
563 216 29 91 89
559 498 13 16 14
504 513 45 72 71
504 500 37 100 37
504 635 94 98 96
637 89 90 99 97
637 296 10 91 87
714 636 18 23 19
714 552 55 61 59
714 509 45 88 87
714 589 36 58 37
660 57 41 93 91
660 36 37 82 51
660 275 90 100 97
431 457 33 35 34
431 687 43 56 53
431 625 54 87 58
455 632 63 90 64
455 78 78 84 84
455 613 21 32 27
455 107 89 93 90
725 62 33 99 37
725 80 14 83 62
725 767 60 83 66
288 413 28 67 51
631 420 22 78 31
631 91 53 58 57
631 108 75 86 81
631 351 35 79 66
631 466 86 97 92
631 170 71 98 84
631 303 63 91 87
631 449 38 65 64
631 338 78 98 79
598 583 52 66 60
598 536 33 50 43
598 518 76 83 79
422 348 82 97 90
422 418 83 88 86
422 154 62 87 73
422 621 25 65 39
422 228 86 97 90
686 370 80 99 85
686 176 89 100 96
297 27 45 68 65
297 349 72 95 74
298 642 31 55 34
298 56 82 87 84
298 514 69 86 70
306 111 93 95 95
306 600 55 97 86
306 693 66 92 66
306 513 39 81 77
306 390 65 84 72
693 163 34 77 70
693 548 63 99 77
693 137 81 100 89
693 142 71 90 86
693 332 83 97 95
307 351 27 45 38
307 579 31 52 41
307 364 43 54 47
364 3 42 53 50
743 280 65 94 71
743 29 42 80 57
309 265 87 90 89
309 514 48 57 53
309 656 95 99 98
310 674 34 53 35
310 46 85 89 88
704 671 55 84 81
313 622 84 92 86
313 462 86 89 89
313 575 75 83 81
462 3 36 64 57
462 708 67 98 67
510 437 89 99 95
510 431 44 64 63
320 699 83 86 83
360 656 57 87 58
360 710 74 91 76
360 54 43 66 46
360 236 66 98 67
360 570 12 94 41
324 684 32 67 52
324 298 37 95 47
684 380 64 81 73
684 643 12 89 64
684 223 19 57 32
684 328 29 46 36
684 708 49 89 88
763 195 17 63 42
763 97 92 97 94
763 14 52 54 52
326 382 35 87 87
326 388 21 86 22
326 333 79 97 89
326 533 91 94 92
326 605 52 73 60
326 664 14 44 40
533 487 76 90 79
533 105 13 86 27
329 544 51 77 64
329 353 36 82 60
329 607 60 86 80
607 311 88 100 97
477 180 94 99 94
477 340 79 100 79
477 663 23 39 35
512 464 64 68 68
512 177 25 80 26
512 229 95 99 96
512 413 17 90 56
512 218 78 79 79
565 191 27 35 27
565 361 59 66 62
565 537 59 68 67
340 706 90 99 91
342 682 68 84 74
342 716 93 98 95
716 295 52 86 69
716 358 91 93 91
737 642 95 98 97
762 341 14 93 32
762 97 76 77 77
570 420 88 93 93
347 237 70 75 70
347 555 36 83 47
347 368 78 83 78
347 472 18 65 57
407 494 40 53 47
407 514 57 67 61
354 541 66 79 77
354 75 51 81 51
354 520 51 63 54
541 189 73 96 95
541 431 36 53 44
541 86 57 61 60
629 529 31 63 51
629 384 17 69 64
629 720 21 34 34
486 260 28 92 65
486 756 87 89 87
486 115 75 88 83
486 626 15 18 16
361 78 85 92 85
361 149 65 74 66
715 564 34 91 55
380 6 40 61 40
380 712 63 72 64
380 51 57 98 98
730 305 50 95 64
730 722 29 51 42
730 572 38 87 68
730 539 24 99 75
730 699 45 78 49
569 288 16 93 55
569 573 81 92 92
569 739 79 80 79
569 182 21 61 53
370 94 25 71 37
370 400 94 97 96
370 35 29 60 45
370 451 56 96 70
370 689 75 85 82
654 385 22 43 22
654 104 55 56 55
654 64 40 56 44
654 73 85 91 86
654 144 38 50 45
654 704 81 92 90
654 521 21 29 22
381 448 69 79 75
381 541 16 83 58
375 647 56 57 57
375 6 62 77 73
375 764 20 86 31
375 352 95 100 96
647 132 87 96 93
647 540 14 30 14
647 652 55 68 61
376 62 60 97 78
376 86 31 39 38
376 478 77 93 91
376 258 84 95 85
376 498 55 74 58
376 525 95 96 96
478 404 84 94 85
478 292 81 89 89
378 290 57 74 61
378 761 33 44 41
379 253 90 95 91
379 385 85 88 88
410 686 76 95 85
410 395 55 73 66
410 475 54 82 57
410 98 58 83 60
410 460 29 78 57
410 102 78 82 80
692 728 81 98 91
384 769 80 98 80
384 575 67 99 77
384 268 24 47 32
384 198 69 91 81
623 531 41 85 49
623 465 61 71 62
623 534 11 59 38
534 624 39 90 59
534 641 20 91 87
669 575 91 99 96
669 472 15 27 22
624 384 14 32 21
624 667 34 92 40
624 380 86 93 87
624 417 90 99 98
624 49 79 100 95
395 232 42 92 71
395 353 33 77 65
395 552 22 88 24
399 24 10 14 12
399 272 21 56 22
399 58 10 70 36
399 461 88 91 91
399 132 73 76 75
587 341 21 48 47
587 543 86 93 93
587 369 94 96 95
587 137 51 66 61
494 551 91 98 92
494 60 89 93 89
494 702 24 35 26
494 473 14 48 32
409 281 44 75 51
409 457 77 90 82
409 530 30 64 43
409 256 90 96 96
414 318 47 80 80
414 688 63 99 84
688 301 91 97 91
688 206 25 55 39
688 601 61 90 74
688 197 10 22 11
688 700 80 83 80
417 317 77 89 87
417 54 37 80 60
492 434 67 83 75
492 235 19 24 23
492 131 81 86 81
492 482 56 95 78
420 247 27 82 31
420 212 51 65 65
420 657 65 77 76
421 627 63 96 85
421 706 45 97 79
421 139 20 30 26
426 292 12 67 49
426 496 27 55 29
426 112 51 82 72
426 486 33 44 35
719 54 64 74 64
719 552 26 87 51
719 644 19 40 26
439 755 57 78 77
439 10 60 83 68
439 318 12 61 27
439 463 13 92 83
662 110 71 86 71
662 407 20 44 41
662 19 21 92 29
558 43 68 77 76
558 276 34 53 35
655 239 51 85 84
655 86 44 47 46
456 329 95 98 98
456 77 72 79 74
456 453 69 98 89
499 308 90 94 91
499 7 95 100 97
532 212 60 63 61
532 200 44 49 46
532 59 15 20 20
532 743 15 98 16
467 401 23 72 36
467 55 35 87 49
467 617 71 79 71
467 68 51 100 78
467 321 26 35 33
470 524 23 64 35
470 217 37 99 96
470 203 37 46 40
474 693 57 87 84
474 83 74 94 91
474 245 71 86 75
663 41 10 76 42
670 575 87 98 98
670 82 68 83 69
670 430 38 100 81
670 578 19 95 45
670 173 67 95 75
670 512 74 84 77
670 459 82 84 84
604 591 87 96 94
604 472 38 99 75
604 384 77 95 90
521 201 71 73 73
521 641 86 94 92
521 629 46 100 98
484 154 24 66 64
484 388 58 78 63
484 358 45 84 80
484 424 57 68 62
484 316 35 75 55
488 516 56 85 83
488 473 78 82 78
489 646 94 98 95
489 377 92 100 96
489 586 58 70 62
491 703 45 55 52
491 353 24 88 75
491 63 94 100 98
491 325 23 27 25
753 555 84 93 90
753 368 20 73 47
753 318 49 71 57
753 233 21 25 21
753 600 17 98 73
753 53 38 60 51
503 731 25 47 29
503 204 44 87 61
503 281 20 40 22
503 725 53 55 54
503 110 16 57 51
511 711 52 81 71
511 594 29 82 52
711 224 90 97 90
518 344 39 56 43
518 700 62 76 63
518 694 64 93 88
523 692 15 51 32
523 606 28 30 29
523 87 39 70 65
542 711 23 50 50
542 248 38 47 44
542 140 36 60 41
542 148 47 89 78
542 152 33 51 39
542 692 66 90 75
724 101 88 95 90
724 59 19 91 35
724 496 50 61 50
724 745 69 71 69
724 87 93 100 99
724 662 66 79 67
608 254 94 98 94
608 137 81 97 93
567 583 16 66 31
567 162 40 91 77
572 187 41 75 42
597 413 56 88 68
597 432 57 74 74
645 573 36 44 38
650 296 24 75 38
650 389 79 80 79
650 123 84 86 84
650 233 57 66 63
658 566 46 50 50
658 517 27 70 52
658 123 17 74 40
658 494 47 96 89
658 466 74 83 81
661 207 17 18 17
661 347 41 46 45
661 70 62 75 62
750 603 80 98 82
750 724 89 91 89
677 665 88 93 90
677 166 18 82 64
677 426 63 77 75
677 681 55 79 56
717 653 35 76 65
717 480 31 46 42
717 411 66 77 69
717 372 30 45 31
717 425 36 87 73
722 335 16 32 28
732 576 41 80 70
0 769
