516 1845
0 315 56 65 63
0 422 41 48 44
0 476 79 85 79
315 254 18 39 19
315 63 20 34 22
315 484 58 98 81
422 34 50 65 58
422 485 50 56 54
476 466 84 100 100
476 515 66 87 77
476 483 63 75 73
476 120 37 41 39
1 332 32 71 43
1 192 71 78 76
1 503 55 87 73
1 400 61 80 72
1 90 16 49 45
332 298 43 64 57
332 185 35 44 36
332 470 83 91 87
332 111 27 53 33
332 386 66 79 68
192 202 80 88 87
192 351 45 53 52
192 40 91 96 94
192 91 87 94 94
503 373 17 100 68
503 79 35 62 37
503 482 39 68 40
503 261 82 94 92
503 82 35 92 35
400 483 85 87 85
90 259 56 64 58
90 226 75 87 77
90 186 43 64 58
3 279 74 90 76
3 487 89 95 95
3 258 95 97 96
279 434 73 75 75
279 244 83 93 91
279 242 95 97 96
279 48 13 58 58
487 56 38 95 95
487 295 84 91 86
487 102 41 80 68
487 6 49 86 78
258 231 33 58 47
258 76 51 80 72
258 130 84 93 86
4 189 24 42 38
4 204 93 96 93
4 210 31 87 56
4 252 56 94 65
189 122 18 22 19
189 128 63 77 64
189 498 17 54 21
204 68 49 73 66
204 495 87 91 87
204 70 75 87 87
210 45 31 92 55
210 284 36 52 40
210 208 47 99 92
210 153 22 99 70
252 142 36 76 69
252 28 80 92 85
5 510 64 71 68
510 268 80 89 88
510 80 10 53 17
510 123 60 90 62
510 426 38 48 46
510 117 19 95 87
6 20 50 87 75
6 490 50 52 51
6 69 71 95 76
6 64 84 91 90
6 181 53 58 57
20 43 25 34 30
490 123 63 68 63
490 308 78 82 79
490 61 12 74 27
490 262 50 84 58
490 301 18 99 24
490 180 29 51 37
490 116 10 72 45
490 198 82 83 83
490 140 82 98 85
69 260 44 99 77
69 294 19 26 26
64 19 26 84 82
64 66 43 93 45
64 80 64 90 72
181 209 28 94 85
181 45 92 99 94
7 364 68 74 69
7 6 92 98 92
7 400 80 100 87
364 135 19 71 47
364 363 59 76 60
364 239 76 92 79
364 465 55 78 56
364 303 30 58 50
364 282 53 100 100
364 444 67 79 69
364 395 32 43 43
9 433 35 39 36
433 72 68 91 77
433 113 88 93 88
433 27 15 88 60
433 270 40 72 40
433 3 63 90 88
433 264 15 32 25
10 452 75 88 77
10 299 79 95 94
10 41 69 77 73
10 107 63 94 92
10 499 25 100 86
10 312 64 78 77
452 495 17 28 21
452 251 89 90 90
452 174 10 23 12
452 328 61 92 71
452 140 32 42 42
299 190 29 44 39
41 150 22 94 91
41 47 88 93 89
107 315 15 70 69
107 384 59 60 59
107 325 38 48 45
107 141 87 98 96
107 503 22 23 23
107 81 55 70 69
107 139 56 71 68
107 43 15 28 25
107 265 49 98 88
107 191 55 81 64
499 427 90 98 91
499 342 69 98 70
499 391 55 64 62
499 39 37 71 43
312 34 17 57 36
312 477 15 23 20
312 397 63 81 64
312 456 75 78 76
11 109 23 82 29
11 71 79 97 82
11 225 27 31 29
109 415 57 89 60
109 263 90 99 90
109 63 64 91 86
109 503 55 86 80
109 362 34 60 35
109 150 52 70 56
109 195 61 94 85
71 286 17 47 38
71 359 57 76 73
71 14 14 41 22
71 301 44 91 64
71 422 19 68 45
71 407 33 73 39
71 440 19 65 46
71 397 37 40 39
225 263 40 71 55
225 472 60 78 70
225 199 43 60 56
225 12 37 89 43
12 32 82 97 94
12 240 35 100 78
12 399 62 70 70
12 137 87 91 89
12 143 46 87 82
12 20 44 52 44
32 396 15 28 23
32 181 37 43 39
32 265 18 73 68
240 233 82 90 86
240 170 25 41 30
240 367 69 85 77
137 247 30 41 36
137 413 88 92 89
137 35 48 78 70
143 158 50 71 53
143 472 33 49 42
13 194 72 99 90
13 304 37 52 49
13 349 95 99 97
13 228 49 56 55
13 500 84 97 89
194 80 95 97 95
194 104 94 95 95
194 243 19 76 59
194 422 42 71 55
194 395 74 95 95
304 230 41 42 42
304 417 78 94 84
349 164 82 97 92
228 375 27 89 50
228 72 46 72 50
228 16 57 72 63
228 324 63 88 66
500 371 52 73 59
500 353 63 68 65
500 159 71 92 92
500 119 32 92 70
14 234 37 43 40
14 480 82 99 92
14 440 52 96 86
14 475 38 57 44
14 508 69 91 85
234 415 64 82 72
480 185 19 66 24
480 144 48 77 67
480 322 61 92 86
480 63 31 39 36
480 358 74 95 94
480 19 91 96 91
440 489 80 88 86
440 161 25 100 75
440 318 28 84 54
475 403 15 75 44
508 39 86 91 91
508 94 37 50 48
15 356 70 93 79
15 385 23 85 26
356 422 11 47 24
356 230 62 67 63
356 208 15 46 46
385 430 88 89 88
385 13 45 46 45
385 476 64 66 64
16 426 36 68 56
16 280 94 95 94
16 75 29 85 62
16 258 93 99 94
426 482 34 40 38
426 251 14 30 20
426 383 11 87 51
426 117 82 91 84
280 494 90 96 92
280 35 14 57 56
280 321 23 51 26
280 277 73 95 87
280 272 31 54 54
280 307 15 87 29
280 472 13 38 34
75 18 36 48 47
75 177 12 66 48
75 420 41 57 46
75 7 85 91 89
17 128 47 88 60
17 27 31 94 65
17 135 79 94 92
17 410 11 60 37
17 455 51 71 67
17 485 35 87 66
17 45 48 97 79
17 473 49 73 50
128 5 29 66 50
128 248 30 31 31
128 14 26 67 62
128 359 83 96 83
128 371 88 93 93
128 266 75 95 75
27 85 51 78 63
27 220 74 75 74
27 254 56 59 59
135 404 18 53 27
135 434 66 100 93
135 210 87 93 92
135 28 64 66 65
135 378 89 97 93
410 106 55 80 74
410 355 58 80 75
410 53 14 16 16
410 164 15 65 29
410 297 69 94 84
455 236 26 43 41
455 174 45 51 48
455 4 71 82 76
455 239 23 41 32
485 181 17 55 19
45 115 39 53 42
45 140 25 100 45
45 512 43 87 50
473 418 43 93 49
473 476 45 99 83
473 503 90 91 91
473 412 65 93 67
18 86 75 82 75
18 119 87 92 88
18 511 59 83 59
18 461 22 91 66
86 480 30 68 30
86 175 87 89 88
86 312 27 96 38
86 303 75 76 75
86 242 40 81 69
119 460 62 80 76
119 179 66 68 66
119 192 93 99 99
511 397 72 78 72
511 178 26 35 34
461 284 70 88 76
461 56 54 65 56
461 164 41 97 91
461 499 76 90 81
19 37 57 64 62
19 74 95 100 96
19 224 11 72 67
37 367 88 96 90
37 286 53 95 70
37 214 62 67 63
37 63 81 94 90
37 237 23 52 26
37 366 17 41 24
37 150 91 100 91
37 120 32 59 40
74 367 90 91 91
74 141 38 81 48
224 308 92 94 92
224 387 46 75 73
224 91 25 84 56
224 152 59 82 66
224 1 61 89 61
224 248 69 83 75
224 482 29 53 29
43 326 17 58 45
43 333 11 64 60
43 81 43 88 77
21 292 23 72 44
21 43 49 51 50
21 57 73 83 73
21 271 92 100 95
21 84 22 87 44
21 310 40 55 55
292 122 90 93 93
292 48 85 99 92
292 320 76 95 78
292 454 91 94 93
292 41 19 76 67
292 377 21 43 32
57 268 40 97 89
57 322 34 36 36
271 86 17 30 23
271 390 67 76 69
271 23 65 85 82
271 169 56 65 57
84 369 82 88 84
84 393 32 69 39
84 362 56 90 65
84 82 15 56 26
84 204 41 45 43
310 26 12 39 23
310 475 83 87 87
310 500 19 95 49
310 203 72 88 88
22 56 13 76 44
22 328 71 92 86
22 133 12 82 30
56 397 35 74 38
56 306 12 100 84
328 170 73 91 89
328 423 18 26 25
328 50 36 96 77
133 265 33 95 87
133 192 27 86 48
133 68 31 88 88
23 133 77 95 94
23 142 57 62 61
23 349 48 70 57
142 77 40 61 59
142 50 12 16 16
142 54 76 87 85
142 85 63 79 69
24 445 94 100 95
24 423 60 61 61
445 114 57 84 61
445 76 43 56 46
445 141 53 93 85
445 203 24 37 36
423 51 85 89 88
25 298 87 88 88
25 325 59 61 61
25 288 19 34 22
25 108 62 96 78
25 36 33 86 57
298 59 22 57 46
298 439 34 39 36
298 467 29 58 52
325 277 74 77 77
325 281 55 97 90
325 58 54 94 91
325 62 56 79 61
325 201 15 80 43
325 76 44 78 71
288 175 51 76 61
288 21 58 99 59
288 307 50 53 53
288 511 25 61 32
288 246 13 28 19
288 500 78 82 80
108 466 36 89 86
108 78 71 99 98
36 51 59 87 80
36 422 16 41 19
36 415 71 86 84
26 269 28 44 30
26 450 54 90 84
26 162 60 92 68
26 28 87 95 90
26 380 87 93 89
26 23 81 83 83
26 46 22 96 44
269 435 64 97 80
269 94 94 97 95
269 119 10 70 41
269 270 22 52 51
269 122 69 73 73
269 231 30 69 37
450 289 31 38 31
450 316 42 51 43
450 54 15 68 67
450 493 79 99 95
450 492 34 99 84
450 443 16 30 16
450 34 75 100 77
450 2 10 31 26
162 160 43 54 50
162 84 72 85 73
28 270 38 63 52
28 22 51 98 63
28 296 36 50 40
380 70 59 94 64
380 190 11 26 20
380 120 75 76 76
380 251 55 81 72
380 279 46 65 50
380 206 58 80 73
46 64 68 87 75
46 472 22 51 48
46 189 94 95 95
46 286 48 89 50
46 245 13 91 60
85 235 82 85 83
85 299 71 72 72
85 232 62 73 67
85 383 52 82 61
85 117 30 47 43
220 1 59 94 73
254 157 71 97 94
254 363 42 88 49
254 172 27 54 32
270 35 30 48 32
270 371 44 55 44
270 172 73 95 84
296 215 17 74 18
296 377 68 83 80
296 55 46 79 46
296 326 37 76 49
296 286 63 88 65
29 266 95 97 96
29 369 50 53 50
29 350 57 87 82
29 507 48 58 56
266 22 77 89 81
266 173 61 87 75
369 310 55 65 61
369 425 67 78 69
369 235 53 78 61
369 423 72 100 91
369 258 54 93 75
507 325 32 37 35
507 419 30 51 48
30 176 47 51 51
30 179 42 60 53
30 213 72 81 75
30 500 80 82 81
176 204 39 97 45
176 380 85 91 87
176 120 21 34 25
176 498 39 41 41
179 51 85 90 90
179 424 86 96 86
179 411 80 95 89
179 289 38 94 47
213 216 60 85 69
213 46 10 59 18
213 244 11 51 11
213 234 30 48 39
213 33 56 66 57
213 34 82 84 83
31 211 48 75 69
31 276 18 81 76
31 110 47 86 68
31 9 47 69 47
211 9 49 96 81
211 463 27 60 59
211 418 63 71 67
276 54 71 95 81
276 309 45 59 50
110 164 77 81 78
110 213 35 56 39
110 70 88 89 89
110 273 15 95 42
110 226 74 98 85
110 52 80 83 80
396 303 39 68 63
396 2 83 94 93
396 56 28 98 39
396 162 16 100 28
396 235 34 98 58
396 449 82 90 90
265 334 83 86 83
33 221 37 40 37
33 204 52 55 55
221 225 33 42 37
221 491 76 78 76
221 444 35 37 36
221 396 50 70 65
221 434 20 96 82
34 228 66 90 84
34 189 76 99 83
34 346 77 85 82
34 435 16 28 28
34 210 86 100 88
346 244 35 69 62
435 355 60 88 79
435 346 55 59 56
435 31 44 62 50
435 60 61 79 77
435 423 91 97 96
435 296 49 98 67
435 283 35 61 60
35 482 17 83 40
35 201 81 100 88
35 75 93 94 94
35 189 27 96 83
35 115 39 45 45
35 228 66 75 74
35 324 11 59 56
482 125 49 57 49
482 285 59 81 77
482 99 26 84 26
482 101 39 64 51
482 410 73 97 96
482 451 50 67 59
201 37 58 82 70
201 67 19 77 66
201 318 47 67 54
201 311 68 92 92
115 217 89 90 90
115 401 90 100 91
115 358 41 51 50
324 174 27 90 48
51 378 90 100 96
51 402 20 26 23
51 287 79 87 87
51 31 76 78 78
51 417 74 79 79
415 457 87 93 90
415 180 57 100 75
415 34 78 97 85
367 409 13 57 32
367 337 64 83 79
367 229 62 78 78
367 195 84 97 93
286 65 85 99 98
286 168 62 68 65
286 165 79 91 87
286 125 88 91 89
286 176 27 73 50
214 19 71 88 73
214 252 17 28 25
63 71 86 88 87
63 136 37 75 56
63 147 58 98 84
237 248 44 50 48
237 338 36 48 41
237 95 85 90 87
366 71 47 52 49
366 298 33 56 38
150 121 91 99 94
150 75 21 70 27
150 145 86 90 88
150 141 18 87 58
150 396 12 40 24
150 463 51 84 67
150 5 85 96 87
120 78 81 95 90
120 404 94 100 100
120 316 42 62 50
38 94 95 100 98
38 465 17 70 18
38 507 67 80 67
38 129 53 70 56
94 366 38 95 89
94 251 78 89 83
465 256 51 52 52
465 16 70 75 70
129 417 56 57 57
129 408 71 74 71
39 477 77 81 78
477 501 59 65 60
477 300 45 55 45
477 370 20 26 21
477 404 92 95 92
40 289 24 69 51
40 70 77 81 81
289 268 55 66 64
289 305 37 95 57
289 265 56 92 67
289 63 70 84 81
289 435 24 37 36
70 71 93 98 98
70 98 55 71 58
70 16 37 82 73
47 336 11 86 61
47 2 18 54 48
47 51 56 90 68
47 110 65 68 67
47 311 59 79 68
42 67 39 46 42
42 408 91 95 92
42 414 57 100 72
67 169 66 90 73
67 372 80 92 85
67 60 67 86 75
67 18 42 99 43
67 477 75 80 78
408 57 73 86 73
408 84 54 63 57
408 426 81 82 81
408 105 73 96 94
414 426 63 66 65
414 472 93 97 94
414 475 44 60 58
414 510 88 93 89
414 481 56 94 60
414 277 87 91 90
326 108 81 100 95
326 247 94 99 94
326 485 91 95 93
333 410 61 66 65
333 355 40 94 77
81 465 83 100 98
44 238 24 63 37
44 259 44 80 66
44 282 84 97 88
44 80 69 80 71
238 105 44 53 48
238 45 72 80 73
259 466 46 56 53
259 370 29 83 30
259 291 10 62 28
282 419 25 70 34
282 372 48 60 58
80 450 15 69 66
80 506 87 92 90
80 415 17 32 28
80 44 80 99 91
80 167 91 95 92
80 190 94 100 95
140 181 47 76 66
140 289 25 54 50
140 287 11 20 12
140 267 80 97 93
512 30 67 72 71
472 8 73 76 76
472 350 55 96 92
245 472 20 27 27
245 404 48 86 79
245 336 64 99 88
245 21 73 94 86
245 234 92 95 94
311 465 26 39 29
48 466 75 78 78
48 296 38 60 54
466 37 37 64 57
466 198 63 92 63
466 501 67 86 86
466 162 22 65 37
49 471 76 98 86
49 20 75 78 76
471 36 75 80 78
471 332 34 37 35
50 278 79 80 79
50 383 84 88 85
278 512 45 76 56
278 12 15 52 51
278 143 65 81 70
378 240 15 39 27
378 423 47 56 56
378 436 20 91 76
378 468 21 33 24
378 427 32 97 33
378 118 73 97 73
378 289 15 37 29
378 157 24 67 41
402 354 80 91 90
402 425 64 98 69
402 464 39 77 61
402 304 42 62 50
287 58 28 94 86
287 444 70 90 81
287 325 41 90 60
287 361 55 90 66
287 70 55 84 82
417 494 91 92 92
417 257 67 71 67
52 131 18 92 82
52 187 17 75 33
52 288 86 92 89
131 341 67 78 72
131 394 11 62 47
131 133 39 54 46
131 514 45 75 64
131 128 49 77 76
187 349 80 92 81
187 47 65 98 71
187 383 26 63 31
187 25 49 73 73
53 132 47 54 48
132 92 71 89 81
132 271 71 78 73
132 55 38 71 61
54 203 14 79 61
54 357 63 83 66
54 480 62 96 68
54 120 75 93 92
54 53 23 24 24
203 183 15 42 39
203 186 23 96 77
203 92 88 94 92
203 87 59 94 80
357 295 59 80 64
357 250 70 82 75
55 339 81 85 82
55 234 80 88 83
55 174 37 84 73
339 148 56 74 63
174 251 46 100 88
174 366 86 97 95
174 357 72 91 91
397 340 10 98 68
397 179 25 27 26
306 199 31 79 47
306 462 67 99 93
306 163 13 25 20
306 347 76 91 91
306 456 49 87 61
306 273 78 89 80
268 63 88 91 91
268 457 16 31 23
268 58 70 91 81
322 478 48 76 55
58 458 19 75 25
58 201 20 96 21
458 434 45 87 59
458 283 15 49 36
458 511 66 70 67
59 310 72 89 79
59 76 72 73 72
76 357 73 97 84
76 104 23 30 27
76 389 61 83 62
76 111 79 84 83
76 504 31 34 32
76 137 90 98 96
60 440 90 94 91
60 423 44 93 47
60 241 41 48 42
60 150 12 26 21
60 253 20 69 46
241 322 87 89 89
241 465 22 91 31
253 460 43 51 45
253 75 25 74 73
253 271 60 61 60
253 106 32 99 74
253 476 80 98 89
61 238 62 76 75
61 381 81 93 93
61 322 69 93 82
61 245 43 64 48
381 213 35 40 40
381 393 38 73 58
62 434 62 67 63
62 328 73 79 78
434 419 91 96 95
434 164 90 99 98
434 288 72 92 75
434 302 88 95 91
434 44 76 89 87
136 367 87 93 91
136 29 79 96 82
136 229 53 83 75
136 137 92 100 99
136 481 82 100 96
147 55 27 95 32
147 233 37 38 38
147 46 89 91 91
147 260 20 100 75
147 164 52 59 54
147 63 46 54 49
66 413 87 88 87
65 72 93 96 94
65 196 61 69 67
65 369 22 51 38
65 192 63 74 64
65 119 34 58 57
65 161 87 97 92
65 108 64 74 72
72 19 67 91 88
72 247 85 97 90
72 120 10 87 82
196 448 87 92 88
196 300 56 85 80
196 92 68 94 75
196 374 78 92 89
196 365 80 97 84
161 450 21 66 53
161 47 80 94 88
413 364 21 35 33
413 194 79 90 88
413 101 53 87 55
68 152 47 78 73
68 293 44 60 48
68 294 14 81 60
152 115 41 80 74
152 436 46 68 55
152 193 89 98 96
152 474 80 93 89
152 311 50 95 55
152 303 35 48 40
293 177 94 100 98
293 325 22 87 29
294 269 64 74 71
294 473 44 73 62
294 243 23 89 84
294 380 48 73 70
294 171 36 97 70
294 426 68 96 72
260 115 93 100 95
260 36 62 100 88
260 122 37 41 41
260 84 78 85 82
260 480 52 98 95
98 455 73 88 88
98 53 88 96 90
98 413 46 60 48
98 84 52 54 53
98 481 69 84 71
98 295 82 93 87
359 101 34 93 79
359 68 12 53 47
359 163 18 75 37
359 63 10 47 20
301 408 28 32 30
301 328 16 30 25
407 151 55 88 65
407 444 75 93 86
407 505 20 81 50
247 308 18 90 39
247 474 16 48 32
73 323 62 94 67
73 439 48 62 49
73 49 75 95 88
73 133 12 74 55
73 381 28 49 39
73 54 75 85 83
73 72 22 77 74
73 405 44 65 52
323 143 94 95 94
323 56 79 85 85
323 57 12 46 20
323 443 69 95 79
323 437 59 100 64
323 136 25 58 42
439 102 16 82 53
439 342 95 100 99
439 80 56 79 72
439 34 26 98 83
405 446 53 83 81
405 93 69 85 78
141 480 89 90 89
141 194 84 88 85
141 261 19 86 49
177 246 74 83 77
177 374 67 93 67
177 304 45 72 66
177 450 14 65 15
420 321 66 92 70
420 11 75 97 87
420 359 78 86 85
420 31 86 94 91
420 91 24 55 26
420 381 69 73 70
104 258 84 99 86
104 465 57 72 57
104 72 17 78 73
389 327 31 58 40
389 311 54 90 77
111 428 76 100 78
111 220 45 97 57
504 314 61 76 67
504 276 53 81 77
504 188 86 90 87
504 258 20 58 27
77 483 81 91 84
483 486 87 94 90
483 191 81 94 81
483 426 53 61 59
78 359 69 96 80
78 356 25 76 45
78 404 20 93 91
78 7 82 89 83
78 327 22 27 26
78 123 92 95 94
78 369 91 95 93
78 77 82 95 82
78 155 14 52 17
78 428 42 68 68
78 202 28 77 64
78 195 72 90 82
404 12 57 74 68
404 199 62 86 79
404 239 31 41 35
404 245 11 21 11
327 108 10 82 80
327 469 80 95 88
123 343 43 99 50
123 292 29 91 75
123 261 19 97 49
155 486 47 67 58
155 329 94 95 94
155 169 62 98 90
155 501 95 98 98
155 330 41 99 53
428 346 62 87 68
428 492 62 83 65
428 48 44 64 47
428 160 95 96 96
428 238 22 69 54
202 405 36 95 37
202 185 80 98 93
202 72 29 59 40
202 376 56 88 72
202 221 37 70 64
195 170 58 91 75
195 61 82 86 83
195 79 93 97 95
79 239 33 100 71
79 471 47 69 64
239 377 71 83 77
239 371 10 32 22
506 314 87 97 90
506 321 27 30 30
506 282 47 83 66
506 70 90 92 90
167 448 89 100 95
167 379 34 41 41
167 427 48 80 65
190 229 81 97 88
190 248 10 22 16
82 79 87 93 87
82 84 56 82 69
82 325 73 99 75
82 422 65 82 71
82 501 32 66 50
82 153 42 49 43
82 254 11 100 21
82 358 73 93 79
501 55 80 92 83
501 124 34 65 37
501 318 79 99 93
501 193 27 47 40
153 293 32 67 33
153 227 79 96 79
153 479 78 82 82
358 432 57 58 58
358 153 61 92 89
358 487 73 91 73
358 205 19 98 50
83 477 63 95 86
83 50 87 95 92
83 211 94 96 96
83 375 78 91 90
83 414 73 84 73
375 268 65 66 66
375 283 42 61 58
393 135 43 61 57
393 267 16 85 33
393 442 51 84 74
393 86 86 93 93
393 396 82 96 89
393 85 43 61 55
393 131 78 82 78
393 404 51 71 53
362 149 95 97 95
362 112 64 85 72
362 164 74 76 76
362 489 27 61 47
235 364 88 91 91
235 41 68 83 80
232 287 41 79 61
232 330 36 77 55
232 407 40 53 45
117 495 73 96 93
117 436 28 88 62
117 443 49 69 55
175 477 64 98 64
175 57 95 100 95
175 489 51 56 55
175 107 19 98 84
175 493 68 79 70
175 61 25 70 56
175 120 53 54 54
175 490 72 93 90
303 25 91 92 91
303 347 95 97 97
303 435 64 73 72
242 196 53 90 60
87 420 60 82 71
87 13 24 52 47
87 65 29 70 42
87 112 38 44 43
87 146 94 100 95
87 418 18 65 57
112 463 14 40 26
112 212 45 73 62
112 349 55 79 60
146 298 49 66 59
146 321 75 76 76
146 444 46 68 56
418 266 23 95 77
418 130 60 80 62
418 261 31 85 73
418 61 73 96 73
418 172 35 48 46
418 374 68 100 90
88 55 63 77 73
88 313 28 65 35
88 345 65 93 91
88 227 88 92 89
88 233 82 100 94
88 127 86 88 88
88 139 76 80 78
88 218 13 57 56
313 437 31 54 52
345 209 47 96 54
345 177 55 65 64
345 135 69 72 72
345 98 36 56 39
227 384 27 50 31
227 173 57 95 57
227 304 28 97 73
233 471 92 96 96
233 133 45 95 58
233 286 56 86 75
127 217 46 51 47
127 96 22 31 29
139 73 64 70 66
139 508 91 99 94
139 321 85 86 85
139 432 41 65 46
218 486 43 91 52
218 324 45 90 85
218 54 76 78 77
89 470 24 46 38
89 336 90 95 94
89 41 38 66 58
89 344 93 94 93
89 360 52 86 78
89 62 49 94 60
470 167 31 98 70
470 229 45 66 61
470 338 72 96 73
470 407 63 73 64
470 198 12 93 64
344 72 83 90 84
344 241 11 87 23
344 465 10 12 10
344 199 82 98 89
360 152 78 79 78
360 81 80 84 81
360 206 55 95 68
360 224 33 75 38
360 283 95 99 98
226 401 24 89 65
226 240 44 88 50
226 386 63 92 77
186 307 13 35 35
186 97 35 81 71
186 27 31 45 37
91 395 15 38 27
91 346 53 85 55
91 242 71 88 75
91 216 10 78 53
395 308 89 95 92
395 81 37 99 43
395 375 69 96 76
395 225 78 94 94
395 169 90 96 91
216 113 38 82 39
216 392 19 24 19
216 23 50 86 54
216 485 43 60 50
92 273 72 85 84
92 313 62 96 83
92 57 34 63 45
273 348 14 26 14
273 252 79 86 85
273 478 48 95 49
273 250 23 32 32
273 375 28 50 33
93 232 14 34 31
93 264 54 100 86
93 344 82 98 85
93 274 27 67 57
264 204 70 94 89
264 485 33 89 58
274 196 88 96 91
274 4 51 89 71
274 407 18 59 49
274 176 82 93 90
251 313 59 81 68
251 200 59 83 62
251 280 56 69 60
251 146 60 92 70
251 402 11 65 23
95 13 64 89 73
95 335 46 97 89
95 160 30 59 48
95 359 65 89 82
95 434 28 84 56
335 214 67 75 73
335 120 63 80 72
160 286 10 61 47
160 459 94 97 97
160 3 20 99 45
160 177 42 78 75
160 101 86 99 91
160 373 64 89 84
160 362 33 97 91
96 282 62 73 69
96 80 90 95 90
96 328 12 48 13
96 315 32 52 38
96 219 33 70 59
219 210 31 91 54
219 141 71 78 77
219 502 57 86 60
219 187 17 24 22
219 368 32 47 32
219 475 50 80 53
97 92 50 90 62
481 412 44 80 53
481 316 47 48 47
295 143 94 99 94
295 344 82 94 93
295 24 33 99 86
99 213 89 95 92
99 380 95 98 96
99 193 15 64 20
99 95 86 97 95
193 45 93 99 95
100 471 77 94 83
100 266 19 73 45
101 95 35 67 47
101 6 50 83 53
101 259 21 77 62
101 181 56 62 61
101 444 15 68 25
101 330 93 94 93
101 501 80 88 84
101 126 74 75 74
101 369 95 96 96
444 392 64 86 80
444 104 42 50 46
444 75 29 74 73
444 270 39 48 40
444 228 65 81 77
330 18 93 100 100
330 136 37 72 60
330 309 14 27 15
126 108 66 84 73
126 300 25 39 34
126 77 80 87 83
102 499 41 42 42
102 503 25 35 32
102 488 63 89 89
488 39 43 51 45
488 84 91 100 93
488 479 95 99 98
488 146 66 84 78
488 186 34 57 36
488 322 36 43 41
488 59 79 84 79
103 354 91 97 94
103 234 65 74 71
103 499 61 89 66
103 314 56 57 56
103 17 49 65 61
354 149 15 19 19
354 151 25 51 35
354 61 54 87 65
354 376 38 72 53
354 218 87 96 92
354 122 10 67 67
314 338 31 69 39
314 227 56 59 59
314 23 13 42 38
314 125 53 97 88
105 41 88 91 90
105 405 10 16 15
105 470 88 95 94
105 500 39 66 62
106 325 23 87 82
106 190 29 82 71
384 316 46 69 65
191 141 31 33 32
191 503 64 86 75
191 389 83 98 86
263 175 79 90 83
263 336 33 63 63
164 509 17 56 19
164 328 27 38 30
164 130 11 90 21
164 513 16 87 80
164 381 62 94 90
164 357 15 23 23
463 173 50 61 51
463 61 11 44 29
463 468 79 92 84
463 45 17 91 29
463 490 87 100 88
212 187 40 75 72
212 101 25 62 39
212 352 50 62 51
113 51 51 81 59
113 7 17 86 38
113 86 27 47 32
113 178 37 40 39
113 91 88 100 97
113 15 73 95 90
113 333 48 67 59
178 84 84 97 96
178 462 48 96 62
178 85 81 97 94
178 110 49 94 64
114 205 26 99 48
205 44 95 98 97
205 160 86 93 89
205 187 42 80 48
217 125 17 47 45
217 354 50 72 66
217 161 29 81 81
217 13 30 60 35
217 116 67 68 67
217 494 66 96 68
217 462 15 88 30
401 102 79 98 91
401 3 33 61 61
116 144 32 84 35
116 199 30 38 31
116 271 32 33 33
199 425 21 74 67
495 453 21 86 51
495 41 78 94 78
436 468 74 80 80
436 297 46 73 56
436 52 72 83 83
443 11 82 100 97
443 467 90 100 92
443 231 27 87 59
443 415 17 54 28
118 58 82 83 82
118 9 82 90 85
118 109 27 55 42
460 188 81 91 85
460 199 54 80 61
460 244 58 84 82
316 85 49 85 55
316 505 89 92 91
122 373 91 97 94
122 182 56 81 63
122 40 90 98 91
122 406 12 81 49
373 96 51 94 77
373 441 44 62 61
373 436 11 64 13
373 21 27 37 36
373 444 38 82 56
373 454 54 63 54
182 1 90 93 93
182 337 23 68 54
182 417 81 82 82
182 106 27 69 49
406 292 92 98 97
406 433 87 93 87
406 89 30 52 38
406 267 12 89 48
343 243 24 83 81
343 201 18 38 25
343 325 42 54 44
343 346 95 100 100
261 496 90 94 92
261 122 45 99 88
261 454 70 72 71
261 175 72 98 84
261 390 21 35 30
261 213 82 83 82
124 396 26 84 47
124 390 29 63 50
124 117 53 93 87
124 478 85 92 88
124 211 19 58 29
124 440 71 93 88
390 486 16 73 31
390 151 40 81 56
390 291 38 85 38
478 277 57 81 73
478 251 30 68 35
478 276 77 88 86
478 9 54 91 61
125 320 89 100 94
125 82 38 85 85
125 139 95 97 97
320 48 32 54 40
320 99 32 64 57
320 176 65 85 81
300 360 52 68 66
300 99 67 76 70
300 196 22 34 29
300 344 19 94 69
300 267 29 41 32
248 89 14 100 58
248 104 65 93 80
248 184 22 42 30
248 385 73 85 85
248 88 64 99 77
371 307 33 94 66
371 90 65 87 70
341 410 33 68 61
341 209 27 49 40
341 452 17 59 45
394 279 10 99 93
394 330 94 95 94
394 256 46 52 49
394 326 53 66 59
514 70 47 78 54
134 515 34 94 56
134 416 81 98 94
134 202 44 87 70
134 354 90 92 92
134 468 51 78 51
515 355 66 84 74
515 416 94 95 95
416 268 95 98 97
416 237 30 31 31
416 276 67 82 67
416 21 49 71 55
416 281 65 98 86
416 462 65 70 69
416 261 75 85 77
468 53 53 79 54
468 71 45 75 62
229 151 17 91 28
229 50 16 45 31
229 38 44 61 60
229 502 37 73 59
229 479 45 92 86
229 5 22 66 53
138 284 35 61 48
138 209 73 96 83
138 296 61 71 68
138 240 72 97 92
284 313 61 99 78
284 376 48 95 57
284 159 40 46 41
284 356 89 93 91
284 349 49 88 54
209 262 44 54 47
209 235 82 97 82
209 325 93 94 94
209 417 49 84 68
209 162 30 54 37
321 65 70 95 77
321 389 73 86 78
321 81 82 99 89
432 53 29 63 42
432 4 78 96 79
432 336 30 95 62
432 400 45 66 51
432 320 87 91 89
267 177 38 96 69
267 486 18 92 44
158 77 31 93 68
158 39 80 83 80
158 232 43 93 80
145 328 11 73 32
148 168 59 73 71
148 468 56 80 62
148 126 83 98 98
148 235 88 95 88
148 274 22 72 32
148 340 10 72 69
148 54 93 99 96
148 343 31 74 38
168 127 32 35 33
168 296 16 86 30
168 76 95 100 99
340 503 78 81 79
340 382 30 41 33
340 381 93 95 94
340 114 69 88 79
340 148 58 66 65
149 133 72 98 81
149 33 36 81 39
149 208 44 81 66
208 67 74 93 88
208 25 87 99 89
151 72 10 29 15
151 90 49 96 59
151 303 70 82 74
151 302 65 88 68
151 278 34 61 42
151 121 83 84 83
151 231 21 99 87
151 387 50 51 51
302 206 33 95 92
302 176 42 73 73
302 245 59 67 62
302 138 35 48 35
302 201 87 89 87
302 487 94 98 97
231 25 12 83 62
231 202 26 27 27
231 197 65 87 86
387 485 53 90 72
387 434 13 70 67
387 464 83 85 84
474 422 23 60 41
474 90 69 80 80
479 268 65 97 72
154 441 26 57 52
154 288 82 92 84
154 39 49 67 59
441 238 24 70 45
441 450 68 69 68
441 54 28 54 38
441 320 39 43 39
486 261 58 84 83
486 166 67 81 77
486 34 47 54 53
486 265 45 73 64
486 472 63 81 64
329 353 66 67 67
329 228 26 67 38
156 248 62 71 65
156 502 91 100 97
156 327 50 94 91
156 438 78 86 83
156 114 53 57 57
502 357 66 83 83
502 326 80 100 80
502 44 67 88 77
157 273 58 81 76
157 398 51 69 51
157 7 38 97 97
157 256 41 70 57
157 104 11 84 80
157 121 32 44 40
398 422 31 64 51
398 112 30 85 61
398 28 75 86 80
256 182 21 89 43
256 461 77 81 77
256 370 81 93 81
256 72 55 76 67
159 21 42 93 86
159 182 75 91 78
459 147 30 74 63
459 504 13 20 20
459 106 50 73 59
459 408 47 79 68
163 374 80 84 84
163 317 32 58 40
163 133 39 55 52
163 511 91 95 93
163 481 72 98 82
163 109 85 87 85
163 225 71 96 95
163 47 53 88 56
317 24 95 98 95
509 497 95 99 98
509 95 15 25 16
509 246 32 90 81
509 264 68 98 93
513 130 94 96 95
513 161 33 98 84
513 380 95 99 96
165 447 43 56 43
165 257 23 57 24
165 258 67 75 69
447 413 89 92 89
447 339 17 54 36
447 237 63 93 89
447 219 58 63 61
257 187 16 29 22
257 63 24 84 47
257 198 39 63 50
257 74 77 88 83
257 91 54 71 65
166 170 67 96 81
166 475 16 100 49
170 334 55 71 57
170 216 19 50 35
170 59 95 98 97
448 230 11 39 15
448 306 49 87 51
448 296 89 94 93
448 72 29 90 70
379 31 12 36 18
379 159 39 87 48
379 259 39 47 46
379 460 70 81 72
379 135 34 87 59
427 158 33 76 59
427 312 45 53 51
427 230 11 30 20
334 446 93 98 98
334 494 78 88 83
334 295 87 98 91
171 396 30 76 72
171 21 29 86 69
171 310 29 69 55
171 95 66 72 68
171 87 21 55 44
172 94 32 78 76
172 386 81 85 85
172 93 67 80 77
172 337 40 89 54
386 173 35 100 35
386 149 46 51 51
386 159 70 79 74
386 165 95 100 97
386 336 33 42 37
337 474 78 87 87
337 494 78 90 82
337 185 91 100 100
337 288 39 97 60
337 374 90 93 91
173 118 41 99 55
173 499 69 100 95
173 139 87 97 87
173 430 79 91 80
173 497 48 90 68
430 90 34 78 37
430 338 60 94 89
430 91 61 94 74
430 58 60 85 63
497 287 36 77 58
497 315 35 52 41
497 104 32 38 38
497 79 21 60 31
497 508 53 92 90
497 185 94 97 96
497 458 74 78 77
489 226 31 71 38
489 58 83 98 97
489 82 79 97 96
489 141 83 99 91
489 129 57 81 68
493 371 61 97 65
493 12 90 97 92
498 115 77 97 95
498 418 82 84 82
498 134 60 73 66
246 266 59 91 88
246 396 67 89 69
246 239 68 74 70
246 211 76 94 81
462 508 18 41 22
424 410 94 99 94
424 358 95 96 96
424 510 27 28 27
411 146 60 95 70
411 287 23 57 36
411 275 13 53 47
180 188 16 80 18
180 213 44 86 56
180 155 14 86 45
188 151 93 94 94
188 179 12 87 22
183 353 65 73 67
183 496 73 88 87
353 418 60 88 80
353 260 84 87 84
496 303 14 62 33
496 4 35 45 39
496 97 73 80 73
184 450 71 91 88
184 417 85 86 86
184 129 70 90 75
185 187 69 95 95
185 92 91 95 94
185 157 14 71 17
307 189 67 83 67
351 452 24 72 44
351 9 29 81 54
351 442 67 81 78
351 303 62 64 64
243 176 35 48 37
243 213 24 75 36
243 422 86 96 96
243 489 31 35 32
243 167 32 53 39
365 93 36 97 44
365 291 74 76 75
197 131 63 91 67
197 178 75 76 75
198 378 14 74 71
198 276 94 98 96
425 398 71 98 76
425 113 93 95 93
425 467 58 69 60
200 120 36 69 66
200 220 34 43 39
200 175 53 79 69
200 190 50 83 82
318 30 86 87 87
318 42 27 59 47
318 258 37 79 51
318 248 60 96 80
376 104 46 65 49
376 169 77 92 89
376 132 58 60 60
376 158 80 97 91
376 220 73 100 82
206 8 34 79 38
206 358 76 92 77
206 170 10 55 18
207 68 57 98 95
262 409 18 95 25
352 502 47 72 58
352 267 77 94 81
352 280 14 66 33
352 64 63 98 68
352 258 44 99 95
244 414 47 73 56
244 223 48 82 79
215 302 40 51 46
215 401 35 60 44
215 151 59 90 83
392 113 37 53 53
392 393 38 90 87
392 235 46 72 70
392 430 40 47 42
392 194 54 68 60
392 119 56 58 56
494 496 68 92 84
494 368 18 68 50
494 395 52 61 60
368 156 34 67 60
368 417 71 95 75
491 180 83 92 90
491 332 72 92 89
491 95 82 98 87
491 414 57 96 66
491 297 87 100 94
222 318 15 98 36
222 431 52 100 98
222 66 61 93 87
222 503 95 97 97
222 455 58 69 66
222 421 37 75 70
222 192 39 42 40
431 292 64 83 76
431 120 24 94 72
431 515 19 27 25
431 513 41 80 44
431 214 51 75 73
421 418 62 100 69
421 391 59 60 60
421 199 84 91 87
223 286 78 87 84
223 115 11 62 61
223 388 56 64 58
388 356 25 28 28
388 259 41 49 42
388 84 64 89 81
308 343 67 74 73
308 26 77 95 82
308 455 54 55 54
230 134 18 60 39
236 56 71 80 79
236 164 66 95 76
236 277 30 86 56
277 417 12 56 50
277 509 11 56 51
338 381 94 99 97
338 407 34 65 42
338 496 83 87 87
338 74 38 88 70
338 107 58 83 82
377 309 52 94 70
377 171 94 95 94
377 290 16 52 20
377 132 73 95 91
377 467 43 53 43
377 472 51 57 53
377 450 95 97 96
249 133 79 94 79
249 14 15 17 17
249 28 68 69 68
249 353 86 93 93
250 374 46 57 53
250 52 73 85 75
250 205 43 93 44
363 152 30 54 36
363 310 76 94 83
363 153 65 66 65
255 281 20 51 25
255 344 32 93 87
255 287 23 76 57
281 432 48 70 64
281 207 64 92 85
281 56 90 94 92
281 503 14 45 25
281 71 81 100 81
370 362 65 80 73
370 234 79 83 79
370 318 16 37 28
370 353 32 68 40
291 114 88 95 94
291 410 45 51 47
454 122 64 79 74
454 152 91 100 95
454 402 92 100 97
454 336 13 96 14
454 444 75 97 85
409 274 28 83 53
457 288 25 65 27
457 464 44 93 77
272 187 47 53 53
272 396 45 50 49
272 115 73 99 82
272 478 75 78 76
348 413 10 39 24
348 355 84 100 85
348 135 15 56 15
348 73 56 59 58
348 198 50 64 63
348 400 65 66 65
275 496 90 96 95
275 324 47 89 82
309 429 37 60 54
309 136 75 99 86
309 6 40 78 75
309 242 88 99 89
419 359 68 99 90
419 340 45 71 61
419 46 39 84 56
283 462 52 57 52
361 304 65 90 75
305 228 49 53 52
305 502 10 25 17
290 116 79 80 79
290 214 74 88 79
290 430 88 94 89
290 380 79 84 79
290 120 87 99 87
290 203 19 67 25
297 153 61 66 64
467 103 23 46 38
467 158 85 90 86
347 60 80 100 84
347 174 60 93 71
347 99 70 83 78
347 436 20 93 60
456 181 50 77 54
456 182 69 92 76
429 58 83 88 85
429 106 43 73 57
429 71 57 58 58
429 271 61 65 63
429 495 75 91 76
429 303 78 81 81
437 202 62 78 75
437 456 75 91 83
437 81 90 92 90
484 368 58 86 74
484 131 64 67 67
484 270 20 89 31
505 507 29 97 92
505 473 49 68 59
505 200 69 87 84
505 316 73 97 91
505 78 44 57 46
505 422 37 74 68
505 88 28 70 66
505 179 57 58 58
319 287 73 79 77
319 379 14 64 50
469 248 79 95 79
469 404 79 83 82
331 221 39 44 40
331 29 25 86 38
331 299 71 98 71
331 359 54 68 60
331 52 30 39 30
331 249 60 94 70
355 497 46 57 52
355 192 67 69 68
446 386 50 69 63
446 116 82 94 87
382 397 57 84 65
382 105 27 80 27
382 398 82 99 87
342 147 41 77 63
342 234 23 40 31
442 142 59 63 62
442 348 59 76 70
442 104 46 61 59
464 63 77 99 88
464 5 92 95 92
464 347 26 31 29
464 43 56 68 66
464 193 65 96 67
449 504 24 47 24
449 7 40 91 43
449 429 50 93 90
403 136 18 32 24
403 349 23 72 40
403 367 91 93 92
412 203 59 77 72
412 301 16 21 21
492 499 35 53 35
492 271 55 89 82
492 482 70 84 70
492 60 75 82 78
451 201 32 52 34
451 106 63 84 82
451 448 77 91 87
453 134 68 85 85
0 515
