308 808
0 205 81 94 93
0 179 11 32 24
0 120 34 87 81
205 257 42 56 42
205 227 30 62 54
205 116 17 20 20
205 220 80 94 87
205 223 93 94 93
205 121 93 97 93
179 160 39 96 78
179 174 70 93 71
120 113 60 99 94
120 64 17 98 88
1 30 51 76 53
1 26 86 90 86
1 17 42 99 50
26 113 44 72 47
26 107 39 55 39
26 95 25 58 51
17 76 11 76 44
17 60 61 87 64
17 57 74 93 88
17 182 41 94 74
2 212 88 90 88
2 152 95 96 96
2 18 21 87 31
2 259 18 81 68
212 239 32 44 39
212 65 67 84 78
152 219 34 52 42
152 247 15 45 43
152 110 48 63 60
152 24 40 69 60
152 170 73 87 77
18 305 46 93 55
18 133 76 77 77
18 73 22 78 44
18 201 89 98 89
259 61 39 67 67
259 174 64 87 86
3 36 76 83 78
36 201 46 73 51
36 65 58 79 74
4 19 49 51 51
4 167 86 99 94
4 157 18 35 20
4 125 94 99 97
19 209 48 68 59
19 113 15 24 15
167 221 35 69 47
167 112 86 99 97
167 55 14 25 20
167 170 25 58 55
157 162 12 98 73
157 279 54 59 58
157 234 89 92 91
125 91 64 77 70
125 58 10 83 70
5 161 31 58 39
5 126 70 95 89
5 275 90 98 94
5 148 66 75 74
5 89 71 83 72
5 149 72 76 74
161 20 69 82 78
161 257 77 93 84
161 146 29 57 49
126 153 76 78 78
126 13 13 65 56
126 45 31 54 50
126 283 20 63 43
126 40 17 74 19
126 262 56 76 56
275 193 73 91 83
275 212 91 95 95
148 41 13 92 48
89 300 91 92 92
89 88 88 89 88
89 141 74 94 85
89 246 41 67 52
89 91 51 82 80
89 97 84 90 90
149 156 33 37 33
149 260 41 83 83
149 140 21 68 52
149 6 21 66 40
6 105 82 83 83
6 21 51 65 53
6 70 14 74 66
105 3 35 38 35
70 7 89 94 89
70 29 17 24 21
7 96 32 85 37
7 130 41 69 63
96 50 51 89 65
96 7 72 83 78
96 147 23 83 56
96 80 13 68 39
130 172 44 76 44
130 82 60 64 64
130 132 37 42 37
130 1 84 99 91
8 178 81 85 83
8 168 81 100 87
8 194 94 97 97
8 242 81 89 83
8 159 36 40 40
178 169 45 90 68
178 239 91 94 91
178 146 24 89 49
178 243 75 80 79
178 32 30 52 45
168 209 42 59 42
194 20 23 79 64
194 236 91 99 94
242 305 79 84 82
242 164 51 71 54
242 261 61 80 78
159 228 75 83 81
9 180 29 43 30
9 188 23 64 29
9 126 67 78 73
180 263 55 91 72
180 142 13 52 22
180 251 28 81 63
180 280 22 33 23
188 261 44 71 67
188 140 67 90 83
188 263 32 73 73
10 148 16 57 19
11 52 35 38 37
11 188 46 80 70
11 271 68 80 75
52 247 48 50 50
52 22 61 63 62
52 242 73 93 79
52 272 50 89 51
271 144 67 80 72
271 114 95 100 97
271 243 25 69 27
12 81 75 100 96
12 67 58 66 60
12 284 33 74 39
67 177 15 31 27
67 161 94 100 100
284 153 65 82 73
284 129 53 84 64
284 214 82 96 92
13 145 17 32 27
13 54 69 86 75
145 224 36 43 42
145 184 22 79 47
145 298 78 82 80
54 61 44 54 49
54 85 93 94 93
54 109 58 77 67
14 108 75 100 91
14 86 36 61 40
14 154 86 87 87
108 64 62 63 63
108 177 67 78 78
86 302 46 51 51
86 222 42 58 45
86 199 83 86 84
154 298 32 92 89
154 12 72 93 88
154 165 29 44 36
15 13 26 57 39
15 114 74 97 84
15 125 94 99 99
114 190 23 37 36
114 121 23 27 26
16 21 47 54 47
16 197 46 97 95
197 178 59 64 61
197 154 73 85 85
197 120 61 76 75
197 60 48 74 66
197 200 25 85 71
76 234 54 93 84
76 288 62 93 76
76 147 60 73 67
76 280 20 21 21
60 65 79 92 81
60 53 88 93 89
60 266 91 98 98
57 140 17 28 25
57 69 82 87 85
182 105 84 92 85
182 21 35 85 51
182 263 36 93 83
305 28 51 53 53
305 291 76 80 76
305 165 30 44 33
305 151 70 94 85
133 149 45 51 51
133 195 78 81 79
133 43 59 68 64
73 181 50 82 50
201 15 36 69 63
201 93 78 94 80
201 212 68 83 73
209 234 87 88 87
209 254 29 87 81
209 243 87 88 88
20 213 23 58 28
213 276 64 98 72
213 267 43 98 81
213 273 31 82 38
213 143 45 82 81
213 122 16 93 42
22 67 11 22 16
22 33 82 85 82
33 44 39 59 55
33 184 28 47 32
33 58 69 76 69
23 131 79 96 80
23 270 87 97 92
23 195 35 64 60
23 15 41 77 71
131 243 47 86 53
270 295 59 98 64
270 235 10 67 61
270 278 20 86 46
270 255 46 87 65
270 294 45 93 79
24 291 16 38 37
24 237 94 97 96
24 88 50 69 62
24 19 72 96 93
24 166 72 98 96
291 5 18 37 25
291 151 74 79 77
237 218 46 82 49
88 224 66 71 70
88 48 91 92 91
88 171 36 92 37
166 222 27 57 46
166 124 28 50 35
166 146 63 99 91
25 38 39 82 55
25 58 43 60 57
38 53 24 64 54
38 241 37 94 43
38 142 70 88 72
38 248 10 93 43
58 235 81 88 85
58 176 42 63 46
58 229 83 99 84
58 18 94 97 97
58 102 59 86 76
107 135 20 21 20
107 165 26 87 56
95 8 93 94 94
27 45 54 95 89
45 248 66 90 83
45 99 25 51 34
45 127 23 76 48
45 4 47 90 64
45 157 37 74 50
45 305 67 84 75
28 50 58 67 66
28 70 36 43 43
28 190 74 80 80
28 60 78 96 88
28 231 44 90 67
50 255 29 42 40
50 306 65 92 82
50 139 37 89 65
190 185 41 62 57
190 299 74 79 79
231 285 93 98 94
231 114 34 72 37
231 267 39 48 39
231 291 18 33 30
29 223 83 89 86
29 172 14 95 36
29 130 66 74 68
223 106 86 92 86
172 10 30 95 95
172 114 92 96 92
172 218 76 94 80
172 121 46 72 54
172 119 59 82 67
31 2 42 44 43
32 273 41 64 54
32 245 74 77 75
32 291 88 96 92
32 160 10 86 19
273 19 23 100 61
273 101 51 97 81
245 223 35 67 48
245 80 22 60 49
245 119 35 39 37
160 86 89 99 96
160 249 76 91 90
160 225 37 45 42
184 168 27 93 56
34 165 58 65 58
34 1 26 54 38
35 158 11 20 15
35 6 95 99 99
35 75 50 93 83
158 135 54 88 69
158 206 93 94 93
75 234 23 94 91
75 248 23 43 43
75 253 16 51 16
65 226 25 91 62
65 60 39 93 46
65 161 79 89 82
65 175 59 75 72
37 4 36 52 44
37 87 20 80 57
87 220 36 70 60
241 128 23 85 40
241 230 91 95 91
142 12 88 90 90
142 222 68 92 87
39 117 62 65 64
39 280 15 79 74
39 104 71 79 79
39 188 44 82 79
117 65 72 88 82
117 265 43 79 62
280 256 80 92 83
104 62 21 45 33
104 236 40 49 47
104 134 63 79 67
104 230 63 69 68
104 163 49 82 78
40 160 69 95 94
40 272 49 60 54
40 114 94 97 95
272 180 95 100 100
272 158 21 27 26
272 69 22 67 67
41 18 65 85 79
41 65 90 94 94
41 95 48 74 73
42 89 92 98 94
42 261 45 82 47
42 121 35 53 52
261 219 36 84 52
261 40 72 79 77
261 111 93 97 97
121 245 29 46 36
121 278 32 46 44
43 62 53 69 59
43 251 11 52 26
62 91 50 59 59
62 125 60 66 62
62 47 33 68 60
62 202 43 97 72
62 177 48 92 53
251 55 78 83 80
251 250 63 79 78
251 33 82 83 82
251 258 49 57 56
251 53 79 100 92
127 15 26 100 60
127 0 27 74 52
127 206 17 30 26
127 276 38 98 80
127 58 67 89 72
46 1 43 58 43
46 283 52 65 56
46 186 85 87 86
46 201 25 27 25
283 300 92 99 98
283 162 57 62 60
186 253 16 94 22
186 87 27 40 27
186 232 24 56 31
186 10 19 39 38
47 105 30 32 31
47 141 72 76 76
47 186 39 70 48
47 129 67 100 70
47 35 85 97 87
47 18 33 66 34
141 258 50 94 92
141 185 63 83 81
129 102 12 42 33
129 66 45 77 48
129 240 13 21 16
129 241 73 86 76
48 243 66 81 72
48 100 52 68 63
48 178 45 55 55
243 213 26 41 27
243 294 52 98 63
100 235 65 96 66
100 15 21 27 23
255 94 80 82 80
255 297 46 81 65
306 86 85 92 85
306 154 16 88 30
306 148 71 75 75
306 109 66 73 67
306 15 83 98 87
139 36 93 94 94
139 283 72 77 77
139 216 17 80 21
51 298 38 79 56
51 119 59 63 63
298 264 52 87 77
298 237 20 67 41
119 148 52 60 53
119 227 77 86 82
119 210 69 73 69
247 59 93 96 94
61 6 20 28 26
61 206 18 100 58
61 162 73 97 83
85 270 72 86 73
85 247 16 84 31
85 32 38 91 67
85 295 46 78 67
109 76 66 92 72
55 146 62 78 76
55 58 57 99 59
55 298 45 74 69
146 174 82 99 90
146 245 95 100 96
146 20 57 80 76
56 106 55 60 57
56 207 11 66 42
56 247 85 93 87
106 114 24 36 36
106 54 59 87 79
106 152 15 72 24
207 157 56 63 57
207 116 27 97 58
207 222 33 61 39
207 56 76 78 76
207 151 56 71 56
140 296 29 35 33
140 63 61 76 71
69 84 59 75 67
69 224 20 88 63
69 149 28 92 42
235 12 62 84 82
229 205 83 89 87
229 119 56 86 62
229 164 28 70 55
229 184 64 88 85
102 237 25 74 33
102 281 38 58 42
266 30 12 80 25
266 238 15 62 39
206 180 10 42 12
206 236 54 80 60
162 46 62 63 62
162 161 63 94 76
162 299 13 85 35
162 21 26 57 39
162 198 21 48 43
177 210 75 94 91
177 0 28 84 44
63 285 63 87 85
63 156 32 66 37
63 188 77 79 78
285 206 66 100 72
285 158 31 89 43
285 33 36 82 73
285 155 49 93 50
285 278 67 76 73
285 34 93 100 96
285 87 83 93 87
285 255 38 86 54
285 219 80 81 81
64 57 18 51 22
64 224 33 38 33
64 213 13 71 64
224 4 22 51 45
224 140 25 73 35
226 286 24 78 72
226 87 86 89 86
226 152 75 79 79
226 36 18 22 21
175 99 29 74 29
66 239 86 97 97
66 293 88 89 88
66 130 85 99 92
239 93 24 67 46
239 97 45 100 92
239 295 86 88 86
239 82 74 90 86
68 186 59 99 84
68 264 52 96 89
264 145 55 60 55
264 172 89 97 91
84 196 50 77 57
84 80 66 95 74
84 56 87 98 88
71 34 94 95 94
71 307 55 83 79
71 256 73 77 73
71 52 18 25 18
71 80 64 66 66
71 193 58 62 61
71 128 14 32 29
256 34 32 66 59
256 194 85 100 90
256 211 77 78 78
256 205 81 91 81
256 221 67 92 69
256 142 33 50 43
80 225 44 47 46
80 106 67 72 68
80 217 53 57 53
80 40 71 91 82
193 51 22 94 72
193 86 39 98 46
193 102 16 61 23
72 156 54 58 57
72 144 32 85 50
144 69 87 92 90
144 206 26 35 29
181 120 10 92 58
181 9 65 89 67
181 16 38 92 49
181 48 24 51 46
181 172 73 78 75
234 307 26 42 35
234 96 35 43 36
234 107 84 95 85
253 20 15 30 15
253 157 21 56 26
288 152 56 92 87
288 223 66 84 72
147 182 80 87 80
77 260 10 55 38
260 107 12 100 96
260 252 33 91 44
78 193 53 96 90
79 58 25 87 53
79 236 17 87 53
236 302 68 92 90
236 200 74 81 79
236 139 10 68 44
225 25 51 73 73
225 117 58 81 63
225 75 39 58 45
225 18 12 32 16
217 276 90 100 90
217 188 32 61 36
217 0 93 97 93
82 109 24 69 61
82 264 52 67 52
82 307 20 68 59
82 281 76 89 88
82 4 34 72 47
281 129 34 50 46
281 113 52 97 67
83 228 56 98 62
83 260 20 65 25
228 24 94 99 94
228 272 91 93 93
196 161 17 26 17
196 15 90 92 91
196 152 94 96 96
295 167 67 68 67
295 154 80 92 89
302 258 48 63 63
222 302 68 98 87
222 219 28 61 56
222 27 80 88 80
199 287 41 68 46
199 160 78 91 84
220 117 80 100 98
220 132 76 89 89
220 260 41 62 52
171 281 78 96 94
171 252 33 46 45
171 15 93 96 93
246 34 73 96 75
246 284 77 99 79
246 264 41 54 47
246 185 27 57 35
246 20 55 67 66
97 111 82 98 86
92 109 79 94 90
92 164 24 88 29
92 1 29 85 47
92 51 42 47 46
92 142 20 37 35
164 286 34 44 42
164 213 88 95 89
164 192 94 99 99
93 232 46 97 87
93 98 54 55 54
232 85 11 21 12
98 34 93 94 94
98 192 12 49 43
98 180 25 72 45
94 76 77 80 78
94 244 37 45 37
244 117 13 55 23
244 118 59 83 66
244 3 15 48 37
111 138 64 79 78
192 221 17 33 24
192 99 29 88 41
192 119 18 22 20
101 1 66 99 85
101 134 85 100 92
134 29 34 35 34
134 7 86 100 86
134 66 46 56 51
134 35 56 83 64
103 208 84 91 84
208 87 35 36 36
230 223 54 55 55
163 300 45 81 61
163 161 85 97 94
163 194 93 99 93
135 180 10 35 10
135 108 70 87 82
135 103 25 77 75
110 283 47 96 72
138 62 24 99 67
138 4 77 87 87
138 240 69 86 84
112 214 95 98 98
112 289 64 70 65
112 306 39 48 45
214 1 48 90 77
214 109 23 92 62
289 19 68 92 87
289 54 28 90 73
289 150 50 90 86
289 136 75 80 77
115 216 17 31 20
115 298 67 99 88
116 161 35 79 55
116 109 90 96 93
116 247 67 96 71
265 296 54 62 60
265 250 15 65 51
118 302 85 95 94
118 119 10 64 19
118 297 37 64 42
118 48 35 36 35
297 160 33 45 41
297 263 49 57 52
297 47 69 84 73
297 78 68 75 69
227 249 83 91 89
227 99 89 100 95
227 206 43 50 45
227 31 79 89 88
210 153 71 88 76
210 145 66 76 73
278 250 63 91 78
278 183 59 77 76
278 90 11 90 87
278 126 50 52 50
278 2 64 77 70
123 115 87 94 88
124 6 68 84 69
124 182 16 55 40
153 210 13 29 29
153 291 59 100 65
153 265 69 96 79
153 290 28 95 38
153 201 32 66 66
262 287 86 88 87
276 100 33 57 56
240 109 24 63 38
240 127 48 81 81
132 54 42 100 46
132 20 83 96 91
132 77 66 76 75
136 229 18 26 22
136 233 44 80 73
136 302 75 91 81
233 291 12 55 28
137 122 87 95 92
137 306 22 34 24
296 137 86 93 86
296 285 62 79 70
296 102 45 78 78
185 63 10 58 26
185 17 70 79 70
143 199 92 100 98
143 209 67 95 75
143 57 56 96 56
174 52 48 94 55
174 227 39 65 65
174 305 35 73 69
150 238 18 66 59
238 24 58 64 63
238 142 90 95 90
238 63 15 43 21
151 195 73 76 75
151 242 69 70 69
219 2 31 38 33
219 61 51 66 54
170 163 88 99 90
170 260 61 89 85
290 123 81 84 82
155 167 56 95 77
155 218 30 57 35
218 162 53 92 81
279 248 12 24 15
249 258 17 44 34
249 278 33 68 60
249 115 18 26 19
249 157 10 21 12
249 246 49 52 52
249 236 60 70 67
249 73 33 69 57
257 185 95 99 99
257 235 90 98 98
257 131 67 100 99
257 247 70 88 80
257 155 63 100 79
299 163 48 50 48
299 279 31 67 66
299 250 78 87 81
299 151 70 88 84
198 277 29 63 32
198 157 33 40 38
286 305 78 86 80
286 225 29 36 29
286 188 74 96 93
221 139 84 90 90
221 27 87 98 90
221 41 52 98 67
169 299 48 85 50
169 15 81 95 90
169 35 26 38 29
252 235 82 100 100
252 100 34 83 66
173 138 16 76 58
173 243 43 63 58
173 281 22 80 47
173 242 49 64 60
173 71 14 80 26
263 65 64 90 68
183 56 47 76 76
183 231 27 30 28
183 204 27 34 34
183 151 54 56 54
204 232 55 85 63
204 147 86 96 95
204 111 78 87 84
204 64 71 83 75
204 302 19 57 54
204 141 62 95 94
189 187 34 42 41
189 27 17 82 68
191 229 58 80 72
200 6 54 60 56
200 18 21 49 36
277 222 39 74 64
287 90 61 97 80
287 274 50 54 51
287 155 87 98 92
287 163 10 30 29
203 18 35 54 38
203 20 31 66 53
203 106 64 90 83
254 137 25 93 77
254 126 79 81 80
254 242 25 91 66
254 159 70 93 77
211 244 20 99 21
211 259 40 83 68
211 257 76 90 88
211 93 47 74 47
267 105 47 78 64
215 175 72 85 80
215 210 56 88 80
294 176 84 100 95
294 98 48 53 50
294 252 10 92 45
250 104 26 43 43
250 229 52 72 68
250 66 61 78 69
268 231 53 92 90
268 177 12 76 39
268 28 42 69 56
268 63 16 83 43
268 122 54 61 54
268 15 71 95 78
269 79 91 96 94
274 134 14 48 23
274 277 35 63 37
274 130 13 31 15
282 37 34 65 40
282 111 21 73 31
282 213 31 77 67
282 86 42 57 53
282 268 62 66 66
282 10 70 90 90
292 143 21 39 35
292 186 13 25 15
301 29 39 88 60
301 296 94 96 95
301 60 88 98 97
301 125 47 55 53
301 72 54 99 75
303 274 79 81 79
303 296 46 99 54
303 146 11 87 24
0 307
