42 104
0 31 42 98 47
0 3 71 99 92
31 37 87 92 88
31 1 90 96 92
31 5 85 90 89
31 11 21 90 32
3 15 72 88 74
3 2 62 91 74
3 0 47 61 61
3 7 95 98 97
1 40 63 66 65
1 38 26 56 29
40 15 30 35 30
2 24 39 68 49
2 3 91 96 94
2 26 24 45 42
2 23 58 61 58
24 10 77 81 80
24 31 91 92 92
26 38 89 92 92
26 31 49 66 55
23 18 15 96 54
23 0 32 78 53
23 28 79 93 82
23 40 89 91 89
15 13 12 84 26
15 32 12 31 23
15 17 39 93 65
15 31 95 96 96
7 17 68 89 73
7 29 60 84 68
7 35 47 48 48
4 23 47 71 53
4 5 66 99 95
4 17 58 87 77
5 18 29 56 45
17 11 71 80 73
17 12 32 51 50
18 35 63 99 63
18 8 13 85 14
6 12 32 65 55
6 29 90 92 90
6 0 50 61 57
6 5 25 85 75
6 20 56 82 78
6 4 63 70 70
12 20 64 69 64
12 11 45 63 45
12 24 49 83 64
29 18 47 69 59
29 23 84 85 84
29 9 49 57 53
20 41 14 74 35
20 15 11 32 13
20 32 88 91 91
20 34 31 89 76
20 39 30 93 65
8 17 10 36 17
9 0 69 82 82
9 29 63 82 74
9 16 45 79 49
16 32 59 66 64
10 33 88 98 90
33 28 23 46 36
33 8 51 94 85
33 31 55 74 61
33 39 39 67 65
33 1 37 81 54
11 16 38 97 71
11 37 50 82 56
11 17 32 73 67
11 20 82 100 92
37 12 53 65 60
37 25 31 69 51
37 10 41 88 63
13 35 63 100 97
13 4 80 96 90
14 27 56 80 65
27 38 31 62 33
27 19 16 18 18
27 2 25 70 28
32 7 19 26 19
32 36 34 86 84
32 13 64 98 87
19 20 90 96 94
41 6 87 98 91
41 23 35 44 40
34 31 66 84 80
34 8 45 91 78
34 26 27 75 46
39 32 30 98 55
21 0 21 38 35
22 3 26 58 31
22 26 70 86 76
28 39 54 86 74
28 27 61 89 68
25 15 60 100 61
25 38 56 70 61
30 31 62 84 83
30 34 33 81 47
30 32 29 70 64
30 5 56 98 83
36 25 83 92 90
36 2 11 88 60
0 41
