992 2528
0 542 66 98 90
0 19 56 100 83
0 614 60 95 88
0 973 16 81 42
0 851 48 100 71
542 913 78 99 87
542 202 59 94 88
542 900 70 79 76
542 221 33 87 42
542 613 49 88 86
614 761 52 84 62
614 188 39 60 51
614 284 15 49 44
614 7 79 96 79
614 245 71 78 73
973 605 79 90 86
973 896 66 72 71
973 124 29 75 71
973 440 52 94 82
851 954 13 57 43
851 379 67 100 83
851 488 73 74 73
1 311 10 19 12
1 814 13 32 22
311 208 58 63 63
311 39 80 96 95
814 104 48 70 64
814 85 66 94 85
2 398 55 76 76
2 544 69 86 84
2 327 84 88 87
544 590 10 79 56
327 925 40 45 42
327 846 69 71 71
3 505 85 88 88
505 18 43 93 79
505 539 92 100 99
505 492 43 81 71
505 130 36 38 36
4 875 88 95 88
4 852 48 92 72
4 455 77 96 83
4 888 88 89 89
4 659 38 90 45
875 558 64 68 66
875 918 78 99 97
875 498 29 79 34
852 261 80 92 89
852 58 18 27 23
852 358 42 46 45
455 756 91 95 92
888 135 19 37 24
888 324 54 89 87
659 795 17 63 46
659 591 60 61 61
6 493 48 93 51
493 446 88 93 92
493 915 11 92 68
493 942 69 95 69
7 310 62 98 62
7 911 59 76 67
7 311 71 82 72
310 726 83 87 85
310 529 87 88 88
911 445 89 95 95
911 240 32 91 89
911 928 20 51 36
8 196 72 85 79
8 441 54 55 54
8 989 27 64 50
8 419 92 100 96
196 243 66 86 72
196 801 32 37 36
196 509 13 91 88
441 711 94 95 94
989 842 32 58 32
989 934 33 67 60
989 700 76 77 77
419 330 70 88 88
9 297 29 78 63
9 423 70 78 77
9 356 48 68 58
9 973 56 85 70
9 472 80 83 82
297 835 29 87 38
297 962 45 50 49
297 177 16 41 26
297 144 91 98 96
356 878 12 70 22
356 919 74 75 74
356 642 78 95 82
472 536 14 71 15
472 322 92 97 93
472 84 57 73 72
472 46 46 99 75
10 667 49 77 76
10 693 49 80 51
667 644 75 96 85
667 432 64 65 64
693 141 16 61 50
11 661 82 95 95
11 391 13 25 20
11 789 67 93 77
11 445 28 77 76
661 177 84 89 87
661 510 90 94 91
391 957 33 98 86
391 864 16 68 27
789 968 65 97 80
789 429 72 75 72
789 107 51 53 51
445 966 52 55 55
445 262 74 77 76
445 346 73 97 92
12 113 46 76 74
12 452 23 99 43
12 765 17 28 17
113 423 36 39 39
113 493 81 87 84
113 166 77 97 91
452 483 33 95 84
452 956 72 100 99
452 753 18 89 67
452 654 14 86 63
765 495 33 34 33
13 304 67 73 69
13 502 47 60 53
13 96 63 77 67
13 126 22 50 38
304 571 57 96 65
304 258 48 74 56
304 267 90 100 99
502 230 19 34 19
502 603 67 73 70
96 178 88 91 88
96 694 54 66 57
96 135 36 72 57
96 968 57 70 61
126 138 54 59 58
126 297 29 47 30
14 809 62 71 69
809 508 71 78 71
15 369 72 81 81
15 872 63 67 65
15 205 17 56 45
15 648 30 93 50
15 231 70 73 72
369 299 13 54 21
369 527 76 79 79
369 460 45 79 52
369 786 61 67 65
369 507 34 84 41
872 673 58 66 60
872 882 65 68 66
872 65 87 97 95
872 891 83 98 98
205 238 77 91 91
205 225 11 79 60
648 968 76 93 79
648 111 42 63 42
16 914 23 51 23
16 901 24 48 46
16 155 88 100 88
914 620 21 90 83
914 610 78 88 85
901 562 69 82 76
901 570 43 47 47
155 744 90 96 91
155 328 16 28 16
155 667 44 95 48
155 687 41 51 43
17 216 44 74 74
18 641 88 91 91
18 924 61 64 61
641 73 42 99 45
641 674 94 100 95
924 73 47 90 56
20 535 36 40 39
535 113 17 52 24
21 491 63 96 76
21 247 38 50 47
21 395 53 55 54
491 631 75 97 76
491 674 37 78 72
491 614 15 21 19
491 59 28 59 32
247 197 29 75 50
247 43 66 69 66
395 23 91 100 99
395 184 68 99 74
22 463 30 72 58
22 338 80 91 85
463 86 40 73 45
463 899 13 30 22
463 807 81 98 88
463 955 45 94 56
463 467 69 72 69
338 385 83 95 93
338 199 67 97 91
338 497 83 84 84
338 428 29 84 49
23 141 70 89 89
23 618 40 67 60
23 691 66 96 71
141 263 95 98 98
141 549 27 74 66
618 511 18 54 33
618 800 77 86 80
618 343 16 86 82
618 65 31 59 52
691 934 47 57 54
691 475 55 86 82
691 860 68 91 86
24 881 25 56 49
881 694 39 59 49
881 445 95 97 96
881 309 37 52 45
881 842 56 79 62
25 948 29 43 36
25 792 32 73 37
25 908 55 60 56
948 175 91 95 94
792 286 62 71 67
792 110 17 74 57
792 699 59 90 67
908 767 26 73 33
908 432 70 92 80
908 139 89 99 95
908 377 19 22 21
908 919 13 44 40
26 29 29 31 30
26 143 73 74 74
29 694 76 97 78
29 55 87 94 89
143 225 49 79 53
27 106 21 43 30
27 276 34 60 55
27 161 43 67 52
27 530 90 91 91
27 170 28 56 39
27 807 23 94 50
27 338 48 95 91
27 851 80 100 94
27 965 16 31 19
27 861 47 49 49
106 745 93 99 95
276 624 93 99 93
276 403 58 74 74
276 490 43 78 56
276 605 60 87 73
161 802 73 78 78
161 591 91 100 96
161 788 45 95 88
161 160 41 86 52
161 444 27 51 48
161 120 71 89 88
530 90 47 97 59
530 958 66 95 87
807 457 78 81 80
807 148 36 76 63
965 568 50 61 57
965 325 14 73 35
965 275 55 75 57
861 141 13 46 13
861 238 95 97 96
861 750 23 94 48
28 835 13 95 69
28 803 77 97 94
835 166 75 94 79
835 394 49 55 52
835 111 27 70 65
835 379 12 100 69
803 528 46 50 50
803 571 13 94 81
803 186 47 91 80
803 127 56 75 62
694 831 41 71 55
694 975 43 71 63
694 708 77 84 77
694 330 73 97 85
694 815 17 77 18
55 39 66 83 78
55 61 12 30 27
30 78 74 75 75
30 284 92 96 95
30 350 76 93 80
30 890 92 99 98
30 783 50 75 56
30 737 93 98 97
78 877 46 97 46
78 408 29 89 49
78 0 88 98 90
284 463 80 81 81
284 929 24 39 35
284 511 67 99 98
284 403 76 87 85
350 95 27 52 39
350 55 66 84 74
350 872 10 79 27
350 797 25 69 47
350 514 34 35 34
890 667 18 20 20
890 329 61 75 64
890 603 17 49 21
783 707 15 40 29
783 739 83 94 94
783 168 87 90 87
783 702 41 94 89
737 764 41 68 49
737 970 60 86 77
31 605 43 77 68
31 517 10 98 33
31 341 12 80 62
605 981 60 75 61
605 119 49 66 50
341 661 21 28 28
32 325 45 87 75
32 713 61 70 64
32 738 32 92 77
713 82 19 44 39
713 704 78 91 80
713 274 54 55 54
33 233 70 85 79
233 826 31 35 34
233 110 22 28 22
233 922 95 96 95
233 70 61 80 71
34 496 11 53 38
34 427 74 89 79
496 424 57 72 68
496 738 76 91 89
496 944 12 73 30
496 135 28 42 41
496 56 13 85 18
496 639 10 57 50
496 577 64 65 65
427 13 47 67 61
427 836 88 93 91
427 250 82 94 86
36 178 10 71 61
36 327 45 87 69
36 710 13 90 21
36 804 41 51 50
178 532 92 100 98
178 880 65 91 78
178 698 34 93 43
178 359 74 85 76
710 684 85 92 85
710 416 93 98 97
710 497 41 87 57
804 585 10 13 12
804 435 82 94 85
804 831 20 57 44
37 667 93 94 94
37 246 75 78 76
37 550 63 85 69
246 729 86 92 91
246 639 50 79 61
246 488 67 68 67
246 687 29 65 42
550 454 78 79 78
38 703 78 79 78
703 75 53 85 56
39 135 70 74 71
39 320 69 83 76
320 81 17 56 41
320 133 31 80 57
320 528 33 89 45
40 529 75 95 84
40 581 29 81 32
40 597 71 97 78
529 413 65 66 66
529 452 34 76 54
581 771 65 98 70
597 682 32 100 78
41 241 81 84 81
41 446 28 82 54
241 784 26 64 55
241 77 28 47 47
241 547 23 35 34
241 330 54 64 54
241 247 35 100 87
241 848 86 98 87
446 657 75 100 97
446 989 75 93 93
446 786 76 82 76
446 281 25 42 39
446 640 84 95 85
42 543 87 88 87
42 744 88 100 96
42 460 17 23 21
543 839 81 96 89
543 602 77 82 77
543 610 54 75 71
744 898 89 92 91
744 22 61 84 80
744 854 16 54 19
460 599 44 76 68
460 211 43 99 71
43 284 34 49 44
44 690 14 83 64
45 140 86 88 88
45 536 63 65 65
45 308 77 96 90
45 219 71 91 76
140 393 80 95 88
140 818 57 75 69
140 901 58 59 58
140 905 31 84 72
536 173 43 54 54
536 199 54 83 61
308 500 19 92 52
308 673 75 86 83
219 235 18 69 36
46 928 30 79 48
46 637 86 87 86
928 134 70 99 93
637 90 58 60 60
47 513 58 77 73
47 970 16 36 34
47 488 86 98 92
513 65 58 88 67
513 581 93 95 95
970 760 10 20 20
488 13 77 100 96
488 255 81 84 84
488 211 12 63 26
488 757 27 80 76
48 349 70 94 93
48 187 20 49 44
48 85 65 98 71
349 541 89 96 89
349 866 26 58 58
349 38 76 90 79
187 148 73 76 76
187 742 91 98 94
187 981 54 63 57
85 813 82 87 85
85 778 30 31 30
85 223 65 91 82
49 640 92 99 92
49 946 12 46 17
49 629 72 85 79
640 571 42 52 52
640 423 44 85 65
946 901 72 79 79
946 887 70 82 75
946 504 89 99 92
946 365 50 74 56
946 906 69 97 92
629 42 81 93 88
629 772 63 89 89
629 118 25 70 57
629 316 77 90 85
50 862 50 56 51
862 756 23 36 36
862 454 36 58 42
862 669 77 92 85
862 963 86 95 89
51 857 63 93 85
51 243 10 27 24
51 819 27 40 30
857 573 45 91 81
857 316 53 64 58
819 94 76 90 81
819 911 40 71 55
52 188 83 89 84
52 655 82 89 89
52 503 34 80 36
188 964 13 50 36
188 315 27 42 41
188 479 48 75 67
188 475 77 91 90
655 11 17 63 46
655 721 83 96 90
655 27 63 99 84
503 720 72 79 72
503 793 81 92 87
503 282 62 77 62
503 356 73 81 77
503 176 38 41 39
53 956 80 85 85
53 499 58 88 86
956 893 62 91 64
956 200 11 81 67
956 635 81 88 81
499 659 26 77 32
499 462 24 49 26
499 891 58 64 58
54 660 80 97 89
54 166 93 95 93
54 880 73 76 75
54 810 19 91 88
54 933 11 92 51
660 654 80 84 82
660 916 77 87 81
660 369 41 66 44
660 308 33 99 79
660 9 36 37 36
660 760 72 77 77
166 344 64 68 67
166 855 26 93 68
166 616 90 98 96
166 609 63 92 82
166 953 24 80 68
880 501 85 96 90
880 161 40 52 49
810 874 56 77 70
810 320 56 71 63
810 564 75 95 90
810 291 72 81 76
933 519 60 78 76
61 420 19 84 30
61 44 16 79 76
61 32 40 63 59
56 320 27 68 62
56 884 36 41 39
56 28 34 62 48
56 402 13 43 23
56 932 88 89 88
884 913 75 88 80
884 721 45 80 78
402 101 70 73 70
402 410 49 58 58
402 392 14 38 32
932 927 52 74 59
932 58 41 62 49
57 478 78 86 79
57 238 55 83 59
57 453 11 84 83
57 56 75 82 80
478 407 43 49 43
478 153 46 88 78
478 520 46 75 63
478 120 67 77 67
238 790 66 94 80
238 187 86 94 94
453 376 51 57 54
453 608 34 95 91
453 710 33 85 60
453 372 24 78 34
58 182 82 98 96
182 339 85 96 88
182 427 60 61 60
182 758 35 50 36
182 671 28 94 63
59 291 79 91 84
59 264 85 99 90
59 363 67 69 68
59 385 44 76 66
291 115 54 88 76
291 299 82 95 88
291 399 17 37 29
291 594 26 88 35
291 940 57 62 62
264 418 63 89 73
264 817 52 63 56
264 600 55 60 60
264 506 87 93 93
363 846 43 53 43
363 980 75 79 77
363 715 93 95 95
363 898 92 97 93
363 245 72 86 78
363 928 36 61 56
385 661 49 58 56
385 678 25 47 40
385 966 20 28 20
60 808 26 47 39
60 653 47 67 53
808 466 83 88 83
808 779 64 75 70
808 929 86 87 86
808 453 19 52 34
653 612 92 95 95
653 919 95 100 99
420 568 38 92 80
62 459 16 45 34
62 377 18 57 26
62 679 70 87 71
62 617 24 74 54
62 46 44 52 49
459 378 67 99 94
459 918 74 81 74
459 139 80 100 98
377 645 85 97 88
377 154 16 95 89
377 880 11 56 16
679 932 89 97 95
617 23 29 49 49
63 967 74 78 74
967 98 61 70 61
967 65 57 98 71
64 264 19 34 29
64 931 13 32 24
931 548 94 98 96
931 74 25 26 26
66 310 58 78 77
66 283 52 94 77
283 426 16 23 17
283 934 69 89 75
283 469 51 93 63
283 501 58 63 63
283 549 11 66 37
67 81 41 65 54
67 490 64 82 75
67 621 85 88 87
81 432 56 62 56
81 78 12 41 26
490 380 93 100 97
490 39 38 76 59
490 9 68 84 75
490 389 56 78 58
621 678 64 82 65
621 881 26 39 29
68 644 18 85 54
68 29 18 58 44
68 286 38 75 51
644 596 74 84 78
644 427 76 93 82
644 867 13 91 18
644 129 18 46 41
286 592 32 76 70
286 786 13 33 32
286 422 93 94 93
69 754 76 98 94
69 617 11 62 50
69 719 55 64 59
754 857 41 57 56
754 27 69 89 79
719 317 23 26 24
719 733 55 76 75
719 581 25 67 52
71 875 77 88 84
71 517 31 60 46
71 395 23 70 55
71 324 76 89 77
324 874 51 56 52
324 150 42 60 60
324 897 69 93 86
72 483 83 100 100
72 785 82 99 95
483 279 33 34 34
483 502 83 89 87
785 564 41 85 54
785 659 69 95 77
785 562 63 97 84
785 712 22 38 23
73 109 31 93 82
109 867 59 63 60
109 359 14 35 19
74 953 51 60 55
74 613 41 79 43
74 741 19 60 27
74 652 73 81 78
74 732 31 59 33
953 687 87 96 94
613 990 43 74 55
741 143 57 91 66
741 955 69 82 74
741 528 83 91 91
652 56 44 63 57
652 262 27 78 52
732 307 73 83 79
732 829 22 67 36
75 262 81 97 81
75 395 58 82 59
75 419 39 93 45
75 337 25 40 26
75 30 84 90 88
262 914 25 51 34
262 221 93 100 96
262 245 31 78 43
337 173 15 92 48
337 474 47 67 63
337 377 82 98 94
337 161 84 89 87
77 583 82 99 92
77 138 85 87 85
77 480 42 100 69
583 858 36 44 38
583 737 69 91 71
138 349 21 67 42
138 974 75 79 79
138 63 34 100 78
480 220 32 61 33
480 657 61 100 80
480 626 55 75 70
480 380 27 73 67
480 146 22 95 53
877 692 50 57 51
877 383 30 67 53
79 886 41 76 74
886 22 78 84 84
886 851 71 76 71
80 662 80 84 84
662 556 65 68 68
662 681 69 84 81
662 950 90 97 93
432 968 43 78 56
432 217 48 77 67
82 839 55 57 56
839 92 41 79 76
839 666 61 76 67
839 915 85 92 89
839 169 61 98 72
839 820 31 78 48
839 856 56 68 58
83 589 50 75 55
83 227 39 50 40
83 529 69 78 72
83 569 75 83 81
83 28 69 95 79
589 167 64 67 64
227 528 93 97 95
569 374 91 96 92
569 462 11 73 65
569 79 86 92 87
569 182 90 95 95
569 606 89 100 96
84 805 92 96 92
84 959 68 99 86
813 882 82 83 82
813 432 19 70 42
778 703 27 92 85
778 247 10 54 40
778 886 73 79 76
778 86 15 68 40
778 331 78 79 78
778 784 87 88 87
223 545 65 67 66
223 383 82 86 84
223 632 82 87 82
86 141 63 88 86
86 472 15 67 22
86 829 34 62 60
829 485 25 58 28
829 849 26 38 37
87 77 33 85 33
88 512 91 93 91
88 475 28 72 61
88 205 21 22 21
475 764 54 92 74
475 418 93 100 99
475 519 44 72 63
475 599 86 89 87
89 448 74 97 96
448 606 68 89 88
448 934 77 100 91
448 103 17 56 34
90 79 75 83 78
91 968 18 67 61
91 80 71 87 75
968 312 41 64 51
968 417 43 86 62
968 595 83 93 93
968 724 79 88 83
968 908 64 100 64
93 630 28 92 46
93 150 76 82 82
630 636 40 44 40
630 900 37 46 43
630 601 23 27 27
150 130 16 54 25
150 779 17 19 19
150 751 71 94 90
94 194 70 71 71
94 442 26 84 26
94 846 80 85 82
194 486 49 70 68
194 364 64 68 65
194 553 49 67 50
442 133 37 50 42
442 930 10 97 62
442 606 29 86 55
442 462 44 81 52
442 505 11 73 71
846 257 23 90 49
846 419 68 69 69
95 481 89 90 90
95 545 70 97 78
95 756 32 86 78
481 468 53 71 59
481 879 83 98 83
545 27 12 97 66
545 474 63 79 64
545 197 20 27 26
545 823 37 67 46
545 820 70 90 75
756 908 68 99 97
756 471 66 80 79
97 494 92 96 96
97 5 71 93 75
97 787 47 91 62
494 206 69 80 78
787 925 54 71 58
787 340 18 56 42
98 175 42 62 51
98 670 81 83 81
98 891 63 95 74
98 414 84 89 89
175 763 64 89 83
670 634 46 83 71
670 424 80 96 82
891 241 32 72 61
891 826 57 76 58
891 813 52 91 83
414 445 18 86 71
414 960 55 82 69
99 435 85 95 87
99 37 21 66 36
99 599 88 91 89
99 238 18 88 28
435 644 95 97 97
599 429 86 98 86
599 91 67 70 67
599 486 81 85 82
100 128 16 90 79
100 223 31 95 81
128 657 72 99 82
101 209 10 57 42
101 985 70 87 83
209 433 61 82 75
209 375 80 96 96
985 557 25 76 76
985 261 20 35 31
985 114 68 85 75
102 780 38 55 43
780 801 33 67 57
780 421 51 60 59
780 975 42 43 42
780 486 15 80 59
103 740 44 80 47
103 238 33 92 67
103 188 42 64 58
103 833 81 95 83
740 316 50 51 50
740 198 27 39 27
740 411 62 85 84
833 562 11 19 17
104 84 34 94 35
104 47 62 87 71
104 308 29 38 33
105 235 43 59 52
105 840 36 97 75
235 184 50 89 55
235 324 92 95 93
235 852 34 93 66
235 332 29 67 36
840 667 58 92 84
840 53 22 77 51
840 582 85 99 98
745 312 74 77 74
107 477 34 53 34
107 922 52 89 82
107 763 49 54 52
107 257 79 80 79
477 165 82 93 82
922 153 38 83 53
922 437 64 88 81
922 798 56 58 56
922 112 90 99 93
922 232 81 92 90
922 256 52 80 59
922 250 40 94 47
922 682 33 41 40
763 136 44 54 53
763 558 70 77 70
763 477 74 76 74
257 209 77 83 82
257 946 52 66 63
108 241 37 75 50
108 198 61 67 62
108 4 69 77 70
108 651 92 96 93
198 141 80 81 80
198 787 61 70 61
198 769 17 29 26
651 119 19 71 59
651 227 76 83 82
867 53 19 87 31
867 510 59 79 75
867 127 31 65 41
867 1 57 59 57
867 397 81 85 83
359 647 30 86 46
359 922 82 97 82
359 466 51 64 62
359 38 83 89 88
110 954 71 93 92
110 575 14 57 32
110 311 72 86 77
110 701 52 100 92
110 535 72 73 72
954 402 17 47 32
954 31 25 38 33
575 936 24 52 47
575 812 12 65 43
701 430 74 91 76
701 149 24 45 35
701 69 27 35 32
701 919 86 94 88
701 234 33 90 46
111 478 47 83 48
111 136 78 91 79
111 27 23 99 31
136 703 33 95 94
136 221 80 100 97
112 448 19 28 23
112 160 15 79 35
112 843 27 91 48
160 823 86 91 89
160 625 31 91 50
160 109 21 80 27
843 484 19 58 49
843 692 25 58 27
843 366 17 84 65
843 22 36 97 48
843 107 28 86 52
843 832 47 51 47
115 5 81 91 82
115 382 56 93 61
115 950 84 85 85
382 672 36 95 92
382 529 35 75 58
950 302 79 86 79
118 751 11 78 11
118 765 19 92 46
118 216 16 28 17
118 46 47 81 53
751 741 70 74 70
751 971 72 90 79
119 547 21 43 43
119 639 50 59 58
547 545 16 74 63
547 280 16 82 72
639 277 41 74 51
639 938 71 86 78
120 149 36 57 42
120 729 11 37 25
149 504 28 44 35
149 306 61 97 61
729 824 21 95 94
729 836 63 87 71
121 789 42 87 43
121 428 20 64 36
428 382 13 68 24
428 211 39 51 43
122 828 60 92 74
122 796 17 73 45
122 666 71 94 84
122 323 33 88 49
122 243 18 71 48
828 774 13 53 19
828 185 82 95 89
796 153 68 79 79
666 345 34 59 59
666 907 47 50 48
323 732 95 97 97
323 550 78 97 85
323 782 27 64 56
323 525 60 81 77
123 71 33 90 74
123 214 23 54 26
214 739 58 93 76
214 826 26 47 34
214 913 54 76 69
124 244 30 40 31
124 757 49 50 49
124 638 42 89 50
244 403 93 99 96
757 41 39 85 78
757 518 26 84 63
757 107 41 86 52
757 249 32 79 41
757 362 41 96 78
638 148 68 79 68
638 84 44 74 59
638 125 80 82 80
125 475 90 94 94
127 547 54 77 63
127 920 83 87 86
920 938 27 36 34
920 915 42 54 46
920 455 72 88 87
657 961 47 70 60
129 285 87 99 93
129 527 34 55 48
285 397 37 63 63
285 977 38 66 42
527 146 72 87 87
527 540 39 46 39
527 609 21 96 57
527 726 69 89 74
130 223 34 52 47
130 902 74 80 74
130 335 12 21 19
902 923 95 96 95
902 370 16 43 33
902 267 53 66 55
335 862 15 60 29
335 850 95 98 97
131 990 19 62 32
131 332 44 48 46
990 627 62 84 63
990 885 65 91 87
990 704 35 76 42
332 716 54 74 63
132 203 54 94 84
203 839 65 68 65
203 618 39 43 40
203 764 48 81 48
133 156 19 65 45
133 889 13 58 55
133 171 37 39 38
133 217 77 91 88
889 618 95 99 99
889 885 36 90 68
171 910 14 87 68
171 453 24 28 25
171 970 43 64 58
217 554 85 100 94
134 659 78 98 81
134 653 32 61 43
137 720 13 85 57
137 198 23 33 23
137 956 33 63 40
137 809 61 65 61
720 605 95 98 97
720 85 71 83 75
974 376 66 90 70
139 346 51 56 54
139 784 67 73 72
139 128 35 81 80
139 669 34 71 56
139 503 59 64 63
784 23 68 87 75
784 263 75 80 78
784 850 27 55 43
784 357 94 98 95
784 591 30 67 58
784 289 14 95 34
669 624 12 81 28
669 773 46 85 68
669 60 77 95 87
393 808 95 100 100
393 702 47 99 53
393 676 37 59 54
393 595 70 90 88
393 911 24 88 78
818 149 56 86 76
818 909 21 40 27
818 649 91 92 91
818 233 41 77 58
905 859 52 73 66
263 878 21 82 63
549 40 51 99 72
549 947 58 71 68
549 117 25 50 33
549 705 16 18 17
142 561 70 86 76
225 476 35 78 40
225 187 47 60 51
225 874 45 89 57
225 345 15 100 64
144 197 67 80 69
144 225 92 94 94
144 248 54 76 71
144 283 83 100 96
144 166 20 47 23
197 840 89 95 95
197 316 39 92 65
197 782 18 100 93
248 662 90 98 94
248 630 41 85 55
248 150 35 96 58
248 814 26 58 40
248 176 45 52 52
145 357 55 83 78
145 686 41 73 59
357 229 42 51 43
357 712 72 83 74
357 286 73 83 75
686 917 20 21 21
146 959 57 89 87
146 786 35 75 70
146 404 57 86 58
146 106 92 96 93
146 743 57 89 62
786 677 82 91 91
786 213 68 87 78
404 573 58 77 62
404 655 86 88 86
404 332 56 78 75
404 364 85 92 92
404 656 81 93 88
404 836 18 97 65
743 772 40 78 66
743 169 19 81 68
743 669 35 61 50
743 327 32 97 96
743 263 75 77 76
743 370 18 66 25
147 889 82 83 83
504 259 30 41 40
504 666 59 62 61
306 305 40 59 44
306 103 11 68 39
306 587 10 21 11
779 180 95 98 96
779 329 78 99 96
779 188 65 66 66
151 473 91 98 97
473 232 84 98 92
473 153 67 90 82
473 779 63 67 66
152 317 30 60 48
152 433 90 98 95
152 167 22 79 60
152 611 84 93 91
317 203 33 56 42
433 651 85 89 87
167 59 48 86 81
167 88 21 45 25
611 871 36 39 39
611 736 68 98 74
611 635 72 95 92
611 911 64 94 69
153 978 25 96 37
978 738 79 89 88
978 771 20 41 36
154 132 34 91 58
154 875 90 98 98
154 135 40 100 54
328 398 34 69 46
687 306 13 78 53
157 544 51 59 56
157 799 42 51 47
799 487 15 72 52
158 743 95 96 95
159 637 55 60 56
159 498 31 34 32
498 517 41 56 44
498 852 79 96 96
802 359 92 99 99
802 14 64 91 91
591 261 52 63 52
591 729 80 81 81
591 556 93 100 93
788 307 88 98 98
788 187 41 68 49
788 693 55 60 55
788 640 83 90 89
788 96 53 93 86
444 416 45 69 51
444 944 87 95 90
444 243 45 81 78
444 696 10 38 23
162 44 62 68 68
163 906 36 46 40
163 716 29 73 48
163 266 58 92 91
163 542 40 50 43
906 156 18 39 20
716 715 24 49 46
164 47 34 83 43
164 516 12 84 35
164 774 18 65 44
164 810 74 78 77
516 655 61 73 70
516 509 14 41 23
516 269 26 84 28
516 464 40 94 82
516 447 77 98 96
774 798 94 98 97
774 913 77 93 89
774 756 71 98 72
165 386 15 56 23
165 973 69 86 83
165 736 91 98 96
386 914 79 92 81
736 148 57 100 95
736 215 49 60 52
344 305 32 35 32
344 300 72 100 84
344 793 94 97 97
855 16 30 87 76
855 864 60 81 76
855 204 25 70 43
855 359 29 53 44
855 329 33 90 66
609 333 54 76 71
609 841 20 58 38
609 639 95 97 97
168 886 42 73 70
168 197 45 97 95
168 19 14 80 24
169 298 57 82 73
169 360 54 89 61
298 948 16 88 63
298 117 57 84 80
298 758 49 55 55
298 547 39 41 41
910 19 12 41 14
910 948 80 93 80
910 892 33 44 42
172 947 77 84 83
172 898 87 94 91
172 917 21 36 27
947 957 34 42 40
947 659 36 100 58
947 161 80 93 84
898 449 13 59 59
898 343 39 93 81
898 406 23 58 50
917 807 62 84 71
173 708 14 33 16
708 977 61 95 90
708 875 87 90 89
708 813 68 94 78
708 100 62 73 67
708 535 83 90 83
708 325 90 100 90
174 163 53 82 63
174 793 63 83 82
793 671 38 64 49
176 46 31 69 65
176 946 72 92 73
176 34 87 96 87
176 227 35 79 58
176 322 19 25 22
176 220 25 41 29
322 57 81 100 89
322 81 69 75 75
220 983 11 65 19
220 665 83 87 87
220 761 62 82 70
177 828 51 87 63
177 480 84 100 95
177 692 37 49 37
692 315 63 73 72
532 763 94 98 97
532 212 20 42 28
532 601 71 88 73
532 906 41 58 54
532 352 62 68 64
698 663 71 90 86
698 789 11 58 40
698 587 25 48 25
698 331 43 49 43
180 351 66 94 84
180 105 18 67 27
351 261 95 97 96
351 738 42 98 76
351 163 57 81 64
181 673 56 82 66
181 771 93 98 96
181 203 30 34 33
181 661 25 93 65
673 546 29 66 65
673 863 90 96 92
771 914 64 86 75
771 479 42 72 63
771 656 58 78 64
771 668 44 66 55
771 405 77 93 92
339 609 12 56 12
671 540 89 99 95
671 976 18 30 20
183 90 56 87 81
183 252 59 60 60
183 902 37 93 76
252 497 25 54 41
252 539 53 62 57
252 515 74 88 75
185 188 31 34 34
185 390 71 78 74
390 349 75 86 86
390 834 73 92 79
390 375 88 89 89
390 837 46 93 67
186 273 43 91 57
186 455 46 74 61
742 668 71 85 81
742 452 90 95 92
742 213 57 69 68
742 540 65 90 90
981 924 84 88 85
981 965 58 84 81
315 36 20 96 66
315 605 41 68 58
315 136 40 56 55
479 23 79 92 91
479 103 92 98 93
479 768 41 63 46
479 695 91 98 97
189 389 57 97 83
389 406 21 34 26
389 14 50 63 55
389 879 84 87 87
389 553 90 94 93
389 897 21 100 67
190 149 66 94 87
191 426 35 70 46
191 444 82 97 86
191 708 30 83 72
192 243 65 90 83
192 27 62 100 81
193 760 14 61 16
193 743 24 29 27
193 717 22 45 41
717 202 30 99 88
717 770 12 93 27
486 810 62 82 65
486 57 52 56 54
486 683 53 70 57
486 234 40 57 57
486 316 43 71 54
486 231 11 73 56
486 177 46 96 66
364 567 76 86 79
553 656 38 92 69
553 10 49 75 70
195 801 35 75 36
195 539 77 92 83
801 185 56 85 56
801 333 92 99 93
801 74 11 24 16
539 19 13 57 21
539 364 76 85 81
539 564 21 35 27
509 210 62 84 77
509 986 46 89 51
509 316 19 30 24
316 294 12 99 43
316 509 82 92 92
316 442 83 85 83
316 95 83 84 83
782 958 59 86 73
769 764 58 65 65
199 784 52 79 68
199 903 57 58 57
200 17 81 92 86
200 529 56 100 96
200 333 73 83 79
200 299 42 71 64
333 988 67 90 75
333 548 55 88 87
201 141 69 90 88
202 725 79 86 86
202 867 66 84 67
202 1 44 100 85
202 672 72 92 74
725 591 70 83 77
725 35 76 97 86
672 952 13 88 28
672 232 72 86 80
764 988 89 92 89
764 677 55 81 64
204 635 84 87 86
204 485 38 56 54
204 679 57 88 57
635 808 38 68 61
635 637 94 96 95
485 707 39 51 45
485 216 22 40 35
206 98 77 85 84
207 439 26 51 36
207 744 26 83 82
207 802 69 85 81
439 272 42 77 64
439 364 49 73 58
439 125 78 97 96
375 420 89 92 90
210 496 58 65 60
210 783 17 60 49
210 639 50 98 87
210 721 54 79 66
721 559 21 99 72
721 412 49 86 54
211 358 19 83 79
358 28 14 22 14
358 426 56 87 62
358 261 60 97 61
212 954 75 78 77
212 624 51 57 53
212 786 34 87 65
624 328 84 95 93
213 903 90 92 90
826 631 46 89 54
826 118 56 74 58
913 770 41 74 59
215 275 86 96 93
215 291 32 53 36
554 579 12 67 22
554 101 63 81 71
554 391 87 92 89
554 498 81 92 92
983 317 66 89 77
983 13 49 80 80
983 174 43 51 47
761 57 35 70 38
761 230 33 82 64
761 4 22 33 26
222 895 48 94 71
895 489 18 31 28
895 659 79 83 79
895 399 16 19 16
383 918 18 100 30
383 611 16 21 19
383 285 19 58 53
383 439 65 75 72
632 627 31 96 49
632 530 66 94 70
632 970 46 74 70
632 473 84 85 85
632 408 10 66 60
224 346 38 68 48
224 395 69 95 69
476 368 63 97 80
476 242 25 54 54
874 249 30 68 66
874 414 11 72 46
874 566 52 64 58
874 654 33 95 85
345 541 17 87 74
345 501 91 97 93
345 975 14 73 34
345 752 16 88 62
226 277 59 64 60
277 117 24 41 41
277 567 34 44 34
528 293 90 98 90
228 753 13 39 28
228 495 31 51 39
228 555 60 69 69
228 38 82 97 96
753 155 27 70 33
753 725 80 91 82
753 673 56 79 61
753 723 38 57 40
495 375 56 79 64
495 828 61 94 65
555 969 39 96 96
555 451 36 69 67
230 953 12 87 78
230 526 37 81 66
230 468 25 71 65
230 314 66 68 66
526 358 82 99 96
526 33 82 97 94
526 268 73 80 73
468 580 91 97 96
468 418 83 89 84
468 616 76 78 78
468 413 92 96 94
314 465 59 90 89
314 330 58 97 73
314 169 87 95 89
232 878 44 65 62
878 991 55 75 70
878 704 59 62 60
878 931 46 79 58
878 636 11 86 21
878 167 48 87 81
234 390 57 70 67
234 713 16 52 24
236 615 10 14 14
615 703 36 51 51
615 225 85 93 86
615 186 60 78 60
615 774 45 47 45
615 22 18 74 59
237 724 67 68 67
237 893 57 59 57
724 534 57 61 57
724 540 39 69 64
724 914 49 65 59
724 890 44 92 61
724 518 70 88 84
893 607 88 92 92
893 557 23 94 31
893 146 58 61 59
790 912 54 58 54
790 841 13 80 21
790 940 68 98 95
239 795 83 87 83
239 134 74 99 78
795 190 21 99 35
795 584 21 34 32
795 454 36 48 48
240 166 94 97 97
240 738 82 98 89
240 840 68 71 69
330 908 67 97 90
848 844 38 88 58
848 128 80 91 88
848 661 12 20 19
848 227 90 99 99
848 436 80 95 90
403 862 74 98 84
403 705 32 80 59
403 891 81 93 84
245 847 12 77 22
847 754 75 89 76
249 561 53 76 57
249 534 64 73 71
249 977 56 59 58
249 164 77 94 86
249 964 70 92 73
249 225 88 89 88
249 537 71 79 75
249 978 23 57 46
534 633 65 93 75
534 133 26 94 47
534 817 61 90 69
977 610 88 100 99
537 586 82 97 88
537 185 33 58 38
537 412 57 68 59
250 968 46 71 67
251 209 23 69 58
251 495 89 98 97
251 147 53 91 64
497 201 62 63 63
497 705 18 93 45
515 202 94 96 95
515 253 75 83 83
515 864 94 98 98
515 405 37 57 57
253 566 65 96 75
253 680 46 65 61
253 289 52 54 53
253 305 18 26 22
253 208 50 75 71
566 209 72 100 91
680 511 55 79 66
680 225 58 80 72
680 152 88 95 90
289 154 91 92 91
289 708 56 98 69
289 760 63 89 76
289 18 49 92 59
305 252 45 85 55
254 971 58 70 62
254 394 56 79 79
254 301 41 91 66
971 755 52 62 61
971 312 52 96 57
971 175 15 76 56
971 99 87 98 97
971 869 69 89 80
971 37 22 28 23
301 856 89 90 90
301 976 64 80 75
301 217 45 92 45
301 15 40 42 40
255 472 31 94 43
255 930 58 95 93
930 604 21 57 40
930 355 36 70 42
930 149 62 85 66
256 229 28 71 37
256 252 45 54 52
256 230 22 82 66
256 555 74 91 89
258 163 59 92 87
258 810 86 91 86
259 469 26 70 33
259 460 66 80 80
259 517 49 70 53
469 407 92 95 92
469 428 30 39 36
469 211 58 66 60
469 510 89 92 89
469 987 93 100 97
260 674 55 67 64
260 669 35 48 45
260 725 94 100 99
674 423 49 91 59
674 391 81 84 84
674 655 63 98 72
261 518 31 66 37
261 284 46 52 52
261 250 88 93 91
261 523 87 89 88
261 201 21 78 76
261 313 43 83 58
518 915 50 60 60
518 301 13 31 17
518 137 24 64 39
518 638 79 90 87
518 805 52 68 61
523 819 38 72 61
313 293 69 73 71
418 315 28 38 30
418 698 58 83 82
506 41 25 56 53
265 565 18 68 55
265 408 33 62 49
565 180 90 100 99
565 984 93 95 94
565 696 21 98 24
565 166 68 78 70
267 250 29 71 62
267 492 67 99 71
492 206 46 64 48
268 781 89 97 90
268 646 60 79 78
268 690 25 55 26
781 34 50 96 73
646 763 66 69 67
646 862 26 53 45
269 856 30 86 53
269 90 76 77 77
269 953 78 89 80
269 897 32 47 47
269 462 48 92 73
269 562 29 39 37
269 630 79 94 93
856 953 60 91 84
856 552 44 92 76
856 602 86 99 90
897 343 20 22 22
897 231 82 89 84
462 885 84 93 89
462 804 27 95 79
462 472 79 90 80
562 214 49 96 83
562 604 68 70 68
562 906 46 97 50
270 342 78 93 80
270 145 59 64 62
342 599 95 99 95
342 556 53 100 66
342 912 42 86 43
271 444 32 35 34
271 178 58 65 58
271 331 88 96 93
271 481 38 77 48
331 482 66 82 73
331 676 33 65 40
331 91 17 92 43
272 54 21 94 23
272 739 15 65 41
272 34 92 96 94
272 636 65 94 65
272 555 68 79 78
636 218 37 66 57
636 490 36 46 44
636 361 18 70 23
636 931 65 80 80
274 685 83 97 83
274 309 47 82 69
274 204 85 91 91
685 191 68 83 78
685 183 15 58 37
685 62 71 97 77
685 72 21 42 34
685 935 13 72 57
685 836 40 80 75
309 546 28 31 29
567 86 48 59 49
278 35 87 91 87
278 495 74 83 74
279 832 15 63 42
279 615 75 94 89
279 988 22 46 41
832 293 31 60 43
832 841 74 82 75
988 26 27 77 61
988 753 80 86 85
988 932 85 91 85
280 641 10 62 54
280 365 32 38 37
280 475 35 63 36
281 334 34 97 68
281 599 40 85 84
334 76 91 99 96
334 485 31 37 35
334 174 77 97 85
282 288 49 90 57
934 118 89 92 92
934 366 91 95 92
934 967 14 30 18
934 864 30 55 37
934 372 79 80 80
934 497 53 89 82
929 58 25 47 29
929 494 85 97 87
929 269 78 92 80
929 369 88 99 94
929 734 44 52 50
511 344 21 55 38
397 298 59 63 59
397 857 46 62 51
592 617 53 65 59
592 241 38 48 42
422 355 16 23 18
422 208 45 83 62
422 362 91 93 91
290 553 46 82 50
290 466 14 65 36
290 82 87 93 89
290 556 82 96 87
290 228 71 93 83
466 102 14 27 26
466 645 95 100 97
556 588 92 96 92
556 381 80 82 80
556 812 19 100 85
399 700 11 16 14
594 124 66 84 69
293 79 39 70 45
293 373 74 81 77
373 84 83 89 89
294 793 70 95 82
294 31 95 97 96
294 49 34 35 35
295 904 42 74 45
295 802 37 43 38
295 384 78 92 90
904 884 21 59 23
904 248 76 82 81
904 381 55 56 56
904 967 49 77 62
384 679 33 38 35
384 455 91 99 97
296 965 75 98 79
962 671 19 21 19
300 942 63 77 71
300 638 81 86 85
300 863 84 86 85
942 226 77 78 78
942 912 67 98 77
942 402 51 58 53
863 810 72 89 78
863 771 29 80 44
863 38 88 98 98
976 696 22 90 30
976 295 16 34 22
976 148 22 54 49
302 259 85 93 91
302 633 20 83 32
633 750 22 32 23
633 799 12 37 24
633 759 58 62 61
633 402 57 59 59
633 249 27 99 89
303 172 58 72 71
303 824 69 82 71
571 80 36 84 57
587 714 47 69 62
587 364 92 100 98
587 912 87 100 100
307 422 94 95 95
307 947 26 57 49
500 220 49 71 63
500 380 61 100 81
546 580 65 95 70
546 525 89 96 93
312 445 28 67 32
312 473 52 62 59
465 241 57 75 73
318 16 77 98 84
318 753 51 76 70
318 749 72 86 77
318 80 18 72 40
318 579 68 86 80
749 809 60 86 84
749 462 46 80 76
579 733 40 98 82
579 673 47 75 72
319 151 69 85 85
319 152 61 81 79
321 866 46 58 48
321 87 35 96 91
321 914 80 84 80
321 719 82 94 93
321 184 13 88 35
321 7 61 85 68
321 0 56 59 57
866 297 39 45 39
525 194 68 99 93
525 578 19 83 66
326 719 24 61 26
326 70 89 97 89
925 762 30 99 71
925 831 79 80 80
925 618 62 74 71
925 227 29 72 39
329 128 66 73 67
329 234 18 80 22
482 380 30 57 31
482 600 48 58 49
676 428 47 85 65
676 477 91 100 96
548 553 85 96 94
548 878 62 91 62
548 248 80 96 87
850 632 14 40 14
336 384 67 88 83
336 854 66 84 67
336 547 61 68 68
854 395 72 98 76
854 185 78 97 86
854 308 59 62 62
854 884 26 41 36
474 796 53 82 68
474 508 76 88 86
474 454 32 37 36
474 914 12 33 15
474 316 92 97 95
340 383 54 99 77
340 872 49 91 74
340 806 47 49 48
340 94 61 72 63
340 752 28 50 30
806 32 93 99 95
806 188 42 99 89
806 422 31 69 53
806 108 79 80 80
806 560 56 94 67
752 858 57 67 60
912 457 18 86 66
912 286 68 91 77
912 521 67 94 87
343 665 14 34 18
343 572 26 68 42
572 449 39 60 59
572 788 31 46 33
541 481 38 45 41
541 461 39 61 48
541 588 45 49 48
975 696 58 91 86
347 306 13 81 58
347 545 78 93 79
347 47 23 28 23
347 613 88 93 92
348 907 93 96 96
348 790 69 91 70
348 951 84 86 86
907 987 75 95 84
907 642 25 79 56
907 675 25 26 26
907 862 66 96 75
951 251 86 89 86
951 313 34 53 53
951 239 60 98 92
951 78 21 62 25
797 775 19 74 24
797 813 83 86 84
797 680 95 99 95
797 155 35 89 75
514 127 21 65 59
514 770 35 93 48
514 737 10 62 39
352 908 42 69 52
352 201 53 82 66
353 863 65 73 67
354 419 91 97 92
354 636 79 82 82
354 320 26 57 29
354 721 46 65 63
355 283 91 92 91
355 385 14 75 50
919 622 57 83 60
919 353 42 98 52
919 362 75 88 84
919 628 42 79 60
642 871 79 83 81
642 557 13 24 18
642 838 43 79 45
712 784 92 94 94
712 960 45 50 50
712 961 59 86 74
712 526 79 99 83
712 654 77 96 77
712 131 44 49 48
712 425 54 71 70
712 455 12 21 19
647 547 76 87 81
647 248 55 96 75
361 467 55 96 90
467 388 74 91 88
467 736 28 29 29
467 300 19 57 52
362 968 82 91 87
980 366 49 71 70
980 718 81 88 83
980 447 23 37 30
980 753 25 51 36
980 640 44 60 48
715 468 89 93 90
366 196 42 80 48
366 829 46 53 48
366 13 40 52 42
367 719 41 77 57
368 152 91 99 97
368 211 77 88 82
368 478 93 95 93
507 310 52 61 55
370 10 74 89 82
370 332 25 59 54
370 671 77 97 87
370 528 56 57 56
371 487 48 82 51
371 17 60 88 66
487 264 70 73 71
487 687 73 76 74
487 741 25 29 29
487 512 90 100 99
487 509 67 80 69
487 854 50 73 73
372 98 81 83 82
372 81 83 88 83
372 707 40 43 43
707 957 71 78 77
707 871 42 89 77
707 612 18 59 41
707 419 64 100 81
707 978 46 63 47
374 473 73 91 83
374 569 77 90 87
374 690 33 89 52
374 497 74 82 82
374 444 16 69 50
376 241 15 92 42
645 159 39 79 66
645 38 90 95 91
378 15 23 45 30
379 247 87 99 95
380 933 39 86 83
380 114 52 92 52
381 200 65 87 86
381 533 34 54 47
381 826 61 84 74
381 894 34 58 57
533 613 91 96 93
918 466 36 73 62
918 178 19 97 29
918 245 12 21 13
918 666 48 68 67
966 202 90 96 94
966 910 45 82 79
966 642 82 94 84
966 679 23 63 39
387 19 49 76 76
387 922 51 73 62
388 374 53 78 68
388 892 48 53 48
892 832 50 64 55
406 869 35 57 57
879 692 27 65 64
879 103 21 89 34
834 85 62 91 67
834 786 41 76 67
834 52 24 63 34
837 929 56 61 59
837 83 33 67 54
837 991 93 96 95
837 673 45 69 59
837 89 39 60 55
957 488 24 68 64
957 624 56 93 73
957 840 82 88 85
957 478 49 59 52
864 698 14 29 19
864 616 44 67 54
864 8 67 89 70
392 973 83 92 91
702 137 53 66 56
702 769 57 90 71
702 801 70 74 70
702 281 25 74 43
595 124 41 43 42
595 292 94 96 96
396 711 88 95 88
396 927 35 63 40
396 682 46 84 83
396 275 51 86 53
396 181 51 75 74
396 475 31 53 48
711 106 21 30 26
711 955 34 95 57
711 739 73 80 73
711 520 75 88 76
711 366 50 71 68
927 81 66 88 80
927 930 64 94 74
682 715 87 99 92
682 63 63 91 77
400 59 24 28 24
401 393 28 50 30
401 344 89 91 91
401 712 41 82 50
410 592 38 71 48
410 449 94 95 94
410 593 50 63 52
705 144 77 86 77
705 591 43 69 64
573 782 87 90 90
656 682 58 86 80
656 86 37 80 77
656 100 74 78 78
405 725 75 82 75
405 742 83 88 84
405 527 30 82 46
405 989 35 72 57
405 160 16 36 22
405 506 82 98 88
869 571 80 83 82
869 694 50 64 64
869 479 68 96 80
407 921 24 28 25
407 64 58 76 61
407 622 91 100 96
407 643 56 73 66
921 138 10 60 33
921 507 24 41 30
622 587 70 74 71
643 70 79 92 87
643 761 50 100 59
409 233 12 52 23
409 162 15 41 21
409 764 49 77 75
409 888 20 83 46
449 256 81 92 91
449 472 84 97 89
449 896 37 68 40
449 21 70 88 77
449 234 28 80 59
449 689 28 74 74
449 283 70 79 71
593 887 48 55 54
593 934 77 98 93
411 26 58 99 89
413 415 22 34 26
413 549 39 85 79
413 551 30 83 41
415 792 42 75 52
415 338 51 65 63
415 483 15 86 21
551 559 60 72 69
551 195 40 99 44
551 683 46 72 58
960 345 69 91 73
960 950 43 58 49
416 570 82 85 85
416 11 19 31 19
416 897 70 98 83
416 180 67 87 79
570 890 80 88 83
570 984 88 98 94
417 812 22 39 37
812 857 66 96 93
568 774 24 35 33
568 546 43 64 60
421 711 10 63 55
424 983 11 94 54
424 872 65 75 74
424 655 86 90 90
425 135 10 60 35
425 645 84 90 89
425 981 14 26 21
425 27 22 81 74
429 697 21 70 63
697 553 11 48 14
697 930 88 90 90
697 743 81 85 83
697 700 15 90 64
697 533 12 34 23
430 874 29 61 46
430 808 90 100 100
430 174 32 65 36
430 390 81 100 88
431 460 59 88 79
431 944 66 67 66
944 92 53 81 55
944 856 30 65 33
434 189 90 97 92
434 523 86 89 88
434 815 36 71 61
815 477 89 95 94
815 29 47 52 51
815 180 46 64 56
815 538 82 92 92
815 518 24 57 36
436 907 76 89 78
436 476 38 71 69
436 791 54 80 67
791 139 11 27 16
791 886 55 92 67
437 985 24 92 34
437 234 51 57 51
438 632 20 90 46
440 974 60 67 64
440 687 38 55 53
606 343 90 97 93
606 833 52 57 57
696 206 80 86 83
447 484 34 89 57
447 15 73 82 80
447 201 48 81 76
447 138 44 76 54
447 82 66 68 68
484 87 18 60 22
484 673 88 95 90
484 918 79 84 84
484 433 69 85 85
896 977 94 99 95
896 619 16 45 36
689 536 46 61 47
689 193 70 77 73
689 196 51 73 60
451 158 91 93 93
451 132 71 82 78
451 351 83 86 85
654 815 51 67 54
654 566 20 32 31
654 736 23 72 65
608 3 69 82 78
608 668 67 100 78
608 965 15 34 20
608 12 95 99 96
608 380 68 89 76
608 420 33 97 94
454 812 28 84 41
456 188 15 90 43
457 103 56 57 57
457 808 27 68 27
457 727 56 88 84
727 349 45 50 45
727 698 22 94 64
727 508 90 97 97
458 483 84 96 91
458 703 57 70 66
458 698 68 70 70
461 393 63 67 66
885 250 84 88 87
899 936 24 88 49
899 406 37 71 48
899 760 45 51 51
955 709 71 81 77
464 217 64 72 67
464 563 13 56 48
580 951 62 69 65
510 580 75 97 95
470 63 12 22 14
470 302 88 89 88
471 389 23 97 42
508 13 40 97 88
508 423 21 33 25
508 56 23 67 30
508 647 28 97 35
508 373 93 97 97
508 628 32 41 40
519 390 56 73 73
519 732 47 55 50
520 549 27 77 76
520 430 11 24 13
768 13 73 80 76
626 73 70 90 83
626 180 92 98 92
626 753 43 67 55
626 796 61 87 71
683 667 53 60 55
683 485 59 69 59
683 183 81 89 86
489 946 63 94 94
631 660 66 68 68
631 708 46 66 46
631 394 31 62 53
631 832 89 98 90
631 599 74 99 85
631 782 79 84 84
915 487 25 98 86
915 837 20 61 33
915 421 61 78 63
577 983 35 88 51
577 827 77 93 85
577 688 62 92 87
577 512 76 89 87
577 867 28 44 42
603 407 42 100 86
603 30 61 79 79
603 355 76 98 95
628 594 85 90 90
628 756 26 27 26
986 477 73 85 79
770 259 32 52 38
770 895 22 69 45
770 862 47 92 70
770 535 87 96 93
521 135 19 50 35
521 416 38 96 55
521 358 87 91 87
524 530 62 74 67
524 625 45 95 47
578 715 32 90 41
578 4 49 92 75
540 680 82 84 82
540 92 18 79 67
958 195 81 98 83
531 223 58 69 66
531 305 44 57 52
601 803 80 89 85
601 674 64 66 64
601 676 94 96 96
586 686 40 99 46
586 841 86 89 86
538 345 94 96 94
538 800 82 91 82
538 648 65 75 71
538 553 39 62 56
800 802 53 95 95
564 616 67 99 80
564 516 32 43 38
564 806 75 87 87
588 284 68 97 90
588 270 81 82 81
588 565 60 90 79
900 410 78 88 87
900 458 31 83 41
602 858 34 83 48
602 872 88 94 91
602 171 58 99 60
610 878 50 93 59
610 66 20 27 26
610 9 70 92 85
590 203 31 70 61
590 763 81 98 95
590 758 95 99 95
590 575 25 74 39
820 681 23 95 67
820 626 64 90 88
559 743 38 69 63
559 897 34 77 50
552 394 18 68 59
552 408 25 96 39
552 345 92 96 92
969 545 56 64 61
557 926 41 91 71
557 115 18 47 27
557 779 15 64 63
557 107 15 69 27
557 466 75 98 88
557 469 89 96 96
926 428 46 68 52
926 589 26 83 59
926 353 93 99 97
926 548 35 47 37
926 150 55 66 64
558 240 49 86 80
560 386 10 60 60
560 570 76 80 78
560 347 33 93 52
560 541 44 64 55
560 642 78 99 87
604 78 56 81 68
604 404 87 99 89
984 833 27 36 33
984 970 79 85 79
574 567 78 92 91
574 899 54 85 56
936 424 52 59 52
936 258 44 46 46
936 470 60 93 86
576 681 57 82 63
576 856 86 99 92
681 738 58 95 60
827 125 30 94 72
827 539 40 90 77
688 540 90 97 90
582 955 88 96 96
858 737 54 58 58
858 443 94 95 95
584 23 81 86 86
584 233 47 80 78
584 113 67 85 75
584 970 77 81 77
584 64 27 47 37
584 615 42 75 55
714 248 41 71 48
714 942 20 50 49
887 325 55 70 59
887 890 31 87 50
596 80 45 47 46
596 963 28 79 29
596 294 20 74 30
963 615 82 95 88
598 861 71 78 77
598 13 91 98 97
607 527 52 55 53
607 9 31 66 52
607 273 13 70 65
668 824 92 96 92
668 664 84 95 90
871 330 17 88 71
871 97 13 47 46
612 125 81 87 87
612 629 26 50 26
619 538 56 70 70
619 250 24 43 36
620 247 76 93 88
620 195 68 93 88
620 460 81 97 96
620 991 66 96 80
620 377 27 58 50
620 928 55 65 55
620 946 38 71 48
620 282 68 81 79
991 953 17 85 41
991 550 91 98 91
991 894 95 100 100
623 0 80 89 85
623 740 38 61 40
627 418 14 29 27
772 632 30 48 40
772 613 50 58 53
750 22 95 100 95
759 309 50 64 63
759 583 84 94 91
759 64 32 74 73
759 818 92 97 95
759 249 77 84 77
634 182 48 51 48
634 991 27 62 38
938 971 44 52 44
938 942 16 49 20
938 117 46 72 54
938 264 67 92 87
838 362 43 96 82
838 558 91 97 97
838 80 45 73 72
649 801 81 100 89
649 545 90 95 91
649 983 36 62 43
649 364 34 48 39
650 970 60 96 60
650 104 28 46 34
650 691 44 60 51
650 585 16 26 23
961 397 26 36 31
961 643 38 93 66
961 382 64 69 66
658 223 59 64 59
916 13 86 99 89
916 206 95 99 98
916 44 53 57 55
916 560 69 75 73
916 370 17 90 52
916 903 37 82 73
916 257 51 61 53
663 679 33 39 33
663 930 55 90 70
664 835 82 96 84
773 133 78 94 81
952 500 28 68 52
675 906 25 70 56
675 762 27 38 32
675 911 55 71 63
762 949 31 94 34
762 217 35 90 67
762 712 64 76 72
762 976 27 50 38
677 866 56 73 60
677 114 50 85 72
677 450 33 98 54
684 490 41 60 51
684 425 58 81 75
935 652 29 51 43
935 364 76 83 78
935 312 19 37 28
860 480 76 89 88
860 518 50 90 67
860 991 26 41 36
860 971 86 93 89
860 218 59 98 63
860 322 43 70 63
831 28 34 45 43
831 372 10 41 41
831 925 69 83 72
699 523 28 58 32
699 961 72 82 75
699 217 62 94 93
704 872 57 65 58
704 322 14 51 29
704 136 64 91 81
704 380 20 30 22
706 454 55 99 59
706 431 72 92 80
709 17 42 54 50
709 931 46 83 80
718 597 24 88 47
718 883 52 94 84
718 740 90 95 92
718 87 15 57 27
718 936 94 99 94
718 9 40 96 80
718 363 89 91 91
883 640 93 97 94
883 579 17 53 30
883 296 49 51 51
883 880 69 84 84
883 712 77 87 78
883 199 45 93 81
883 477 46 52 46
722 194 36 58 54
722 452 63 92 75
722 635 80 87 80
723 817 81 92 91
723 287 27 87 67
728 140 86 91 86
728 961 80 96 86
730 434 44 92 46
731 831 63 64 64
731 523 88 94 92
734 736 55 63 59
735 388 27 47 34
735 929 86 94 89
746 942 51 73 72
746 959 39 56 43
746 529 49 93 80
747 132 42 58 56
748 184 43 58 49
748 168 29 40 31
748 0 71 82 79
748 628 53 98 64
748 833 46 49 47
755 350 15 89 75
755 426 64 73 67
755 771 95 96 95
755 42 82 90 87
755 769 56 90 81
949 308 75 88 86
949 60 86 88 86
949 464 38 60 38
766 384 30 51 33
766 0 36 86 45
767 638 43 98 71
798 892 35 100 94
775 369 42 56 52
776 798 67 96 92
776 68 91 94 93
777 481 68 79 76
777 489 12 96 87
777 793 20 69 30
777 238 83 92 86
777 6 38 73 72
777 918 36 72 40
794 193 77 81 79
794 488 60 100 79
794 932 36 94 38
794 771 90 96 91
811 35 41 63 45
882 952 90 95 92
816 641 22 44 22
816 722 46 83 58
816 261 91 93 92
909 112 30 66 48
821 198 33 47 41
821 851 89 94 93
821 567 72 91 83
821 423 60 80 76
822 123 58 95 86
822 157 62 70 68
822 809 17 29 24
825 947 18 35 33
825 156 64 86 70
825 730 78 85 83
825 616 31 67 56
825 584 27 74 67
825 183 11 44 22
849 691 51 69 60
849 885 42 79 73
849 620 57 78 62
849 603 53 76 66
830 716 30 81 32
830 271 22 52 30
842 235 84 93 89
842 527 20 95 91
842 730 25 31 26
842 522 87 96 90
842 675 56 73 56
845 74 50 59 53
845 84 76 92 86
853 965 92 96 92
853 226 26 87 38
853 378 37 76 50
859 821 66 76 71
859 928 29 51 41
859 337 39 84 39
859 927 69 80 76
859 865 29 57 35
865 783 11 69 68
868 0 46 55 54
870 58 94 99 95
870 850 22 26 26
870 613 56 90 67
873 155 52 61 60
873 523 93 94 93
876 224 91 99 91
876 451 18 87 36
876 603 90 92 92
923 676 60 91 88
937 519 34 88 70
937 598 46 52 47
937 792 89 94 94
939 571 73 81 74
939 83 85 95 91
939 164 90 97 94
941 225 82 90 83
941 654 80 82 80
941 635 61 84 74
941 252 74 92 82
943 849 78 100 80
943 113 31 47 35
945 207 28 60 43
945 964 43 72 70
945 769 24 65 62
972 780 26 28 28
972 910 70 79 77
979 945 44 68 47
979 720 54 74 72
979 84 68 92 78
982 754 12 97 23
982 147 44 84 44
0 991
