65 250
0 19 31 55 46
0 11 76 81 76
19 64 54 97 76
19 57 87 98 95
19 43 56 77 71
19 31 32 75 44
19 50 69 100 74
19 4 28 74 48
11 0 12 99 41
11 59 57 79 72
11 16 64 82 82
11 10 51 93 65
1 36 13 99 34
1 3 37 86 67
36 62 73 79 76
36 18 76 79 78
36 35 68 84 78
36 24 23 43 27
36 21 60 68 63
3 37 86 98 90
3 10 76 89 84
3 51 59 72 69
3 7 79 84 81
2 5 66 88 88
2 34 64 86 74
2 42 20 82 64
5 38 93 94 94
5 19 46 75 59
5 52 25 78 52
5 36 47 100 64
34 47 48 52 50
34 3 17 37 33
34 19 84 89 84
34 48 46 53 50
42 59 56 98 81
42 46 38 68 54
42 4 55 74 70
37 11 75 84 76
37 4 25 47 47
37 12 45 57 50
37 42 65 84 68
37 57 73 95 77
10 1 17 40 23
10 60 13 73 45
10 25 17 78 38
10 35 87 90 88
10 32 69 98 91
10 38 92 94 94
51 35 81 90 83
51 52 33 83 39
51 10 68 84 76
7 10 91 92 91
7 63 74 99 90
7 26 10 71 59
7 34 46 69 55
7 16 19 37 24
7 37 84 92 91
4 17 83 99 96
4 2 27 28 28
4 46 10 81 79
4 41 14 81 81
17 60 50 88 53
17 39 41 65 62
46 31 42 79 56
46 23 83 98 86
46 11 17 76 57
46 0 10 46 15
46 26 80 87 84
46 9 57 65 57
41 0 36 72 45
41 63 53 68 63
41 4 19 65 36
41 51 36 39 39
41 3 79 84 83
38 26 14 19 19
38 7 87 98 90
38 63 50 90 62
38 30 92 98 93
38 56 56 85 68
52 28 73 82 77
52 26 30 36 35
6 12 64 98 71
6 53 51 65 59
6 30 10 72 44
6 11 71 81 80
6 19 12 54 47
6 10 76 79 77
6 23 17 96 21
6 20 26 93 59
12 44 16 22 21
12 59 66 80 72
12 23 52 93 66
12 0 53 87 81
53 43 34 87 36
53 59 31 61 56
53 54 19 29 20
53 31 27 59 46
53 63 67 86 83
53 35 57 61 60
53 42 46 87 84
30 55 59 88 65
30 52 53 56 56
23 14 63 72 66
23 60 80 90 90
23 0 32 68 50
20 7 10 94 73
20 23 12 13 13
20 6 80 90 90
20 25 55 58 56
63 57 51 60 54
63 37 92 94 92
63 47 58 69 69
26 51 19 89 32
26 7 67 75 71
16 38 72 80 79
16 2 64 89 80
8 32 16 24 19
8 56 51 69 52
8 27 15 24 20
32 0 48 91 90
32 4 93 94 93
32 47 81 92 91
32 25 88 97 91
32 58 55 79 65
56 12 10 12 11
56 36 66 99 70
56 18 92 95 93
27 18 44 98 90
27 23 53 79 61
27 22 16 45 36
27 31 83 90 90
27 25 27 31 27
27 60 71 83 81
9 16 61 77 75
9 52 76 84 78
9 14 68 81 68
9 12 33 94 58
14 18 12 44 26
14 34 77 93 93
60 2 13 50 34
60 16 91 100 94
60 36 55 70 58
60 44 31 55 35
60 28 24 69 57
60 43 44 89 62
25 12 28 80 52
25 8 78 88 78
25 61 85 90 87
35 62 46 100 71
35 11 70 74 72
35 34 57 64 64
35 26 95 100 95
35 24 59 82 64
35 14 18 52 22
59 13 31 72 68
44 5 36 91 48
44 27 30 45 31
44 58 35 56 35
44 23 21 67 61
44 9 71 97 73
13 27 56 86 79
13 0 34 52 48
13 57 92 96 96
13 11 58 90 81
13 6 51 89 77
57 47 71 81 72
57 43 70 87 79
57 51 31 95 53
57 64 75 90 81
57 59 62 73 67
57 11 34 88 73
57 10 84 100 86
57 5 66 100 94
18 51 15 21 17
18 40 67 84 75
18 54 92 99 97
15 48 85 99 87
15 58 16 98 28
15 35 90 95 91
15 20 62 76 63
48 63 51 55 55
58 24 25 77 69
58 0 64 81 71
39 42 19 99 72
39 59 91 93 91
39 31 38 43 40
40 14 92 94 93
40 16 57 70 64
40 23 57 95 85
54 12 50 64 60
54 14 38 76 65
54 2 25 43 31
64 52 76 77 76
64 50 88 91 90
64 56 22 29 29
64 41 48 95 86
64 22 12 29 13
43 2 12 59 35
43 23 92 98 94
43 59 52 71 67
31 39 87 96 88
31 25 77 91 86
31 30 17 19 17
31 55 16 97 92
50 13 38 57 57
50 38 50 63 63
50 14 43 65 52
21 33 87 91 91
21 41 27 33 31
21 52 95 100 100
21 58 25 81 69
21 6 46 63 56
21 5 73 90 77
21 8 65 78 68
21 2 51 72 64
33 46 61 88 63
22 46 64 66 66
22 7 51 75 73
22 8 66 90 80
22 61 44 48 44
22 14 47 61 54
61 56 41 84 41
61 53 67 94 82
61 14 71 99 71
24 35 71 74 71
24 50 51 100 57
24 45 94 98 95
24 4 76 96 80
24 17 27 62 42
24 51 36 66 64
45 50 44 81 52
45 59 62 85 70
28 48 27 43 42
28 9 91 100 99
28 16 60 100 97
28 7 61 78 69
29 52 52 96 62
29 40 94 98 95
55 30 74 97 74
55 1 80 91 82
47 43 65 79 77
47 46 12 13 12
62 50 42 57 52
62 64 77 98 81
62 47 59 71 71
62 56 49 61 61
49 31 85 96 91
49 14 77 83 78
49 20 37 60 52
49 62 41 76 69
0 64
