775 2444
0 66 81 96 86
0 587 70 90 76
0 611 49 99 89
0 222 11 97 29
0 617 95 97 95
0 599 89 94 89
0 298 80 94 90
0 773 37 74 52
0 20 12 78 30
66 340 94 100 100
66 534 57 66 58
66 641 30 63 49
587 154 92 100 94
587 595 28 60 51
587 378 36 82 55
611 378 70 80 71
611 394 64 92 73
611 408 88 94 94
222 346 76 98 78
222 522 70 91 77
222 664 54 77 56
222 232 89 94 94
617 772 32 65 46
617 722 19 96 53
617 505 82 83 82
599 677 57 71 58
599 423 81 99 99
298 0 75 82 79
298 101 70 71 70
773 384 95 99 96
773 528 17 33 29
773 363 65 94 67
20 743 82 91 87
20 4 31 70 47
1 91 34 81 74
1 645 27 60 48
1 258 43 80 80
1 279 30 100 47
91 135 15 94 43
91 634 22 54 32
91 608 44 100 98
91 538 81 90 88
645 125 12 42 39
645 6 43 76 68
645 732 40 69 60
645 651 86 92 92
645 442 49 99 95
258 355 18 63 51
258 584 19 20 19
258 50 93 96 96
258 440 34 42 39
258 257 56 65 57
279 35 30 43 41
2 660 31 62 60
2 46 88 92 89
2 492 65 99 96
2 735 89 97 92
2 538 41 43 43
660 372 44 62 54
660 266 58 84 60
46 747 80 86 85
46 202 18 31 25
46 617 20 44 33
492 497 75 78 78
492 501 28 73 62
735 96 75 82 75
735 471 28 64 63
735 378 49 71 64
735 208 83 90 85
735 85 12 55 35
538 212 49 51 51
538 432 50 70 59
538 518 78 86 86
538 280 49 64 59
3 370 19 73 27
3 45 47 98 69
3 452 17 26 21
3 392 35 82 57
3 42 92 99 94
370 707 17 97 56
370 479 60 64 60
370 597 29 37 29
370 155 51 60 60
370 226 82 98 97
370 229 62 64 63
45 448 72 94 82
45 723 91 100 97
45 2 65 89 79
45 278 95 97 96
45 47 21 50 21
452 511 17 74 26
452 8 60 94 76
452 71 34 87 80
392 542 19 62 47
42 276 39 88 43
42 480 70 86 86
42 181 45 63 59
42 732 83 91 89
42 215 51 100 74
42 247 85 99 91
42 425 77 80 77
4 159 93 98 93
4 682 16 91 17
4 500 11 63 38
4 496 43 57 50
4 182 71 95 86
4 523 28 87 60
159 220 29 35 33
159 386 12 97 42
682 611 82 95 82
682 512 87 99 93
682 263 62 89 65
682 24 91 98 94
500 719 12 50 36
500 423 28 68 40
500 670 48 71 58
500 311 73 79 74
496 257 24 47 28
496 509 46 51 48
496 467 81 91 85
496 210 57 97 90
182 613 11 18 16
182 624 88 95 91
182 773 26 81 56
182 136 93 98 97
523 404 80 81 81
523 575 23 65 32
523 142 44 73 58
5 17 71 80 78
5 419 54 68 55
17 22 81 82 81
17 437 40 95 75
17 201 26 74 71
17 107 56 84 62
17 306 13 73 36
17 174 33 79 67
419 615 57 68 67
419 178 72 95 87
6 377 42 79 79
6 82 27 76 64
6 1 79 98 85
6 561 29 44 38
377 533 94 97 96
377 417 54 59 55
377 371 27 59 28
377 679 35 48 39
82 288 89 90 90
82 57 39 91 45
561 392 38 51 50
561 386 80 89 84
7 272 83 87 85
7 341 91 94 92
7 17 21 42 27
7 680 33 44 33
7 684 81 90 82
7 70 74 96 86
272 582 10 84 62
272 770 88 95 91
341 146 74 84 84
341 645 42 47 47
70 442 24 69 36
70 201 71 78 75
70 561 17 93 68
70 441 64 88 88
8 774 86 92 91
8 473 22 47 24
8 353 77 86 85
774 238 10 63 51
774 43 12 84 50
774 408 49 82 61
473 305 31 49 33
473 199 87 100 97
473 3 51 86 65
473 579 37 63 45
353 700 67 80 70
353 524 40 65 56
353 104 91 99 91
353 383 91 100 100
353 760 86 94 94
9 453 90 98 92
9 727 44 68 55
9 548 37 76 50
9 3 40 98 94
9 517 74 97 79
453 391 62 100 100
453 35 55 66 59
453 651 11 77 38
453 195 66 72 68
727 201 49 67 60
727 301 67 98 81
727 334 59 99 90
548 529 62 98 86
548 19 92 98 92
517 344 24 56 36
517 262 70 78 74
517 121 10 88 69
10 81 43 87 45
10 747 65 99 90
10 683 44 47 45
10 63 54 66 56
10 310 30 56 32
10 97 28 82 61
10 546 15 81 26
10 321 32 48 38
81 367 90 99 94
81 309 74 82 82
81 261 17 89 28
747 84 80 88 83
747 677 25 30 30
747 206 40 95 90
747 529 58 62 59
683 220 40 72 55
683 613 75 92 82
683 431 74 76 76
683 188 27 90 76
683 770 30 53 49
683 511 49 92 53
63 232 28 79 78
310 480 24 35 31
310 150 23 43 42
310 138 26 68 45
97 340 94 98 94
97 274 13 98 24
97 555 25 75 67
546 44 44 80 67
546 354 65 73 71
546 80 60 72 69
321 33 48 74 72
321 41 25 68 38
321 669 21 55 43
321 569 26 68 46
11 87 64 89 83
11 500 79 93 87
11 536 44 60 45
11 122 10 83 69
87 308 18 56 46
536 420 92 99 99
536 618 56 97 64
122 403 72 77 77
122 673 26 57 27
12 165 57 68 58
12 543 87 93 90
165 94 41 61 44
165 195 63 72 70
165 336 45 76 66
165 279 25 77 76
165 108 71 92 71
165 214 60 81 69
165 6 95 99 96
165 375 24 35 25
543 607 70 81 80
543 13 66 96 74
543 285 19 89 36
543 336 33 60 58
14 16 88 99 94
16 611 79 82 81
16 90 57 100 57
15 583 15 71 65
15 493 37 43 42
15 157 56 67 67
15 438 75 98 83
15 267 74 85 78
15 275 72 95 77
15 315 43 69 45
583 429 36 77 65
583 394 19 29 22
583 220 17 24 24
493 767 93 100 100
157 191 49 92 73
157 123 30 40 38
157 85 70 98 88
438 281 48 98 63
267 657 71 81 71
267 302 57 82 66
267 431 83 89 87
275 381 47 53 47
275 723 40 75 69
275 25 39 64 41
315 246 87 91 89
315 567 48 67 63
315 570 75 86 77
90 54 19 62 31
90 551 58 65 64
90 36 71 73 71
437 366 83 95 95
437 701 81 98 96
201 512 88 97 97
201 681 80 85 85
201 687 64 93 85
201 150 62 68 64
201 156 92 96 94
201 322 11 31 18
201 325 74 88 78
201 737 93 100 98
201 314 21 25 22
107 573 42 63 63
107 687 14 17 16
107 418 92 94 94
306 77 43 65 48
306 142 41 76 73
306 287 11 52 21
306 71 70 77 76
306 719 89 99 93
306 28 35 57 51
174 556 70 82 77
174 153 24 49 43
174 366 22 80 32
174 258 51 83 60
18 480 84 98 90
18 581 37 71 70
480 35 21 35 21
581 529 63 67 64
581 274 56 95 92
581 428 63 83 64
581 689 32 99 38
581 34 75 79 77
581 155 86 92 87
19 523 46 92 60
19 408 60 70 69
408 267 16 17 17
408 245 82 84 84
743 496 81 86 84
21 529 24 33 25
21 381 11 37 25
21 319 30 84 83
21 735 45 80 69
21 508 23 36 33
529 0 57 92 85
529 289 34 88 77
529 112 50 70 58
381 499 73 82 82
381 460 34 81 79
319 770 17 45 41
319 311 78 90 87
508 588 44 91 87
508 211 77 86 78
508 599 28 64 29
508 687 69 78 76
23 387 23 45 45
387 9 39 96 68
387 642 74 88 83
387 275 86 98 98
387 565 47 71 52
387 426 64 79 79
25 292 65 73 71
292 484 69 85 70
292 22 43 90 50
26 664 91 98 98
664 149 41 89 41
664 771 57 76 64
664 659 28 45 36
664 392 70 87 85
664 12 66 92 74
664 417 66 82 77
27 123 19 39 31
27 562 84 91 89
123 401 48 77 77
123 495 95 99 98
123 486 69 72 71
123 277 68 77 74
123 476 43 70 70
562 600 32 58 54
562 404 91 98 91
28 763 15 50 21
763 344 79 86 79
763 341 26 86 80
763 186 81 82 81
29 454 16 53 22
29 336 43 80 61
454 733 22 61 24
454 107 10 75 61
454 272 30 75 41
336 354 33 35 34
336 378 52 65 53
336 586 59 98 69
31 719 72 89 82
719 438 37 42 37
719 422 76 81 79
719 173 18 96 82
719 257 32 96 76
32 105 26 27 27
32 159 95 96 95
105 463 26 80 63
105 400 39 51 43
105 496 59 98 74
105 11 55 84 84
33 264 88 97 94
33 239 74 89 81
33 173 12 73 46
33 670 88 92 92
264 100 10 85 27
264 358 26 30 28
264 34 24 99 27
264 290 45 75 55
264 223 30 39 38
264 631 73 90 87
239 285 29 76 66
239 440 37 51 38
173 563 40 74 42
173 738 54 98 77
670 247 26 76 37
670 49 94 100 97
670 328 32 76 70
670 161 32 63 54
670 145 29 37 32
670 496 81 98 94
34 73 56 97 63
34 465 45 84 50
34 672 39 81 64
73 59 95 96 95
73 395 72 91 90
465 704 49 74 54
465 492 53 87 62
465 238 50 88 79
672 496 76 87 83
672 391 77 96 95
35 541 28 78 51
35 92 90 91 91
541 31 48 54 54
541 630 93 100 96
541 521 44 83 78
92 72 72 83 74
92 612 75 99 89
36 238 15 78 65
36 114 50 70 60
36 605 23 26 23
36 752 63 66 65
36 327 89 91 91
36 44 20 40 23
238 617 33 48 38
114 260 49 78 77
114 726 23 97 70
605 180 74 87 75
605 579 69 71 70
752 211 60 90 88
752 136 81 88 84
752 550 33 71 69
327 129 29 46 44
327 469 73 89 75
327 308 45 86 55
327 77 51 94 61
327 240 58 98 92
44 722 36 85 64
37 595 59 75 69
37 638 80 87 85
37 711 36 83 44
37 523 21 23 22
37 292 58 68 58
37 152 72 100 86
37 727 16 87 26
37 30 37 88 58
595 123 63 73 71
595 258 58 59 59
595 236 12 72 39
595 428 63 75 74
638 511 40 85 67
638 222 47 57 54
711 51 26 42 31
711 471 39 74 52
152 109 10 33 17
152 176 62 66 63
152 406 72 82 75
38 180 19 30 21
38 388 17 83 31
38 4 41 58 44
38 702 81 87 81
180 222 18 63 22
180 82 68 80 80
180 487 14 68 37
180 265 12 42 20
388 346 89 94 93
388 706 19 36 33
702 716 20 60 45
702 770 48 50 49
39 396 43 51 48
39 348 92 99 94
39 580 32 36 36
396 284 10 33 25
396 39 44 55 54
348 500 55 89 84
580 591 95 97 97
580 136 54 57 54
580 218 21 38 38
580 408 43 63 43
580 611 25 62 39
40 23 86 87 87
41 381 77 82 78
41 458 63 94 84
41 683 74 90 76
458 77 71 80 79
458 410 37 96 46
458 603 52 64 58
276 698 36 92 39
276 554 36 63 52
276 377 35 51 41
181 590 34 80 51
181 571 86 91 87
181 320 19 56 55
181 682 17 80 70
732 136 44 72 69
732 334 94 98 98
732 260 54 78 66
732 393 84 100 95
732 10 12 28 18
732 274 70 98 94
732 473 94 98 97
732 183 26 39 30
732 273 26 33 30
215 753 74 75 74
215 383 23 98 46
247 352 93 98 95
425 8 84 94 86
425 179 40 81 46
43 583 29 30 29
43 119 83 95 90
43 245 11 15 11
119 72 94 99 95
119 368 44 71 45
119 313 52 84 71
245 538 14 38 21
245 412 41 100 58
245 458 74 96 74
245 129 53 89 64
722 176 15 74 42
722 532 50 69 50
448 495 54 95 79
448 311 15 50 36
448 61 91 100 97
723 587 51 98 88
47 476 70 90 88
47 227 40 98 71
47 220 92 93 92
47 270 41 86 78
47 409 18 36 28
202 326 29 50 38
202 173 35 84 47
202 292 93 97 97
202 56 52 67 63
476 6 42 52 50
476 176 89 96 89
270 458 11 58 34
270 70 64 89 80
270 394 78 84 80
48 282 26 48 39
48 174 18 21 20
48 294 75 77 76
48 94 25 37 27
282 178 42 89 61
282 127 70 98 78
282 415 62 84 69
94 68 40 53 48
94 108 15 60 54
94 707 63 73 72
94 290 62 74 67
94 655 44 67 62
49 189 12 17 17
49 739 83 87 86
49 526 67 97 95
49 232 31 51 36
49 761 80 92 89
49 265 89 92 91
49 353 56 81 58
189 710 41 83 57
189 316 93 95 94
189 659 36 69 64
189 43 60 87 67
739 671 29 85 67
739 462 86 97 95
739 723 14 18 15
739 126 48 58 52
526 499 55 100 68
232 395 74 81 74
232 455 52 61 53
232 342 75 81 75
232 87 61 94 89
232 236 31 64 63
761 731 19 54 31
761 100 68 82 72
761 102 66 85 79
265 452 47 53 53
265 466 38 90 40
265 286 22 93 68
265 728 58 65 61
265 52 29 61 30
50 760 72 83 79
760 512 13 25 23
760 447 72 75 74
760 600 50 72 66
51 638 16 83 25
51 608 29 33 29
608 769 59 88 88
608 518 61 87 72
608 110 32 43 38
608 152 79 82 79
52 656 22 40 34
656 732 57 86 70
656 602 50 69 57
656 22 63 85 76
656 213 44 85 70
656 722 32 51 39
656 310 19 62 30
54 554 86 89 87
54 89 54 69 59
54 323 59 83 69
554 106 67 76 75
554 593 75 93 85
554 233 64 70 70
554 551 59 69 65
554 605 87 90 89
89 223 50 73 52
89 364 45 65 47
89 583 38 85 74
323 612 82 86 82
55 525 80 91 90
525 123 66 85 73
525 647 54 71 66
525 466 85 98 95
56 649 71 87 82
649 119 65 100 66
649 442 18 79 60
649 53 90 91 91
57 396 65 88 67
57 399 66 86 78
57 666 69 75 69
399 748 33 97 67
399 56 46 68 61
399 469 30 39 34
399 181 10 11 11
666 202 27 79 68
666 713 17 56 42
58 39 15 27 22
58 476 92 93 92
58 579 69 85 84
58 616 42 69 54
579 92 78 93 85
616 106 28 61 29
616 201 10 71 16
616 678 75 77 76
616 331 43 62 53
59 649 94 98 97
59 412 41 77 59
412 13 58 83 60
412 660 11 12 11
60 175 86 95 91
60 612 69 82 69
175 102 84 85 84
175 627 76 94 90
175 558 59 89 67
175 516 86 92 90
175 93 17 97 40
175 71 87 100 91
175 179 25 76 25
175 135 21 88 62
175 339 90 95 90
612 532 70 79 79
61 686 60 61 60
61 640 13 82 24
61 582 93 100 97
61 675 75 78 76
686 432 90 98 94
640 259 68 97 89
640 292 24 90 76
640 132 76 78 78
582 442 60 78 72
582 347 78 91 90
582 653 74 85 75
582 528 19 45 38
675 536 58 72 72
675 547 82 88 85
62 734 49 72 54
62 310 40 85 66
62 164 19 40 32
734 71 78 93 88
734 157 36 51 36
734 667 35 49 40
734 640 91 92 91
164 163 65 66 66
164 772 52 68 52
164 479 71 100 74
164 29 75 85 82
164 360 87 90 89
64 63 73 77 73
64 611 80 91 89
64 664 42 93 53
64 671 64 84 83
64 171 17 66 26
671 89 58 95 75
671 169 46 61 50
671 144 10 41 14
671 60 30 35 34
171 593 88 100 95
171 441 53 54 54
65 681 15 51 15
65 60 61 75 75
681 484 76 98 92
681 568 25 38 34
340 84 85 86 86
340 164 76 82 79
534 619 27 65 63
534 634 61 75 68
534 248 90 92 90
534 28 53 64 62
534 559 11 30 25
641 352 75 80 79
641 149 57 83 83
641 678 11 24 12
641 123 80 87 81
641 397 63 84 79
641 380 44 97 64
67 219 45 48 45
67 259 47 76 70
67 191 25 56 26
67 517 29 34 31
67 374 49 75 69
67 437 40 80 45
67 220 47 61 53
67 755 72 85 81
219 365 53 100 92
219 136 79 85 83
259 666 46 95 94
259 494 53 92 59
259 288 51 90 74
259 740 72 92 78
191 517 39 69 55
191 569 34 50 49
374 330 67 85 77
68 691 46 90 52
68 45 43 45 44
68 396 59 85 84
691 384 67 99 72
69 309 58 69 58
69 324 70 83 73
309 579 44 62 60
309 89 91 98 92
309 47 10 22 14
309 595 31 92 84
309 290 68 70 68
324 304 17 96 91
324 36 42 88 70
324 38 46 62 46
442 309 51 71 69
442 698 27 53 45
442 404 62 78 65
442 367 30 60 58
441 519 68 71 70
441 240 42 95 51
441 209 62 72 66
72 218 94 96 94
72 593 61 64 64
72 508 82 100 89
218 146 53 70 53
218 52 75 82 82
218 677 12 56 54
218 289 59 68 63
218 241 11 68 35
593 212 49 60 56
395 724 79 83 82
395 416 71 81 73
395 177 46 54 52
395 582 22 83 23
74 238 53 87 59
74 356 72 96 92
356 455 15 80 71
356 324 58 93 76
356 531 29 41 32
356 184 32 58 33
75 148 57 84 67
75 449 15 28 20
75 626 59 98 68
75 387 39 61 48
75 6 15 69 18
75 694 41 92 72
75 261 43 94 93
148 122 83 87 83
148 379 79 96 96
148 294 34 67 60
449 772 14 77 23
449 368 43 78 54
449 525 91 93 93
449 17 64 69 69
694 595 39 99 77
694 229 47 100 100
694 513 11 94 83
694 461 33 98 54
694 275 55 70 64
261 482 78 80 80
261 312 69 99 79
261 583 91 92 91
261 113 75 84 75
261 573 11 95 86
76 70 69 86 75
76 123 21 67 38
76 539 46 86 70
76 584 95 99 95
76 10 64 78 76
539 558 23 71 42
539 524 77 87 84
584 370 18 98 86
584 270 42 45 42
584 441 13 54 19
77 221 14 68 57
77 439 69 91 90
77 80 56 89 83
77 510 27 76 50
221 316 32 78 69
80 248 85 99 86
510 145 75 89 81
510 539 58 64 64
510 723 94 100 99
510 42 44 57 54
510 609 68 80 75
78 201 56 86 68
78 131 82 95 88
78 741 22 100 42
131 660 18 37 21
131 101 14 36 30
131 699 39 82 73
131 722 10 81 47
131 125 18 85 22
741 602 37 82 60
741 210 52 98 83
79 152 91 93 91
79 529 29 58 29
79 618 61 87 64
79 545 13 50 29
79 222 11 89 49
618 566 42 85 66
618 367 36 83 79
618 380 56 95 85
618 763 19 32 31
545 506 46 62 46
545 28 24 35 32
545 135 23 42 38
545 329 32 34 34
248 439 72 76 75
248 766 49 54 53
367 249 16 92 52
367 444 36 85 36
83 33 51 80 61
83 324 48 70 64
83 410 10 23 16
410 553 87 98 93
410 755 51 55 54
410 432 13 44 43
410 132 65 72 67
410 257 82 98 90
84 180 65 93 81
84 466 78 80 79
84 395 27 61 31
84 729 62 98 88
84 759 29 87 42
466 459 23 58 38
466 351 13 52 46
466 697 66 94 75
466 394 74 90 76
759 755 92 93 92
759 501 15 84 64
85 687 24 67 60
687 363 39 72 66
687 652 78 82 79
687 353 16 28 18
687 496 61 91 72
687 663 92 93 92
86 272 27 47 34
86 204 20 38 23
86 718 21 100 70
86 66 63 65 63
86 744 54 89 56
86 614 55 83 58
204 47 12 90 34
204 255 59 94 73
204 730 54 76 59
718 73 24 83 52
718 763 90 94 94
718 143 43 59 50
718 356 49 57 56
718 595 40 52 42
744 445 69 96 79
744 546 37 50 39
744 264 91 95 91
744 347 89 94 90
744 45 10 96 86
744 707 29 94 64
744 131 68 74 69
744 19 35 98 66
744 59 13 61 45
614 651 50 70 62
614 602 32 92 53
614 288 20 96 35
308 575 63 96 87
308 353 37 88 80
88 684 50 95 64
88 142 68 86 69
88 429 81 92 84
88 686 30 69 33
142 43 50 73 50
429 603 19 33 31
429 133 84 88 88
429 280 12 21 15
429 404 65 74 70
223 336 43 95 67
223 370 49 96 77
223 18 26 69 65
364 725 74 82 79
364 63 60 89 63
551 209 22 46 32
551 632 78 92 91
551 541 84 91 87
135 218 68 92 70
135 121 74 98 92
135 766 33 82 53
634 515 14 59 46
634 474 16 77 59
634 106 21 28 27
93 552 14 28 25
93 507 19 85 41
552 459 73 81 81
552 333 26 34 32
552 247 46 77 58
507 265 92 97 95
507 365 38 88 81
507 232 72 75 73
507 628 46 70 64
108 26 17 45 27
108 170 66 71 71
707 346 18 81 21
707 546 57 76 64
290 633 73 83 77
290 114 76 97 93
290 590 12 88 30
290 301 56 60 58
655 206 13 95 32
655 529 55 87 58
655 16 60 84 69
655 453 63 84 63
655 231 83 98 97
655 626 83 87 87
655 740 21 22 21
95 298 67 83 68
95 38 40 86 81
95 723 74 99 96
95 119 55 80 70
95 329 24 58 26
95 340 73 93 79
329 744 42 59 49
329 196 89 97 92
96 477 32 94 59
96 635 49 98 82
96 169 63 74 63
96 557 79 89 82
477 756 65 86 80
477 211 56 92 67
477 774 27 40 36
477 543 65 97 67
635 261 17 83 34
635 679 77 84 82
635 48 67 68 67
169 230 56 88 73
169 143 35 87 77
274 224 25 31 29
274 229 43 46 43
274 701 93 99 96
555 268 57 88 76
555 571 23 78 49
555 194 25 77 56
555 384 82 85 84
555 274 41 75 41
98 58 78 83 81
98 652 66 73 72
652 538 24 88 51
99 105 40 56 52
99 540 60 87 68
99 28 64 88 76
99 177 78 93 83
99 398 76 98 76
99 288 84 88 88
540 337 48 58 53
540 756 93 100 97
540 738 85 97 88
540 81 38 59 40
540 318 43 89 84
540 491 70 91 81
540 747 52 95 58
177 233 95 99 95
177 499 93 97 96
398 557 44 72 48
398 549 26 51 46
398 538 49 61 55
398 510 36 56 47
398 742 54 100 55
398 749 34 67 55
398 336 71 92 77
398 449 29 49 29
101 227 20 49 45
101 435 82 93 84
101 115 35 67 65
101 189 34 100 87
101 715 18 46 31
101 517 59 84 68
101 490 85 90 85
435 625 49 56 56
435 397 36 48 41
435 160 23 95 44
715 594 31 85 50
715 728 64 95 80
490 612 92 94 92
490 318 44 59 44
490 64 91 99 95
102 390 21 89 22
102 323 64 70 66
390 77 94 97 94
390 434 61 82 63
390 598 19 60 22
390 429 95 99 96
103 321 11 67 13
103 461 92 94 94
103 428 74 78 74
461 640 58 92 89
461 540 37 51 37
461 136 43 75 60
428 435 77 80 80
428 15 16 49 46
428 360 53 76 64
104 43 68 83 79
463 725 33 70 65
463 167 67 75 70
463 305 47 53 49
463 425 82 88 84
400 179 68 73 69
400 448 93 100 93
400 525 84 90 90
106 202 68 73 71
418 45 89 98 91
418 357 71 81 73
418 705 12 100 27
170 114 11 63 23
170 116 29 93 52
170 536 92 100 98
170 98 60 91 80
170 246 18 46 35
170 250 48 49 48
109 482 27 89 31
109 469 47 59 51
482 474 59 94 65
482 271 36 97 94
482 749 52 60 56
469 407 49 69 60
469 488 77 86 79
469 214 53 75 64
469 193 53 81 57
469 739 65 91 73
110 287 54 85 72
110 170 39 74 65
110 19 19 48 33
287 401 11 13 12
287 132 51 91 83
287 765 65 70 65
287 173 45 94 89
287 528 52 84 57
287 628 62 84 72
287 499 85 99 86
111 524 65 71 70
111 694 37 87 67
111 770 88 90 90
524 616 28 30 29
524 371 86 93 90
524 344 17 24 17
524 66 39 68 68
524 2 89 97 95
770 255 31 46 38
770 659 59 67 65
112 760 53 71 55
113 239 92 93 93
113 524 94 97 94
113 397 80 98 85
397 303 88 90 88
397 737 70 88 76
397 147 47 98 62
260 230 21 85 75
260 60 17 88 85
116 158 90 100 90
158 185 27 93 57
158 186 69 86 78
158 25 90 98 98
158 61 89 95 93
117 431 75 97 91
431 711 77 91 84
431 194 55 69 58
431 747 54 65 62
431 171 70 98 81
431 93 70 81 79
118 199 26 83 67
118 410 25 82 31
118 437 71 82 78
118 441 34 92 77
118 122 49 96 52
199 293 65 100 91
199 167 69 88 77
368 247 89 90 90
368 417 95 99 97
313 3 87 92 87
313 232 14 31 16
313 171 74 86 80
313 409 10 39 31
313 35 28 66 57
120 684 70 96 95
120 563 49 93 58
563 35 73 79 79
563 338 25 89 75
563 229 35 40 38
563 620 51 72 67
121 336 11 34 25
403 33 25 73 46
403 484 52 68 54
403 173 28 70 52
403 179 50 74 60
673 503 38 52 50
673 349 65 69 66
673 569 47 83 66
673 543 79 99 97
673 276 66 83 83
673 67 16 83 66
673 530 27 76 48
401 362 80 97 81
401 253 41 86 71
401 503 82 93 91
401 577 84 93 92
495 399 62 72 63
495 509 61 97 92
486 694 45 59 51
486 528 39 69 59
277 129 50 80 58
277 725 61 92 72
277 672 87 97 91
124 773 94 97 97
125 674 81 90 89
125 299 55 83 76
125 202 22 61 35
125 79 22 44 41
674 279 86 89 88
299 514 71 86 74
299 15 70 78 72
299 430 59 79 74
299 168 80 93 83
299 128 30 89 41
299 273 71 87 77
299 715 93 94 93
126 509 82 92 86
126 403 62 78 76
126 626 58 71 69
126 92 79 90 80
509 128 88 98 92
127 334 55 56 56
127 184 32 41 39
127 329 59 99 74
184 489 14 24 18
184 55 79 84 80
128 663 28 53 31
128 80 89 90 90
128 64 35 62 41
128 281 20 98 23
128 584 76 93 83
663 465 83 94 88
663 567 17 33 22
663 499 92 96 95
663 326 70 75 74
663 590 63 70 69
129 103 85 99 96
130 770 62 75 71
130 306 77 90 83
699 540 56 70 65
699 163 15 27 21
699 447 88 93 88
699 551 95 98 96
699 80 31 99 75
699 71 41 98 81
699 549 93 98 96
132 746 28 53 53
746 487 10 87 73
746 762 27 47 42
746 381 43 99 57
746 691 56 59 56
746 455 44 75 60
133 681 40 81 53
134 603 79 84 79
134 642 82 89 89
134 525 51 53 53
134 572 61 97 69
134 499 43 74 68
603 765 53 55 54
603 156 43 44 43
603 667 92 96 96
603 682 40 76 54
603 505 63 70 67
642 445 11 76 36
642 557 67 81 75
642 32 42 58 53
642 309 74 96 92
572 739 11 45 45
572 755 34 60 45
572 256 37 77 62
499 51 12 92 71
499 64 79 84 79
499 660 12 87 25
499 355 13 65 37
766 293 37 84 39
766 132 81 86 85
766 549 33 99 80
766 166 10 86 11
136 692 32 48 36
136 92 10 86 40
136 388 52 63 63
136 601 72 78 74
136 172 41 78 58
136 214 59 72 67
136 186 60 95 63
136 433 42 77 46
136 218 49 72 65
692 641 23 76 62
601 745 15 83 43
601 19 29 95 37
601 660 69 75 69
172 278 10 51 46
172 27 71 74 74
172 288 77 79 77
214 143 93 95 95
186 560 13 23 21
186 566 12 65 45
433 739 39 75 56
433 1 37 42 37
433 567 38 71 38
137 359 17 55 51
137 607 62 95 75
137 119 37 45 44
137 459 42 75 65
137 723 64 88 69
359 522 75 84 82
359 72 61 76 66
359 175 76 88 80
359 240 59 94 83
359 49 34 62 58
359 428 58 79 59
607 277 31 67 62
607 705 52 87 58
607 134 27 53 33
138 736 41 49 45
138 307 40 76 61
138 85 25 30 30
736 766 84 85 85
736 148 49 58 55
139 54 53 73 61
139 463 81 96 90
139 404 89 95 93
139 699 31 89 67
139 72 77 85 82
139 656 68 97 93
139 305 44 92 58
404 388 52 78 53
404 717 40 65 50
305 601 39 62 40
305 108 67 70 69
305 117 87 97 93
305 466 53 60 58
140 533 17 30 21
140 594 55 97 81
140 423 15 23 15
140 428 87 88 87
140 81 22 23 22
140 399 88 90 89
533 187 18 57 51
533 387 70 93 76
594 494 91 94 92
423 56 64 72 64
141 615 32 49 41
615 3 55 64 58
615 312 93 100 96
615 666 71 99 75
144 699 75 87 77
144 505 61 90 90
144 641 63 95 89
144 135 60 92 72
144 500 67 69 67
505 131 91 96 92
505 52 53 98 59
505 416 25 89 86
145 735 40 96 72
145 228 53 76 56
145 729 59 89 88
145 605 41 74 65
228 457 58 86 85
228 84 25 89 42
228 64 23 39 32
228 740 73 81 73
228 289 60 100 79
146 290 79 84 84
147 760 33 66 52
379 589 93 98 95
379 170 78 94 92
379 677 80 83 83
379 463 86 98 96
379 284 12 62 43
149 373 49 85 63
149 144 49 66 64
149 750 77 91 85
149 631 13 22 18
149 398 45 91 73
149 314 20 52 35
149 186 67 85 81
149 41 73 98 98
373 137 66 90 73
750 332 32 85 42
750 138 62 89 84
750 301 26 84 51
750 24 62 86 84
750 657 90 96 95
631 765 93 96 95
631 308 20 23 23
631 553 28 54 42
631 337 87 99 88
314 333 34 55 52
314 213 68 99 98
314 239 94 95 95
314 469 42 54 42
314 747 50 84 81
314 315 85 96 87
151 409 75 83 75
151 550 70 78 71
151 82 88 95 88
550 462 30 70 54
176 199 69 96 90
176 79 40 65 62
176 634 88 95 94
176 48 25 84 56
176 743 21 71 29
406 527 69 86 70
153 432 24 39 26
153 581 46 47 47
153 75 64 84 79
153 191 72 88 78
153 591 22 54 38
432 121 88 89 89
432 544 66 83 79
591 130 50 99 92
591 60 22 62 59
591 151 22 68 53
154 757 89 99 91
154 593 31 47 37
154 2 64 81 74
757 636 19 33 23
757 288 17 51 47
757 626 50 64 62
757 572 39 93 63
155 383 62 77 67
155 573 90 91 90
155 277 17 92 58
155 652 48 93 57
155 133 74 75 74
155 21 29 70 68
383 552 14 100 42
156 421 62 87 81
156 257 41 87 77
421 640 27 51 36
421 259 23 76 46
257 631 42 54 46
257 109 74 81 81
257 236 82 92 83
185 550 76 100 92
185 254 63 66 66
185 564 92 96 95
386 215 70 84 71
386 293 46 95 60
386 702 71 90 72
160 617 68 74 70
160 202 39 67 62
160 95 32 53 44
161 7 13 100 35
161 692 44 64 49
161 586 33 62 54
161 613 95 99 99
161 153 11 18 15
586 13 84 90 85
613 308 32 52 33
162 180 47 50 49
162 242 87 98 91
162 329 51 54 52
162 377 11 32 32
242 249 58 60 60
242 429 21 90 59
242 427 10 55 41
242 24 55 63 59
163 173 31 74 50
163 456 11 61 15
163 156 35 90 38
163 773 40 60 55
163 139 89 96 90
456 15 50 83 62
456 614 20 59 38
456 246 41 87 64
456 329 85 91 89
456 695 78 87 83
456 100 66 96 91
772 426 59 91 74
772 459 64 95 90
479 380 13 81 14
479 544 62 82 71
479 445 54 70 59
479 325 49 68 61
479 600 50 64 61
360 84 40 97 70
360 155 10 89 66
360 531 85 86 85
195 562 94 100 97
375 91 66 87 85
375 481 14 71 29
375 18 64 69 64
375 590 85 96 87
375 540 17 93 79
166 42 51 53 52
166 3 31 39 32
166 273 54 55 55
273 756 88 98 92
167 628 74 85 84
628 193 68 93 69
628 254 48 57 48
168 509 11 21 13
168 475 79 86 82
475 536 53 70 56
475 694 35 73 55
475 252 54 60 57
475 689 44 68 46
475 258 53 59 59
475 217 57 90 75
230 615 63 84 78
230 314 90 91 90
230 387 51 83 78
246 284 61 89 66
246 117 73 75 75
246 352 84 88 86
246 365 44 90 87
246 96 39 77 50
250 524 49 63 55
250 679 79 99 98
250 681 22 97 31
250 374 76 81 76
738 491 70 78 75
738 754 82 94 85
738 601 17 50 26
738 41 48 67 53
556 298 18 57 52
556 46 32 84 77
556 434 35 64 48
366 103 82 92 92
627 698 23 62 60
627 765 45 66 45
627 45 14 52 30
558 419 31 39 32
558 536 14 64 59
558 65 50 55 55
558 424 69 90 76
558 294 11 28 25
516 689 33 97 68
179 363 81 99 91
179 234 80 97 94
179 240 11 44 11
339 233 78 96 81
339 279 47 66 62
339 566 93 96 93
339 293 85 94 87
339 192 17 89 58
339 469 60 65 62
233 271 80 97 92
233 167 48 59 54
233 316 47 95 65
233 610 53 61 60
233 339 62 81 71
363 575 40 57 49
234 349 16 94 48
234 436 22 91 64
234 154 78 99 91
234 59 62 84 64
240 653 62 82 71
240 299 89 92 90
240 676 47 79 77
240 749 69 79 70
487 308 48 60 56
487 316 56 85 84
487 596 22 90 60
590 349 89 92 92
590 575 46 74 65
590 767 88 94 91
571 379 91 92 91
571 610 19 96 26
571 415 71 88 76
624 487 18 40 36
624 665 51 95 77
624 293 23 56 37
624 740 37 82 82
624 270 93 98 94
183 61 93 100 95
183 584 38 93 76
183 743 11 72 33
183 364 46 66 56
254 496 86 97 94
254 380 56 86 83
564 195 72 88 74
564 437 94 99 97
560 516 31 65 40
560 411 84 92 85
560 207 82 95 83
560 549 45 99 48
560 7 77 100 86
560 40 82 84 82
566 8 51 81 63
566 594 73 91 78
566 180 36 91 71
187 456 61 93 88
187 755 31 62 58
188 652 37 66 56
188 756 50 92 91
756 484 16 84 23
756 304 73 80 77
710 95 82 93 86
316 523 84 85 84
316 571 71 83 79
316 187 22 93 48
316 600 90 98 96
659 417 56 100 58
659 408 39 88 43
190 470 95 99 96
190 626 83 94 94
190 64 88 97 92
190 5 33 91 89
470 603 43 58 55
470 769 57 90 75
569 757 93 100 95
569 319 34 74 46
569 768 69 75 75
192 538 30 62 44
192 161 60 98 87
193 178 60 90 71
193 334 75 79 75
193 572 48 92 57
193 726 89 93 91
193 354 65 98 75
354 17 45 55 45
354 595 61 91 64
194 369 31 49 44
194 289 86 90 90
194 474 17 59 41
369 366 21 81 33
369 666 41 65 42
369 682 37 78 51
369 659 47 73 53
369 337 58 99 87
369 18 12 45 27
289 718 11 41 37
289 585 29 30 29
289 675 73 88 79
289 730 54 66 56
474 325 47 60 49
474 461 92 96 92
196 526 63 76 63
196 711 63 94 67
196 726 29 61 31
197 336 15 86 37
197 590 25 40 28
198 94 35 90 53
198 223 20 27 25
198 687 61 84 71
293 623 27 83 31
293 326 76 87 82
293 679 21 47 38
200 682 91 95 93
200 757 40 74 68
200 204 63 75 75
200 127 95 99 99
512 41 30 82 81
512 465 36 63 61
512 357 74 84 81
322 366 41 46 42
322 744 45 70 55
322 173 29 60 41
325 760 19 93 22
325 260 44 69 46
325 756 82 84 84
737 358 53 83 74
737 48 73 83 75
326 563 27 30 27
326 552 68 96 81
326 755 80 87 84
326 308 89 98 89
326 481 76 96 91
203 145 76 81 80
255 52 89 92 89
255 542 12 82 49
255 565 89 99 97
255 388 50 63 53
730 504 30 34 33
730 218 86 89 86
205 548 66 89 80
205 427 57 72 61
205 244 95 99 97
427 232 51 63 56
427 721 55 83 57
244 638 57 97 77
244 605 26 72 44
244 304 78 89 88
244 326 33 50 36
244 106 44 71 61
244 548 90 95 92
244 225 84 100 86
206 756 89 98 96
206 118 75 84 78
206 683 44 92 48
206 547 18 29 29
206 662 80 98 97
547 489 35 64 62
547 342 21 79 61
662 714 70 99 93
662 9 57 72 64
662 755 91 94 94
662 648 47 56 53
207 35 68 81 72
208 190 14 60 55
208 353 94 100 100
208 455 61 93 77
208 321 13 48 47
455 587 92 96 93
455 374 82 96 88
209 355 62 77 66
209 234 84 95 86
209 325 28 77 49
209 570 65 89 82
209 685 67 100 79
355 711 12 46 12
355 445 64 82 71
355 191 77 97 84
355 682 34 100 90
570 502 79 87 80
570 130 80 97 86
570 204 78 79 78
570 424 27 100 43
570 183 17 39 34
570 125 68 70 69
685 156 23 43 25
685 323 61 96 73
685 654 62 88 86
210 314 78 96 90
210 275 21 97 68
212 357 86 94 87
212 735 78 91 91
212 347 67 94 94
357 575 43 62 57
357 377 10 85 26
347 603 56 79 63
347 468 64 81 72
347 10 25 86 50
213 674 40 49 46
213 92 53 68 56
213 235 66 95 68
235 597 70 89 88
235 35 56 71 63
753 49 20 28 24
753 184 16 34 21
216 155 53 99 79
216 85 84 85 84
217 434 25 44 42
217 735 75 89 85
434 408 70 76 73
434 771 68 98 90
434 558 69 76 69
434 95 86 92 86
677 487 66 83 79
241 281 74 76 76
241 546 53 82 53
241 763 51 56 54
241 202 82 89 86
241 268 17 58 26
365 189 95 98 96
365 60 15 36 15
365 149 76 96 78
346 255 82 92 86
346 615 22 73 23
346 663 93 96 96
346 154 88 94 91
522 540 54 92 91
522 225 84 96 84
224 423 19 52 35
224 150 92 100 94
224 243 22 80 60
224 738 39 83 53
224 503 59 86 70
224 542 31 93 44
243 75 76 77 76
243 151 13 65 52
243 41 69 72 70
243 69 56 95 76
243 762 53 72 69
243 70 53 89 69
503 535 49 67 56
503 497 51 54 54
503 371 18 98 28
503 410 43 44 43
503 173 51 98 61
503 463 19 43 28
503 561 11 82 20
542 104 27 63 57
225 316 48 77 70
225 243 42 89 78
226 365 60 92 91
226 279 81 100 94
457 670 21 47 36
457 165 61 66 63
457 484 49 61 56
457 54 39 79 49
457 533 88 93 92
457 285 36 44 37
740 588 27 35 31
740 506 81 90 86
740 286 88 100 93
740 566 12 71 18
229 136 20 50 26
229 163 71 87 84
229 120 90 91 91
231 657 63 71 67
231 121 83 97 92
231 136 35 60 59
657 752 20 95 76
657 426 32 66 33
657 111 46 96 64
657 33 52 58 58
342 730 42 78 66
342 114 60 91 61
342 126 81 87 86
342 584 22 96 70
342 234 65 76 69
271 412 57 90 87
610 151 54 84 77
610 366 52 90 87
349 200 38 68 49
349 3 72 75 72
349 577 22 86 73
349 2 90 95 93
436 86 16 79 65
436 731 44 89 54
436 603 64 96 88
436 759 55 71 59
436 549 73 95 84
597 45 78 90 82
597 766 32 69 43
597 194 76 87 85
285 77 31 82 48
285 146 43 46 45
285 319 73 83 82
285 684 87 97 90
440 331 62 89 89
440 176 37 74 57
440 145 37 67 43
653 611 77 92 90
653 299 17 36 18
653 364 41 58 42
653 399 21 46 38
676 93 51 85 79
676 563 26 85 67
676 473 81 97 96
676 505 91 92 92
676 287 89 93 90
676 385 39 89 58
676 516 26 60 27
749 515 85 91 90
749 409 52 75 69
749 630 89 93 89
268 478 17 79 37
268 557 19 97 62
268 63 60 87 76
249 147 70 79 79
249 52 82 90 82
249 607 13 97 25
249 742 75 78 75
762 555 28 62 57
762 693 75 94 80
762 292 79 85 80
762 445 87 98 92
762 444 65 66 65
304 432 47 97 62
304 74 90 100 96
304 393 72 77 77
304 374 56 73 71
304 383 34 75 40
284 256 71 100 93
352 619 71 84 76
352 56 14 63 56
352 571 85 86 85
352 347 69 92 69
742 640 79 82 82
742 536 95 100 96
679 734 26 81 79
679 202 89 95 90
679 232 19 86 55
679 760 80 82 80
679 288 27 79 42
251 324 74 99 93
251 482 41 66 57
251 639 48 81 79
251 432 43 71 71
639 90 23 54 40
639 584 22 54 27
639 350 17 50 25
252 429 36 78 69
252 461 90 99 95
253 324 50 64 58
253 464 92 94 94
253 333 77 78 78
253 106 12 41 16
464 26 21 26 24
464 580 82 88 85
464 303 31 64 46
333 374 72 80 74
333 736 16 98 21
380 333 68 71 68
380 433 72 82 79
565 39 40 62 58
565 229 44 51 48
256 171 22 80 56
256 536 23 30 26
256 453 88 98 92
494 764 39 94 59
494 192 48 94 67
494 556 60 99 66
312 613 79 96 89
312 700 30 90 46
312 400 81 86 83
263 675 11 97 23
263 547 36 98 40
263 271 25 75 67
263 43 81 83 81
263 592 27 82 29
592 428 44 78 54
592 55 25 64 37
358 496 89 98 89
358 205 18 94 22
358 442 72 89 73
358 450 55 65 57
358 663 64 67 66
286 75 57 100 82
286 424 62 63 63
728 620 73 83 82
728 594 70 92 76
728 774 24 41 24
728 263 35 48 45
266 268 37 80 43
302 371 29 51 36
302 413 85 99 96
478 509 94 96 95
478 656 78 81 78
269 92 76 93 93
269 216 66 73 67
269 147 19 64 48
269 412 19 84 37
269 116 34 97 48
269 43 57 87 61
269 174 87 96 93
269 649 69 91 72
269 136 16 76 61
269 81 73 80 79
269 64 89 99 96
394 445 52 54 54
701 674 90 92 91
701 84 32 81 49
701 721 63 92 77
698 83 55 87 58
725 85 46 55 48
725 571 58 71 63
280 462 78 89 80
280 85 32 81 33
280 88 62 85 72
462 584 80 92 89
462 252 25 98 27
462 234 45 86 85
462 698 83 86 86
462 322 31 97 45
415 208 94 96 96
283 406 27 66 28
283 488 24 65 46
283 12 86 88 88
488 584 78 96 84
488 5 46 72 54
488 697 53 86 72
488 652 73 76 73
424 596 89 93 89
424 513 68 85 69
424 204 45 51 51
765 683 80 90 82
765 209 69 70 69
765 466 94 98 97
528 165 93 98 96
528 420 89 95 91
528 121 11 91 90
585 55 81 83 83
585 69 18 90 29
585 160 11 12 11
585 684 30 82 60
633 618 45 77 48
633 586 67 97 96
633 237 26 72 28
633 39 91 94 94
633 696 91 96 95
633 449 44 74 66
301 690 85 86 85
301 696 15 19 18
301 338 14 43 24
301 541 31 34 34
291 29 36 100 74
291 497 13 26 19
291 161 16 21 20
291 290 88 92 90
291 366 41 71 58
497 212 90 96 90
484 486 59 89 72
484 656 18 44 33
484 708 85 92 85
623 481 68 87 68
623 735 28 90 53
623 545 44 50 48
623 313 60 65 62
623 736 10 59 33
295 221 57 66 62
295 723 81 84 83
296 592 50 89 59
296 406 73 74 74
297 348 13 81 41
514 628 56 70 67
514 682 80 84 80
514 705 86 90 87
430 322 85 99 93
430 490 44 65 45
430 65 25 59 31
300 456 92 94 92
300 759 10 51 19
300 85 26 62 35
300 533 86 92 92
690 623 15 48 24
690 599 67 92 77
690 76 18 24 24
690 150 63 71 63
696 601 44 64 60
696 254 40 71 52
338 625 21 100 82
338 679 27 33 30
338 51 52 70 58
371 7 29 54 43
413 287 34 91 60
413 131 82 84 83
413 749 93 95 95
303 709 78 88 83
303 515 20 95 31
303 727 83 84 84
709 74 75 78 75
709 264 87 96 89
709 657 61 99 96
709 583 36 80 68
515 556 45 83 71
515 706 51 59 51
515 467 82 99 86
515 131 71 78 72
515 3 17 55 21
393 638 21 63 48
393 314 13 38 36
393 237 30 57 56
575 418 53 55 53
311 289 68 90 69
700 693 94 99 94
700 124 46 62 48
700 422 38 95 53
567 82 17 29 18
567 613 91 97 95
567 754 16 47 35
567 171 21 54 31
600 165 95 98 97
600 750 88 94 91
317 239 16 36 16
317 677 44 95 73
318 526 90 100 96
318 169 60 73 68
318 82 41 97 91
669 469 62 67 66
669 435 80 97 87
669 108 82 91 90
669 708 37 93 61
481 114 82 94 83
481 163 52 71 60
481 401 20 54 28
328 90 90 93 93
328 585 12 64 36
330 361 58 59 59
361 92 80 89 89
361 364 51 94 66
331 214 53 54 53
331 755 59 98 73
331 549 36 70 58
549 358 32 57 32
332 88 60 82 65
332 595 62 74 63
335 119 73 90 88
335 456 93 99 99
335 323 29 93 88
335 71 44 45 45
378 325 54 73 71
378 155 92 93 92
378 651 26 96 70
337 89 79 96 87
337 676 53 60 57
337 143 36 84 38
337 569 78 89 84
625 664 89 100 94
625 522 82 84 82
343 97 18 36 30
343 105 13 70 59
343 299 37 50 42
344 262 60 72 61
344 225 53 55 55
345 269 92 96 93
345 657 93 96 94
468 164 63 88 87
468 226 77 88 85
468 185 80 96 85
468 109 52 99 88
468 385 42 86 55
577 336 32 80 62
577 398 66 67 67
577 416 19 95 33
577 544 48 50 50
577 607 21 88 66
577 211 35 89 64
350 434 41 45 41
350 495 19 34 20
350 248 74 82 81
351 342 15 53 34
351 202 37 90 51
351 168 87 97 93
619 688 52 91 85
619 699 34 91 55
619 306 27 53 47
445 584 70 97 95
445 20 13 32 22
445 26 87 98 92
445 16 25 61 48
445 379 15 45 36
531 464 36 76 72
531 611 25 83 50
450 627 18 66 61
450 596 93 97 94
450 604 37 54 46
450 698 53 64 58
450 88 27 68 59
450 471 33 80 48
362 715 22 50 24
362 452 14 89 65
362 748 48 66 53
362 381 51 75 52
362 10 51 59 53
748 533 57 63 59
748 289 20 40 40
748 34 34 63 34
748 577 53 61 54
444 215 78 85 82
417 722 23 67 30
417 537 59 82 60
417 79 87 94 87
417 256 46 56 51
372 311 17 53 30
376 221 37 55 39
376 315 25 76 70
376 769 80 84 81
376 405 29 66 46
376 597 90 95 90
376 211 72 73 73
769 460 21 38 27
769 424 94 95 94
769 21 25 78 47
769 608 21 46 21
769 311 70 90 83
405 602 26 80 69
405 446 66 100 85
405 502 13 74 24
405 421 29 87 44
651 501 37 69 69
589 320 37 55 37
382 249 81 96 87
382 395 38 100 76
382 725 80 98 83
382 396 14 58 46
382 145 54 84 65
382 301 95 100 98
384 497 35 94 72
384 526 63 69 67
385 325 14 22 19
385 541 24 54 46
385 359 78 94 88
385 215 48 64 56
426 490 48 56 50
426 103 63 81 72
426 409 90 97 93
426 697 47 79 74
426 65 86 98 88
706 639 24 93 63
706 361 81 85 85
706 548 57 69 63
389 204 94 98 95
389 128 32 33 33
389 73 71 90 89
389 290 69 91 78
598 453 91 99 96
598 721 66 100 91
598 215 64 72 68
598 20 73 80 79
391 441 21 33 23
391 381 68 99 79
391 621 40 72 62
391 733 60 93 61
391 253 76 90 76
391 317 10 61 58
391 212 57 96 71
391 693 48 83 71
621 513 77 80 77
621 122 57 88 85
621 302 69 76 69
733 642 51 100 85
733 66 29 81 75
733 246 20 27 24
733 524 46 47 46
733 451 36 55 39
733 493 87 100 91
693 59 62 69 63
693 200 61 72 70
693 625 89 93 91
724 590 69 94 81
724 519 33 76 56
724 569 95 100 98
724 482 77 91 87
724 142 52 90 75
416 369 20 37 21
416 440 21 50 22
416 65 14 58 54
416 85 95 97 97
402 98 18 23 22
402 407 71 78 75
402 742 76 99 81
407 686 62 82 77
407 357 12 67 43
717 602 79 94 90
717 774 67 96 67
717 479 13 90 46
602 178 89 97 89
602 541 20 96 25
602 121 70 93 82
602 641 77 83 77
602 619 92 100 99
502 37 30 66 59
502 233 55 69 61
502 474 76 94 90
502 666 89 96 94
502 200 75 76 75
502 561 39 87 45
527 175 20 23 20
527 239 24 59 32
527 27 61 69 68
527 653 77 92 80
553 770 76 91 90
553 264 94 96 96
411 74 92 95 94
411 519 48 64 48
411 574 60 68 60
411 745 69 97 74
519 763 29 60 34
519 685 84 92 88
519 614 57 65 60
519 232 63 92 82
519 736 50 65 58
574 442 66 90 83
574 767 48 71 70
574 714 47 96 58
574 376 30 58 44
574 636 91 99 93
745 667 57 72 58
745 752 23 25 23
414 432 54 68 57
414 686 62 98 78
414 137 68 82 80
537 233 43 46 46
537 258 22 33 26
537 449 16 42 34
537 728 74 93 84
705 342 83 88 88
705 234 82 83 82
705 187 53 88 61
705 577 52 59 52
705 674 94 96 95
705 509 53 69 64
420 681 37 88 56
420 447 67 72 67
420 486 48 65 64
420 6 69 93 74
447 541 73 81 74
447 236 29 50 30
422 650 20 39 39
422 769 89 98 94
422 685 75 88 86
650 376 68 84 73
650 728 25 78 47
596 423 48 85 57
596 387 48 57 54
596 450 12 21 21
513 266 24 76 40
513 615 18 34 22
513 619 86 88 88
697 32 73 76 76
697 761 41 79 75
697 221 56 74 68
697 84 11 57 14
697 396 77 96 83
697 750 88 96 88
697 383 84 98 96
721 226 64 90 75
721 232 49 90 67
721 646 95 100 96
544 496 36 37 37
771 615 80 93 85
771 8 21 89 63
731 645 84 97 85
731 193 53 90 77
731 333 51 63 63
443 753 68 69 68
443 431 93 95 93
604 340 16 63 34
604 693 62 93 92
604 459 13 71 28
471 417 42 90 71
471 178 74 77 75
451 119 35 65 41
451 485 87 92 92
451 258 17 85 32
451 724 25 58 39
485 493 36 74 44
485 25 27 74 74
485 506 94 97 96
485 692 77 81 79
511 664 54 59 54
511 6 35 74 68
511 189 57 85 80
511 42 20 81 39
511 685 33 63 43
695 383 71 80 80
695 140 66 96 78
695 142 17 22 21
695 726 85 96 93
695 711 48 56 51
704 472 82 100 95
704 394 33 55 35
704 40 39 51 46
467 752 75 77 76
467 719 93 94 94
467 50 85 89 85
472 27 91 95 95
472 765 49 82 61
472 275 84 90 89
472 315 61 71 64
689 231 63 91 76
483 401 46 55 54
483 222 19 54 54
483 270 36 42 42
483 444 56 87 73
483 58 11 27 27
483 53 45 75 63
483 193 37 81 69
483 176 29 40 40
708 163 38 43 38
708 294 20 97 63
506 644 69 80 73
506 574 63 98 79
506 118 45 53 46
491 713 40 62 46
491 423 11 75 12
491 259 89 94 91
713 476 12 31 22
713 520 59 81 70
713 223 62 80 76
501 477 38 57 50
501 241 63 92 64
501 369 95 97 95
501 15 79 81 81
501 81 24 81 76
767 564 13 85 25
767 552 77 86 85
767 707 91 97 94
764 104 25 57 25
498 82 49 94 94
535 624 22 79 59
504 767 48 65 48
504 586 47 52 52
644 152 88 94 89
644 275 50 80 61
588 506 17 53 33
609 373 16 79 73
609 540 91 95 91
518 584 72 89 79
518 280 35 43 42
518 633 77 82 82
520 30 15 77 39
520 108 66 73 71
520 648 27 34 29
520 497 44 65 51
648 82 95 97 95
648 193 12 46 44
648 357 56 87 80
648 581 93 98 94
648 197 42 80 79
648 206 66 82 81
648 332 72 97 95
521 745 36 69 44
521 463 91 92 91
521 440 71 90 84
521 7 43 82 44
521 224 78 96 85
647 159 86 96 87
530 564 13 77 60
530 110 39 94 49
530 121 19 73 47
530 337 36 42 40
532 274 70 82 79
532 739 33 49 35
532 250 54 55 55
532 607 10 99 86
532 131 16 85 81
532 636 71 96 91
532 541 26 89 62
636 358 21 60 44
636 56 87 97 87
636 634 82 85 84
559 713 91 100 92
559 747 62 97 70
559 105 45 80 74
559 197 29 54 43
559 204 64 85 69
559 665 51 65 57
630 230 37 83 70
630 259 33 94 54
630 277 37 92 83
630 719 84 97 90
632 658 92 99 96
632 551 41 45 41
665 274 15 54 22
665 668 22 83 81
665 451 58 93 62
665 37 37 48 40
665 358 48 60 54
620 607 27 28 28
620 721 38 99 48
754 119 54 97 66
754 22 11 67 20
754 316 58 97 69
754 655 59 82 66
568 515 30 83 56
568 418 10 11 11
568 247 79 80 79
568 759 93 95 95
568 542 77 99 89
568 34 82 95 90
768 321 12 21 20
768 216 51 81 58
768 364 93 98 97
768 25 82 88 83
768 403 55 98 69
768 109 55 77 57
768 772 90 93 91
714 502 15 85 76
714 386 95 97 96
714 8 30 54 45
714 520 57 83 81
714 270 26 44 38
714 477 16 92 78
576 222 23 94 74
576 95 10 84 61
576 745 57 66 58
576 753 55 86 71
578 661 95 97 95
578 500 44 75 47
578 299 20 95 40
578 88 87 88 87
661 383 61 99 64
667 490 25 96 29
606 669 48 81 61
606 215 37 70 55
606 506 22 40 39
606 144 57 100 64
606 280 92 94 92
606 411 32 81 76
678 644 29 60 51
678 176 67 93 76
678 25 14 55 14
688 86 65 82 75
688 260 40 58 50
688 28 77 98 96
622 251 27 36 34
629 544 81 84 83
629 414 46 69 50
629 340 92 95 94
658 524 66 99 92
658 405 36 99 66
658 225 76 97 76
658 552 69 82 76
637 345 79 93 86
637 234 16 60 55
637 74 94 98 96
643 139 82 86 86
643 725 84 93 88
643 437 89 98 93
643 646 43 88 87
646 769 83 98 84
646 387 49 71 61
646 417 17 24 18
654 498 74 81 77
668 60 58 71 64
668 590 43 68 58
668 370 16 94 34
716 144 36 76 68
716 641 93 98 95
703 685 78 84 81
703 390 44 51 51
712 131 76 93 77
712 62 50 64 52
712 177 33 67 44
712 550 29 59 46
720 595 24 69 47
720 659 91 98 92
720 16 71 83 72
720 330 53 91 67
720 638 41 52 48
751 516 41 97 57
751 36 65 84 78
751 748 40 70 51
758 48 38 73 45
758 37 36 87 65
758 225 33 45 40
0 774
