1741 3153
0 567 15 49 26
0 614 61 70 65
567 1539 82 87 84
567 862 64 84 75
614 871 85 100 91
614 1553 86 99 92
1 33 47 60 49
2 664 57 100 94
664 540 45 85 50
664 1386 45 84 77
3 314 87 94 90
3 930 23 83 64
3 738 40 80 41
3 589 42 79 62
314 1182 83 96 94
314 152 60 86 70
930 1397 35 69 57
930 1435 50 74 73
738 1295 24 67 49
589 928 60 82 79
589 1207 24 35 35
4 501 22 57 44
4 66 44 82 80
4 1172 50 75 72
501 465 47 82 74
501 505 45 85 80
501 1160 36 51 47
66 1126 25 57 54
66 1221 11 23 17
1172 1057 29 71 35
5 660 65 88 78
5 1562 88 96 91
5 1178 68 87 82
5 1016 15 35 20
1562 1207 20 69 31
1562 1679 23 31 25
1178 1216 39 90 43
1178 1340 13 98 96
1016 340 18 98 36
1016 877 78 92 86
1016 619 27 52 29
1016 480 82 87 85
1016 185 88 93 92
1016 887 55 76 70
6 1544 25 95 47
1544 1293 27 100 34
7 1728 28 36 32
1728 860 94 98 97
1728 30 47 93 74
8 115 74 94 81
8 1626 26 28 26
1626 166 55 94 73
1626 1414 22 61 54
9 1732 60 90 61
9 1134 71 95 89
9 1612 95 97 95
1134 204 42 50 46
1612 1410 90 91 90
1612 1573 91 100 94
10 1066 12 35 21
10 341 77 82 77
1066 169 48 90 62
1066 442 52 94 82
341 253 88 92 89
341 420 17 65 52
11 41 52 95 75
41 1617 44 71 45
41 758 51 80 61
41 435 31 90 73
41 1428 13 40 23
12 1515 82 93 83
13 696 46 67 67
696 1314 53 99 94
696 1568 93 99 98
14 1601 69 97 91
14 632 46 89 83
14 1163 80 97 84
14 529 12 90 37
1601 954 48 67 61
1601 1384 35 75 37
1601 1526 78 80 79
632 1471 34 75 67
632 865 21 80 23
1163 1056 21 31 21
1163 716 64 80 72
15 1637 45 85 68
15 294 66 88 75
1637 1282 19 78 29
1637 1474 73 88 82
1637 1684 24 86 74
1637 1482 72 98 81
294 184 91 92 91
16 317 73 87 75
317 1737 61 71 61
317 820 58 84 68
317 1636 79 86 79
19 485 33 66 63
19 1361 55 98 71
19 152 23 96 44
19 1547 36 73 42
19 530 54 76 67
485 1189 88 99 99
485 1036 71 79 79
1361 1400 45 61 60
1361 230 24 51 47
152 1114 90 98 98
1547 750 63 64 64
530 1513 34 76 42
530 322 53 69 65
20 342 31 76 41
20 275 21 36 24
20 1165 51 98 89
342 944 37 88 62
342 576 21 59 28
275 1028 72 86 74
1165 83 95 98 98
21 1137 54 73 58
21 923 77 87 85
923 1322 65 93 78
923 95 14 98 46
923 669 84 88 87
23 1018 35 69 58
23 1460 19 95 86
1018 17 46 80 76
1460 91 75 93 83
24 401 66 93 77
24 1267 40 75 51
401 1112 71 90 77
1267 1571 49 75 56
1267 1603 58 98 97
1267 1736 80 83 82
25 645 76 94 78
25 55 44 96 93
645 983 76 87 79
55 480 91 95 91
55 1544 23 42 33
55 1709 40 52 43
26 655 94 95 95
655 1274 40 96 44
655 1289 70 90 90
27 1192 80 83 81
1192 423 54 63 59
1192 809 41 67 41
1192 570 34 97 50
1192 1091 77 92 86
29 1209 40 42 42
29 30 29 47 41
30 32 85 91 87
31 1706 76 77 76
1706 535 50 55 53
1706 312 24 85 28
34 1417 89 90 90
34 1116 30 84 40
1417 935 23 97 68
1417 592 67 98 77
1116 1108 40 75 47
35 1519 32 63 45
35 429 58 96 92
1519 513 39 90 78
1519 117 86 100 90
429 1667 23 81 51
429 210 80 99 93
36 1498 49 93 64
36 514 31 32 31
36 1537 69 90 73
36 73 70 98 88
36 372 26 88 73
1498 1032 46 66 48
1498 1024 12 45 24
514 1453 84 98 85
73 1565 14 36 20
372 1342 83 93 87
37 1372 54 87 73
37 452 59 95 66
37 957 21 22 22
1372 896 17 94 28
1372 366 49 75 65
1372 88 66 100 90
1372 628 75 100 79
452 776 67 73 70
957 825 66 87 70
38 1314 32 70 62
38 1116 78 97 97
38 656 14 15 14
38 645 14 93 39
1314 1269 55 88 56
656 1148 15 19 18
656 1486 20 51 51
40 1099 14 45 29
40 895 42 43 42
1099 763 55 67 64
895 407 72 98 86
895 1508 54 66 61
1617 985 68 100 90
1617 916 36 57 41
1617 56 37 83 77
435 1571 13 52 40
1428 77 43 62 59
1428 1494 34 55 44
42 846 92 99 96
43 135 90 99 96
43 1183 66 77 68
43 45 86 92 90
135 430 81 94 85
135 1146 30 46 39
1183 883 17 47 37
1183 905 76 84 84
1183 539 27 32 28
45 1015 69 93 91
45 1364 61 81 65
45 888 25 76 55
44 1028 25 31 30
1028 890 21 51 47
1015 1638 45 50 47
888 830 30 34 32
888 117 23 50 23
888 796 19 49 30
46 1112 66 74 71
46 110 93 98 97
1112 381 69 81 80
1112 72 42 62 44
47 1434 90 94 94
47 1162 70 95 76
1434 153 15 90 63
1162 1342 59 89 84
48 622 51 61 57
48 1367 24 76 66
622 1103 37 83 44
622 1161 19 44 29
1367 1349 42 94 88
50 1602 30 40 40
51 39 56 87 68
51 1535 52 75 75
51 1549 65 84 71
1535 1320 15 63 50
1549 440 52 67 63
52 1448 87 97 94
1448 1520 43 63 45
53 913 85 89 85
913 53 87 94 91
913 1013 50 68 55
480 1095 39 84 53
480 1464 49 50 50
1709 1386 44 57 49
1709 694 66 85 78
56 411 36 94 81
56 934 77 93 80
411 407 49 53 49
411 608 92 100 100
411 1295 38 67 66
934 1196 15 23 15
934 1108 82 98 88
934 1286 72 97 85
57 808 23 57 29
57 477 41 66 63
57 589 75 79 76
57 854 41 62 44
57 230 61 94 84
477 558 88 93 92
477 234 63 79 76
477 978 80 84 83
477 1042 33 52 37
230 852 37 77 64
230 797 67 93 71
230 1149 33 39 35
58 601 57 69 63
60 731 60 75 68
731 1499 47 85 61
731 201 11 95 66
731 440 57 60 59
731 993 59 65 63
61 559 33 37 35
61 1238 60 87 76
559 1735 66 90 70
559 875 65 86 77
559 1422 83 94 83
559 573 29 61 48
1238 1604 64 78 78
62 96 67 70 70
96 1706 93 97 94
96 551 30 50 33
96 506 59 91 90
63 428 39 83 53
428 1301 49 97 86
428 1721 71 73 73
64 981 65 85 76
65 652 94 100 96
652 491 95 96 96
652 650 22 71 23
652 555 89 94 92
1221 309 67 100 94
1221 383 52 82 76
69 820 40 68 61
69 207 49 63 54
820 1185 55 94 87
820 1690 53 75 72
820 125 60 74 60
820 777 27 36 36
207 432 37 86 51
207 1080 25 43 36
207 3 21 88 83
71 1012 13 32 20
71 1501 81 93 81
71 247 64 78 66
71 1033 67 87 86
1012 825 43 92 88
1012 1547 85 96 88
1012 1566 53 70 61
1501 58 34 65 46
247 226 72 86 82
1033 1700 77 78 78
72 397 52 55 52
397 941 90 92 90
397 176 48 94 94
397 794 62 96 67
1565 579 64 82 80
1565 318 65 88 84
1565 228 80 96 93
74 972 15 28 25
74 1366 60 84 80
74 899 52 76 74
972 891 89 91 89
972 1367 94 99 97
972 1698 94 95 95
1366 1517 89 91 90
75 274 11 89 11
75 396 55 88 80
75 1389 11 57 53
274 137 82 99 90
396 1118 74 82 74
1389 216 62 90 63
76 630 22 31 23
630 502 76 90 89
630 1507 75 88 75
630 446 46 53 52
630 994 86 91 89
78 581 14 96 18
78 315 21 93 71
581 491 63 69 64
581 1 15 80 49
581 480 37 95 67
581 1330 72 97 81
315 641 60 96 73
315 795 94 99 94
80 1074 83 99 93
80 286 71 75 75
286 214 46 77 69
81 171 92 99 99
81 1690 53 84 64
171 353 62 99 91
1690 164 20 39 31
82 256 19 97 51
256 1281 34 93 77
256 1105 76 91 82
83 1542 54 72 71
83 1587 80 83 83
1542 230 87 98 93
1542 633 57 77 64
1542 244 68 81 80
1542 898 62 99 84
1587 1161 24 87 50
1587 339 87 88 88
1587 601 72 99 97
1587 373 46 75 64
1587 1728 86 90 90
85 520 42 58 58
85 1440 71 92 74
520 1460 73 87 74
520 1192 31 77 61
520 341 41 63 60
1440 506 43 86 47
1440 1368 82 99 95
86 1129 52 66 54
86 1440 72 97 80
86 320 90 95 92
1129 1267 69 84 84
1129 977 84 96 84
320 122 71 92 81
320 293 47 56 47
320 181 16 96 67
320 925 76 93 87
87 22 72 89 80
87 349 20 46 25
87 474 63 66 64
87 1457 83 86 84
349 163 66 93 69
349 1585 46 69 68
349 990 10 43 15
474 1418 57 96 94
1457 196 65 97 87
1457 833 23 78 38
1457 1264 34 51 51
1457 1393 38 60 49
1457 239 63 69 66
1457 459 18 20 19
88 1283 28 32 32
89 1049 80 97 86
89 1454 41 95 65
89 841 15 65 22
89 652 50 51 50
1049 1168 37 91 77
1049 1386 70 79 73
841 764 49 83 82
90 906 39 52 41
906 1613 95 98 96
906 1218 86 91 86
906 821 49 62 51
92 202 67 84 82
202 512 13 67 30
93 654 30 93 39
93 862 40 55 44
654 298 50 77 58
654 908 84 94 86
862 883 52 94 58
862 1514 44 63 56
862 164 82 95 85
94 1372 63 71 63
94 1685 94 96 96
1685 505 50 85 65
1685 145 76 92 87
1685 1639 79 82 79
1685 1066 88 93 90
95 1539 72 77 74
1539 688 61 64 64
1539 269 86 98 86
1539 641 89 96 92
1539 1318 43 58 46
506 636 39 87 61
506 1313 20 26 21
97 1262 42 100 60
97 637 74 78 76
1262 1123 53 78 56
1262 621 36 82 44
637 892 51 86 61
98 371 19 91 54
98 14 22 36 35
99 1252 54 87 86
99 1402 33 70 52
1252 655 35 44 37
1402 1711 88 99 98
101 212 12 21 20
101 580 56 85 71
212 78 58 65 59
102 371 37 50 47
102 294 14 95 21
102 853 79 83 80
102 805 35 49 38
853 1548 66 78 74
853 344 57 94 60
805 154 69 82 80
103 133 89 99 97
105 553 32 45 37
105 699 92 95 95
105 0 89 95 95
699 602 58 87 67
106 531 78 95 84
106 1726 12 24 19
531 790 57 75 62
1726 521 62 83 67
107 378 38 79 61
378 178 35 74 38
378 1733 87 91 90
109 329 46 79 48
109 596 28 29 28
329 1471 25 47 44
329 631 24 96 63
596 1593 89 95 92
596 858 25 62 28
596 1241 63 86 81
111 836 42 66 50
112 1058 47 76 51
112 292 90 97 95
1058 58 51 75 60
292 187 32 77 71
292 483 31 86 76
113 298 20 87 23
298 562 28 37 36
298 1119 27 32 27
114 144 15 66 65
114 332 53 54 53
144 860 14 64 27
117 1472 38 78 72
1472 645 74 94 88
118 518 66 98 82
118 24 82 91 89
118 259 66 70 67
518 570 84 98 87
518 826 29 45 34
518 602 66 72 72
518 389 36 66 53
518 1226 54 64 55
259 1624 48 73 63
259 549 41 77 44
259 384 26 56 51
119 1371 73 91 84
119 299 83 96 83
119 1330 70 91 80
119 1535 82 90 85
119 1673 70 99 84
1371 864 32 53 46
1371 10 16 94 84
299 1328 64 76 72
299 608 78 89 86
299 723 78 81 78
299 1242 13 69 16
1330 1273 95 96 96
1330 518 19 47 46
1673 542 21 52 29
1673 1427 75 95 86
1673 618 40 43 41
121 103 95 100 100
122 980 36 100 87
980 1570 54 58 56
123 362 41 77 69
362 1107 67 100 76
127 475 15 58 54
475 315 23 35 25
475 1707 12 90 42
475 102 56 81 69
129 0 59 68 66
130 868 71 97 84
130 1667 50 75 58
868 1551 72 92 91
868 1316 13 89 19
868 818 19 44 35
868 874 16 26 18
868 131 40 81 57
1667 880 27 67 45
1667 1496 58 92 88
1667 132 79 81 81
134 767 16 71 48
134 661 61 98 96
134 239 25 79 70
134 1253 50 94 56
767 492 31 66 41
767 400 91 95 92
767 100 70 98 93
661 160 95 99 95
661 1204 83 100 99
239 882 65 76 67
1253 494 44 61 50
1253 637 22 28 24
430 648 71 84 82
1146 1583 42 87 76
1146 761 63 84 68
136 1539 38 42 39
136 1261 88 100 91
136 1227 54 56 56
1261 802 51 67 51
1261 955 70 88 77
1227 667 93 98 93
1227 733 84 90 85
1227 319 89 96 92
1227 222 17 52 38
137 1266 58 88 62
1266 423 74 75 75
1266 1082 68 77 73
1266 884 42 79 72
139 791 92 95 94
139 1249 48 63 57
139 499 47 76 72
791 223 11 53 13
791 375 54 66 57
791 1444 52 58 55
791 710 38 82 57
1249 184 58 71 66
1249 135 60 94 68
1249 1069 55 62 60
1249 1121 22 53 34
499 1508 51 65 57
140 1254 57 59 57
140 1670 69 96 92
140 887 37 69 53
1254 1667 48 68 66
1670 1307 91 93 91
887 1592 57 70 57
141 1464 57 66 62
141 370 59 83 61
141 1101 60 96 74
1464 1223 17 45 35
370 254 82 89 84
1101 740 82 90 82
142 161 74 75 74
142 425 72 73 73
161 1575 26 97 65
161 1229 40 47 40
425 1572 55 74 61
425 1373 62 74 67
143 820 57 75 59
143 878 92 93 93
143 1004 51 73 66
143 516 40 52 40
1004 211 43 97 95
1004 886 21 39 34
1004 150 77 87 86
516 945 69 93 82
516 357 78 96 86
860 1345 35 48 44
145 583 73 97 93
145 470 36 40 36
583 847 80 91 84
583 1440 28 100 45
470 1673 76 77 76
470 838 17 82 27
470 295 51 92 74
146 1126 19 57 50
146 1514 20 65 34
1514 1 37 79 38
1514 1607 46 55 54
147 359 18 74 74
359 1652 42 99 85
359 850 77 80 77
148 831 38 72 50
831 449 42 61 56
149 1327 36 73 62
149 719 56 71 69
1327 895 28 98 73
1327 697 53 97 75
719 1218 33 94 57
151 677 19 42 36
151 33 33 85 39
677 864 39 57 56
677 971 80 100 100
677 1543 36 90 70
1114 573 70 88 84
1114 72 85 99 87
1114 1104 16 85 36
153 1227 60 83 79
153 473 55 65 60
153 560 46 79 47
473 445 84 94 84
560 540 11 40 20
560 22 24 53 34
560 1726 78 95 80
154 858 85 95 91
154 807 86 92 90
807 1036 43 77 54
155 1001 42 88 44
155 789 38 76 63
155 1308 23 72 49
155 1678 81 82 81
789 1408 45 95 54
789 1116 16 85 72
1308 1318 51 62 58
1308 1694 61 71 62
1308 1169 74 85 81
1308 502 24 62 43
1678 1441 87 95 87
156 563 77 89 82
156 593 45 73 61
563 587 31 39 39
593 151 94 97 97
593 1527 49 60 58
157 707 55 83 63
707 1109 44 67 50
707 1439 70 89 82
158 1632 32 41 37
158 1402 78 89 88
159 816 87 89 88
159 123 86 92 92
159 891 69 71 70
816 388 30 89 45
816 705 84 86 85
816 1343 65 100 96
816 739 48 76 63
816 1321 84 97 97
816 1267 90 96 91
816 889 67 74 73
1575 1589 81 91 84
1575 1321 12 92 78
1575 600 74 87 87
1229 425 62 80 68
1229 407 35 75 64
1229 687 52 74 55
162 1120 33 56 56
162 1669 83 98 95
1120 462 81 88 84
1120 435 45 91 89
1669 1486 33 55 38
1669 725 92 94 92
165 1137 88 94 89
165 1214 62 77 67
165 1333 82 83 82
1214 1509 79 98 94
1214 149 64 97 66
167 1419 76 95 94
167 458 75 86 85
1419 868 66 81 76
1419 194 27 39 30
458 990 81 87 86
458 515 33 88 35
168 872 40 93 53
353 1025 44 68 48
172 1336 52 62 60
172 530 88 96 96
1336 362 69 87 86
173 1136 35 41 36
1136 763 57 60 58
1136 66 93 100 93
174 1717 20 68 41
1717 928 56 66 61
1717 362 66 90 80
175 215 77 84 78
175 711 55 81 75
711 1705 55 84 73
711 1221 44 87 57
711 465 75 89 78
176 244 30 58 47
176 174 20 37 28
176 1353 30 69 68
244 1636 52 57 55
177 1275 18 50 19
177 1406 74 82 79
1275 1595 20 25 25
1275 612 69 74 74
178 325 60 72 66
180 1136 32 82 32
181 972 29 92 74
182 1648 67 81 75
182 872 21 94 75
182 837 61 91 85
1648 500 61 69 64
1648 1313 65 87 84
183 1186 75 94 82
183 552 40 59 40
552 54 66 76 70
552 776 42 44 44
184 515 48 72 72
187 1717 93 94 94
187 532 79 96 96
187 1268 79 98 84
187 1221 95 97 96
532 448 48 92 55
1268 206 36 83 62
1268 72 74 90 83
188 359 31 39 33
190 406 78 83 80
190 1022 18 35 22
406 1017 21 42 36
406 1597 13 56 50
406 1060 82 95 95
406 129 25 93 67
1022 1606 16 77 43
1022 1601 47 82 79
1022 1119 59 64 60
193 1665 46 83 50
193 145 52 78 72
193 1165 54 82 69
1665 1538 57 72 64
1665 1338 38 68 60
194 1492 41 60 43
195 1200 91 99 96
196 1076 31 58 55
196 656 11 31 31
197 635 13 74 56
197 448 18 99 54
635 1056 37 86 41
635 839 59 64 60
635 94 30 41 33
448 881 20 61 37
198 819 32 50 39
198 1730 11 27 24
198 1318 65 85 73
819 958 44 51 51
819 461 32 99 85
819 534 48 54 50
1318 607 83 99 98
199 201 56 87 59
199 1093 24 93 52
199 1072 84 96 96
199 875 60 69 61
199 1648 69 99 69
201 1715 23 25 23
201 846 31 60 47
1093 20 86 95 91
1072 1377 73 82 77
875 860 24 99 87
875 1516 77 89 83
875 1353 39 85 58
200 572 61 75 68
572 476 25 74 41
1715 1363 24 92 42
512 521 78 81 78
203 1019 53 71 71
203 688 23 55 49
1019 957 88 90 90
688 1673 23 74 41
688 365 85 93 89
204 1062 14 21 18
1062 959 62 68 66
205 75 94 96 94
206 1502 45 65 60
1502 227 86 98 94
1502 1675 52 95 60
432 1422 67 89 73
432 734 32 96 92
1080 1204 40 100 100
1080 710 20 43 28
1080 1665 61 85 68
1080 1588 23 25 24
1080 880 88 90 90
1080 322 37 46 46
208 979 68 94 84
208 340 43 95 67
979 1671 65 88 69
979 316 28 93 45
979 1211 92 95 92
340 917 71 99 74
340 1608 50 82 68
340 888 66 91 70
210 997 29 84 66
210 1386 64 80 80
210 549 60 85 85
210 1070 81 82 81
210 569 63 74 71
997 706 22 98 50
997 594 43 99 97
997 1589 90 96 90
997 106 17 48 42
1386 1035 89 90 89
1386 585 75 87 86
549 1028 64 99 66
549 700 54 79 69
549 325 64 93 68
1070 1222 70 77 71
1070 1710 89 97 93
569 758 20 90 62
569 1606 41 92 86
569 90 39 98 46
211 1511 42 59 45
211 941 80 94 87
211 901 70 99 79
211 588 42 52 49
1511 1544 20 79 75
941 860 15 33 33
941 1559 13 67 43
901 121 53 58 54
901 609 70 79 73
588 274 42 93 76
588 1576 44 47 47
588 1004 49 63 49
213 1430 57 70 57
213 557 93 97 96
213 1267 76 96 82
1430 1041 89 95 89
1430 1638 89 98 91
1430 775 32 73 53
214 485 12 30 30
216 516 74 88 85
216 1643 61 93 62
216 773 65 82 77
1643 487 42 87 59
1643 103 82 92 91
1643 409 79 84 84
773 1140 62 90 84
773 160 29 60 41
773 915 82 86 86
217 1520 23 71 34
1520 709 69 85 80
1520 1576 73 100 94
219 793 57 93 86
219 760 35 95 54
793 238 79 97 92
760 823 13 33 24
220 1445 21 34 23
220 1319 23 50 43
1445 258 71 80 71
1445 496 39 85 39
1319 9 34 38 37
1319 376 92 93 93
1319 697 69 78 69
221 414 76 86 78
414 1425 24 26 24
414 1467 91 99 99
414 1104 60 64 63
414 639 30 52 45
222 584 80 82 80
584 633 28 62 55
584 1053 34 55 41
584 747 42 62 52
584 825 75 87 80
223 246 30 91 68
223 745 11 14 12
223 1136 77 91 81
246 1728 46 69 64
745 1695 51 58 56
224 429 30 74 52
224 1509 42 68 51
224 1566 71 96 95
1509 1613 93 97 94
1509 726 45 83 46
1509 1698 69 73 69
1509 635 56 99 69
1566 385 65 83 78
1566 297 84 98 93
225 246 29 30 30
225 978 34 68 60
225 941 50 99 62
225 247 61 81 64
978 410 92 93 92
978 1154 37 52 40
226 494 15 56 41
226 1599 90 99 91
494 71 63 82 74
494 424 89 96 96
227 1121 51 86 55
227 1353 61 85 68
227 1074 86 94 90
228 303 35 45 41
228 724 55 58 55
228 535 27 62 50
303 279 51 96 78
724 1154 16 37 20
535 451 46 53 52
229 1459 86 96 92
1459 1381 63 64 63
1459 1509 53 85 77
1459 499 29 54 51
797 1637 87 93 90
797 572 21 53 25
797 1660 53 99 59
231 50 51 98 86
232 156 65 88 87
232 445 71 89 76
445 1018 95 100 100
445 883 84 95 93
445 1567 40 72 45
233 1132 62 84 73
233 1345 83 85 84
233 1249 27 45 31
1132 1103 20 42 30
1345 1644 24 94 89
1345 215 44 91 83
234 1170 51 52 52
1170 1069 81 97 92
1170 7 80 90 90
1170 494 59 94 91
235 177 44 74 70
235 193 76 88 83
236 164 74 77 77
236 814 92 100 98
814 784 39 78 77
814 586 83 85 83
814 1150 64 69 69
237 1381 77 88 86
237 865 54 56 54
237 689 38 53 40
1381 605 66 100 94
1381 993 80 89 83
1381 436 12 48 22
689 117 44 83 68
689 269 30 46 36
238 172 41 64 41
882 711 62 93 82
882 935 49 91 74
240 601 46 55 51
240 100 16 35 31
240 1421 24 48 35
240 342 59 87 77
1421 1149 53 100 81
1421 1279 16 54 39
1421 1066 29 53 32
1421 724 77 82 77
241 1618 67 98 88
241 1533 71 72 71
1618 200 29 41 39
1618 1402 48 70 64
1618 1376 55 88 56
1533 1324 43 91 83
1533 346 32 57 38
1533 1577 60 72 70
242 1175 29 58 53
242 35 21 93 93
242 106 49 66 56
1175 920 94 95 95
1175 31 57 75 73
1175 1516 94 97 96
1175 299 20 82 72
243 723 89 96 95
243 1256 25 80 64
723 1307 16 76 34
723 517 24 26 26
723 1483 53 61 56
723 635 27 100 71
1256 1447 75 89 76
1256 1677 56 96 68
1256 1108 51 87 74
1256 786 91 94 92
1256 305 67 83 79
1256 1089 48 76 74
1636 338 90 98 95
1636 475 18 94 51
248 635 30 77 30
248 612 30 38 31
248 1463 63 74 63
612 1012 26 51 33
612 1040 42 80 53
1463 1306 72 85 73
1463 42 43 77 62
1463 1690 76 79 76
249 275 56 61 60
249 336 27 52 44
336 745 33 56 36
336 97 76 88 83
336 1386 16 87 62
336 1522 40 87 68
250 1595 56 85 79
1595 999 25 69 38
1595 1162 39 57 40
251 202 44 78 73
252 183 57 88 62
252 1507 74 99 96
1507 1134 63 96 68
1507 392 69 84 82
254 1468 28 70 69
254 877 11 38 25
254 67 30 79 31
1468 798 31 58 56
1468 666 65 80 79
877 1024 50 73 67
877 1293 91 99 92
877 1178 85 88 86
255 1669 12 77 53
1281 189 64 95 84
1281 1423 14 74 68
1105 574 75 81 77
257 916 65 76 65
257 1002 10 94 34
257 1337 86 98 88
1002 1657 29 50 41
1002 798 36 95 90
1337 1634 33 44 43
1337 889 72 99 93
1337 278 67 96 95
1337 511 79 83 81
1337 1566 84 96 93
1337 779 14 56 46
258 1411 51 89 73
1411 965 95 97 96
1411 511 25 57 55
1624 1513 31 33 31
1624 312 37 75 48
384 209 92 99 95
384 177 71 94 76
384 1473 43 93 73
384 1538 42 43 43
260 733 62 63 62
260 711 17 85 70
733 1251 81 86 84
733 1572 47 74 59
733 754 33 90 54
261 120 13 22 21
262 418 64 93 67
262 57 27 51 40
262 12 40 56 52
418 134 34 99 64
263 1711 37 69 65
264 1633 78 79 79
1633 1529 50 68 57
1633 149 61 75 65
1633 485 36 55 41
265 1606 28 63 52
265 478 71 89 79
478 94 45 61 51
478 1056 34 98 74
266 1332 54 75 66
266 1483 66 75 72
1332 690 83 89 84
1332 751 23 38 28
1483 412 48 68 61
1483 742 35 49 44
267 1110 24 50 47
267 1459 56 78 71
267 1448 67 76 71
267 842 46 80 53
1110 1310 64 84 71
1110 837 75 77 77
1110 213 47 91 68
1110 1425 73 86 77
1110 1615 90 91 90
1110 1530 40 58 48
1110 1021 52 97 57
1110 1052 53 84 55
842 324 16 40 32
268 748 15 71 48
268 481 64 77 75
268 181 89 90 90
268 106 73 100 89
748 268 63 72 72
481 606 36 77 42
481 1246 66 85 80
481 542 87 94 87
269 647 91 99 92
269 1289 54 83 83
1289 1201 17 60 60
271 720 33 84 76
271 1130 52 57 54
720 1340 61 78 75
720 1681 42 68 60
276 1170 19 28 22
276 1136 18 41 39
276 420 15 58 26
276 1283 71 100 86
276 699 46 47 47
420 1456 21 65 59
420 955 45 62 46
277 1704 23 92 56
277 320 26 77 37
277 1529 45 62 49
277 580 41 51 47
1704 771 20 21 21
1704 1135 24 44 34
1529 380 68 72 72
278 1341 76 92 84
278 799 29 48 40
280 379 66 79 74
280 304 10 35 34
280 1244 81 96 88
280 449 36 58 53
379 1424 26 73 52
379 1172 75 100 99
304 324 27 77 29
304 1094 79 88 82
449 714 17 44 43
281 1118 25 33 29
1118 526 93 96 95
282 1279 81 98 91
282 1566 19 53 22
1279 878 23 40 26
283 900 63 70 68
900 1430 80 97 82
284 87 81 86 86
284 1288 82 84 83
284 1664 46 84 64
1288 1380 93 96 95
1664 1272 53 76 58
287 624 64 80 64
287 453 70 89 74
287 112 70 73 73
624 689 68 86 79
453 495 84 99 92
453 1465 46 53 53
289 561 74 76 76
561 752 76 92 77
561 368 60 71 71
561 1075 42 51 51
561 787 79 94 84
561 179 36 49 48
290 1495 90 99 97
1495 791 75 79 76
1495 778 42 98 69
1495 1278 95 99 95
1495 745 39 55 50
291 254 49 51 49
291 1071 92 99 99
291 1203 23 95 78
1071 894 31 52 31
1071 623 77 82 80
1071 788 28 49 40
1071 1406 65 89 81
1203 1149 47 63 51
1203 1214 89 98 97
1203 1038 17 83 78
1203 1096 33 94 40
1203 1009 89 98 91
483 415 81 95 81
483 379 56 85 67
293 1176 11 35 21
293 1553 22 55 37
1176 60 70 80 72
1176 849 91 94 92
1553 481 16 86 21
1553 1053 36 53 36
1553 1456 41 83 62
1553 592 40 85 63
295 975 26 45 26
975 874 32 84 59
975 1378 39 41 39
975 844 31 78 45
296 334 17 58 17
296 376 15 59 42
296 659 93 96 95
296 1454 77 94 90
334 1193 64 76 66
376 963 63 90 85
659 871 25 51 46
659 841 88 100 93
297 856 92 100 99
856 1532 11 84 35
856 1420 40 97 83
856 317 20 62 60
562 197 23 54 45
562 1514 94 96 95
562 367 80 87 82
1328 1428 60 97 71
1328 658 52 63 60
608 288 60 66 63
608 1275 19 79 74
608 1486 93 98 96
1242 1156 31 39 32
1242 416 38 92 63
1242 266 61 92 62
300 1437 26 30 27
300 1078 52 58 55
300 276 83 85 85
1437 1201 95 97 96
1078 1056 69 89 87
1078 223 92 100 99
1078 1196 63 73 65
301 496 44 97 66
301 606 31 93 57
301 629 31 82 60
496 1307 64 95 81
606 419 60 85 77
302 1230 61 99 75
1230 1591 78 84 84
1230 347 74 91 82
1230 967 67 85 75
1094 1303 86 91 91
305 142 63 97 69
305 1530 12 56 35
305 662 41 96 89
1530 1588 13 41 35
1530 1500 45 60 54
1530 453 87 92 89
662 373 76 94 93
662 1252 66 100 72
662 1590 33 95 70
662 1410 65 82 74
306 265 51 97 64
306 225 47 88 62
306 1385 13 83 82
306 1095 94 95 94
306 197 53 64 60
1095 1453 65 100 79
1095 953 24 67 24
1095 755 83 87 87
307 641 25 59 31
307 607 17 30 25
641 476 74 85 77
607 1635 24 72 51
308 145 51 92 86
309 1104 11 50 28
1104 41 15 35 19
310 1492 72 75 74
310 738 44 80 53
311 509 80 95 82
311 1507 36 88 71
311 382 39 72 57
509 461 37 40 37
509 1022 63 67 63
382 984 82 88 87
382 1214 30 44 30
382 1130 78 80 79
382 1169 50 84 59
312 1691 31 68 55
1691 848 30 35 32
1691 918 18 50 25
1691 493 25 60 53
313 845 81 97 89
313 678 67 86 70
845 521 13 88 62
845 244 38 73 45
845 285 25 75 40
845 467 17 75 44
1182 1490 25 34 26
1182 502 74 77 76
795 1290 71 90 76
795 1189 11 70 69
795 1334 55 84 65
316 1331 85 91 89
316 1720 36 88 38
1331 496 52 56 52
1331 1263 16 90 58
1720 478 66 72 71
1737 50 66 91 67
1737 415 64 100 93
1737 950 66 97 75
318 502 74 79 75
318 84 63 96 75
502 901 81 82 81
502 661 56 64 59
502 686 20 47 36
319 1409 71 91 86
925 966 95 96 96
925 468 48 65 58
321 475 91 94 93
321 1518 59 92 83
1518 1452 18 51 20
323 1597 44 94 76
327 1740 44 58 45
327 1334 15 26 24
327 1410 42 61 52
327 122 23 64 55
327 144 87 100 97
327 484 94 96 95
1740 1673 92 99 97
1740 966 83 91 84
1334 997 52 65 62
484 1697 65 96 83
1471 217 42 62 44
1471 1625 30 99 88
330 1525 62 92 88
330 1177 28 39 29
330 1136 45 49 45
330 98 33 90 76
1525 1630 62 98 62
1525 220 73 89 78
1525 636 49 94 65
1177 691 82 86 86
331 1359 44 76 74
1359 904 10 83 39
1359 1277 52 74 57
1359 896 72 98 86
1359 1087 32 88 40
333 1585 91 94 92
333 89 61 84 83
1585 1323 50 52 50
1585 995 84 87 87
335 983 21 46 28
335 1296 77 95 91
335 846 48 96 82
335 332 84 92 86
983 678 68 88 72
1296 348 59 75 61
1296 1097 79 81 79
1296 10 75 99 81
1296 282 11 13 13
1522 792 91 98 91
1522 965 70 84 72
337 1240 32 71 52
337 573 34 90 80
337 1275 13 60 18
337 916 86 100 98
573 1728 76 82 79
573 48 85 87 86
338 1171 41 88 70
1171 850 78 86 81
1171 1662 21 87 81
339 1680 52 91 65
339 757 63 70 66
339 603 45 56 52
1680 339 45 46 46
1680 509 93 95 95
757 1139 59 60 60
757 973 74 83 76
757 1296 68 80 78
757 849 13 97 39
603 1608 17 85 22
603 170 83 94 94
603 1280 46 90 62
603 88 48 64 62
917 193 91 100 96
917 602 78 83 79
1608 81 54 59 54
944 1350 25 87 28
944 334 27 33 29
944 768 70 75 70
576 1213 30 37 33
576 1475 42 95 54
343 201 72 96 92
343 537 21 42 22
343 755 81 94 85
537 505 93 97 93
537 732 22 28 22
755 1504 94 97 94
755 1589 86 97 89
344 1535 15 55 19
345 1175 95 96 95
345 1564 55 98 84
345 778 29 64 46
1564 569 79 85 82
778 587 93 100 98
778 413 47 77 69
778 175 52 75 52
778 1082 43 98 57
346 165 41 58 46
347 266 66 68 68
347 7 81 96 82
347 492 86 99 95
347 1691 32 33 32
492 405 79 85 80
348 1264 84 90 88
348 1367 12 56 41
1264 855 59 93 71
990 908 22 61 37
350 270 53 74 73
350 338 65 87 76
351 882 34 45 37
352 517 50 88 87
517 638 30 97 95
1025 388 47 88 72
354 901 17 44 43
355 714 94 96 94
355 1421 89 93 92
356 1212 43 51 47
356 579 16 81 27
356 1363 11 28 21
356 583 90 96 92
1212 413 74 92 83
1212 691 71 72 72
1212 372 30 66 32
1212 925 34 59 34
579 662 15 39 32
579 1050 44 92 64
1363 581 55 73 58
358 657 29 95 77
358 522 64 95 71
358 1111 83 91 88
657 1596 49 78 52
522 1133 19 100 24
1111 173 32 42 38
1652 587 33 95 65
1652 466 37 77 63
850 944 66 90 66
850 1106 81 86 81
850 1645 10 81 66
850 1248 22 53 27
850 496 41 68 63
360 1373 87 88 87
1373 257 61 91 71
361 878 54 81 78
1107 169 39 99 68
363 216 65 72 70
364 332 32 56 45
364 1236 23 41 25
365 2 81 91 82
367 1549 90 100 97
367 822 40 75 59
368 738 23 63 55
368 728 80 99 96
728 1515 68 95 82
728 1008 68 82 79
728 657 31 50 35
369 993 14 34 20
993 1341 20 83 28
993 459 38 44 41
993 919 30 48 46
1342 1161 86 98 86
1342 734 32 72 59
373 1731 75 98 98
373 1448 32 39 32
1731 505 20 30 21
374 114 61 73 73
375 23 69 85 73
963 255 30 80 62
377 952 65 70 68
377 1575 79 84 83
377 298 33 46 45
377 1335 78 88 82
952 1719 38 56 52
952 316 48 71 58
1335 731 90 93 92
1335 1698 68 96 76
1733 1270 72 77 73
1424 923 60 61 61
380 1717 59 69 65
381 1614 31 88 52
381 1461 28 93 35
1614 71 78 97 80
1461 1145 26 95 43
984 1287 34 43 34
984 1418 58 92 63
984 610 44 63 45
1169 1508 20 42 41
383 1045 79 95 92
383 711 78 97 79
383 162 17 96 18
1473 364 87 97 92
1473 1068 57 84 78
1538 890 87 97 93
385 413 31 84 84
413 110 32 50 38
386 1532 85 94 92
386 505 77 81 77
386 954 88 91 90
386 217 15 58 48
1532 1710 61 62 61
1532 731 67 84 73
1532 910 65 97 80
505 486 84 89 86
954 1396 75 94 87
954 112 83 86 85
387 1541 16 49 34
1541 1429 16 76 23
1541 690 65 76 65
388 1602 49 54 49
389 1001 35 83 67
389 234 35 67 66
390 98 52 76 75
390 38 49 61 61
391 335 95 96 96
391 318 18 43 43
391 374 27 40 32
392 1290 35 65 43
392 508 12 45 28
1290 1662 80 90 83
508 1112 30 69 65
508 245 55 67 58
508 923 22 73 35
508 1628 43 61 50
508 536 37 80 42
393 444 37 58 58
444 1064 72 76 76
444 1413 10 54 28
394 909 75 83 79
394 562 66 91 87
394 937 59 87 64
394 344 85 92 86
909 1642 81 92 84
909 927 91 94 92
909 83 42 66 53
909 137 35 60 40
937 1532 41 60 48
937 224 64 84 75
937 1018 85 93 90
937 531 12 20 16
395 822 85 100 98
794 453 40 62 55
794 1133 87 92 90
398 841 82 98 87
398 1031 78 98 84
1031 1573 78 99 78
1031 613 13 32 20
399 1398 95 97 96
399 842 15 65 39
1398 974 65 92 89
1398 236 45 66 56
400 1115 27 35 28
400 596 35 81 79
1115 537 24 39 30
402 1169 35 85 74
403 481 12 92 29
403 289 59 96 80
403 75 57 89 87
403 226 41 42 41
404 1093 64 75 74
404 755 56 62 61
404 259 65 80 66
405 500 78 97 90
405 1297 19 38 21
500 800 29 37 36
1297 1636 40 84 44
1297 338 88 94 93
1297 1365 93 94 94
1297 502 39 45 41
1060 1728 21 74 44
407 956 35 93 59
407 198 66 84 70
407 1309 56 74 68
956 1336 31 87 87
956 530 91 95 92
956 473 53 87 59
1309 1614 36 98 80
408 637 53 99 80
408 1472 36 77 74
408 842 16 40 38
408 449 45 72 58
1295 1117 30 43 31
1295 802 15 92 53
1295 776 63 64 63
1295 692 19 24 24
1425 235 91 92 91
1467 1588 59 75 69
1467 365 46 88 74
1467 837 30 50 43
415 1544 35 53 49
415 1646 57 67 57
1646 17 18 94 90
1646 1400 23 26 25
1646 45 30 53 41
416 751 70 76 76
416 1570 22 23 23
751 457 24 85 28
751 50 56 85 67
1570 259 59 86 85
1570 1060 36 45 40
1570 1569 63 81 75
417 1735 72 88 75
1735 1641 88 98 89
1735 880 17 30 20
419 1538 74 81 80
419 181 68 95 73
1456 1415 56 88 68
1456 533 75 97 91
421 612 26 87 86
421 589 25 38 35
421 1339 76 84 84
1339 367 15 53 21
1339 780 93 100 97
1339 1074 90 96 96
422 163 46 49 47
423 615 75 89 89
423 1680 58 69 69
615 357 86 96 95
615 1262 41 89 56
424 651 63 85 85
424 1236 28 90 29
1572 364 19 61 39
427 772 74 78 76
427 1158 26 44 39
772 584 35 61 42
772 1597 78 89 88
1158 1322 95 99 95
1301 1481 68 84 71
1301 847 88 98 97
1721 819 87 89 87
1721 214 79 86 81
648 690 79 98 84
431 1206 40 73 61
431 1031 82 84 82
431 677 58 94 76
1206 115 18 35 33
1206 674 80 81 80
734 953 57 98 58
433 800 27 47 34
433 1391 26 74 68
800 165 74 97 76
800 625 82 87 87
800 882 70 82 77
800 1383 60 79 70
1391 357 52 58 55
434 1173 65 66 65
434 589 53 68 65
434 762 70 83 75
762 1063 75 94 81
762 816 18 80 32
762 50 75 83 79
436 977 52 90 56
436 569 26 27 27
977 757 51 68 54
977 1400 65 96 80
977 513 73 92 78
437 1058 15 17 15
437 1383 94 98 94
1383 73 19 96 50
1383 899 28 61 44
1383 1054 83 97 89
438 1019 51 58 56
438 768 38 97 60
438 122 65 66 66
768 1687 59 80 75
768 1722 24 89 54
439 872 56 65 58
440 1441 93 94 94
440 778 41 46 42
440 1147 49 75 51
1441 105 23 48 27
1441 1235 22 46 29
1147 309 68 77 73
1147 434 77 84 82
1147 1625 57 95 59
1064 1097 94 97 95
1064 1389 44 100 97
1567 140 18 39 38
1567 1553 30 62 33
1567 264 57 90 72
447 1590 79 98 89
447 1362 88 93 89
447 941 46 98 47
1590 1008 54 76 65
1362 1228 77 84 84
881 1288 56 91 68
881 42 46 47 46
881 404 66 74 68
450 1355 88 90 89
450 938 45 93 86
1355 102 70 96 79
938 1377 94 98 95
938 131 48 89 70
451 396 61 77 63
451 1475 64 77 76
451 1398 24 55 44
451 944 92 97 95
1475 1268 82 94 86
1475 1144 34 84 39
1475 656 28 90 73
776 1482 35 52 39
776 242 67 85 69
776 1369 88 91 88
776 575 39 55 43
776 660 53 60 56
776 859 28 88 41
776 1666 64 82 77
776 760 90 91 91
495 379 59 74 59
495 649 80 93 82
495 367 42 92 85
1465 956 41 98 71
1465 1282 19 58 48
1465 800 32 91 89
454 1564 30 40 40
455 1679 50 83 65
1679 1282 62 68 66
1679 310 75 87 80
1679 19 95 98 97
456 566 73 95 79
456 573 56 89 63
457 1624 62 80 68
459 1500 30 74 66
1500 1056 91 99 95
460 429 71 92 84
460 425 90 99 95
460 1625 73 80 73
1625 1028 34 62 61
1625 8 80 81 81
1625 1112 75 98 91
1625 91 30 82 50
461 1375 38 56 47
461 1515 16 71 26
461 672 95 98 97
461 1012 77 91 91
461 85 89 90 89
1375 123 45 53 48
1375 538 61 73 68
1375 52 46 48 46
1375 472 90 100 90
672 1529 90 91 90
462 520 42 57 47
462 327 76 89 87
462 1548 17 98 29
1548 436 54 86 84
1548 467 31 87 63
1548 728 59 61 59
1548 612 83 84 83
463 604 71 99 84
463 623 63 93 67
604 1164 55 68 65
623 1359 68 84 78
623 477 65 77 76
623 298 13 29 28
464 396 10 56 46
465 1519 54 97 64
466 1574 92 95 95
466 275 29 34 30
466 303 72 75 75
1574 1271 88 96 91
1574 501 53 88 81
467 1141 95 100 95
467 933 60 89 73
468 686 45 95 53
468 687 89 95 95
468 778 55 83 63
686 932 81 82 81
686 109 17 78 64
687 1432 22 89 83
687 1405 74 90 90
687 36 68 92 74
469 1117 89 97 91
1117 809 85 95 88
1418 101 75 87 84
1707 372 89 97 90
476 954 49 97 59
558 1197 78 83 82
1042 1220 13 78 72
1042 445 57 99 63
1042 465 17 27 27
1056 210 60 63 63
1056 1000 20 45 44
479 421 73 83 73
1246 381 88 96 94
542 1736 43 48 44
542 1149 23 84 31
1697 998 10 30 26
1697 942 60 69 67
1189 326 16 43 16
1189 1455 19 98 88
1189 1524 78 90 89
1036 1580 86 95 88
1036 1230 14 52 27
1036 1721 40 64 59
1036 375 46 80 61
1036 1428 49 90 81
486 1025 39 63 60
487 107 30 65 59
488 148 47 91 90
488 639 57 99 60
488 95 17 47 43
489 1343 14 84 70
489 158 44 57 53
493 131 83 84 83
493 1612 64 72 64
649 1638 10 55 44
649 1354 78 83 82
1307 719 86 94 92
498 523 16 73 43
523 1712 21 53 52
523 1005 59 91 78
1160 1719 57 77 64
1160 560 53 60 60
503 578 54 76 61
503 1001 18 67 27
503 454 78 81 78
503 662 51 98 79
578 1605 43 95 48
578 151 30 82 60
504 1628 86 93 89
504 65 63 98 93
1628 1528 55 67 55
636 362 94 99 95
636 1153 74 81 80
636 1075 55 78 65
636 766 12 69 24
636 897 49 81 71
1313 115 18 82 33
1313 1330 65 79 66
536 1055 35 47 45
536 1669 25 51 35
536 1422 68 77 69
536 433 79 89 81
511 596 32 61 60
511 407 12 62 29
511 998 66 95 66
998 1384 68 97 75
998 1525 29 81 63
998 435 25 42 38
513 1121 79 84 79
513 421 17 45 24
1453 708 22 85 80
1453 90 22 71 67
945 753 30 88 37
945 1585 51 76 71
638 1359 24 36 27
638 562 79 88 79
638 1738 73 81 79
570 165 16 21 19
570 445 30 51 43
826 856 24 62 47
1226 1574 78 89 79
1226 1337 40 77 42
1226 289 53 67 61
1226 343 82 95 93
1226 932 73 97 93
519 1509 36 72 42
1133 628 66 87 73
1133 300 47 54 54
1712 1588 54 98 56
1005 1021 70 84 77
524 1451 82 85 82
1451 338 67 85 82
525 1424 22 58 22
526 981 78 100 83
526 207 78 85 81
526 1321 76 90 82
1321 1389 26 27 26
1321 1467 78 85 84
527 555 26 35 28
555 546 43 71 67
555 1208 47 66 60
555 692 45 48 46
555 761 15 98 76
555 370 89 90 90
528 1535 31 86 55
528 1500 59 79 59
528 235 26 32 29
1513 1492 59 83 79
790 402 90 92 91
533 1007 87 99 98
533 1353 92 93 93
1007 703 68 88 69
1007 407 15 83 67
534 1093 41 66 47
534 17 63 74 66
534 638 94 100 98
1055 351 18 33 22
732 1088 79 80 79
732 1126 91 92 92
538 1520 62 72 72
538 702 31 58 44
702 330 16 34 17
702 713 55 98 90
702 1308 89 90 89
539 415 83 93 86
539 604 89 93 93
540 332 34 87 81
540 513 47 80 58
540 569 49 55 54
541 195 83 100 98
541 1544 18 21 21
1736 7 90 97 97
1736 1532 42 83 59
1736 1221 28 44 42
544 855 62 84 81
855 1177 52 74 54
855 616 60 67 62
546 527 21 27 23
546 1074 82 93 84
546 855 29 31 29
547 694 22 89 85
547 785 38 81 61
785 375 91 99 97
785 1061 56 70 67
785 1650 29 68 44
548 480 52 84 63
548 263 69 81 73
700 56 42 100 71
700 802 53 66 60
700 897 45 97 81
550 689 92 97 94
554 382 57 99 87
554 710 31 55 48
554 503 23 60 47
554 15 83 93 89
554 925 25 70 27
554 1561 48 93 93
1561 583 44 67 62
1561 1721 53 55 53
1561 235 42 62 45
1561 1731 64 80 69
1208 1269 28 80 46
556 1305 77 82 81
556 212 88 93 88
556 1407 50 82 66
556 1057 13 48 45
556 241 41 97 55
1305 1135 56 96 77
1305 1478 44 89 60
1057 1378 53 81 54
1057 1251 43 80 77
752 1545 82 85 83
752 1627 24 49 26
1075 863 26 58 50
1075 104 84 90 90
1075 61 77 92 86
587 1160 70 96 94
564 723 17 87 70
564 1106 36 82 68
565 999 86 93 88
565 1475 22 46 24
999 469 15 72 25
999 1587 16 79 38
568 536 17 64 36
568 1663 42 81 74
1663 845 43 54 46
571 1286 63 99 71
1286 805 57 92 73
1286 1256 72 78 76
1286 459 27 71 27
1286 516 15 69 50
574 1220 82 91 89
574 1131 83 91 90
1220 5 48 79 77
1131 1335 68 98 69
1131 568 41 96 59
575 931 16 57 27
575 498 33 35 33
931 1051 62 75 64
931 624 17 97 65
1213 1692 72 89 88
1213 1112 10 92 57
1213 668 50 95 51
577 606 11 52 51
577 844 67 99 99
577 775 89 91 89
844 754 25 41 28
775 398 53 77 62
1605 918 83 85 83
1050 399 48 79 75
582 100 49 97 56
582 1153 14 41 37
582 1185 60 61 60
1153 1181 63 97 85
1153 1603 52 61 54
1185 970 89 97 95
1185 697 73 82 80
847 927 64 73 64
847 1095 11 31 15
847 415 84 88 88
633 643 86 90 86
747 87 55 92 57
825 830 79 87 83
825 416 20 68 50
585 1637 40 81 47
585 1320 66 74 72
1320 274 94 95 95
1320 1148 16 29 23
1320 458 61 74 61
1320 1398 52 71 62
586 1641 40 44 43
586 596 22 75 75
586 1326 38 45 38
1641 472 78 84 84
1641 1439 29 77 68
1326 785 69 73 73
1326 1630 51 100 92
1576 998 25 59 34
1576 12 53 58 57
1576 431 36 60 42
928 570 58 88 77
590 1612 54 99 85
590 1655 83 91 90
1655 1386 32 95 49
1655 984 85 91 91
591 765 52 70 69
765 1518 68 78 72
765 401 52 88 85
765 677 42 52 48
765 1213 67 79 67
1527 1554 70 84 76
594 1241 37 44 38
1241 620 72 98 95
1241 234 68 79 79
1241 1232 10 22 15
595 1355 56 66 59
1593 1501 56 87 77
1593 124 87 94 89
597 559 93 97 96
598 1117 41 74 71
598 979 10 22 20
599 290 39 70 40
599 146 42 96 88
600 458 16 82 54
600 1603 16 71 39
1603 531 80 81 80
1280 1228 26 55 31
1280 78 35 66 39
1280 1282 19 21 20
1164 1537 43 51 44
605 790 40 62 56
1635 1511 61 83 68
1635 1537 57 68 58
609 1303 44 96 77
1303 455 83 96 83
1303 1011 78 92 82
1303 527 94 97 97
610 477 38 92 74
610 81 13 99 56
611 931 55 79 77
611 350 73 99 81
1040 566 27 84 79
1040 521 63 65 65
1040 354 93 96 96
613 1577 65 89 84
613 528 69 94 75
1577 776 34 62 56
871 754 34 96 57
616 695 94 100 98
616 1178 84 88 84
616 554 83 87 86
695 1233 28 54 40
617 761 57 83 78
617 1165 80 93 88
617 297 38 88 39
618 1269 74 98 82
619 917 75 95 92
620 809 65 84 68
620 1321 89 96 92
620 1052 29 78 29
620 1259 59 85 78
809 1364 70 96 85
809 523 34 68 41
1052 69 16 31 24
1259 897 90 96 91
1259 1690 47 87 77
1259 263 13 73 59
621 401 27 80 50
621 1103 47 76 58
621 836 15 27 15
1103 1343 69 84 74
1103 975 25 91 46
1161 1522 55 80 74
1161 173 64 95 93
625 274 75 83 78
625 97 58 96 59
626 1110 47 87 72
626 997 60 67 65
627 488 92 95 92
628 943 94 100 95
628 78 43 67 58
628 1258 27 79 45
943 114 11 99 63
943 727 43 54 48
1258 592 70 100 77
1258 904 82 84 84
1258 1187 12 14 12
994 1726 35 40 35
643 942 77 92 91
643 1293 52 92 79
643 1267 28 86 80
634 979 54 85 75
839 689 85 93 91
839 578 80 87 84
766 1095 64 96 72
766 875 52 75 63
766 396 71 77 75
766 773 71 98 72
766 1669 72 95 78
897 173 30 35 34
892 285 19 70 59
1738 1597 58 70 66
640 1012 38 48 38
640 839 56 57 56
642 916 49 99 53
642 1591 83 89 87
642 237 90 91 91
1591 1039 24 55 37
1591 67 14 21 18
942 1276 42 77 63
1293 1354 27 87 69
1293 526 41 74 54
1293 202 93 100 100
1293 1238 91 94 93
644 604 83 96 92
646 1035 13 57 50
646 1692 21 79 37
1035 1565 26 88 74
1692 590 39 94 78
690 823 18 66 37
690 1738 33 62 56
1638 680 15 59 21
1638 822 88 94 94
1638 359 65 67 66
1638 1021 32 99 89
1354 1581 75 96 87
1354 459 13 66 18
650 1669 68 91 68
1274 1698 86 91 90
1274 1103 18 29 26
1274 439 39 69 46
1148 410 30 62 35
1148 1665 79 93 90
1148 326 91 92 91
658 264 20 69 66
1204 628 89 96 95
663 226 44 96 86
665 1669 45 62 46
665 1706 89 97 96
665 667 69 78 71
667 458 59 65 63
667 1730 46 79 53
667 927 16 83 25
666 622 69 74 73
666 1406 19 25 20
927 405 50 65 52
927 1046 55 95 81
927 1462 68 92 84
668 944 17 62 34
668 1599 44 84 83
671 1241 57 97 73
673 1403 11 81 33
674 735 38 90 72
674 1377 57 75 69
674 676 85 99 85
674 45 59 69 63
674 1451 49 54 49
735 384 22 49 38
735 1712 29 76 76
735 414 63 92 69
735 1011 88 95 89
735 899 52 95 55
1377 676 15 24 21
676 462 75 97 87
676 1089 56 57 56
864 1133 19 55 37
864 1586 86 96 87
971 1264 36 52 40
971 1695 34 70 64
971 1190 24 61 51
1543 299 36 88 39
1543 324 26 52 27
1543 90 48 89 82
1543 181 19 41 34
679 226 57 72 71
679 428 25 76 60
679 729 27 54 54
729 1019 10 49 23
729 257 47 93 79
680 821 43 66 52
680 1063 95 97 96
682 226 20 82 36
682 1077 48 99 73
683 0 33 72 64
683 1080 59 82 60
684 1411 79 89 88
684 706 61 81 71
684 1693 60 86 76
706 1249 31 84 33
685 36 87 96 95
685 380 88 92 89
685 1675 67 98 76
1675 284 79 98 87
1675 1014 42 73 49
1675 1617 27 87 56
1432 364 72 82 73
1432 309 71 90 87
1405 1529 93 94 94
1405 1195 31 84 42
1405 1059 58 60 59
823 173 16 59 50
823 1597 22 68 48
823 1523 50 97 89
823 856 45 79 51
691 217 84 93 85
693 337 75 95 94
693 695 31 50 44
1233 508 19 89 19
697 534 57 78 58
697 1523 79 92 81
1523 239 48 79 51
802 642 71 78 77
713 1121 54 86 62
713 1545 66 100 84
703 914 13 41 38
914 1632 88 97 91
914 1092 67 79 68
705 1018 42 91 87
1109 1063 87 93 92
1439 1492 91 92 91
1439 434 46 90 88
1439 421 65 88 69
708 1157 33 34 33
708 1251 74 88 85
708 516 11 36 29
708 690 14 70 30
1157 934 83 89 83
1157 1698 62 87 79
1251 378 39 76 56
709 1570 37 55 44
1705 1298 63 89 64
1705 823 84 90 88
1705 927 34 95 62
712 1285 45 62 59
1285 1306 33 97 74
1285 1584 13 85 23
1285 1473 61 93 77
715 136 46 83 55
715 1289 41 47 41
716 1127 72 98 89
716 354 40 94 53
1127 25 48 67 64
1127 1597 78 90 87
1127 1174 68 83 69
1127 1153 58 73 59
718 74 21 100 57
1218 809 74 98 76
1218 412 92 97 97
721 1489 36 53 39
721 1628 14 32 28
721 1421 56 62 62
1489 742 84 92 91
722 930 67 83 76
1154 1409 51 81 55
1154 299 52 88 78
1154 1319 54 62 59
1154 1073 65 72 65
725 1294 59 73 66
725 0 82 88 85
1294 1231 65 85 83
1294 70 91 92 91
726 699 72 85 81
726 1481 44 100 46
1481 1314 38 86 46
1481 1351 64 74 66
727 1437 79 85 81
727 113 83 91 89
1008 494 43 44 43
1008 1069 30 63 51
1008 1250 43 68 66
730 1512 28 58 31
730 1464 48 70 63
730 278 48 81 51
1512 262 39 56 49
1512 1379 61 84 77
1512 162 76 97 82
1499 1494 72 95 91
1088 436 77 84 83
1088 1363 77 83 83
1088 430 51 72 59
1088 1535 12 34 26
1088 1197 67 85 71
1088 882 15 49 18
754 1253 31 62 54
953 785 92 98 93
1011 96 65 98 72
736 1458 20 90 56
1458 1535 16 90 45
737 848 30 69 69
737 646 10 37 32
737 1488 20 32 32
737 528 52 70 62
848 143 13 34 21
1488 959 72 75 74
739 1294 23 70 37
739 509 29 83 76
739 598 32 79 59
740 1665 56 67 58
740 1125 77 91 83
1125 744 13 18 15
1125 1430 93 94 94
741 1337 58 84 84
742 1643 74 83 76
742 463 71 84 77
742 1119 92 95 92
742 918 78 79 79
742 443 44 58 44
918 1498 48 88 86
743 980 13 24 19
743 1286 35 40 38
744 1238 66 75 71
744 1661 24 59 34
744 1027 75 81 76
744 1710 93 94 93
1661 1210 20 99 70
1661 416 67 100 73
1661 492 84 98 92
1661 215 33 81 64
1027 345 35 36 36
1027 885 54 80 80
1710 650 91 99 98
1710 884 27 54 32
1695 1562 65 70 66
1695 104 16 83 25
1695 392 16 71 58
746 496 59 72 64
746 873 72 75 73
873 291 14 73 67
753 1229 53 55 54
753 959 57 93 73
1504 1295 27 82 30
1589 100 73 97 77
756 1537 61 72 61
756 37 86 87 86
756 1594 48 83 53
756 1619 59 96 79
1594 1177 45 93 50
1594 340 86 98 91
1619 107 26 69 33
1139 1447 28 41 31
1139 294 93 97 95
1139 218 40 100 95
849 1252 30 40 35
849 1167 86 100 99
759 561 43 85 50
759 1142 28 76 42
759 769 67 80 73
1142 321 80 95 83
769 207 75 92 91
769 407 38 89 87
763 817 81 84 82
817 7 64 73 73
817 566 12 30 28
817 365 84 99 94
764 74 75 85 75
1687 1431 14 23 20
1687 587 26 64 37
1687 1205 53 89 86
1722 1437 24 44 25
1722 1624 65 98 92
770 119 57 67 61
770 63 84 98 88
771 1243 41 89 48
771 1018 17 54 17
771 423 19 87 79
771 1534 21 74 61
771 1620 88 92 90
1243 607 15 90 85
1243 602 88 97 93
1534 1643 58 63 60
1534 773 72 88 72
1620 1394 73 96 86
1620 1062 36 54 46
1140 1739 47 79 66
1140 512 12 55 24
1140 1686 63 96 81
1140 636 90 98 97
915 475 60 67 62
774 116 31 58 50
774 1468 30 99 95
774 848 55 60 55
774 31 34 71 61
774 513 29 88 86
774 944 78 91 89
774 1063 30 68 39
1369 1560 82 87 84
859 1326 10 100 88
859 1369 44 75 58
777 168 53 66 62
777 618 72 73 72
1082 670 42 63 46
780 427 61 95 92
781 843 71 91 78
843 1009 41 95 84
782 790 23 75 68
783 574 19 54 23
783 119 88 98 90
784 1482 56 88 68
1061 80 92 98 92
1061 199 28 82 50
1650 1373 48 54 50
1650 710 27 32 32
786 958 84 93 93
786 67 12 46 33
786 55 14 36 21
958 1006 13 15 14
958 1720 88 89 89
958 377 65 86 83
1408 1489 92 93 92
1408 1426 82 85 84
1444 264 91 96 95
792 1478 65 82 78
1478 1293 95 97 96
1478 521 84 94 93
1478 1240 39 70 46
796 1475 60 64 64
796 105 40 82 77
796 740 93 97 97
796 1716 64 67 64
1716 600 95 97 95
1716 775 21 27 25
1716 1098 55 93 93
1660 1369 12 94 16
1660 1148 16 90 36
798 772 39 50 45
798 280 66 96 95
798 493 16 95 35
798 1667 77 93 86
801 370 71 97 74
801 1328 24 66 55
801 1423 64 68 64
1423 1546 79 94 80
1423 634 49 53 50
1423 874 84 85 84
804 269 57 60 60
804 407 13 39 24
804 1608 81 98 91
806 780 39 50 45
806 1620 32 39 33
806 1128 20 96 75
806 562 93 99 96
1128 1580 95 100 96
1128 422 46 89 69
1128 486 81 95 82
810 1267 82 85 84
812 1230 18 62 29
812 724 30 98 42
813 980 35 82 79
813 403 55 69 62
813 442 49 67 49
1150 521 45 87 56
1150 683 23 30 30
1150 1331 71 77 76
815 1385 87 99 88
815 320 54 64 54
815 1376 72 99 98
889 1174 36 61 54
818 351 14 43 30
824 1493 54 68 65
1493 281 70 92 76
1493 1075 50 61 60
1493 1637 63 84 71
830 1723 61 89 77
830 541 10 60 30
827 1668 47 65 63
827 1315 85 95 87
827 1121 31 93 80
1668 557 58 77 77
1668 261 78 95 91
1315 218 23 51 47
1315 1641 44 55 47
1315 422 85 94 88
1315 1208 16 79 26
828 1309 27 30 30
829 834 55 62 58
834 950 26 93 59
834 658 82 91 91
1723 611 43 67 48
1723 1217 57 89 66
832 1523 11 56 18
832 112 47 91 58
832 1021 46 99 82
1021 672 11 12 12
1021 1490 41 94 47
840 20 42 69 68
840 1204 77 95 94
840 1234 44 78 53
840 383 79 99 84
1234 754 21 60 46
1009 1353 30 93 78
1009 895 74 80 80
1167 1322 78 84 79
1167 345 92 97 94
1167 1161 66 93 91
1645 406 40 78 78
1248 87 83 99 99
851 1402 33 79 76
851 197 69 78 71
1420 1623 54 81 77
1420 1115 13 54 17
1420 1017 68 91 71
857 92 75 81 75
857 1130 68 80 70
857 754 35 47 38
861 1252 85 94 91
861 549 40 90 84
863 1599 43 49 45
863 1188 83 97 87
863 1329 49 92 90
1188 1395 94 100 95
1188 1487 84 99 97
1329 1317 77 97 80
1586 555 38 99 45
1586 349 10 93 36
866 1484 60 94 76
1484 741 33 57 43
867 1537 79 84 81
867 1318 47 98 77
867 1420 57 71 66
1551 95 53 55 54
1316 1333 55 79 69
1316 1236 71 77 73
874 1304 47 97 93
869 575 85 93 88
870 1721 33 99 84
870 868 37 72 70
1516 919 61 62 62
1516 51 30 65 61
1516 1395 86 89 89
876 640 47 76 63
1024 1007 41 51 47
879 271 63 65 63
879 254 32 55 54
879 625 91 100 97
880 1367 33 55 38
935 796 58 68 67
935 1189 62 90 86
935 301 64 69 68
935 1252 58 96 71
885 874 92 94 94
886 1605 61 83 75
886 1204 61 66 64
886 873 44 51 48
1592 311 20 95 57
1592 376 72 83 74
1174 1127 66 90 73
1174 153 10 84 23
890 1597 33 97 58
893 1724 10 77 47
893 609 46 73 61
1724 1003 22 63 63
1724 924 86 95 92
1724 615 56 78 57
898 544 49 93 83
898 383 19 38 32
902 302 45 60 49
903 1164 62 99 88
903 523 74 78 74
903 713 87 89 89
904 486 86 98 93
904 1276 69 96 70
905 477 40 64 43
1613 1226 41 51 51
1613 513 23 49 41
1642 208 14 69 25
1642 192 65 80 68
1642 170 54 93 75
910 1116 92 96 93
911 522 15 56 32
911 499 78 97 97
912 537 65 83 82
912 1691 62 98 84
1013 815 40 51 46
1013 868 21 43 35
1092 1498 48 67 58
1092 296 27 37 33
1092 1621 12 38 24
919 400 28 59 59
919 224 14 42 22
920 1097 41 63 45
920 529 90 97 94
1097 300 32 35 32
1097 928 28 61 29
1097 295 65 76 71
921 1690 28 55 28
922 1552 28 93 78
922 1492 83 96 88
922 1258 34 59 50
922 743 88 90 88
922 24 71 82 78
922 396 69 83 72
1552 1342 38 96 77
1552 992 51 58 57
1322 818 52 95 60
1322 429 30 99 59
966 1613 25 88 37
926 936 47 53 53
926 473 29 72 59
926 736 43 97 66
936 1163 59 79 68
1046 581 76 94 89
1046 841 94 96 94
1462 958 15 75 35
1462 1334 33 70 58
929 1673 82 86 86
929 1093 64 66 64
1397 1401 74 92 90
1435 1463 51 72 56
1435 1642 86 98 86
1435 1042 24 31 25
1051 436 77 91 83
1051 870 61 73 71
1051 244 26 41 37
1051 441 40 98 75
1051 1523 76 80 80
1108 607 56 78 78
1108 1575 80 91 83
1108 1476 45 51 45
939 1422 85 86 86
939 1224 10 40 20
939 1516 95 97 95
1224 1333 14 44 43
1224 5 66 68 67
940 1383 46 99 52
940 24 76 89 83
1559 1016 37 63 54
1559 1737 33 34 33
949 1105 67 76 74
951 963 75 100 89
951 1256 17 64 45
951 669 28 53 28
1719 957 82 88 82
1719 768 87 99 90
1719 1253 47 94 47
1396 1691 78 89 82
1396 586 26 64 37
1006 1576 73 91 78
960 688 20 55 24
961 1261 85 99 99
962 910 22 94 75
962 965 24 99 28
965 311 88 92 89
965 1381 25 51 36
965 646 31 37 36
965 1234 68 83 79
965 1219 87 100 91
964 1338 32 90 39
964 917 95 97 97
964 868 32 60 57
1338 881 22 48 32
1338 1187 17 42 23
1219 1026 58 72 59
1219 1401 67 86 73
1219 1164 30 58 33
967 126 79 81 79
967 82 89 92 92
967 1235 57 92 62
968 1404 63 98 71
968 807 93 96 94
970 808 31 89 86
1190 1218 75 84 79
1190 1465 53 66 66
1698 255 14 95 47
1698 1506 69 78 71
1698 1199 44 52 52
974 246 61 88 74
974 789 50 95 52
976 1181 88 94 93
976 365 28 55 55
976 1142 60 76 62
976 1647 19 54 30
976 1338 95 96 95
1400 1136 89 94 91
1400 377 29 95 57
1400 1556 11 68 23
1400 1240 64 92 80
1400 1016 95 100 99
1400 563 90 98 92
1671 629 38 44 41
1671 177 63 71 70
1211 1149 73 84 75
1211 113 41 96 92
1211 970 67 91 70
982 1667 79 100 82
1287 897 10 87 55
1287 396 70 74 71
986 1202 95 97 97
986 115 82 99 82
1202 704 93 96 93
1202 806 81 100 94
1202 1111 39 59 39
988 1656 90 98 98
988 1643 84 93 84
1656 1652 33 97 88
1656 1173 91 96 92
1656 228 55 62 59
1656 447 18 26 25
989 1614 86 100 94
989 475 12 87 29
991 1282 17 34 21
1282 554 94 100 96
992 628 39 85 39
992 1508 13 39 34
992 1237 92 99 98
1237 1375 46 62 53
1237 1129 85 86 86
995 497 71 77 74
996 1073 16 34 30
1384 912 21 86 73
1657 1157 43 51 51
1003 928 10 42 20
1003 1684 84 96 89
1003 3 52 70 57
1684 0 15 56 53
1684 1084 12 25 24
1684 15 31 53 52
1069 1151 13 26 18
1069 1532 58 61 59
1010 858 73 78 78
1010 1004 44 62 48
1010 413 37 57 52
1014 491 88 96 91
1020 75 51 60 52
1020 1171 16 92 87
1490 477 16 51 43
1023 1397 87 88 87
1026 487 59 86 86
1700 496 67 71 67
1034 607 42 56 50
1034 456 62 91 71
1034 1085 33 61 53
1034 712 51 98 51
1085 1218 33 59 41
1085 177 47 51 47
1085 1020 31 97 88
1085 1715 81 94 89
1085 992 56 67 63
1085 594 28 94 54
1580 1219 91 95 91
1580 1443 83 93 83
1037 927 25 85 45
1038 1236 29 37 31
1038 1643 15 52 28
1039 786 61 68 63
1039 975 21 86 69
1041 117 81 85 81
1041 1688 62 79 62
1041 1695 74 89 83
1041 745 58 87 71
1688 1312 89 97 91
1043 1282 50 53 51
1043 1425 65 92 70
1044 1322 16 78 68
1047 94 73 80 76
1047 65 34 44 44
1047 1600 70 95 81
1600 1343 85 87 87
1600 1169 67 88 69
1048 200 72 73 73
1048 1173 89 99 95
1168 468 21 75 60
1168 478 32 53 50
1054 1338 90 97 92
1067 1574 12 37 33
1067 861 17 54 23
1067 193 63 82 78
1067 347 55 70 63
1068 289 42 54 50
1151 700 24 65 27
1222 1346 79 86 83
1222 1479 53 77 58
1222 641 17 46 22
1079 923 49 81 57
1079 140 27 93 86
1588 888 31 65 37
1588 632 82 88 87
1081 162 43 97 43
1081 976 45 81 69
1081 1727 23 42 31
1083 792 78 88 82
1084 1195 81 90 84
1084 223 35 76 71
1084 43 25 96 69
1195 1073 38 80 46
1195 15 25 58 28
1195 499 16 32 31
1086 1115 53 70 60
1087 1155 19 30 28
1087 1048 89 94 94
1087 1013 95 98 98
1090 1644 59 63 62
1090 491 71 84 73
1644 536 20 29 25
1644 544 40 41 40
1621 1297 13 40 33
1621 1428 77 100 79
1621 106 42 54 50
1621 66 72 74 74
1100 1230 30 98 98
1100 1646 52 65 56
1113 402 13 24 17
1122 947 55 85 77
1123 1467 25 99 46
1123 39 38 98 97
1123 1223 13 34 28
1223 287 27 82 28
1124 62 36 69 64
1135 1476 76 85 79
1135 724 48 51 51
1135 488 39 51 48
1447 925 63 74 65
1447 1228 34 89 62
1739 571 79 87 86
1739 209 41 51 45
1739 1144 85 88 88
1739 1462 13 19 16
1686 1564 70 78 72
1686 1001 37 85 59
1686 1403 60 73 69
1144 558 16 42 37
1144 1242 64 85 79
1145 440 95 96 96
1145 1287 81 91 84
1145 690 68 86 73
1583 828 61 63 63
1583 1022 88 92 90
1152 164 74 94 85
1152 471 24 60 49
1156 1678 42 82 47
1156 425 36 42 37
1156 123 34 91 43
1159 1539 19 53 29
1159 57 55 89 82
1166 1707 42 63 62
1662 1128 17 26 23
1662 882 60 100 97
1662 620 78 89 88
1662 1691 16 24 23
1216 415 26 51 49
1216 1319 34 46 43
1216 1464 31 62 44
1180 919 34 79 66
1187 276 73 97 94
1187 1423 68 77 73
1395 1501 16 92 24
1395 226 90 91 90
1487 1617 49 65 56
1487 678 36 62 59
1487 1130 33 37 35
1524 1724 45 54 47
1524 183 42 59 53
1524 1007 37 39 37
1524 253 11 58 39
1191 970 93 97 95
1191 1697 89 95 93
1191 400 46 90 82
1194 287 43 93 45
1198 1135 66 77 72
1201 901 12 87 43
1205 1185 17 46 28
1210 1136 86 94 93
1210 1690 22 52 23
1210 1469 41 42 41
1469 768 80 100 92
1215 1304 71 100 83
1217 57 63 64 63
1401 882 40 69 42
1401 648 51 98 94
1401 948 22 33 23
1346 207 11 99 18
1346 504 45 93 77
1479 625 22 23 22
1479 69 47 50 47
1225 643 85 95 92
1225 513 66 77 69
1225 1124 59 85 77
1225 452 35 39 39
1225 1512 66 91 78
1228 1650 51 81 78
1228 464 17 34 32
1231 859 34 38 36
1231 190 74 84 82
1231 768 37 64 50
1232 720 71 72 72
1232 569 26 67 55
1604 271 23 89 47
1604 1101 91 95 91
1239 538 44 94 73
1239 92 87 91 89
1239 1031 45 49 47
1239 553 39 49 40
1239 1100 18 54 18
1247 917 67 70 70
1247 384 75 94 77
1255 384 91 92 92
1677 587 70 74 74
1677 806 81 96 95
1257 1239 77 99 94
1260 1695 45 91 86
1260 1624 46 65 51
1263 1692 64 70 70
1265 1241 60 64 63
1265 806 41 83 82
1265 765 62 88 74
1270 856 78 89 80
1270 256 15 71 55
1271 327 89 100 95
1271 311 78 93 82
1271 943 70 95 90
1271 752 50 93 84
1272 996 47 91 50
1272 1093 35 94 43
1272 1320 45 55 54
1272 1041 70 88 87
1273 1718 93 97 93
1273 687 25 39 30
1273 1318 62 86 86
1718 1673 49 53 49
1718 1347 66 87 71
1277 1723 71 85 73
1278 358 68 79 72
1284 1208 22 100 27
1284 699 85 94 89
1306 1091 48 86 80
1306 1538 82 86 86
1306 1624 89 96 96
1584 747 89 97 93
1584 1571 74 89 82
1584 638 76 96 86
1584 1653 67 86 69
1380 488 68 90 69
1380 882 63 87 78
1380 135 58 98 60
1291 1443 62 70 66
1291 524 84 95 84
1443 1014 42 43 42
1443 300 91 99 95
1443 1590 15 54 38
1443 1193 22 69 38
1443 1425 28 79 29
1292 873 82 84 84
1365 1267 57 89 61
1365 1668 32 63 41
1365 774 67 96 71
1365 1366 42 74 74
1365 158 37 54 42
1298 377 71 72 71
1298 1570 50 65 65
1298 1513 84 99 96
1298 111 66 75 74
1298 73 12 84 84
1298 106 45 51 48
1299 405 82 91 88
1299 1320 19 72 49
1299 1102 76 83 83
1300 161 40 69 46
1300 1629 29 96 58
1629 609 24 37 30
1302 1429 15 41 27
1302 1161 50 82 52
1302 29 26 49 40
1302 1080 50 97 52
1694 956 67 77 70
1694 1123 63 85 81
1694 1113 20 38 35
1694 1304 37 48 45
1694 273 72 98 81
1311 701 11 79 61
1311 76 69 90 79
1311 979 62 75 73
1312 1383 20 100 73
1312 140 11 90 74
1312 1246 66 84 83
1317 785 95 98 98
1317 471 80 95 92
1323 523 14 17 16
1324 1305 10 67 20
1324 727 34 41 37
1324 1080 17 88 77
1325 1153 63 86 76
1325 1286 31 52 36
1630 23 32 60 55
1630 1086 30 75 39
1630 832 62 88 87
1634 723 31 94 74
1634 98 90 95 94
1344 332 77 93 89
1344 782 46 73 56
1348 483 37 55 48
1349 988 93 95 94
1351 131 63 92 76
1352 1091 56 100 91
1352 1331 51 53 53
1581 28 91 100 98
1581 895 54 86 69
1356 802 66 77 72
1356 309 19 70 70
1356 739 73 99 87
1357 861 51 89 71
1358 843 88 96 90
1360 1562 72 89 89
1517 19 78 83 78
1560 718 13 87 86
1560 1353 12 13 12
1560 581 80 88 83
1370 1192 88 95 93
1374 1598 83 87 83
1374 82 11 39 14
1374 1033 76 84 84
1374 259 26 43 29
1598 866 24 60 26
1598 317 39 44 44
1379 1199 83 87 86
1379 1195 45 71 51
1382 296 68 88 84
1382 1480 85 88 86
1388 1738 58 68 68
1388 1535 10 55 45
1390 323 79 82 79
1393 830 61 97 83
1394 889 28 74 72
1556 531 57 63 59
1556 1649 81 98 94
1426 772 87 91 89
1426 1682 28 45 40
1426 948 23 80 77
1412 907 68 86 70
1414 1356 37 79 53
1414 333 28 39 34
1415 933 37 100 57
1416 445 95 97 97
1623 467 56 76 59
1623 1460 18 25 23
1623 1646 13 36 22
1546 1707 82 91 83
1682 1430 32 37 33
1494 520 63 76 75
1494 1481 54 88 83
1431 80 31 36 36
1431 808 27 58 39
1431 1632 65 94 85
1433 1364 52 63 58
1433 1663 92 94 94
1436 991 29 40 36
1436 265 78 86 86
1436 1311 80 86 84
1436 669 44 62 54
1436 59 72 95 85
1436 220 22 90 51
1436 765 28 49 36
1438 1252 59 76 71
1442 258 75 87 83
1442 1337 17 99 86
1446 927 55 95 77
1449 1696 69 70 70
1449 880 53 92 84
1696 465 51 93 56
1696 1187 93 96 94
1450 304 41 83 83
1450 658 47 84 78
1450 539 44 92 72
1450 98 14 51 43
1466 260 81 95 83
1466 1352 74 78 75
1474 271 26 94 41
1474 256 66 73 68
1477 1143 16 22 20
1477 829 66 73 73
1485 1285 45 93 75
1491 1373 57 83 60
1491 305 76 77 76
1491 471 62 70 65
1491 1032 33 79 63
1496 1545 25 78 73
1496 1034 86 92 90
1496 1459 88 91 88
1497 117 79 94 91
1497 1158 75 94 78
1503 1523 51 96 51
1506 973 78 96 79
1506 171 58 60 60
1510 1063 93 98 97
1510 705 92 99 95
1510 1520 64 77 77
1607 1220 77 91 77
1521 1461 48 99 58
1521 1601 82 88 86
1526 1171 62 67 62
1526 1669 70 71 71
1554 711 25 51 27
1554 1153 26 83 76
1528 1122 45 76 50
1528 1184 17 82 57
1531 981 89 92 92
1536 1682 95 96 95
1536 1324 54 57 55
1550 1120 14 36 22
1550 358 80 83 82
1555 371 79 85 84
1555 144 57 64 59
1555 452 39 62 51
1555 69 67 68 67
1649 1107 71 96 91
1557 576 35 89 77
1558 1425 14 95 77
1558 1716 22 90 45
1558 590 16 28 24
1558 1463 80 97 81
1563 446 26 30 29
1563 995 42 56 54
1569 272 11 70 62
1569 10 10 30 14
1578 725 71 74 71
1579 235 53 61 59
1579 327 55 67 60
1579 1655 40 85 57
1579 1312 54 93 80
1579 1303 94 96 94
1609 1399 27 93 53
1609 986 56 99 69
1609 230 22 42 26
1609 152 30 34 33
1610 1548 30 32 30
1610 721 92 96 95
1610 1514 14 58 46
1610 391 27 43 31
1610 1337 93 99 95
1611 1242 42 86 82
1611 1734 90 95 95
1734 1396 42 63 42
1622 100 44 73 49
1622 26 20 36 28
1631 1281 46 50 46
1631 869 61 91 72
1639 1325 62 68 65
1640 315 24 35 26
1651 711 12 39 14
1654 772 10 85 14
1658 3 36 44 40
1659 1299 10 33 31
1659 1639 84 100 91
1674 1240 10 90 70
1674 534 74 95 86
1674 320 64 81 75
1676 191 69 72 72
1676 61 41 48 42
1683 6 74 75 75
1683 679 69 86 77
1683 335 92 97 95
1683 1104 48 100 80
1699 335 80 86 85
1699 206 38 50 45
1701 1229 66 85 74
1702 42 77 95 87
1703 601 56 74 60
1703 1428 20 33 30
1708 1587 50 83 50
1708 517 32 37 32
1708 1239 29 90 87
1713 1131 78 95 93
1714 1703 14 79 20
1714 406 32 36 35
1725 1208 68 95 78
1729 948 16 73 72
1729 1247 72 89 84
0 1740
