91 293
0 90 35 57 40
0 87 92 98 95
0 39 24 77 60
0 49 79 89 80
0 68 92 97 94
90 11 35 62 59
90 65 67 70 67
90 24 54 62 58
90 51 53 87 85
87 75 74 94 80
87 24 46 80 77
39 20 69 79 78
39 88 81 98 88
49 33 58 82 58
68 40 51 83 81
68 65 74 77 77
68 45 65 87 76
1 79 83 86 83
1 15 34 92 53
1 43 39 49 41
1 55 78 90 78
79 0 33 51 35
15 42 12 34 24
15 32 59 65 61
15 63 68 89 85
43 69 17 55 53
43 21 20 98 97
43 4 43 83 60
43 19 13 96 33
43 13 38 86 71
55 65 10 65 28
55 80 91 100 96
55 31 36 45 38
55 50 79 87 80
2 68 65 88 78
2 0 61 78 67
2 1 85 89 85
3 19 14 59 34
3 62 37 41 40
3 18 17 53 17
19 82 43 67 57
19 57 66 88 69
19 8 69 100 100
62 38 56 100 98
62 34 74 93 93
62 82 92 96 95
18 60 72 87 74
18 43 30 75 56
18 76 90 94 94
4 78 58 91 67
78 28 39 81 57
78 31 51 94 81
5 72 82 83 82
5 60 74 75 75
5 37 68 99 75
5 12 28 77 71
5 42 52 76 71
5 2 24 97 76
5 17 80 87 80
72 80 51 93 84
72 52 39 92 54
72 44 48 88 59
60 47 22 96 24
60 40 54 95 82
60 69 81 91 83
37 45 19 46 25
37 90 16 33 23
37 54 14 88 18
37 0 54 87 77
12 29 88 97 96
12 81 14 33 23
12 23 18 49 45
12 43 94 96 96
42 0 26 59 40
17 59 57 97 60
17 6 82 92 83
6 61 34 84 72
6 21 15 94 23
6 34 70 92 82
6 11 86 87 87
61 47 69 73 72
61 63 21 57 51
61 54 61 85 81
61 30 93 96 93
61 8 77 91 80
21 10 58 87 65
21 90 27 40 28
34 53 58 81 78
34 23 34 62 56
34 61 39 45 43
11 36 61 95 74
8 63 60 86 68
8 65 15 35 32
63 5 90 98 98
63 80 14 86 77
63 11 17 27 21
63 86 78 79 78
63 79 93 94 94
65 57 28 75 43
65 51 21 98 96
65 10 28 45 36
65 61 79 83 82
65 43 76 84 77
65 78 44 61 57
9 28 59 70 66
9 80 29 33 29
9 89 34 98 86
9 41 75 78 77
9 17 12 40 26
9 59 41 50 41
28 38 63 71 71
80 11 67 70 70
80 4 44 100 59
89 75 52 80 69
89 56 95 100 100
89 1 58 100 68
41 10 60 89 64
41 52 58 86 78
41 60 44 78 48
41 69 74 89 81
59 5 49 74 64
59 90 10 11 11
59 25 64 93 66
59 3 13 58 57
59 47 95 97 97
59 88 34 47 37
59 33 82 87 84
59 20 18 95 84
10 21 44 74 50
10 53 39 89 49
10 30 70 92 71
53 18 43 88 69
53 43 87 99 92
53 17 23 34 23
30 78 43 93 69
30 5 74 86 83
30 82 52 92 66
36 0 15 83 82
36 80 73 93 76
29 2 72 78 75
29 61 62 84 79
29 23 48 93 85
29 55 81 83 83
81 55 12 56 31
81 66 81 93 83
23 70 65 91 76
23 2 88 99 99
23 74 49 81 66
23 86 47 75 66
23 20 61 78 71
13 60 39 83 68
13 75 58 70 62
13 12 14 41 39
75 42 65 71 65
75 86 20 42 33
75 55 82 99 88
14 36 64 83 69
32 47 31 55 36
32 31 41 62 59
16 42 23 67 58
16 82 72 78 72
16 77 65 90 70
16 85 15 69 66
82 17 68 78 68
82 26 44 68 49
82 90 10 58 57
77 60 29 36 34
77 57 53 80 80
85 33 24 54 39
76 0 13 23 16
76 8 62 99 67
76 72 41 65 59
76 59 13 75 63
76 81 58 73 70
76 10 20 35 24
57 52 71 81 79
57 80 31 50 35
57 23 19 94 70
57 59 53 100 62
57 46 64 88 82
20 46 47 90 62
20 4 85 96 85
22 2 21 23 22
22 78 85 96 93
22 20 80 92 80
22 4 17 73 32
70 50 30 33 30
70 56 49 57 54
70 90 51 74 61
74 60 69 90 88
74 55 29 61 37
74 64 33 38 33
86 7 62 68 65
86 37 58 72 62
24 21 94 98 97
25 42 28 40 36
25 7 31 74 47
25 70 60 77 67
25 77 90 99 95
26 9 58 79 71
27 52 93 95 93
27 65 42 90 47
27 41 54 65 57
27 31 53 74 66
27 89 26 40 36
27 71 49 63 61
52 65 50 89 71
52 19 11 26 15
52 22 61 67 66
52 50 78 93 79
52 27 86 92 92
52 33 77 79 78
52 39 57 97 97
31 67 95 98 95
31 38 40 48 41
71 23 33 96 93
71 28 48 90 50
71 30 35 43 40
71 52 65 83 80
71 4 11 25 22
71 40 94 96 94
47 55 31 67 62
47 25 80 96 80
33 77 82 93 83
33 69 26 68 45
69 13 55 98 87
69 62 56 64 57
69 53 69 74 70
69 75 34 53 42
69 81 57 99 74
69 29 32 96 37
35 24 22 86 46
35 21 50 61 54
35 23 44 95 74
35 74 24 83 42
35 22 55 66 62
45 50 37 39 37
45 82 67 77 72
45 8 48 52 48
45 0 82 100 93
54 33 87 94 91
54 81 72 93 84
54 5 84 85 85
88 31 82 98 85
88 60 40 42 40
88 84 60 76 68
88 76 61 91 85
88 48 74 96 74
40 60 32 49 48
40 43 44 45 44
40 4 51 75 53
40 34 25 96 96
40 83 88 98 95
40 44 54 86 68
40 76 93 97 94
83 75 14 90 68
83 27 59 86 59
83 11 10 69 57
44 81 62 73 71
44 82 42 95 53
44 31 22 87 30
44 25 52 84 67
44 90 79 92 81
50 16 22 30 26
50 37 25 72 53
50 48 78 90 89
50 59 82 94 89
50 70 31 47 41
48 46 47 69 67
48 14 87 92 88
48 15 67 76 74
48 36 21 31 21
48 45 50 77 70
51 35 80 89 86
51 68 41 100 97
51 25 44 45 45
51 10 75 77 77
56 89 37 58 39
58 76 42 79 53
64 60 25 47 47
64 67 73 99 81
64 11 12 99 82
64 41 67 73 73
66 61 80 96 80
66 18 15 96 28
66 5 90 95 92
73 26 67 77 69
73 42 63 87 70
73 15 33 56 42
84 33 33 53 33
84 81 84 85 85
84 63 27 61 54
84 38 90 96 95
0 90
