287 906
0 63 48 88 73
63 30 79 93 89
63 14 31 44 38
63 211 47 52 47
1 125 66 89 71
1 16 24 73 73
1 251 92 94 94
125 115 23 88 41
125 130 86 98 98
125 8 35 87 62
125 195 41 99 50
125 64 33 56 46
16 36 32 36 34
16 121 58 89 67
16 62 56 63 57
16 212 20 25 23
16 117 70 74 72
251 269 10 56 38
251 254 25 64 57
251 256 56 75 74
251 14 39 53 49
251 271 88 96 91
251 264 83 96 87
251 244 39 100 46
2 28 87 98 98
2 61 87 88 88
28 182 68 86 82
28 77 32 83 68
28 127 37 76 58
28 243 34 78 42
28 248 92 99 92
61 219 56 73 56
61 57 23 91 38
61 1 74 87 78
3 274 40 90 51
3 6 77 87 80
3 15 43 55 55
3 208 60 77 60
3 176 55 98 83
274 144 64 71 64
274 130 21 81 30
274 155 10 13 13
274 138 21 77 76
6 267 34 46 36
6 247 82 93 85
6 278 54 72 72
6 198 36 98 72
6 130 52 58 55
15 53 12 27 24
208 204 58 98 90
208 268 24 83 56
176 243 73 77 73
176 153 10 15 15
176 16 72 87 73
176 226 62 85 76
176 277 61 85 78
4 66 70 84 72
4 141 44 70 64
4 203 30 63 47
4 235 89 90 89
4 39 89 96 92
4 183 40 71 63
4 161 56 66 60
4 276 30 51 47
66 110 62 81 73
66 263 86 99 96
66 201 60 61 61
66 0 12 92 26
141 39 75 78 78
141 284 44 82 72
141 212 42 60 60
141 276 85 92 92
203 214 79 96 90
203 61 67 86 78
235 281 93 98 95
235 92 36 45 45
235 184 94 95 95
235 20 88 99 99
235 50 24 60 59
39 198 23 29 29
39 279 93 98 97
39 247 54 83 81
39 101 33 60 43
39 13 35 94 93
39 225 25 92 76
39 113 34 92 64
39 36 90 99 96
183 286 53 89 81
183 184 28 99 40
183 9 63 89 76
183 153 62 66 63
161 242 30 59 33
161 99 71 75 72
161 249 78 93 83
161 70 32 84 64
161 25 26 84 60
276 187 54 70 66
276 218 36 54 47
5 224 82 97 85
5 185 32 44 35
224 96 58 81 65
224 272 20 75 54
224 160 45 78 57
224 228 58 74 70
224 58 88 94 88
224 22 47 77 74
185 107 37 59 46
185 139 56 69 57
185 285 29 54 41
185 66 30 62 60
185 242 51 91 73
185 230 64 90 75
267 168 37 46 42
247 162 10 94 15
247 113 47 67 53
247 124 80 82 80
278 174 39 72 63
278 11 68 73 70
278 52 33 60 46
198 242 19 60 39
198 153 12 42 41
198 186 25 52 26
130 123 13 89 21
130 275 11 14 12
130 19 89 92 91
7 252 21 28 25
7 27 61 87 84
7 64 65 77 76
7 61 24 44 34
7 151 95 97 97
252 98 70 98 81
252 135 17 36 22
252 88 90 99 95
252 52 33 59 42
252 100 17 82 59
27 170 94 99 95
27 285 82 96 82
27 59 89 93 93
64 63 66 90 76
64 20 48 53 52
64 242 25 53 43
151 130 40 58 57
151 32 26 76 49
151 8 56 92 62
151 248 57 80 61
9 19 78 95 84
9 96 84 94 87
9 258 23 83 59
9 277 28 29 28
19 119 41 82 41
19 150 53 62 57
19 118 13 67 33
19 66 75 91 89
96 218 39 91 85
96 260 59 70 63
96 197 91 99 94
96 25 51 90 86
96 39 89 96 94
96 28 82 96 85
258 17 24 72 37
277 81 85 92 85
277 62 51 70 56
10 75 65 80 76
10 175 79 98 96
10 220 25 70 61
75 72 93 96 96
75 6 16 46 40
75 230 48 100 50
175 164 50 70 67
175 277 70 90 82
175 21 10 46 33
175 79 16 98 60
175 8 45 67 63
220 29 20 71 41
220 206 86 98 90
220 126 77 82 81
220 82 70 90 90
11 82 13 92 30
11 85 71 79 78
11 209 82 100 89
82 115 92 100 99
82 119 66 81 77
82 138 49 57 52
85 271 83 88 88
85 27 92 97 94
85 194 40 92 42
85 94 37 77 53
85 46 29 63 31
85 173 21 88 22
209 281 31 57 42
209 59 72 87 80
12 130 66 92 83
12 237 50 55 55
12 226 78 99 78
237 84 92 100 100
237 52 54 91 72
237 223 54 93 69
237 14 10 86 32
226 129 20 71 35
226 34 33 55 34
226 72 43 65 54
226 205 23 28 25
13 136 82 90 88
13 112 40 45 41
13 134 16 87 46
13 23 95 100 95
136 68 57 83 80
136 61 33 80 52
136 188 22 36 24
136 273 85 91 90
112 143 56 96 67
112 122 74 77 76
112 214 82 90 84
112 101 28 87 85
134 272 53 81 66
134 248 73 78 74
23 40 25 49 39
23 116 44 81 51
14 122 51 73 54
14 92 68 80 70
122 108 14 77 27
122 218 37 99 45
122 37 55 84 73
92 30 56 87 79
92 114 14 93 64
53 148 37 44 39
53 225 57 67 66
53 122 69 91 71
53 221 61 78 75
36 1 13 74 71
121 62 35 41 39
121 129 11 55 14
121 29 93 97 94
62 216 34 50 42
117 272 14 73 57
117 182 69 79 73
117 7 84 98 91
17 281 15 17 17
281 63 32 44 41
281 221 43 95 69
281 149 90 93 90
281 209 57 87 62
18 249 22 95 69
18 211 85 89 85
249 235 55 96 64
249 42 49 64 53
249 210 27 56 52
249 45 38 51 42
249 135 58 90 68
211 246 63 86 76
211 252 70 82 71
119 116 63 94 84
119 227 22 96 95
119 49 62 75 71
150 2 24 35 34
150 241 60 71 69
150 278 35 50 48
118 216 38 58 48
118 51 25 72 53
118 7 75 79 76
118 100 55 71 65
20 215 13 23 14
20 71 50 70 50
215 147 11 88 56
215 71 44 56 46
21 148 79 82 81
21 23 75 79 76
21 32 59 80 79
148 162 93 94 93
32 197 49 69 54
32 244 25 72 60
32 191 34 43 40
22 61 69 85 69
22 89 94 97 95
89 159 44 79 59
89 162 44 74 61
89 128 64 86 73
89 286 34 57 36
89 20 79 91 81
89 155 25 86 48
89 64 85 98 85
89 35 47 59 50
40 144 85 87 86
40 193 33 48 42
116 80 65 67 65
116 0 58 60 60
116 75 36 38 37
116 242 62 77 74
116 127 93 94 94
24 47 49 50 49
24 75 84 93 91
24 168 81 97 83
24 223 17 31 17
24 282 49 57 57
24 90 80 83 83
47 142 71 88 88
47 50 74 88 83
47 280 11 50 14
47 102 48 58 53
168 179 43 74 58
168 255 62 81 71
168 30 71 76 73
168 103 88 100 88
223 224 91 98 96
223 118 40 95 80
223 179 63 94 66
223 46 87 89 88
223 181 41 68 53
282 20 24 69 33
282 51 86 88 87
90 9 76 84 83
90 101 39 63 45
90 227 29 100 46
25 252 77 90 88
25 285 26 80 53
25 147 75 95 78
25 244 41 72 43
285 242 38 44 41
285 262 53 89 84
285 219 15 38 28
285 49 33 55 44
147 238 95 97 96
147 213 55 85 55
147 92 40 73 55
147 162 26 91 68
147 94 42 94 91
244 30 64 85 81
244 144 58 66 58
244 119 61 83 73
244 258 18 24 24
244 162 45 57 54
244 232 65 79 69
26 188 44 74 44
26 261 61 70 64
188 269 20 58 24
261 152 42 84 68
261 96 50 63 50
261 49 14 23 23
170 13 51 71 58
170 105 87 91 90
170 104 24 34 29
170 102 66 87 75
59 255 13 24 14
59 161 89 96 93
182 42 19 57 50
182 217 93 96 95
182 100 31 33 31
182 141 34 35 34
182 117 22 86 61
182 131 79 89 79
77 222 39 95 83
77 228 81 92 86
77 257 40 72 43
127 28 69 85 73
127 32 23 89 88
127 116 25 99 31
127 12 72 98 76
243 53 63 96 86
243 181 73 78 76
248 39 75 77 75
248 163 59 80 75
29 253 70 89 79
29 51 45 86 60
29 146 55 72 59
29 144 45 63 54
253 155 84 99 84
253 240 46 48 48
253 62 50 72 51
51 250 61 98 77
51 146 55 93 55
146 169 84 85 85
146 30 76 100 82
144 154 86 92 87
144 96 17 72 68
144 150 74 80 78
144 73 38 99 89
30 102 53 80 56
30 202 39 83 60
30 232 37 46 45
30 270 52 92 53
102 169 70 95 76
102 19 57 95 94
102 100 36 52 39
202 46 24 28 24
202 6 27 58 44
202 59 14 55 47
232 117 63 72 72
232 81 35 61 45
232 192 93 98 97
232 106 89 93 92
232 205 12 61 42
232 85 78 96 93
232 46 30 91 71
232 216 41 74 70
232 277 88 95 93
232 28 89 98 96
270 97 26 61 41
270 64 67 91 89
270 44 85 90 90
270 34 88 92 88
31 234 94 100 94
31 212 85 89 85
31 25 53 74 68
234 235 18 75 57
234 125 54 100 56
197 53 22 46 43
197 66 33 53 39
197 80 60 87 76
197 124 49 69 62
191 182 25 42 37
191 25 23 59 58
191 50 47 94 58
191 177 28 72 28
191 104 12 54 40
33 227 18 59 55
33 83 35 81 78
83 181 70 88 77
83 68 58 63 60
34 87 88 91 90
34 278 91 100 92
34 95 27 80 66
34 131 48 63 54
34 172 52 91 63
87 149 63 72 64
87 97 21 26 21
87 286 38 50 50
95 129 56 57 57
95 4 15 76 15
95 73 53 60 55
131 5 33 84 62
131 209 38 63 62
172 136 51 81 53
172 236 14 56 42
172 284 26 67 32
172 73 45 51 48
172 174 71 79 78
172 53 31 48 42
35 50 70 81 78
35 226 50 86 70
35 31 69 94 92
35 6 95 100 97
50 41 87 100 96
50 195 69 94 82
37 4 27 88 76
38 261 20 24 24
38 265 70 100 78
265 54 74 77 75
265 244 71 93 76
265 111 51 77 59
265 205 86 100 88
279 224 89 97 92
279 102 40 60 56
279 48 47 89 73
101 239 57 68 59
101 268 72 78 75
225 82 47 78 65
225 115 87 88 87
225 59 91 93 92
225 216 66 92 68
113 34 49 80 58
193 264 62 96 72
193 30 62 96 93
193 179 86 92 86
193 103 35 53 38
193 131 93 96 93
41 187 28 96 70
41 229 75 81 81
41 31 29 38 33
187 245 71 86 78
187 3 67 79 79
187 122 32 67 49
229 213 13 60 20
43 23 23 54 28
43 279 35 49 48
43 178 95 100 95
178 145 74 81 80
44 47 53 89 73
44 232 56 72 71
44 45 80 94 89
44 117 88 93 88
44 144 51 64 51
45 161 50 79 72
46 165 71 99 92
46 8 45 78 64
165 102 43 75 74
165 244 76 78 77
165 159 49 60 60
165 283 20 69 41
165 217 53 92 71
142 104 56 80 64
142 69 10 78 26
142 189 55 82 68
142 13 90 94 94
142 114 92 98 98
280 243 53 75 69
280 282 18 45 22
48 250 80 98 85
48 19 57 94 92
48 271 89 100 93
250 128 46 85 77
250 17 62 75 67
271 87 88 98 89
49 208 12 93 87
49 282 22 58 52
49 239 54 68 63
49 92 19 84 40
49 130 90 96 93
49 203 54 89 63
239 54 29 77 64
239 183 62 81 65
195 204 12 13 12
195 20 48 59 53
52 221 36 43 41
52 49 86 88 86
52 259 35 94 47
52 175 51 55 53
52 88 22 34 22
221 194 35 71 47
221 67 80 99 92
259 169 38 65 59
259 270 67 88 69
259 216 14 46 22
259 7 50 53 53
259 179 42 43 42
259 273 20 59 58
259 230 62 80 69
88 210 56 96 79
88 174 34 57 50
88 213 63 98 63
88 133 25 96 69
54 52 47 81 49
55 76 57 62 61
55 41 38 51 49
55 260 93 100 100
55 70 51 88 65
76 112 45 51 47
76 203 94 95 95
260 159 67 68 68
70 1 50 83 80
70 225 84 90 89
70 193 72 89 80
70 136 17 97 33
56 73 57 74 61
56 46 37 68 60
73 39 45 55 48
73 273 16 44 31
57 273 35 47 42
273 159 41 48 42
273 274 67 74 70
273 30 12 62 51
273 192 36 40 36
58 32 47 58 55
58 159 23 85 72
58 103 71 78 78
58 251 50 75 59
159 249 75 100 93
159 272 78 97 84
159 254 51 70 62
159 114 33 80 68
103 252 85 95 89
103 124 11 21 16
103 274 94 97 95
255 95 10 92 13
255 132 65 75 69
255 188 68 89 82
255 88 66 70 67
60 259 15 79 71
60 136 13 29 26
60 239 20 45 32
60 175 72 81 76
219 193 19 63 45
219 194 80 99 90
219 9 77 81 79
219 2 54 100 78
216 94 45 63 63
242 87 12 90 87
242 129 17 74 23
242 93 59 77 73
65 45 86 97 96
65 139 39 41 39
139 191 17 84 71
139 276 36 62 37
139 279 54 92 64
139 155 56 94 74
139 231 36 54 48
110 125 24 28 26
110 266 73 99 89
110 65 77 96 79
110 210 34 45 42
110 104 68 72 68
110 260 44 46 45
263 29 59 98 89
263 202 67 87 77
201 88 15 91 19
201 162 40 70 58
67 9 18 97 86
67 127 30 32 31
68 9 93 97 93
68 262 38 55 51
68 157 65 93 75
68 225 65 85 70
68 66 29 82 38
157 70 18 73 60
157 13 93 94 93
157 183 93 100 93
157 276 81 83 83
157 163 71 77 74
69 103 36 49 48
69 45 57 59 58
69 270 41 78 47
69 217 28 72 61
217 139 10 69 56
217 10 38 61 40
217 269 61 96 91
217 35 52 65 60
72 267 31 52 40
74 240 85 93 93
74 178 33 69 52
240 114 28 65 62
240 232 87 91 89
240 280 90 94 94
230 163 48 89 69
230 244 41 72 56
230 198 35 54 37
230 135 28 53 35
230 248 18 77 27
222 275 27 94 88
222 260 62 81 81
222 74 16 26 22
222 99 63 97 65
228 185 24 36 24
228 254 31 100 84
228 145 44 68 49
228 45 42 90 45
228 212 42 49 48
228 155 80 84 81
78 135 70 89 89
78 274 26 87 52
135 151 47 60 50
135 264 78 97 89
79 144 31 68 32
79 11 69 99 98
80 209 73 91 85
80 273 89 95 89
81 225 28 90 55
115 240 62 81 73
115 140 41 93 69
115 41 86 100 94
115 3 87 97 88
115 144 55 71 68
138 24 65 74 65
138 144 58 63 63
138 136 63 90 73
138 62 51 93 65
181 237 47 96 88
181 69 93 99 98
181 234 24 31 31
181 179 65 97 74
181 95 77 80 77
84 215 20 91 40
84 65 35 57 55
84 174 86 99 94
84 144 82 83 83
174 85 66 81 71
194 131 90 99 95
194 199 22 91 72
194 218 33 37 37
173 118 36 47 42
173 94 52 67 67
173 258 25 45 43
86 249 78 81 81
86 180 12 23 17
180 122 12 18 17
149 192 26 62 50
149 2 62 74 68
149 228 89 97 97
149 269 66 78 69
149 205 17 40 28
97 211 86 93 87
97 31 89 99 99
286 69 26 29 27
286 29 27 80 33
210 258 89 92 91
210 272 37 67 57
213 26 77 80 77
213 78 95 99 97
213 38 38 79 46
213 143 48 75 69
213 30 74 75 74
133 6 43 77 45
133 134 76 91 78
162 139 81 82 82
162 239 76 84 82
162 221 46 77 66
128 131 82 88 84
128 265 13 36 16
155 280 20 95 64
155 108 43 75 69
91 153 24 58 56
91 218 68 69 68
91 139 91 97 97
91 163 43 94 76
91 238 25 78 46
153 52 37 88 78
153 140 65 92 86
153 95 56 75 65
218 188 90 100 95
218 223 47 51 51
163 253 19 50 22
163 197 47 67 67
163 116 11 17 17
238 105 21 96 85
238 265 65 85 66
238 73 42 54 45
238 279 75 98 96
238 108 25 43 26
238 1 82 87 84
114 271 69 100 89
114 249 18 69 30
93 217 71 100 100
93 59 29 46 30
129 56 66 73 66
129 266 51 85 55
98 67 16 52 35
98 220 89 90 90
98 108 70 84 81
108 5 93 100 96
99 130 73 94 79
99 23 42 61 52
99 35 70 74 71
100 255 68 95 69
100 91 22 63 28
100 0 51 53 51
100 209 19 94 84
100 247 91 98 97
100 94 26 94 94
100 159 49 81 61
100 183 67 91 89
100 78 29 92 64
100 118 83 84 84
268 256 73 76 76
169 171 20 83 58
169 39 22 81 41
169 43 95 98 95
124 178 24 92 79
124 191 36 50 44
124 134 55 80 69
124 0 24 75 32
104 281 39 51 51
104 278 61 67 64
104 56 78 95 78
105 244 54 84 73
105 94 23 38 26
105 98 51 82 58
105 195 47 71 58
106 50 42 48 43
106 207 50 89 86
106 155 10 84 48
106 36 12 70 70
207 37 54 57 55
207 278 31 92 48
207 162 82 85 84
207 270 89 98 90
207 87 24 65 38
107 90 35 100 51
107 12 41 67 63
107 284 48 84 60
107 220 68 77 72
284 200 87 97 90
284 254 76 81 78
284 88 19 54 38
284 49 71 73 71
109 199 31 44 36
109 70 32 60 37
109 259 81 93 84
199 104 71 80 75
266 168 65 93 85
266 1 70 86 70
266 40 60 70 69
266 62 92 95 95
266 30 23 57 34
266 88 37 64 52
111 104 23 72 71
111 279 82 93 93
111 262 83 95 87
111 64 46 79 71
111 223 86 90 87
111 24 24 96 86
143 15 50 95 72
214 20 20 89 60
214 70 59 83 79
272 285 16 32 16
272 133 20 59 22
272 130 85 87 85
272 14 80 92 84
120 41 22 84 31
120 90 70 92 85
120 268 41 51 41
120 28 64 89 64
123 143 32 93 44
123 216 81 91 87
123 100 37 38 37
123 39 21 50 23
126 17 14 54 31
126 230 58 65 60
126 74 89 98 95
132 190 87 99 90
190 252 37 43 41
190 114 46 85 84
190 145 56 88 69
264 188 69 100 80
264 110 66 83 70
264 267 64 76 76
137 223 45 95 54
137 136 94 97 97
137 213 71 89 75
137 106 70 93 79
231 15 89 99 98
231 10 66 87 86
231 185 85 94 86
231 97 46 51 47
189 222 86 96 94
189 84 84 95 90
189 219 50 81 80
154 153 60 74 61
145 198 68 87 84
145 76 29 89 63
145 29 32 59 52
145 242 43 91 63
145 189 66 97 70
192 98 60 61 60
192 224 78 96 88
192 26 55 79 65
269 143 33 57 57
205 200 29 74 46
205 195 74 75 74
205 234 65 93 77
205 74 44 61 56
205 235 32 78 54
241 159 70 98 93
241 90 87 89 87
241 13 68 83 79
152 74 37 49 37
152 60 68 87 80
152 89 39 60 57
152 71 45 65 50
152 155 79 91 83
156 151 32 65 32
156 233 36 54 49
156 169 41 47 46
156 214 67 95 75
233 16 22 89 68
233 95 67 82 75
158 50 90 99 98
158 220 16 61 29
158 274 95 96 96
254 286 50 67 65
254 234 29 82 59
160 201 35 70 60
160 281 63 70 67
164 6 42 51 43
164 179 10 43 11
164 1 43 59 54
179 162 71 99 97
283 5 62 71 70
283 50 71 75 72
283 196 10 79 30
166 63 89 93 89
166 71 41 85 70
166 177 58 74 60
177 69 30 77 48
177 241 49 63 62
177 38 31 72 62
177 286 48 95 87
167 119 89 97 95
167 156 27 34 29
167 12 73 74 74
171 204 39 90 42
171 283 94 98 96
171 260 65 70 70
171 10 14 79 14
171 35 88 95 89
204 286 76 93 91
204 90 64 99 66
236 30 70 78 74
236 66 80 93 84
236 194 58 74 61
184 158 61 66 63
186 12 58 95 65
186 286 28 100 90
186 165 37 68 60
245 87 18 65 24
245 9 94 98 96
245 264 68 97 75
245 204 73 76 73
200 92 51 56 51
200 67 65 73 65
200 222 48 95 60
200 8 21 79 42
246 67 95 100 98
246 27 54 95 73
246 147 22 60 37
246 111 83 97 83
246 18 30 91 49
256 217 37 95 80
256 278 47 75 49
0 286
