726 2142
0 356 67 73 70
0 678 54 72 65
0 493 68 87 86
356 299 67 72 67
356 288 27 100 99
356 367 64 76 67
356 157 89 91 90
356 626 33 34 33
356 378 68 89 80
356 104 91 98 95
678 590 38 90 47
678 55 87 100 96
678 26 45 72 52
678 341 91 96 92
493 571 22 46 29
493 455 58 83 75
1 49 74 87 79
1 388 57 75 69
1 197 58 74 71
49 407 44 74 53
49 415 26 63 46
49 305 54 77 62
49 636 52 69 65
49 660 24 38 31
49 473 90 94 93
388 667 93 100 99
388 171 25 29 28
388 505 32 66 51
197 37 32 89 42
197 491 58 87 67
197 451 25 80 41
197 340 40 46 40
197 508 90 100 100
2 559 58 60 60
2 483 20 47 33
559 452 64 82 68
483 103 80 86 85
483 490 43 64 63
483 362 54 64 63
483 676 81 95 88
3 396 37 62 46
3 120 41 99 91
3 175 10 30 22
3 432 39 65 41
396 238 80 91 85
396 592 47 94 55
396 74 37 91 57
396 153 16 31 28
120 342 88 94 94
120 453 34 37 36
120 60 22 23 22
175 554 35 75 75
175 370 13 45 21
175 668 52 72 68
432 654 82 96 85
432 83 40 71 55
4 39 28 96 43
4 560 48 73 55
4 82 19 28 24
4 148 52 60 58
39 376 10 79 36
39 421 35 82 35
39 156 83 92 90
39 157 34 49 43
39 253 27 32 32
39 413 62 87 66
39 276 35 80 54
560 497 79 88 85
560 54 10 91 86
560 298 11 22 21
560 714 67 74 67
560 247 92 99 99
82 287 88 90 89
82 459 80 85 80
148 628 28 61 57
5 601 27 51 35
601 118 52 96 56
601 567 55 62 56
601 207 86 94 94
601 482 74 76 75
6 508 42 50 45
6 191 93 96 95
508 288 60 86 60
508 138 83 94 94
508 305 90 94 91
191 383 41 80 46
191 358 46 73 61
7 550 79 87 86
7 283 29 31 30
7 135 20 80 42
7 84 55 74 72
7 677 64 79 67
550 111 69 75 69
283 692 73 88 79
283 69 12 20 19
283 93 31 36 36
283 534 10 96 57
283 327 19 87 28
283 465 52 75 59
135 349 22 49 44
135 463 15 27 17
135 49 69 92 83
135 96 72 87 85
135 641 60 98 71
84 423 82 89 89
84 176 81 83 82
84 639 11 47 36
677 307 92 95 95
677 565 36 97 63
677 134 27 77 33
677 116 57 69 68
677 642 68 91 82
8 687 78 89 84
8 498 14 45 42
8 444 71 84 71
8 456 23 82 80
8 370 89 90 89
687 172 58 76 69
687 137 89 97 89
687 227 47 88 63
687 368 39 82 81
687 411 39 72 47
498 159 92 99 99
498 347 44 69 49
498 715 52 82 54
498 503 83 100 89
498 375 14 31 17
444 208 82 93 85
444 84 23 69 57
444 601 13 52 20
444 89 27 98 75
444 646 81 92 83
444 117 47 82 65
444 0 44 52 52
456 85 40 48 42
456 183 93 97 93
456 572 10 67 53
370 322 80 99 82
370 236 85 91 86
9 221 94 99 98
9 355 31 76 62
221 129 32 34 32
221 353 21 79 59
355 274 95 96 95
10 406 93 97 93
10 211 37 55 48
406 35 64 86 71
211 6 73 79 75
211 438 77 94 91
11 248 79 99 85
11 449 94 98 98
11 313 68 73 71
11 192 85 89 88
248 281 76 100 92
248 364 51 84 58
248 183 38 57 48
449 18 56 95 58
313 147 73 77 76
313 454 11 98 92
313 210 27 40 36
192 74 86 89 88
192 685 37 77 55
12 408 72 74 72
12 633 41 86 80
12 184 25 95 62
408 686 11 84 57
408 396 73 90 89
408 280 32 57 57
408 631 64 99 72
633 701 68 70 70
633 547 34 55 53
633 134 38 93 67
633 577 25 80 42
184 43 86 99 87
184 648 82 94 90
14 327 76 86 77
14 297 27 61 35
14 619 50 52 50
327 66 74 83 78
327 197 56 58 57
297 526 12 85 23
297 535 93 95 93
297 505 54 61 61
297 478 60 83 64
297 725 21 33 26
297 405 85 93 90
619 376 34 90 71
619 295 85 99 90
619 294 58 96 66
619 370 37 57 37
15 514 46 57 55
15 709 29 88 59
15 165 67 74 71
514 109 47 87 67
709 138 22 88 74
709 548 30 55 43
165 273 14 22 14
165 235 70 76 70
165 457 33 71 63
165 76 89 91 89
165 272 13 44 37
16 380 85 88 86
16 456 72 92 73
17 5 30 85 50
17 2 95 98 96
17 325 58 59 58
17 295 53 54 54
325 498 46 89 58
325 155 18 73 39
325 66 51 99 65
295 361 92 96 92
295 702 75 97 79
295 341 59 69 67
18 29 68 70 70
18 483 75 80 79
18 119 92 95 94
18 317 22 58 31
29 646 54 98 58
29 333 90 97 95
29 526 21 68 43
29 672 47 51 51
119 700 38 98 47
119 80 88 98 88
119 517 33 46 42
317 659 43 75 69
19 194 70 73 71
19 409 16 74 56
19 215 54 80 72
194 34 45 51 48
194 429 30 69 49
194 198 61 67 65
215 113 67 93 71
20 99 82 100 99
20 130 81 96 88
20 724 87 94 93
99 453 66 85 71
99 219 39 95 73
99 279 13 36 31
99 452 52 69 67
99 284 61 72 64
130 373 94 100 99
724 718 35 37 36
21 581 15 34 18
21 272 45 72 64
21 10 90 91 91
581 364 35 54 39
581 234 49 88 64
581 193 30 84 32
581 321 27 37 29
581 345 26 78 31
581 557 42 63 60
272 646 63 87 71
22 711 58 88 62
22 373 61 85 70
22 378 59 67 62
711 33 85 98 92
373 614 85 86 86
373 167 94 96 94
373 0 59 90 86
373 661 50 68 54
378 606 44 100 52
378 683 46 65 61
378 572 33 36 33
23 518 86 96 91
518 625 83 98 86
518 216 19 66 53
518 465 16 94 25
518 628 52 100 83
24 501 44 48 45
24 602 24 57 31
501 493 64 65 65
501 213 73 79 74
501 611 23 74 61
501 243 14 94 24
602 589 70 98 93
602 650 30 61 52
25 535 90 94 90
25 2 56 86 62
25 85 75 78 78
25 609 87 89 88
25 657 89 97 96
25 651 89 97 94
535 150 67 84 81
535 445 66 87 69
535 491 47 72 69
85 242 39 94 56
85 448 55 77 61
85 247 31 74 33
85 194 95 99 96
609 606 52 65 55
657 59 48 55 55
657 294 10 92 12
657 60 71 72 72
657 58 71 87 77
651 85 71 83 71
651 428 53 97 93
651 490 74 90 83
26 525 11 71 29
525 447 28 68 41
525 575 40 69 51
525 383 82 92 83
525 652 38 93 63
525 603 82 83 82
525 46 51 78 56
525 724 63 70 64
27 261 53 79 60
27 376 78 89 79
27 91 18 57 49
261 336 79 81 79
261 632 10 67 18
91 259 31 38 37
91 112 33 73 73
91 440 92 93 92
28 416 50 97 86
28 640 72 76 74
28 484 67 83 78
28 463 19 35 26
416 559 40 62 47
416 478 54 76 57
640 483 11 99 46
640 72 75 94 83
640 379 77 95 84
484 327 82 88 85
484 139 74 99 81
484 321 76 88 78
484 399 86 96 89
484 701 44 88 44
484 256 46 71 51
484 315 67 68 68
646 233 76 87 81
333 376 30 84 84
333 425 84 98 91
333 466 57 72 57
526 655 27 29 29
526 148 14 81 34
672 87 20 27 23
672 329 46 72 49
672 421 69 80 77
672 417 93 99 95
30 245 15 37 18
30 122 76 98 80
30 387 25 32 26
245 283 12 80 63
245 2 49 70 56
122 603 41 44 41
122 482 60 100 97
122 103 59 61 60
387 696 16 47 30
387 177 86 90 89
387 190 17 83 29
31 527 68 76 72
527 149 83 91 88
527 254 85 95 95
527 434 72 84 75
527 201 78 79 78
527 329 57 77 67
527 546 87 96 90
32 357 34 65 44
357 584 57 91 57
357 671 88 100 98
357 561 31 58 32
357 156 32 40 33
357 118 92 100 99
33 711 58 100 83
33 218 42 71 45
33 104 24 100 25
33 86 85 89 87
218 556 51 99 80
218 139 59 82 81
218 714 67 98 78
104 21 90 100 90
104 606 79 80 80
104 296 28 54 50
86 570 41 73 65
34 321 76 87 86
34 450 24 27 26
34 23 69 74 71
321 166 68 84 80
321 545 38 57 46
321 9 19 32 22
321 535 76 99 93
450 414 71 95 91
450 578 67 82 77
450 100 72 91 77
450 540 80 87 85
35 288 14 65 61
35 671 84 98 97
35 653 14 46 27
35 480 57 84 78
35 500 83 96 86
671 135 33 70 56
671 94 76 94 86
653 73 36 79 71
653 198 30 53 51
653 388 10 91 77
480 596 16 62 21
480 110 42 73 73
480 7 82 93 82
500 486 70 98 90
500 177 22 66 58
500 672 23 56 24
36 33 70 86 81
36 517 90 91 90
36 289 94 97 94
36 373 43 61 59
36 433 69 86 79
517 309 47 71 47
433 302 64 66 64
433 310 93 95 93
433 388 63 94 66
37 75 49 81 59
37 357 80 94 88
37 336 71 97 94
37 445 21 33 31
37 548 88 89 89
75 14 49 72 59
75 335 42 56 53
75 307 48 77 54
75 369 88 95 92
336 257 29 68 40
336 161 22 30 28
336 714 75 97 80
445 283 74 95 80
445 623 80 81 80
445 585 66 67 67
445 650 44 63 61
445 285 25 43 31
445 310 88 90 90
445 663 44 76 65
548 35 85 98 93
548 445 80 82 82
548 664 24 54 51
38 204 54 63 57
38 161 89 94 93
204 579 39 67 49
204 30 65 68 68
204 56 30 98 82
204 639 52 80 73
161 34 62 90 70
161 227 90 94 94
161 338 47 49 47
161 523 18 76 38
161 51 28 66 28
421 219 15 89 27
421 186 82 83 82
421 715 86 97 92
421 315 68 82 78
421 248 94 100 95
156 282 13 94 61
156 626 80 82 80
156 376 46 68 59
156 613 67 95 77
156 635 58 89 71
156 113 71 75 72
157 403 15 17 15
157 338 47 78 76
157 693 86 96 94
157 345 13 92 38
253 616 40 71 71
253 515 53 58 54
253 5 93 100 97
413 143 40 72 43
413 202 73 82 78
276 615 21 81 73
276 51 67 89 76
276 652 31 76 53
276 243 18 21 20
40 272 84 93 88
40 631 91 98 92
40 98 59 84 67
40 668 72 97 88
40 661 55 88 75
631 436 41 93 76
668 430 60 71 71
661 601 43 98 87
661 80 45 70 64
41 608 39 46 40
41 419 13 74 74
41 452 72 75 72
41 515 31 82 63
41 155 57 73 57
41 509 41 83 66
419 248 93 97 93
419 113 50 52 52
419 425 80 100 98
419 238 79 86 81
452 588 63 67 67
452 13 39 88 46
452 518 30 44 37
452 158 34 82 38
515 98 46 75 50
515 123 47 87 47
515 699 73 96 79
515 622 11 17 16
155 658 92 94 93
155 560 51 71 51
509 647 23 47 38
509 151 76 79 77
509 5 72 82 73
509 33 49 53 51
509 53 49 79 75
42 274 91 96 96
42 477 70 73 72
42 594 48 65 51
42 607 65 68 66
274 93 23 96 74
274 357 64 74 74
274 525 13 73 32
274 73 49 97 74
274 307 85 91 90
477 615 65 81 65
477 700 64 72 65
594 211 22 67 29
594 548 43 48 47
607 639 72 90 89
43 16 37 100 59
43 651 49 85 81
43 239 46 49 47
43 667 50 79 56
239 399 52 79 66
667 478 78 100 97
667 306 48 67 62
667 594 26 37 35
667 499 60 83 82
667 495 17 63 60
44 270 79 89 86
44 5 13 74 45
44 635 54 80 72
270 11 25 79 30
270 706 72 92 88
270 187 17 35 21
635 93 71 82 74
635 171 78 98 98
635 457 46 61 46
635 618 73 87 83
635 107 57 72 70
635 279 73 82 82
45 301 66 87 80
45 21 61 71 63
45 497 92 97 95
45 244 21 76 37
301 115 22 49 45
497 610 82 97 91
497 632 80 87 80
244 108 68 95 93
244 143 59 79 77
46 191 36 41 38
46 523 51 79 77
46 490 34 62 52
523 446 76 77 76
523 473 93 98 96
523 151 91 97 96
490 199 14 46 26
490 160 80 89 80
490 467 89 96 94
490 316 65 78 75
490 383 60 74 63
47 482 70 96 91
47 382 62 98 62
47 461 74 97 84
482 271 41 62 46
382 175 20 39 22
382 516 42 85 54
461 558 31 61 44
461 164 15 77 77
461 214 15 68 19
461 547 15 76 40
48 643 62 73 62
643 249 80 93 80
643 112 86 97 91
643 566 41 55 53
643 719 69 87 80
407 633 14 15 14
407 694 28 32 32
407 505 25 50 32
407 461 78 97 93
415 432 57 83 69
415 475 88 97 88
305 492 80 97 97
305 294 45 73 67
305 322 76 86 77
636 346 51 98 80
636 275 24 86 74
636 581 38 98 38
636 481 83 91 90
636 646 88 90 89
636 705 15 37 34
660 694 76 81 77
660 344 13 80 33
660 96 31 74 39
660 106 79 89 86
473 322 91 95 93
473 396 33 83 52
473 718 30 33 30
473 586 85 96 87
473 439 58 85 85
473 409 43 72 70
50 662 22 39 29
50 144 92 98 98
662 501 11 58 20
662 396 22 38 29
662 660 36 68 55
662 470 11 81 40
662 202 58 87 60
662 508 75 87 77
662 48 40 55 52
144 625 76 81 81
144 452 49 80 80
51 102 31 34 33
51 347 15 30 17
102 302 43 62 58
347 653 85 94 89
347 412 33 71 43
347 8 81 82 82
347 632 31 81 75
347 150 58 89 87
52 260 19 34 19
52 263 62 63 62
52 526 89 92 91
260 344 92 99 95
260 376 59 77 77
263 17 48 90 58
263 607 29 38 36
263 43 48 97 95
53 10 20 74 29
53 213 13 71 19
53 244 24 60 57
213 479 34 37 36
213 687 73 80 75
54 114 50 79 67
54 359 14 44 14
54 169 45 67 66
54 417 24 33 25
54 574 36 57 43
54 520 45 83 54
114 653 52 76 71
359 64 75 86 77
359 85 28 69 44
359 254 74 76 75
169 153 44 66 66
169 346 48 67 52
169 337 26 73 42
169 395 44 75 69
169 670 55 67 57
417 716 74 78 77
417 711 35 44 43
574 462 73 99 95
574 259 84 91 87
574 363 15 81 78
574 106 78 82 80
520 414 74 100 100
520 658 35 54 53
55 333 65 99 78
55 604 64 74 69
55 251 63 68 63
55 531 71 98 77
55 242 41 48 47
604 411 35 78 58
604 112 49 76 56
604 365 44 80 54
251 330 31 87 59
251 162 88 98 93
531 673 79 83 80
531 187 38 79 68
531 203 16 47 26
531 108 74 96 86
531 238 23 67 56
242 496 19 60 53
242 333 37 57 48
242 393 31 67 49
242 421 53 59 56
242 551 44 93 50
56 17 43 85 63
56 248 93 97 95
57 338 58 79 61
57 712 80 82 82
338 640 31 79 61
338 575 34 91 71
338 672 15 19 19
712 583 23 39 34
712 709 38 77 61
712 96 92 98 95
712 82 94 96 95
58 72 66 95 75
58 248 90 96 95
72 85 63 94 75
72 538 42 59 47
59 556 53 83 79
59 228 78 80 79
59 183 95 96 96
59 335 58 79 69
556 591 79 81 79
556 323 38 75 61
556 79 10 63 62
556 547 37 45 39
228 568 47 54 47
183 459 77 93 81
183 211 69 73 71
183 74 35 66 55
335 672 21 24 21
335 671 93 95 93
335 724 42 93 90
60 719 58 80 78
60 166 63 64 64
60 558 49 74 58
60 256 52 68 58
719 197 16 66 28
719 33 85 86 85
558 684 79 98 87
558 118 43 63 43
256 505 67 85 71
256 373 93 100 99
256 464 81 93 92
256 255 71 90 83
256 625 53 54 53
61 607 23 77 52
61 26 95 97 97
61 658 51 86 77
658 401 36 55 48
658 150 79 92 88
658 458 78 87 84
658 405 67 97 77
658 286 63 98 64
62 330 52 87 71
330 504 14 84 46
330 696 24 63 39
330 493 33 36 34
330 463 56 73 72
330 479 52 75 75
63 665 39 88 80
665 308 86 95 87
665 106 64 81 75
665 680 94 96 95
665 183 69 84 81
64 524 63 85 72
524 149 23 98 24
524 280 17 85 63
524 538 62 65 62
524 494 87 90 89
66 381 91 98 96
66 278 91 99 91
66 721 16 24 22
66 380 45 82 68
66 296 11 90 50
381 601 19 26 21
381 220 92 95 94
381 397 51 86 69
278 657 11 27 16
278 220 61 89 63
278 686 62 99 96
278 172 45 59 47
721 350 19 22 19
296 231 54 81 62
296 306 42 69 64
296 486 71 89 87
296 552 52 76 65
67 710 21 54 23
710 637 94 98 96
710 697 47 74 68
68 206 90 94 93
206 693 75 96 94
69 412 26 85 84
69 45 10 77 21
69 710 16 77 26
69 547 93 96 94
69 65 67 87 75
69 650 86 95 93
412 625 76 83 79
412 722 43 81 75
412 24 49 55 52
412 301 60 75 65
412 627 12 48 42
547 529 23 54 45
547 714 76 88 77
547 277 71 72 71
547 43 61 86 70
547 247 16 36 30
650 538 43 86 45
650 467 21 95 74
70 389 95 100 97
70 56 68 69 69
70 533 13 50 34
389 198 56 58 57
389 361 76 95 87
389 710 88 97 97
533 673 93 96 95
533 555 31 58 52
533 684 87 94 94
533 355 69 84 75
71 515 22 87 47
71 488 40 73 59
71 132 84 100 92
71 384 87 93 87
488 617 13 43 18
488 633 57 60 57
488 556 85 100 96
488 410 18 98 20
132 193 82 89 88
132 89 27 95 69
132 221 63 86 67
132 493 41 76 70
384 709 32 35 34
384 354 17 35 19
384 468 32 78 44
384 634 43 47 46
538 587 47 93 55
73 335 23 49 28
73 247 89 97 97
247 487 16 47 31
247 354 95 98 96
247 305 51 61 60
74 614 23 39 29
614 606 74 85 76
614 126 83 98 83
614 460 73 92 84
614 62 92 94 94
307 723 43 95 69
307 170 38 77 58
307 304 39 90 87
369 285 38 91 38
76 142 42 80 73
76 33 14 41 24
76 43 55 83 58
142 351 28 88 72
142 452 27 80 76
142 64 25 74 38
77 438 33 52 38
77 424 40 51 41
438 20 56 61 59
438 98 12 78 59
438 707 86 94 90
424 376 94 95 94
424 135 42 72 67
78 580 57 80 66
78 587 54 63 55
78 49 11 54 52
78 701 77 87 86
78 244 57 75 68
580 34 11 73 24
580 214 52 59 59
580 61 42 53 44
580 255 53 73 73
587 353 86 87 87
587 516 29 84 50
587 420 61 84 84
587 45 89 97 92
701 316 49 58 50
701 397 91 97 96
701 463 47 78 51
79 263 36 100 36
79 533 25 68 26
79 699 58 100 58
79 231 90 92 90
79 193 75 82 77
79 404 61 91 68
699 288 90 99 94
699 131 44 75 47
699 630 16 33 31
699 579 30 53 47
699 518 50 96 57
231 253 85 99 93
193 541 78 87 80
193 234 80 87 87
193 215 49 85 69
193 33 67 91 90
193 512 22 48 43
404 85 45 65 54
80 102 91 98 95
80 575 78 92 89
80 581 53 58 55
80 640 66 72 71
80 264 38 81 48
575 280 23 43 31
575 245 12 26 16
575 386 37 58 58
264 100 53 86 70
264 584 30 36 30
264 111 68 86 84
264 481 16 54 23
264 482 42 57 42
81 265 32 82 33
81 472 82 86 85
81 681 92 96 92
81 37 53 98 69
81 356 57 96 66
472 447 35 71 51
472 701 16 79 38
681 34 21 99 56
681 537 59 93 78
287 229 55 56 56
287 268 78 81 80
287 46 58 98 82
287 652 46 95 47
459 488 67 99 87
423 171 41 73 48
423 458 94 95 94
423 588 19 93 20
423 251 32 67 52
176 96 81 83 81
176 500 84 95 84
448 48 87 100 92
570 150 79 93 83
570 628 49 63 63
570 337 78 91 80
570 136 48 66 56
570 261 57 65 59
87 102 31 74 59
87 226 38 86 40
226 385 42 91 74
88 579 94 99 94
88 229 41 81 55
88 694 84 98 88
88 620 87 93 93
88 312 47 53 49
88 417 75 93 82
579 106 59 92 81
579 67 67 88 73
579 272 74 91 87
579 12 68 90 88
694 91 54 93 72
694 241 63 77 73
694 327 86 92 86
694 584 78 96 81
694 149 94 98 94
694 421 32 76 68
620 586 82 91 91
620 160 51 92 56
620 550 59 74 67
620 305 19 60 39
620 604 28 92 81
89 19 60 95 95
89 241 45 79 59
89 423 17 90 26
89 640 58 66 65
90 538 36 78 50
90 215 85 96 91
259 651 15 88 87
259 498 65 100 67
259 215 95 96 95
112 181 39 92 44
112 601 77 91 83
112 631 30 59 47
92 7 55 60 56
93 583 51 97 73
93 592 63 83 76
583 717 73 81 78
583 33 36 54 41
583 533 82 87 84
583 626 37 99 75
583 294 89 92 90
592 596 29 89 31
592 82 50 98 84
94 323 54 78 68
94 662 18 95 64
94 213 33 79 73
94 333 12 68 56
94 2 91 98 94
323 268 41 97 68
323 506 80 81 80
323 50 85 88 86
95 497 53 71 64
95 148 93 98 98
95 691 69 87 85
691 26 61 64 64
691 67 46 77 70
691 623 21 41 28
691 99 37 81 47
691 306 95 98 95
691 296 58 69 63
96 710 86 90 90
96 307 32 83 72
97 368 82 99 89
97 688 80 84 82
97 179 78 96 89
97 698 89 95 93
368 242 49 97 70
368 505 50 77 52
368 491 70 78 71
688 375 89 94 91
179 595 13 20 14
179 43 80 82 81
179 272 10 74 23
179 145 59 75 64
179 707 20 61 25
179 530 53 98 77
698 275 65 85 81
698 477 63 65 63
698 248 28 51 41
453 408 91 96 96
453 644 83 84 84
219 446 10 81 75
279 711 78 99 95
279 164 68 83 72
279 206 26 61 57
279 138 13 19 14
279 216 87 89 87
284 447 46 100 62
284 83 12 28 17
100 255 44 97 50
100 483 28 89 82
100 310 18 95 88
100 506 74 75 74
255 14 17 18 18
255 383 86 89 87
255 361 83 98 96
255 337 27 85 40
310 666 84 87 86
310 699 21 28 28
506 302 34 80 76
506 297 60 69 61
506 162 89 92 91
506 336 66 71 71
506 414 36 41 41
101 81 14 90 80
302 618 33 100 98
302 99 74 81 74
302 113 73 93 92
302 610 26 59 58
103 282 91 97 94
282 620 70 91 83
282 569 42 47 47
606 646 11 42 25
606 10 76 90 76
606 270 33 48 43
606 627 17 53 30
606 119 84 100 85
105 276 33 87 52
105 36 49 88 55
105 626 47 56 56
626 612 82 83 83
106 87 16 49 19
106 15 84 85 85
107 487 91 94 92
487 416 14 35 23
487 169 31 73 59
108 174 38 61 43
108 639 86 92 87
108 579 75 76 76
108 694 52 54 53
174 467 39 72 42
174 634 30 31 30
174 404 28 85 67
109 106 24 96 83
109 349 25 50 40
109 465 89 93 93
109 471 59 62 62
109 558 10 40 23
349 628 60 72 66
349 465 18 47 34
349 13 80 92 81
349 17 26 44 29
349 128 53 94 74
465 440 92 94 92
465 227 22 52 52
471 43 14 37 29
471 420 66 73 69
110 211 20 40 22
110 231 94 99 95
111 274 84 99 96
111 420 43 69 57
111 175 85 99 96
420 280 12 59 59
181 61 52 65 59
113 501 44 83 50
113 284 31 55 33
113 466 74 84 84
113 509 64 66 65
113 507 80 85 82
466 187 84 96 86
466 408 36 69 36
466 575 62 66 66
466 203 60 70 66
466 68 63 82 69
507 125 85 87 85
507 649 81 94 85
507 137 12 24 15
507 87 33 74 39
507 605 59 85 70
115 43 83 91 87
115 248 66 98 66
115 41 17 98 48
115 150 46 70 69
150 124 88 97 91
150 115 13 20 16
150 155 35 87 84
150 95 61 77 62
116 8 85 88 85
116 538 68 70 68
116 347 22 82 63
117 0 11 12 11
118 51 20 35 33
118 88 64 82 68
118 232 39 43 42
118 270 49 100 49
232 621 85 93 86
232 658 85 88 87
342 644 27 91 83
342 425 66 87 68
342 309 52 93 85
603 516 89 91 89
603 375 28 81 53
123 566 90 94 91
123 667 41 90 43
123 86 74 80 77
566 677 90 97 97
566 675 80 91 81
124 109 56 95 65
124 570 16 26 16
125 193 89 100 95
125 549 90 91 91
549 103 22 68 43
549 464 81 93 90
549 252 64 69 69
549 11 26 63 62
549 352 33 54 54
126 248 35 44 37
126 28 87 95 91
126 465 71 91 74
126 591 15 57 50
591 194 62 64 64
127 224 18 19 18
224 286 85 89 88
128 254 94 96 95
128 240 44 86 84
254 101 11 29 28
240 174 86 100 91
240 714 24 57 54
240 128 85 96 88
240 65 26 61 31
129 317 32 62 34
129 563 57 92 90
129 140 27 29 28
129 397 43 49 47
563 336 89 94 94
563 60 44 73 66
563 6 32 58 45
563 114 77 96 84
140 526 89 100 100
397 358 13 37 22
397 614 57 73 70
131 191 32 34 33
131 145 17 43 30
133 514 95 97 96
133 242 78 89 81
133 250 71 79 79
133 166 31 33 33
250 179 61 78 65
250 284 41 44 41
250 82 80 83 81
134 343 11 77 14
343 657 60 82 62
343 147 82 88 82
343 471 85 97 85
343 138 91 95 94
343 507 42 76 61
641 188 19 71 56
641 376 81 86 84
136 74 83 97 85
136 165 14 85 26
136 164 94 99 99
164 524 72 96 80
164 550 19 86 45
164 15 69 82 76
137 31 83 88 88
137 272 91 98 92
137 341 33 79 74
137 376 55 63 56
341 253 68 71 68
341 221 29 55 51
138 61 27 87 74
138 553 71 84 71
138 380 48 61 59
138 186 10 33 30
186 501 62 76 68
186 208 49 68 51
139 699 23 87 26
139 433 83 100 100
139 514 65 69 65
141 629 40 65 58
629 204 36 41 40
351 449 71 96 80
351 106 61 88 65
351 557 47 76 60
351 414 60 76 66
143 253 68 84 80
143 291 48 93 77
291 146 37 100 84
291 98 65 83 75
625 164 35 82 67
625 3 31 89 88
146 427 23 100 79
146 405 33 80 48
427 524 76 95 77
427 631 41 83 63
405 400 46 77 50
405 245 61 78 62
405 142 93 96 94
147 541 54 59 59
147 332 11 86 18
541 69 57 69 66
541 96 85 89 89
541 611 63 86 79
628 177 39 64 64
628 30 39 76 42
628 374 95 99 96
149 560 65 70 68
152 342 45 53 45
152 697 24 73 57
152 28 82 99 94
152 328 29 75 37
697 175 52 73 71
697 83 13 23 23
697 172 29 70 33
328 156 82 87 87
328 2 88 93 91
328 605 57 79 73
328 89 64 66 64
153 560 70 77 70
153 122 94 95 94
153 169 28 98 45
153 664 62 69 62
153 500 65 75 71
664 348 28 78 50
664 557 41 50 48
664 590 85 95 88
154 428 41 92 77
154 23 23 67 54
428 212 70 98 95
428 38 80 100 92
613 687 21 58 47
613 455 32 91 44
403 223 72 79 72
403 200 55 88 73
693 238 84 100 100
345 448 92 97 96
345 327 32 47 35
345 428 34 51 35
345 194 64 74 70
158 307 63 66 65
158 331 26 40 31
158 605 27 58 42
331 520 42 77 44
331 501 69 98 73
605 249 45 73 67
605 280 48 70 64
159 552 30 87 45
159 42 22 47 24
552 53 31 68 32
552 17 30 65 47
160 362 78 98 81
160 668 14 96 54
160 686 32 64 56
160 95 53 100 69
160 289 88 95 91
160 132 27 87 46
160 484 50 57 50
362 191 54 78 58
362 413 49 100 86
362 390 19 93 85
362 424 87 94 88
686 122 35 76 52
227 183 23 48 35
227 463 46 77 76
227 504 93 95 93
227 338 80 88 87
227 592 51 94 90
162 653 64 73 71
162 64 14 78 38
273 56 89 96 94
235 508 48 77 65
235 633 61 72 62
235 201 38 78 56
235 22 67 93 81
235 366 32 40 38
235 302 50 60 59
457 246 38 60 50
457 110 24 99 29
167 135 42 54 48
167 581 26 95 33
168 571 68 74 71
168 430 74 98 92
168 515 16 98 80
168 131 47 95 52
571 599 63 93 74
571 400 92 95 92
430 573 81 94 86
430 571 36 48 46
430 261 13 39 27
346 53 69 73 71
337 75 11 25 21
395 615 79 94 79
395 48 68 79 79
395 542 65 82 66
670 499 42 100 58
171 169 12 91 43
171 367 36 70 55
367 236 27 28 27
367 102 48 84 54
172 636 39 52 50
172 132 18 24 23
172 60 72 100 81
172 583 21 80 64
467 488 41 60 58
467 378 52 56 52
467 616 10 64 15
467 680 56 90 75
467 217 13 50 21
634 126 62 85 81
634 628 95 98 95
634 180 83 87 85
554 488 22 70 62
177 506 51 73 68
178 41 88 92 91
178 113 39 96 85
595 249 12 40 26
595 421 92 99 98
595 396 55 57 55
707 395 48 88 81
707 411 89 93 93
707 21 94 100 96
530 610 69 93 77
180 245 84 97 86
180 121 55 86 72
180 609 44 74 54
182 193 81 90 85
182 689 87 93 93
182 389 27 84 37
689 200 44 69 62
689 329 18 85 75
689 131 91 92 91
648 22 14 73 52
648 142 48 94 89
648 410 45 54 53
185 121 30 91 40
185 223 74 98 84
185 702 17 66 65
185 721 91 100 98
185 607 47 89 82
223 308 42 82 50
223 260 94 95 95
223 706 67 86 70
223 651 57 71 68
702 530 46 63 62
702 379 22 65 54
702 227 58 78 65
702 706 85 91 91
702 590 61 68 63
208 85 67 89 69
208 213 27 92 75
208 284 44 52 44
187 286 70 92 86
187 304 61 81 64
187 386 78 92 79
187 179 22 34 27
187 136 55 61 60
286 75 61 84 72
286 211 67 83 80
286 238 95 99 96
286 290 43 65 44
286 425 21 55 52
286 214 61 66 62
286 527 38 47 47
304 203 62 85 78
304 532 32 81 67
386 171 44 74 74
386 11 29 58 53
188 61 54 59 57
188 641 93 98 93
188 231 94 98 98
188 645 14 18 14
188 72 30 44 33
189 720 47 61 48
720 459 34 49 46
720 86 47 75 52
720 1 47 49 47
190 421 46 100 83
383 473 85 89 85
383 179 81 87 87
358 505 74 85 85
358 570 78 87 79
358 561 63 94 78
358 173 65 69 67
358 202 15 21 17
358 389 67 70 70
685 388 81 86 82
685 178 79 84 79
685 319 17 70 19
685 572 28 100 86
234 171 17 62 18
234 427 16 32 23
234 439 49 92 72
512 553 46 73 52
512 170 44 93 71
512 271 69 93 85
512 652 95 97 96
429 680 68 71 71
429 30 30 54 33
429 382 89 96 91
429 364 55 66 63
198 321 27 36 29
198 525 59 75 64
198 476 66 82 80
195 664 65 70 67
195 424 63 93 87
195 94 14 61 44
491 312 90 93 91
491 411 28 77 67
491 302 53 86 60
491 91 89 100 90
451 350 24 94 80
451 692 94 98 96
451 714 57 61 58
451 383 78 96 78
451 306 11 66 51
340 526 52 62 57
340 625 79 81 79
340 380 65 90 81
476 227 44 97 59
476 662 13 38 13
476 376 72 93 92
476 41 32 41 38
199 210 23 56 44
199 321 78 90 86
210 381 68 95 87
210 590 50 51 51
200 339 34 74 57
339 23 69 86 81
339 169 24 42 39
339 320 85 99 97
201 73 79 82 79
201 540 91 94 92
201 427 26 100 80
201 99 86 92 91
201 364 47 60 52
201 206 84 99 92
201 350 47 84 53
201 433 15 23 22
201 47 43 100 66
540 449 66 82 80
540 681 77 94 90
350 690 71 80 75
202 199 56 77 64
202 172 47 71 59
203 622 58 79 67
203 239 53 69 64
203 304 72 79 72
203 508 12 14 13
622 290 14 96 22
205 151 10 35 22
205 300 38 91 62
205 123 45 50 47
205 685 61 62 62
205 663 90 98 93
205 669 13 73 54
300 170 28 94 29
300 683 25 37 29
300 79 76 88 88
663 3 30 77 53
669 118 48 70 66
207 149 57 97 89
207 136 62 74 68
207 469 82 90 89
207 706 47 78 47
207 360 44 87 53
207 299 20 38 29
469 569 54 91 79
469 162 39 65 63
469 248 36 44 38
706 279 44 80 72
706 44 65 95 83
360 658 38 52 43
360 130 51 79 71
360 368 40 69 52
299 236 45 57 48
299 93 83 86 86
299 527 69 85 75
209 14 12 99 49
590 231 40 83 65
590 227 93 94 94
212 720 42 85 79
212 665 65 97 91
479 429 87 90 90
479 650 24 95 56
479 619 73 86 82
479 116 85 93 88
479 290 10 52 29
479 412 37 63 62
214 425 56 58 58
425 192 82 99 93
425 456 62 76 65
425 564 31 64 38
425 131 80 84 82
425 199 83 96 92
216 168 20 39 38
216 683 59 62 59
216 666 54 91 91
216 403 68 89 74
216 430 85 89 89
683 659 30 47 47
683 5 28 76 35
683 254 44 73 46
666 712 50 59 50
666 140 70 82 79
217 161 61 85 84
714 345 30 31 31
714 601 65 75 74
714 164 38 94 79
714 636 30 80 31
714 53 59 70 65
446 116 71 81 73
446 49 31 86 72
446 184 84 99 99
220 257 64 82 82
220 477 70 84 70
220 329 28 73 58
220 701 81 98 89
220 527 64 69 65
257 643 36 58 54
257 695 57 80 57
257 308 49 97 96
257 363 63 77 73
329 430 59 100 94
329 23 13 61 51
329 233 28 54 35
353 456 13 71 36
353 679 38 56 53
353 400 20 33 22
353 62 65 89 82
353 606 66 82 66
353 196 15 86 67
222 625 18 76 72
222 546 41 98 62
546 38 23 72 45
546 578 63 93 87
546 87 50 53 51
546 679 40 83 42
308 425 69 72 71
308 93 95 99 99
225 150 47 52 50
225 179 66 94 66
225 544 37 47 47
225 392 28 76 65
544 534 45 50 48
392 60 78 93 80
392 270 58 62 62
392 75 27 59 48
392 653 63 91 88
392 121 92 99 92
385 617 80 91 89
385 374 90 93 92
385 666 77 80 80
504 541 84 100 99
504 571 42 88 86
568 550 43 60 58
568 124 79 87 80
568 619 31 98 61
230 243 45 52 52
243 342 31 36 34
243 481 60 88 82
243 381 22 24 23
243 403 87 94 88
621 215 63 76 75
621 332 40 84 72
621 96 38 84 63
621 395 58 76 72
621 269 70 93 85
621 563 48 97 49
233 326 56 97 70
233 605 80 96 86
233 555 33 100 100
233 572 31 63 43
326 162 37 54 53
326 500 77 83 78
555 219 54 90 56
555 607 77 84 83
572 178 26 70 49
572 475 71 80 71
572 614 13 91 73
572 424 21 88 52
439 267 15 31 18
439 276 75 85 80
439 725 76 81 76
439 24 70 79 70
366 635 27 63 27
366 646 22 96 49
366 339 25 27 26
236 423 61 68 62
236 547 48 49 49
236 614 67 81 69
236 389 46 84 52
237 584 21 25 21
584 430 32 50 33
584 516 32 40 34
584 278 27 52 28
584 199 12 32 18
238 187 46 62 59
238 536 23 94 61
238 312 90 98 97
238 123 17 32 17
536 452 78 88 88
536 38 85 94 94
399 75 15 43 39
496 296 82 99 98
496 289 73 98 90
496 254 29 34 30
496 523 89 96 90
496 481 16 39 19
393 507 22 98 91
393 589 73 84 75
393 436 48 92 80
393 253 59 84 68
393 401 88 96 93
551 18 10 62 29
551 265 49 85 52
551 76 32 65 64
551 630 66 71 69
551 186 48 80 58
551 183 64 86 76
551 342 33 48 44
551 480 94 96 95
481 252 21 32 28
246 207 52 100 59
354 709 31 39 31
354 166 62 100 68
354 502 71 82 79
281 338 63 74 72
249 690 79 82 79
249 616 30 75 42
690 725 92 97 95
690 281 50 56 56
690 239 37 61 60
690 616 84 86 85
690 220 66 72 71
690 50 44 79 54
616 162 27 91 90
616 573 76 83 81
252 563 17 98 58
252 325 48 76 55
252 236 29 74 71
252 473 13 60 21
252 152 64 86 82
361 569 71 93 82
361 522 20 68 64
505 40 57 90 63
505 212 77 94 79
464 509 87 96 93
464 466 88 89 89
464 426 49 59 54
695 434 69 85 78
363 588 52 88 61
363 102 25 28 28
363 76 43 60 44
363 461 69 92 71
363 264 75 89 81
344 473 79 83 80
344 677 50 97 72
344 142 46 98 83
344 43 91 94 91
632 153 59 80 71
632 299 89 97 95
632 68 81 84 83
632 162 75 76 75
262 603 64 82 80
262 293 12 20 14
262 318 24 70 43
293 284 46 76 50
293 8 36 49 47
318 476 71 85 75
318 280 16 23 16
318 378 14 54 21
318 382 63 100 78
266 495 58 69 66
266 471 12 96 54
266 178 38 45 45
266 350 36 44 40
495 577 86 96 91
495 724 61 67 64
495 102 76 77 76
267 59 57 62 61
267 702 52 81 78
267 372 83 86 84
267 684 59 100 84
267 254 76 86 85
267 564 65 85 83
372 539 30 38 32
372 259 81 85 81
372 247 30 52 43
684 477 23 68 34
684 171 90 98 97
684 73 56 100 93
684 105 33 44 37
564 406 40 74 59
564 495 29 33 29
564 498 18 50 31
268 471 93 96 93
268 545 14 20 20
545 513 11 47 43
545 101 67 73 73
545 257 76 82 79
545 474 53 86 56
269 459 95 99 99
269 466 76 95 79
269 104 31 53 40
269 431 26 57 28
431 510 95 99 97
431 410 50 53 51
431 592 78 98 91
271 263 11 63 40
271 652 37 69 56
271 650 34 92 41
271 261 24 98 26
271 490 42 78 60
652 269 21 37 34
652 555 55 89 85
275 363 62 71 69
275 469 10 92 27
275 131 43 79 62
275 408 59 68 67
275 257 69 75 71
275 536 26 52 45
615 150 44 48 45
277 314 73 90 79
277 58 12 72 31
314 397 11 56 12
314 300 85 91 91
280 201 33 36 33
280 611 67 76 69
280 420 47 87 64
280 603 18 28 19
280 141 21 58 53
280 51 43 74 64
611 268 24 37 31
611 0 90 97 94
611 697 78 86 78
611 440 20 34 30
611 678 12 85 25
569 718 15 59 43
569 523 14 44 32
569 137 22 60 33
569 425 76 95 80
569 50 81 85 85
692 12 80 82 81
692 14 35 67 44
692 235 58 77 70
534 35 76 96 76
447 16 43 84 52
447 260 59 67 59
285 273 74 85 74
285 315 17 26 21
285 538 49 82 77
285 646 91 96 93
285 446 42 58 55
285 556 43 100 57
285 196 54 97 60
315 383 40 96 68
315 273 58 87 60
315 523 86 90 89
290 170 65 76 70
290 702 37 80 53
292 524 59 75 74
292 711 29 40 36
294 667 14 48 26
294 614 82 88 83
306 376 11 66 59
486 283 22 89 62
486 201 92 97 95
486 40 81 85 81
486 615 82 95 90
486 273 69 94 78
478 169 25 96 71
478 217 19 69 37
478 429 61 90 68
478 54 80 89 88
725 152 53 76 68
725 87 36 58 36
298 253 79 85 80
298 505 12 74 55
618 153 80 98 98
618 293 67 92 90
618 226 25 55 49
618 290 38 65 54
610 250 89 97 94
610 472 81 89 82
610 325 47 97 47
610 529 76 85 79
610 113 27 71 64
610 295 16 39 27
610 438 41 68 65
303 600 43 75 47
303 181 23 32 24
303 668 72 82 77
303 553 42 80 62
600 523 67 92 82
600 709 13 36 30
532 597 73 94 81
532 128 83 89 85
492 369 54 83 61
492 525 27 51 43
492 630 90 91 90
492 696 56 84 79
322 239 78 98 97
322 387 67 72 72
723 318 59 76 75
723 154 92 97 94
309 592 33 68 68
309 588 93 98 95
309 194 11 59 17
309 265 27 41 34
309 19 86 88 87
309 716 34 63 50
588 204 95 99 99
588 541 19 94 25
588 437 95 97 95
716 684 23 75 28
716 118 30 77 64
716 145 67 85 72
716 497 63 96 73
716 652 42 54 53
716 638 13 33 29
311 525 42 96 80
311 652 78 100 98
311 505 20 28 20
311 39 59 72 65
311 239 12 92 83
454 221 68 73 70
454 5 57 98 91
454 352 72 84 84
454 524 85 88 87
454 700 48 78 77
316 168 16 32 28
316 173 83 95 94
659 466 21 59 40
659 551 84 91 87
319 705 75 89 78
319 531 77 89 86
705 690 71 75 75
705 149 94 99 95
705 219 43 55 52
705 389 22 97 84
320 318 19 71 49
320 448 60 96 93
320 94 61 95 91
324 158 14 35 14
324 86 46 95 70
324 242 39 80 66
696 360 84 85 85
334 130 33 87 48
644 543 81 97 91
644 598 14 30 14
644 628 65 70 65
348 582 30 60 35
348 345 63 75 64
348 402 66 80 69
348 556 90 95 90
348 328 47 77 69
582 361 37 47 38
402 125 79 82 80
402 517 73 85 75
402 724 90 93 90
402 73 85 90 86
557 285 64 97 92
557 614 66 67 67
414 186 21 76 64
414 282 55 82 59
414 475 41 84 41
352 392 20 74 59
352 675 28 76 68
352 198 88 90 90
675 652 21 78 77
679 256 59 62 60
679 621 92 100 93
400 216 82 83 82
400 393 63 98 85
400 44 59 77 72
400 484 12 22 22
502 631 51 53 53
502 90 27 94 60
502 312 50 87 87
502 609 81 83 81
561 67 40 97 50
561 402 51 53 51
561 319 27 61 38
522 99 69 75 74
522 350 51 55 55
390 555 94 97 96
390 575 81 97 89
365 42 19 99 61
371 455 49 84 58
371 348 57 58 58
371 230 76 84 79
455 596 74 83 74
455 290 88 97 92
455 498 10 80 14
455 195 40 81 49
539 433 43 54 47
539 663 14 53 31
374 123 83 90 86
374 368 75 82 76
375 680 26 94 82
375 53 61 91 75
680 454 65 80 65
680 66 28 57 42
680 249 72 89 79
377 183 81 99 97
377 282 62 68 62
377 216 57 63 61
377 309 84 95 95
377 396 35 59 52
379 316 32 71 40
379 99 11 39 34
379 371 57 64 60
516 264 87 95 95
516 342 87 95 93
516 577 48 67 50
516 107 71 91 82
468 495 53 96 65
468 494 57 99 91
468 32 77 96 93
468 708 26 70 48
468 635 52 63 56
617 592 56 65 62
617 614 49 93 84
617 345 12 68 18
391 377 85 96 91
391 573 51 99 97
391 412 60 71 63
573 675 74 96 96
573 635 47 63 51
589 643 94 97 96
589 667 65 81 80
589 37 51 58 52
436 677 86 92 91
436 537 22 65 44
436 9 37 70 60
436 87 90 92 90
401 607 56 100 74
401 639 54 56 56
401 482 82 95 92
394 287 89 97 92
394 400 89 90 89
542 570 39 67 46
542 103 62 68 66
542 295 47 99 76
398 421 85 93 93
398 457 33 46 36
398 74 58 99 73
398 359 30 78 37
398 725 83 93 90
398 449 42 71 51
410 121 33 40 38
410 697 73 77 75
410 321 46 89 56
411 56 79 99 80
411 633 32 65 49
722 453 38 67 55
627 374 50 93 58
627 662 30 97 85
627 435 61 67 61
627 266 59 65 59
627 264 61 77 72
627 168 91 95 95
627 638 58 85 69
475 348 76 95 86
475 269 89 95 92
418 547 34 96 69
418 180 49 89 73
418 264 76 91 89
715 231 51 57 52
715 671 10 19 15
458 88 17 52 21
458 435 36 74 70
458 685 77 92 92
458 49 27 68 64
426 17 77 98 97
426 35 27 63 53
426 115 67 95 76
426 627 26 69 26
510 703 89 97 95
510 233 48 82 72
435 563 70 81 71
435 166 43 52 46
435 715 90 98 96
537 607 73 90 83
537 687 33 74 60
537 71 18 39 22
537 269 75 82 75
537 706 70 78 75
441 258 91 100 97
441 301 62 86 83
441 697 13 50 41
441 133 90 95 95
441 212 34 88 80
441 615 65 70 68
441 671 85 86 85
441 579 69 91 90
441 402 62 65 63
442 239 35 93 88
442 107 52 54 53
442 588 86 97 91
442 54 83 86 83
442 235 78 90 83
443 67 51 99 53
443 143 49 51 49
623 260 78 100 83
623 590 27 73 62
585 331 27 57 55
578 390 86 95 86
578 256 62 85 85
578 659 80 89 80
460 344 27 85 48
460 181 70 90 89
460 108 29 49 29
462 226 42 62 54
462 639 70 85 81
462 172 29 32 29
462 459 58 69 68
494 628 20 79 70
494 448 69 96 89
494 405 31 49 43
708 150 88 98 92
708 273 65 85 76
470 134 37 88 61
470 444 78 100 96
470 479 73 88 77
470 641 37 49 46
718 210 41 45 41
586 5 19 23 21
474 706 77 89 78
474 295 15 18 17
474 273 63 98 94
676 574 58 81 77
485 221 31 73 43
485 451 20 78 43
485 592 77 82 81
485 326 42 80 71
485 477 45 46 45
485 145 56 85 64
489 235 94 97 97
630 430 35 83 46
630 650 13 35 14
630 392 61 75 72
577 223 39 76 65
577 429 67 82 68
503 697 78 89 89
503 312 92 97 94
499 43 20 47 26
499 85 35 40 37
499 171 16 25 17
499 35 72 99 85
649 637 75 91 85
649 104 44 89 89
647 91 11 81 51
647 606 29 62 34
647 311 71 81 71
647 685 71 76 72
703 68 86 87 87
703 603 74 79 76
703 353 31 83 57
511 76 47 53 51
511 694 28 99 47
511 242 56 69 68
511 133 67 83 73
511 367 35 48 47
513 252 62 87 82
513 165 67 100 79
519 462 35 64 48
519 209 51 61 61
521 214 65 66 66
655 44 13 50 17
655 509 63 99 74
528 268 70 83 70
529 228 56 72 72
529 105 17 73 36
529 158 78 100 95
529 369 40 63 58
529 390 74 98 97
529 503 77 80 79
529 185 25 65 50
529 453 60 86 74
673 195 87 92 90
673 389 44 79 45
673 411 23 24 24
673 165 56 77 65
673 184 44 49 44
597 190 30 77 30
597 249 32 89 59
597 377 79 95 88
597 256 90 93 92
543 55 92 96 96
543 295 70 72 72
543 580 95 96 95
543 449 86 93 87
562 141 79 85 82
562 688 74 92 90
565 43 22 30 23
565 458 86 90 90
565 454 32 59 57
567 539 37 43 41
567 471 11 39 23
567 648 31 95 49
599 548 21 59 48
599 377 37 41 39
599 278 43 80 50
576 536 92 98 98
576 485 87 96 89
717 431 87 94 92
717 577 77 91 86
717 339 37 81 67
717 523 44 98 51
593 333 67 70 70
593 45 94 98 94
598 264 64 73 66
598 701 36 84 68
612 113 53 75 62
612 698 25 83 79
612 375 18 75 46
612 180 38 54 53
612 68 49 51 50
612 648 19 54 39
624 511 15 56 29
624 237 44 69 67
638 645 44 99 60
638 156 82 96 83
638 473 67 69 69
638 673 32 89 83
637 47 59 81 67
637 38 47 89 61
642 273 25 72 67
642 330 71 85 81
642 294 39 86 44
642 13 88 99 98
656 360 93 94 94
656 302 94 95 95
682 529 21 75 69
704 534 24 42 38
704 456 68 69 69
704 459 74 83 80
704 80 57 95 72
713 61 61 95 69
713 543 57 68 57
713 609 65 76 68
713 24 70 94 80
0 725
