86 305
0 85 73 79 73
0 53 68 86 79
85 51 51 88 81
85 59 14 68 48
85 74 33 81 80
85 31 54 77 71
85 68 86 89 86
85 10 83 95 91
85 40 65 81 78
53 42 25 73 49
1 11 40 63 60
1 85 76 89 81
1 23 50 83 52
1 65 26 62 31
1 67 16 40 22
11 37 10 66 37
11 81 43 64 52
11 54 58 81 75
23 2 29 69 38
23 19 15 32 19
23 7 38 63 59
23 48 19 39 21
23 1 94 97 97
23 45 78 87 80
65 41 59 82 65
65 29 40 45 42
65 71 55 78 71
65 78 38 79 38
65 37 90 98 90
65 52 93 97 97
65 39 89 100 91
65 82 14 92 23
67 37 12 96 70
67 60 81 90 81
67 30 56 98 62
67 13 10 44 38
67 50 47 50 49
67 55 44 62 47
67 53 17 66 66
2 20 40 90 87
2 34 35 66 66
2 52 49 69 52
2 82 23 96 74
20 82 93 97 97
34 48 93 95 94
34 4 12 97 79
34 16 46 93 90
34 7 31 98 88
34 58 51 52 52
34 43 70 87 71
52 73 17 100 42
52 5 47 61 55
52 7 89 93 90
52 65 78 90 79
52 42 94 96 95
52 23 10 46 39
82 51 25 63 42
3 2 66 73 69
3 59 52 81 81
3 15 95 97 95
59 81 92 99 97
59 32 66 78 78
59 70 51 60 53
15 80 46 69 47
15 54 16 70 66
15 41 19 26 20
15 17 64 65 64
15 32 62 92 66
4 49 78 86 81
4 7 30 93 81
49 9 66 82 79
49 12 32 65 49
49 70 85 88 85
49 55 62 92 92
7 67 14 46 31
5 62 44 74 47
5 3 60 70 66
5 52 36 63 62
5 37 20 83 26
5 23 46 72 52
62 13 48 80 51
62 56 17 93 31
62 45 53 65 56
62 84 38 74 41
62 14 74 100 80
37 39 24 45 29
37 22 16 85 40
37 67 93 97 93
6 13 75 78 77
6 36 59 95 75
6 69 12 33 28
13 74 68 93 87
13 34 39 71 57
13 38 44 47 46
36 43 93 96 94
36 77 71 73 72
36 61 32 35 32
36 54 60 77 63
69 53 43 86 69
69 17 70 72 72
69 41 74 93 86
69 47 44 94 87
69 22 17 62 18
8 54 92 100 99
8 29 33 99 85
8 84 18 32 32
8 35 34 75 69
54 11 69 89 75
54 66 44 79 44
54 33 52 85 58
54 57 55 70 59
54 27 43 66 48
54 67 86 89 89
29 72 19 58 56
29 50 58 75 60
29 83 25 89 81
84 0 10 90 10
84 41 59 71 63
84 19 28 81 66
35 20 14 23 23
35 16 86 99 89
35 64 73 88 82
35 63 57 90 68
9 2 32 96 94
9 7 75 77 76
9 44 49 64 49
9 12 48 50 50
9 30 30 56 55
9 29 45 47 47
44 11 28 99 31
44 2 54 57 54
44 27 88 96 95
44 56 57 63 57
44 67 66 77 69
12 66 93 99 99
12 85 13 36 28
12 56 34 63 36
30 69 94 99 95
30 48 62 77 63
30 23 44 64 47
10 78 79 90 83
81 35 75 89 89
81 70 19 65 21
81 26 43 81 65
66 39 50 98 62
66 56 68 87 86
66 62 94 100 98
66 25 86 90 89
56 5 73 76 74
56 27 37 73 60
56 4 83 89 89
74 26 69 77 76
74 30 36 70 59
74 46 43 56 48
74 52 58 93 85
74 9 35 59 38
38 77 90 100 91
38 55 50 58 56
38 41 77 85 81
14 28 45 77 77
28 54 49 68 56
80 62 44 47 46
80 68 38 58 52
80 9 91 98 92
80 65 24 58 27
41 18 41 79 48
41 54 84 96 95
17 1 73 78 75
17 82 14 72 45
32 85 37 62 53
32 34 23 36 25
32 48 57 97 60
32 16 12 34 24
32 38 63 82 67
32 30 16 70 63
32 84 90 96 91
16 13 41 75 45
16 11 87 99 96
16 75 45 51 48
16 31 26 30 28
16 62 63 69 65
16 83 64 97 92
16 7 82 96 86
75 49 43 74 59
75 30 72 84 73
75 78 60 79 78
31 6 59 91 62
31 41 33 91 73
31 27 39 77 57
83 17 56 59 59
83 77 66 88 67
83 85 32 63 45
83 20 73 97 88
83 29 63 78 74
83 3 83 93 84
83 2 93 98 94
18 30 79 93 81
18 48 10 58 11
18 31 68 71 70
18 79 76 78 77
48 64 57 92 80
48 78 92 97 92
79 53 65 93 93
79 7 66 92 71
79 42 44 80 62
79 26 38 88 70
19 49 26 42 31
19 85 32 84 82
19 27 14 48 44
19 78 47 95 88
19 17 78 91 84
27 70 44 61 60
27 51 42 90 75
27 83 93 100 95
27 39 95 97 96
27 57 17 89 25
21 34 62 69 67
21 85 29 55 40
22 63 51 87 66
22 39 19 57 22
22 53 91 100 92
22 56 45 78 45
63 40 51 70 52
63 13 88 89 89
63 71 24 99 57
39 51 77 95 91
45 70 51 70 65
45 60 41 80 76
45 75 70 81 77
45 40 38 45 44
45 48 77 85 78
24 5 15 49 49
24 27 15 41 30
24 34 41 85 74
24 84 52 69 69
25 37 83 95 94
25 62 38 98 70
25 71 30 33 32
71 73 25 29 25
71 31 15 17 16
71 75 77 84 79
71 52 61 85 61
71 11 71 75 74
71 40 72 82 77
26 19 15 93 55
51 77 84 86 84
51 43 83 84 83
51 58 87 92 91
51 27 19 39 34
51 65 76 79 77
51 19 78 89 80
57 8 52 88 55
57 45 70 100 85
57 36 78 83 78
72 29 65 83 76
72 70 71 75 73
72 27 32 88 70
50 62 67 76 74
50 25 87 93 88
50 46 87 96 88
50 53 57 67 58
50 44 49 83 51
50 74 69 72 70
33 44 84 86 86
58 35 82 90 90
58 81 93 100 100
58 15 40 89 86
43 5 66 72 69
43 64 54 83 63
64 56 32 65 52
64 75 43 99 54
77 13 15 98 19
77 41 64 91 77
77 2 15 98 62
61 3 73 87 75
55 39 47 60 51
55 59 73 91 82
55 13 15 86 66
55 32 39 98 57
55 50 16 41 26
40 2 81 89 83
40 65 31 88 67
42 31 75 77 77
42 76 85 91 87
42 65 31 56 44
42 45 16 60 42
42 25 45 57 57
42 85 39 98 82
76 44 56 78 73
76 61 63 98 71
60 39 92 98 98
60 40 83 85 85
46 75 66 73 66
46 41 73 88 74
46 66 85 97 93
46 60 57 83 81
46 31 46 64 58
46 1 17 40 32
46 49 11 24 17
47 23 22 55 24
73 26 56 96 67
73 85 74 84 82
68 15 86 91 88
68 2 15 46 43
68 54 62 65 62
0 85
