208 323
0 153 80 87 86
153 69 68 98 84
153 4 54 74 54
153 91 76 97 94
2 47 63 91 66
2 182 91 96 94
47 183 35 82 67
47 62 26 100 71
47 167 41 43 41
182 106 34 98 37
5 84 24 52 30
84 31 92 99 94
6 113 17 84 69
6 204 73 75 74
113 144 49 94 93
113 168 40 61 55
113 78 56 100 81
204 199 34 52 39
7 192 41 48 45
7 34 67 96 88
192 78 23 80 49
192 53 83 87 86
192 41 26 83 42
34 123 10 72 68
34 9 52 75 66
34 25 73 81 77
11 195 59 85 80
12 82 11 38 21
12 114 83 89 84
114 118 47 89 68
114 19 93 98 97
13 207 32 94 67
13 85 50 90 66
13 92 32 89 61
85 68 59 92 63
85 170 76 96 78
92 28 85 94 88
92 186 64 81 67
14 60 63 64 63
14 132 88 90 90
60 121 18 82 18
60 14 86 93 88
132 83 17 64 53
15 136 50 82 70
15 192 34 62 62
16 85 46 55 55
16 27 87 94 88
27 198 49 56 50
17 80 11 30 27
80 151 30 43 43
18 106 62 75 69
18 25 59 78 60
106 96 26 47 27
25 4 46 60 55
25 53 73 91 87
19 69 13 81 69
69 13 69 100 81
20 119 32 51 42
20 63 85 90 86
20 105 45 64 46
20 155 27 73 35
20 42 86 99 94
119 102 83 94 94
119 152 84 93 84
119 142 68 73 73
105 14 35 59 44
105 5 84 86 84
105 103 38 47 39
155 116 73 91 84
42 33 52 63 63
42 152 93 96 96
21 125 27 46 43
125 28 86 96 89
22 80 57 68 60
22 95 35 90 47
95 183 78 80 78
95 62 49 82 77
23 35 80 94 91
23 203 55 99 96
35 139 45 75 68
35 154 13 96 28
35 190 52 64 60
203 183 28 39 38
203 3 90 100 93
53 9 30 81 53
53 91 73 98 74
198 200 84 98 89
28 62 90 96 93
28 147 54 87 81
28 82 31 76 49
62 195 65 87 65
62 57 60 82 75
147 99 58 62 62
147 17 25 63 46
29 85 64 75 67
29 5 36 60 38
29 177 34 71 70
30 68 48 75 73
30 49 73 90 83
30 153 12 90 74
49 187 90 99 90
31 160 37 77 56
31 144 14 27 19
160 179 56 63 58
144 118 12 45 13
32 88 70 76 75
32 67 30 54 50
32 158 89 98 95
33 78 45 67 47
33 153 66 89 89
123 199 12 13 13
123 104 83 95 85
123 37 33 52 46
139 163 50 73 64
154 43 49 95 86
190 154 48 69 57
190 1 21 51 44
190 81 12 56 30
190 112 15 35 21
37 125 54 92 81
38 152 72 82 81
152 66 93 97 96
152 64 15 40 24
152 5 41 73 45
152 43 82 95 88
39 12 87 96 89
39 5 43 86 57
40 63 77 86 80
41 78 76 87 81
43 48 20 65 21
43 40 57 70 61
48 28 50 85 65
48 186 83 89 85
44 129 72 76 75
44 148 92 96 92
129 38 37 76 55
129 112 22 54 23
129 141 41 44 43
148 96 92 96 96
148 111 30 43 37
45 111 91 96 91
45 94 61 99 63
45 53 29 95 80
45 35 94 96 94
111 110 26 82 37
111 122 76 87 85
111 24 74 75 74
46 65 11 83 55
46 97 55 59 55
46 90 68 69 68
65 81 53 65 53
65 205 15 94 20
97 198 91 92 92
90 50 50 69 63
183 148 71 95 80
183 106 65 78 69
187 34 34 100 36
187 99 60 70 61
91 37 28 80 51
54 20 92 96 95
54 182 11 38 21
55 129 50 88 87
55 182 17 30 17
55 181 45 46 46
181 53 32 93 32
56 106 21 93 88
56 81 57 85 77
56 26 39 70 61
81 41 13 20 17
81 186 29 89 85
57 135 13 14 14
57 73 38 79 38
57 75 43 97 46
135 97 32 70 38
135 131 31 84 52
135 26 57 77 63
75 6 31 95 90
75 80 34 99 37
75 199 94 97 95
75 116 16 47 44
75 130 11 86 61
75 114 66 73 69
59 167 66 79 78
59 82 14 90 78
59 147 82 97 83
121 173 16 51 43
61 3 91 92 92
64 19 28 35 29
64 123 60 87 74
64 49 18 44 28
64 133 61 85 61
64 8 51 85 76
205 106 87 94 91
205 173 74 96 78
70 51 51 94 56
70 141 40 48 41
70 46 78 84 82
70 170 31 33 33
141 137 91 94 93
170 107 57 92 88
170 26 15 39 16
71 97 24 31 25
71 159 57 65 65
71 58 69 83 74
159 146 52 71 55
159 70 68 81 81
159 178 88 95 93
72 148 15 77 34
74 194 72 81 74
74 10 85 90 88
74 188 26 50 31
194 84 69 93 76
194 171 43 49 48
188 66 13 99 25
188 30 31 32 31
199 110 82 94 87
116 7 30 83 50
130 193 94 98 96
130 154 90 95 94
130 132 52 77 70
130 131 73 90 74
76 196 94 100 94
196 9 56 100 61
77 16 89 100 100
77 17 31 68 56
77 43 11 69 28
79 117 70 98 88
79 19 47 100 59
79 197 92 95 93
197 31 49 84 54
151 15 38 83 42
83 141 29 84 67
83 3 19 78 73
86 195 30 82 66
86 76 26 89 38
86 168 75 77 75
168 129 13 57 13
87 81 15 75 47
87 192 46 75 65
93 33 89 96 92
93 121 89 98 92
96 106 35 42 38
98 88 18 43 23
100 174 77 98 80
100 113 13 32 28
174 48 44 59 59
101 31 39 42 41
102 146 70 98 75
146 91 33 38 37
103 92 24 80 72
103 114 44 86 65
103 195 92 93 93
107 189 47 79 49
189 204 91 93 92
189 156 21 35 22
189 152 94 98 96
108 202 82 100 100
108 4 38 63 53
108 53 40 60 43
202 203 71 98 80
202 47 42 79 63
110 166 74 77 77
166 44 29 36 29
166 1 75 78 78
122 169 56 91 63
122 70 27 92 39
112 171 58 91 86
112 69 87 89 88
171 90 13 70 57
171 32 70 85 75
115 161 68 82 81
115 79 94 96 96
120 169 42 88 70
120 160 15 36 29
169 186 55 96 75
169 195 26 66 63
169 100 54 58 57
173 150 41 86 81
173 205 61 91 72
173 9 25 72 40
173 8 16 39 19
124 96 56 69 61
124 81 20 24 21
126 173 10 73 32
126 206 68 92 85
206 104 45 83 59
127 88 14 79 30
127 43 57 94 78
127 197 30 50 43
128 53 81 98 92
131 78 72 85 78
131 115 62 91 73
134 104 72 97 95
134 85 22 57 22
134 65 62 94 79
134 12 82 99 97
137 42 81 82 81
137 116 68 98 88
137 176 12 25 17
176 53 89 91 90
138 70 53 69 64
138 146 32 56 40
143 133 79 90 84
150 197 60 97 88
150 162 49 88 51
150 106 45 96 87
150 32 32 67 55
162 160 36 96 71
157 65 94 99 96
157 103 21 75 55
157 56 21 74 21
178 193 55 81 72
165 69 19 88 63
172 18 63 98 74
172 98 37 67 61
172 27 20 61 24
175 194 25 91 55
175 154 41 95 70
184 82 67 73 68
184 142 46 97 86
184 67 80 91 87
191 36 63 67 67
200 105 65 81 69
0 207
