428 800
0 219 18 45 44
0 90 57 70 63
0 280 25 32 28
219 148 43 85 78
219 62 44 68 63
219 108 67 87 84
219 249 80 81 80
90 115 41 53 43
1 93 78 94 84
93 421 54 56 54
93 190 64 92 77
2 351 44 48 44
2 365 73 82 80
351 94 76 93 83
365 82 30 77 72
3 147 66 71 66
3 284 22 25 23
147 160 70 75 73
147 182 14 93 86
284 110 61 96 62
284 65 63 92 63
284 354 57 60 57
4 225 51 78 63
4 121 85 89 89
4 230 13 41 21
4 13 53 81 59
230 361 95 96 96
230 54 43 98 43
13 111 14 64 57
13 28 68 95 80
7 87 66 87 75
7 204 74 88 87
87 357 23 41 36
87 31 42 89 49
87 287 94 98 94
204 170 91 100 95
204 21 76 86 86
204 362 92 96 93
8 394 59 88 70
8 418 21 99 67
8 54 56 83 67
394 219 86 89 89
394 76 82 92 83
418 238 82 93 89
418 102 44 84 74
418 279 31 45 36
418 61 64 90 86
54 232 51 55 51
54 53 66 80 76
54 415 83 88 83
54 426 75 97 90
9 46 19 37 35
9 37 85 96 88
46 11 52 63 59
46 156 57 90 63
37 110 64 93 88
37 61 94 95 94
37 43 21 57 50
10 20 17 96 24
10 23 84 100 85
10 100 18 19 18
20 65 69 75 70
100 233 68 69 69
11 116 24 68 29
11 397 43 49 43
11 315 57 98 96
116 249 47 65 58
116 41 42 67 50
116 417 14 51 44
116 418 86 99 90
116 6 65 96 75
116 135 55 59 59
397 319 58 66 58
12 265 62 95 62
12 242 86 91 86
12 158 48 67 65
265 96 68 85 73
242 182 46 58 54
242 320 56 58 57
242 321 93 98 95
111 162 50 98 53
28 205 26 82 52
14 39 78 96 78
14 140 94 95 95
14 392 21 28 25
39 171 30 33 30
39 368 43 81 43
39 18 85 99 91
39 279 80 98 88
140 63 23 93 46
140 267 33 98 82
392 252 32 59 45
392 279 60 65 65
17 253 18 50 30
17 254 36 71 61
17 389 87 95 93
17 35 77 98 96
253 421 47 94 54
253 259 61 77 77
253 342 94 98 96
253 398 64 87 87
253 12 90 91 91
254 207 35 87 71
254 277 13 78 55
254 382 78 96 79
389 422 59 60 59
389 121 11 26 21
35 181 54 91 74
35 250 40 50 48
65 371 73 77 76
21 403 66 96 68
21 394 86 94 90
21 295 63 93 82
295 406 88 100 90
295 341 42 50 47
295 165 50 69 61
22 370 83 91 83
22 402 85 100 90
22 187 62 74 63
370 238 94 99 96
370 117 12 41 27
370 302 14 43 16
402 329 27 35 28
402 198 33 64 46
402 238 14 41 19
402 218 46 90 58
402 214 49 85 85
402 58 43 52 52
187 344 94 100 98
187 158 20 49 33
24 169 47 73 73
24 63 85 90 86
169 217 71 74 73
169 124 43 62 55
63 253 17 24 20
25 410 93 100 95
410 30 54 58 56
410 305 94 98 98
26 88 62 93 77
26 96 38 45 39
88 10 73 79 77
88 39 85 86 86
88 56 42 94 64
30 246 95 96 95
30 295 93 96 93
30 363 62 77 75
246 76 92 98 94
246 413 93 95 94
246 43 27 95 78
246 258 12 86 21
363 314 18 90 19
363 100 89 98 93
31 116 32 42 39
32 253 67 74 73
33 65 40 49 46
33 193 76 85 77
181 53 24 36 29
181 147 52 82 64
250 335 54 70 66
250 61 74 76 76
36 176 92 95 94
176 133 34 90 43
176 97 29 93 81
61 337 30 64 50
43 61 17 76 20
38 256 71 81 79
256 262 40 43 41
256 344 36 97 64
171 269 60 65 61
171 371 49 92 64
368 194 43 53 43
368 247 93 94 93
368 180 19 39 21
279 350 67 86 71
40 166 53 93 60
40 249 15 88 31
40 327 64 83 78
40 280 80 98 85
40 131 36 92 56
166 301 80 85 83
166 211 76 91 86
166 285 59 97 85
249 28 83 85 85
249 332 76 93 88
327 325 60 66 63
327 306 53 94 72
327 285 10 71 63
41 337 13 14 14
41 343 14 94 16
343 187 16 50 38
42 46 72 97 95
42 303 37 51 51
303 101 62 69 68
303 122 16 35 28
303 12 28 49 44
303 7 42 51 42
303 239 57 70 59
156 427 50 76 69
47 328 50 76 74
47 155 38 88 54
47 114 69 72 71
47 287 17 64 29
47 53 28 68 28
155 344 73 99 87
155 89 37 100 75
114 343 44 84 53
114 53 45 75 46
114 340 48 92 78
287 71 81 91 83
53 42 54 97 76
48 8 82 87 83
49 202 13 100 95
49 145 54 67 60
202 21 41 60 54
51 38 92 95 93
52 87 81 99 82
232 239 78 93 87
232 95 82 83 83
232 30 89 91 89
232 292 73 88 79
415 221 50 55 50
415 418 51 96 95
415 227 85 92 88
415 56 50 61 60
415 304 16 36 33
426 360 80 81 81
426 56 32 97 63
426 90 78 81 79
55 101 52 62 62
55 45 63 87 65
55 416 48 89 66
101 193 54 70 59
416 391 44 62 61
416 250 80 88 83
56 168 85 88 87
168 85 48 52 49
168 367 45 100 90
57 287 41 86 43
58 381 20 91 55
58 37 51 77 74
58 408 78 94 94
58 294 44 72 66
381 186 10 82 15
408 82 74 100 76
408 207 63 96 69
408 46 69 74 71
294 283 13 29 22
294 8 79 89 86
294 187 88 96 93
294 422 87 98 93
60 42 41 83 66
60 395 63 76 69
60 75 91 99 92
395 53 85 89 89
395 42 94 95 94
75 352 58 62 62
75 80 68 80 78
75 167 75 77 76
75 249 37 63 56
75 103 92 100 99
75 59 72 84 83
75 309 85 97 92
62 148 46 93 87
148 14 23 83 48
64 128 23 28 26
128 11 23 30 30
128 181 39 75 42
371 86 89 99 94
66 307 93 98 95
66 12 71 76 75
66 131 33 51 40
307 402 85 92 92
67 82 77 99 80
67 228 33 46 40
67 316 29 85 50
82 186 13 84 17
82 180 36 51 46
82 151 53 65 54
228 39 45 56 46
228 386 76 88 83
316 354 60 86 64
316 151 65 86 78
316 6 87 92 88
316 155 10 75 11
68 193 68 76 69
68 116 52 53 53
68 204 18 83 41
68 112 27 57 38
69 64 49 76 69
69 346 43 60 51
69 262 33 82 71
346 28 34 49 35
346 119 41 87 61
262 380 73 87 73
71 396 47 63 48
71 301 22 50 30
301 329 60 95 62
72 266 73 83 77
72 414 48 89 73
266 0 49 89 89
414 110 32 51 36
414 241 80 98 81
414 33 15 98 64
73 235 30 75 74
73 211 64 94 71
73 342 56 93 60
235 353 29 81 40
235 24 41 71 53
211 33 19 100 36
342 282 90 95 91
74 69 92 96 92
352 134 11 85 26
352 406 75 99 77
352 120 25 66 30
80 392 46 81 47
167 201 94 96 95
103 134 65 99 74
103 410 33 48 36
309 45 44 97 50
309 289 35 61 45
309 145 23 60 35
76 17 69 71 70
76 165 81 97 92
76 354 76 81 77
76 186 63 85 76
76 177 25 81 46
165 334 69 77 75
165 218 31 32 31
165 212 71 95 72
354 86 29 55 48
186 245 90 100 99
177 288 48 75 75
78 404 88 99 98
78 346 81 91 84
404 168 53 90 69
79 239 11 78 36
239 87 19 33 24
239 385 69 72 70
239 178 12 57 38
180 272 10 11 10
84 366 59 74 70
84 221 52 75 70
84 218 12 85 40
84 248 63 95 77
366 177 67 79 76
221 383 73 87 81
221 67 15 36 34
221 252 15 68 46
221 366 15 50 22
221 80 20 51 46
218 201 27 36 36
218 283 48 55 52
85 346 29 67 62
85 289 68 90 73
85 238 89 96 89
289 162 13 15 14
238 427 83 94 94
238 200 42 93 58
238 146 22 73 39
86 63 13 40 28
86 48 40 45 41
357 246 34 77 59
89 406 88 94 91
89 47 58 70 59
406 373 84 94 91
115 416 38 69 68
115 302 12 24 18
115 281 16 86 30
115 32 95 99 95
115 83 69 98 85
91 147 55 97 57
91 148 77 82 82
92 250 68 81 78
92 293 55 56 55
293 108 35 69 53
293 65 79 81 80
293 134 85 91 88
421 105 95 98 96
421 64 36 67 52
421 281 74 83 74
190 106 64 78 67
190 342 56 63 60
190 150 76 84 81
94 17 62 66 62
94 391 23 99 32
94 247 25 97 62
94 185 89 93 92
94 421 75 94 87
391 306 87 98 88
391 358 63 92 86
247 391 75 85 77
247 300 66 74 66
185 58 11 55 29
185 262 57 93 65
95 401 78 100 97
401 347 18 22 18
401 39 77 98 84
98 406 88 90 90
98 70 18 75 31
98 393 49 80 78
99 198 35 43 41
233 164 89 90 90
233 133 92 96 93
233 310 80 91 91
102 238 11 72 42
102 194 56 74 60
194 90 37 59 49
194 419 14 83 15
194 156 47 59 58
104 264 55 75 69
104 69 29 78 68
104 300 10 58 50
264 348 19 36 19
300 146 76 88 87
300 58 85 98 85
300 290 67 93 75
105 126 23 95 52
105 167 79 88 85
105 162 31 37 33
126 159 31 89 65
126 325 66 76 72
162 408 65 96 92
106 90 91 95 92
106 366 46 48 48
107 203 53 66 60
107 408 24 65 30
107 348 79 80 79
203 107 32 77 43
108 157 86 96 96
108 302 16 68 36
108 245 88 90 88
108 46 48 74 50
157 368 66 92 82
157 176 51 97 80
157 59 57 93 57
157 415 87 94 89
302 219 76 87 85
302 313 14 87 85
302 281 15 27 24
302 396 43 73 68
302 366 68 99 76
245 384 88 89 89
109 363 36 55 45
340 378 75 80 78
340 286 94 98 96
340 119 29 40 39
281 154 43 52 45
281 363 50 80 73
281 23 27 43 32
417 413 78 81 79
417 185 70 91 82
417 292 19 21 19
417 251 73 85 83
417 53 64 86 75
417 319 88 91 89
135 167 69 89 76
135 318 25 57 53
135 269 22 70 65
117 318 25 78 78
117 321 10 33 20
117 365 38 44 42
318 284 61 65 61
318 197 73 87 85
318 216 56 58 56
321 265 83 86 83
321 54 54 77 69
118 26 21 32 32
118 346 52 60 59
119 159 17 60 44
159 298 95 99 97
120 169 61 85 81
120 129 61 69 64
129 397 75 82 78
129 5 21 92 92
129 141 45 86 67
123 239 32 96 67
123 71 57 80 73
123 275 44 96 70
275 318 91 94 91
275 67 25 33 32
275 61 84 85 84
275 363 47 87 68
124 291 83 86 86
124 404 14 20 16
125 414 65 85 75
325 225 27 32 27
325 126 42 49 47
325 205 51 80 58
127 91 59 66 61
127 340 80 93 93
127 181 17 40 17
141 199 32 36 32
141 236 12 36 32
130 217 43 72 46
130 258 12 83 44
130 210 61 73 61
217 376 24 58 34
217 49 75 82 79
258 252 14 91 30
258 236 59 75 74
210 92 71 83 74
210 144 68 73 72
132 143 94 97 95
132 135 83 93 91
133 221 77 78 78
133 50 13 76 22
133 422 61 98 98
422 377 57 74 67
422 158 56 63 58
269 127 82 87 85
136 133 64 87 76
136 81 90 99 96
137 241 95 96 96
241 142 19 83 50
139 26 48 81 80
267 155 52 74 64
267 161 39 79 76
199 33 66 97 68
199 27 37 86 44
142 108 26 67 28
142 147 91 95 95
144 294 10 51 24
144 140 39 50 46
146 252 16 71 17
146 400 51 77 73
146 45 88 90 90
252 420 82 94 90
400 399 49 90 68
160 223 89 93 91
182 43 73 98 93
182 204 33 38 36
149 104 70 89 75
149 303 52 78 57
149 322 41 64 54
322 222 21 32 26
322 199 55 94 89
150 91 10 51 48
152 244 75 96 85
244 392 33 60 41
244 366 28 92 50
244 131 60 64 60
153 247 62 74 62
153 140 52 59 58
153 45 53 72 61
153 407 65 99 76
407 269 26 56 50
407 59 55 67 61
344 105 92 100 94
344 291 82 88 86
344 263 38 79 54
427 241 28 40 28
427 204 16 98 34
298 22 17 43 19
298 172 39 68 51
223 260 41 57 45
161 80 12 68 29
161 278 54 90 90
161 19 24 52 51
278 406 60 94 80
163 277 24 33 27
163 185 81 82 82
277 16 57 97 88
277 329 43 90 72
164 235 64 92 82
334 336 69 98 89
212 260 27 37 37
212 112 23 66 42
285 9 61 77 67
285 264 74 93 79
201 103 53 82 65
201 276 33 39 35
367 33 46 90 47
170 174 10 81 18
174 23 91 96 96
172 337 69 98 85
173 25 43 96 85
173 38 74 81 81
288 119 73 79 75
288 411 72 94 72
178 91 75 93 75
179 170 75 83 75
179 63 75 83 82
179 247 77 88 78
183 330 80 93 90
183 72 73 75 73
184 411 39 59 58
184 423 39 55 52
184 24 57 59 58
184 226 15 94 17
411 222 69 88 76
411 173 12 98 82
411 83 78 79 78
423 219 95 96 95
423 96 81 82 81
226 26 50 60 60
226 32 66 96 82
188 240 88 94 89
188 310 13 38 26
310 264 63 93 66
189 401 32 39 39
189 107 67 68 67
189 388 14 83 42
388 89 50 86 73
191 37 74 88 81
191 67 67 81 71
191 108 72 75 74
192 22 67 96 77
192 205 84 86 85
419 376 73 75 73
419 269 71 91 83
419 168 43 63 53
195 229 73 80 78
195 191 64 95 79
195 242 73 90 73
196 23 84 100 88
197 277 77 94 82
197 271 48 71 61
197 258 85 91 91
271 77 30 58 56
271 263 84 97 96
200 412 70 86 78
276 112 62 91 81
206 305 16 61 38
206 275 86 99 86
305 242 57 97 76
305 198 60 73 63
207 285 85 98 95
207 149 89 90 89
207 41 93 94 94
208 368 69 89 89
209 60 45 49 49
209 103 86 88 87
209 36 43 46 43
209 140 54 96 68
209 191 15 32 26
209 74 84 99 99
260 54 80 81 81
260 276 30 97 60
213 5 44 70 64
214 181 36 84 63
214 84 19 26 25
214 189 82 95 95
214 208 32 74 71
215 308 18 50 25
215 282 57 88 61
215 14 72 82 77
216 381 92 95 95
216 377 54 86 54
216 355 34 76 50
377 305 91 92 91
355 288 50 52 50
355 164 81 95 82
376 122 88 96 88
376 171 81 93 85
283 314 34 73 73
283 46 83 84 84
220 127 25 90 44
220 354 63 85 69
220 155 77 89 83
220 198 12 35 13
383 325 89 100 90
383 260 36 83 47
222 30 54 65 55
222 314 26 27 27
314 50 37 51 49
314 246 59 81 68
314 49 76 81 79
314 148 12 76 12
224 240 42 98 63
224 335 84 95 91
335 302 57 92 74
386 421 30 97 87
361 339 36 81 58
361 4 81 84 81
292 311 23 64 40
292 40 57 64 64
292 208 22 75 35
292 262 94 97 97
234 11 11 75 71
353 322 62 98 64
353 196 19 78 49
353 188 64 77 69
237 319 64 95 83
237 50 19 94 35
237 380 49 56 56
380 132 77 87 78
385 422 38 88 83
320 337 84 90 85
320 80 68 77 75
243 164 15 30 19
243 287 84 90 89
243 85 91 98 93
243 98 79 90 87
384 303 28 34 30
413 272 67 76 70
332 197 18 54 50
332 68 35 90 58
332 411 30 80 56
251 387 85 96 96
251 350 69 80 78
251 16 50 73 55
251 323 94 99 96
350 160 90 93 90
350 155 45 95 78
323 191 34 38 36
323 194 51 63 55
259 352 42 46 43
398 293 91 99 91
382 259 72 85 84
255 5 17 54 30
257 113 34 87 62
261 274 89 100 100
274 402 20 35 22
274 357 15 54 26
268 251 25 74 44
270 84 25 69 59
273 364 87 100 91
273 212 24 54 52
329 344 36 68 65
329 265 14 55 51
286 349 48 93 79
349 20 19 54 49
349 303 57 95 61
349 221 48 51 50
349 347 23 49 40
349 203 76 79 79
349 100 76 95 82
290 422 14 17 14
290 424 25 44 36
290 154 71 76 71
290 74 45 95 64
290 356 64 73 66
290 132 14 52 46
290 292 83 93 87
424 75 23 68 68
356 149 45 46 46
311 333 17 49 18
341 229 90 96 90
341 326 63 65 65
296 262 68 90 85
296 264 38 50 46
297 200 38 39 38
299 244 53 90 82
313 268 92 96 96
313 122 45 66 63
306 84 86 97 95
306 79 53 54 54
306 289 41 91 72
306 395 91 92 91
333 26 20 78 42
312 127 89 100 99
312 382 89 98 91
312 216 22 45 37
317 136 93 94 93
317 204 45 95 76
317 383 68 97 68
317 310 13 53 37
324 350 59 83 61
326 236 88 97 88
326 31 31 73 51
326 293 53 97 63
336 361 71 87 80
336 182 41 84 83
336 362 53 54 53
338 11 14 77 27
338 157 53 94 56
338 376 12 49 26
378 13 52 68 58
345 117 26 50 49
345 163 79 89 81
347 418 21 41 31
358 70 38 74 52
359 367 60 65 61
360 399 56 83 59
360 320 48 53 53
360 27 58 66 62
360 84 33 100 38
360 354 13 22 13
399 281 56 67 56
399 414 94 96 96
399 241 71 93 92
399 380 67 89 68
369 194 60 68 66
369 158 58 89 83
372 408 52 84 76
373 149 85 98 85
374 137 90 98 92
374 365 55 59 55
374 267 74 81 77
374 109 73 93 90
374 196 86 96 91
375 388 72 86 75
379 150 79 89 88
379 298 31 45 40
379 246 20 32 31
390 94 39 89 53
405 225 52 97 62
409 328 72 81 77
409 292 63 68 63
425 87 35 47 44
0 427
