370 1411
0 193 43 92 59
0 346 72 81 80
0 241 57 62 60
0 111 50 88 56
193 336 77 90 87
193 116 87 91 87
193 182 38 69 49
193 235 94 95 95
346 170 10 48 34
346 296 25 35 26
241 5 45 94 82
241 331 48 52 50
241 58 23 61 33
111 97 49 82 49
111 153 92 94 92
111 348 58 76 59
111 264 43 99 43
111 229 20 23 21
1 135 45 73 46
1 321 50 98 70
1 237 19 64 20
1 235 57 94 68
1 278 48 97 84
1 314 65 88 88
135 221 38 50 50
135 185 64 91 89
135 154 34 36 36
135 52 15 66 51
321 190 63 66 65
321 152 13 27 17
321 196 29 87 69
237 229 82 93 86
237 349 82 85 84
237 119 22 29 25
235 287 76 95 93
235 290 32 48 46
235 307 58 90 72
278 353 72 100 93
278 260 87 94 94
314 94 51 75 54
314 178 48 59 50
314 102 25 82 67
314 62 46 65 54
314 138 32 100 83
314 110 18 42 30
314 182 59 82 68
314 71 94 98 97
2 14 62 70 65
2 250 48 66 66
2 75 19 60 41
14 350 65 73 69
14 17 79 90 80
14 321 80 84 81
250 265 53 86 83
250 133 74 88 79
250 241 26 91 61
250 122 40 58 55
250 257 41 59 58
75 17 73 87 76
75 333 39 91 44
75 249 37 92 37
75 26 34 57 40
75 318 17 69 22
75 7 90 93 92
75 127 42 71 64
3 57 55 69 62
3 157 22 67 51
3 71 87 89 88
57 115 56 77 75
57 90 53 87 82
57 178 91 92 92
57 102 12 81 52
157 161 89 99 94
71 246 23 36 34
71 282 81 85 85
4 208 14 65 56
4 43 49 82 49
4 170 49 52 52
208 37 70 94 72
43 0 13 83 64
43 343 77 81 81
43 25 60 92 71
43 365 39 64 61
170 59 40 59 55
170 14 48 100 49
5 45 19 91 76
5 224 44 82 74
5 70 17 52 48
5 318 62 68 66
5 352 21 80 51
5 170 42 67 44
45 311 65 70 69
45 189 52 62 62
45 250 18 33 24
45 81 14 71 21
224 201 14 40 37
224 76 25 99 71
224 6 85 90 90
224 2 57 80 64
224 142 76 88 88
70 342 83 99 92
70 44 55 95 77
70 349 82 87 85
318 157 90 95 91
318 368 32 78 46
352 360 14 75 48
352 197 20 87 40
352 158 78 96 88
6 252 73 87 83
6 294 91 92 91
6 141 66 93 90
6 89 44 79 50
252 199 13 37 28
252 162 60 96 68
252 332 57 66 65
252 281 28 46 38
294 242 72 91 78
294 250 32 84 82
294 284 85 94 92
141 178 82 89 85
141 271 89 100 90
141 21 25 62 59
141 20 44 57 46
141 99 22 34 29
89 118 38 65 55
89 206 36 60 36
89 286 60 96 87
89 144 12 26 20
7 100 67 70 68
7 304 16 86 70
7 333 50 65 63
7 151 66 84 71
7 201 51 87 81
100 45 69 96 71
100 336 46 79 79
100 39 21 54 34
304 2 46 89 56
304 162 85 93 93
304 337 57 59 59
304 279 11 69 14
304 51 11 63 46
304 283 44 90 78
333 367 52 84 71
333 5 41 76 47
333 223 43 62 52
333 319 26 27 26
333 300 28 75 48
151 191 30 33 30
151 70 58 72 63
201 330 94 97 96
201 258 49 50 49
201 178 30 83 59
8 61 73 92 86
8 107 83 98 86
8 333 73 80 76
8 220 52 78 52
8 104 18 68 49
8 262 44 69 52
8 349 41 89 78
8 105 53 77 68
61 190 13 49 34
61 347 51 91 75
61 152 28 80 46
61 266 11 58 32
61 250 33 79 74
61 40 74 95 79
107 226 44 100 90
107 369 31 34 32
107 315 51 98 55
220 191 95 99 96
220 58 30 79 70
104 43 25 26 26
104 103 60 96 82
104 160 10 97 22
262 36 85 89 89
262 70 70 79 79
262 186 81 90 90
262 237 38 45 40
262 291 15 43 30
349 208 37 76 43
349 36 78 84 82
105 269 67 93 68
105 202 95 98 96
105 49 65 76 65
105 58 77 99 97
9 204 24 34 26
9 73 68 89 76
9 246 12 40 33
9 59 70 99 82
9 105 34 99 72
204 209 37 90 74
204 340 40 61 40
73 225 37 56 54
73 283 66 85 72
73 291 75 77 75
73 239 79 83 83
246 215 65 83 79
246 365 90 97 91
246 93 22 85 55
59 223 49 78 62
59 345 29 36 35
59 160 36 45 36
59 229 38 66 47
59 232 22 82 22
59 68 22 51 31
59 7 26 79 69
59 86 39 93 78
10 327 68 99 68
10 42 45 91 88
10 161 91 93 92
10 232 15 36 19
10 360 16 60 28
10 296 21 74 63
327 164 84 92 85
327 294 62 78 64
327 22 40 61 45
327 201 54 80 79
327 207 70 71 71
42 6 64 93 67
42 336 70 93 93
42 29 69 88 87
42 116 42 55 45
42 197 39 45 44
42 286 19 57 22
161 253 69 80 70
161 189 12 97 20
161 304 77 100 87
161 155 68 99 99
161 359 83 90 87
161 105 95 98 96
161 349 54 87 82
161 146 27 63 55
161 163 71 80 80
232 50 71 81 79
360 85 90 91 90
296 267 76 88 79
296 92 21 77 38
296 104 54 73 56
296 310 59 88 64
296 0 27 66 54
296 232 50 63 58
296 130 13 50 26
296 204 91 95 92
11 308 91 99 96
308 329 10 54 43
308 188 44 89 77
12 234 50 93 86
12 289 85 96 93
12 207 71 74 73
12 285 80 95 90
12 214 69 81 78
12 82 44 65 47
234 76 16 28 19
234 280 79 92 92
234 215 27 85 29
234 126 22 30 29
234 140 42 72 61
234 355 18 48 25
234 251 95 98 98
289 309 46 66 47
289 226 20 27 24
289 327 14 41 26
289 86 83 84 84
207 50 71 87 87
207 254 22 76 39
207 177 49 69 66
207 38 31 35 34
207 285 11 76 67
285 97 78 92 90
285 95 86 91 91
285 262 48 58 56
285 7 15 19 19
285 263 30 43 37
214 255 23 29 25
214 50 83 99 83
214 367 17 73 59
214 85 88 91 89
214 31 79 86 81
82 103 30 51 40
82 95 39 86 73
82 52 29 31 31
82 300 45 60 60
82 90 26 35 34
13 217 33 98 50
13 251 48 92 71
13 272 40 59 49
13 142 41 59 58
13 38 63 80 67
13 170 10 69 33
13 338 91 96 95
217 36 43 60 56
217 137 22 74 47
217 150 95 100 97
217 156 71 82 80
217 302 11 52 45
251 102 42 71 51
251 99 36 56 37
251 304 74 76 76
251 72 47 51 51
251 279 43 57 55
272 137 30 96 72
272 36 42 86 72
272 277 54 58 56
272 93 35 49 42
272 355 21 100 90
272 155 25 94 44
272 245 92 100 96
142 81 86 97 94
142 179 59 77 70
38 107 11 53 30
38 141 30 55 53
38 161 66 88 85
38 24 52 71 63
38 343 73 88 87
38 353 95 99 95
338 219 39 97 50
338 303 18 66 44
338 9 16 18 17
350 154 13 48 40
350 302 26 88 58
350 50 20 79 44
17 321 65 93 85
17 221 28 53 48
17 263 85 90 85
17 327 88 92 90
17 195 25 29 26
17 313 74 97 86
17 129 16 44 43
15 85 15 32 21
15 289 26 41 38
15 101 92 99 92
15 298 61 90 74
85 332 39 42 42
101 334 36 46 42
101 166 69 70 69
101 187 77 81 79
101 116 18 48 39
298 280 68 94 85
298 246 49 64 57
298 65 63 88 74
16 244 34 83 41
16 38 63 70 65
16 108 63 91 72
244 291 71 87 81
244 228 95 97 96
108 102 10 33 22
108 70 69 70 69
108 52 84 98 94
108 332 92 93 93
221 170 73 92 79
221 270 48 80 58
221 297 95 97 96
221 233 59 88 73
263 322 83 89 84
263 191 10 57 25
263 262 75 76 76
263 126 41 53 44
195 119 71 100 90
195 100 64 97 79
313 270 24 47 46
313 157 90 92 91
313 104 43 48 48
313 244 45 87 85
129 39 32 99 42
129 178 14 43 24
18 215 90 98 94
18 15 81 89 81
18 27 62 84 66
18 145 49 51 49
18 318 68 96 75
215 56 64 68 65
215 72 20 49 48
215 343 25 93 50
215 147 88 98 98
215 59 86 98 97
27 133 50 54 54
27 53 66 69 68
27 150 67 86 67
145 159 47 80 66
19 258 85 94 87
19 166 36 65 47
19 107 18 59 33
19 195 87 91 87
19 215 66 72 72
258 122 75 88 87
258 328 18 91 51
258 321 46 55 53
258 100 41 47 47
258 71 60 98 86
258 170 65 74 73
166 61 65 99 80
166 262 88 89 88
166 346 95 99 98
166 172 16 90 70
166 355 43 49 47
20 256 46 51 51
20 33 56 78 75
256 83 73 79 75
256 289 28 55 42
256 225 88 93 90
256 307 35 79 46
256 227 64 100 70
256 184 62 92 89
33 152 95 99 96
33 156 67 83 80
33 368 82 84 83
33 107 55 91 83
33 315 14 92 18
33 105 79 87 79
21 120 10 27 23
21 28 58 70 68
21 20 72 86 77
28 20 43 93 69
28 58 53 66 58
22 90 52 83 64
22 58 45 76 54
22 173 20 88 20
22 296 56 58 58
22 135 26 72 71
90 69 74 99 87
90 30 52 71 58
90 61 48 82 48
90 76 70 80 75
90 133 57 65 59
58 78 78 83 80
58 95 30 77 41
173 261 90 96 95
173 283 32 65 64
173 36 89 90 89
173 105 11 26 13
173 82 93 94 93
173 202 12 32 29
173 104 89 90 90
173 6 38 66 55
23 8 18 71 54
23 209 80 97 87
23 180 20 76 56
209 235 95 100 100
209 149 62 99 85
209 364 11 53 49
209 231 11 61 41
209 238 33 42 38
209 205 92 93 92
180 311 25 48 26
180 45 33 84 80
180 43 19 80 51
180 349 87 96 90
180 194 21 70 64
24 170 67 68 67
24 0 35 93 64
24 187 91 95 92
24 92 83 88 83
187 254 77 80 79
187 162 74 96 95
187 240 83 89 87
187 195 12 77 48
187 105 70 96 95
92 229 55 91 83
92 289 66 72 71
92 195 41 98 60
92 75 15 38 30
92 307 79 83 79
25 220 42 77 65
25 298 16 73 49
26 58 92 95 94
26 150 48 78 69
133 311 86 93 91
133 177 17 53 38
53 282 17 94 68
53 330 60 87 65
53 96 71 82 80
29 40 29 87 33
29 247 19 84 57
29 305 36 86 86
29 201 41 87 44
29 179 22 53 41
29 332 19 23 22
29 117 59 83 80
40 19 91 92 91
40 199 60 89 69
247 233 33 47 42
247 185 53 95 67
247 266 38 86 45
247 82 71 76 72
305 203 21 73 27
305 75 83 100 98
305 293 60 73 70
179 31 70 93 80
179 107 23 77 57
179 347 56 71 68
179 357 59 87 68
179 343 31 36 32
332 110 17 50 46
332 5 73 81 81
332 354 32 38 34
332 93 72 89 73
117 100 44 52 51
30 267 55 88 78
30 78 88 92 89
267 99 81 93 81
267 349 49 75 61
267 206 20 48 46
267 5 20 33 32
78 21 46 74 49
78 339 66 87 79
78 137 39 44 40
78 144 73 94 89
78 3 11 91 91
31 69 17 91 19
31 124 69 97 92
31 332 83 94 90
69 205 83 95 94
69 34 82 96 91
69 49 82 98 83
69 23 16 76 50
69 245 73 81 77
124 225 29 93 76
124 142 58 59 58
32 127 47 64 48
32 165 73 78 77
32 122 86 99 93
32 301 25 41 37
32 246 71 95 77
127 335 76 82 79
127 232 95 98 95
127 218 94 97 95
127 230 26 33 27
127 125 29 80 33
127 353 56 94 61
127 198 17 39 32
127 141 37 76 52
165 172 85 100 96
122 99 42 66 48
122 320 78 95 94
122 172 27 45 43
301 220 85 100 92
301 164 89 91 89
301 337 21 99 31
301 33 13 62 41
152 273 40 72 57
152 193 40 77 64
152 20 75 92 89
152 109 83 94 94
156 69 78 98 86
156 37 92 94 92
156 22 83 89 87
156 252 93 96 96
156 53 27 89 74
156 329 78 80 80
368 129 43 82 64
315 107 35 68 50
315 244 30 40 35
315 44 29 82 81
315 160 44 82 67
34 223 57 85 62
34 96 64 70 67
34 101 64 70 68
223 165 70 97 83
223 96 90 98 92
223 189 27 70 29
223 65 76 79 79
96 186 81 91 85
96 11 25 34 31
96 150 35 79 67
96 83 40 71 59
96 56 94 98 96
96 192 42 70 70
96 47 69 92 82
35 343 38 67 44
35 173 33 72 62
35 255 26 99 61
35 184 87 92 87
35 12 27 93 74
35 340 14 65 55
35 89 84 95 84
35 5 72 78 75
343 160 22 97 60
343 100 69 87 75
343 96 17 89 48
343 363 17 79 34
343 315 86 92 88
255 245 47 69 54
255 264 25 32 25
255 246 53 79 63
255 151 30 85 63
184 45 29 48 32
184 214 60 80 69
184 205 60 62 62
340 76 34 54 48
340 201 66 82 73
340 118 64 76 76
36 238 30 96 39
36 356 92 95 95
36 179 82 88 83
36 119 85 100 95
36 150 82 90 90
238 198 69 94 85
238 45 52 62 59
238 207 90 94 90
356 137 62 85 63
356 308 61 65 61
356 166 21 51 38
119 39 50 63 61
119 132 40 81 54
37 232 63 80 80
37 38 82 84 83
37 203 50 94 81
37 177 70 90 70
203 342 51 71 60
177 287 82 95 91
177 194 63 72 66
177 263 81 82 82
177 41 34 94 50
353 260 73 89 73
353 35 79 91 87
353 186 57 79 60
353 53 18 65 44
39 94 73 81 81
39 88 80 86 81
39 298 58 94 72
39 103 92 100 94
94 120 78 88 86
88 32 56 97 86
88 173 81 97 97
103 187 39 89 86
103 295 94 96 94
103 341 91 100 97
199 36 77 100 80
199 241 32 99 49
199 217 17 54 19
199 51 32 63 44
41 358 29 75 61
41 174 21 42 39
41 83 62 75 62
41 299 45 70 47
41 26 53 62 62
41 155 40 90 80
358 278 82 99 90
358 200 80 91 86
358 51 55 73 71
174 124 30 99 72
174 14 24 38 32
83 23 75 99 87
83 291 39 43 43
299 364 33 82 35
299 324 30 59 39
299 50 29 81 32
299 326 65 95 91
299 157 38 64 47
299 57 22 94 60
155 181 85 91 87
155 55 65 87 80
155 317 17 58 38
336 317 23 33 26
336 134 40 49 43
336 62 95 96 95
336 323 70 83 81
116 1 54 58 56
116 126 74 97 76
116 244 32 89 57
197 365 20 76 67
197 343 31 36 33
197 191 74 93 83
197 156 17 35 34
197 184 63 93 92
286 318 51 100 81
286 101 69 97 87
365 325 70 97 90
365 352 71 75 71
365 183 74 98 74
365 227 48 97 51
365 14 19 79 44
44 128 38 97 57
44 284 83 85 85
128 233 80 92 91
128 215 61 95 79
284 101 31 40 32
284 138 65 66 65
284 268 52 63 60
284 35 10 48 26
311 312 15 57 15
311 219 11 75 38
311 230 73 96 81
311 297 83 98 97
189 6 23 53 35
189 35 74 89 79
189 112 80 86 83
81 14 65 75 75
81 54 25 95 37
81 103 26 86 44
46 61 55 78 77
46 318 64 98 74
47 131 22 46 44
47 117 45 90 90
47 312 40 81 77
47 358 35 98 40
131 258 57 88 77
131 287 66 77 68
131 74 40 76 44
312 55 81 89 83
48 110 25 38 30
48 344 88 100 88
48 292 64 98 71
48 158 12 33 28
110 317 53 82 66
344 80 19 87 78
344 332 81 95 87
344 201 33 41 33
344 296 10 49 29
292 218 76 80 77
292 308 49 63 62
292 38 86 89 88
158 132 88 95 88
158 332 72 100 96
158 63 10 59 20
158 340 51 64 59
49 255 30 77 51
49 284 94 99 96
49 98 25 38 36
49 31 36 100 41
49 285 29 66 53
98 17 49 68 53
98 39 10 32 25
98 363 22 67 61
98 186 14 96 60
98 28 95 98 97
98 48 43 58 49
50 325 92 94 93
50 108 41 62 50
50 102 40 85 84
50 10 27 85 64
50 140 46 81 65
50 64 52 94 70
325 317 39 95 50
325 25 73 98 80
325 369 94 95 94
102 208 37 42 40
102 318 80 91 82
102 185 45 67 67
102 336 64 88 68
102 356 10 39 37
102 139 31 91 47
102 58 48 60 55
102 278 60 79 77
140 96 83 98 86
140 267 80 81 81
140 313 75 91 85
140 189 86 95 91
140 148 65 96 68
64 83 12 42 26
64 211 75 96 91
64 141 65 94 93
64 367 72 99 89
64 295 26 86 67
64 345 13 97 68
64 181 43 60 56
64 88 62 76 75
51 107 91 96 91
51 15 27 98 61
51 306 87 99 97
306 327 94 96 96
306 293 36 37 37
306 282 22 82 25
306 346 13 73 67
306 77 11 75 50
282 31 32 35 34
282 149 91 94 91
282 233 63 91 82
330 159 74 78 74
330 343 89 90 90
54 307 93 100 93
54 103 85 89 88
54 254 30 77 54
54 330 92 95 94
54 35 84 85 84
307 52 72 79 72
307 303 22 36 24
254 177 37 60 49
254 121 68 96 69
254 90 30 58 47
55 235 64 70 67
55 162 73 75 75
162 301 55 56 55
162 136 17 82 55
162 134 56 79 77
56 76 74 98 74
76 47 92 93 93
76 306 90 100 96
76 188 87 92 91
115 199 17 79 42
115 143 89 93 90
178 174 14 57 22
178 18 10 26 16
178 30 90 100 96
95 276 48 93 85
95 280 52 69 57
95 210 10 73 22
95 323 45 92 46
345 358 22 87 81
345 131 82 99 95
345 296 55 69 66
345 351 10 20 10
160 111 56 77 68
160 146 94 95 94
160 65 14 69 53
160 215 25 46 30
160 314 39 85 56
229 204 31 38 36
229 65 55 74 62
229 242 64 71 70
229 291 29 88 44
68 200 25 89 79
68 50 25 68 64
68 309 15 51 24
68 53 15 38 21
68 118 25 73 68
86 347 64 93 71
86 148 73 82 74
86 42 17 94 92
86 185 31 99 46
86 346 80 93 84
86 167 42 58 44
86 94 72 74 73
86 303 36 41 41
60 340 86 90 87
60 298 93 98 98
60 288 73 84 79
60 354 76 89 84
60 175 67 98 88
288 327 42 87 87
288 25 84 88 88
288 266 13 15 13
288 164 63 72 67
354 211 84 88 88
354 127 73 77 73
354 158 48 56 51
175 265 40 80 51
175 307 45 48 46
190 368 22 89 39
190 297 55 87 77
266 248 79 91 88
266 197 68 90 90
266 121 95 99 96
62 23 23 63 41
62 369 63 79 65
62 300 81 83 81
62 352 59 61 60
62 63 20 90 46
62 231 80 95 81
369 218 51 73 55
369 79 46 56 49
300 305 82 83 82
300 365 59 77 60
300 30 41 86 54
300 28 62 80 73
63 175 54 57 57
63 168 45 52 48
63 336 17 71 46
231 257 86 88 86
231 118 18 26 23
231 323 86 92 87
231 272 64 89 76
168 146 72 83 82
168 265 37 54 41
211 235 79 94 90
211 96 14 47 14
211 174 67 94 80
367 153 18 87 78
367 9 60 81 77
367 211 38 54 45
367 256 56 76 63
295 128 71 74 71
295 188 67 68 68
295 31 48 72 48
295 326 44 90 77
295 182 16 92 40
295 223 28 88 53
181 39 38 59 43
181 85 83 91 87
181 345 23 84 43
181 97 36 81 37
181 266 28 56 41
65 240 74 99 93
65 342 37 38 37
240 5 51 55 54
240 285 65 89 71
342 95 13 17 14
342 179 82 95 95
66 323 66 78 70
66 54 29 63 51
66 328 88 90 90
323 67 10 84 51
323 160 87 91 88
323 162 66 73 71
323 43 52 89 80
323 69 82 100 85
323 335 14 23 23
323 4 82 91 87
328 330 10 20 17
328 158 90 97 93
328 106 29 73 40
328 82 14 37 37
328 227 83 98 98
67 304 30 96 86
67 105 22 27 27
67 275 10 55 21
67 198 28 73 50
67 83 43 87 80
67 307 29 53 35
67 38 16 59 35
275 21 81 92 90
275 358 33 44 34
275 256 68 76 70
275 43 47 73 50
275 189 14 24 19
275 25 47 99 57
198 312 23 80 25
198 112 44 54 48
198 368 90 91 90
198 184 94 98 95
198 96 54 61 55
200 358 10 81 67
200 33 94 99 96
200 332 91 100 100
200 7 23 24 23
200 155 66 86 85
200 21 62 94 92
200 76 16 62 43
200 230 64 84 65
309 129 31 39 35
309 337 30 52 32
309 56 19 86 28
309 340 81 95 87
309 283 45 96 61
309 272 70 91 90
309 27 30 57 35
309 108 36 93 74
118 125 75 77 75
118 71 83 86 85
118 61 66 68 67
118 3 23 62 24
118 68 84 92 86
205 151 69 89 85
205 135 76 77 76
205 221 71 73 73
245 107 80 87 80
245 78 81 100 97
72 184 72 97 82
72 215 39 57 43
72 219 39 46 41
72 343 30 89 47
72 309 26 72 52
219 227 67 98 83
219 209 74 80 79
225 48 24 96 29
225 60 64 83 69
225 216 86 89 86
225 120 66 86 69
225 88 45 49 49
225 59 71 73 73
283 206 12 64 38
283 360 11 76 29
291 109 76 81 81
291 226 70 87 83
291 9 92 96 94
291 59 24 71 62
291 29 54 58 58
239 215 13 91 73
239 304 59 95 60
239 76 47 100 73
74 32 28 48 38
74 355 33 95 61
355 79 83 95 84
355 210 77 83 81
355 181 46 93 91
249 366 91 99 94
188 10 48 97 63
188 4 63 73 64
188 265 81 89 83
188 323 93 97 96
77 198 10 81 30
77 202 45 94 54
77 292 50 97 87
77 321 78 85 78
77 13 57 93 88
202 214 22 37 26
202 81 44 100 52
202 259 46 100 88
202 72 10 83 15
202 355 82 87 87
202 65 80 85 82
339 325 93 94 93
137 1 18 60 45
137 145 56 69 62
137 147 34 67 35
137 167 22 63 30
137 309 22 44 25
144 154 63 92 68
144 72 12 14 13
79 102 20 43 27
79 333 57 96 77
80 186 65 69 67
80 124 44 65 54
80 363 92 94 92
80 70 95 100 98
186 94 75 99 82
186 189 38 57 47
186 70 72 90 89
186 270 63 97 74
186 135 85 88 85
363 27 60 94 64
363 62 20 79 68
363 299 43 46 43
363 76 71 90 74
363 359 52 99 67
84 2 88 97 95
148 285 23 60 60
185 299 46 55 51
185 140 75 100 83
185 158 63 93 63
167 29 44 71 53
167 93 30 45 32
167 22 64 67 67
167 27 40 92 83
167 329 18 58 27
167 132 58 65 62
167 331 67 81 69
303 109 95 99 96
87 301 26 62 35
87 107 39 41 41
87 66 53 76 68
87 271 89 97 93
87 30 77 83 82
87 49 65 66 66
271 337 57 86 79
271 359 34 51 34
271 314 30 41 40
206 275 80 100 88
206 93 47 59 50
206 146 54 94 63
206 269 61 72 66
206 369 55 72 72
206 140 26 51 48
206 236 12 45 28
91 335 78 87 79
91 21 28 47 28
91 142 80 87 85
335 136 72 81 75
335 190 86 96 94
335 234 39 89 63
335 193 16 56 33
335 279 46 73 70
335 331 30 65 61
93 204 29 70 45
93 323 77 92 80
93 167 10 35 22
93 315 76 93 80
276 313 81 94 88
276 62 10 13 10
276 188 32 63 40
276 355 62 87 67
280 193 52 100 66
280 332 84 94 84
280 366 51 99 60
280 271 63 98 86
280 350 72 83 76
210 178 44 48 45
210 249 82 92 91
210 307 94 98 95
192 35 76 89 84
192 205 65 74 71
192 138 87 91 90
192 112 39 60 45
97 369 58 100 80
97 145 87 91 87
97 277 77 97 93
97 226 72 86 76
277 252 50 71 71
277 117 18 91 20
277 91 11 50 19
226 295 83 99 93
99 137 35 91 45
99 34 43 44 44
99 258 90 91 91
99 111 81 84 82
99 32 33 36 33
334 113 69 96 77
334 331 10 71 33
334 316 48 63 50
334 134 55 66 56
334 165 76 93 92
334 180 26 35 32
334 233 72 79 74
139 107 86 91 90
139 38 86 95 91
341 67 66 72 66
341 76 35 74 52
269 109 73 84 81
106 7 40 50 41
106 122 47 63 55
106 64 82 94 93
109 82 28 29 29
109 313 74 95 74
317 88 60 62 60
317 151 93 94 94
317 167 10 57 26
317 196 84 86 86
317 54 28 96 72
153 71 22 95 50
153 193 57 69 68
153 289 75 83 76
153 333 70 79 72
153 87 87 89 89
348 336 62 86 82
348 239 73 90 77
348 235 38 46 38
264 247 81 83 83
264 251 34 48 41
264 95 37 59 50
264 250 57 63 58
264 338 61 92 92
112 345 51 84 79
113 270 36 54 47
113 123 81 90 88
113 25 86 92 89
113 4 40 41 40
113 318 45 71 46
270 172 21 36 24
123 241 24 70 66
123 369 69 76 75
123 200 92 99 95
123 107 20 54 41
123 275 63 79 79
123 195 72 76 73
114 331 77 85 77
114 303 20 89 75
331 85 34 39 37
331 34 55 58 57
331 164 13 17 15
331 102 29 40 32
143 186 27 32 31
143 84 33 87 60
126 364 79 93 83
126 176 87 93 91
126 147 70 88 73
126 196 72 79 78
125 86 49 93 53
125 195 34 93 34
125 59 61 100 91
132 119 75 89 80
132 149 62 84 81
121 173 15 67 54
121 141 76 86 82
121 202 28 31 29
121 67 13 19 14
121 37 53 54 54
320 100 35 89 70
320 347 26 71 33
320 289 77 99 91
320 160 28 32 32
320 305 55 89 75
320 341 15 43 39
172 53 65 98 85
364 286 78 88 88
364 181 94 99 99
364 6 80 89 80
364 16 65 77 73
364 19 94 96 94
364 235 80 89 85
176 307 53 97 77
176 13 44 75 68
176 183 10 59 33
176 250 67 78 68
176 163 71 78 73
147 305 51 100 51
147 249 73 98 88
147 38 62 80 68
147 270 16 57 33
147 214 52 66 52
196 363 89 90 89
196 135 22 92 88
196 216 70 90 75
218 126 17 96 66
218 168 13 58 41
218 246 41 74 73
218 344 22 38 37
218 175 19 25 20
218 232 92 94 93
230 26 66 68 67
230 337 43 57 47
230 47 14 72 61
230 205 77 79 79
233 171 16 28 27
233 344 94 96 94
233 56 93 100 98
130 97 91 94 92
130 361 30 44 42
130 39 18 24 20
130 142 29 46 35
361 218 16 46 22
361 91 66 78 71
287 7 74 97 80
287 353 63 93 64
287 61 40 90 54
287 222 32 70 62
287 242 60 66 60
287 297 78 90 81
149 82 68 89 70
149 193 20 98 55
149 265 21 52 51
149 337 14 38 16
134 308 72 90 72
134 262 14 58 23
134 338 69 70 69
134 252 52 99 84
134 95 22 77 45
134 19 61 89 66
134 289 78 81 79
134 205 69 90 89
134 182 52 76 55
182 162 56 69 58
182 151 74 88 85
182 312 37 56 54
182 132 49 76 64
182 199 30 60 31
154 41 15 27 20
154 305 19 100 26
154 155 73 96 90
154 84 94 95 95
154 74 17 58 18
154 295 71 90 87
136 343 32 35 34
136 271 10 46 18
136 5 10 88 80
136 165 12 78 33
136 96 85 91 88
136 230 51 83 59
138 136 75 83 75
138 273 51 68 52
138 202 47 64 58
138 280 27 78 55
138 198 35 83 51
273 268 62 96 82
273 46 93 99 96
273 236 42 74 51
273 72 24 31 31
159 369 32 77 70
159 256 22 61 42
159 367 71 79 78
159 140 41 91 87
159 76 22 50 47
159 131 18 48 26
146 53 93 94 93
265 307 50 76 61
265 119 55 69 60
265 268 83 98 88
265 183 51 80 59
265 96 19 78 38
337 186 71 79 76
337 265 13 49 16
337 133 44 63 48
337 209 65 74 72
191 75 56 71 69
191 90 40 90 67
191 66 59 93 81
191 237 85 98 90
191 196 31 37 36
191 120 36 79 54
191 8 73 87 73
329 312 71 74 74
329 117 61 99 88
329 16 83 98 98
329 214 18 87 71
329 49 60 75 62
329 240 90 94 94
253 294 77 78 77
253 70 81 97 85
253 276 57 97 64
253 367 72 98 74
359 341 11 49 23
359 275 30 95 34
359 53 24 59 37
359 332 74 80 76
163 179 32 74 52
163 155 10 64 15
163 181 16 77 16
164 56 32 57 37
164 182 59 96 75
164 250 14 75 32
164 350 87 90 88
164 135 10 90 60
169 58 41 69 58
169 7 61 67 67
169 124 66 95 73
169 30 36 68 45
171 130 61 67 66
171 85 30 91 36
171 245 85 88 88
171 107 27 33 30
171 323 55 96 96
261 290 67 79 73
183 18 22 27 25
183 33 61 99 84
183 198 13 74 21
183 271 34 51 36
183 253 48 65 57
194 18 44 51 47
194 314 12 80 55
194 253 54 87 64
357 43 53 93 60
357 103 22 31 24
357 46 72 74 72
357 29 36 47 43
297 168 36 95 66
297 180 20 52 24
297 55 22 58 37
297 117 76 77 77
297 346 52 61 57
216 323 71 75 74
216 268 43 63 54
216 348 56 88 69
216 353 67 89 80
259 327 41 99 84
259 33 84 95 87
259 365 25 65 34
259 221 37 83 56
259 307 59 60 60
259 16 55 98 61
236 133 21 81 81
236 14 52 66 65
212 365 59 88 77
213 328 24 90 71
213 350 16 17 16
213 291 65 77 69
213 155 34 88 82
268 126 19 27 20
302 253 87 96 93
302 327 48 77 48
302 178 21 54 42
302 241 67 81 72
302 89 80 89 88
302 298 25 60 57
302 131 59 63 62
227 64 67 87 76
222 129 48 53 48
222 17 78 98 84
222 303 51 72 59
228 97 67 99 69
228 100 36 52 49
228 291 77 96 86
228 197 74 81 80
228 46 61 76 61
228 201 55 73 70
228 301 81 89 81
228 233 60 80 67
228 293 53 66 60
293 138 55 87 76
293 104 62 95 75
242 243 75 92 92
257 369 35 55 51
257 335 32 98 49
257 155 19 50 29
290 155 50 100 100
290 218 62 85 81
243 118 10 40 35
243 354 76 88 77
243 257 93 97 93
248 335 64 92 68
248 137 44 50 48
248 40 37 63 49
248 338 77 90 88
366 346 12 33 26
366 292 63 73 66
366 12 75 82 79
279 110 57 61 58
279 335 88 99 97
279 246 90 100 93
281 217 88 100 97
281 278 43 85 69
281 328 65 68 65
281 280 84 89 86
260 209 19 89 52
322 123 59 60 59
322 231 51 88 77
274 23 70 94 86
274 265 51 60 57
326 306 27 59 48
326 128 17 25 18
326 143 13 55 28
326 305 12 94 42
326 148 17 100 50
310 236 59 72 59
310 84 44 57 57
310 173 73 82 79
324 90 43 48 47
324 32 50 51 50
324 295 31 52 40
316 40 26 28 28
316 77 75 81 75
316 80 61 70 70
316 227 13 73 48
316 119 58 64 58
316 71 86 91 89
316 86 93 97 97
319 208 14 77 47
319 349 73 74 74
319 20 23 33 30
351 259 14 15 14
362 283 48 90 49
362 93 93 100 97
362 221 78 97 80
0 369
