975 3218
0 832 77 92 78
0 99 74 96 94
0 376 36 63 37
0 883 56 87 70
0 41 18 55 45
0 696 84 90 84
0 819 93 99 95
832 382 72 97 83
832 503 91 97 94
832 201 64 83 83
99 906 47 94 55
99 347 78 84 78
99 460 18 58 58
99 74 33 48 46
376 560 92 96 92
376 351 23 94 58
376 353 33 66 57
376 34 47 100 95
883 174 28 63 40
41 751 35 67 46
41 103 51 97 78
696 534 63 73 69
696 373 76 100 84
696 713 13 21 18
696 251 29 58 53
696 528 74 80 80
696 129 78 82 79
696 559 91 94 94
696 484 88 95 89
696 523 27 64 36
696 726 35 62 47
819 338 33 53 36
819 576 11 73 12
819 521 56 89 62
819 267 86 92 92
819 673 70 71 70
819 168 24 81 52
2 114 27 88 41
2 555 63 70 63
2 924 54 67 57
2 442 16 79 46
114 940 11 97 39
114 263 64 80 79
114 372 10 64 13
114 869 65 72 65
114 475 50 82 74
555 281 90 93 90
555 907 64 77 76
924 158 75 98 88
924 767 63 72 70
442 967 93 100 97
442 185 76 84 77
442 479 66 92 67
3 75 89 93 91
75 756 15 20 18
75 252 56 68 66
75 731 19 53 44
75 435 74 94 88
4 69 48 96 75
69 285 91 97 92
69 595 91 100 93
5 173 27 93 61
5 879 28 62 35
5 595 89 100 96
5 467 74 83 74
5 214 87 95 93
5 562 29 100 92
173 527 65 67 66
173 156 53 63 59
173 250 22 100 33
173 821 53 91 65
173 793 39 70 41
879 759 87 94 89
879 616 88 90 90
595 617 59 74 59
467 881 12 25 15
467 648 48 85 59
467 951 57 88 58
467 831 95 99 96
467 161 50 64 51
214 388 79 83 81
562 715 40 95 77
562 958 44 89 80
562 545 88 90 89
6 206 95 97 96
206 652 34 57 46
206 776 77 84 82
206 111 76 77 76
206 581 47 91 64
7 303 50 63 60
7 478 33 54 48
7 385 29 70 29
7 173 66 94 85
303 277 34 76 34
303 110 27 49 30
303 871 90 98 97
303 746 43 87 69
303 836 89 100 89
303 120 72 92 72
303 916 30 63 55
478 241 60 73 62
478 233 76 95 84
478 206 14 47 37
478 838 90 99 93
478 972 59 71 68
478 168 89 95 92
478 845 11 27 27
385 840 54 94 64
385 751 29 34 32
385 170 62 88 80
8 80 61 80 77
8 712 11 48 15
8 50 17 98 47
8 942 90 92 92
8 793 28 56 47
80 230 35 53 38
712 271 73 86 79
50 83 54 68 64
50 467 21 39 35
942 771 79 89 89
942 321 35 75 46
9 692 27 95 60
9 219 16 80 57
692 438 52 71 56
692 291 50 86 59
692 488 35 59 47
692 484 80 99 83
692 417 17 90 30
219 208 75 91 80
219 750 85 86 85
219 944 37 76 45
219 450 26 81 64
10 364 77 99 84
10 775 68 83 83
10 50 19 76 74
10 774 16 42 41
364 501 87 88 87
775 918 35 90 49
775 323 43 66 44
775 230 88 96 88
775 128 59 94 79
775 709 18 95 61
775 430 56 73 60
774 125 63 92 68
774 365 89 90 90
774 656 62 88 70
11 628 15 35 28
628 682 41 88 46
628 485 69 93 85
628 142 17 32 24
12 234 64 88 64
12 447 38 48 39
12 634 20 76 57
12 645 51 92 90
12 418 76 83 82
12 3 64 84 67
12 758 91 94 94
12 441 25 36 33
12 210 72 81 79
234 356 19 73 64
234 952 31 97 60
634 258 26 74 62
634 120 37 80 77
634 548 23 95 50
634 726 90 95 91
634 210 91 96 92
634 516 88 90 89
634 299 22 28 25
634 465 36 69 54
645 734 61 76 67
645 103 27 100 55
645 31 27 96 52
645 839 81 93 89
645 520 71 97 89
418 527 71 93 86
418 849 90 93 91
418 859 84 100 87
418 286 14 17 16
758 55 41 44 41
758 790 76 97 76
758 146 35 49 46
758 892 38 50 38
758 943 22 25 22
441 645 73 90 85
441 430 27 83 72
441 604 88 98 89
210 495 89 97 89
210 129 62 94 68
210 427 36 81 65
210 2 72 100 72
210 947 64 86 86
210 28 49 64 54
13 2 50 96 89
13 965 11 59 43
965 426 70 100 78
965 836 19 90 90
965 598 26 89 48
965 974 94 99 95
965 421 57 64 57
14 891 41 46 43
14 704 32 86 49
14 608 72 93 77
14 259 33 64 60
891 311 69 95 89
891 348 81 92 82
891 254 88 93 93
704 710 30 31 31
704 731 54 64 56
704 659 13 51 27
608 803 11 51 12
608 597 14 53 41
608 858 12 38 21
259 658 18 63 40
15 833 69 79 79
15 775 59 76 68
15 791 51 95 64
15 760 56 79 61
833 931 34 70 49
791 408 18 65 44
791 501 90 97 95
791 748 27 37 29
791 147 26 59 33
760 973 64 68 64
760 524 13 39 22
16 879 25 64 56
16 604 77 97 82
16 487 37 79 55
604 1 13 67 62
604 752 24 28 24
604 536 61 100 88
604 952 11 49 13
604 313 51 98 54
604 550 70 96 84
604 561 47 57 48
604 404 89 100 95
487 544 87 93 88
487 74 30 61 35
487 972 22 50 25
17 723 54 66 54
17 309 95 98 97
17 497 84 98 88
723 30 92 99 98
723 689 19 79 43
309 779 90 96 94
309 593 92 95 94
309 510 59 93 81
309 628 94 95 94
497 397 43 98 43
497 175 94 96 95
497 57 32 79 70
497 591 18 64 46
497 562 39 89 42
18 30 86 100 93
30 422 22 61 56
30 866 56 92 82
30 61 77 79 79
30 17 11 82 41
19 727 75 95 93
19 541 11 38 27
727 835 23 80 31
727 153 19 66 62
727 80 55 89 83
727 929 44 71 62
727 731 47 72 60
541 745 18 57 57
541 558 35 53 42
541 712 14 33 17
20 497 33 62 42
21 500 92 98 95
500 599 84 95 89
500 59 85 100 86
22 707 69 81 81
22 62 27 60 40
22 457 75 79 77
22 165 26 86 54
707 102 85 99 86
707 275 24 46 33
707 131 62 98 90
707 126 88 97 89
457 922 52 88 87
457 636 73 97 91
457 598 55 82 56
165 969 22 34 23
165 908 42 45 42
165 388 61 94 84
165 255 58 68 59
165 705 21 30 26
165 583 87 89 89
23 901 78 99 82
23 638 36 91 42
23 486 57 68 66
23 214 89 100 91
901 85 25 94 62
901 159 59 79 79
901 764 55 98 74
901 349 55 64 59
638 929 50 61 56
638 4 95 98 96
486 244 86 97 90
486 647 17 96 91
486 307 54 89 60
486 759 58 84 80
486 231 10 29 12
486 761 46 66 47
486 411 25 58 45
24 678 64 95 95
24 841 84 87 86
24 448 25 75 62
24 450 18 100 39
24 600 41 98 66
678 490 72 91 76
678 461 75 92 88
678 613 39 49 47
678 706 78 98 87
841 755 88 90 90
841 467 93 95 94
841 434 74 87 78
841 890 83 93 85
841 823 63 99 96
841 459 35 84 76
448 266 31 60 40
448 91 42 63 58
450 818 20 79 45
450 587 56 100 71
450 350 70 75 71
600 645 42 86 82
600 694 44 98 61
600 72 86 91 88
600 108 48 66 48
600 588 26 83 31
600 528 87 89 87
25 750 61 69 63
25 177 21 31 25
750 946 69 98 76
750 144 42 68 44
750 84 43 80 77
750 651 75 94 91
750 850 15 34 27
750 563 18 25 25
750 330 77 87 78
177 463 54 56 55
26 197 92 96 93
26 356 86 99 91
197 340 41 63 49
197 898 36 79 66
197 821 21 55 33
356 577 58 79 59
356 709 46 54 53
356 725 18 76 63
356 970 86 99 92
27 321 47 88 71
27 962 79 93 82
321 74 79 90 85
321 943 39 71 69
321 709 28 94 66
321 438 29 74 47
962 636 33 71 59
962 66 89 92 90
962 295 37 82 65
28 18 69 77 72
28 647 89 97 97
28 960 49 85 51
28 621 48 99 60
28 797 84 93 87
28 22 54 68 58
28 908 41 100 90
647 955 74 98 81
647 149 40 63 55
647 415 25 33 31
960 425 61 85 84
960 948 20 21 21
960 417 33 89 62
960 484 67 74 72
621 716 43 96 83
621 594 75 99 89
621 117 85 88 85
621 644 58 80 73
621 540 57 80 78
621 474 31 49 49
621 369 35 44 35
797 525 42 43 42
797 398 23 94 90
908 189 71 82 80
908 763 66 67 67
908 571 57 93 61
908 645 84 86 86
29 944 27 45 41
29 804 12 57 29
29 358 68 88 75
29 929 36 65 46
944 367 95 97 95
944 310 62 99 92
944 363 51 90 58
804 141 74 84 83
804 328 33 96 44
804 7 64 84 82
804 445 83 86 84
358 201 68 69 69
929 519 90 94 92
929 649 39 68 54
929 181 83 100 92
422 649 14 27 15
422 871 67 70 70
422 469 84 92 84
866 154 43 68 54
866 476 22 75 40
866 300 24 74 35
866 624 88 92 90
866 529 90 98 90
866 782 59 84 63
61 826 69 79 75
61 699 62 87 81
61 766 84 97 85
31 674 35 56 52
31 491 37 95 75
31 633 23 39 39
31 256 69 94 75
31 414 63 84 84
674 345 59 78 75
674 358 17 86 40
674 789 83 91 88
674 955 84 88 86
674 863 95 97 97
674 323 57 86 71
674 923 56 60 59
491 835 11 74 51
491 272 70 95 91
491 24 34 58 40
633 577 90 96 95
633 965 91 99 95
633 22 81 100 91
633 265 93 96 94
414 823 30 93 76
414 346 19 57 30
414 39 49 60 57
414 646 31 78 62
32 417 43 100 70
32 926 39 59 42
32 364 52 71 61
32 372 34 95 78
32 83 59 100 62
32 867 33 94 48
417 946 17 28 24
417 950 41 91 76
926 349 27 91 48
372 330 78 98 82
372 22 58 62 62
83 439 14 78 47
83 596 20 52 43
83 165 29 74 66
83 718 54 56 54
83 622 36 56 56
83 853 25 39 34
83 826 14 44 28
83 732 25 52 31
83 440 81 82 82
867 68 26 82 44
867 570 65 89 81
867 946 63 65 65
867 731 31 36 36
867 686 63 89 70
33 388 70 75 73
33 412 53 71 61
33 465 88 91 91
388 459 12 58 46
388 720 51 86 76
412 908 78 99 95
412 954 63 67 63
412 223 18 50 36
465 122 47 98 55
34 896 59 74 62
896 856 77 86 83
896 944 29 38 29
896 493 43 75 47
896 72 17 58 51
896 623 68 98 88
35 808 31 42 33
808 894 65 77 69
808 246 92 97 92
808 611 66 91 74
808 14 27 58 33
808 933 47 90 56
36 516 12 96 70
36 161 46 85 69
36 99 15 31 26
36 60 45 57 52
36 335 23 31 31
36 528 42 70 45
516 720 45 83 56
516 774 65 75 66
516 263 10 57 32
516 339 18 26 21
161 757 61 73 73
161 776 71 94 74
161 73 16 92 87
161 663 64 90 70
161 566 20 82 36
60 180 95 98 95
335 217 87 92 90
335 547 62 88 81
335 358 57 78 62
528 294 75 96 84
528 880 77 91 88
528 806 27 100 68
37 628 57 95 81
37 58 76 98 89
37 274 72 78 77
37 932 52 57 57
58 467 78 93 79
274 45 94 100 98
274 187 27 83 81
932 708 80 98 87
932 275 76 86 83
38 832 39 87 41
38 406 30 39 36
38 213 37 97 78
38 763 32 46 34
38 780 10 71 37
406 543 85 96 93
406 364 95 97 97
406 948 71 99 84
406 604 51 85 77
406 99 33 67 64
213 152 67 88 71
763 243 83 90 84
763 972 49 87 86
763 346 84 94 90
780 832 87 99 93
780 204 61 72 66
39 702 61 63 62
702 571 68 84 84
702 542 62 75 63
702 426 10 95 90
702 410 75 84 84
702 692 45 48 46
751 769 16 71 30
103 550 65 90 87
103 735 15 82 39
42 627 17 24 20
42 834 46 93 61
42 491 93 97 95
627 905 46 78 58
627 606 51 91 76
627 630 26 47 31
627 162 92 93 92
627 206 83 90 89
627 464 92 96 93
627 524 34 57 51
627 242 78 99 96
834 99 16 57 17
834 345 10 54 16
834 732 80 89 85
834 563 20 78 73
834 577 88 98 88
834 564 33 87 62
834 731 75 82 81
43 97 94 95 94
97 448 23 64 64
97 911 19 79 45
97 576 37 89 63
97 750 71 85 82
44 597 47 65 48
44 550 83 98 85
597 612 14 61 24
597 767 75 99 93
597 301 92 96 94
597 743 13 87 68
597 279 52 90 78
597 848 25 99 90
597 971 40 70 67
550 872 43 95 83
45 312 49 66 55
45 200 29 64 60
45 617 59 60 59
312 521 13 70 53
312 261 65 72 69
312 901 13 29 13
200 138 29 62 54
200 19 44 99 63
200 67 10 38 35
200 855 28 42 39
617 404 19 54 46
617 912 89 94 90
617 874 63 81 79
617 934 41 89 54
617 230 10 57 51
617 19 53 71 59
617 940 81 90 84
46 682 53 84 75
46 174 80 84 82
46 16 15 38 32
46 539 87 98 87
46 24 70 92 90
46 233 51 80 77
682 94 77 90 88
174 774 80 96 85
539 491 16 68 33
539 609 43 74 61
539 852 65 92 65
539 55 88 91 89
539 777 47 82 82
539 763 78 96 81
539 927 13 63 38
233 893 69 84 69
233 465 31 77 53
233 639 52 68 62
233 289 10 77 66
233 904 86 95 92
233 825 90 96 93
233 435 46 55 55
47 439 76 100 91
47 929 41 56 55
439 841 21 72 66
439 204 91 96 94
48 469 19 24 21
48 582 79 85 79
48 842 90 96 91
48 952 71 94 81
48 765 25 43 38
469 760 38 40 40
582 122 50 59 55
582 897 46 59 55
582 738 12 38 18
582 153 81 82 81
582 306 82 97 93
582 91 89 93 91
842 887 47 60 50
842 166 40 73 44
842 667 90 91 91
952 194 23 74 65
765 773 82 83 83
765 185 52 95 52
765 363 52 92 61
49 888 52 63 63
49 87 64 95 66
49 42 28 92 59
888 797 78 82 78
888 233 94 96 94
87 426 69 86 75
87 711 93 100 100
87 92 58 60 58
51 763 29 99 93
52 609 32 34 33
52 66 48 88 74
52 628 27 77 36
52 742 45 82 56
52 202 41 74 64
52 566 82 98 85
609 111 40 87 54
609 537 37 62 53
609 380 41 81 76
609 874 40 86 81
66 77 94 95 94
66 616 17 46 40
742 425 72 73 73
202 531 26 33 32
202 890 35 92 50
202 354 55 64 56
566 472 73 82 79
566 824 38 46 44
53 224 78 80 80
53 611 73 91 77
224 210 76 84 84
224 704 34 71 42
224 298 88 95 90
224 261 56 71 69
224 946 73 79 76
224 148 67 77 71
611 51 94 99 94
611 856 84 86 86
611 484 12 31 14
611 778 47 71 59
611 506 50 74 73
611 921 67 83 73
54 510 13 69 43
54 108 19 44 24
54 242 41 56 42
54 148 33 35 35
510 622 36 73 66
108 14 38 61 45
242 678 87 90 87
148 132 25 81 34
148 783 94 95 95
148 322 94 99 99
55 637 73 88 78
55 574 22 57 23
637 294 50 74 74
637 186 66 97 66
637 672 30 91 45
637 864 94 95 95
574 351 22 46 23
574 578 28 73 31
56 460 69 78 72
56 863 91 100 99
56 190 59 99 85
56 57 69 90 84
460 119 38 84 41
460 530 21 100 68
460 231 50 87 73
460 373 36 87 37
460 590 24 95 29
863 699 84 90 88
863 494 51 55 51
863 170 47 57 57
863 56 91 95 95
190 671 91 96 94
190 187 83 99 92
190 64 93 95 93
190 446 36 41 36
190 806 42 87 53
57 68 71 76 72
57 841 39 63 58
68 602 45 75 59
68 470 76 99 86
68 26 61 62 61
68 114 93 94 94
59 299 64 66 66
59 542 39 59 39
59 89 34 74 69
59 589 10 56 38
299 899 71 77 72
299 906 38 45 40
542 502 88 89 88
542 574 55 60 58
89 829 62 93 69
89 345 48 51 51
589 510 37 64 51
589 816 60 71 61
589 950 32 69 61
180 422 54 96 94
180 510 27 71 45
180 459 31 51 49
180 99 14 58 33
180 606 65 76 75
826 167 52 78 75
826 129 35 88 77
699 850 90 94 91
699 753 93 95 94
699 6 35 100 39
699 579 89 99 89
766 624 23 65 28
63 412 63 78 72
64 940 27 40 39
64 83 65 72 71
64 691 48 68 60
64 745 57 89 66
940 577 49 97 95
940 905 24 55 55
940 498 83 91 83
691 82 19 26 26
691 616 37 79 51
691 96 58 96 65
691 959 75 91 87
691 728 90 99 90
691 608 91 100 99
691 113 81 98 96
691 166 80 82 81
691 953 83 95 94
691 379 85 87 85
691 973 11 97 96
745 701 58 64 63
745 150 19 81 56
745 132 82 90 86
745 47 76 92 88
65 201 74 98 97
65 755 15 20 16
65 566 94 100 95
65 241 29 88 49
201 564 12 53 14
201 709 86 94 88
201 909 87 97 87
755 452 81 96 96
755 680 14 49 20
755 229 89 99 96
755 967 50 83 56
241 481 39 51 43
77 491 67 86 86
77 967 72 84 83
77 352 74 84 83
77 99 13 25 21
616 128 75 78 77
616 310 59 65 59
616 316 11 63 44
616 900 70 99 86
67 788 28 59 28
67 665 33 91 91
788 83 74 84 74
788 502 86 99 88
665 342 69 86 73
665 841 70 97 94
665 716 86 96 95
665 806 65 87 67
665 345 67 76 71
665 524 91 97 95
665 960 35 46 44
602 29 20 36 34
602 949 90 98 94
602 824 57 94 57
602 287 65 85 68
602 519 46 91 66
470 11 90 96 94
470 186 19 90 77
470 871 32 71 66
285 421 49 86 50
285 691 63 90 65
285 295 66 84 79
70 6 54 94 92
71 511 95 100 95
71 136 10 25 16
511 823 18 75 64
511 723 13 92 78
511 627 15 64 30
511 564 70 83 73
136 104 20 55 22
136 348 88 97 95
72 752 36 73 63
72 743 37 89 89
752 171 77 78 78
752 690 61 70 62
752 268 80 91 83
752 830 83 97 87
752 14 86 91 89
743 957 77 90 80
743 699 31 48 43
743 514 15 62 15
73 932 55 58 58
73 674 85 91 87
73 822 44 81 77
73 179 63 71 63
822 796 65 95 75
822 45 68 90 77
822 805 88 100 94
822 778 13 92 88
179 564 52 84 73
179 127 43 93 82
179 889 89 95 94
179 338 35 81 73
179 447 37 96 90
179 22 77 84 83
74 860 36 91 57
74 254 66 73 69
860 878 40 76 56
860 253 46 73 59
860 159 40 60 48
860 636 88 93 90
860 656 73 100 77
860 7 24 71 24
860 336 29 60 49
254 447 83 91 89
254 286 22 29 24
254 449 33 78 40
254 654 54 98 87
254 459 49 73 58
254 94 90 100 99
254 51 40 48 45
756 546 18 63 24
756 539 72 91 74
756 314 70 90 90
756 670 77 83 83
756 64 40 76 49
252 513 75 97 80
731 385 37 80 50
731 76 46 92 89
731 179 27 29 28
731 118 22 70 66
731 865 68 77 70
731 343 71 74 71
731 819 22 60 47
435 873 27 55 36
435 898 93 98 96
76 475 34 38 38
76 409 73 75 73
76 249 81 100 99
76 492 22 73 56
475 886 88 91 91
475 378 13 99 31
475 882 59 87 86
409 830 76 92 86
409 768 44 80 50
409 370 65 89 80
249 15 36 83 72
249 144 30 36 35
249 52 43 97 92
492 71 57 69 67
492 491 71 84 77
492 535 12 90 45
967 667 25 97 81
967 493 92 95 92
967 1 60 84 68
967 471 16 31 17
967 869 43 86 56
352 405 18 60 51
352 741 49 60 60
352 604 16 92 44
352 334 80 97 85
352 138 93 95 93
78 779 41 45 44
78 36 44 57 50
78 56 63 87 83
779 541 46 91 47
779 945 71 78 78
779 276 61 62 62
779 568 91 99 97
79 225 52 94 67
79 279 12 61 29
79 872 95 100 99
225 887 19 80 20
225 80 32 97 74
279 722 42 63 61
279 194 81 99 96
872 805 94 97 95
872 732 75 83 75
872 147 86 90 89
872 132 23 73 54
872 656 22 35 35
872 769 52 84 57
230 63 55 94 63
230 947 92 99 93
81 607 93 96 94
607 10 30 84 43
607 731 93 97 94
82 537 91 92 91
82 394 44 53 49
82 897 54 65 63
82 752 17 73 28
537 301 28 37 36
394 402 85 95 87
394 124 28 72 55
394 230 31 94 90
394 206 57 79 69
897 768 13 62 33
596 144 18 27 21
596 760 80 90 85
596 741 40 41 40
596 724 53 78 67
718 50 73 77 75
718 935 85 89 89
718 316 91 99 97
718 234 90 100 90
622 811 30 42 31
622 846 19 73 19
622 480 57 70 61
732 869 19 85 62
732 941 12 25 16
732 118 38 79 39
732 554 41 95 48
732 904 65 83 82
440 270 19 58 50
84 965 24 71 24
84 177 18 49 19
84 884 81 86 84
884 635 16 73 65
884 641 80 81 81
884 269 27 93 47
884 363 22 72 54
85 448 79 84 81
85 234 85 99 99
86 122 38 62 42
122 30 46 62 60
122 599 27 56 56
426 107 18 80 32
426 182 81 87 82
426 791 55 90 79
711 967 73 92 92
711 396 88 91 88
92 393 36 37 36
92 567 77 83 78
92 87 12 17 16
88 567 53 69 59
88 36 27 51 27
88 63 47 66 58
88 178 88 97 93
567 819 27 69 37
567 657 67 97 74
829 378 88 90 89
829 508 51 70 51
345 282 83 89 87
345 960 56 92 73
90 40 84 90 87
90 429 89 97 96
90 285 60 86 63
429 511 16 66 63
429 1 47 85 71
91 487 10 75 13
91 139 64 84 75
139 203 67 98 93
139 405 33 81 41
393 303 89 97 95
393 266 21 65 39
93 815 86 87 87
93 582 82 94 84
93 951 23 64 46
93 767 91 98 97
93 528 78 93 84
815 400 92 100 92
951 825 28 65 47
951 788 10 24 16
951 368 36 71 58
951 677 27 71 70
951 369 45 47 47
767 825 13 54 27
767 940 32 69 54
767 584 25 91 40
767 244 67 73 69
767 367 19 20 19
94 882 14 44 23
94 114 43 82 64
94 289 68 80 72
882 236 26 77 39
882 764 10 76 10
882 196 13 19 17
289 215 82 85 83
289 2 51 92 76
289 84 72 73 72
289 246 11 47 37
289 616 50 76 70
289 261 75 87 87
95 835 71 88 73
95 317 53 58 58
95 948 42 48 45
835 462 72 78 72
317 743 59 68 65
317 173 27 82 65
317 5 67 90 87
948 883 41 97 46
948 518 89 95 95
948 95 37 56 56
96 498 67 88 76
96 405 89 97 93
96 493 53 55 53
96 401 19 75 27
498 691 14 98 59
498 168 47 57 56
498 965 63 85 85
498 440 68 84 70
498 879 95 98 97
498 928 91 100 91
405 493 10 53 10
405 683 66 90 67
405 112 12 77 76
493 62 72 83 74
401 56 31 87 54
911 562 46 93 90
911 509 28 60 58
576 280 26 56 50
576 932 68 99 88
98 754 85 90 90
98 255 80 96 84
98 109 35 82 57
98 340 94 100 99
98 514 73 86 78
98 811 32 65 36
754 133 24 99 80
754 583 51 79 60
754 378 81 94 91
754 40 31 82 38
754 584 93 94 94
754 580 68 78 71
109 272 10 17 11
109 298 14 100 73
340 851 88 94 88
514 31 85 96 95
514 666 79 91 79
514 147 67 88 79
514 667 60 61 60
514 191 55 72 55
811 258 32 68 36
811 686 82 84 83
811 152 85 90 87
906 891 91 95 92
906 870 25 39 34
906 511 37 92 71
347 43 76 95 82
347 546 90 99 99
347 914 17 65 48
100 699 35 96 83
100 168 68 77 77
100 507 42 55 50
168 523 16 49 42
168 916 83 86 85
101 469 91 97 91
101 783 41 75 49
101 815 40 93 76
101 875 33 47 45
101 601 40 52 52
783 23 91 100 97
783 190 45 67 45
875 220 13 18 18
601 617 21 24 21
601 367 86 92 86
601 954 80 96 92
601 89 61 88 83
601 654 95 98 95
601 66 58 94 86
102 451 68 72 68
102 180 88 98 93
102 699 35 82 54
451 155 71 92 79
451 101 89 99 91
451 28 65 87 71
451 970 43 88 57
735 722 80 94 84
735 7 68 73 70
735 186 47 60 49
104 411 46 94 81
104 10 66 82 76
104 856 23 97 82
104 961 10 35 15
104 638 73 83 81
411 120 91 97 92
856 943 75 78 77
856 936 60 71 67
856 573 69 86 85
856 523 53 66 63
856 457 67 76 71
961 496 30 84 33
105 935 48 49 49
105 656 89 100 89
105 205 56 67 67
105 817 47 93 68
935 738 69 70 69
935 352 49 91 74
935 735 62 89 69
205 951 27 63 32
205 86 69 81 74
205 646 20 73 32
205 261 47 93 66
817 206 19 85 39
817 281 36 53 43
106 655 95 99 95
106 331 61 67 63
106 532 95 96 95
106 777 74 84 81
106 493 41 71 41
106 621 23 81 68
655 275 30 55 32
655 719 30 70 59
331 99 10 48 19
331 337 43 50 48
331 427 64 87 76
532 122 18 50 22
532 306 73 89 76
532 376 64 88 78
777 900 46 63 60
777 809 18 72 24
777 625 47 83 66
107 55 95 98 95
107 720 48 71 54
720 45 19 22 21
720 362 80 88 83
272 373 29 45 38
272 184 10 53 34
272 530 24 93 52
272 870 69 100 77
298 483 56 59 58
298 689 28 56 44
110 508 80 88 86
110 289 33 39 37
110 606 89 90 89
508 725 36 98 54
508 51 14 94 70
508 891 69 84 83
606 530 80 83 80
111 360 32 39 36
111 702 86 93 93
111 47 15 43 40
360 849 30 93 47
360 954 80 96 86
360 722 66 73 69
360 290 47 97 89
360 429 86 90 88
112 67 20 67 46
112 581 57 76 68
112 374 19 63 23
581 436 16 47 21
581 35 94 99 98
581 683 46 53 51
374 406 35 99 99
113 73 87 93 92
263 423 13 84 63
263 619 67 76 74
263 356 62 89 71
869 135 32 74 42
869 953 84 93 93
869 432 44 68 55
869 130 95 99 97
115 4 47 90 70
115 411 52 100 76
115 136 64 72 70
115 650 59 91 72
115 854 82 97 92
116 210 35 96 88
116 486 75 88 79
117 797 66 70 66
117 504 16 40 27
504 503 10 29 24
504 190 24 67 34
504 889 13 56 41
504 98 80 93 90
118 43 37 99 88
118 223 19 60 35
118 57 80 84 82
118 742 50 58 51
118 535 86 95 91
118 807 91 95 91
223 20 73 93 93
223 39 56 100 89
223 190 82 86 86
535 676 93 99 97
535 237 26 44 38
807 694 76 85 83
119 895 66 74 69
119 843 77 88 77
119 511 35 90 52
119 655 75 99 99
119 69 88 95 93
895 536 82 92 82
843 694 83 99 85
843 375 46 100 48
120 169 27 96 61
120 288 36 93 38
169 62 84 88 87
169 791 47 87 87
288 583 87 94 90
288 478 25 57 52
288 863 82 98 83
121 179 66 97 85
121 205 55 71 67
121 414 31 65 37
599 149 63 87 76
599 144 71 73 71
599 945 15 48 28
123 858 24 75 69
123 705 46 53 50
123 125 21 65 42
123 589 45 82 58
858 513 73 75 73
858 873 11 73 24
858 665 83 91 86
858 918 28 92 40
858 452 66 92 74
705 346 44 72 55
705 467 61 67 61
705 175 25 77 54
705 440 35 65 59
125 362 75 76 75
125 802 10 39 19
125 280 45 60 45
125 231 93 97 96
124 107 11 19 19
124 712 39 79 54
362 931 78 79 78
802 609 82 95 92
280 445 57 60 58
280 621 55 92 75
280 191 80 87 82
280 124 19 59 44
280 619 31 47 46
231 171 22 47 30
231 515 22 54 48
231 925 80 99 91
126 661 76 93 89
126 769 70 99 76
126 370 84 97 88
661 94 18 53 19
661 705 71 87 77
661 411 48 82 67
661 958 10 25 12
661 399 71 96 78
661 948 82 96 85
661 255 61 85 82
661 459 46 75 47
661 22 16 77 35
769 753 60 97 75
769 558 77 87 85
370 924 41 60 56
370 438 11 18 12
370 637 38 47 47
370 948 38 68 52
127 293 80 91 85
127 168 66 67 67
127 115 14 50 50
127 339 87 97 93
127 337 32 47 41
293 809 76 80 79
293 313 58 95 75
339 505 73 86 78
339 140 76 83 79
339 485 66 76 68
337 948 54 73 64
337 308 86 95 91
337 601 54 80 68
337 610 91 98 91
128 618 30 45 31
128 599 50 68 53
128 725 62 100 92
618 944 65 77 70
618 1 60 82 70
618 405 22 99 70
725 269 38 99 77
725 591 91 96 93
129 928 87 95 93
129 53 16 50 27
129 726 53 64 58
129 143 23 48 37
129 727 91 95 91
129 494 26 39 36
129 239 24 39 36
928 957 14 38 22
726 841 81 84 84
726 559 44 54 46
726 774 42 52 46
726 424 23 67 58
726 147 43 55 48
143 601 87 93 89
143 662 29 54 43
494 771 95 100 99
239 108 43 98 77
239 582 43 91 82
239 247 10 30 25
239 222 93 94 94
239 743 73 99 79
239 206 37 90 85
239 729 29 82 52
130 843 61 100 90
130 615 28 38 33
130 250 37 53 39
130 598 75 83 81
130 812 29 99 97
615 107 72 75 72
615 757 10 79 65
615 344 44 68 64
615 580 66 92 72
250 206 69 99 74
598 408 45 78 69
598 723 74 98 84
598 446 16 51 16
598 123 84 99 89
598 402 84 90 89
598 395 32 71 42
598 722 62 78 63
812 762 40 51 42
812 833 80 95 91
131 461 82 90 82
131 713 48 86 57
131 728 87 89 89
131 173 70 76 70
131 936 60 66 65
461 179 40 64 42
461 620 95 97 97
461 419 51 56 56
461 786 73 86 78
713 468 13 28 28
713 331 57 99 88
713 836 84 98 91
713 762 52 55 55
713 338 86 94 90
728 969 92 99 98
728 638 84 89 89
728 262 46 73 70
728 386 54 100 73
728 459 76 89 83
728 296 91 98 94
936 575 51 84 58
936 358 51 85 51
132 572 18 100 60
572 147 44 60 60
572 655 78 81 78
133 144 93 100 96
133 465 77 82 80
144 648 91 99 95
144 181 42 60 44
134 431 93 99 96
134 769 26 40 33
134 898 91 96 92
134 302 62 77 77
431 742 67 75 75
431 67 32 85 42
431 713 76 93 83
431 138 14 30 27
898 24 30 72 42
898 627 80 83 80
898 968 66 79 68
302 490 68 93 93
302 162 49 61 58
302 413 56 94 85
135 856 89 90 89
135 44 69 78 75
135 928 80 100 94
135 263 92 95 92
348 816 30 68 56
348 303 39 70 69
348 718 30 60 40
348 812 64 94 66
137 96 69 80 74
137 286 49 56 52
137 904 18 84 48
137 86 22 41 37
137 157 35 78 59
286 415 29 71 51
286 255 21 29 22
286 951 63 90 78
286 279 25 73 47
286 695 69 97 69
904 657 85 95 93
904 434 91 93 91
904 39 24 68 29
904 83 79 96 83
138 93 75 98 91
138 619 35 78 73
138 251 65 89 79
138 572 78 88 88
138 214 76 98 97
138 267 74 76 75
619 887 44 81 70
251 184 40 100 55
251 23 89 95 91
267 376 76 85 83
267 274 91 95 91
267 166 55 81 57
267 855 46 94 84
267 89 64 100 73
203 837 88 93 88
203 430 61 94 91
203 191 87 91 91
203 778 26 86 44
203 969 80 88 85
203 569 20 37 31
203 135 57 63 60
203 649 43 60 44
203 187 63 65 63
140 890 37 89 67
140 571 86 95 91
140 145 15 82 21
140 660 83 100 99
140 127 86 100 92
890 800 70 98 85
890 212 67 72 70
890 568 49 99 90
571 812 68 94 75
571 124 71 80 80
571 973 71 100 86
571 524 83 86 84
571 511 66 79 77
145 399 12 46 18
660 350 29 94 33
141 705 75 94 93
141 521 34 84 68
141 234 41 69 50
521 516 86 90 89
521 305 27 64 36
521 268 43 86 70
142 23 10 98 22
142 876 44 91 83
876 861 42 77 73
876 835 31 36 33
876 721 14 82 64
662 206 89 99 95
662 340 46 72 72
662 742 34 88 80
662 874 30 81 69
662 695 18 75 39
648 698 17 20 17
648 392 72 81 81
648 426 86 94 89
648 225 11 53 19
648 934 20 24 23
181 127 90 92 90
181 424 74 81 78
181 331 51 64 62
181 764 40 54 40
399 778 58 92 62
399 560 92 98 95
399 199 38 44 38
399 509 70 100 73
146 510 36 71 68
146 882 82 90 90
146 565 63 81 70
146 698 30 55 30
146 119 56 83 59
565 966 55 77 56
565 822 72 92 90
565 147 92 94 93
565 32 86 93 91
565 56 64 100 65
565 896 50 75 50
565 556 56 59 57
565 782 37 40 39
565 902 80 89 83
698 815 94 100 100
698 761 45 47 45
147 563 43 63 43
147 446 63 67 65
147 254 77 96 87
147 457 89 97 95
147 400 21 87 50
147 897 62 68 68
563 558 54 62 59
563 54 20 82 40
563 914 16 36 25
563 947 75 96 76
446 149 11 39 17
446 795 81 95 81
446 650 62 100 98
400 948 43 100 100
400 96 63 84 70
322 944 68 84 81
322 264 57 60 59
322 552 23 30 29
322 472 45 74 74
322 204 13 97 67
149 894 68 100 82
149 123 79 99 99
894 355 93 95 94
894 673 76 95 86
894 638 22 95 75
894 169 53 90 77
150 687 63 86 86
150 218 51 88 51
150 351 37 39 38
687 817 53 91 83
687 176 25 94 73
687 191 63 89 82
218 562 20 86 66
218 490 13 25 16
351 620 46 73 66
351 669 53 54 54
351 542 54 78 61
151 612 20 62 24
151 966 55 80 59
151 19 65 66 65
151 620 78 93 79
612 886 73 79 79
612 374 22 53 34
612 399 39 75 44
966 520 47 99 47
966 609 49 64 50
966 549 16 81 48
966 225 81 83 83
966 839 52 59 54
152 51 19 75 52
152 163 17 78 59
152 44 19 90 59
152 514 75 91 86
152 478 90 99 99
152 681 31 93 82
152 901 22 90 47
163 378 11 38 32
163 832 73 80 75
163 665 86 89 86
163 219 12 71 48
681 129 29 36 34
681 626 23 56 23
681 682 37 74 50
153 646 46 51 46
153 859 14 38 25
646 310 39 40 40
646 71 53 93 61
859 2 34 76 68
859 934 93 94 94
154 550 94 97 96
154 922 43 51 45
922 255 75 98 95
922 69 34 78 60
922 122 84 91 89
922 927 60 81 67
922 880 15 23 18
922 136 61 79 73
155 771 39 60 41
155 864 94 99 99
155 853 40 66 62
155 396 21 94 71
771 381 50 99 81
771 325 75 91 84
771 756 29 70 70
864 204 28 51 32
864 183 90 92 92
864 583 22 49 32
864 340 21 56 25
396 512 28 58 40
396 527 56 96 57
396 466 16 63 46
156 329 18 94 30
156 110 18 23 22
156 660 49 58 54
329 495 45 70 56
329 632 85 94 92
158 223 94 95 94
158 778 65 78 68
158 699 58 64 64
158 119 18 38 25
778 196 82 92 91
778 782 62 87 71
778 390 23 76 33
778 659 72 100 94
159 180 30 51 30
159 715 72 73 72
159 693 62 83 73
715 597 16 47 32
715 739 54 77 66
715 956 40 60 44
693 186 76 97 89
693 384 84 98 91
693 210 11 92 22
693 687 55 81 75
693 137 35 73 49
693 772 35 88 60
160 48 43 85 56
160 519 46 78 75
160 477 27 89 61
160 39 40 99 57
519 83 18 43 32
519 446 93 95 94
519 565 79 87 80
519 398 64 82 80
477 308 76 95 90
757 256 81 89 85
663 245 90 100 98
663 945 23 26 26
663 489 63 78 75
663 465 55 98 83
663 32 40 81 53
663 366 63 95 85
162 627 14 90 67
162 779 93 98 95
162 589 23 43 26
162 240 73 82 82
162 283 67 85 78
162 94 69 77 70
240 64 29 42 41
240 915 66 70 66
240 608 55 89 85
240 181 53 99 82
283 810 44 46 45
378 183 50 67 61
378 130 64 86 83
378 168 24 65 55
378 679 10 96 51
164 663 90 99 90
164 259 27 41 28
969 455 88 98 88
969 292 38 99 86
583 746 61 77 66
583 641 18 52 31
583 286 34 86 54
166 657 38 49 43
657 935 91 92 91
657 55 20 54 36
167 612 14 38 19
167 710 58 97 62
167 17 52 74 64
710 961 89 97 89
710 141 58 63 59
523 919 48 54 50
523 474 31 35 34
523 803 56 80 62
916 171 85 94 89
916 159 40 80 64
916 355 72 94 79
916 747 85 96 93
170 629 94 99 95
170 946 60 94 94
170 132 29 31 29
170 889 87 95 92
629 953 33 78 34
629 215 80 94 94
629 782 85 86 86
629 421 81 99 87
629 445 55 77 71
946 168 11 74 47
946 298 27 95 44
946 322 39 62 44
946 971 75 93 90
946 480 69 97 83
889 33 47 53 50
889 748 55 65 59
889 952 95 97 96
889 966 13 65 59
171 467 92 93 92
171 410 87 98 92
171 408 74 78 76
171 711 74 89 79
171 755 93 98 98
410 24 54 77 62
410 277 70 90 75
410 475 23 45 41
410 336 44 64 60
410 101 49 70 62
408 68 57 90 65
408 896 74 76 74
172 390 16 97 54
172 28 33 94 37
172 941 18 80 28
172 491 56 96 95
390 484 17 80 21
390 173 41 52 49
390 406 29 89 47
390 877 38 75 64
390 886 65 74 74
390 72 54 89 66
390 480 74 95 77
941 614 16 31 27
941 162 67 76 69
941 594 57 64 63
941 631 79 89 81
527 601 86 93 89
527 225 92 99 99
527 905 18 57 38
527 316 28 62 47
821 71 13 15 14
821 806 49 64 49
821 659 73 100 79
821 720 18 35 29
821 539 32 46 41
175 965 13 87 65
175 859 64 93 73
176 638 21 27 25
176 495 51 86 56
176 842 65 79 77
495 149 21 80 40
495 914 21 97 80
495 751 44 89 79
495 943 14 21 15
463 846 13 44 16
463 431 27 99 88
463 866 56 70 64
463 223 79 85 80
564 560 26 52 44
564 755 64 67 64
564 871 84 92 90
564 197 91 95 94
338 942 40 69 55
338 292 48 88 65
338 395 24 65 54
338 324 93 98 95
338 734 84 88 84
338 451 48 51 48
459 465 41 64 50
459 445 39 83 65
459 915 28 48 32
459 689 58 61 58
424 437 36 78 61
424 427 80 93 90
424 700 56 89 82
424 689 94 97 94
424 23 26 40 39
424 183 29 96 64
424 703 79 80 80
764 974 27 72 41
764 431 20 75 33
182 19 52 63 53
182 343 68 87 75
182 214 55 99 92
182 30 75 94 86
343 522 21 81 55
343 533 83 93 83
343 139 60 87 86
183 693 29 31 29
183 659 94 98 97
183 772 26 32 28
183 453 66 88 71
183 857 42 55 42
183 30 90 92 90
659 107 73 92 81
772 33 71 72 71
772 590 61 74 67
772 367 19 60 30
772 498 20 69 21
772 179 84 89 85
453 468 62 98 89
453 218 26 79 61
453 571 55 57 55
857 832 32 61 41
184 370 79 87 85
184 76 68 84 77
185 874 13 100 37
185 966 48 60 50
874 264 66 94 90
874 284 92 96 96
186 527 11 74 28
186 74 27 37 37
186 384 70 94 85
384 744 15 28 28
384 34 32 87 33
384 514 25 86 58
187 92 64 65 64
187 134 56 58 57
187 886 63 96 90
187 897 87 91 88
886 576 87 100 90
886 371 88 93 89
886 442 43 83 75
188 187 16 31 16
189 527 32 89 54
189 608 79 85 85
189 101 58 89 66
189 19 11 88 87
189 235 77 89 88
235 858 59 90 86
671 301 79 88 79
671 97 91 92 91
806 484 88 92 90
806 910 95 96 95
806 375 68 100 87
806 130 88 99 90
191 203 70 83 81
191 547 51 68 63
547 705 10 85 75
192 681 49 89 78
192 102 72 93 84
192 89 63 69 69
192 571 27 81 75
192 510 78 87 87
193 571 33 49 34
193 804 31 88 87
193 362 50 75 68
193 304 64 96 94
193 245 47 70 59
193 816 73 83 74
304 462 85 100 86
304 510 80 94 80
245 267 79 88 83
245 721 88 96 92
245 556 62 82 82
245 878 30 84 72
245 279 57 62 60
816 42 93 95 93
816 61 47 55 48
816 528 48 73 67
816 695 76 79 76
816 471 43 100 70
194 228 46 85 68
194 56 18 27 24
228 361 93 96 96
228 138 38 88 66
228 169 23 65 63
195 936 77 89 87
195 184 26 99 35
195 526 26 47 41
526 842 38 50 50
526 547 29 92 51
526 318 60 93 61
196 66 37 93 66
196 151 39 42 40
196 704 88 96 96
196 610 51 71 53
196 877 42 89 81
196 156 16 48 19
196 15 15 20 19
610 306 40 64 54
610 4 44 46 45
610 872 71 86 80
610 800 69 77 75
877 857 56 86 72
877 321 24 96 82
198 219 20 94 43
198 483 87 89 89
198 674 26 59 52
483 658 25 42 27
483 35 59 89 88
483 953 40 98 88
199 387 37 79 50
199 792 25 40 31
199 919 16 52 39
199 723 67 90 76
387 646 86 94 86
387 704 10 23 10
387 520 22 99 86
387 232 75 86 75
387 65 72 76 72
792 933 22 65 35
792 354 34 67 37
792 748 34 52 40
792 390 84 89 84
792 352 61 94 81
919 729 78 89 81
919 734 59 72 62
919 500 53 85 84
919 289 18 80 47
709 61 13 49 48
709 160 59 77 69
709 25 14 57 22
709 577 87 92 87
709 469 47 62 61
709 918 78 99 94
709 884 42 69 46
909 493 29 86 50
909 234 13 74 57
909 634 40 42 42
909 298 58 61 61
909 60 84 89 85
909 732 63 68 63
531 522 54 74 54
531 450 15 41 17
531 385 43 79 59
531 609 17 36 29
531 756 40 55 42
531 653 38 49 42
354 29 52 59 56
354 464 95 97 96
837 223 70 81 71
837 250 91 96 95
837 141 33 94 45
837 873 91 93 91
430 111 28 65 43
430 499 67 98 79
430 939 78 80 79
430 402 93 95 94
569 231 41 98 92
649 974 24 91 86
649 486 88 91 89
649 328 15 68 41
649 617 70 89 78
649 105 95 98 96
649 84 11 63 52
649 725 18 54 21
649 522 18 96 33
204 275 28 38 30
204 753 28 62 48
204 37 79 89 80
204 447 43 51 48
204 205 78 83 79
275 153 39 100 51
275 598 17 91 36
275 316 77 96 77
753 153 27 90 70
753 109 71 96 96
753 39 44 76 74
753 183 12 59 57
753 798 34 52 50
753 680 83 92 91
261 333 81 82 82
261 100 13 35 13
261 132 85 88 86
261 761 95 96 96
261 664 14 83 19
652 936 22 50 22
652 567 75 98 94
652 735 13 51 35
207 474 92 98 96
207 375 51 71 64
207 221 91 93 93
207 89 90 91 91
207 173 70 98 83
207 681 56 99 89
207 308 86 94 89
207 302 44 46 46
474 876 84 99 86
474 41 27 30 30
221 526 37 100 61
221 480 20 21 21
221 643 37 91 42
308 478 17 97 51
308 698 79 100 93
308 877 78 100 89
208 43 29 75 73
208 109 89 96 96
209 179 18 47 27
209 675 25 69 27
209 798 43 85 77
209 870 70 75 72
209 314 30 55 45
209 520 38 61 41
209 795 49 97 78
209 619 12 32 20
209 278 87 99 92
675 147 71 77 77
675 440 50 84 53
675 483 67 73 67
675 848 37 41 40
675 790 59 65 63
798 411 34 88 49
798 287 14 87 47
798 934 67 72 68
798 802 83 84 84
870 259 55 83 78
314 245 65 82 73
314 527 54 65 58
520 602 92 96 94
520 816 50 84 68
795 664 14 27 20
795 644 43 66 49
278 712 36 64 58
278 619 68 79 69
278 912 82 83 82
427 574 63 97 93
427 905 22 34 30
947 235 69 84 84
947 791 55 74 59
211 652 13 43 22
212 674 47 84 75
212 551 17 94 49
551 734 20 93 85
551 972 11 26 11
551 937 59 71 70
551 87 76 83 82
551 163 70 81 70
551 51 42 43 43
215 571 29 76 58
215 747 50 94 56
215 954 64 73 68
215 860 51 60 51
215 592 32 33 32
215 338 64 99 86
747 874 41 47 46
747 559 15 88 17
747 448 13 81 35
747 863 61 69 69
747 652 77 78 77
954 540 89 96 95
954 812 82 90 88
954 801 80 98 98
954 745 46 87 75
954 316 89 91 91
592 294 53 77 62
216 952 26 29 28
216 184 30 89 75
217 465 49 72 55
217 843 18 41 25
217 821 89 90 89
490 937 27 64 57
220 286 36 47 37
220 5 22 61 45
220 165 95 97 95
220 638 22 25 23
480 827 81 96 90
480 776 89 94 92
643 844 34 66 39
643 370 22 87 80
643 788 28 64 55
222 282 10 24 14
222 138 15 60 53
222 902 33 53 46
282 906 85 98 98
282 97 63 68 64
282 667 95 99 97
902 615 23 56 28
902 272 77 96 87
902 50 86 91 91
902 438 50 79 51
887 351 47 79 55
887 226 35 40 39
887 293 81 82 81
887 669 82 96 92
887 523 90 97 94
887 375 52 86 60
887 170 70 83 75
887 441 62 79 66
226 445 13 57 14
226 631 62 90 74
226 486 93 94 94
226 178 64 70 68
631 333 83 93 88
631 347 16 39 30
227 251 37 89 52
227 96 57 66 57
227 959 16 75 51
959 596 35 91 39
959 898 87 92 88
959 819 63 77 73
361 854 54 64 55
361 233 90 99 92
361 380 23 90 31
229 99 74 82 82
229 829 44 70 46
229 674 90 99 93
229 939 78 85 80
939 428 16 62 55
939 209 54 89 82
939 560 83 97 94
939 516 93 98 93
515 321 60 82 62
515 537 24 61 47
925 616 63 67 67
925 230 17 82 43
925 638 71 73 72
925 754 39 71 57
232 629 11 30 13
232 402 34 74 50
402 433 56 68 68
402 961 32 64 41
402 349 75 87 77
402 70 53 98 81
402 305 93 97 94
402 916 43 83 79
893 561 23 67 38
893 327 23 28 28
639 76 32 81 81
639 176 40 64 44
825 700 59 60 60
825 146 62 99 68
236 481 50 54 54
236 797 57 93 68
481 942 23 52 41
237 204 40 73 69
237 96 32 82 71
238 109 84 87 86
238 135 83 93 89
238 281 77 95 87
238 97 47 93 86
238 514 93 94 93
281 496 88 100 90
281 830 62 93 73
281 489 82 95 90
281 262 65 87 80
247 695 23 31 30
729 219 34 78 54
729 90 63 67 65
729 178 53 98 66
729 231 25 40 30
915 542 55 95 57
915 25 16 80 40
243 361 72 75 74
243 270 84 95 93
243 256 93 96 93
243 226 15 100 78
270 281 42 88 86
270 450 45 50 47
270 859 57 76 73
244 600 70 77 72
244 553 73 75 74
244 790 29 49 42
244 638 51 58 57
553 417 30 37 36
553 317 26 56 44
790 796 45 67 45
721 205 81 100 100
721 640 45 99 73
721 77 73 77 73
721 460 74 92 83
721 752 68 80 71
721 774 43 62 53
721 811 46 55 53
721 475 20 22 22
556 914 29 88 38
556 797 66 90 88
556 595 51 96 77
556 825 95 98 97
556 480 79 98 83
878 824 21 74 45
878 643 82 85 83
878 309 17 33 25
878 714 64 81 79
246 866 61 64 64
246 375 19 69 63
246 718 23 97 95
695 553 62 76 68
695 714 74 92 85
695 774 78 85 83
695 864 34 95 60
248 435 60 73 67
248 732 79 98 87
248 149 69 71 71
248 835 77 86 85
513 61 77 100 89
253 89 23 74 52
253 852 67 72 69
449 248 39 45 42
654 562 55 64 57
654 735 57 71 66
654 669 22 42 26
654 722 51 77 73
257 133 18 67 31
257 922 78 98 95
257 297 25 94 78
297 435 31 58 47
297 962 75 84 82
258 263 68 89 89
258 739 50 60 57
258 12 16 84 81
258 93 33 57 48
258 971 65 83 80
258 557 55 99 73
258 73 93 100 99
258 91 39 55 41
258 161 79 96 87
739 160 59 78 69
557 391 85 100 91
557 690 33 78 53
557 677 24 77 77
557 287 61 84 76
658 622 70 77 71
658 723 31 48 34
658 855 84 88 88
333 505 66 95 73
761 766 77 90 77
761 724 72 81 75
761 134 71 73 72
761 652 46 89 89
761 506 10 26 10
664 506 78 97 91
664 676 77 96 87
262 255 68 89 74
262 587 69 94 77
262 825 65 83 66
262 878 33 48 42
587 206 86 92 87
587 132 56 75 72
423 31 80 84 81
423 66 22 91 80
423 246 79 87 82
423 709 18 31 27
264 64 33 47 40
264 318 26 34 29
264 716 15 35 24
264 949 92 97 93
264 953 37 84 78
264 390 51 75 52
318 264 39 58 55
318 287 90 99 91
716 783 28 93 67
716 533 15 73 63
949 837 22 57 30
949 684 35 43 35
949 530 91 94 91
949 947 79 97 80
949 402 86 94 94
949 295 58 94 80
949 723 78 97 90
266 441 35 69 52
266 414 48 89 66
266 16 34 59 59
266 510 62 68 63
268 95 62 64 63
268 303 14 17 17
269 897 37 77 40
271 370 75 94 80
271 879 56 83 67
373 306 15 53 20
373 667 92 99 94
373 703 22 92 62
530 304 48 56 56
530 271 18 70 65
530 147 92 98 98
273 193 22 42 39
273 690 73 89 86
273 686 45 100 90
273 693 12 22 19
273 940 16 63 58
273 783 41 64 57
273 707 39 75 53
690 95 80 86 86
690 655 58 92 66
690 124 72 76 72
690 950 62 87 74
690 525 60 67 67
686 293 12 53 20
316 963 20 57 49
316 605 18 96 69
316 516 38 65 40
316 372 74 77 76
316 44 46 97 80
276 320 90 97 93
276 882 73 80 74
320 816 27 87 69
320 860 91 98 91
277 585 40 75 40
277 885 62 79 70
277 867 68 86 70
277 900 62 73 70
277 200 89 94 90
277 326 64 71 70
585 782 46 92 69
585 950 76 79 79
585 812 59 78 64
585 356 48 100 54
900 52 24 78 64
900 760 33 66 37
326 475 81 91 90
326 600 43 98 82
326 774 48 88 53
722 317 27 43 40
722 706 84 94 85
722 956 76 82 78
722 833 12 44 41
496 180 64 100 75
496 177 17 59 40
496 312 38 59 55
496 352 29 38 38
830 811 61 76 62
830 797 68 84 77
830 615 22 90 23
830 584 43 69 58
489 134 60 96 76
489 911 67 95 90
667 182 46 50 48
667 482 54 79 68
667 701 37 97 82
810 361 79 86 85
810 971 76 82 82
810 596 84 97 97
284 94 43 87 85
284 675 87 94 92
421 718 38 52 43
421 545 54 92 63
295 967 80 95 89
295 47 85 88 88
295 136 53 96 58
415 710 78 99 78
287 259 57 64 59
287 283 45 64 48
287 64 80 98 89
287 114 77 79 77
290 600 17 28 26
290 213 38 88 70
291 403 59 76 71
291 267 65 95 95
291 834 67 94 71
291 657 18 34 30
403 708 95 97 97
403 765 40 93 42
403 787 42 91 67
292 33 89 90 90
292 238 90 91 90
809 104 44 93 57
809 322 75 86 78
809 968 83 89 83
809 892 17 89 84
809 859 21 64 53
809 694 93 96 93
313 614 73 88 73
313 822 44 78 64
313 916 25 81 41
313 620 24 41 24
313 857 61 98 81
313 179 71 99 79
313 790 61 62 62
313 887 16 62 19
294 947 13 42 14
294 965 77 92 91
294 525 41 56 45
525 655 32 33 33
296 904 78 90 79
296 604 60 76 70
296 463 14 47 39
296 729 21 49 22
296 862 68 81 79
862 128 81 95 89
862 507 34 81 57
862 353 73 100 98
689 538 69 78 78
689 225 42 67 46
689 913 22 59 32
689 952 11 40 17
689 746 22 81 64
689 475 16 42 32
899 310 50 92 51
899 49 40 68 67
899 464 26 37 29
899 270 67 80 67
899 759 59 79 61
413 198 32 72 34
746 368 26 48 41
746 42 31 45 37
836 119 11 70 60
836 369 38 56 49
836 440 58 67 67
836 156 78 100 85
836 115 26 90 80
836 423 80 85 82
462 936 91 99 92
462 765 54 58 58
462 123 34 85 51
305 448 54 56 55
305 226 62 95 86
307 446 21 22 22
307 645 95 98 95
307 476 89 100 93
476 595 28 95 94
476 485 72 88 73
593 564 54 74 71
593 190 51 56 52
593 112 49 70 49
593 717 85 97 87
310 586 75 82 76
310 209 53 54 54
310 571 52 59 54
310 632 81 84 81
586 514 48 97 85
586 856 57 64 64
632 187 50 70 62
311 208 88 99 93
311 134 63 100 64
311 73 85 91 86
614 523 21 29 24
614 565 25 93 30
315 937 42 54 48
937 260 12 22 13
937 646 44 95 56
963 686 91 92 91
963 185 12 14 14
963 867 86 96 92
963 226 52 69 69
605 144 28 64 63
605 209 85 91 85
605 684 69 78 74
605 21 71 73 71
319 829 17 61 20
319 473 84 87 85
319 387 94 95 95
319 791 87 100 93
473 585 74 94 83
473 81 62 71 63
473 935 78 93 79
473 952 85 95 90
473 724 67 97 82
473 508 43 49 47
473 88 19 68 35
473 62 12 88 49
943 962 25 53 29
943 244 65 79 66
438 17 32 68 33
438 279 61 83 63
552 871 61 100 77
552 743 23 44 40
552 627 71 77 76
472 178 69 70 70
472 730 26 60 44
323 920 20 91 50
323 334 91 92 92
323 175 38 83 81
920 621 78 86 81
920 740 43 77 76
920 574 47 83 74
920 450 56 92 59
334 407 85 93 93
334 72 17 54 32
334 130 31 37 37
334 239 82 87 86
334 734 83 87 85
324 238 47 48 47
324 649 28 64 54
324 708 36 70 60
324 960 21 44 37
708 186 24 69 69
708 368 84 97 96
708 538 62 91 84
708 493 17 88 82
708 640 65 75 73
708 702 51 93 62
325 384 70 90 82
325 495 62 90 90
327 829 86 92 91
327 771 49 72 67
327 807 78 91 79
327 120 57 91 62
328 564 63 74 64
328 240 64 88 74
328 639 94 100 99
330 640 78 99 81
330 526 15 44 33
640 440 77 79 79
640 538 34 66 36
640 547 66 98 74
640 690 63 69 67
332 279 51 84 71
332 608 41 49 43
332 493 13 84 23
332 528 83 99 88
505 195 82 94 82
505 281 68 93 90
505 618 91 98 94
407 9 82 97 95
407 809 77 97 81
407 733 80 92 90
407 768 65 83 74
734 319 56 60 56
734 325 42 94 63
734 37 89 90 90
734 200 38 48 42
395 557 51 80 74
395 1 71 97 77
395 636 66 84 71
395 372 48 96 67
485 859 83 84 84
485 282 68 81 74
851 869 65 80 80
851 896 82 90 82
851 367 48 79 52
341 38 65 71 69
341 254 90 94 91
341 564 48 55 48
341 370 23 44 27
342 182 17 36 36
342 65 16 60 57
342 260 68 92 82
522 874 29 94 52
522 761 71 78 76
522 627 84 90 84
533 195 13 45 29
533 360 87 97 87
533 650 93 100 95
344 775 85 87 87
344 842 95 98 96
344 311 35 74 42
344 139 75 82 76
344 110 62 90 71
344 616 91 97 91
344 335 61 88 64
344 779 68 75 70
346 450 86 99 96
346 322 47 78 63
546 161 10 50 27
546 689 92 100 99
914 249 82 99 96
914 837 63 98 98
914 896 43 100 79
914 733 83 91 90
914 359 90 92 91
349 97 39 92 49
349 727 81 93 81
349 340 89 93 91
350 795 93 94 93
350 478 83 88 86
350 831 13 78 66
350 743 66 78 69
831 680 57 64 64
831 473 93 99 94
831 609 95 98 96
669 850 56 72 67
669 379 41 88 67
669 959 40 58 45
741 513 54 70 65
741 3 66 78 72
353 938 13 96 72
353 757 53 99 95
938 698 76 88 85
938 92 64 79 66
938 917 68 75 69
938 868 39 94 91
464 684 74 100 82
355 239 55 62 60
355 383 29 65 41
355 108 79 87 82
383 72 47 84 68
383 347 21 57 30
383 330 46 95 88
383 194 85 97 86
383 350 32 77 48
577 687 66 79 77
577 130 10 91 30
577 126 26 52 44
970 224 85 98 86
970 259 13 89 43
970 325 77 97 87
970 770 94 95 95
357 497 62 97 69
357 968 40 43 41
357 239 18 47 42
357 387 67 96 89
968 790 87 98 93
968 361 47 96 93
968 668 33 45 40
968 609 44 58 47
968 406 35 49 41
968 769 32 88 34
968 340 91 94 94
968 637 27 63 50
359 522 29 32 29
359 912 61 85 73
359 827 72 86 86
359 914 72 89 81
359 469 30 97 80
359 759 90 91 91
827 0 66 100 75
827 921 26 90 37
827 817 79 98 79
759 532 20 55 22
759 650 56 65 57
759 202 37 59 46
849 103 68 75 73
849 381 10 51 23
849 307 86 96 89
849 239 77 80 78
380 647 48 61 56
380 207 74 86 86
380 590 73 94 89
380 499 46 92 50
380 106 55 98 74
931 203 84 94 91
931 638 86 93 88
931 68 85 89 87
363 826 78 87 78
363 136 75 80 77
363 248 24 57 27
363 659 40 47 44
363 538 16 92 36
363 762 88 96 94
538 901 12 87 15
762 973 71 91 73
762 682 41 67 49
762 488 83 86 86
501 617 46 84 73
501 462 57 66 61
365 298 84 88 86
365 951 86 89 89
365 737 21 55 33
365 883 44 87 79
737 340 38 41 40
737 99 49 84 76
366 879 24 52 47
366 539 10 78 54
366 318 50 93 78
366 907 25 89 44
366 173 56 84 80
366 821 21 43 40
907 24 48 72 69
907 214 61 93 77
907 171 56 74 74
907 562 41 52 47
907 101 75 84 80
367 889 34 79 70
367 229 17 57 28
367 112 55 90 64
367 779 87 92 90
367 798 22 81 81
367 417 62 65 64
368 40 16 23 23
369 232 61 66 66
369 206 13 43 27
369 415 52 92 86
371 970 93 96 96
371 755 64 86 65
371 484 71 79 74
371 861 27 78 56
371 866 62 85 75
371 601 44 84 62
371 289 82 99 91
484 54 60 62 62
484 68 25 50 31
484 802 67 94 76
861 485 71 89 84
861 880 84 96 88
861 862 61 63 63
703 107 80 99 95
703 825 81 89 84
703 799 32 89 81
560 708 87 93 88
560 10 14 23 23
377 867 87 88 88
679 176 37 70 67
679 933 68 89 74
679 304 18 60 18
379 656 27 45 41
590 680 42 48 46
590 944 84 100 99
590 536 58 81 81
590 753 25 40 28
499 287 17 76 43
499 839 61 66 65
499 666 27 78 78
382 358 70 74 73
382 513 47 95 48
382 283 86 93 87
382 351 57 89 60
382 848 46 97 84
848 683 32 47 33
848 370 57 74 73
848 602 62 87 87
848 174 77 89 84
744 665 53 84 62
744 920 42 65 62
744 862 62 68 67
744 812 20 65 35
744 488 16 18 16
744 572 43 50 45
744 705 22 50 31
840 9 21 26 24
840 864 94 100 100
840 327 71 83 81
840 503 84 89 85
840 172 35 84 73
840 616 46 62 50
386 827 19 20 20
386 960 44 73 46
386 440 25 64 51
386 915 65 94 73
389 558 11 45 25
389 675 66 85 80
389 242 76 93 89
558 860 50 65 60
558 137 64 71 67
558 10 82 84 82
392 478 58 74 61
392 36 49 97 61
392 696 58 69 67
392 959 25 77 76
636 763 11 93 60
636 578 40 67 59
636 602 12 82 79
636 568 45 70 49
512 85 37 45 42
512 122 51 67 65
512 788 25 67 28
466 266 40 58 44
466 565 45 84 49
397 216 63 86 73
397 104 26 95 83
398 400 91 99 96
509 839 88 98 90
509 173 32 60 55
509 230 68 83 77
509 290 33 69 40
509 659 66 71 67
509 390 18 39 34
433 86 63 84 64
433 443 57 69 66
787 199 43 88 71
787 364 49 69 56
787 486 37 55 49
787 466 27 90 54
787 620 33 85 79
404 122 12 75 44
404 391 25 82 47
404 958 15 40 39
958 463 51 90 82
958 710 14 39 15
958 162 34 69 56
958 627 74 80 76
958 772 65 91 72
683 378 90 94 94
683 119 93 95 93
683 396 41 67 45
683 246 73 82 75
543 578 17 72 33
543 626 64 73 73
733 877 39 90 83
823 553 35 84 47
823 612 93 95 95
416 382 74 88 77
416 543 45 70 58
950 297 49 100 58
950 434 73 99 82
950 593 52 59 52
950 192 66 67 66
950 84 46 52 52
419 666 83 84 84
419 360 30 31 30
419 837 40 92 63
666 755 63 72 72
666 98 61 75 61
420 903 77 98 96
420 606 85 100 87
903 597 21 94 51
903 940 95 100 95
903 757 57 97 59
545 319 92 95 95
545 948 78 85 82
545 936 23 66 42
437 663 93 100 100
437 203 21 31 25
437 25 60 85 60
700 496 44 65 60
700 757 10 96 44
700 297 40 43 40
425 676 68 93 91
425 255 41 54 48
676 35 48 55 54
676 222 62 78 62
905 560 47 59 48
905 60 73 96 76
428 588 59 78 66
428 545 89 100 100
428 659 49 78 56
588 31 33 41 34
588 856 68 85 74
588 902 28 61 37
588 826 15 49 28
588 488 38 58 53
588 866 48 79 55
432 662 81 89 89
432 10 85 96 93
432 568 11 33 16
568 572 22 47 37
568 72 40 84 48
568 230 13 68 55
568 821 50 74 72
443 575 79 91 80
443 921 89 91 89
434 821 57 64 58
434 151 20 72 60
434 714 12 27 15
434 663 40 48 44
434 131 77 94 89
434 756 21 97 21
434 278 72 89 78
714 501 87 97 92
714 563 11 83 33
714 676 17 50 23
714 317 65 99 98
873 248 67 73 72
873 530 16 42 36
873 261 75 82 79
873 160 49 70 53
873 824 16 87 53
873 810 67 74 69
873 107 14 28 23
436 884 42 96 65
436 867 31 42 39
479 262 59 83 82
479 17 31 34 34
479 3 56 79 58
479 351 34 67 66
575 187 34 84 54
444 497 10 26 25
444 36 59 88 67
444 172 65 88 76
444 254 12 23 16
818 77 74 82 75
818 2 45 69 46
818 455 63 78 68
452 653 57 78 59
452 340 13 74 20
452 297 90 99 95
452 119 64 80 71
452 303 41 44 44
653 693 62 74 68
653 665 68 87 71
653 802 13 72 70
653 176 85 98 91
653 16 58 100 84
653 655 21 95 94
468 767 12 99 86
468 528 88 89 89
468 22 79 85 81
468 158 12 47 39
454 382 26 29 27
454 626 48 99 62
454 197 48 58 48
454 429 37 59 45
454 804 11 26 13
454 746 93 96 95
626 220 37 77 75
626 447 24 50 43
626 916 29 76 55
626 765 33 78 39
626 196 43 86 54
626 738 50 90 74
626 516 43 59 45
455 689 47 87 66
455 638 94 99 99
456 349 36 90 49
456 23 24 28 24
456 783 16 66 49
456 454 43 72 71
456 612 40 91 71
458 815 15 52 17
458 594 85 94 94
594 782 55 96 86
594 282 33 64 61
786 355 23 25 24
786 483 65 87 71
786 13 43 49 45
786 727 62 81 72
846 792 85 98 89
846 860 27 84 30
684 259 41 61 58
684 385 26 53 46
881 477 62 88 70
881 317 80 82 82
881 653 82 97 96
471 444 17 76 49
471 297 27 33 29
471 496 89 97 92
730 412 67 88 86
730 626 82 100 89
730 49 32 43 37
724 8 27 74 36
724 141 69 75 75
724 682 56 59 59
724 839 35 63 36
724 210 70 72 71
724 312 29 66 62
838 169 84 85 84
838 380 51 61 52
838 12 57 69 63
838 356 20 94 44
838 885 81 93 84
838 262 63 69 65
838 406 79 100 89
838 681 88 89 88
972 171 16 60 60
972 322 13 46 16
972 621 38 78 59
972 930 24 36 34
845 813 84 92 88
845 325 12 62 38
845 899 44 69 56
845 406 38 48 46
845 583 40 67 43
482 312 68 72 71
482 620 77 95 90
544 260 67 84 77
544 611 18 92 87
544 690 73 92 88
544 197 59 98 83
544 102 74 92 76
488 876 39 85 74
591 673 90 100 97
591 927 88 100 92
591 52 79 80 79
839 661 13 40 37
839 898 38 75 46
502 675 68 82 79
502 614 41 72 41
502 384 76 89 84
502 320 70 91 77
502 588 39 61 41
503 125 91 98 98
503 392 20 97 80
506 845 70 90 87
506 955 64 88 78
506 731 33 57 49
955 433 84 98 98
955 816 20 55 46
517 728 22 85 37
517 405 69 73 71
517 508 54 90 85
517 507 37 93 67
517 380 14 37 27
517 469 34 48 44
517 267 45 65 52
518 753 48 54 51
518 584 28 94 83
518 17 71 80 76
518 226 26 95 38
518 5 90 95 90
584 689 74 82 77
803 391 84 88 85
803 89 30 74 51
803 332 76 87 78
803 689 60 75 60
524 619 40 91 51
524 897 94 96 95
524 270 43 78 61
880 177 12 40 23
880 424 55 98 81
880 595 24 76 29
529 397 43 66 63
529 697 15 30 21
529 821 13 14 13
697 17 73 94 78
697 707 25 68 45
697 749 29 98 80
536 125 16 77 40
536 530 24 41 34
927 129 64 96 79
927 115 17 68 31
927 849 75 81 78
540 512 28 66 66
540 581 13 99 19
540 306 62 90 63
578 542 36 45 41
578 136 51 58 57
578 506 94 96 95
578 891 78 91 79
578 230 51 64 60
578 376 78 87 87
578 39 66 75 69
548 156 13 35 17
548 466 47 73 47
548 699 83 93 87
548 12 94 98 96
548 908 64 81 75
548 822 37 58 56
549 403 79 81 79
549 227 37 84 50
549 942 47 95 52
549 264 64 65 65
549 137 81 92 89
554 645 85 98 88
554 500 19 36 21
554 169 74 92 84
677 945 89 96 91
559 797 64 66 64
559 871 56 83 66
559 139 40 48 45
559 521 12 61 44
559 282 23 65 34
559 622 16 39 30
561 784 77 89 86
561 961 32 99 72
561 203 13 27 24
784 240 85 86 86
784 202 22 89 81
784 169 65 95 78
782 744 95 97 97
782 794 69 97 85
782 460 41 64 49
782 603 25 69 38
782 248 15 48 45
782 492 26 96 84
782 506 71 74 74
782 239 15 29 27
782 298 95 99 95
782 200 89 96 94
824 290 71 76 71
824 262 36 83 60
824 713 42 95 87
824 3 65 82 79
824 658 34 81 66
570 753 94 97 94
570 952 91 94 93
570 575 94 98 95
973 19 43 82 65
973 267 24 79 60
973 501 39 87 86
973 759 22 35 35
573 622 91 96 91
573 453 83 88 86
573 394 10 61 13
579 910 55 65 64
910 207 21 28 24
910 933 63 66 65
910 741 12 19 13
910 944 25 67 52
910 209 16 40 35
580 739 22 76 49
738 499 28 100 39
738 2 54 81 73
738 429 33 40 39
738 446 51 54 53
738 524 30 79 38
641 409 91 97 96
641 7 19 20 19
641 257 59 75 62
641 816 68 95 71
680 114 58 75 70
680 133 16 74 69
673 767 59 100 86
673 138 22 78 67
673 655 41 72 72
673 536 52 68 67
717 12 53 58 54
717 276 21 37 32
717 423 56 81 58
717 937 12 44 41
717 619 77 87 79
717 21 70 93 88
717 358 82 99 85
945 199 20 39 33
945 348 69 83 70
945 291 24 95 48
945 825 40 70 54
945 940 49 97 52
945 156 80 85 81
945 304 77 95 80
694 298 32 79 72
603 271 51 90 68
603 775 34 58 45
603 112 44 92 91
800 836 51 94 85
800 792 63 90 82
800 296 53 71 54
613 820 51 82 79
613 787 51 100 56
820 764 13 50 31
820 11 12 20 16
934 626 68 79 69
934 815 16 21 20
644 170 13 48 15
623 744 70 71 70
623 381 14 62 36
623 554 55 98 64
623 20 62 87 73
623 476 34 86 42
624 745 34 43 43
624 276 45 74 72
624 71 56 57 56
624 239 23 24 23
630 725 29 74 30
630 791 34 57 56
635 700 74 94 77
635 538 93 94 94
672 766 38 74 56
672 2 95 98 97
672 837 62 74 64
672 896 46 66 60
672 92 82 89 84
642 949 81 92 87
642 889 17 58 32
642 15 85 86 86
642 868 30 81 54
868 463 11 81 67
868 182 31 53 43
844 669 13 99 53
844 359 41 99 85
844 517 23 89 56
844 356 53 74 56
844 674 95 100 100
974 585 51 59 58
974 939 66 89 82
974 193 73 87 75
651 701 79 91 91
651 570 81 85 81
701 482 92 96 96
701 389 92 95 93
701 658 32 99 39
701 485 62 94 77
701 461 89 96 91
719 151 31 55 45
719 683 62 94 79
719 402 84 90 88
719 194 31 70 47
668 101 13 42 21
850 380 43 45 43
850 450 88 95 89
850 391 30 61 42
850 408 14 95 30
670 203 41 42 42
670 189 65 79 66
789 706 39 76 39
789 654 55 68 65
789 181 35 36 35
789 761 75 80 79
789 160 26 27 26
923 549 59 64 62
923 366 10 28 14
923 961 75 85 85
923 946 88 89 89
923 170 25 82 26
706 3 77 92 81
706 595 68 72 72
706 23 69 86 83
706 469 47 72 70
706 669 43 46 44
706 629 28 43 31
706 859 74 98 75
706 722 46 58 47
933 297 31 48 48
933 662 47 82 65
933 526 26 100 57
933 917 22 95 40
685 578 16 91 90
685 71 20 40 32
688 206 49 67 66
688 879 32 61 40
688 533 39 71 53
913 891 80 91 90
913 599 23 59 55
749 293 71 99 78
749 650 51 77 75
799 271 71 76 71
799 625 52 89 83
799 229 81 83 83
956 921 53 61 61
956 944 79 93 87
956 693 74 86 77
956 676 50 52 51
865 319 54 66 66
865 655 37 84 71
865 100 43 94 66
865 326 58 84 76
736 279 31 86 70
736 704 47 81 69
957 216 48 74 70
957 575 43 71 54
957 427 26 88 72
957 90 67 81 70
957 204 21 90 24
748 564 71 90 85
748 248 29 61 50
748 825 28 99 69
748 403 95 97 96
892 125 18 73 59
773 641 72 87 73
773 539 92 96 93
773 74 25 36 35
773 914 49 83 70
773 822 15 81 61
773 437 37 74 42
770 313 13 74 26
781 386 38 66 54
781 89 82 85 85
781 948 74 96 85
794 266 86 94 89
794 119 78 82 78
794 945 46 86 64
794 298 30 90 67
785 362 70 95 72
785 142 72 87 82
785 749 14 33 29
785 470 61 63 61
796 731 43 64 58
801 616 89 95 95
801 315 52 58 55
801 859 49 57 56
801 141 45 67 51
805 509 82 100 95
805 967 81 93 83
805 426 31 90 87
813 378 67 78 78
813 583 75 95 89
813 443 87 92 91
814 964 14 56 26
814 677 94 96 95
814 230 45 84 64
814 674 68 95 92
814 213 83 94 86
964 571 95 99 95
964 774 37 82 53
964 76 44 50 50
964 565 26 32 30
964 604 43 84 48
828 583 11 15 15
828 489 14 95 75
828 901 94 99 98
828 321 50 91 90
847 235 41 100 58
847 725 27 56 42
847 525 19 31 26
917 147 10 20 20
917 220 72 93 77
917 864 55 89 80
917 21 34 88 59
917 108 72 86 74
930 785 95 98 96
930 177 54 86 71
0 974
