472 1227
0 273 44 66 52
0 196 12 52 15
0 263 92 95 92
0 247 12 81 34
273 269 49 75 57
273 459 69 89 74
273 317 63 88 67
273 174 17 70 19
196 330 64 79 73
196 161 63 74 65
196 366 26 83 32
263 207 27 93 45
263 10 44 84 76
247 97 52 54 53
247 121 43 61 55
247 424 56 86 85
247 211 90 96 96
1 412 14 59 24
1 92 53 89 65
1 203 16 77 49
1 330 71 85 71
412 219 73 78 74
92 122 11 53 39
203 182 36 54 48
330 65 29 78 57
330 171 24 71 31
330 234 36 96 51
2 40 71 99 72
2 354 65 89 67
40 286 64 80 68
40 299 22 43 37
40 358 85 98 98
354 179 70 99 71
354 360 79 94 93
354 104 90 100 99
354 273 65 75 75
354 449 48 89 61
354 241 46 81 61
354 122 64 79 75
354 142 25 36 29
4 170 57 76 66
4 283 23 90 25
4 365 37 73 55
170 348 65 68 66
170 322 57 80 59
170 176 70 71 70
170 325 92 97 92
170 128 62 83 63
283 40 46 63 59
5 300 32 76 74
5 83 72 95 93
5 363 95 98 96
5 28 74 77 77
300 350 46 71 67
363 289 38 45 44
363 63 33 80 54
363 412 19 32 23
363 164 39 84 81
28 375 21 74 65
28 130 34 44 44
6 90 48 51 49
6 171 80 97 91
90 312 57 82 79
90 365 15 64 56
90 465 65 90 85
171 121 29 57 33
7 189 37 72 43
189 298 39 92 74
189 279 19 52 26
8 25 92 98 96
8 357 26 85 65
8 65 23 55 33
8 61 84 99 85
25 239 57 76 75
25 241 84 92 87
25 272 73 91 91
25 145 66 68 68
25 17 53 65 58
25 463 25 81 54
357 446 26 39 29
357 293 82 93 86
357 85 46 79 67
65 45 42 52 44
65 191 70 73 73
65 22 74 76 75
65 130 11 85 54
65 138 88 89 89
61 42 92 100 99
61 67 56 96 96
61 298 80 89 80
9 471 22 35 28
9 25 70 77 77
9 150 38 86 58
9 434 32 93 63
471 108 48 96 67
150 275 49 54 51
150 418 13 48 34
434 402 18 99 44
434 195 62 90 83
10 258 93 96 94
10 18 29 60 33
10 401 86 89 87
10 230 56 100 85
258 437 18 35 19
258 7 30 62 33
258 392 34 89 61
258 378 87 91 87
258 114 19 52 52
18 12 10 54 10
18 22 12 30 22
401 52 80 95 94
401 44 29 56 30
230 314 19 39 33
230 49 75 95 78
230 439 20 80 48
11 334 92 96 93
11 256 51 80 78
11 204 22 80 38
11 429 79 86 81
334 350 92 99 96
334 408 13 62 20
256 63 30 92 31
256 344 68 92 84
256 65 40 44 40
256 142 87 100 89
204 22 69 83 77
204 267 61 100 89
204 152 49 63 62
204 23 73 77 73
429 230 63 93 78
429 155 15 93 25
12 246 64 87 70
12 61 94 97 96
12 119 65 87 79
12 78 57 67 57
12 173 10 28 26
246 368 24 90 82
246 337 62 94 92
246 362 37 42 39
246 189 50 55 51
246 420 63 87 69
119 279 50 82 54
78 92 34 60 53
78 37 45 100 69
78 278 66 84 72
78 410 83 100 85
173 267 72 85 73
173 138 60 74 61
13 405 61 85 81
13 154 94 95 94
13 380 17 90 43
13 341 75 86 79
405 301 71 79 79
405 434 38 73 63
154 161 35 60 38
380 418 59 79 60
380 57 73 90 90
14 271 45 61 47
271 265 28 56 28
271 143 16 88 28
271 222 71 91 85
271 388 47 70 66
15 365 27 33 32
15 131 95 97 95
15 338 85 94 89
131 106 31 77 38
131 17 76 94 85
338 121 16 71 67
338 31 25 93 77
16 471 50 89 82
16 403 91 95 93
16 51 89 97 96
403 177 35 39 35
403 233 93 97 94
403 32 17 39 38
403 78 49 91 56
51 419 51 91 62
51 2 54 56 54
17 450 19 30 29
17 388 30 81 32
450 105 52 63 52
450 400 88 100 100
388 72 14 96 44
388 176 53 82 79
388 363 36 41 41
388 389 11 32 22
22 348 26 82 45
22 409 14 66 46
22 68 57 98 63
22 182 44 87 64
22 449 95 100 95
19 383 10 50 11
19 453 17 52 44
19 126 53 80 66
19 32 43 87 65
383 41 81 93 85
383 96 77 80 77
453 233 62 90 68
126 343 28 85 78
126 456 68 76 70
32 48 19 95 34
32 178 56 85 81
20 65 40 81 69
21 302 48 50 50
21 247 59 78 76
21 31 81 95 92
21 456 49 77 58
21 354 78 87 83
302 366 73 95 86
302 107 14 69 63
302 29 47 91 73
302 327 20 29 24
31 165 43 93 85
31 172 60 68 67
31 266 54 63 54
31 393 34 96 54
456 253 42 76 61
348 443 38 59 42
348 323 91 100 95
348 297 71 78 73
348 53 32 97 72
409 425 93 96 93
409 1 34 56 52
409 273 61 76 66
409 292 86 98 93
68 129 62 76 66
68 452 79 83 80
68 279 37 85 49
68 137 60 88 73
182 248 62 95 65
182 131 50 65 52
449 147 38 52 38
449 100 27 100 43
23 60 59 86 66
23 295 31 91 55
23 434 19 82 36
60 256 33 60 50
60 401 10 78 56
295 255 68 84 83
295 296 41 54 48
295 374 37 71 48
295 456 58 89 88
24 374 77 92 83
24 307 44 63 47
24 196 27 72 34
24 192 57 82 82
374 234 62 71 68
374 172 51 94 92
374 73 51 90 64
374 325 14 83 60
374 296 56 65 64
307 34 65 90 87
307 366 50 60 55
307 180 13 85 51
307 136 12 91 23
192 61 95 100 100
192 22 74 84 83
239 436 95 98 98
239 181 37 93 58
239 330 56 88 60
239 378 63 65 63
241 299 93 94 93
241 104 35 89 55
272 57 86 88 87
272 145 76 80 76
145 417 51 93 81
145 458 66 100 91
145 276 46 76 63
145 11 70 75 70
145 268 13 27 15
463 118 73 83 76
463 34 90 96 92
463 469 78 100 99
463 466 82 94 86
26 280 90 94 93
26 407 88 95 93
26 322 15 47 40
26 21 87 92 88
280 214 44 66 48
280 194 27 70 70
280 422 43 48 43
407 81 48 64 57
407 147 31 44 41
407 455 13 58 26
407 429 26 77 63
322 121 48 56 48
322 107 63 97 77
322 435 24 30 24
322 41 84 91 91
375 70 79 97 81
375 280 34 76 68
375 251 20 53 30
375 269 78 92 87
375 103 41 44 42
29 355 63 89 65
29 32 68 70 68
29 181 19 85 76
29 301 92 93 92
355 414 80 88 82
355 440 59 80 62
355 286 20 54 42
181 117 42 68 59
181 104 28 77 52
301 464 19 31 30
301 427 73 100 85
301 382 36 99 82
301 302 64 84 72
30 111 38 58 42
30 469 60 85 78
111 214 67 100 97
111 391 17 28 24
165 154 59 95 91
172 23 73 97 89
266 76 81 100 92
393 308 66 99 89
393 386 56 85 67
393 168 78 81 79
393 429 51 92 56
48 12 13 15 13
178 467 35 36 35
178 429 44 67 67
178 290 22 41 40
33 299 95 98 98
34 255 34 88 75
34 283 18 55 52
255 292 11 71 42
37 356 23 37 26
37 269 78 92 87
356 341 54 55 54
356 447 16 90 27
356 45 63 87 73
356 455 55 80 58
269 21 46 72 72
269 203 64 80 64
269 429 47 83 57
269 386 33 37 36
269 272 11 97 17
38 400 21 91 73
400 184 10 30 19
39 133 43 87 72
39 187 58 76 60
39 371 26 61 57
133 446 80 84 80
187 352 86 87 87
187 380 42 64 58
187 341 16 88 84
371 148 57 91 60
371 254 35 46 41
286 240 15 99 63
358 134 20 30 20
358 255 93 98 93
358 191 80 88 82
41 110 74 77 74
41 226 12 77 56
41 153 83 93 88
110 425 75 99 77
110 442 15 33 22
110 81 60 80 76
153 150 29 33 33
153 447 10 61 17
153 172 31 46 45
153 396 46 53 51
42 292 22 75 37
42 329 26 40 28
42 49 23 49 33
292 117 60 72 62
292 103 43 87 71
292 266 44 48 44
292 446 88 89 88
329 41 91 98 91
329 441 40 63 58
49 207 19 27 24
49 435 44 66 63
49 319 73 94 93
49 181 12 39 14
49 229 52 61 53
49 6 32 94 75
43 90 63 92 89
43 60 78 79 78
44 198 31 68 57
44 399 13 99 70
198 85 16 19 19
399 70 65 68 66
399 405 13 87 27
399 64 91 96 91
45 164 21 51 31
164 194 87 95 90
164 420 71 85 71
164 28 95 98 96
164 7 40 99 91
47 196 38 49 39
47 308 66 68 68
47 55 28 50 39
47 248 94 96 95
47 277 83 93 91
308 296 21 57 38
308 284 72 100 77
308 372 51 81 71
308 281 92 94 94
55 316 57 97 71
248 70 67 73 68
248 363 53 77 53
248 297 53 78 69
277 72 65 84 73
277 386 43 78 75
435 448 50 57 55
435 403 46 73 58
435 23 46 49 47
435 22 94 97 97
435 402 94 98 98
435 31 81 87 84
319 59 12 100 82
319 438 28 32 31
229 50 60 78 76
229 335 37 49 37
50 81 20 91 65
50 265 29 37 29
81 270 72 73 72
81 30 14 44 41
81 461 44 55 45
81 459 21 66 45
81 82 45 67 61
81 314 27 57 44
81 173 60 83 80
419 287 15 30 17
419 122 70 97 84
419 464 54 97 92
419 161 57 60 60
52 107 39 67 56
52 384 55 94 68
52 212 49 58 51
52 247 35 42 36
52 270 30 54 47
107 109 69 88 73
384 185 26 53 49
384 230 94 100 96
384 207 18 81 32
384 19 93 99 95
212 169 61 90 89
212 329 95 96 96
270 346 12 35 28
270 432 61 71 66
53 366 73 98 83
366 291 24 80 75
366 455 84 90 89
366 112 38 77 49
366 156 21 67 24
366 35 50 95 56
366 414 31 65 62
366 96 25 65 58
366 418 44 54 47
54 430 76 93 89
430 263 15 51 20
430 240 17 91 80
316 73 82 85 84
56 299 59 96 95
56 125 47 98 74
125 363 28 64 55
125 282 67 96 87
125 300 47 74 69
125 269 81 94 89
125 414 33 93 89
125 168 70 80 73
125 239 84 100 84
57 147 88 90 89
57 51 43 84 84
147 453 85 98 85
147 399 87 99 93
147 240 57 67 59
58 54 47 83 82
58 365 63 89 80
58 29 78 96 84
58 366 56 87 86
59 53 78 93 82
59 41 14 27 21
59 124 92 95 93
124 450 76 97 90
298 309 45 84 51
298 383 49 51 50
298 417 40 100 77
298 326 71 90 89
62 405 85 90 86
63 83 91 98 91
63 420 45 80 78
420 244 50 65 54
420 419 50 59 54
64 384 51 61 59
64 316 13 100 100
64 206 11 97 38
206 162 37 62 49
206 374 42 70 51
206 393 42 82 47
191 231 30 92 92
191 29 74 76 76
191 227 81 98 83
191 313 28 69 30
138 64 54 98 87
138 373 60 70 62
138 409 15 76 44
66 396 54 100 70
66 244 67 68 67
396 197 46 47 46
396 392 28 90 32
396 458 39 97 93
396 432 52 57 55
244 351 54 80 66
244 55 10 80 77
244 12 91 92 92
244 187 47 50 49
129 29 51 66 53
452 354 27 47 47
452 355 74 88 79
452 318 24 56 39
279 290 34 49 41
279 272 48 99 95
279 114 13 66 65
279 86 71 89 71
279 302 88 98 92
279 177 17 75 24
279 248 88 92 90
137 237 72 88 73
137 160 25 90 35
69 288 80 87 81
69 252 81 89 83
69 339 79 91 91
288 312 75 88 86
288 357 88 95 90
252 381 51 52 51
252 48 81 82 81
252 152 29 96 68
252 333 38 72 64
339 170 76 100 92
339 314 92 96 93
70 1 11 48 18
71 133 82 91 82
71 313 59 64 59
313 74 22 39 23
313 13 51 54 53
72 86 47 82 61
72 317 73 75 73
72 394 71 93 79
72 32 71 72 71
86 261 15 80 80
86 266 52 65 57
86 32 73 82 81
86 141 30 46 38
86 322 21 95 70
317 289 63 93 88
394 194 12 39 39
73 334 80 94 87
73 429 29 41 40
73 191 28 62 29
73 471 40 61 53
73 158 50 73 71
158 109 93 95 94
74 384 10 56 56
74 302 16 92 61
74 421 57 58 58
421 399 92 93 93
421 207 75 78 78
75 382 30 94 57
75 176 92 93 93
382 129 85 99 88
382 43 33 34 33
382 134 50 55 53
382 158 22 52 37
382 296 33 82 82
176 357 92 98 95
176 139 71 99 72
76 261 34 96 66
261 9 38 67 61
261 167 80 83 81
261 260 80 81 81
261 5 18 70 62
77 31 87 100 95
278 364 79 82 80
410 100 69 99 88
79 295 21 75 29
80 283 12 57 12
80 122 60 93 93
122 333 32 69 46
122 91 36 67 54
122 15 72 75 72
461 236 49 94 65
461 101 22 57 34
461 193 52 93 55
459 227 58 61 59
459 1 74 100 100
459 210 79 86 80
82 112 57 71 63
82 239 61 92 89
82 13 36 75 60
82 289 78 81 78
314 166 93 100 95
112 288 79 85 84
289 12 92 96 96
289 90 66 91 72
289 131 79 98 92
289 92 41 75 45
84 356 92 100 95
84 195 40 69 55
84 55 16 91 50
195 234 92 98 97
195 372 33 77 58
195 158 79 95 95
85 366 31 48 46
85 387 91 93 92
85 278 90 99 94
387 466 27 68 49
387 80 45 89 69
141 453 89 93 93
141 427 21 43 29
141 104 79 85 80
141 220 32 92 43
141 183 39 53 48
87 73 87 93 87
87 422 91 99 93
87 327 30 70 33
87 332 12 97 18
422 262 23 25 25
422 132 35 61 41
422 324 19 62 55
422 282 44 74 48
327 321 27 76 48
327 282 15 94 23
327 270 18 62 41
332 85 31 61 48
332 124 10 62 18
332 166 76 78 78
88 463 73 98 87
88 169 73 100 84
88 342 40 84 59
169 117 73 74 74
169 234 20 87 44
169 156 85 99 92
342 50 94 100 99
342 69 38 58 51
312 34 87 88 88
312 227 11 23 21
91 414 43 54 53
91 423 61 100 72
414 108 88 99 88
93 423 33 37 36
93 436 15 69 55
94 224 95 97 96
94 401 45 87 55
94 139 22 32 30
94 4 87 96 93
94 61 90 94 94
224 29 25 28 25
224 444 66 78 66
224 1 76 91 80
139 96 43 63 61
139 187 47 56 48
95 184 88 99 96
95 65 79 84 83
95 274 29 84 52
184 46 42 97 69
184 145 59 70 64
274 104 81 99 98
274 9 88 97 96
96 7 41 85 74
96 208 17 19 19
208 47 51 60 58
208 37 38 62 47
97 365 43 66 44
97 183 15 89 61
97 24 16 67 50
97 212 26 47 46
97 419 76 90 81
183 256 74 83 82
183 265 20 58 45
183 460 47 97 96
183 86 93 94 93
98 255 94 99 99
99 397 63 99 79
99 364 92 100 94
99 442 43 85 58
397 135 75 80 80
397 71 36 76 42
397 245 15 90 46
364 213 28 79 74
364 19 74 82 77
364 40 34 51 45
442 88 80 92 91
442 324 17 55 24
100 142 64 74 73
142 73 61 85 67
142 390 50 81 60
142 282 41 85 63
101 354 56 58 56
101 165 51 85 62
101 155 54 87 67
101 132 66 87 71
155 229 84 95 95
155 465 44 97 67
132 61 32 86 41
132 26 32 59 56
103 165 49 52 50
103 353 91 94 94
103 386 13 36 35
353 103 91 98 96
353 426 13 83 19
353 59 79 84 80
353 376 58 85 64
386 366 48 96 64
386 289 69 96 70
386 243 71 80 72
104 345 79 100 90
104 107 81 87 82
345 370 75 95 82
345 50 74 100 85
345 153 15 60 37
105 87 29 97 61
105 106 17 65 57
106 469 48 65 55
106 118 81 87 82
106 271 83 85 84
106 246 58 59 59
106 266 41 44 41
118 67 59 61 60
118 413 87 96 94
109 250 37 73 70
109 365 90 97 90
108 432 73 79 76
432 227 93 96 95
432 332 36 98 59
432 261 40 86 78
250 317 68 74 73
250 23 71 79 75
425 413 10 14 12
425 183 55 57 56
214 197 49 70 69
214 202 92 95 95
214 41 64 90 68
391 191 17 90 30
391 426 14 73 54
391 456 71 82 71
113 213 53 84 56
113 81 59 96 82
213 193 51 87 62
114 274 76 95 80
114 222 55 95 73
114 69 87 90 88
114 254 88 95 94
222 77 58 67 63
254 412 94 95 95
115 281 39 48 41
115 16 91 93 92
115 189 52 92 76
115 291 47 49 47
115 135 65 99 99
281 354 75 92 84
281 133 80 94 83
281 222 47 66 66
291 441 34 92 68
291 144 51 82 80
291 252 11 97 46
291 244 56 79 78
135 390 16 66 23
116 86 27 66 65
116 31 26 66 58
116 12 53 86 84
116 320 13 18 18
320 20 38 60 51
320 44 13 84 47
320 216 88 91 90
320 420 10 12 10
117 437 32 87 74
437 2 32 54 33
437 227 37 49 46
437 104 86 94 94
413 132 37 66 50
413 267 15 59 42
120 343 74 92 77
120 37 15 54 32
120 134 64 98 98
134 59 76 80 79
134 271 47 57 51
134 363 83 89 88
121 410 16 24 16
121 249 84 97 96
121 19 58 95 75
121 232 54 90 81
121 427 52 59 55
249 274 93 95 95
249 75 50 89 59
232 19 55 72 56
232 265 82 96 87
232 213 18 87 67
427 384 48 66 54
427 124 78 98 91
333 373 25 45 25
333 150 12 13 13
333 359 69 80 69
333 163 12 97 33
333 378 80 97 88
333 133 19 54 32
123 285 58 77 74
123 81 51 54 54
282 421 61 89 70
282 197 66 96 69
282 185 15 62 49
168 101 56 85 60
128 459 81 87 85
128 121 55 98 71
128 66 62 93 63
128 50 75 92 88
446 96 59 95 67
446 145 85 96 92
390 295 68 76 76
390 405 10 42 16
390 389 66 84 66
390 2 62 100 91
136 450 32 67 43
237 139 24 96 50
160 218 15 71 19
160 68 81 86 83
160 317 78 86 86
373 243 68 82 81
373 162 61 87 61
373 47 13 91 18
140 0 73 78 76
140 30 53 63 56
143 192 50 70 61
143 215 48 90 75
215 220 10 16 10
215 391 40 91 57
144 100 45 74 61
144 123 24 64 28
144 269 20 83 38
417 108 88 94 89
458 369 87 93 90
458 258 56 64 61
276 249 67 84 70
276 0 95 96 96
276 38 45 50 45
276 370 31 38 35
268 299 40 85 52
268 452 21 52 21
268 404 25 88 43
240 443 59 87 85
240 369 18 84 23
240 157 95 99 96
240 7 90 91 91
148 402 82 98 83
148 267 51 70 68
402 96 19 28 26
402 219 56 99 88
402 445 31 70 62
267 103 32 61 46
267 447 12 52 51
267 351 50 69 63
267 234 66 79 68
267 53 93 100 97
267 349 66 88 74
149 232 66 69 67
149 33 46 91 60
149 151 63 79 63
149 443 53 88 66
149 124 67 81 80
149 80 22 34 32
149 296 30 37 35
149 6 32 84 36
151 99 78 82 82
151 235 32 55 41
151 452 24 86 69
151 382 20 98 49
151 467 81 92 83
151 21 95 100 99
443 24 39 55 48
443 321 77 89 85
443 356 29 72 40
275 418 18 34 30
275 115 38 56 40
275 86 86 98 88
275 317 68 98 69
275 216 55 77 77
418 76 79 81 79
418 257 45 78 56
418 41 26 93 43
235 410 12 25 19
235 265 90 95 90
467 295 11 75 71
467 439 19 50 47
467 95 63 97 89
152 127 82 91 85
152 39 34 47 39
447 328 49 76 56
447 196 88 91 89
447 297 37 44 43
447 188 50 52 50
161 439 57 95 87
161 405 11 71 42
156 173 88 99 93
156 212 47 49 48
156 411 53 66 57
411 122 16 78 70
411 249 52 59 54
157 183 79 83 82
157 427 59 95 84
157 127 47 66 58
157 106 59 81 81
157 41 75 79 78
159 108 37 90 89
218 149 62 65 64
439 40 69 74 72
439 177 88 97 96
439 73 76 95 90
439 120 10 89 49
439 158 25 36 36
162 167 25 74 64
162 320 66 79 79
162 98 84 92 84
162 142 47 55 53
162 226 32 58 49
163 438 81 83 81
163 340 10 59 38
163 168 85 86 86
163 409 74 85 82
163 140 50 57 51
438 117 89 94 89
438 159 48 58 51
340 291 23 88 55
340 226 89 96 95
340 262 37 77 40
340 463 72 76 76
194 149 66 72 72
194 77 49 75 54
194 187 86 91 89
166 393 36 92 89
234 191 52 77 66
234 343 38 71 66
234 438 77 95 90
234 413 75 100 84
234 184 87 99 99
234 466 44 48 48
325 252 63 64 63
325 158 61 90 90
325 18 25 27 25
174 384 21 52 29
174 461 29 85 51
174 102 71 99 86
174 154 42 92 83
174 27 58 80 70
177 97 95 96 96
177 463 71 95 93
290 180 84 100 97
290 281 43 44 44
290 257 49 93 67
290 126 53 66 62
290 30 85 96 88
179 17 40 69 60
179 73 11 22 17
180 24 60 87 76
180 397 41 60 60
180 63 63 71 71
460 313 10 13 13
460 107 63 72 68
460 237 42 99 46
185 5 79 85 84
185 287 78 89 85
287 118 66 87 67
287 332 58 65 61
287 299 19 23 23
287 26 10 71 18
287 233 17 97 34
186 380 26 56 56
352 45 10 58 57
188 296 65 87 79
188 340 65 75 68
190 184 82 96 91
190 50 92 96 92
190 62 61 64 64
231 72 87 100 89
231 255 95 98 97
231 304 47 89 51
231 202 85 87 85
231 86 60 87 61
231 224 14 99 30
231 261 90 98 92
227 341 53 62 62
193 377 77 92 89
193 56 30 49 43
377 135 78 81 81
372 276 28 51 30
372 447 43 93 50
197 402 83 86 84
197 209 47 82 66
209 179 76 99 86
209 14 95 98 97
199 263 17 56 18
199 21 57 96 70
201 29 32 98 78
201 242 11 82 21
242 310 75 99 91
242 287 56 64 56
202 282 24 50 50
202 162 15 54 28
205 188 47 65 60
210 11 46 65 64
210 235 76 96 79
211 316 57 58 57
211 110 53 64 58
216 157 24 71 40
216 324 81 97 96
216 158 91 96 93
216 145 19 85 63
216 444 82 94 91
216 351 44 77 54
216 359 26 92 75
324 162 13 80 52
324 302 24 54 44
324 144 78 88 78
444 238 36 97 37
444 423 10 86 11
444 471 18 62 39
444 95 49 97 87
351 157 75 89 84
351 365 29 58 49
351 383 93 97 96
351 208 85 87 86
359 232 22 34 27
359 237 77 97 79
359 181 36 83 37
359 274 18 71 49
359 310 36 48 42
359 160 45 87 75
217 51 85 96 91
217 56 83 87 85
217 144 69 75 72
219 348 70 92 84
219 270 61 76 69
219 120 19 57 47
221 443 80 81 81
223 374 67 83 73
225 11 91 92 91
228 106 20 75 73
228 97 38 71 43
228 352 55 83 59
335 232 18 87 86
335 136 33 43 41
304 470 42 77 65
304 167 44 91 44
304 157 53 60 59
466 85 65 89 67
466 327 65 66 66
466 2 85 95 88
466 337 51 64 55
236 63 80 87 84
236 18 81 92 85
238 459 36 68 57
378 377 19 31 24
378 200 73 88 79
378 201 78 86 82
378 406 30 51 39
378 215 44 71 49
369 347 21 54 50
369 277 29 82 78
369 468 24 46 43
369 49 44 86 77
310 37 73 79 73
310 414 68 74 68
310 16 64 79 67
243 364 63 86 70
243 135 15 95 26
243 220 92 93 93
245 244 16 33 27
245 320 94 100 100
245 27 80 81 81
245 165 71 97 71
368 279 72 90 82
368 420 28 54 48
368 402 16 83 82
368 270 17 46 40
337 64 70 96 80
362 32 42 68 50
362 165 52 56 52
362 4 95 100 97
362 321 26 88 35
362 282 41 97 74
424 366 62 90 77
297 412 60 88 73
251 253 86 88 87
251 0 40 83 82
253 145 14 68 59
253 43 11 14 12
253 38 87 97 89
381 467 33 71 35
381 71 41 64 41
381 198 18 39 21
381 53 67 94 72
381 67 31 96 53
344 93 75 88 79
344 134 20 31 27
344 67 18 49 41
257 119 86 94 86
257 115 91 96 93
392 140 85 93 89
392 420 72 82 72
392 273 94 97 97
259 121 51 78 59
259 426 12 54 40
259 210 23 53 44
426 157 64 65 65
260 6 89 100 95
260 148 68 89 75
260 299 26 70 56
260 207 33 35 33
260 31 52 58 56
264 293 34 57 37
264 284 85 95 94
293 285 77 87 77
293 236 41 51 44
293 289 36 44 44
284 348 85 98 89
284 195 46 85 47
284 234 12 16 16
349 300 22 33 22
349 35 72 96 86
404 111 87 89 88
404 51 41 51 48
346 119 78 100 92
346 224 33 90 45
370 272 76 91 76
370 403 59 69 69
441 20 94 99 99
294 121 84 86 86
294 169 36 94 52
294 127 30 85 48
294 438 43 98 88
294 97 51 72 64
294 374 59 83 68
294 324 28 68 59
309 301 45 75 63
309 120 62 95 75
326 76 13 68 31
326 3 83 86 84
350 88 17 39 18
350 249 52 98 78
350 142 52 72 60
350 87 67 84 81
350 229 68 74 74
464 242 62 67 62
464 206 16 62 62
303 14 84 93 89
303 412 30 96 64
303 157 19 20 20
303 402 86 87 87
470 309 61 79 63
470 9 58 60 58
470 188 33 39 34
470 75 43 57 50
305 69 45 61 59
305 43 55 78 75
305 455 82 85 82
455 433 11 13 13
455 211 40 74 70
455 81 86 93 92
306 284 53 87 76
306 96 45 62 59
311 25 58 80 76
311 258 58 66 65
311 349 52 60 55
315 188 44 75 62
318 119 30 99 60
318 303 54 75 74
318 80 74 100 74
321 18 80 93 87
323 403 47 50 49
323 239 21 62 39
328 323 49 90 84
328 81 83 89 86
331 109 51 70 70
331 87 87 93 87
408 265 63 75 67
408 337 59 83 80
336 39 73 95 86
336 194 58 62 58
376 430 61 72 68
360 108 62 70 67
360 190 10 27 14
360 365 82 91 89
361 113 36 51 49
367 123 65 67 66
367 132 40 51 49
367 187 78 81 81
367 287 91 96 91
468 421 90 97 92
468 147 25 67 38
406 6 87 97 90
406 351 65 70 70
379 370 41 47 41
379 175 32 51 45
379 83 75 96 76
385 333 40 72 67
385 313 29 54 49
389 434 43 87 81
395 407 18 68 53
395 60 76 84 78
395 187 93 99 99
395 134 57 77 62
395 149 61 64 63
398 202 59 71 67
398 402 56 60 57
445 352 49 56 52
445 34 11 64 29
415 157 27 100 40
415 320 33 69 33
415 140 30 96 85
416 294 87 97 88
416 351 22 93 90
431 242 86 94 86
431 448 68 95 68
431 54 47 60 53
448 418 21 58 41
448 19 68 74 69
448 460 46 55 54
451 146 22 82 60
451 82 78 91 82
454 276 44 61 54
454 103 90 97 94
457 265 79 94 92
457 52 21 50 30
457 73 39 72 42
462 346 45 95 91
462 337 51 70 70
0 471
