31 50
0 4 84 88 86
0 26 45 76 67
0 30 70 72 72
4 5 25 27 27
4 11 48 54 48
4 1 22 60 29
4 7 10 79 49
30 25 77 99 80
1 21 13 61 59
1 16 17 56 28
16 30 55 80 71
16 5 43 73 61
16 8 14 41 14
16 13 19 63 42
2 30 83 84 84
2 17 90 94 94
17 21 20 47 22
5 12 47 75 72
5 24 45 69 67
5 18 43 63 52
7 9 15 47 38
7 2 77 78 78
12 30 25 67 64
12 24 34 87 84
24 8 61 86 83
18 28 23 54 50
18 1 13 89 20
18 22 15 100 63
6 22 14 27 27
22 12 84 88 84
22 4 91 93 92
9 28 11 36 28
9 17 12 17 12
10 14 57 86 79
10 30 44 52 44
10 2 94 100 99
13 14 50 59 59
15 3 51 83 68
15 2 16 28 16
19 3 92 99 98
19 24 87 98 90
20 7 17 78 63
20 9 44 47 47
23 27 64 76 74
23 5 65 89 81
23 8 65 80 76
27 29 30 70 56
27 16 23 66 26
29 12 21 57 56
29 3 81 84 82
0 30
