316 820
0 3 29 62 43
0 188 41 74 73
0 5 44 77 70
3 305 86 98 94
3 223 53 82 53
3 239 81 84 82
3 291 37 86 75
3 12 33 95 75
3 138 69 84 83
3 315 35 73 58
3 254 55 75 66
3 304 64 76 70
3 202 40 41 41
188 43 61 81 66
188 224 83 89 88
188 280 38 64 43
188 310 15 70 29
5 96 72 75 75
5 256 20 47 27
5 299 79 87 81
1 140 81 86 84
1 81 23 63 29
1 118 46 66 50
140 177 91 99 91
140 195 84 98 95
140 184 21 49 39
140 259 59 91 68
81 227 10 99 59
81 302 55 72 71
81 7 12 64 18
81 248 72 82 76
118 284 76 82 77
2 312 81 89 82
2 277 83 94 93
2 46 63 92 68
2 125 76 78 78
312 92 87 91 88
312 250 61 93 64
312 10 66 97 74
277 83 75 94 80
277 169 12 74 27
277 197 55 63 61
277 237 28 67 53
277 143 50 64 60
46 221 50 89 70
46 241 79 93 91
125 50 39 46 40
125 151 24 45 28
125 64 32 73 49
305 50 25 80 40
305 71 31 80 47
305 266 94 98 97
223 105 83 95 89
291 119 58 83 83
291 2 46 84 74
291 253 51 84 61
12 228 70 93 75
12 226 11 50 32
12 110 49 78 67
12 311 45 86 47
138 8 50 85 79
138 214 13 95 95
138 18 36 51 47
138 77 11 61 27
138 197 73 81 73
315 3 47 54 52
315 138 62 75 66
315 156 27 98 36
254 197 69 70 70
304 174 57 71 63
304 69 44 56 56
304 293 43 78 69
304 310 82 95 90
304 41 48 49 48
202 155 55 100 83
202 299 52 92 53
202 78 34 81 60
4 284 21 93 77
4 117 90 96 91
4 57 14 98 22
4 203 67 70 68
117 126 54 90 88
117 186 26 72 61
117 305 84 88 88
117 229 83 85 83
117 135 61 91 75
57 92 19 99 77
203 23 60 92 72
203 185 95 96 95
96 23 72 77 76
96 236 27 80 61
96 307 70 87 74
256 233 87 98 89
299 139 31 51 43
299 227 46 66 59
299 97 25 45 28
299 182 72 93 77
6 18 47 71 50
6 0 72 81 73
7 67 83 91 86
7 242 58 84 61
7 146 47 53 48
7 82 20 77 69
7 93 67 73 73
7 196 74 88 75
67 313 89 96 96
67 69 13 80 54
242 244 18 48 46
82 155 29 71 51
82 83 34 48 47
82 118 14 64 25
82 56 83 96 84
82 165 74 95 86
93 300 16 60 45
93 312 17 65 53
196 306 87 99 93
8 115 94 95 95
8 68 42 71 56
8 86 84 94 85
115 141 32 97 62
68 235 12 55 24
68 304 59 88 80
86 186 40 49 46
86 103 44 68 55
9 208 11 13 11
9 14 20 89 72
9 298 51 76 51
208 253 46 51 49
208 51 57 84 57
208 134 32 70 67
14 30 58 100 67
14 257 10 78 27
298 27 31 73 52
298 274 46 75 75
10 210 40 64 40
10 172 51 59 53
10 77 75 79 75
10 219 28 96 74
210 175 46 83 71
210 160 57 98 97
210 165 28 79 44
210 193 32 51 39
210 54 21 29 28
172 72 74 80 76
172 275 25 26 26
172 177 94 98 96
172 102 45 90 71
77 242 74 77 77
219 96 25 31 28
11 171 82 97 83
11 71 39 44 43
11 157 29 60 57
11 75 91 97 93
11 280 14 83 50
171 10 49 92 86
71 152 64 91 89
157 51 74 93 90
157 279 81 91 90
75 14 57 73 71
75 298 16 59 34
75 41 94 99 94
280 16 60 78 64
228 43 54 100 57
228 48 24 56 35
228 76 81 91 91
228 118 38 76 54
226 66 86 97 87
226 253 10 83 47
110 36 62 83 62
311 219 73 87 74
311 163 57 93 64
311 78 36 71 67
13 220 14 18 17
220 113 85 91 85
220 134 42 75 43
220 255 86 97 87
220 305 23 52 46
30 304 79 89 79
30 199 22 87 81
30 45 17 57 55
257 230 11 66 24
257 73 35 44 39
15 278 86 99 96
278 45 79 96 83
278 134 94 97 96
278 310 72 74 72
16 154 51 77 60
17 242 93 100 100
17 102 55 77 60
102 90 51 97 59
102 91 31 33 31
102 220 77 88 86
102 260 51 66 61
19 257 45 100 88
19 206 72 83 73
206 246 71 92 81
206 312 91 93 93
206 179 80 95 86
206 35 40 68 66
20 191 32 79 74
20 163 13 24 24
191 91 95 100 96
163 134 14 76 55
163 218 19 76 41
163 114 80 99 97
163 140 55 84 58
21 315 59 77 60
22 236 28 52 52
236 5 47 85 70
236 112 61 99 66
236 205 38 46 40
236 173 91 94 91
236 305 27 92 57
23 315 17 38 21
23 137 48 77 70
23 292 92 100 98
23 125 54 91 75
137 26 31 43 31
292 99 45 79 66
24 245 56 60 60
24 238 95 100 95
24 310 66 85 76
24 55 69 77 69
24 0 34 72 55
245 280 49 93 63
245 154 29 41 29
245 86 71 98 82
238 236 77 86 77
310 96 54 60 56
310 278 50 57 53
310 118 62 64 63
55 161 82 84 83
55 252 35 97 94
55 44 54 75 57
55 255 40 61 43
25 141 95 99 97
25 165 53 71 62
25 214 60 100 88
165 202 89 91 91
165 314 41 100 87
165 38 28 96 59
165 230 91 98 97
165 65 55 78 67
214 91 31 69 62
214 60 85 96 91
214 142 31 80 44
26 299 68 83 79
26 236 32 87 54
27 152 11 55 40
27 166 61 62 61
152 7 43 81 68
152 165 22 66 29
152 126 16 66 24
166 265 59 72 62
166 150 69 94 79
166 209 74 100 95
166 102 25 56 27
28 113 75 77 75
28 134 54 73 60
113 148 49 84 64
113 304 95 97 96
113 49 79 98 90
113 63 49 96 88
134 160 91 99 94
134 104 31 89 69
29 163 24 67 35
29 99 18 93 82
199 100 40 96 89
199 254 39 90 87
45 282 24 57 52
45 301 17 30 29
45 31 83 93 90
31 116 83 91 86
31 114 83 98 97
31 191 78 91 79
31 162 37 94 70
116 124 22 83 27
116 111 95 99 97
114 117 12 92 60
114 155 66 93 93
114 225 31 95 86
114 306 80 92 86
162 46 36 58 47
162 196 68 80 79
162 160 84 99 86
162 189 29 95 45
32 191 54 85 80
32 107 71 84 75
107 90 52 62 59
33 69 60 98 81
33 70 89 92 92
69 253 31 52 40
69 224 20 93 57
70 149 36 96 75
70 29 84 100 99
70 41 52 72 52
35 294 70 88 72
35 33 66 92 76
35 75 73 75 75
294 143 56 72 58
36 214 30 41 37
36 231 50 92 83
36 226 17 32 17
36 142 64 73 67
36 117 35 37 35
36 239 31 38 37
231 11 74 83 74
142 265 85 100 88
37 153 92 93 93
37 281 88 99 99
37 53 59 91 79
37 161 68 86 78
153 63 13 40 16
153 304 74 82 74
281 152 54 95 67
53 173 53 99 92
53 181 38 78 53
161 205 20 74 69
161 64 20 84 76
38 96 85 89 86
39 155 48 61 61
39 55 87 95 92
39 0 56 81 81
39 285 12 52 35
155 95 34 53 53
285 117 54 72 55
285 88 46 62 50
41 12 33 55 40
41 148 25 66 28
41 159 72 80 73
41 242 34 68 57
41 290 55 62 56
41 212 70 79 78
41 5 17 21 20
148 292 40 68 43
148 182 75 77 75
159 193 11 19 14
159 137 56 60 59
159 232 15 92 86
290 102 55 72 63
290 34 71 96 72
290 39 34 82 48
42 308 90 93 90
42 16 20 30 29
308 32 35 78 44
308 126 45 90 88
308 276 38 69 67
43 177 25 69 41
43 122 65 80 78
43 305 49 72 70
177 120 58 95 90
177 269 65 76 71
177 209 16 79 70
177 149 62 65 62
177 163 52 80 72
177 8 42 70 63
122 141 88 95 89
122 251 30 50 40
122 209 20 33 24
282 156 88 90 90
301 306 10 21 11
301 50 56 75 68
301 211 92 96 96
301 93 66 85 70
221 227 87 88 87
221 245 22 33 27
221 178 95 99 98
241 183 88 100 90
241 85 77 81 79
241 60 67 98 68
47 95 44 87 82
47 106 83 94 90
47 83 69 96 88
95 282 70 74 70
106 223 79 100 91
106 69 50 97 96
106 225 14 55 44
48 31 35 96 96
49 104 19 22 22
104 29 73 90 83
104 117 23 83 32
104 194 82 85 85
104 237 30 98 73
104 84 31 79 65
50 262 15 46 38
50 150 59 74 63
50 160 91 94 91
50 274 51 55 53
50 243 23 88 74
50 299 76 79 78
262 304 89 93 89
262 79 24 26 24
262 41 53 57 53
262 175 21 32 25
150 307 50 65 64
150 237 76 88 78
150 53 12 16 12
160 178 69 91 86
160 168 85 97 88
160 81 27 90 71
160 253 78 94 91
274 197 11 38 33
243 227 38 93 43
243 155 61 71 61
51 271 73 100 90
51 16 64 86 79
51 78 18 27 25
271 59 34 62 62
78 65 38 86 48
78 231 10 33 25
52 53 30 76 66
52 176 81 87 82
52 114 42 96 67
176 51 89 96 91
176 19 48 55 52
176 49 62 91 90
176 223 43 94 67
176 254 50 73 67
173 237 31 72 42
173 152 35 98 71
173 3 49 60 59
173 182 54 69 58
181 23 18 49 25
181 116 62 71 70
181 8 36 68 38
181 147 79 91 84
181 276 57 73 66
54 85 37 100 58
54 215 62 83 68
54 242 48 67 66
215 68 25 50 40
215 154 53 56 53
255 33 33 83 70
255 149 55 60 60
255 101 70 79 77
255 120 63 82 64
255 201 44 90 58
56 52 77 83 80
92 148 78 79 78
92 152 61 81 80
58 310 51 72 60
59 292 40 42 42
59 45 15 20 20
59 111 17 28 17
59 146 93 98 95
59 2 24 80 70
111 42 70 100 78
60 297 84 88 84
297 92 41 42 42
297 296 89 90 90
61 112 95 96 95
61 227 89 90 89
227 16 24 93 27
62 4 88 90 88
62 304 55 86 75
62 57 93 96 95
62 307 33 74 36
62 144 80 92 92
144 273 12 97 29
63 168 55 94 69
63 59 19 64 63
168 45 62 96 74
168 265 23 70 57
168 58 42 94 45
168 247 12 96 31
64 29 67 68 68
64 62 57 89 74
64 254 43 78 72
64 111 62 76 68
64 70 53 55 55
64 140 91 92 91
64 44 95 96 96
65 197 88 100 89
65 52 89 93 91
65 249 45 73 55
197 180 69 82 70
197 26 29 90 67
197 21 68 86 76
249 205 69 78 78
249 270 15 54 50
249 80 70 91 74
249 133 51 93 90
66 133 25 55 29
66 158 23 89 49
133 303 62 63 62
133 169 88 90 89
158 153 13 90 46
158 298 36 56 48
158 157 32 67 42
158 256 86 93 87
313 123 43 74 57
313 31 73 74 74
235 18 52 86 81
253 19 92 97 94
253 196 68 80 68
224 107 48 67 57
224 188 27 62 62
224 112 82 91 89
224 54 30 58 55
149 11 48 85 65
149 192 62 64 62
149 65 40 45 42
72 202 20 89 74
73 200 12 49 44
73 74 74 85 75
200 169 62 75 65
74 308 12 79 15
74 80 58 87 83
80 219 22 100 48
80 278 66 95 94
80 153 23 100 89
80 296 95 96 96
79 166 15 44 31
79 198 34 42 37
79 230 28 38 31
198 30 75 79 77
230 111 39 67 67
296 156 20 87 45
302 191 77 99 95
302 114 45 60 59
302 185 33 57 41
302 0 24 36 27
302 120 82 83 83
302 285 23 84 37
248 305 39 86 45
248 134 64 86 75
186 30 70 84 81
186 133 90 94 91
186 193 29 74 68
103 88 35 42 37
103 149 38 65 64
87 276 17 49 24
87 249 51 71 53
87 133 38 53 49
276 8 29 54 30
276 193 39 68 58
276 113 10 91 46
276 312 87 91 89
88 278 44 96 61
88 41 14 52 43
88 292 59 84 81
89 222 89 92 91
89 106 47 74 69
222 195 80 87 82
222 214 48 92 63
222 109 33 45 36
90 147 42 58 48
90 278 24 97 54
90 43 78 84 82
90 207 85 95 86
147 121 92 97 94
207 293 23 51 43
207 51 81 94 88
91 36 52 92 81
91 271 52 89 53
91 165 22 33 30
300 141 10 28 26
300 38 37 94 55
300 44 44 47 47
94 294 21 100 98
94 39 13 74 19
94 82 50 98 89
94 113 68 78 76
94 212 95 97 95
94 293 79 91 81
94 30 43 72 47
293 314 88 93 91
97 296 21 70 56
97 126 25 69 28
126 289 52 62 56
126 212 59 72 67
98 124 52 91 86
98 270 42 91 51
98 229 23 95 52
98 257 57 95 58
98 181 29 35 32
98 184 93 96 95
124 39 42 61 57
270 219 88 94 92
270 37 69 88 87
270 280 64 84 71
270 102 52 94 74
229 291 66 68 68
229 88 72 85 82
184 277 59 79 66
184 199 94 100 99
184 182 91 93 92
184 100 21 28 22
100 31 34 98 34
100 9 66 91 84
101 37 66 84 74
101 75 84 90 87
260 184 75 86 84
194 138 59 94 62
194 40 28 29 29
194 253 70 92 75
194 180 47 80 59
194 51 41 80 44
194 49 57 77 65
237 257 74 87 79
237 108 18 58 46
237 138 78 83 78
237 247 13 18 16
105 137 75 85 77
225 280 54 69 66
225 120 23 51 30
225 37 19 75 21
225 119 73 83 78
225 251 32 95 51
108 122 54 55 55
108 120 17 51 27
120 149 47 61 48
120 185 67 98 80
109 97 54 75 73
306 244 26 92 49
306 42 87 90 87
306 263 85 98 97
306 102 11 48 43
306 98 59 68 62
135 147 48 83 53
135 150 76 82 81
135 222 47 51 49
135 104 82 87 82
119 294 36 63 52
119 48 35 48 36
119 129 90 100 90
129 108 69 90 80
129 270 56 83 73
129 59 65 69 69
185 213 74 86 74
121 211 20 99 71
211 181 47 84 47
211 163 85 89 89
211 145 68 72 69
211 212 59 87 85
211 295 28 87 68
251 107 89 96 92
209 199 31 55 54
209 85 86 95 93
209 184 66 69 67
123 148 58 88 86
123 14 21 44 21
123 27 66 97 81
123 231 24 69 57
151 217 52 87 83
289 224 45 53 48
289 302 45 67 63
289 262 45 80 58
128 125 48 75 72
128 190 11 36 34
128 267 89 96 94
190 57 45 75 70
190 278 82 94 88
190 12 25 29 29
190 108 56 61 56
267 63 17 91 41
130 152 83 91 85
130 131 51 66 53
130 99 88 89 88
130 8 45 99 99
131 107 43 97 61
131 271 16 40 20
132 137 57 84 72
132 140 22 38 30
132 21 16 34 27
169 188 68 91 81
169 267 12 74 53
169 185 76 100 85
169 245 90 91 91
136 33 52 93 69
139 28 23 55 40
139 301 71 91 75
139 0 89 100 94
139 6 10 80 11
139 30 39 60 56
195 124 25 46 42
195 295 29 98 62
195 282 76 88 79
195 46 94 100 98
259 141 92 100 99
259 138 22 37 30
265 296 45 52 47
265 111 32 100 85
265 238 20 96 96
143 83 60 96 70
273 34 80 93 81
273 76 52 95 89
145 24 45 53 51
145 287 46 91 70
145 21 40 92 62
145 295 31 43 43
287 54 95 96 95
287 263 93 96 94
287 164 51 79 65
295 109 56 60 56
295 263 34 100 63
295 113 23 66 47
295 95 86 88 86
182 217 21 86 49
192 295 61 95 72
192 116 29 96 38
217 187 19 30 24
217 253 37 65 45
217 281 68 74 69
156 180 22 52 33
156 273 43 74 51
156 16 42 58 58
156 292 69 76 71
156 282 68 82 79
180 230 59 93 63
279 311 17 21 17
279 119 53 97 53
193 25 93 99 93
193 225 36 61 53
232 205 94 95 95
232 272 95 98 97
178 286 82 94 88
178 242 88 100 98
178 141 83 96 87
178 137 26 50 30
189 293 41 92 67
189 101 57 59 57
189 190 34 40 35
189 155 83 99 92
218 251 55 79 66
164 109 11 74 17
164 6 61 94 88
314 36 77 85 84
314 191 83 91 84
314 225 95 99 97
314 149 90 94 94
314 239 44 77 62
167 201 61 68 66
167 20 94 98 96
201 70 67 91 80
201 121 19 74 58
201 315 13 73 66
201 135 50 91 53
201 119 95 96 95
247 203 48 50 50
247 188 42 71 45
247 285 64 74 67
247 96 90 99 94
170 305 22 52 28
170 191 22 47 38
170 149 39 93 47
170 214 87 97 94
170 158 62 65 64
275 237 68 78 76
275 4 35 64 37
174 177 11 94 25
174 107 66 79 71
174 12 64 70 69
174 264 32 33 33
264 246 75 84 76
264 303 82 88 88
264 190 66 84 79
175 114 41 93 81
175 44 13 85 54
269 94 87 88 88
269 223 46 59 47
269 225 29 31 29
286 187 55 71 58
286 59 26 84 40
179 255 48 76 51
179 298 59 67 62
179 208 53 93 88
179 11 81 93 82
183 66 57 93 71
183 315 90 94 93
183 281 32 42 38
183 52 21 22 22
213 49 95 98 96
213 203 35 53 38
187 119 82 92 85
187 72 69 80 77
187 94 75 94 93
187 129 20 68 20
187 202 59 75 74
187 139 42 46 43
187 12 53 81 81
204 72 17 22 17
204 132 54 78 73
246 131 31 40 38
272 151 32 97 46
272 155 12 45 24
234 9 29 56 32
234 89 21 83 33
240 275 80 88 84
240 161 40 88 85
240 7 18 80 55
244 149 31 87 75
244 240 37 57 39
250 244 13 97 61
250 218 65 83 81
250 8 35 86 37
261 90 43 73 73
263 50 42 43 42
263 53 89 99 95
263 76 32 47 47
263 160 85 88 85
266 168 78 88 88
266 30 95 97 97
268 23 84 88 88
268 28 91 100 96
268 43 58 62 62
268 230 16 50 35
283 33 95 99 98
288 100 45 68 47
288 66 25 38 30
288 29 36 55 45
288 163 36 78 71
288 28 57 84 81
288 26 45 71 54
288 73 51 77 75
288 250 60 98 70
309 196 23 96 74
309 90 83 86 84
309 308 95 96 95
309 162 77 89 83
0 315
