44 87
0 3 34 88 59
0 11 87 97 97
0 40 12 38 38
0 17 39 80 69
0 26 61 66 61
3 41 51 83 52
3 33 86 98 94
11 43 91 92 92
11 18 70 96 90
40 18 19 64 31
40 26 92 94 92
17 24 46 85 82
17 23 28 61 44
17 15 33 46 46
26 4 17 64 46
26 21 30 98 81
26 9 25 32 27
1 29 75 83 81
1 41 25 30 28
29 37 47 51 49
29 24 52 90 66
29 7 87 96 87
41 28 77 88 82
41 35 82 85 83
2 3 47 76 55
2 5 27 56 29
5 34 91 92 92
33 43 87 100 98
33 35 93 97 96
33 16 22 76 31
4 8 45 72 66
4 33 68 94 71
8 1 26 79 58
6 10 24 61 60
10 19 53 85 56
10 12 74 96 91
7 5 55 82 65
9 36 28 48 44
9 4 82 87 85
9 3 19 70 22
9 11 46 53 51
36 34 75 91 84
36 19 36 89 40
12 37 67 79 67
12 27 26 68 45
12 28 31 91 48
43 32 49 60 52
43 37 22 28 26
43 12 70 92 72
43 10 94 96 95
18 4 65 98 87
18 21 22 89 41
18 10 23 50 34
37 43 85 95 93
37 4 65 94 94
37 6 13 81 28
37 2 71 99 77
27 36 94 96 95
27 3 92 96 95
28 11 64 86 70
28 9 29 49 38
28 5 73 76 74
13 10 30 89 40
15 24 57 79 62
15 14 64 87 66
15 39 93 96 94
15 9 90 97 93
24 22 78 98 95
39 27 54 66 62
21 31 21 66 44
21 8 41 71 69
20 38 20 80 79
38 31 69 98 91
38 32 89 97 90
22 4 35 49 43
22 30 73 78 74
22 3 45 52 46
22 5 70 73 72
22 24 43 54 47
30 12 82 89 82
30 27 53 82 64
25 21 11 32 13
25 11 80 87 80
32 33 93 94 94
32 34 68 82 74
35 32 76 95 81
42 22 60 95 93
0 43
