60 99
0 41 70 84 83
0 1 24 33 30
0 15 93 95 95
0 11 20 23 22
41 22 24 57 44
1 26 22 98 48
1 11 12 84 43
15 38 77 82 82
11 17 30 70 39
26 59 10 30 10
26 6 94 99 94
2 7 88 90 89
7 15 77 99 95
7 35 77 97 94
3 11 65 86 67
3 30 53 84 55
30 22 13 38 13
4 39 53 66 57
4 12 76 89 79
4 50 62 78 75
4 15 17 85 45
50 39 46 89 84
50 6 11 72 32
35 14 70 93 91
8 6 27 62 35
9 55 66 79 72
9 53 95 97 95
55 1 51 71 62
53 23 22 69 45
53 19 25 53 34
53 47 10 27 23
10 9 37 52 47
10 58 81 100 95
17 52 60 95 71
17 19 73 80 80
13 49 95 100 100
13 30 36 89 78
13 0 54 83 57
49 54 86 88 88
14 33 53 70 66
14 15 11 97 45
14 31 37 54 51
33 9 57 98 71
33 40 37 56 42
31 54 51 58 56
31 14 26 47 29
31 5 39 96 59
31 58 35 52 41
38 29 57 69 65
38 49 70 89 82
38 52 23 53 37
38 17 79 99 81
16 4 50 63 55
16 12 26 42 42
52 26 80 81 80
20 0 82 100 96
21 26 95 98 96
22 9 43 95 66
23 25 92 95 95
25 38 50 59 58
59 31 29 78 56
59 38 28 89 73
27 19 90 98 96
27 44 47 100 95
27 51 31 81 79
27 56 48 66 66
27 5 17 22 17
44 39 82 100 99
51 57 49 51 51
51 15 17 31 22
51 30 68 90 75
56 51 43 45 44
28 1 69 84 73
28 14 11 19 19
28 2 51 63 63
29 48 85 100 92
48 11 13 45 40
54 18 16 76 44
54 38 41 58 57
54 32 13 33 24
54 3 86 96 92
54 21 93 99 98
54 53 10 13 13
32 25 25 89 48
32 24 66 68 68
40 43 61 88 80
34 26 79 88 79
34 58 48 82 72
36 58 20 96 50
37 26 37 83 46
42 2 40 97 93
45 10 92 94 94
45 53 84 87 86
46 7 47 91 47
47 16 91 100 98
47 39 52 75 66
57 52 87 90 89
57 16 41 75 56
57 11 12 50 26
0 59
