73 216
0 16 95 99 98
0 55 58 62 59
0 42 46 67 59
0 14 41 64 49
0 24 12 47 20
16 72 38 47 45
16 13 17 79 71
16 27 76 87 85
55 29 66 96 77
55 47 60 65 61
55 72 60 98 86
55 34 81 85 83
55 37 81 99 99
55 14 86 99 89
42 16 89 98 89
42 39 79 95 93
42 61 29 73 57
42 67 28 73 29
14 19 51 52 51
14 32 89 100 92
24 63 89 96 89
24 5 27 90 57
24 9 27 98 39
1 29 52 92 76
1 10 94 100 95
29 27 52 97 97
29 56 24 54 32
29 8 92 98 93
29 62 84 92 86
29 1 37 98 59
10 27 57 92 78
10 66 31 43 33
10 43 65 67 66
10 55 18 30 29
2 65 38 47 42
2 13 17 58 39
65 13 21 93 55
65 30 38 44 44
65 15 83 86 85
65 62 25 76 29
65 26 13 22 18
13 15 47 69 51
13 44 45 70 45
13 48 81 87 86
13 8 44 65 56
3 30 44 60 51
3 34 65 98 65
3 27 37 98 63
3 32 14 94 77
30 48 57 69 66
30 5 53 81 71
30 3 49 83 50
30 31 40 60 52
34 27 73 96 87
34 16 30 75 58
27 50 93 94 94
27 47 19 95 54
27 68 84 85 85
27 22 58 71 71
32 17 13 30 20
32 30 74 94 87
32 54 23 52 39
4 25 61 90 81
4 54 10 25 19
25 26 10 33 23
25 22 79 91 79
25 14 15 59 45
54 16 87 90 87
5 41 39 58 42
5 15 40 62 47
5 44 61 86 81
5 12 44 46 45
41 2 82 92 82
41 22 43 62 50
41 43 44 62 59
41 0 91 97 92
41 31 51 90 51
41 67 69 70 69
15 42 15 65 47
15 5 52 81 78
44 21 83 90 89
44 59 82 85 85
44 72 35 61 36
44 40 77 92 84
12 57 87 100 95
12 34 21 57 54
12 21 13 69 24
12 18 56 68 57
6 3 10 96 18
6 1 53 92 88
7 3 59 82 62
7 22 54 97 86
7 37 61 68 62
7 5 48 59 57
22 26 68 94 70
22 50 33 74 48
22 6 12 40 20
37 63 21 90 22
37 51 43 95 74
37 71 37 79 67
37 59 14 23 15
37 33 40 62 59
8 47 71 98 81
8 10 83 97 91
8 68 42 58 58
8 22 32 60 32
8 19 70 93 82
47 49 79 83 79
47 60 50 85 54
47 54 25 43 41
47 13 19 71 48
68 10 13 68 20
68 50 77 81 80
68 64 68 92 92
68 15 31 71 57
19 45 93 97 93
19 38 30 76 55
19 39 13 91 46
19 47 78 96 95
9 40 64 83 65
40 56 94 96 95
40 68 42 98 91
40 48 63 66 64
66 68 57 65 59
66 48 17 24 18
66 27 61 77 71
43 12 81 98 91
43 71 25 37 28
11 44 14 96 20
57 47 12 43 19
57 32 22 68 49
21 28 40 65 48
21 0 81 91 86
18 68 53 98 59
18 8 69 74 74
48 69 14 23 14
48 39 45 69 53
72 27 30 76 30
72 23 39 99 96
72 32 95 98 96
17 37 80 100 97
45 60 21 22 22
45 32 15 25 15
45 27 61 65 61
45 20 25 72 53
38 27 52 54 53
38 45 53 76 61
39 55 65 74 70
39 54 71 97 97
20 1 35 77 39
28 49 25 31 29
28 52 40 79 66
28 63 61 87 78
28 55 38 72 61
28 15 76 91 81
28 9 59 68 68
26 64 14 98 52
26 67 72 83 77
50 71 72 81 73
50 53 78 82 79
50 41 65 87 81
23 47 13 75 22
63 48 58 99 98
63 24 79 95 84
63 9 76 88 85
49 31 46 47 46
52 23 23 91 44
56 49 34 70 68
56 15 22 89 30
56 51 34 93 42
62 65 26 59 49
62 61 71 99 96
62 16 63 73 67
31 19 62 67 66
31 0 42 49 48
33 65 24 80 55
33 43 21 82 68
35 32 79 97 81
35 27 86 100 93
35 10 16 66 31
35 6 29 52 42
36 23 38 84 54
36 33 66 70 70
51 61 57 79 70
51 57 25 48 35
51 53 39 82 81
51 32 55 84 67
51 56 18 32 32
71 70 63 68 67
71 57 70 72 72
71 16 64 69 66
71 18 60 78 75
59 6 68 76 76
59 2 12 85 67
59 63 24 73 34
61 32 13 56 40
61 29 92 96 96
60 36 74 90 79
60 34 51 86 75
60 44 54 57 57
46 48 63 82 65
46 51 88 94 93
46 54 60 92 81
69 9 23 34 24
69 1 12 75 64
69 48 10 26 19
69 52 69 72 69
69 15 22 47 37
53 25 42 92 77
53 56 56 61 57
53 11 93 99 96
53 48 68 78 76
58 45 46 72 54
70 22 61 90 90
70 51 24 97 30
70 57 39 58 41
0 72
