76 258
0 1 27 44 43
0 37 64 89 79
0 62 65 78 68
0 24 43 58 56
0 9 77 93 86
1 67 50 96 92
1 5 30 53 51
1 28 88 98 97
37 48 35 87 61
37 15 35 69 68
37 29 37 77 77
62 55 54 55 54
62 9 19 94 36
62 24 68 79 72
62 41 15 58 30
24 53 67 94 86
24 39 24 55 38
9 37 50 98 74
9 12 36 42 41
9 26 24 48 40
9 63 71 84 79
9 56 81 94 92
67 34 72 94 79
67 16 57 61 59
67 35 81 84 84
67 73 10 14 11
5 40 73 78 75
5 16 49 69 67
5 60 36 67 55
28 14 26 62 41
28 12 22 38 30
28 9 10 21 11
2 58 55 65 61
2 75 13 78 45
2 29 36 96 77
58 32 23 63 41
58 37 32 65 57
58 3 38 40 40
58 13 30 32 32
75 36 79 96 87
75 72 93 98 97
75 61 68 100 68
75 54 62 88 62
75 17 59 65 59
75 1 67 73 69
75 10 50 54 52
75 57 73 74 74
29 63 23 37 29
29 38 71 88 85
29 10 26 68 26
29 2 62 95 82
3 19 67 68 68
19 44 54 67 67
4 18 70 94 93
4 50 71 88 78
4 6 90 94 90
4 31 49 51 50
18 23 87 88 87
18 10 26 49 35
18 13 84 89 87
18 43 75 99 80
50 36 40 77 73
50 48 83 87 84
50 42 92 97 93
50 75 40 63 57
50 46 95 99 98
50 63 84 97 93
6 75 70 88 71
31 6 65 71 70
31 69 35 100 88
31 25 22 56 36
40 3 41 74 44
40 60 28 75 74
40 36 92 95 92
40 1 27 45 34
40 37 77 91 80
16 58 67 99 75
16 3 34 63 44
60 2 33 80 62
60 54 70 76 75
7 21 16 54 21
21 50 27 74 68
21 4 22 66 25
8 43 74 77 75
8 61 41 91 49
43 20 64 68 64
43 60 66 86 81
61 24 64 97 89
61 49 68 89 77
61 18 31 44 31
61 70 54 60 59
61 71 26 44 27
12 30 45 77 72
12 44 82 86 85
12 18 59 72 65
12 53 84 100 95
12 22 84 88 88
26 55 90 93 92
26 70 59 96 96
26 73 71 77 76
26 18 49 51 50
26 8 67 87 72
63 52 15 77 31
56 61 77 87 77
10 44 35 51 48
44 38 21 66 32
44 63 22 46 31
11 51 83 98 90
11 50 11 82 33
11 23 41 75 52
11 42 46 58 51
23 50 67 92 78
23 73 56 98 59
23 8 15 34 29
23 26 49 81 59
23 14 39 40 39
23 68 78 100 97
42 53 47 67 61
42 10 18 68 27
42 15 62 85 79
42 63 36 54 40
42 11 89 96 91
30 68 78 89 85
30 55 22 48 43
30 14 14 48 40
30 5 17 36 31
53 15 29 67 36
53 58 18 97 30
53 60 80 100 99
53 27 75 86 82
53 59 76 82 80
22 15 54 86 63
22 54 23 57 53
13 49 81 89 89
13 20 17 73 45
13 19 50 74 60
49 45 46 55 54
49 1 84 91 85
49 3 68 81 80
49 68 70 83 72
20 4 16 91 70
20 34 95 100 95
20 6 41 49 49
20 2 20 50 28
20 36 51 73 66
14 0 51 80 70
14 8 13 95 75
14 71 93 97 93
14 20 32 78 38
71 38 39 54 48
71 26 10 46 32
71 70 92 94 93
71 51 28 94 37
71 47 85 94 88
71 10 76 89 80
15 36 86 92 86
15 73 14 83 33
15 66 89 94 89
15 27 91 100 93
36 53 53 63 60
36 43 39 42 42
73 18 88 96 88
73 66 91 95 93
73 4 37 87 41
73 71 49 98 74
66 45 49 90 57
66 7 52 85 79
66 71 26 95 42
27 66 90 100 92
27 32 59 63 63
17 1 57 80 75
17 59 90 92 91
17 55 21 60 56
17 46 48 68 54
17 19 70 96 90
59 21 41 45 41
59 39 76 83 79
59 53 53 64 63
55 53 55 96 79
55 61 33 44 33
55 40 45 72 48
55 54 18 31 20
55 62 39 48 45
55 4 92 98 97
46 24 91 97 91
46 11 92 97 94
46 57 22 73 49
34 75 67 86 68
34 15 29 60 34
34 18 41 99 82
34 7 25 68 46
54 3 30 64 31
54 13 21 98 46
54 56 14 29 21
54 36 64 100 83
54 37 29 61 49
68 27 45 93 78
39 64 16 52 17
39 30 63 80 63
39 52 94 95 94
25 72 17 96 80
25 52 25 35 33
25 17 85 100 97
72 27 57 87 72
72 40 53 75 72
72 11 39 68 40
52 6 11 97 61
52 43 36 53 51
52 21 74 87 77
70 48 63 95 76
70 41 46 94 55
70 25 12 79 12
32 30 65 86 75
32 39 58 61 59
32 65 16 48 45
32 68 28 58 29
38 75 42 64 44
38 24 38 45 41
38 58 94 95 95
69 7 12 35 26
69 71 33 72 38
69 34 47 92 84
69 14 46 73 70
69 41 45 51 46
65 46 49 50 49
65 21 87 95 94
65 63 54 98 94
33 16 81 97 97
33 64 33 100 95
33 75 12 17 12
33 25 94 97 94
64 9 14 45 19
64 5 67 69 67
35 10 52 63 59
48 20 11 51 13
48 7 72 96 76
48 3 90 92 92
48 31 72 95 85
41 58 78 97 81
41 63 86 97 94
41 74 37 90 64
41 31 35 49 41
41 71 16 51 38
74 1 47 71 48
74 72 49 69 63
74 20 10 20 18
74 69 58 79 78
45 59 48 85 49
45 58 86 98 86
45 29 73 75 74
57 65 82 91 89
57 18 71 85 72
57 26 34 60 41
57 7 31 44 37
57 36 11 16 11
47 7 43 79 70
47 57 93 94 93
47 14 89 91 90
0 75
