30 101
0 29 21 88 54
0 1 18 31 19
0 21 93 99 96
0 24 22 67 26
0 18 31 52 49
29 10 44 73 73
29 12 51 80 69
29 4 18 29 27
29 3 43 67 67
1 29 82 93 89
21 19 11 93 89
21 28 44 64 58
21 3 60 98 62
21 2 85 92 91
24 7 63 66 66
24 12 27 72 52
24 26 70 78 70
24 13 41 92 83
24 25 34 95 52
24 14 24 95 92
18 23 27 91 50
18 28 79 90 87
18 3 88 97 96
18 19 51 60 53
18 29 14 25 17
18 13 85 86 86
2 12 58 88 81
3 26 41 95 73
3 8 24 70 38
3 10 17 28 25
3 29 86 87 86
26 20 46 68 63
26 23 67 99 95
8 4 33 64 43
8 25 47 56 56
8 15 39 93 52
8 3 48 78 73
8 7 51 90 58
8 18 27 68 41
8 2 58 68 65
10 5 73 75 74
10 22 87 97 89
10 3 16 21 18
4 5 58 78 73
4 25 37 71 71
4 18 49 60 51
4 10 18 26 20
5 21 35 47 45
5 8 68 91 72
5 28 52 100 53
5 10 24 85 73
25 0 58 84 58
25 15 82 100 95
28 20 36 81 39
28 13 78 91 83
28 12 93 97 95
6 17 36 48 40
6 21 87 92 87
6 5 56 93 58
6 20 34 81 39
17 20 61 85 64
17 1 74 77 75
17 23 84 99 96
17 12 29 39 34
20 29 64 68 64
20 21 34 56 52
20 24 76 87 81
7 3 69 100 72
15 27 85 93 86
9 27 50 69 62
9 7 93 98 96
9 10 17 29 18
9 4 45 92 53
27 24 84 92 88
27 4 71 93 92
27 17 90 99 91
22 26 78 83 80
22 28 46 82 60
22 29 44 73 69
22 2 78 99 92
22 20 79 85 82
11 27 30 58 58
11 7 42 80 55
11 18 93 95 94
11 14 94 100 100
14 21 71 95 87
13 16 43 81 57
13 3 22 87 38
13 4 63 80 77
13 20 35 64 57
16 2 61 83 69
16 0 53 84 78
16 15 12 90 22
23 25 66 84 76
23 11 95 96 96
23 8 40 88 58
23 26 18 36 19
23 24 88 99 90
23 17 20 24 24
19 21 73 96 95
19 4 45 81 69
0 29
