27 50
0 13 21 55 43
0 8 24 35 28
0 20 53 65 62
13 9 15 24 18
13 14 37 91 62
13 23 50 76 58
8 25 42 90 90
2 0 91 98 96
3 20 62 81 69
3 5 13 98 41
5 15 84 99 86
5 3 85 87 85
4 23 37 90 51
4 9 81 95 90
4 10 54 89 66
4 0 89 97 95
9 26 54 65 62
9 18 36 71 41
9 21 51 93 78
9 17 69 81 77
10 6 56 61 58
15 8 37 79 55
15 10 22 46 38
6 1 94 99 96
6 17 30 47 42
17 15 26 73 49
17 22 83 93 83
17 13 22 87 55
7 5 31 62 45
25 2 45 72 67
25 14 58 67 59
26 12 72 82 74
18 20 81 99 81
21 10 62 69 64
21 14 48 52 51
21 3 14 22 22
11 3 28 78 57
11 13 14 44 30
12 18 65 81 77
14 25 60 66 60
14 12 39 87 39
16 7 25 61 50
16 19 12 81 40
19 26 76 100 78
19 4 84 97 87
22 21 23 28 24
22 24 17 30 20
22 19 59 71 66
22 13 84 99 98
24 20 94 98 95
0 26
