1500 3352
0 1372 24 90 42
0 1398 81 100 89
0 568 33 53 40
1372 736 65 87 80
568 1116 74 77 77
568 1138 63 73 65
568 437 94 96 95
568 1362 78 96 93
1 246 30 76 71
1 197 88 93 93
246 1115 91 93 92
246 836 77 83 83
246 174 40 47 43
246 183 90 93 93
197 1172 82 92 82
2 61 23 51 23
2 1085 31 62 53
2 736 92 97 96
61 848 41 51 51
61 530 45 56 48
61 495 70 92 86
61 1206 55 95 86
61 822 68 94 86
1085 340 48 60 56
1085 1198 83 99 84
1085 500 30 33 33
1085 1347 63 92 76
1085 455 69 73 69
736 668 48 69 55
736 696 49 89 69
736 295 89 93 89
736 490 27 39 39
3 1224 47 70 54
3 369 62 92 74
1224 1179 27 84 82
1224 903 15 46 26
369 250 72 95 88
369 679 14 69 51
369 386 43 50 45
4 84 10 50 40
4 76 68 72 72
84 173 88 99 98
84 980 20 54 29
76 1094 78 88 81
76 812 91 92 92
76 215 47 61 58
76 15 94 99 98
5 1151 19 37 29
5 1379 10 31 15
5 1038 62 81 75
5 1401 66 83 72
5 1482 41 51 50
1151 1038 70 73 72
1151 1458 10 48 27
1379 1130 93 100 94
1379 835 18 86 33
1038 1462 39 94 41
1038 285 11 99 14
1038 380 92 99 94
1038 1163 58 69 59
1038 266 71 90 79
1401 1092 51 65 58
1401 35 35 91 77
1482 919 36 69 67
1482 852 48 65 60
1482 1052 91 100 94
6 783 40 64 50
6 213 12 24 13
783 306 10 92 28
783 412 43 54 43
213 609 76 95 95
213 699 36 80 38
213 1379 30 42 33
7 572 46 48 47
572 341 24 58 41
8 1226 67 98 79
8 1229 27 74 41
1229 992 15 89 81
1229 587 16 87 35
1229 476 62 66 65
1229 100 28 94 78
9 233 29 53 48
9 151 93 98 97
9 475 45 55 45
233 630 27 95 53
233 493 11 66 50
151 377 53 71 71
151 61 55 95 93
151 239 81 86 81
475 1241 42 44 43
475 266 20 53 25
10 1226 89 98 90
10 750 37 50 38
750 871 48 96 78
750 1218 89 92 92
11 862 20 89 38
862 688 14 84 73
862 1479 26 46 27
862 982 15 68 42
13 270 89 92 91
270 948 63 84 66
270 598 90 96 91
270 531 41 68 60
14 1235 59 73 68
1235 737 67 84 78
1235 682 67 76 76
1235 810 72 92 72
15 1001 45 79 76
15 1283 92 94 94
1001 4 70 97 90
1001 57 81 100 96
1001 356 61 84 81
1001 173 46 76 64
1283 85 27 55 40
1283 36 10 38 16
1283 486 21 57 23
17 753 60 63 60
753 1046 50 52 50
753 806 42 85 83
753 781 58 80 66
19 1460 21 61 50
19 351 76 77 77
1460 1313 87 98 89
1460 939 30 81 42
1460 552 27 100 66
351 1181 36 76 58
20 93 39 75 73
20 263 21 37 26
20 163 34 77 52
263 1428 91 99 93
263 872 38 47 41
263 1133 72 91 75
163 1230 34 44 40
163 248 37 69 49
22 1184 64 97 70
22 1343 34 40 34
22 733 95 99 95
1184 835 56 83 62
1184 1230 93 98 98
1184 979 35 61 60
1184 1311 62 73 69
1184 425 81 96 85
1184 271 36 75 41
1343 980 12 69 45
1343 456 39 57 52
733 779 12 24 24
733 1466 76 90 77
23 64 15 85 15
23 1478 53 73 59
23 1126 47 53 48
64 320 74 84 81
64 470 48 65 55
64 736 29 77 50
64 1173 18 33 18
1478 1052 95 97 95
1478 343 20 43 29
1478 791 80 82 81
1478 246 63 67 67
24 1096 41 96 52
24 625 80 88 86
24 362 54 95 76
1096 1251 62 63 63
1096 1162 53 96 87
1096 1241 52 97 81
1096 227 12 61 51
625 718 89 94 92
362 779 91 92 91
362 856 24 37 36
362 1172 32 97 58
362 65 71 84 83
25 770 41 58 50
25 1213 32 79 50
25 1261 80 88 87
25 768 81 83 83
770 954 65 96 77
1213 1183 72 86 73
768 1300 49 50 49
768 1369 44 48 44
768 1023 89 93 89
26 1421 86 90 90
26 54 59 80 60
26 805 21 69 47
1421 1273 37 51 37
54 944 23 61 25
54 298 50 61 55
805 75 65 99 81
805 798 39 44 41
805 183 85 92 92
805 1209 35 66 44
805 1069 14 79 75
27 279 22 42 37
27 343 63 99 92
279 755 84 90 88
279 1098 91 98 96
279 399 38 82 52
343 1307 66 97 67
343 644 14 48 22
343 1153 13 64 34
343 886 83 90 90
28 1445 17 83 64
28 987 67 68 67
28 621 62 89 64
987 688 61 79 63
987 59 68 85 76
987 1008 59 76 72
987 983 65 74 71
621 703 89 92 89
29 247 67 85 72
29 457 24 64 27
247 752 18 79 51
457 44 38 68 58
457 510 12 76 14
457 411 63 76 69
30 49 56 87 75
49 359 14 20 18
49 1082 23 86 25
49 870 67 81 73
49 803 83 89 83
31 709 83 84 83
31 340 46 74 52
709 1125 53 95 69
709 145 12 18 18
709 931 72 97 79
340 103 35 75 41
340 1052 19 53 28
33 1349 69 95 75
1349 1477 89 100 99
34 1405 46 92 65
34 353 66 68 68
34 1414 89 96 95
34 103 66 91 86
353 664 68 100 100
353 872 74 95 77
353 371 83 87 83
1414 1084 87 93 91
1414 126 10 19 11
1414 1436 86 96 86
103 1455 51 85 83
35 331 21 43 40
35 1105 24 47 46
35 1117 47 69 61
331 224 11 47 25
1105 447 80 96 92
1105 1172 38 44 38
1117 496 39 47 41
1117 611 20 91 71
1117 1313 83 98 93
36 1454 43 47 43
36 320 41 42 41
1454 420 80 98 90
1454 1059 80 81 80
1454 1319 38 86 58
320 1185 55 86 67
37 61 21 95 45
39 291 47 81 71
291 1157 53 60 59
291 1014 42 74 61
291 658 23 77 47
291 1144 19 51 35
291 173 91 94 92
291 989 78 79 78
40 874 27 61 42
40 292 64 68 66
874 416 72 88 87
874 591 41 78 42
874 289 91 98 93
874 1301 51 76 71
874 810 61 86 79
874 491 25 53 47
292 1238 55 70 57
41 693 85 90 85
41 808 55 100 68
693 1209 30 74 62
693 1125 12 90 12
693 113 70 74 70
693 309 54 80 79
693 708 63 76 66
808 180 29 97 35
808 972 40 63 63
42 1079 10 63 59
1079 1488 91 97 94
1079 533 21 22 21
1079 531 66 96 89
1079 215 79 89 81
44 893 59 99 84
44 1355 39 50 46
44 553 37 93 76
893 974 40 45 40
893 1123 63 85 76
893 1398 52 81 65
893 1394 85 96 89
893 604 73 82 79
1355 1199 72 84 83
1355 1101 43 100 64
46 1340 68 82 78
46 683 12 50 20
46 364 11 41 37
46 1307 93 95 93
1340 492 22 67 22
683 1 86 91 90
683 823 60 81 73
364 488 68 81 77
364 230 87 89 87
364 1296 77 80 80
364 1188 44 49 44
364 284 11 31 24
364 701 13 15 15
364 1118 11 15 15
364 1313 73 75 74
1307 1096 22 49 26
47 126 64 88 73
47 1012 82 92 84
47 1293 17 29 17
126 1078 64 92 65
1012 1233 70 84 78
1012 654 17 69 44
1293 929 32 80 36
48 799 19 65 58
799 512 40 87 42
359 173 18 68 55
1082 123 19 40 25
1082 1332 57 75 58
1082 584 72 85 84
870 1437 22 32 26
870 504 27 75 34
803 193 16 42 29
50 852 21 84 69
50 469 65 80 73
852 753 26 90 80
852 1055 20 34 22
469 488 18 92 85
51 615 92 97 96
51 96 43 52 49
51 908 95 96 96
51 326 31 76 74
51 729 86 98 96
615 797 11 62 54
615 916 37 91 45
615 620 80 100 81
96 819 91 100 92
908 385 40 69 45
908 1380 71 94 93
729 922 71 77 77
729 1409 42 72 57
729 1324 37 85 38
729 1454 19 41 36
729 820 54 72 55
52 477 15 56 42
52 148 27 35 31
52 611 91 95 93
52 1350 26 54 34
477 1016 67 85 82
477 189 67 91 90
477 203 51 57 57
477 1029 50 66 64
477 604 86 98 87
477 270 82 90 82
148 1262 92 98 95
148 746 72 91 72
611 421 30 90 57
611 982 36 67 43
611 165 80 98 96
611 979 57 81 68
611 422 51 87 72
1350 1017 27 56 36
1350 23 69 73 72
1350 1413 43 90 46
53 185 41 66 52
53 1287 65 91 72
53 141 84 89 89
53 320 65 76 69
185 1255 65 95 88
185 621 68 80 77
1287 721 75 81 78
1287 1392 29 69 46
1287 869 67 99 97
141 1189 55 95 93
141 643 37 71 47
141 510 22 55 34
141 843 83 92 84
56 342 50 56 50
56 197 60 90 79
342 1111 47 80 65
342 828 73 78 76
57 1035 22 98 77
57 378 73 96 89
57 1247 41 50 47
1035 1103 56 71 66
1035 1257 64 77 70
378 467 48 81 58
378 1024 26 96 38
378 881 66 90 85
1247 110 87 99 88
1247 1487 89 96 92
1247 750 19 89 62
58 972 13 67 53
972 410 10 99 49
972 332 21 64 21
972 1033 95 98 95
59 1499 49 69 62
59 1133 30 59 42
59 1051 22 98 42
1133 715 53 72 61
1133 902 13 23 14
1051 298 32 35 32
1051 146 16 42 25
1051 306 19 55 51
60 362 70 99 89
60 834 27 82 75
848 161 48 51 51
848 1343 35 93 67
530 744 76 79 78
1206 565 57 60 58
822 1096 54 75 57
822 1149 81 93 89
822 1134 70 71 71
62 13 16 93 38
62 1361 11 82 20
62 1477 60 78 69
1361 829 61 100 95
1361 1452 49 75 74
1477 17 11 94 26
63 697 24 42 36
697 1474 45 56 45
697 946 80 88 81
470 501 57 69 58
1173 665 43 61 54
1173 70 16 82 50
1173 1226 55 59 57
65 81 17 28 23
66 622 11 14 14
66 1418 86 98 90
66 1004 22 55 23
622 792 18 85 30
1418 1051 40 85 73
1418 155 33 75 61
1004 817 67 75 67
1004 591 32 75 67
1004 779 86 95 91
1004 1055 71 93 88
1004 1024 69 82 77
67 579 91 97 91
579 1137 45 98 83
68 988 87 99 89
68 1379 81 94 85
69 342 22 59 49
71 722 81 95 92
722 1359 84 89 85
722 303 81 87 83
72 1322 72 100 89
72 1263 60 92 61
72 594 54 98 86
1322 570 68 97 95
1263 939 25 91 79
594 232 93 99 97
74 1395 66 96 66
74 610 57 58 58
74 1381 67 98 86
74 1123 43 98 48
610 779 18 78 29
1381 1138 82 83 82
1381 934 46 61 46
1123 241 25 46 30
1123 270 93 98 98
1123 3 52 75 52
75 81 51 99 68
75 943 26 85 73
75 237 10 86 24
237 1414 37 48 39
1094 763 72 96 75
1094 219 12 39 30
812 361 92 99 98
812 1028 83 99 91
812 36 95 98 97
215 1197 78 79 78
215 613 79 84 81
215 1029 67 71 68
215 174 41 51 45
77 1418 40 64 53
77 384 15 62 27
77 1323 71 87 80
77 626 44 89 88
384 105 31 93 65
384 1010 49 79 63
1323 784 43 51 45
1323 103 30 56 32
1323 962 58 80 72
1323 406 85 89 85
626 101 65 97 84
626 13 84 95 92
626 744 55 62 58
78 963 18 86 23
78 545 92 94 93
78 1389 89 97 89
78 116 88 100 98
78 556 10 50 17
78 548 50 81 53
78 37 52 73 62
78 460 89 100 99
545 1429 72 74 73
545 52 46 72 55
545 1046 46 58 48
1389 667 21 68 32
1389 1415 47 79 64
1389 650 41 60 48
116 417 37 96 93
116 633 33 97 91
556 426 55 74 61
556 771 49 84 63
548 1120 10 82 62
548 1393 86 92 88
548 637 48 97 83
460 129 29 56 39
460 326 55 76 57
79 925 83 94 94
925 141 90 97 96
925 570 20 91 51
80 848 23 51 27
80 472 77 95 88
472 1092 72 98 84
82 896 10 82 17
82 706 63 72 66
896 253 79 97 81
896 210 42 55 48
706 1267 67 89 74
83 404 67 80 79
83 413 72 88 78
83 1187 73 80 78
83 220 83 93 88
83 1290 29 49 40
83 870 33 62 48
83 1333 43 69 56
404 604 59 89 62
404 867 15 30 19
1187 213 89 96 90
1187 472 77 91 88
1187 854 24 77 52
220 1227 47 86 55
220 565 14 21 20
220 891 25 59 49
1290 767 74 78 76
1333 858 73 93 86
1333 1127 74 79 77
173 700 53 96 93
173 495 83 91 84
980 582 83 94 91
980 1347 26 77 70
980 1488 75 98 81
980 397 54 63 63
980 183 90 93 91
85 571 45 66 58
85 354 88 92 89
571 533 32 49 47
571 119 54 98 54
354 1437 43 64 46
354 473 58 98 62
86 723 29 63 35
86 1309 52 88 72
86 106 49 87 76
86 1313 60 91 80
723 823 62 98 74
723 756 49 57 52
723 914 32 98 91
723 279 47 85 48
723 167 74 90 76
1309 1002 78 82 79
1313 714 23 44 29
1313 313 73 92 77
87 910 68 89 70
87 877 18 48 30
87 914 40 88 66
910 1407 11 18 18
910 674 14 100 81
910 524 27 43 31
910 682 29 98 29
910 1052 82 85 83
877 1478 69 99 81
914 199 19 57 24
914 1302 19 88 52
89 442 72 100 90
89 1440 82 90 86
89 603 24 56 39
442 580 34 45 34
442 17 85 99 88
1440 1254 27 90 49
1440 1207 32 84 65
603 354 71 91 74
603 34 80 85 81
603 1337 25 72 59
603 1126 47 50 48
603 418 75 89 76
91 89 54 73 69
91 183 20 57 49
91 1107 18 75 63
91 1325 84 99 99
91 1103 75 93 91
183 613 35 91 59
1325 761 86 91 91
1325 361 58 73 73
1325 955 41 61 43
1103 640 94 96 94
1103 938 43 66 43
1103 701 26 76 38
92 1233 23 44 42
92 1183 13 32 13
92 1171 90 94 93
92 1481 67 96 74
1233 998 74 75 74
1233 465 42 48 43
1233 767 66 98 83
1183 1383 84 89 84
1171 688 73 82 78
1171 791 31 70 34
1171 24 82 98 85
1171 1127 77 90 84
1481 652 18 94 43
95 1481 12 68 27
95 112 19 65 21
95 683 71 90 85
95 1242 93 99 97
112 1472 84 94 92
1242 520 26 32 30
1242 1454 78 95 80
1242 587 33 43 43
819 516 69 89 71
819 299 57 80 78
819 127 88 91 91
97 669 92 94 94
97 1231 75 93 90
97 1359 27 64 54
669 638 83 97 92
669 452 60 78 64
669 667 69 92 80
1231 1489 61 68 68
1231 503 56 60 57
1359 777 87 96 88
1359 383 57 86 62
1359 987 79 99 91
1359 657 55 75 61
98 705 54 79 55
98 811 90 100 98
705 235 62 91 71
705 240 36 94 86
705 1115 49 53 50
705 523 95 100 97
705 95 51 89 60
705 1419 11 64 15
705 925 51 54 53
705 147 65 81 77
811 1123 30 75 75
99 144 32 53 40
99 226 32 33 33
99 1197 70 99 95
144 1183 66 80 79
144 847 87 92 89
144 1217 72 81 80
144 1134 16 40 40
226 309 53 74 57
226 1205 25 87 33
1197 565 31 77 55
1197 159 43 44 43
1197 675 64 97 90
100 909 25 56 33
100 675 92 93 92
909 687 65 74 65
909 1054 50 85 79
909 229 16 68 48
675 1369 68 98 79
675 942 16 18 17
101 695 53 59 59
102 410 56 87 63
102 580 91 94 92
102 177 22 76 61
410 477 83 86 83
410 1176 63 98 98
580 496 74 76 74
1455 387 11 97 55
104 78 58 99 71
105 790 40 97 44
105 610 81 95 87
105 1051 22 24 22
790 454 33 90 76
790 271 30 45 40
107 1402 86 94 91
107 1391 17 52 36
107 78 88 97 95
107 827 68 94 89
107 1053 51 96 74
107 458 74 79 77
1402 762 81 84 82
1402 1016 42 55 55
1391 1237 86 89 89
1391 781 19 22 22
1391 453 51 84 77
1391 2 58 92 92
1391 1165 16 23 22
1053 811 85 86 85
458 931 94 99 95
458 70 23 40 30
108 205 77 86 78
205 407 14 43 32
205 1421 14 94 45
109 731 74 92 79
731 1106 77 81 81
731 1092 77 88 82
731 684 51 65 63
110 1294 55 73 68
110 801 87 98 89
1294 1102 24 73 57
111 280 58 76 62
111 93 27 95 42
280 661 64 75 67
1472 349 87 99 88
1472 495 78 100 89
1472 783 67 68 68
1472 239 29 63 42
1472 1103 55 59 59
1472 1376 23 59 27
113 287 65 87 76
287 248 48 62 54
114 805 48 76 63
114 545 42 83 53
114 406 69 100 83
406 706 26 32 32
115 528 43 50 45
115 368 73 94 88
528 197 36 49 41
528 392 37 38 38
528 1198 81 89 86
528 497 90 97 93
368 548 49 94 54
368 2 10 42 22
368 1316 23 64 25
368 822 23 75 50
368 279 24 88 27
417 1005 18 24 22
417 312 90 97 92
417 102 42 75 49
633 30 46 64 59
633 146 54 63 60
633 440 54 66 54
633 435 56 82 57
117 969 32 44 44
117 108 16 27 24
117 715 19 87 27
969 1166 68 96 85
715 845 15 29 18
715 1262 82 87 86
118 1378 62 89 80
1378 555 95 97 96
1378 835 49 76 69
119 737 22 58 40
119 1232 50 55 53
119 582 50 79 69
737 1354 74 88 88
737 1170 45 85 47
737 336 42 66 51
737 1235 39 73 39
737 1181 33 88 50
1232 834 26 35 34
1232 320 37 55 50
582 390 57 70 61
582 77 58 86 84
582 444 85 99 97
121 1487 42 60 44
121 1136 70 96 86
1487 1039 57 66 61
1487 26 33 87 56
1136 503 93 96 96
1136 205 65 76 74
1136 675 62 89 72
123 1260 74 81 76
123 406 14 35 15
123 88 64 75 67
1260 917 93 96 95
1260 482 26 36 35
125 1388 59 88 64
125 673 34 62 47
1388 956 73 90 83
1388 583 13 29 17
673 136 89 92 91
673 622 49 60 55
1078 995 95 96 95
1078 329 63 96 90
1078 408 16 46 19
1078 237 79 99 94
1078 1093 46 88 62
1078 271 62 81 75
127 1401 45 68 49
127 70 25 81 64
127 244 88 89 89
244 1253 54 73 71
128 123 66 72 70
128 332 46 55 51
332 1377 81 92 81
332 25 39 52 46
129 43 47 54 52
130 356 71 96 81
130 366 61 62 61
130 558 26 74 52
366 577 13 21 13
366 588 79 80 80
558 1092 32 59 45
558 378 29 74 56
132 155 70 93 93
155 1365 19 36 30
155 910 90 96 91
134 801 87 92 89
135 648 41 64 41
135 937 89 100 89
135 534 81 87 82
135 433 24 44 43
648 989 90 98 94
648 359 78 82 78
648 293 43 88 49
648 1386 81 87 83
648 544 22 42 32
648 1407 22 67 63
937 1444 65 77 74
534 705 35 40 39
534 1146 73 97 90
433 421 41 68 57
136 151 72 82 73
136 1387 50 65 51
136 37 49 52 49
136 201 14 96 58
1387 1255 14 46 14
1387 383 33 73 36
1387 1425 16 98 43
1387 853 46 52 49
1387 581 10 46 24
1387 716 62 82 81
1387 1338 37 100 95
201 208 64 77 72
137 513 27 46 36
137 447 45 84 82
513 1422 50 59 56
447 189 82 86 84
138 117 63 65 65
138 838 11 47 28
138 519 95 98 95
138 122 31 74 56
138 577 72 91 82
138 262 24 49 33
838 970 15 38 16
838 345 62 83 81
838 932 63 69 67
519 735 94 98 94
577 805 10 88 61
139 1282 55 69 68
1282 137 26 92 54
140 361 45 77 64
140 1189 38 49 46
140 291 41 77 57
361 182 81 98 86
361 964 17 33 17
643 1190 33 79 75
643 744 50 57 57
510 863 53 61 54
510 1083 73 89 78
510 443 56 98 67
510 1260 34 50 47
510 786 89 97 96
843 378 12 20 15
843 113 64 67 66
142 1133 58 83 80
142 33 16 86 57
142 469 28 84 59
143 1096 46 95 48
143 498 81 88 81
143 1478 27 37 32
498 737 87 93 89
498 935 85 93 91
847 23 93 99 95
1134 526 90 91 91
1134 1125 80 97 89
145 1346 45 48 47
1346 824 91 100 95
147 1258 75 92 89
147 836 35 63 41
147 636 87 95 92
147 498 20 30 21
147 842 13 16 13
1258 1463 22 70 47
1258 1269 49 55 52
1258 396 17 28 19
836 446 68 81 77
836 1121 77 92 89
836 1095 83 88 87
836 935 25 39 33
836 720 37 54 47
842 1104 30 67 65
842 1151 13 21 16
1262 1031 74 95 85
1262 1001 35 67 61
1262 604 51 84 75
746 794 52 98 80
746 458 88 99 89
746 428 65 89 82
746 760 18 54 52
149 301 34 92 46
149 791 16 47 22
149 0 23 67 41
301 1208 62 66 64
301 787 71 84 73
301 1290 74 85 77
301 1434 24 87 24
301 1262 54 89 81
791 559 26 82 51
150 518 69 95 82
150 1449 69 73 69
518 1472 10 49 14
518 867 25 49 41
1449 387 18 70 32
1449 977 33 51 47
1449 305 57 59 57
239 40 29 59 38
239 887 69 87 75
152 827 31 56 53
152 472 23 78 57
153 1198 87 100 91
1198 400 18 97 83
1198 1323 41 66 65
1198 1269 71 94 78
1198 1068 44 93 65
154 467 70 84 76
467 465 15 100 72
467 267 84 89 84
1365 520 40 73 65
156 140 82 96 85
156 132 69 73 71
158 766 18 27 23
158 422 43 73 56
158 929 87 100 94
158 1057 68 83 76
158 843 60 61 60
158 1302 27 88 82
766 902 79 92 90
766 597 55 70 62
766 374 52 54 52
422 681 57 60 59
1057 1386 58 77 71
1057 326 35 66 64
1057 563 37 97 55
1057 644 67 70 68
1302 1030 33 37 33
1302 1284 79 82 81
159 1210 55 83 82
159 937 33 85 39
159 54 74 90 86
1210 821 59 60 60
1210 1149 86 87 87
160 31 64 87 87
160 126 83 89 86
161 448 72 83 82
161 683 87 98 94
448 724 69 93 85
162 44 40 76 67
162 313 37 49 39
162 62 16 94 73
162 646 92 93 93
162 642 18 92 69
313 846 45 52 49
313 491 64 71 65
313 108 39 49 47
313 924 95 99 97
646 1147 13 98 32
642 633 75 83 82
642 324 20 74 22
642 1185 60 75 72
642 1168 69 71 71
1230 499 41 64 46
1230 147 24 89 84
248 1459 60 81 78
248 902 72 95 73
248 341 32 40 33
248 1473 30 97 71
164 587 24 49 43
164 357 78 79 79
164 955 54 90 78
164 1002 70 96 89
587 308 22 39 26
587 1183 53 68 61
587 231 76 90 81
357 627 49 85 59
357 276 70 86 71
357 188 37 93 92
357 655 63 95 94
357 1051 76 87 87
357 1206 88 90 89
357 162 60 95 85
357 1367 31 50 35
357 1070 54 86 79
955 1460 53 68 60
955 548 59 69 69
955 498 26 27 27
1002 1016 45 72 63
1002 443 54 56 56
165 12 17 60 60
166 988 38 100 96
166 1057 10 80 59
167 641 17 70 33
167 35 70 83 83
167 1176 15 62 28
641 717 44 71 59
641 454 90 92 91
1176 914 39 51 39
1176 943 21 83 60
1176 580 79 86 85
1176 292 48 73 66
1176 959 60 80 73
1176 56 35 100 70
168 1308 23 39 37
169 1159 90 94 93
1159 1301 58 66 63
1159 520 84 85 85
1159 1211 83 93 91
170 1398 82 85 82
170 310 67 87 77
310 902 13 26 20
310 103 79 93 87
310 1206 74 96 76
171 513 27 38 29
172 841 13 42 30
841 136 60 83 72
841 469 65 69 67
700 893 21 71 45
700 532 81 82 82
700 1292 54 85 54
700 373 70 86 83
174 1000 49 87 51
174 929 92 99 93
175 987 71 79 79
175 914 52 55 53
175 1125 83 95 94
178 182 12 98 15
178 136 88 97 94
179 870 34 92 64
180 364 89 94 91
180 641 40 92 79
180 824 54 76 56
824 90 46 80 60
181 1495 72 86 80
181 692 94 100 100
181 211 28 70 49
1495 1137 30 84 55
1495 784 41 49 42
692 1411 75 88 75
692 99 89 94 93
692 1172 39 59 42
692 644 75 83 76
613 1150 24 56 36
613 136 83 86 83
613 541 63 90 83
184 264 78 82 82
264 660 72 96 95
264 439 26 42 39
1255 908 26 59 41
186 1383 55 76 57
186 787 67 96 92
186 796 91 94 94
1383 878 59 62 59
1383 1113 44 67 60
1383 1177 60 75 65
1383 826 39 51 43
787 1154 57 81 58
796 304 69 97 92
796 93 72 94 82
187 1379 75 100 94
187 173 92 98 93
187 13 66 98 75
188 449 33 58 43
188 1478 93 100 93
188 772 36 56 48
449 906 95 97 96
772 459 79 86 80
772 1454 24 36 30
772 182 59 86 64
189 1109 64 89 77
189 1499 71 87 78
189 695 17 59 53
189 436 61 79 79
189 1364 39 77 53
189 1047 24 71 36
189 1458 71 79 74
1109 146 82 83 83
436 406 33 51 48
1364 330 26 48 47
1047 1494 49 64 49
1047 517 92 95 95
1047 360 93 100 96
1047 987 74 77 75
1458 782 11 24 18
1458 1482 24 75 27
190 1400 88 99 88
190 246 36 53 40
190 609 84 97 91
190 57 66 99 95
1400 789 53 72 57
1400 922 93 98 98
609 1382 85 91 87
609 809 55 93 68
191 1401 68 80 80
191 1279 12 33 26
1279 520 61 100 94
193 683 88 93 89
193 911 64 86 83
193 116 39 70 60
193 400 69 71 70
193 442 21 76 21
911 871 18 89 36
911 12 68 87 73
911 966 70 91 81
911 1332 89 96 90
911 954 15 98 56
400 837 32 51 38
194 308 17 22 22
194 845 91 95 91
308 137 58 66 66
308 698 68 93 88
308 365 95 98 98
308 1200 38 41 41
845 1494 89 96 91
845 1321 95 97 96
845 43 11 14 12
845 299 69 82 72
196 914 78 86 80
196 1103 44 81 50
196 228 70 83 75
196 1351 44 84 51
196 425 62 73 69
196 213 39 74 43
1351 65 64 96 73
1351 826 22 42 24
1351 133 86 96 87
1351 791 56 73 66
425 978 59 62 59
425 1383 86 92 92
425 512 63 80 69
1172 1127 19 34 31
198 285 49 86 65
198 650 80 90 84
198 178 11 39 32
650 900 60 100 71
199 140 74 94 87
199 318 26 86 35
200 560 11 98 65
560 1069 59 68 65
560 345 44 88 54
208 1461 90 94 91
208 380 25 50 48
202 804 65 82 70
202 1476 86 87 86
202 898 27 40 39
804 178 57 75 58
804 1438 42 89 57
1476 644 69 71 69
898 711 72 99 78
203 65 11 60 14
204 1143 52 76 75
204 598 71 73 72
1143 798 66 94 74
1143 790 40 59 56
598 320 66 69 66
598 1362 70 82 72
598 1166 54 75 69
407 673 51 99 81
407 634 66 68 68
407 1426 34 94 63
206 671 87 91 91
671 367 58 77 61
671 420 66 88 83
207 253 53 88 82
207 535 81 99 92
207 52 67 82 79
207 1197 95 96 96
253 1353 79 99 79
535 584 27 87 53
535 18 36 68 40
535 233 34 77 73
1461 1259 95 100 96
1461 108 24 66 54
1461 1417 37 41 41
380 1171 28 66 62
209 1338 56 96 96
209 728 77 90 77
1338 725 74 76 76
1338 340 59 76 73
728 385 87 88 88
728 476 82 91 83
210 630 40 58 44
210 866 70 92 92
630 1200 16 93 38
866 653 85 97 90
866 1089 63 87 74
866 1423 27 52 39
866 1360 78 99 90
212 809 43 99 57
212 392 37 76 56
212 459 95 98 95
212 528 61 98 75
212 1304 58 95 76
809 1194 65 75 69
392 342 40 99 40
392 770 21 91 67
459 622 26 48 27
1304 564 88 92 88
1304 26 49 81 52
1304 202 39 75 56
699 109 71 97 80
699 325 42 62 61
214 905 24 97 51
214 1409 36 77 48
214 1001 54 97 97
905 161 39 44 40
905 3 45 52 47
1029 397 74 82 74
216 291 95 98 97
216 351 78 96 88
217 396 18 38 28
217 268 84 97 94
396 777 59 68 62
268 1173 37 41 41
218 1343 21 25 25
218 1121 34 94 69
218 470 22 78 62
218 1199 73 81 81
218 846 28 78 69
1121 653 15 55 16
1121 796 80 87 80
1121 37 55 85 80
846 1380 67 100 85
219 976 14 24 17
219 1079 69 72 71
1227 307 57 98 74
1227 144 88 91 88
1227 723 23 86 57
565 711 23 39 23
565 1029 51 94 70
891 836 43 85 48
891 817 10 91 49
891 947 56 68 56
222 157 40 82 49
222 679 42 43 43
222 64 51 95 71
679 886 53 72 56
223 1390 34 56 40
223 190 21 100 50
1390 189 73 91 82
1390 1319 70 100 90
1390 211 63 72 64
1390 21 47 92 76
1390 1175 50 90 69
1390 76 18 46 30
1390 1063 16 26 22
1390 1415 30 81 45
224 1378 92 99 93
224 1429 14 45 17
224 1023 32 38 37
224 728 30 43 41
1429 628 85 98 89
1429 1339 92 95 93
1023 1417 81 86 86
1023 258 63 87 70
1023 1137 25 33 28
1023 1422 10 71 52
225 987 66 90 77
225 118 77 89 78
309 407 54 86 64
309 599 10 53 50
1205 860 93 100 96
1205 1363 76 79 78
1205 726 35 78 68
1205 791 79 98 94
1205 83 70 88 70
227 1245 59 90 84
227 1059 43 44 44
1245 1439 22 68 51
1245 287 82 94 82
1245 1099 18 86 83
1059 896 91 98 95
1059 543 21 77 52
1059 1232 21 44 43
1059 1233 10 86 56
229 186 23 80 70
229 868 34 98 59
868 612 70 88 75
868 263 22 85 58
230 133 64 66 64
232 1431 37 67 48
1431 961 92 95 95
1431 1053 33 96 45
1431 1480 68 77 74
493 29 32 52 45
493 1278 52 77 57
234 479 81 93 82
234 1135 93 97 97
234 362 72 96 95
234 1359 44 99 68
1135 772 82 93 86
1135 1450 32 45 36
235 1389 28 46 39
235 754 54 92 74
754 17 81 100 87
754 592 55 79 75
754 668 95 98 95
754 848 61 64 64
236 115 36 63 50
236 934 46 95 53
934 412 34 67 61
934 862 84 91 91
934 1128 51 97 95
934 1217 27 40 33
238 973 33 95 75
238 1086 19 86 37
238 695 41 61 57
973 1497 65 97 91
1086 1199 81 85 83
887 267 87 89 88
240 430 84 94 94
240 1167 12 96 59
240 353 64 98 96
430 1296 75 96 80
1167 10 44 93 78
241 75 85 99 96
242 1418 95 98 95
243 291 94 100 100
243 492 50 90 58
243 1314 44 97 45
243 88 27 69 40
243 70 32 36 35
492 825 93 95 95
1314 948 84 86 84
1253 1142 56 95 59
245 938 19 90 19
245 298 20 49 38
938 1055 20 91 53
938 147 13 27 14
1115 1025 11 36 19
1459 239 93 100 98
1459 671 24 80 69
1459 538 53 89 66
902 459 61 99 67
902 923 57 89 60
341 1042 28 98 59
341 937 22 55 32
341 590 42 65 54
341 1064 22 77 74
1473 654 13 65 26
1473 1463 18 23 18
1473 1249 29 60 40
250 674 62 72 66
250 1261 84 89 85
250 1303 33 65 42
674 505 46 87 55
674 1121 62 63 63
674 1154 32 100 54
674 845 37 44 39
251 1464 12 19 14
1464 1190 30 86 81
1464 544 53 83 67
1464 1142 67 92 90
1464 1492 52 53 52
252 1080 84 97 95
252 899 60 97 69
252 910 66 70 66
252 502 55 61 59
1080 1420 74 90 74
1080 418 16 81 78
1080 664 68 98 75
1080 692 37 67 54
899 460 46 51 48
502 1435 88 92 92
1353 740 64 93 67
1353 240 19 56 52
1353 1403 43 70 70
1353 864 81 83 82
1353 522 43 64 48
254 1219 61 94 77
1219 105 31 44 40
1219 1218 90 97 94
256 8 55 63 57
256 698 65 78 69
256 596 65 91 79
698 558 87 95 91
596 1296 67 93 73
596 299 51 96 76
257 263 47 79 71
257 1473 30 35 32
258 1340 56 94 76
258 629 37 88 47
629 1389 80 84 83
259 502 41 46 46
260 609 30 31 31
260 130 73 100 84
261 321 14 35 26
261 11 47 68 63
261 1266 28 84 42
261 800 89 93 91
261 726 72 96 90
321 930 32 63 34
321 457 73 83 77
321 1148 91 99 97
321 1163 19 53 51
1266 1432 45 46 46
1266 144 39 53 41
1266 997 91 98 96
1266 434 64 67 67
800 206 30 57 43
800 168 72 95 91
726 630 74 82 75
726 881 36 41 37
726 224 93 94 93
726 1258 81 82 82
726 1138 75 87 84
872 374 70 76 70
872 863 25 45 34
872 651 82 94 92
660 569 24 37 29
439 704 82 84 82
439 1228 16 67 33
439 208 81 82 81
265 877 39 58 51
265 278 14 72 35
265 633 77 79 79
278 1184 56 84 79
278 690 72 86 72
266 1313 57 70 61
266 1128 67 89 86
266 466 85 95 85
1128 1489 41 92 80
466 1257 38 64 60
466 1325 11 97 19
466 1170 49 63 57
466 1297 78 85 83
466 1195 64 97 68
267 734 94 97 94
267 387 21 79 24
734 675 18 64 18
387 808 78 85 84
387 1427 95 97 97
269 506 50 72 52
269 929 81 84 83
506 591 94 96 96
948 1075 62 74 69
948 1070 61 89 83
531 119 71 81 73
531 978 78 85 85
271 353 16 90 57
271 1222 88 98 89
1222 0 22 33 29
1222 1049 18 51 22
1222 1190 50 79 58
1222 898 76 95 90
272 543 43 97 89
272 1255 37 100 47
272 600 82 90 89
543 840 25 93 39
543 629 65 92 89
600 679 93 100 96
600 1077 16 92 32
273 1224 51 62 57
274 41 91 97 91
274 1410 36 85 63
274 783 81 99 98
274 815 64 100 99
274 68 90 91 91
274 270 62 77 63
274 304 45 55 55
274 1085 75 87 75
274 346 63 73 66
1410 214 18 43 18
1410 1344 15 60 50
815 298 23 36 27
815 1023 80 100 100
815 1362 91 93 92
304 738 30 50 44
304 1100 39 47 41
275 1464 53 61 61
275 604 39 49 49
275 331 74 86 80
275 227 87 89 87
276 1112 13 90 85
276 61 14 37 16
276 694 35 49 44
276 1028 90 95 90
276 1155 82 88 86
1112 144 73 93 89
1112 1479 49 63 59
1112 162 32 95 53
694 37 52 65 57
694 185 77 89 82
694 747 84 89 88
694 683 16 53 24
694 1066 14 33 28
1028 343 84 88 84
1028 1034 47 54 49
1155 540 25 27 27
1155 282 24 86 62
1155 1340 47 59 58
1155 681 18 90 33
277 1428 87 100 97
277 909 62 79 75
690 1201 71 99 78
690 744 57 95 73
690 18 15 44 26
690 717 11 44 39
755 1454 45 47 46
1098 767 76 79 76
399 136 53 55 55
399 8 76 100 84
661 412 11 98 33
661 793 71 92 79
281 936 43 45 45
936 786 50 95 79
282 1107 42 90 60
282 374 39 55 46
374 1493 62 100 92
374 542 11 91 59
374 241 79 85 83
374 1124 59 84 77
284 900 83 98 92
284 302 69 77 75
284 809 13 51 49
284 1407 49 50 49
900 905 22 46 30
900 967 18 49 34
900 575 44 93 60
900 279 64 83 79
900 1188 32 64 51
900 918 24 87 61
1407 76 71 95 72
1407 584 36 100 69
1407 712 90 92 91
286 1281 76 82 77
286 728 35 70 36
1281 397 61 95 67
1281 633 93 95 94
288 1207 63 87 67
1207 99 81 85 84
1207 340 18 41 41
1207 394 26 67 50
1207 85 88 95 90
289 1450 24 26 24
289 505 85 87 86
289 994 61 87 84
1450 1205 65 83 80
1450 0 66 85 79
1450 375 48 78 78
1450 1004 35 74 67
505 1206 28 55 28
505 1159 88 93 90
505 336 52 79 59
505 788 33 86 61
505 1001 25 55 29
994 1179 81 89 82
994 1404 80 88 85
994 1361 79 88 82
290 862 40 62 62
290 1297 90 93 91
290 241 83 86 85
290 505 64 86 64
1297 867 54 81 81
1297 1317 89 91 90
1297 946 43 66 48
1157 1134 88 94 88
1157 1422 51 75 53
1157 1241 22 57 23
658 582 12 94 43
658 699 79 93 86
989 218 36 84 58
1238 681 68 75 70
1238 543 21 43 26
1238 304 49 75 51
1238 861 88 99 91
293 1059 70 79 77
293 1294 72 91 74
293 171 52 100 65
293 1335 52 90 55
294 82 68 85 79
294 410 11 90 71
294 628 76 77 77
628 1432 88 90 90
628 366 35 38 38
628 1122 16 28 28
296 207 31 100 91
296 1494 26 97 95
1494 191 84 99 93
1494 1008 18 81 35
1494 949 83 84 83
1494 1030 69 73 69
297 1458 20 61 41
299 197 91 98 94
300 354 80 92 91
300 1041 95 98 98
300 974 21 85 58
300 1120 82 83 83
1041 1087 12 33 13
1041 328 30 91 80
974 895 33 79 55
974 928 40 50 50
1120 643 77 96 96
1208 1036 48 57 56
1208 726 75 80 78
1208 774 21 52 35
1208 1345 23 37 35
1208 1339 20 32 29
1208 464 44 83 63
1434 1027 49 62 56
1434 1376 49 67 54
1434 979 29 79 76
303 1372 60 85 76
303 1494 31 57 48
303 85 10 28 12
303 1377 71 98 85
303 672 16 50 17
1377 1310 62 64 62
1377 345 62 93 76
1377 240 94 100 100
1377 1276 28 74 56
672 739 74 91 83
1100 147 45 65 55
305 972 59 79 66
306 1286 27 46 39
306 60 66 94 67
1286 524 53 76 71
1286 1172 44 93 59
307 1216 30 80 61
307 240 40 78 63
1216 571 18 94 70
1216 14 43 67 46
1216 208 78 98 88
599 1395 23 64 41
312 416 76 80 77
312 1376 63 86 72
312 531 61 62 62
416 59 64 66 64
416 483 51 62 59
416 203 35 54 41
416 1304 68 92 76
1376 1020 87 92 91
491 65 20 48 28
491 958 18 39 34
491 382 20 71 49
924 1068 89 92 90
924 622 85 90 88
924 719 81 85 82
314 1312 16 79 34
314 1431 88 96 92
1312 641 24 82 29
315 1245 53 81 81
319 625 38 54 40
319 1040 57 63 61
319 629 55 67 60
319 845 31 48 43
1040 1235 10 58 56
1040 943 62 91 91
1185 861 27 76 76
1185 696 85 89 88
1185 171 92 100 92
930 1099 75 78 76
930 1458 23 71 46
1148 641 35 83 73
1163 1355 82 86 83
322 652 49 90 59
322 1354 87 94 91
652 1390 37 38 38
652 185 10 19 15
1354 850 47 56 55
323 1188 58 85 74
323 264 18 37 21
1188 663 55 73 67
1188 1185 21 56 52
325 220 12 30 27
325 768 28 72 30
327 1012 54 100 62
329 692 22 61 34
329 1461 79 91 88
330 643 68 77 77
333 1128 40 89 47
333 957 65 77 74
957 1088 37 99 48
334 1045 12 94 56
334 992 40 59 55
1045 1166 53 91 68
1045 962 36 40 36
1045 467 88 96 88
1045 1228 46 50 49
992 1384 74 81 75
992 1014 83 95 83
992 504 42 96 95
335 37 42 78 48
335 1485 67 76 67
335 718 43 46 43
1485 1483 63 68 64
718 1479 63 79 65
718 1137 23 61 56
336 1077 89 92 90
336 1328 29 31 31
336 1019 52 98 80
336 499 29 55 49
1077 297 43 59 45
1077 134 48 83 51
1077 279 75 96 91
1077 1321 58 70 60
1328 1022 73 92 77
1328 278 46 54 53
1019 1107 57 88 81
1019 1336 90 96 95
1019 41 17 74 30
499 571 81 91 81
499 1407 78 80 80
499 1350 89 100 95
499 1110 94 100 97
499 824 55 78 74
337 810 95 99 95
337 142 67 94 86
337 1311 13 18 15
810 33 25 29 25
810 1366 10 61 59
810 900 83 87 83
810 1310 85 99 94
1311 246 65 72 67
338 18 15 54 24
338 787 55 97 63
338 283 67 96 84
338 1275 11 98 92
338 736 27 98 31
338 1322 74 79 76
338 8 36 88 79
338 1491 55 72 66
1275 1190 29 30 30
1275 1090 90 98 90
1275 822 63 97 85
1275 1319 76 97 92
1491 824 60 92 77
339 1484 60 90 65
1484 671 86 95 93
1484 358 53 57 54
1484 278 38 55 48
1042 1319 89 100 91
590 1120 65 74 66
590 1365 11 16 15
1064 152 26 80 36
828 349 27 59 46
828 1211 48 62 50
828 1067 10 28 10
828 127 17 29 25
644 869 88 99 93
1153 27 50 52 51
886 560 51 52 52
344 181 20 65 27
344 336 52 77 58
344 61 10 29 29
344 452 81 87 87
452 1081 41 49 41
452 166 40 77 55
452 1001 88 89 89
452 243 81 97 88
452 257 58 73 65
452 265 52 100 99
345 1151 29 78 39
348 1132 11 67 26
1132 680 60 90 88
1132 1365 37 96 86
1132 572 80 99 95
1132 744 59 61 61
349 1216 46 63 59
350 117 81 95 84
350 547 15 43 19
350 1107 35 37 35
547 642 86 93 93
547 670 39 97 40
547 428 26 49 43
1181 714 94 100 95
1181 677 53 78 63
352 78 64 76 67
664 1385 56 70 56
371 278 58 81 62
371 1496 62 79 63
371 1026 85 100 92
371 44 70 84 70
1437 102 30 40 38
1437 831 47 83 54
1437 896 94 97 94
473 950 39 96 88
473 328 83 94 83
473 1345 94 97 94
627 821 83 85 84
627 368 57 63 57
655 665 92 98 94
655 35 75 86 85
1367 95 91 99 94
1070 1140 18 19 18
1070 1326 55 58 56
1070 400 95 99 97
1070 62 13 82 80
1070 1230 70 97 83
358 666 50 91 66
666 25 46 78 69
666 672 47 65 58
360 210 71 96 81
779 697 13 92 67
779 1226 76 96 88
856 301 15 22 15
856 510 72 91 81
488 354 58 76 63
488 542 29 49 45
488 937 60 75 74
1296 1179 15 99 35
1296 719 23 31 27
1118 252 77 97 82
1118 468 50 90 85
588 182 51 69 63
588 809 86 97 86
588 378 54 60 54
367 327 75 96 85
1316 1000 29 43 36
1316 410 55 56 55
386 1140 59 73 61
386 1293 21 69 36
370 326 15 72 71
370 435 56 84 65
435 1354 57 82 69
435 837 73 92 79
1496 660 33 45 33
1496 603 33 97 97
1026 597 85 93 88
1026 1141 45 63 57
1026 411 75 93 84
372 973 89 91 89
372 361 45 71 52
372 341 94 96 95
372 636 38 95 54
372 136 84 89 86
373 605 73 85 84
373 1020 83 99 90
373 1348 69 81 74
373 1165 85 97 92
605 991 32 80 35
1020 730 38 90 59
1020 1235 20 38 20
1020 295 74 87 84
1348 1039 95 99 96
1165 501 57 79 59
1493 1023 71 83 78
1493 669 89 93 93
1493 111 70 79 75
542 470 62 72 66
1124 723 87 91 87
375 308 21 86 33
375 657 23 49 37
657 1302 35 57 46
657 323 81 96 81
657 1097 53 65 54
376 505 35 59 42
376 190 32 99 64
376 1316 31 98 88
1024 1257 15 38 18
1024 279 27 71 33
1024 432 68 88 77
1024 355 21 51 23
881 624 93 97 95
881 808 73 82 75
379 520 91 98 91
379 110 26 28 28
520 1468 67 71 69
520 1360 61 75 66
381 1361 88 89 88
381 593 23 37 25
381 1305 57 69 64
593 878 40 83 59
593 951 38 59 46
382 1168 75 84 84
382 891 29 97 55
1168 1072 19 31 30
383 603 31 55 40
385 755 93 99 98
385 966 89 100 91
385 1043 78 100 83
385 1171 48 81 53
966 624 59 90 90
966 1098 20 69 69
1043 929 81 90 90
1043 258 28 69 40
1043 622 55 81 63
1140 5 42 44 42
1140 84 25 77 64
1140 790 24 76 57
1140 156 67 87 67
1427 593 76 82 82
1427 804 31 84 80
388 712 93 94 93
388 1475 78 100 84
712 1023 47 93 93
712 216 69 72 69
712 761 17 51 43
712 230 91 95 95
712 953 18 53 31
712 171 36 93 89
1475 1206 59 72 69
390 931 10 64 16
390 382 53 96 89
390 798 56 89 62
390 91 38 55 45
931 684 37 52 44
798 576 76 98 76
798 945 46 50 46
798 388 31 94 73
798 221 12 33 17
798 364 85 98 94
391 693 83 84 83
391 1464 46 75 47
393 409 55 71 64
393 731 62 85 83
394 1214 64 68 67
394 332 76 98 85
1214 10 95 100 97
1214 545 30 84 63
1214 879 69 89 72
777 1089 42 70 57
397 162 59 81 79
397 822 18 47 35
397 475 49 76 57
397 814 35 44 35
814 591 34 71 44
398 56 27 92 28
402 986 31 99 45
402 408 14 84 68
986 1161 71 73 71
986 513 69 84 69
986 641 41 77 44
986 1283 25 87 57
986 476 10 11 11
986 646 79 83 80
408 1033 93 97 93
408 990 82 100 94
408 1098 23 57 55
408 545 34 74 48
867 142 26 32 26
405 25 48 56 49
405 1223 42 64 49
405 919 48 84 52
1223 1268 27 44 32
919 1242 47 73 54
634 54 45 59 58
634 164 35 70 67
1426 435 26 93 84
1426 1470 53 59 53
1033 689 77 92 86
990 202 14 20 15
990 1345 72 73 73
990 465 10 100 36
411 261 64 96 84
411 1329 15 47 41
1329 308 59 93 80
1329 770 38 79 51
412 1418 35 60 44
412 1078 37 42 37
412 1432 11 91 72
412 457 93 94 94
412 517 50 94 67
1432 1313 17 70 46
1432 323 93 98 98
517 167 44 69 66
517 819 43 97 87
517 263 47 76 51
517 1048 66 100 76
414 1188 10 57 21
414 955 42 91 65
415 1414 26 34 31
483 502 57 74 68
483 683 89 90 90
483 1230 69 81 69
1005 1346 65 88 70
1005 189 81 99 82
1005 1488 18 43 23
1005 1481 83 84 83
418 586 67 90 74
418 899 83 88 84
418 1102 36 74 39
586 111 12 51 46
586 675 89 99 99
586 1033 28 91 31
586 81 20 57 37
1102 659 40 41 40
1102 985 95 100 96
419 975 73 88 84
419 1205 75 100 90
419 1203 44 52 47
975 282 41 45 42
975 1244 77 82 77
975 820 15 78 37
1203 433 15 35 24
1203 658 55 62 58
1203 1285 62 79 67
420 658 16 78 38
420 1143 66 89 73
421 1267 46 93 90
421 955 45 68 52
681 982 20 86 28
681 1038 10 53 21
681 852 22 49 40
681 937 29 61 45
681 415 88 97 95
423 818 78 93 87
818 667 58 77 73
818 419 50 85 78
424 358 19 53 27
424 453 51 66 54
424 213 64 93 74
424 710 31 59 35
453 601 71 75 75
710 678 25 71 61
710 72 50 77 73
710 660 11 86 42
978 960 84 91 85
978 697 27 69 43
978 1301 55 92 85
512 1084 50 98 50
512 1233 34 50 44
426 1109 76 87 77
426 696 32 49 49
426 307 26 84 34
426 787 21 55 24
426 213 51 71 51
426 821 15 49 22
696 1281 78 100 82
696 1496 82 83 82
696 1249 69 85 72
821 211 90 98 91
821 1284 45 69 49
427 879 25 54 42
427 221 94 96 96
427 307 29 84 42
879 375 86 96 91
879 1188 64 65 65
879 572 18 73 51
879 205 58 77 75
879 708 22 29 28
879 523 71 93 88
428 87 51 71 57
429 1347 37 80 52
429 54 86 90 88
1347 734 27 65 41
1347 1440 11 15 12
1347 959 61 85 62
432 1388 13 90 46
432 562 11 49 14
432 1370 91 99 97
562 1271 93 95 94
562 132 11 51 11
562 925 47 52 51
1370 1255 34 98 34
434 24 12 85 74
437 812 29 95 75
437 665 26 41 35
437 678 34 83 40
665 263 49 52 52
665 1131 50 53 52
665 1104 59 66 63
665 1295 54 92 92
665 1003 94 98 94
678 10 10 41 41
438 398 22 45 27
438 1045 37 50 41
1228 682 59 89 71
1228 856 49 52 51
440 93 65 77 74
440 579 26 88 40
441 1443 19 90 32
1443 197 85 90 90
1443 909 45 72 71
1443 588 81 98 98
1443 452 49 58 50
1443 1170 95 96 95
1443 378 69 82 79
443 664 40 85 57
443 328 46 75 69
445 490 85 97 86
445 276 41 100 59
445 874 60 84 78
445 180 15 27 20
490 546 61 99 61
490 793 43 96 86
490 1419 37 49 40
490 1258 20 57 47
446 149 48 62 59
446 998 44 89 78
998 197 75 85 78
724 99 36 47 38
724 401 36 98 60
724 1248 52 76 68
906 396 59 95 67
906 106 70 73 72
450 648 85 94 88
450 1142 60 70 68
1142 1123 15 41 29
451 82 75 86 76
1081 160 63 84 76
1081 847 42 52 43
601 1435 83 99 96
601 750 86 95 94
601 88 38 62 48
454 1080 53 95 88
454 1081 94 95 94
454 1462 44 86 65
1462 618 66 93 70
455 507 25 81 53
455 4 56 59 56
507 1223 66 79 71
507 51 26 90 38
456 188 10 75 54
456 1000 89 94 90
456 268 78 97 86
461 1135 89 96 96
462 1334 32 61 43
462 47 62 70 62
462 1289 52 57 52
462 1159 26 55 37
462 1426 82 92 89
1334 1047 72 80 77
1334 1213 83 96 93
1334 778 29 76 40
1334 207 17 39 27
1289 343 19 24 20
464 1094 73 92 77
465 1473 62 98 74
1257 1355 13 55 28
1257 770 58 86 70
1257 1224 78 92 82
1257 605 10 96 48
1170 50 49 88 58
1170 64 90 96 95
1170 671 36 85 57
1170 1251 37 87 42
1170 784 28 52 50
1195 456 85 96 88
1195 317 83 96 87
468 165 80 95 89
468 736 48 98 87
468 841 33 98 55
468 1433 36 82 46
1433 1443 73 80 75
1433 795 21 53 35
1433 951 20 61 23
1433 173 62 91 70
501 859 49 65 50
501 671 77 100 89
501 1291 26 50 33
471 1215 25 75 31
1215 999 13 85 30
1215 757 35 89 76
1215 582 34 64 53
1092 783 59 63 60
1092 502 36 100 61
1092 556 33 73 62
1092 972 24 75 28
1092 920 76 80 78
1092 1021 42 44 42
950 414 61 99 68
950 963 18 54 30
950 543 75 79 75
950 589 35 47 36
1345 0 42 60 46
1345 111 47 63 58
1345 127 68 75 71
474 985 80 85 82
474 1149 40 91 78
985 590 68 73 71
985 502 32 37 32
1149 505 12 98 74
1149 382 71 97 91
1149 1368 24 43 41
1149 1312 13 59 53
1241 1285 69 79 73
1241 262 35 57 48
476 1319 14 68 45
476 336 31 99 58
1319 364 20 87 63
1319 105 57 100 72
1319 491 72 95 87
1319 179 70 82 78
1319 211 94 96 96
1319 822 39 100 53
1016 882 54 92 75
1016 500 51 68 66
478 558 38 52 45
478 232 63 71 65
480 600 58 90 64
480 682 84 89 88
682 867 79 92 85
682 666 11 91 55
481 873 17 89 42
481 187 66 99 87
481 1466 38 66 40
481 1089 75 96 75
481 597 12 21 14
481 175 16 38 26
873 1266 41 54 54
873 750 13 51 33
1466 465 71 84 72
1466 583 80 100 82
1466 442 91 94 93
1466 975 77 82 82
1466 826 47 91 64
1089 661 45 64 62
1089 805 95 97 96
597 1484 23 29 28
597 678 14 28 23
597 716 25 84 73
484 643 69 71 70
484 104 94 99 95
484 879 22 32 25
484 46 40 43 42
485 1285 21 65 50
1285 1067 34 41 40
1285 259 33 95 68
1285 793 73 83 76
486 961 85 89 89
961 161 22 71 34
961 483 48 64 56
961 934 57 85 67
487 1287 87 91 87
487 438 92 100 95
487 1233 40 62 51
546 1479 53 72 59
546 548 53 68 60
793 586 94 97 94
793 341 11 78 23
958 112 29 56 50
825 1054 29 97 55
825 374 71 90 74
825 378 28 40 30
825 10 53 81 55
825 1143 68 90 90
1278 39 92 97 97
1278 854 26 80 61
494 1422 81 88 87
1422 74 95 96 96
1422 328 73 81 75
496 856 29 66 61
496 1042 34 36 35
497 540 84 100 89
540 1339 17 98 36
540 1436 84 96 88
500 1150 85 95 93
1150 722 66 98 81
1291 1344 58 66 62
1291 1476 56 95 88
1291 8 28 33 28
1435 226 53 85 78
1435 437 91 94 94
503 27 79 98 96
503 1471 22 41 41
1471 1472 75 98 92
1471 133 70 85 85
1471 461 94 99 96
504 81 25 56 56
504 1025 92 96 95
504 910 79 80 79
504 206 10 72 72
504 158 50 62 55
504 555 27 94 83
504 234 85 100 100
555 16 25 66 53
555 254 28 99 76
555 344 42 56 42
788 232 38 97 74
788 272 57 76 74
788 1332 44 55 45
788 809 21 94 21
788 1248 89 91 90
788 329 65 72 70
591 326 66 67 66
591 614 76 80 79
508 579 47 85 57
863 246 82 95 90
863 1315 43 60 49
1083 719 28 74 46
1083 138 13 59 34
786 119 21 43 27
786 490 74 94 94
511 710 29 43 32
1084 1035 80 96 80
1084 811 39 46 39
1084 693 57 88 81
1084 741 33 78 39
1084 845 27 36 35
514 619 93 96 93
514 1440 76 94 94
514 733 51 80 77
514 484 30 75 63
619 1330 10 36 18
619 290 81 93 85
619 1050 69 76 70
515 930 29 35 31
515 625 65 95 84
515 244 69 94 91
516 15 76 88 87
516 895 41 60 57
895 294 71 88 77
895 739 72 75 75
1048 30 28 88 52
1048 541 79 86 85
735 1189 20 97 66
735 1411 68 90 82
735 821 94 98 98
1468 645 50 84 58
1468 104 93 95 94
1468 1349 51 57 55
1360 1307 69 81 76
521 890 23 95 93
521 755 76 95 76
890 1154 87 91 87
890 721 52 92 59
890 518 74 81 81
890 504 16 37 22
890 1163 22 26 26
522 1228 49 100 78
522 997 41 49 49
522 159 73 100 78
522 1202 52 88 71
522 6 57 94 89
997 1236 67 97 82
997 700 68 85 71
1202 1337 41 47 42
1202 1027 75 90 85
524 296 71 76 71
524 412 29 48 34
524 827 34 52 52
524 396 40 80 74
524 1210 83 90 88
524 326 39 75 67
526 1015 11 45 37
526 450 51 79 73
1015 225 42 60 45
1015 1490 88 96 88
527 191 27 36 36
527 1005 79 96 82
527 943 16 76 60
527 1430 95 100 96
1430 1298 27 94 53
1430 1198 22 32 32
1430 1284 35 67 42
744 9 94 98 94
744 39 93 98 95
744 398 55 62 55
744 756 68 76 71
744 1151 36 65 56
532 257 42 67 51
533 802 49 85 84
1146 780 11 29 20
1146 962 49 90 49
1146 124 61 66 66
584 833 70 98 90
584 67 80 81 81
584 445 93 99 93
584 1441 27 79 56
536 1163 84 85 85
536 954 12 67 40
536 1103 19 39 25
954 576 56 64 63
954 574 57 63 61
954 42 76 86 84
954 846 34 92 87
537 1307 46 96 49
538 1444 46 99 59
1444 1406 77 89 82
539 1425 56 92 58
539 1396 40 95 62
539 690 70 98 94
1425 249 33 97 57
1425 332 37 82 57
1396 53 83 87 83
1396 996 36 51 50
1396 566 69 90 79
1396 1146 68 86 72
1436 1136 74 98 84
1436 1200 18 74 19
1436 574 22 76 59
1436 1140 12 13 13
541 800 38 74 43
541 138 57 71 62
840 464 39 40 40
840 278 25 41 40
840 635 47 73 47
544 960 34 43 36
960 67 39 61 43
960 51 60 69 65
1046 694 25 90 50
1046 1451 89 98 98
1046 1093 47 96 58
670 552 71 72 71
670 847 87 98 87
670 100 83 88 83
1393 863 69 91 80
1393 1286 36 56 44
637 142 79 82 79
637 671 64 77 71
637 1370 32 62 32
549 973 13 36 32
550 1149 70 73 71
550 1071 69 92 79
1071 960 49 69 57
1071 433 52 57 56
1071 1081 34 72 34
1071 323 33 83 82
552 522 42 62 42
554 552 42 56 48
554 16 78 99 93
771 413 31 43 43
771 1017 68 76 69
557 45 25 43 34
557 699 40 90 82
557 1232 75 81 78
557 351 11 40 17
559 115 54 90 86
1069 1319 81 99 85
1069 337 61 86 82
1271 1148 37 58 52
563 305 30 89 66
563 484 85 89 85
564 1276 68 89 71
1276 844 83 92 90
711 694 76 99 90
566 815 79 98 83
566 63 22 49 48
1116 1042 14 30 30
1116 738 55 93 76
1116 1378 12 26 19
1138 39 58 98 72
1138 410 18 63 36
1362 1130 29 35 35
1362 538 53 57 57
569 1259 68 89 87
1259 1335 71 99 82
570 826 69 84 69
570 223 89 94 89
826 1356 73 81 80
826 599 12 79 53
826 603 92 98 93
573 47 55 59 56
573 1234 50 69 66
1234 709 16 46 31
1234 1392 76 89 78
1234 829 80 100 88
1234 551 66 81 78
574 578 55 97 97
578 604 94 97 96
578 1337 25 52 49
578 192 74 78 78
575 844 84 90 90
844 1288 82 88 86
844 1052 22 100 94
844 533 46 57 47
576 1122 57 74 72
576 1431 86 96 92
576 63 16 77 25
576 1425 63 86 84
1337 503 29 77 73
1337 801 69 81 73
581 467 68 76 71
581 762 47 87 81
762 872 19 56 46
762 553 37 62 54
583 3 84 85 85
833 936 13 49 44
833 682 11 77 25
833 1338 38 66 39
833 440 51 96 51
833 1129 43 55 47
833 1082 65 96 81
1441 551 76 99 76
1441 1180 62 82 79
1441 912 60 78 72
1441 617 60 88 82
589 1252 76 81 77
614 1317 85 88 88
614 1277 17 25 23
614 225 15 61 36
592 967 44 59 44
592 47 71 94 93
967 757 37 62 60
878 97 66 79 74
878 1435 47 77 71
878 1301 53 55 54
878 1176 31 98 66
951 669 85 95 92
595 324 12 19 16
595 1454 47 79 64
595 935 38 92 56
595 251 13 49 47
716 1016 47 72 68
716 513 54 93 64
602 1459 35 100 53
602 1351 55 86 59
602 1431 81 88 84
602 711 47 48 47
602 576 26 92 72
602 249 48 74 68
991 1186 83 98 95
991 1263 25 39 39
991 488 62 82 63
991 550 33 39 37
607 902 21 22 22
608 383 93 96 94
608 1171 37 74 47
608 1209 28 89 67
608 1379 41 44 41
1209 1353 63 99 78
1382 1040 23 57 51
982 1434 22 50 50
979 1178 43 77 70
979 816 49 59 56
612 620 14 18 18
612 204 23 30 24
612 231 12 82 41
612 719 88 99 90
620 458 71 84 72
620 552 31 36 36
620 347 52 66 56
620 17 35 51 39
719 37 27 28 28
719 1106 79 94 93
1317 776 93 96 94
1317 1116 15 22 21
1277 446 49 56 49
797 1400 88 100 97
916 154 93 98 93
916 969 46 68 59
616 25 53 88 76
616 399 86 93 90
617 1301 68 85 68
617 53 28 58 56
617 1145 86 90 89
1301 825 87 90 87
1301 1288 55 74 60
1301 278 15 34 20
1145 451 72 78 74
618 1391 33 57 40
618 128 54 69 63
618 1124 46 60 47
618 15 40 85 75
1330 753 34 78 54
703 1479 48 82 65
792 686 60 82 72
792 273 46 94 88
792 1254 51 64 51
792 496 69 91 89
624 531 18 37 20
624 372 37 61 42
624 282 41 63 51
631 344 16 66 61
631 1099 34 48 38
1099 756 77 83 80
1099 298 37 77 44
1099 392 18 34 30
1099 62 20 26 26
1099 658 40 89 87
1099 1090 60 62 62
632 610 31 99 78
635 348 59 66 62
638 1338 51 66 51
638 1174 85 93 87
638 1158 90 92 92
638 72 75 97 75
638 861 82 95 94
638 223 57 74 62
638 937 20 76 35
1174 1318 55 72 62
1174 1001 70 74 72
1158 192 43 100 99
861 742 92 97 97
861 1133 73 81 74
861 43 95 100 97
639 1009 24 49 27
639 257 47 50 47
639 475 62 69 66
1009 175 72 90 72
1009 1047 28 89 75
1009 698 13 92 82
1009 981 88 91 91
1009 527 32 92 81
1009 1019 60 73 64
1009 1271 63 77 70
640 469 53 83 65
717 1486 61 72 61
717 893 30 58 34
1190 997 50 96 69
1190 540 28 89 62
1190 1284 24 63 34
1190 1087 35 95 75
1190 1375 50 84 52
1190 758 56 70 69
869 916 41 44 41
869 181 42 44 43
645 993 40 52 50
645 97 68 92 76
993 444 47 59 49
1147 915 50 58 57
647 529 11 30 13
647 1391 22 83 29
647 1158 16 79 39
1386 1046 32 57 52
1386 457 37 76 62
1386 506 92 96 92
1386 641 10 67 52
1386 1068 90 94 92
649 963 92 94 94
649 380 64 78 70
651 237 45 69 58
653 1144 46 60 55
653 1389 43 75 67
653 1117 81 84 81
653 956 62 69 69
653 681 57 59 58
956 433 34 43 34
654 1116 54 99 82
654 960 95 96 96
656 324 39 91 51
1097 823 14 50 40
1097 234 41 77 65
1097 886 67 82 82
1097 1173 68 76 76
1097 1398 22 46 30
1097 1166 18 28 22
659 234 52 56 54
662 502 85 97 97
662 23 24 87 49
662 865 70 99 85
662 736 25 77 74
662 811 47 69 48
865 348 18 57 51
865 1407 59 84 81
663 166 20 95 75
663 690 25 76 67
663 618 82 93 84
1385 369 75 79 79
1385 1425 44 79 68
1385 1241 88 97 89
1131 437 19 55 32
1131 1138 86 90 88
1131 229 70 87 85
1104 638 83 84 84
1295 204 61 77 68
1295 863 24 54 35
1295 915 36 65 54
1003 1478 68 98 68
667 897 53 72 54
667 13 51 76 66
897 335 55 91 72
897 1354 60 83 60
897 217 48 70 70
668 790 59 92 77
668 707 95 100 99
668 590 54 87 69
668 542 39 50 44
668 1453 40 58 40
707 278 23 33 28
739 1446 88 98 96
1154 691 42 87 58
1154 468 35 72 63
1154 771 80 92 83
1369 411 39 97 87
1369 807 81 88 83
1369 960 37 54 40
942 970 56 84 80
680 1463 69 89 77
1463 1456 21 30 24
1463 1058 78 89 81
1463 1370 22 73 26
823 1154 66 71 67
823 814 17 45 39
684 472 22 82 39
684 919 91 99 97
684 1280 42 44 44
684 823 58 69 60
684 1323 31 45 42
685 1305 16 54 39
687 1380 50 53 50
1380 91 47 65 54
1380 1198 79 88 79
688 1256 83 85 84
688 975 46 51 47
1256 1426 50 52 52
689 1499 47 71 57
689 1308 47 90 67
1201 1452 29 90 67
1201 714 49 71 64
691 535 64 81 67
691 45 89 95 95
691 215 53 94 78
1411 1173 20 89 54
1411 1164 37 71 67
1411 577 55 88 79
708 1156 61 85 65
708 988 40 53 52
747 1025 51 95 87
1249 374 62 76 66
1249 73 63 65 64
1474 1336 86 95 91
946 1164 26 61 29
1292 1450 32 47 47
1292 391 42 92 47
1292 734 36 66 55
953 945 37 91 78
953 502 80 98 81
714 781 48 99 79
781 212 56 96 71
781 1437 74 85 85
1486 892 64 85 70
1486 1193 62 72 72
1486 670 78 88 88
1106 963 40 93 53
720 30 87 100 89
720 852 45 84 46
721 228 43 67 56
721 705 12 97 16
756 1032 47 60 51
756 480 40 59 46
756 1099 95 97 96
756 1321 38 61 61
756 1491 31 69 57
1248 778 53 54 53
1248 44 42 91 51
725 1243 27 73 43
725 809 90 97 90
725 228 71 88 74
725 266 30 86 67
725 1471 80 89 89
725 1325 89 92 90
1243 1494 90 96 96
1243 96 30 94 59
1243 1038 53 90 84
1243 588 66 79 69
1243 926 74 94 84
727 53 36 84 72
727 1284 14 40 22
727 621 12 17 16
727 6 16 57 25
1284 769 37 46 41
1284 383 54 100 94
1284 242 59 82 70
1284 751 64 69 68
1324 125 24 57 49
1324 832 57 58 57
1324 720 30 72 45
1324 1372 15 20 20
1324 487 26 50 36
820 877 13 47 47
730 696 48 49 49
730 1469 34 39 35
730 1202 68 98 75
1469 553 29 57 56
1469 1481 65 79 79
1469 1085 51 86 64
1469 1329 39 84 57
1469 984 91 98 98
1469 580 40 89 83
1469 1369 56 67 61
732 248 84 94 91
732 27 92 98 93
1446 442 63 64 64
740 1007 15 80 18
740 34 26 63 62
740 417 11 60 21
1007 416 87 93 93
741 678 44 50 46
741 73 25 66 54
742 989 75 91 79
743 305 77 99 93
743 962 41 78 77
743 888 58 82 68
743 610 42 77 73
743 1172 61 91 65
743 1105 39 63 48
962 942 78 83 79
962 285 84 89 88
962 1435 20 61 30
888 1174 27 39 32
888 725 50 68 53
745 684 16 87 75
794 1334 15 58 45
760 1022 72 95 73
760 1257 18 20 20
760 1214 62 75 65
748 1022 27 58 57
748 236 56 60 57
1022 641 19 36 19
1022 1409 38 49 42
749 263 33 72 35
749 581 41 76 73
871 1355 41 97 73
1218 1140 24 75 49
751 1469 55 56 56
751 1453 67 93 77
806 964 48 74 52
806 231 82 100 85
1032 542 24 86 35
1032 546 17 49 38
757 925 66 87 68
757 391 15 63 32
757 1257 39 50 45
757 1463 49 85 82
757 679 56 69 56
759 1035 33 98 74
763 889 23 65 53
763 563 33 99 74
763 951 83 89 89
763 1344 22 80 28
763 760 39 55 46
889 995 62 87 69
889 75 93 94 94
1344 926 15 93 75
1344 886 47 52 52
1344 551 23 99 49
1344 591 59 85 62
1344 176 76 98 83
764 1039 26 58 53
764 570 63 87 69
764 1449 86 87 86
764 850 80 99 82
764 805 67 100 96
1039 665 75 80 80
1039 346 68 72 69
1039 1167 85 90 87
850 43 42 86 82
850 14 25 44 26
850 174 24 51 46
765 871 47 68 53
765 1341 68 76 68
1341 513 69 82 77
1341 274 65 86 75
1341 1357 43 86 50
767 1095 82 99 95
767 253 92 99 98
1095 16 35 80 70
1095 1469 44 59 54
1095 685 39 79 78
1300 820 70 85 73
1300 519 61 90 68
1300 588 54 61 54
1300 847 72 93 82
1017 432 86 94 93
1017 47 67 86 69
773 854 85 91 89
854 138 48 78 62
854 483 90 95 92
774 423 11 38 20
774 1016 36 44 44
774 205 38 99 85
776 449 26 89 61
778 518 85 92 89
778 1391 18 27 27
778 144 56 57 56
780 1116 50 72 65
782 490 67 98 76
782 543 73 75 74
782 416 11 90 42
782 666 47 56 55
784 619 78 98 88
784 948 68 73 68
785 989 22 100 41
785 515 17 77 57
785 403 86 97 89
785 1197 89 90 90
1332 440 73 91 76
1332 639 46 48 48
789 466 68 92 70
789 962 65 74 72
1254 475 25 70 53
1254 1433 48 97 85
795 255 75 86 84
795 1488 42 72 57
1438 922 10 89 68
807 245 68 73 68
807 359 43 53 51
807 338 28 55 52
1194 86 10 21 21
1194 89 39 55 45
1194 359 21 74 27
1366 405 10 88 49
1366 595 39 97 59
1366 953 78 89 84
1366 654 64 100 100
1366 1082 68 83 80
1366 907 83 85 84
1310 238 71 99 80
1310 913 45 100 98
1310 1193 20 47 37
813 325 65 98 87
813 737 74 96 75
813 19 66 100 82
813 626 95 97 96
816 569 71 98 74
816 1354 91 95 91
816 1210 75 99 97
817 482 74 79 75
1054 1272 63 70 69
1054 252 49 52 52
1356 781 75 78 76
1356 1369 29 86 40
1356 282 69 91 74
1356 654 58 65 62
1211 656 40 90 82
1211 700 58 67 59
1211 714 49 59 54
1067 1212 74 76 76
829 348 89 100 89
829 503 11 43 34
829 750 80 99 99
830 162 21 81 77
830 1371 65 83 71
830 6 65 69 69
830 1048 34 97 54
830 340 26 83 77
1371 350 58 78 66
1371 441 57 93 63
1371 1287 15 52 24
1371 571 73 75 75
1371 208 75 90 80
831 952 40 84 54
831 1008 36 81 78
831 1289 23 24 24
952 318 32 49 33
1008 579 30 95 35
832 1290 87 99 96
832 245 70 83 70
832 390 44 51 44
1129 908 29 37 35
1129 100 27 100 29
835 1236 90 97 93
835 1390 55 91 75
835 262 80 98 91
1236 1121 67 99 80
932 104 95 100 100
932 220 63 67 64
839 1191 80 99 81
839 1195 90 91 91
839 7 70 86 81
839 364 70 73 72
839 641 30 75 34
1191 704 76 80 79
1191 41 78 97 78
1191 390 15 21 21
1288 1158 58 59 58
1288 1208 40 53 51
1288 1382 74 86 82
849 353 91 93 92
849 239 43 74 74
851 1017 74 76 75
1055 162 51 53 53
853 1344 37 67 67
853 699 87 91 88
853 1435 30 79 45
855 904 58 76 65
855 339 73 86 77
855 646 46 80 55
904 360 12 75 26
904 756 22 80 61
857 151 40 58 47
858 1000 52 77 54
858 803 63 65 65
858 625 72 73 72
858 903 38 39 38
858 313 84 100 89
903 636 78 88 86
903 1207 19 41 19
860 1078 63 90 69
860 232 22 97 61
860 457 87 94 88
860 1293 94 97 96
1315 684 27 42 40
1423 1223 19 55 54
1423 1436 13 42 39
1423 741 66 71 67
1423 266 46 70 59
875 241 61 83 80
880 1102 16 39 27
880 1315 64 95 68
880 523 46 58 48
882 674 31 88 65
882 1339 22 87 63
882 1290 72 82 79
882 266 82 83 82
882 1447 30 74 53
1447 95 11 79 74
1447 990 14 27 15
1447 545 22 95 62
1447 1147 50 80 75
1447 1212 17 69 25
883 47 73 88 87
883 454 58 84 79
883 1061 57 63 62
1061 72 73 92 83
1061 645 35 57 43
884 1490 43 47 43
884 1453 79 93 82
884 1220 72 77 74
884 569 62 74 72
1490 1391 29 83 53
1220 328 25 32 26
1220 1256 38 93 74
1220 378 62 81 73
995 1472 47 56 50
947 612 78 94 86
947 465 42 84 75
892 253 64 67 66
892 669 81 96 84
892 1129 39 94 51
1394 974 25 53 27
894 887 64 74 67
918 1123 68 83 82
918 1024 14 66 20
901 839 19 35 33
923 1107 82 99 82
923 1110 32 84 46
907 522 54 77 56
907 1207 84 97 89
907 788 53 98 57
912 243 91 92 91
912 1009 28 50 47
913 893 89 94 92
913 721 26 41 38
913 748 72 92 81
915 1182 36 93 51
915 1050 43 78 43
915 730 31 88 63
1182 1046 51 65 59
1182 844 42 71 43
1182 7 84 85 85
1182 70 60 63 60
920 166 53 76 65
920 1265 23 93 81
1265 1042 46 99 97
1265 1036 49 98 84
1265 620 24 96 72
921 817 58 62 59
921 468 42 87 70
926 1146 47 85 81
926 55 72 79 74
927 260 64 73 71
927 1136 75 98 85
927 885 59 83 83
927 1372 71 99 82
927 45 35 40 38
928 1335 47 90 90
928 1095 76 90 82
928 1188 76 93 87
928 212 67 82 73
933 421 79 86 83
933 1001 31 71 64
939 987 68 82 78
939 712 67 94 93
940 260 66 81 81
941 736 20 70 41
941 1261 42 69 43
941 199 60 74 69
1164 1448 68 75 68
1164 1405 95 100 97
1164 1149 75 77 77
1164 1273 81 91 88
1075 429 16 28 25
1075 1147 77 97 96
949 304 83 90 87
949 881 15 54 54
1088 1111 47 53 51
959 1020 11 41 14
968 1294 86 88 87
971 791 84 94 86
1244 260 55 66 56
1244 1458 65 71 65
1244 1340 72 74 74
1244 808 82 85 83
977 863 52 90 59
1178 918 91 97 94
1178 814 56 88 81
1178 396 90 93 92
983 57 40 46 41
983 77 45 100 75
983 1384 42 99 76
1384 1476 45 72 55
1384 380 28 69 31
1384 514 34 88 87
984 675 53 55 55
1161 754 68 81 81
1186 1021 79 87 87
1186 451 22 92 65
1186 1353 33 41 34
1179 1467 14 95 25
1404 1252 39 83 64
1404 501 93 96 95
1404 1116 36 45 43
1404 45 13 88 85
996 1004 81 87 82
1006 749 30 95 84
1006 311 22 63 33
1006 434 83 92 83
1006 1055 69 83 72
1006 839 26 37 35
1011 10 25 96 47
1011 143 74 96 86
1013 56 20 75 42
1018 919 95 99 99
1018 794 50 56 54
1018 1494 13 72 51
1336 490 17 68 37
1336 1221 28 76 47
1336 1422 21 58 36
1336 371 40 53 41
1141 601 25 71 51
1141 147 20 67 46
1141 496 91 95 95
1027 1030 86 89 89
1027 371 14 29 29
1030 1013 35 46 38
1030 315 70 85 77
1030 34 41 77 50
1034 502 77 99 83
1034 1253 42 71 55
1034 1258 39 74 70
1031 384 94 96 94
1036 169 37 88 40
1036 254 88 96 91
1036 1343 84 86 84
1037 422 67 88 85
1044 1012 22 88 45
1044 315 36 48 41
1451 606 95 97 97
1451 1142 29 94 33
1451 648 31 71 40
1451 38 38 47 41
1049 865 79 81 80
1060 1379 47 50 50
1060 1399 64 66 66
1399 656 28 96 42
1062 703 40 74 68
1062 762 58 59 58
1062 288 56 82 65
1065 886 81 93 81
1326 881 24 79 60
1326 93 31 57 31
1072 1006 54 86 82
1072 86 22 62 28
1072 195 20 63 35
1072 859 38 93 67
1073 275 22 66 35
1073 1167 75 97 78
1073 1387 42 67 50
1074 1016 70 100 94
1074 205 14 21 17
1076 421 80 89 80
1076 1313 49 90 58
1076 1427 16 86 25
1420 1319 12 97 34
1420 1179 63 76 72
1420 1253 23 48 32
1420 28 30 57 42
1420 855 62 87 81
1090 1159 42 73 69
1091 1201 72 100 78
1091 1399 59 90 76
1251 473 50 51 51
1162 704 68 73 70
1162 94 31 58 42
1101 1058 93 95 94
1101 1021 79 93 89
1101 1363 70 91 86
1363 421 37 62 56
1363 70 55 86 70
1363 724 11 67 50
1108 1255 38 46 43
1108 1135 46 52 49
1108 540 69 87 85
1108 135 20 95 62
1113 228 92 99 95
1113 961 70 93 72
1113 908 12 72 58
1113 707 37 42 41
1114 1302 50 77 57
1114 939 13 49 36
1114 196 32 67 47
1489 1215 15 63 60
1489 215 93 100 93
1489 706 66 68 66
1130 133 60 79 75
1130 514 41 44 42
1130 976 53 54 53
1139 248 28 57 47
1139 539 34 81 73
1139 157 93 100 99
1139 757 16 80 72
1368 85 45 88 84
1368 782 16 77 34
1368 1211 88 90 88
1368 1309 19 82 31
1152 254 76 91 89
1160 1182 39 60 54
1160 781 78 82 82
1448 894 11 92 70
1448 351 70 85 74
1448 1354 34 44 40
1448 1363 48 98 59
1448 214 45 61 50
1448 94 31 50 38
1273 526 77 80 78
1273 951 30 43 38
1169 90 80 96 90
1169 237 40 63 45
1318 654 80 95 82
1175 1458 36 81 79
1177 429 32 97 62
1177 1495 68 80 68
1177 843 59 72 67
1177 1278 42 63 49
1177 1181 22 70 40
1467 1143 26 76 33
1467 1120 35 37 37
1467 989 76 83 77
1180 1362 29 48 38
1180 146 22 25 25
1375 7 83 96 85
1375 86 64 75 75
1375 806 37 60 40
1193 808 67 78 75
1193 177 46 51 50
1193 639 83 97 95
1196 1211 73 95 88
1196 978 14 100 17
1196 706 48 83 75
1269 1130 30 77 77
1269 1314 56 73 59
1269 1356 34 99 75
1269 1445 20 53 49
1269 1410 34 84 44
1452 816 78 100 97
1452 714 53 99 88
1204 92 65 66 66
1204 553 90 92 90
1221 1320 91 94 94
1221 55 81 97 85
1221 1311 62 88 72
1221 1363 84 85 84
1320 896 19 60 54
1320 1389 55 57 55
1268 460 78 96 85
1268 1384 79 94 88
1268 60 95 97 97
1268 1115 36 50 44
1268 185 81 90 86
1225 542 24 90 61
1225 482 15 95 46
1225 558 31 72 69
1225 602 30 81 36
1225 430 36 72 45
1392 88 36 90 83
1392 191 13 18 18
1392 384 32 40 33
1237 742 75 88 76
1239 1204 50 54 51
1239 229 76 82 78
1240 1408 20 49 23
1240 1188 27 66 36
1240 783 34 75 56
1408 154 42 66 50
1408 1476 76 96 82
1408 1436 60 98 80
1408 457 58 90 72
1439 561 82 89 87
1439 648 90 100 95
1246 997 31 99 68
1246 633 84 92 88
1250 145 38 47 42
1250 1270 48 98 63
1250 981 13 73 20
1250 297 30 74 55
1270 720 12 21 16
1270 825 61 90 86
1270 1438 73 97 77
1270 775 19 68 66
1270 914 36 62 59
1264 555 66 98 98
1274 2 22 97 71
1298 1398 66 91 82
1298 1141 93 95 94
1299 478 13 55 35
1299 561 14 57 38
1299 821 51 73 70
1306 31 49 79 63
1306 191 76 81 79
1327 156 17 36 24
1327 40 18 94 83
1331 1030 11 29 16
1357 373 92 93 92
1342 80 81 85 82
1413 939 89 99 95
1413 157 23 91 60
1413 33 36 43 43
1413 810 14 84 65
1352 409 73 77 73
1352 369 39 58 53
1352 112 30 41 38
1403 281 61 73 66
1403 262 53 71 53
1358 278 46 68 62
1358 1481 84 92 85
1373 1332 21 40 33
1374 259 87 91 91
1374 804 72 81 78
1374 377 89 98 97
1374 267 88 99 90
1406 864 44 66 62
1406 960 32 67 59
1412 125 50 59 58
1412 1320 63 81 77
1412 1479 22 65 52
1412 354 95 99 98
1412 874 82 86 82
1416 256 52 62 55
1416 359 26 58 47
1416 232 19 94 60
1416 58 16 62 54
1424 1312 86 93 91
1424 759 42 80 60
1470 512 94 97 97
1470 1229 11 34 28
1470 724 51 64 52
1480 279 85 95 91
1442 395 26 37 30
1442 313 74 75 75
1456 971 75 96 86
1456 183 39 72 41
1456 865 31 60 41
1456 1328 45 78 48
1457 483 80 85 81
1457 1067 57 59 59
1457 416 61 99 79
1492 556 48 49 48
1492 304 61 83 63
1492 546 50 69 65
1492 1101 40 96 65
1492 272 11 48 35
1465 647 95 98 98
1483 181 86 95 87
1483 605 77 94 84
1483 155 51 79 70
1483 922 93 94 93
1483 570 48 86 79
1498 1386 11 91 23
1498 1385 51 85 62
1498 915 70 80 73
0 1499
