21 75
0 14 76 99 91
0 8 88 92 92
0 17 75 85 75
0 16 17 44 42
14 15 46 70 49
14 0 42 80 73
14 1 28 41 28
14 5 67 75 70
14 16 13 18 15
14 4 75 80 78
8 3 67 77 68
8 16 81 91 91
8 2 90 99 90
8 5 11 19 19
8 20 81 83 82
8 9 52 74 58
8 7 94 97 96
17 11 87 88 88
17 15 57 89 81
17 19 20 48 45
17 20 44 61 50
17 8 89 97 97
17 18 60 83 72
16 11 85 100 97
16 15 91 97 91
16 17 64 91 85
1 13 24 41 25
1 2 26 44 38
1 16 81 89 87
1 10 61 96 84
13 20 28 56 44
13 0 57 76 76
13 8 76 87 82
13 19 10 61 35
13 15 64 70 66
10 1 52 97 59
3 0 33 97 65
3 10 32 47 39
4 11 55 98 94
4 15 32 51 47
4 9 14 38 23
4 6 30 40 33
4 1 18 79 56
11 14 53 60 54
11 6 38 69 65
11 4 17 46 35
15 20 28 36 34
15 18 29 64 53
15 13 23 33 27
9 8 45 68 56
9 11 33 68 46
9 2 12 83 51
9 5 11 51 51
6 11 82 94 89
6 1 89 100 92
6 10 61 77 64
5 19 20 95 95
5 6 41 62 50
5 11 82 86 83
5 2 16 94 26
19 1 49 78 74
19 15 17 19 19
19 11 79 86 83
7 4 72 77 73
7 14 78 89 79
7 15 91 98 92
7 12 91 94 94
12 2 47 58 55
20 16 36 85 64
20 2 73 92 81
20 15 49 73 65
20 12 50 66 60
18 19 73 79 76
18 5 20 95 60
18 20 67 71 71
0 20
