837 2906
0 783 18 89 20
0 568 59 69 66
0 743 40 92 77
0 794 40 100 48
0 719 43 91 86
0 401 42 44 42
783 229 90 94 93
783 659 86 90 87
783 723 42 44 43
783 108 45 83 46
783 368 26 51 43
783 150 30 33 33
568 245 19 61 28
568 759 94 100 98
568 204 24 71 68
568 531 51 70 51
568 469 47 93 87
743 354 41 86 78
743 349 35 36 35
743 813 17 80 62
743 48 67 85 75
794 468 46 89 57
794 254 10 72 26
794 389 71 84 77
794 105 65 68 68
794 712 72 96 81
719 648 14 92 31
401 89 29 85 67
1 91 52 84 79
91 333 27 55 44
2 826 29 40 36
2 447 23 74 61
826 608 52 67 63
826 24 69 79 72
826 799 87 96 90
826 531 46 86 83
826 351 34 41 34
826 688 61 90 71
447 444 72 75 72
447 440 50 85 68
3 729 78 79 79
3 728 63 75 69
3 669 91 92 91
729 771 34 42 39
729 475 44 69 57
728 627 44 71 47
669 692 43 46 44
669 176 58 86 75
4 390 28 50 36
390 628 76 90 81
390 593 24 67 63
5 790 92 98 98
5 403 76 87 79
790 365 66 86 66
790 702 55 78 69
403 57 70 79 72
403 329 71 84 82
403 764 63 74 64
6 823 65 99 67
6 385 71 89 80
6 122 13 58 13
6 425 44 93 84
6 490 15 61 42
6 532 15 33 26
823 587 69 71 69
823 28 56 90 87
385 384 89 96 95
385 179 60 87 77
385 511 21 73 68
385 390 92 99 98
122 718 50 70 70
122 653 19 54 37
122 702 61 67 65
122 105 57 66 65
425 624 76 84 77
425 207 74 91 84
425 125 75 93 83
425 347 30 73 65
425 343 21 40 33
425 553 38 70 66
425 548 22 67 32
490 159 88 98 96
490 135 85 95 92
532 301 44 51 46
532 317 52 94 59
532 186 23 24 23
532 757 19 26 26
7 207 17 47 39
207 271 72 97 73
207 615 82 99 89
8 230 63 66 63
8 216 65 69 68
8 291 51 95 70
8 657 42 80 62
230 167 75 86 82
230 460 86 91 90
230 516 19 39 26
216 706 74 92 80
216 619 29 58 49
216 21 21 98 41
216 79 34 74 49
216 179 33 73 48
216 684 20 64 25
291 273 32 88 38
291 815 77 91 90
291 722 68 81 81
291 820 66 78 78
291 79 61 98 64
291 494 48 71 69
657 30 28 73 43
657 438 71 77 75
657 634 20 37 21
657 113 24 91 66
9 420 10 32 28
9 395 33 53 44
9 568 74 81 75
9 630 16 33 29
9 605 78 87 78
420 19 49 57 57
420 743 62 76 66
420 464 35 64 46
420 53 57 64 63
420 150 86 89 89
420 536 23 97 80
395 463 79 80 79
395 528 38 45 39
395 118 59 89 85
395 236 74 99 98
630 291 42 73 67
630 776 19 80 47
630 506 32 69 54
605 322 38 68 51
10 576 40 70 66
10 248 58 94 79
576 97 51 100 88
576 15 45 64 64
576 496 69 88 78
248 610 64 69 66
248 763 62 97 95
248 199 72 95 74
248 672 64 74 74
248 459 58 78 71
11 269 94 98 94
11 484 79 81 79
11 17 44 61 53
269 731 70 77 76
269 228 49 88 64
484 280 73 85 84
484 690 43 95 94
484 169 62 82 71
484 18 11 90 74
17 204 90 99 92
17 305 72 94 94
17 776 68 69 69
17 612 17 100 71
12 718 35 94 41
12 693 52 59 55
718 532 87 100 90
718 123 84 96 84
718 485 50 52 51
718 496 18 49 38
693 582 67 79 73
693 800 12 64 18
693 211 33 37 33
693 408 95 99 95
13 436 86 94 94
13 106 86 100 98
13 226 80 96 81
13 575 81 94 86
436 836 66 94 89
436 671 76 87 83
436 222 95 96 95
106 271 80 99 89
106 307 70 92 70
106 455 47 64 63
226 35 74 77 75
575 354 60 68 61
575 587 61 98 71
575 248 51 98 81
15 194 79 89 85
15 590 88 100 99
194 294 53 84 54
194 61 27 92 84
194 624 66 84 80
194 141 61 78 65
590 390 12 18 13
590 641 72 95 78
590 362 86 87 86
590 457 15 99 31
590 474 13 100 63
590 395 83 92 85
590 655 12 56 53
590 164 21 69 60
16 305 15 75 43
16 397 11 100 52
16 120 91 100 91
16 349 84 93 92
305 789 16 42 20
397 398 14 26 24
397 679 50 95 79
397 475 73 93 81
397 778 32 70 37
120 611 28 32 31
120 38 18 63 31
120 822 86 93 88
349 50 77 100 96
349 106 11 44 24
349 418 42 85 50
349 527 63 95 78
204 741 73 81 75
204 363 86 95 86
204 151 48 77 69
776 677 31 95 50
776 483 20 31 30
776 248 95 100 96
776 2 27 68 30
612 214 71 72 71
612 16 36 63 40
612 362 41 44 42
612 701 64 72 70
612 744 14 79 43
18 254 61 76 67
18 571 14 24 14
18 47 47 74 51
18 736 31 76 35
254 89 56 63 62
254 22 48 70 49
254 473 31 58 50
571 137 24 69 64
571 501 58 99 79
571 703 91 99 91
571 255 38 84 78
571 428 89 99 95
571 412 48 59 48
47 535 38 58 44
47 583 10 60 42
47 315 62 75 72
47 815 61 75 75
736 107 30 59 33
736 806 85 88 88
736 507 13 44 30
736 432 90 95 94
19 539 45 85 59
19 507 39 86 43
19 549 95 97 95
539 600 16 21 17
539 193 46 71 57
539 499 39 97 52
507 494 34 99 74
549 699 93 96 93
549 238 91 100 99
549 767 28 79 75
20 256 20 56 48
20 610 91 96 91
20 85 88 96 88
256 175 73 77 76
256 291 74 84 75
256 832 89 92 91
256 259 29 46 29
610 240 15 36 26
610 148 79 87 83
85 781 63 87 65
85 280 82 95 82
21 646 28 46 29
21 228 77 80 80
646 470 58 79 79
646 447 89 91 91
228 556 28 72 59
228 204 24 53 32
228 364 40 96 77
228 301 21 81 63
228 465 19 73 51
22 513 75 88 83
22 252 45 86 59
22 305 12 62 61
22 439 85 90 89
513 715 64 70 67
513 257 50 91 52
252 495 29 32 32
252 123 62 66 64
252 716 25 32 25
252 35 65 79 67
252 534 35 69 40
252 406 45 73 61
252 542 44 79 57
252 424 53 55 53
439 688 33 60 43
439 541 12 41 15
439 303 13 63 29
439 656 28 49 46
23 429 76 100 92
23 632 62 92 79
429 637 79 93 83
429 779 81 85 82
429 497 37 90 56
429 743 76 98 79
632 208 63 74 74
632 326 24 30 27
632 817 47 75 48
632 319 28 40 32
24 261 30 100 91
24 646 44 90 77
24 91 90 95 91
24 679 84 90 85
261 524 37 96 95
261 39 87 97 88
261 344 68 76 73
261 29 59 62 62
261 2 13 31 20
679 282 83 92 85
679 303 65 80 66
679 557 31 58 43
25 169 70 75 74
25 278 17 85 60
25 725 53 95 85
25 534 60 97 76
169 512 47 72 51
169 622 42 97 74
169 17 27 93 31
169 261 57 85 78
278 632 42 75 58
278 400 83 86 85
278 765 27 44 31
725 737 55 89 63
725 836 81 92 91
534 119 30 37 31
534 785 28 70 33
534 536 81 82 82
27 107 62 69 65
27 222 23 92 66
107 492 59 75 61
107 558 87 97 97
222 478 12 61 31
222 471 11 77 18
222 229 44 75 63
222 668 91 100 94
222 788 11 51 20
28 569 41 90 71
28 454 74 88 84
569 360 29 77 58
569 649 90 96 93
569 713 23 77 45
569 711 93 98 94
569 100 10 74 73
454 424 52 54 52
454 545 35 87 36
454 654 88 93 88
29 142 23 95 61
29 149 35 49 49
29 569 15 40 37
29 201 60 62 60
29 415 51 80 72
29 602 92 96 94
142 335 82 89 83
142 114 58 85 63
142 110 87 100 93
142 189 29 86 45
142 782 75 92 88
149 779 37 68 45
149 679 23 93 84
149 385 88 92 89
149 16 73 95 74
201 271 69 78 77
201 631 14 57 16
415 737 28 37 30
415 100 35 66 54
602 100 69 85 75
602 436 65 69 68
602 453 82 83 82
30 213 36 90 70
30 59 40 82 51
30 349 58 72 68
30 32 34 58 46
30 261 24 58 34
30 114 66 91 86
30 835 14 17 15
213 134 35 96 89
213 620 26 63 35
213 343 52 99 85
59 20 16 18 16
59 304 16 81 49
32 50 51 67 60
32 467 62 66 63
32 456 92 100 99
32 37 49 71 62
835 205 55 59 58
835 266 39 83 56
835 787 62 81 78
31 249 77 91 85
249 510 88 97 89
249 363 44 80 59
249 372 64 79 71
249 82 56 61 61
249 229 68 82 73
249 536 13 87 76
50 562 14 33 26
50 589 95 98 98
50 382 45 86 81
50 608 18 87 41
50 247 68 83 70
467 644 58 85 68
467 220 52 97 76
467 47 33 44 36
456 77 25 82 72
37 335 50 53 53
37 776 76 98 92
37 301 41 87 51
37 672 91 99 96
37 361 71 77 77
37 407 51 84 75
33 305 76 97 92
33 55 26 72 62
33 490 36 85 68
55 758 80 87 83
55 317 22 68 52
55 2 25 29 29
55 705 32 41 35
34 414 89 97 96
414 219 37 55 49
414 66 76 83 82
414 565 61 99 64
414 444 28 40 31
35 698 82 83 83
698 304 65 76 68
698 96 57 93 63
698 761 17 58 24
698 480 50 73 58
36 572 54 79 74
572 372 68 84 84
572 335 17 20 19
335 28 38 52 46
335 433 92 94 94
335 139 32 79 58
335 111 16 73 42
301 814 81 88 85
301 542 38 77 77
361 542 31 83 46
407 440 38 63 58
407 412 81 100 88
407 480 80 82 81
407 731 49 91 68
407 89 15 62 20
407 623 20 55 46
38 541 66 75 70
38 71 68 81 72
38 785 95 96 95
541 687 42 85 74
541 799 31 48 38
541 668 66 70 68
541 292 44 63 55
71 235 37 74 44
71 223 90 98 91
71 654 82 87 87
71 568 13 91 23
71 170 57 68 68
785 652 90 99 90
785 608 58 84 77
39 595 85 100 99
39 674 86 93 89
39 400 81 88 88
595 0 17 57 23
595 81 42 82 74
595 513 27 71 50
674 207 91 97 93
674 509 84 87 85
400 575 86 87 86
400 394 93 96 94
40 4 76 88 88
40 722 38 64 54
722 708 34 52 35
722 328 76 80 80
722 367 57 68 61
722 440 63 69 65
722 774 21 43 35
41 283 13 46 19
41 591 16 74 64
283 514 60 71 62
283 148 59 63 63
283 733 56 73 66
591 289 30 84 51
591 378 62 97 96
591 295 21 25 22
42 768 30 52 40
42 310 42 53 48
42 712 75 83 79
768 321 75 79 79
310 39 19 59 54
310 354 18 52 26
310 51 43 66 48
310 640 66 82 71
310 154 95 96 96
712 499 52 74 65
43 602 20 93 46
43 456 25 40 33
43 536 54 92 81
43 114 14 94 38
43 429 77 91 81
43 533 27 64 45
536 791 69 86 69
536 408 42 71 60
533 188 47 98 86
533 653 19 40 26
533 649 73 79 76
44 301 47 92 75
45 598 77 79 77
598 155 85 91 85
598 524 54 76 59
598 503 69 90 72
598 240 63 77 70
598 217 49 53 51
46 346 39 79 74
46 320 59 84 73
46 527 24 58 52
46 394 17 84 25
346 675 48 96 70
346 179 66 79 66
346 240 26 51 46
346 120 83 84 83
346 648 16 27 24
346 184 33 37 37
346 296 87 96 88
320 456 19 50 39
320 764 13 100 71
320 145 75 84 80
320 777 84 86 86
527 725 62 85 80
527 777 31 76 58
527 649 61 100 82
527 307 50 69 64
527 460 35 60 55
527 116 30 43 36
394 63 63 65 65
394 46 22 100 24
535 524 42 50 49
583 346 83 90 85
583 576 38 45 40
315 466 39 55 49
315 199 18 60 55
315 275 51 87 67
315 499 90 93 93
815 22 63 80 77
48 356 79 98 95
48 649 73 76 74
48 235 35 83 51
48 689 19 54 31
48 538 71 73 72
356 430 31 98 79
356 747 76 87 85
356 480 44 79 46
649 62 20 91 90
649 134 29 47 30
649 482 48 62 55
649 628 72 75 75
235 340 77 100 95
235 400 45 97 49
689 602 69 95 85
689 427 39 42 40
689 300 76 88 81
689 647 33 79 68
689 632 69 80 74
689 395 78 93 83
689 795 89 97 93
689 290 80 88 87
538 226 81 97 97
538 394 23 64 39
538 137 26 89 36
49 215 58 71 58
49 91 66 88 76
49 709 37 64 46
215 651 49 96 61
215 251 54 56 54
215 166 70 84 75
215 209 64 100 87
215 781 37 39 37
215 724 85 93 89
709 279 68 100 89
709 746 71 87 79
709 414 27 39 29
562 531 66 88 86
562 114 33 81 45
562 228 68 89 68
562 695 72 99 72
562 608 73 86 76
562 77 19 99 32
589 266 75 98 88
589 209 93 94 93
382 662 80 82 81
382 740 61 88 83
382 425 36 48 41
608 660 35 59 56
608 530 46 61 49
608 270 40 55 43
608 575 62 94 63
608 790 24 81 37
247 22 24 39 34
247 231 51 71 64
247 669 72 90 90
247 813 78 95 91
247 794 29 33 31
247 224 36 49 42
51 433 50 68 64
51 831 77 78 78
51 393 84 85 85
433 384 16 76 38
433 473 60 70 64
433 529 89 91 91
433 8 89 100 93
831 163 44 67 53
831 784 33 55 46
831 552 87 93 91
831 124 65 85 67
831 416 13 73 52
831 660 62 63 62
52 804 83 85 85
52 580 37 72 60
804 206 30 73 35
804 285 77 84 80
580 14 25 88 81
53 543 20 22 22
53 35 49 80 57
543 287 87 99 89
54 611 24 27 25
54 419 54 55 55
54 12 76 77 77
54 796 68 79 77
54 391 79 92 89
54 389 48 74 68
611 351 34 56 41
611 433 19 63 30
611 684 59 97 88
419 32 15 90 70
419 611 64 67 64
419 243 52 85 63
419 498 12 53 52
796 699 36 52 37
796 130 40 94 73
796 728 82 84 82
796 372 76 93 83
391 249 18 51 40
391 755 85 89 88
391 649 85 100 98
389 193 18 81 54
389 606 45 64 55
389 356 79 88 87
389 603 60 72 70
389 0 91 96 95
389 558 36 91 50
758 739 57 93 67
758 188 33 86 84
758 354 68 71 68
317 595 11 70 57
317 730 82 95 93
317 66 32 49 32
705 330 87 92 89
705 628 61 92 81
705 602 90 99 94
705 700 58 98 66
56 332 56 71 69
56 780 66 89 69
56 446 74 100 91
332 626 22 51 35
332 294 62 96 93
332 633 95 100 98
332 365 91 97 96
332 1 68 96 93
332 503 78 79 79
332 698 19 34 21
780 257 39 92 49
780 94 16 55 41
446 243 23 39 28
446 181 81 83 81
57 605 73 84 83
57 534 42 65 54
57 177 81 100 100
177 142 59 76 75
177 649 60 92 92
58 160 32 54 35
58 680 20 86 24
58 592 48 94 75
160 66 80 82 82
160 657 62 89 76
680 9 80 99 91
680 158 28 36 29
592 2 85 91 91
592 828 80 94 93
592 459 83 94 86
592 394 41 48 47
592 262 63 100 95
304 114 20 85 54
60 212 16 71 70
212 329 60 73 64
212 820 11 28 19
212 746 61 71 69
212 93 92 93 93
61 434 29 73 37
61 217 14 66 55
61 615 70 87 86
61 786 18 90 73
61 528 35 81 53
61 835 19 87 56
61 527 34 99 45
434 546 81 97 97
434 79 61 67 63
434 84 54 92 89
434 806 86 87 87
434 824 85 100 88
615 10 60 82 64
615 510 71 87 87
615 122 43 44 43
786 542 37 56 45
528 256 93 94 94
528 54 26 86 61
528 270 17 31 24
62 66 47 72 47
62 703 88 91 90
62 205 95 97 95
66 263 57 75 60
66 335 84 92 85
66 569 54 87 77
703 569 43 95 62
703 834 71 82 78
703 524 52 95 86
703 818 31 37 34
703 162 20 32 22
703 125 95 99 98
205 256 27 59 34
205 4 23 93 39
205 546 84 86 84
205 210 35 48 43
63 62 52 100 85
63 300 39 48 41
63 185 57 96 92
63 747 89 98 91
63 164 34 45 39
300 644 40 82 57
300 45 90 95 93
185 493 50 56 55
185 172 32 78 58
185 61 63 64 63
185 262 16 45 28
185 379 31 67 60
164 310 47 99 59
164 766 29 34 29
164 445 57 60 58
164 423 22 73 72
164 10 51 96 80
164 369 86 99 91
64 591 68 92 91
64 272 11 76 64
64 468 57 85 61
64 340 37 44 38
272 508 59 96 68
272 355 11 63 43
272 228 21 94 56
272 617 61 92 70
272 643 85 94 85
272 777 47 60 54
468 218 18 45 27
468 379 15 96 82
468 274 36 51 42
468 167 15 60 42
468 57 75 99 92
468 812 28 81 79
340 788 54 95 75
340 308 29 41 35
340 593 62 65 63
340 760 77 100 95
65 505 42 48 47
65 584 45 62 62
65 585 45 87 82
505 314 43 62 51
505 181 31 64 31
505 166 13 55 36
505 126 18 92 59
505 323 42 52 47
584 448 24 81 56
584 396 28 86 86
585 756 63 79 64
585 115 70 78 71
585 680 87 96 92
585 222 67 96 92
263 309 95 99 97
263 602 56 75 57
263 30 10 90 81
67 661 83 94 92
67 648 53 92 56
67 359 12 25 19
67 827 89 94 90
67 588 54 93 81
661 338 80 87 83
661 748 21 70 56
661 223 68 86 80
661 616 62 66 66
648 392 27 76 64
648 170 22 88 29
648 819 30 91 61
648 687 54 74 69
359 302 67 81 67
827 31 80 82 81
827 698 90 100 100
588 177 17 32 32
588 723 50 70 65
588 659 72 95 93
68 88 89 92 90
88 344 40 77 71
88 726 20 90 67
88 162 10 57 13
69 66 18 44 19
69 309 72 84 80
69 425 27 69 54
309 443 83 99 86
309 760 49 99 75
309 497 83 86 86
70 582 47 57 57
70 228 83 100 88
70 646 12 70 70
70 687 53 94 92
70 587 18 80 75
582 747 16 63 28
582 830 59 84 83
582 208 42 96 60
687 801 35 78 53
687 373 43 64 55
587 549 68 98 97
587 90 20 28 26
587 324 80 90 90
587 581 18 70 41
587 628 19 77 47
587 239 85 91 85
223 171 80 84 82
223 240 68 79 68
654 51 30 69 53
170 378 66 71 68
170 199 81 87 87
170 584 38 57 42
170 265 72 93 82
170 456 51 86 64
72 464 79 100 97
72 296 88 97 97
72 649 51 53 53
72 832 47 61 47
72 270 24 76 73
72 277 34 73 61
72 358 80 89 89
464 340 39 53 42
464 394 10 41 10
464 552 46 92 60
464 449 87 91 87
296 314 38 82 38
296 91 50 62 56
296 159 72 89 82
296 230 91 96 95
296 335 53 100 91
296 631 21 43 23
832 124 46 85 83
832 160 38 66 42
832 106 48 78 68
832 446 26 71 56
832 420 78 84 78
270 640 68 78 68
277 125 77 86 77
277 328 74 94 84
277 354 51 60 53
277 98 80 100 85
277 503 49 57 51
358 650 68 85 77
358 582 63 89 77
73 429 46 92 47
73 797 94 98 97
73 81 92 93 92
797 150 68 96 89
797 6 58 86 62
797 286 72 79 75
797 548 84 91 89
797 761 47 86 59
81 649 32 90 77
74 163 51 67 54
74 28 86 92 90
163 478 40 72 43
163 192 42 73 54
163 360 93 95 94
75 30 93 97 97
75 757 29 59 53
75 171 70 89 70
75 309 85 92 86
75 140 37 55 51
757 559 83 97 87
757 439 79 84 84
757 759 86 94 86
171 128 47 59 59
171 57 21 81 64
171 213 10 45 26
171 666 15 95 60
171 147 64 69 67
171 413 74 87 79
171 533 60 62 60
171 735 52 87 53
140 217 12 28 19
140 639 30 71 33
140 520 53 98 68
140 342 17 39 39
140 69 26 91 83
76 175 56 96 87
175 17 65 73 67
175 821 25 49 38
175 481 76 95 94
175 518 21 32 30
175 505 72 78 76
77 488 50 91 86
77 94 51 61 56
77 374 53 61 54
488 7 83 88 86
488 690 18 57 41
488 155 34 38 37
488 416 73 92 81
94 389 66 100 78
94 813 48 79 53
94 352 24 70 36
94 380 60 98 98
94 393 33 40 36
374 523 55 74 65
374 732 16 77 30
374 594 54 98 66
78 171 68 81 74
78 721 57 99 61
78 136 38 78 55
78 365 90 100 91
721 364 93 97 96
721 532 82 95 95
721 79 29 55 40
721 544 22 76 49
721 493 92 95 93
721 611 71 77 76
136 806 71 92 85
136 429 39 56 44
365 804 27 85 35
365 594 61 88 63
365 23 85 89 88
365 13 10 77 40
79 83 39 46 42
79 509 52 61 57
79 17 56 83 67
79 711 44 93 54
83 554 89 100 94
83 201 57 91 61
83 772 93 100 94
83 834 61 74 64
509 715 67 100 87
509 742 87 97 92
711 149 54 77 60
711 27 52 55 55
711 511 64 100 96
711 110 42 95 48
80 657 46 72 72
80 190 45 79 57
80 686 56 78 57
80 29 63 72 68
80 214 80 87 83
190 768 14 15 15
190 68 61 97 72
686 530 86 89 86
686 170 86 96 90
686 389 31 36 32
214 821 69 75 70
214 44 21 71 35
82 291 44 51 46
82 438 83 93 89
82 85 78 90 85
438 429 39 45 44
438 43 29 37 31
438 748 60 100 67
438 310 27 89 89
554 584 52 63 56
554 282 86 96 89
554 521 18 58 24
554 828 92 97 96
554 335 32 92 80
554 389 36 43 39
554 536 60 91 83
554 457 37 84 72
772 657 57 63 58
772 259 87 93 92
772 253 89 92 92
772 368 31 79 74
834 82 35 68 41
834 753 24 90 33
834 212 74 100 90
84 344 52 77 63
84 95 75 78 77
344 179 74 88 88
344 48 34 42 41
344 557 95 100 98
95 538 35 51 35
95 206 61 68 66
95 494 51 97 89
781 448 67 74 71
781 88 53 75 61
781 179 37 84 81
280 462 89 93 90
86 44 12 29 14
86 518 79 86 86
518 355 78 80 79
518 411 65 91 78
518 657 18 53 19
518 338 70 73 71
87 714 78 92 88
87 564 71 81 79
87 480 69 76 74
87 124 21 40 40
87 754 24 35 29
714 555 19 90 90
714 687 67 87 81
564 245 66 92 78
564 589 56 99 90
564 586 47 98 51
564 479 65 100 84
480 125 78 92 91
480 61 76 84 77
480 154 38 50 49
480 433 69 86 80
124 321 35 77 69
124 576 34 97 43
754 267 94 100 95
754 152 91 96 92
754 654 59 94 68
754 761 26 58 33
726 467 87 91 90
726 205 28 79 53
726 690 35 96 53
162 114 33 56 42
162 616 29 62 45
162 525 19 20 20
162 6 94 99 98
89 193 69 70 70
89 255 67 68 67
89 249 47 97 49
89 402 10 30 19
89 150 32 87 49
193 814 19 26 26
193 521 94 97 94
193 673 18 71 40
255 338 50 55 51
255 795 84 93 93
255 189 14 23 17
255 89 58 98 94
402 27 25 38 35
402 720 27 37 33
150 151 76 99 91
150 215 30 86 85
90 691 29 95 89
90 24 44 81 77
691 396 94 96 96
691 510 34 39 39
691 246 38 46 41
691 690 11 45 34
691 573 34 71 38
333 527 84 98 87
333 300 20 35 33
333 410 85 88 88
333 803 55 59 59
92 342 83 88 87
92 471 47 100 94
92 487 88 89 89
342 186 43 88 76
471 473 11 53 40
471 355 14 87 15
471 41 56 62 57
471 717 76 78 77
471 546 79 86 84
487 457 74 91 83
487 807 21 92 23
93 705 46 72 55
93 572 40 96 75
93 215 30 83 80
93 481 82 94 84
93 731 38 51 42
93 770 43 72 58
93 621 13 71 30
481 386 36 91 79
481 213 41 63 55
481 5 92 99 99
481 497 10 82 48
731 310 68 92 71
731 616 86 96 91
731 88 67 89 74
770 204 42 76 54
770 171 13 65 32
770 634 91 95 94
621 459 25 26 26
813 820 42 55 43
813 647 82 88 82
813 134 30 83 48
380 231 82 88 85
380 260 20 75 62
206 238 95 99 96
206 642 14 39 21
206 611 75 83 82
494 283 90 93 90
494 636 57 98 88
494 781 26 68 53
97 86 76 99 93
97 637 11 79 40
97 740 57 73 57
637 289 50 67 52
740 343 52 78 75
740 26 90 94 92
740 612 16 80 16
98 602 86 98 86
98 459 55 61 60
98 137 62 73 66
98 705 60 66 60
98 0 94 99 95
459 273 93 95 93
459 66 90 92 91
459 143 23 70 25
459 333 76 88 83
459 178 74 90 75
459 184 44 73 58
137 255 92 99 97
99 791 13 75 61
99 569 22 48 25
791 74 75 85 76
791 468 10 14 13
791 360 14 47 37
100 761 21 58 28
100 651 47 96 77
100 433 73 90 83
100 219 58 96 76
100 496 76 85 85
100 611 27 81 72
100 825 14 26 15
100 483 65 69 68
761 335 75 89 87
761 478 50 58 51
761 323 24 87 57
761 308 54 92 57
761 476 41 79 52
761 276 90 95 95
761 577 87 96 87
761 743 50 94 51
651 56 93 94 93
651 284 16 36 34
651 439 41 96 53
651 426 90 92 92
219 681 41 100 76
219 458 17 70 63
219 808 31 45 42
219 209 19 32 21
219 322 92 97 95
219 493 16 64 18
496 568 17 33 32
496 304 38 77 68
496 261 55 61 60
496 497 58 66 59
825 463 27 87 50
825 273 87 95 94
825 511 36 98 61
101 134 37 57 53
101 152 92 95 92
101 719 29 80 71
101 308 80 88 87
101 402 20 44 43
101 384 81 96 87
134 709 40 48 47
134 568 70 87 72
134 808 61 67 64
134 774 95 99 98
134 781 36 90 37
152 421 53 67 62
152 38 90 95 94
152 103 23 73 35
152 459 47 76 57
308 577 54 74 60
308 304 48 89 70
308 715 59 76 64
308 557 57 63 62
308 41 88 89 89
384 781 54 82 54
384 453 31 89 65
384 810 22 33 30
384 421 79 91 80
384 700 84 88 84
384 410 22 76 67
384 744 69 83 80
384 486 91 92 91
384 398 17 47 45
384 49 37 96 84
384 287 46 68 48
102 752 20 33 22
752 719 61 67 62
752 555 44 70 59
752 118 32 85 58
752 653 44 54 49
752 67 11 26 22
752 457 44 55 49
103 667 50 59 55
103 494 57 64 62
103 307 75 93 81
103 408 66 85 67
667 530 84 95 92
667 300 32 77 37
667 652 16 65 64
307 341 91 100 97
307 726 26 66 37
307 516 21 28 24
408 4 65 75 71
408 169 47 59 47
408 392 34 53 47
408 27 22 41 24
408 683 49 95 94
104 415 71 88 78
104 748 60 75 72
104 575 75 91 83
748 95 57 67 57
748 27 70 71 71
105 761 42 69 47
105 626 54 66 57
105 561 74 91 91
105 634 36 78 48
626 780 86 99 88
626 164 54 85 66
626 160 23 49 39
626 379 49 85 66
626 273 13 63 34
626 328 56 79 70
626 654 91 96 95
561 335 75 84 79
561 328 89 100 92
561 431 41 98 46
561 366 54 55 55
561 342 23 39 38
634 650 53 90 70
634 531 74 80 79
634 772 85 88 86
634 334 47 72 49
271 480 29 90 54
271 302 49 88 63
271 405 72 100 75
271 174 32 99 54
271 10 72 98 78
271 765 48 73 54
271 718 47 92 82
455 759 81 91 90
455 334 34 98 56
455 409 13 70 20
492 718 42 81 73
492 421 71 100 85
492 72 28 62 46
558 434 19 25 23
558 219 29 74 39
558 120 84 100 89
558 159 90 98 91
558 306 56 77 64
108 792 53 88 60
108 255 76 89 85
108 361 28 32 30
108 506 18 64 44
108 656 71 95 90
108 680 61 68 68
108 622 60 73 69
108 218 36 93 87
792 126 88 98 94
792 249 66 72 72
792 743 68 96 89
792 183 11 97 54
792 221 60 63 63
792 767 15 62 59
506 22 82 93 91
506 679 39 74 42
656 361 61 80 63
622 651 94 96 94
622 361 60 62 61
622 6 23 61 32
622 282 76 89 89
218 523 49 54 52
218 486 78 88 88
109 586 82 98 96
109 201 61 89 89
109 572 45 94 59
586 75 50 81 62
586 54 41 97 70
586 672 20 27 21
586 12 52 85 59
110 208 16 97 43
110 295 46 73 68
110 729 40 45 42
208 3 26 100 70
295 518 11 21 20
111 410 15 76 57
111 123 42 65 45
410 125 63 77 71
410 277 81 86 83
410 334 56 62 58
123 233 22 50 41
123 711 51 84 59
112 744 95 98 96
744 208 21 71 33
744 469 56 68 59
744 128 71 84 80
113 789 77 95 89
113 494 49 70 56
789 297 70 77 77
789 174 90 98 98
789 156 38 74 70
115 401 62 65 64
115 204 18 73 27
115 657 16 40 34
115 740 94 95 95
115 183 44 75 54
115 277 32 58 43
183 42 16 68 32
183 334 60 84 68
183 38 64 67 64
183 554 86 89 89
116 1 52 70 57
116 408 84 89 87
116 624 46 59 46
624 516 19 55 53
624 6 11 58 46
624 640 39 73 56
117 280 69 91 72
118 272 22 39 29
118 777 66 99 84
118 543 95 100 100
777 193 42 45 43
119 717 16 69 36
119 619 64 95 69
717 532 85 93 85
619 476 39 67 50
619 587 41 44 42
822 359 72 93 74
822 591 24 38 31
121 198 69 83 74
121 511 17 57 27
121 270 46 93 93
121 192 23 83 74
121 489 28 39 28
198 286 92 94 93
198 98 33 84 56
198 404 77 78 78
511 771 74 98 85
511 432 18 97 85
511 710 94 95 95
511 134 77 80 78
511 535 19 53 43
511 232 48 89 77
511 372 71 84 78
192 3 40 72 45
192 147 69 100 99
489 498 14 15 15
489 809 38 43 41
489 596 22 63 23
489 466 19 90 53
489 510 75 79 79
489 232 60 70 60
653 743 29 92 80
702 647 23 48 46
702 113 44 50 47
702 337 56 95 60
702 806 20 78 62
702 569 77 80 77
233 193 89 94 89
233 290 24 25 24
233 277 81 87 81
233 386 44 93 55
233 156 83 89 86
321 774 64 66 66
321 84 58 90 81
321 808 19 97 87
125 475 42 63 59
125 606 63 96 89
125 770 64 66 66
125 812 43 67 50
125 783 57 77 58
125 35 46 74 68
475 296 36 98 88
475 822 10 58 38
606 19 84 93 93
606 204 23 54 26
606 476 56 75 65
812 93 28 65 51
812 680 18 46 46
126 267 75 98 82
126 479 79 99 99
126 692 80 85 80
267 652 71 74 71
479 368 40 80 45
479 216 64 69 65
479 597 76 98 96
479 614 85 99 94
479 723 27 42 35
479 127 67 82 79
692 386 89 90 89
127 505 48 81 58
127 120 87 96 95
127 514 59 96 66
127 461 63 90 89
127 142 39 74 40
127 663 61 94 78
127 597 12 62 22
514 127 45 93 47
514 4 87 94 87
514 789 58 72 67
514 474 70 72 71
514 167 22 23 23
514 93 81 82 81
461 376 41 58 43
461 364 35 50 49
461 69 61 91 62
461 341 21 94 33
461 428 85 97 96
663 619 94 97 97
663 62 68 94 88
663 227 88 90 88
597 505 13 25 13
597 556 43 99 98
597 214 83 86 86
597 517 26 36 33
597 102 94 100 95
128 29 14 65 65
128 7 76 83 77
128 723 12 86 34
128 525 60 82 65
128 669 19 34 24
128 105 68 73 71
128 79 82 92 91
723 725 22 51 45
723 384 87 91 87
723 153 71 79 72
723 572 81 96 89
723 459 81 98 82
723 184 19 30 26
525 801 50 65 54
525 769 67 99 71
525 127 65 75 68
525 258 46 51 49
525 102 90 91 90
525 163 74 98 89
129 819 79 97 97
129 646 10 30 12
819 533 14 59 21
130 836 41 55 43
130 582 72 88 75
836 353 53 93 59
836 571 72 87 84
836 415 81 96 82
836 243 17 85 24
131 99 91 93 91
131 325 79 85 79
325 300 63 65 64
325 566 46 98 78
325 2 80 100 97
325 511 13 52 40
132 261 72 87 80
133 377 31 32 32
133 670 53 73 53
133 480 16 95 59
377 126 53 71 59
377 101 29 42 35
377 453 19 50 26
377 647 10 36 13
377 88 92 94 93
377 86 50 73 66
670 33 94 100 97
670 715 44 79 59
670 425 23 93 81
670 490 62 94 91
670 380 80 90 80
808 651 76 98 85
808 349 65 78 75
808 797 86 97 95
808 598 63 65 65
774 272 37 60 59
774 252 15 36 17
135 670 94 96 94
135 145 89 95 95
145 447 75 81 81
145 657 27 96 45
145 122 37 46 39
145 3 60 63 62
145 324 81 86 85
806 448 65 98 72
806 329 79 95 88
806 830 25 48 35
138 262 32 93 54
138 336 68 91 72
138 812 30 71 67
138 478 28 100 98
262 777 53 98 53
262 798 38 95 71
262 75 25 80 31
336 147 72 83 72
336 534 35 100 38
336 666 79 85 84
478 363 93 100 96
478 731 65 93 71
478 572 54 65 58
478 206 61 74 67
139 715 47 64 62
139 832 17 96 38
139 180 14 24 20
139 391 60 66 65
715 284 42 80 62
715 654 84 86 85
715 500 94 99 99
715 726 61 94 65
715 622 65 68 68
715 519 46 60 55
715 624 36 96 95
715 172 69 75 75
715 438 24 32 30
715 269 35 97 45
180 540 71 78 78
180 3 17 99 49
180 384 82 95 83
180 197 37 70 48
639 43 21 79 50
639 609 49 83 65
639 380 82 96 87
639 667 47 48 47
520 756 85 92 87
520 518 26 72 61
520 530 59 71 65
520 451 90 94 90
141 685 75 96 92
141 673 26 33 28
141 770 31 66 32
141 377 56 65 59
685 231 53 71 70
685 379 51 86 65
685 699 35 65 56
685 778 16 57 49
685 572 42 52 48
673 167 61 69 61
673 561 64 81 68
673 691 66 67 67
673 825 75 85 75
673 550 44 55 52
189 209 54 88 60
782 343 73 99 77
782 474 33 87 59
143 303 88 100 92
143 97 63 96 64
143 54 34 37 36
143 790 45 87 78
143 353 65 88 76
303 739 39 57 56
303 94 85 89 88
303 139 28 50 39
353 610 35 65 39
353 459 24 78 46
144 680 37 49 40
144 537 78 92 87
144 74 48 87 56
144 147 92 98 97
144 695 95 98 98
144 590 28 66 32
537 814 38 48 43
537 388 34 41 36
147 222 48 98 89
147 262 50 88 58
147 32 24 40 29
695 442 56 84 67
695 746 37 80 66
695 47 44 45 44
695 472 90 98 91
324 176 85 99 91
324 105 95 100 98
324 438 82 98 84
146 485 46 55 52
146 145 91 97 95
485 613 28 67 43
485 273 41 72 63
485 415 32 38 37
485 61 23 96 24
148 789 66 69 67
148 538 76 100 88
148 218 35 52 37
779 736 59 65 63
779 408 55 97 55
779 397 69 72 71
779 335 23 30 24
151 342 46 95 75
151 380 85 93 89
151 818 86 88 86
151 309 56 87 61
151 162 17 36 31
151 557 30 56 42
151 289 27 65 56
818 616 56 99 63
818 567 26 36 35
818 646 95 100 100
818 41 73 75 73
557 328 31 46 39
289 832 48 86 70
289 317 36 93 83
289 58 64 100 64
421 78 42 74 64
421 133 48 58 57
421 662 76 88 76
153 2 63 65 65
153 292 14 88 69
292 168 70 89 77
292 563 72 91 87
154 40 21 95 75
154 383 64 86 83
154 248 45 82 50
383 25 78 85 84
383 225 95 98 97
155 63 51 52 52
155 484 78 95 93
156 98 15 51 45
156 599 65 73 72
156 341 93 97 97
156 413 75 99 97
599 636 44 76 65
599 292 72 98 85
341 515 93 97 93
341 728 30 70 42
341 53 44 68 58
341 672 39 90 80
413 308 42 44 42
413 577 86 94 87
413 695 79 84 80
413 380 80 93 91
413 383 20 78 65
413 47 33 92 33
413 477 12 24 17
157 716 13 17 13
157 288 46 52 49
157 22 18 88 51
716 451 24 43 34
716 117 16 45 25
716 677 80 92 90
288 712 71 87 71
288 235 52 63 62
158 25 76 85 78
159 716 21 48 48
159 779 64 99 97
159 715 80 82 81
159 817 55 57 57
159 14 48 98 58
159 329 50 56 53
817 23 83 88 88
817 316 11 38 37
817 6 59 79 66
817 669 35 37 35
817 712 12 28 22
817 35 57 81 61
329 171 61 82 70
329 550 31 62 34
329 809 68 78 77
161 134 90 99 96
161 688 35 73 65
161 308 26 41 37
688 479 91 93 91
688 174 81 91 82
688 642 65 96 84
616 233 17 51 33
616 220 59 62 62
616 742 63 87 85
616 73 63 88 84
360 242 36 41 39
360 254 49 97 66
766 227 50 99 62
766 545 74 80 78
766 8 70 93 76
766 679 11 36 36
766 756 28 45 44
445 403 31 53 42
445 657 28 79 46
423 787 72 96 79
423 759 93 96 95
423 390 75 76 76
369 353 24 87 49
369 740 21 72 67
369 292 22 57 29
369 247 33 92 55
165 796 10 86 23
165 676 14 38 22
165 111 50 99 83
165 672 82 84 83
165 803 20 84 24
165 570 95 98 98
676 786 86 90 86
803 344 82 100 97
570 625 24 88 76
570 274 17 53 34
570 489 45 58 51
570 431 50 81 59
166 336 20 41 31
166 34 11 18 15
166 317 15 83 59
167 26 49 64 49
167 533 40 62 50
167 659 54 73 73
167 458 60 69 65
659 630 89 97 92
659 0 32 37 36
659 353 43 70 54
659 377 37 44 43
458 21 74 94 94
458 318 85 96 87
168 331 37 100 78
168 506 85 92 90
168 501 67 91 79
168 407 38 62 39
331 552 65 69 69
331 787 88 97 89
331 184 92 100 93
331 139 37 70 48
501 138 28 73 51
501 551 21 30 30
501 168 92 98 97
501 152 47 69 65
512 100 60 81 65
512 234 79 99 82
512 729 88 98 90
512 427 28 62 59
512 21 84 91 87
378 100 53 87 81
378 809 87 100 100
378 164 28 66 46
199 399 93 97 97
199 211 84 89 88
199 330 57 89 68
199 484 29 50 49
199 141 35 76 42
199 65 59 96 60
199 253 29 45 34
265 359 84 97 85
265 355 47 60 50
265 819 83 94 91
265 53 14 21 20
666 365 91 92 91
666 5 12 16 16
666 631 25 66 47
666 603 72 85 85
666 660 95 100 98
666 206 42 78 65
666 176 12 88 27
666 218 85 89 88
735 405 17 18 17
735 4 51 55 51
735 831 30 48 41
735 634 74 89 79
735 652 59 65 62
735 73 20 46 37
172 194 75 86 77
172 733 62 92 88
733 295 15 86 49
733 730 70 78 78
733 467 58 82 66
733 784 66 86 82
733 350 68 98 71
173 379 20 83 76
173 739 63 88 88
173 264 66 83 68
379 608 49 57 51
739 436 60 86 76
739 803 36 61 55
739 91 62 88 71
739 638 56 70 60
739 569 65 71 66
739 201 24 30 27
739 234 14 51 26
264 817 63 81 81
264 424 21 28 22
264 265 73 78 78
264 399 37 51 37
264 678 44 73 47
264 307 25 31 28
264 795 94 98 96
264 606 66 89 82
264 513 11 31 31
174 189 68 74 70
821 729 40 45 41
176 298 52 54 52
176 476 34 65 64
176 275 63 65 64
176 146 20 56 42
176 508 45 93 72
298 809 14 15 14
298 422 59 83 79
298 319 58 89 72
298 761 93 97 97
298 341 83 99 96
298 499 44 75 51
298 351 22 29 29
476 197 70 90 78
476 812 59 86 65
476 681 94 96 96
476 700 59 93 87
275 222 15 16 16
275 693 80 92 91
275 92 35 98 82
275 423 23 95 78
508 697 37 97 85
508 117 92 95 94
508 574 21 80 22
178 797 21 25 25
178 373 25 50 27
178 512 20 34 29
178 280 58 76 69
178 528 81 88 87
178 148 16 18 17
373 499 72 89 80
373 356 38 65 43
373 727 10 37 29
373 250 37 83 44
373 825 80 81 80
373 343 80 87 80
179 732 78 95 85
179 80 77 82 80
732 377 49 55 54
732 672 91 93 91
540 255 93 97 93
540 3 62 87 80
197 599 83 99 86
197 48 89 90 90
197 358 19 63 50
181 152 15 63 18
181 473 70 85 75
473 433 30 84 66
473 27 86 89 87
473 481 77 79 78
473 117 26 56 42
473 188 28 65 65
182 221 42 63 43
182 213 45 75 57
182 430 21 49 33
182 325 64 87 67
182 686 91 92 91
221 432 66 70 68
430 508 13 43 40
184 484 25 66 47
184 225 10 94 10
184 140 37 75 48
184 428 21 59 24
225 198 86 96 86
225 197 39 54 39
428 322 72 82 77
428 157 20 98 24
428 744 32 74 44
428 171 32 45 37
428 360 34 76 73
493 668 16 50 44
493 379 78 89 82
493 325 75 99 93
186 83 26 54 52
186 374 56 93 66
187 436 68 93 89
187 220 57 98 97
187 709 51 87 77
187 47 68 85 82
187 781 94 96 95
187 366 14 50 46
187 587 19 87 47
187 705 87 100 87
187 312 73 84 73
187 644 18 34 28
220 806 34 77 56
220 256 25 98 94
220 427 11 90 60
220 135 66 100 99
220 96 18 84 84
366 709 80 95 90
366 576 44 53 44
366 49 56 68 61
366 307 35 89 89
312 463 88 95 91
312 205 51 52 51
644 792 16 24 20
644 376 69 93 73
644 817 17 58 21
644 613 74 98 92
644 233 20 22 20
644 174 37 96 63
644 651 83 86 83
188 823 91 100 96
188 358 82 96 87
209 674 30 95 73
209 201 30 50 32
191 228 16 89 26
814 700 75 81 77
521 222 16 73 68
294 748 43 71 50
294 769 92 94 92
294 479 82 88 87
195 193 48 81 65
195 437 42 95 67
195 540 49 94 65
437 21 57 93 83
196 707 30 78 42
196 65 74 75 74
707 91 20 48 39
286 651 10 95 76
286 554 61 97 63
286 106 68 70 70
286 704 83 100 94
286 612 45 58 54
286 479 28 58 42
404 379 80 89 89
404 57 91 95 92
404 496 35 45 42
404 142 71 89 85
404 82 95 97 96
404 345 11 91 36
399 259 53 98 91
399 500 46 98 58
211 15 45 99 62
211 667 45 99 69
211 114 56 77 58
211 210 26 42 31
211 614 19 54 45
211 815 18 100 35
211 187 83 96 93
330 549 17 54 24
330 82 76 82 76
330 716 50 63 57
330 603 75 78 75
330 560 47 99 54
330 132 64 94 69
253 645 30 52 33
200 712 48 62 51
200 417 43 56 51
417 603 75 90 79
631 586 71 89 82
631 3 30 64 45
631 48 35 68 55
631 561 59 79 75
631 413 77 97 79
202 601 50 71 66
202 545 28 92 89
202 565 10 95 41
202 438 23 91 46
202 138 34 59 41
202 552 71 73 73
202 97 48 65 59
601 347 19 47 30
601 302 44 70 45
601 583 25 57 37
601 269 38 61 39
545 244 60 92 82
545 759 56 99 93
545 799 93 98 95
565 415 85 95 90
565 95 74 92 76
565 143 46 58 49
565 159 70 94 85
552 268 26 84 41
552 58 85 99 89
552 776 81 95 81
203 218 88 90 88
203 241 55 100 97
203 100 47 94 67
203 152 80 87 84
203 531 35 86 59
241 212 87 100 91
241 288 22 91 73
241 822 79 99 89
241 500 75 88 85
531 796 76 84 84
741 631 94 97 95
741 515 60 89 72
741 635 24 43 24
363 579 43 86 63
363 360 42 71 42
363 198 48 75 72
363 284 75 91 87
546 203 16 52 30
546 94 30 66 57
546 106 87 94 90
546 784 35 37 35
210 606 68 93 82
210 362 41 56 56
238 118 55 56 55
238 734 20 32 24
238 18 83 99 97
238 226 20 62 40
238 431 32 97 38
642 289 73 86 74
642 123 10 66 41
362 377 24 82 59
614 175 49 89 52
820 645 13 64 44
820 228 95 98 98
820 797 93 94 94
746 435 19 51 34
746 396 53 59 59
620 161 37 73 62
620 521 86 87 86
620 53 17 31 21
620 371 70 82 78
620 295 82 83 83
343 826 47 100 83
724 238 79 91 81
724 721 54 91 84
724 240 40 81 64
724 303 31 92 81
706 786 51 94 90
706 510 23 76 32
706 731 58 93 66
706 526 19 76 23
706 562 19 49 45
706 716 62 66 62
684 799 88 96 94
684 361 70 90 90
523 608 24 85 48
523 61 51 100 98
523 586 40 61 50
523 286 74 79 75
523 575 69 80 70
486 292 72 85 78
486 225 65 92 78
486 44 64 82 79
486 6 86 96 95
681 469 72 77 75
681 328 76 81 76
681 780 50 58 53
322 395 24 96 36
322 543 64 90 89
322 559 51 78 52
427 215 60 99 94
427 302 59 72 62
427 676 15 34 33
432 614 80 93 81
229 659 16 19 17
229 601 57 99 95
229 698 41 59 42
229 219 79 95 89
229 545 50 58 52
229 296 40 82 76
229 516 88 95 95
668 56 94 99 99
788 818 62 70 62
788 53 12 86 40
788 692 40 65 46
788 117 92 95 93
240 553 68 79 72
240 251 36 100 54
240 322 50 91 67
240 211 60 84 77
240 597 20 44 23
240 782 81 87 84
224 338 33 61 48
224 320 12 25 17
338 8 76 86 81
338 91 42 48 47
338 489 65 93 70
338 502 80 81 81
338 503 20 22 22
227 569 51 96 53
227 27 17 61 59
227 245 86 94 88
556 313 43 46 44
556 719 83 84 84
556 382 91 94 91
556 611 13 58 39
556 419 27 79 30
364 815 65 74 70
465 752 78 79 79
516 714 79 98 90
516 444 77 89 89
231 159 64 69 69
231 569 35 90 63
231 717 77 90 87
231 293 56 87 70
231 329 95 99 95
293 119 18 69 28
293 489 57 64 62
293 414 25 64 53
232 582 75 87 86
232 267 85 96 87
290 731 46 65 54
290 521 19 62 62
234 349 56 91 84
234 516 26 77 74
234 670 82 99 89
236 421 22 87 39
236 784 34 75 71
236 469 80 84 83
236 266 44 47 46
236 674 82 87 86
784 170 21 81 71
784 312 83 84 84
784 273 79 98 93
784 513 12 72 21
469 682 23 24 24
469 438 27 49 35
266 300 91 95 94
266 817 78 95 82
266 398 80 98 93
237 570 52 86 83
237 590 80 87 83
237 36 89 99 96
237 4 89 100 93
734 629 91 93 92
734 189 93 99 93
431 10 48 79 71
431 89 31 75 39
431 538 58 87 82
239 199 94 97 97
239 563 29 73 55
239 792 19 55 31
239 414 45 53 53
563 119 74 93 92
563 709 94 98 96
563 19 16 88 41
553 642 33 75 55
553 86 55 77 63
553 628 18 87 87
500 724 80 98 85
500 767 20 43 34
500 52 50 56 52
500 691 95 100 100
242 529 92 95 95
529 386 87 90 88
529 360 13 20 18
529 590 53 75 53
529 321 21 89 69
243 183 26 33 33
243 577 13 44 35
243 707 22 70 25
243 731 10 74 41
243 430 94 97 94
243 661 44 62 54
243 531 56 83 74
243 93 77 91 85
243 38 41 53 52
244 723 15 48 29
244 476 25 97 29
244 771 43 48 44
244 205 38 63 43
244 130 92 98 97
244 358 84 98 98
244 395 79 89 80
771 123 36 58 55
771 746 53 89 87
771 76 87 97 94
246 302 69 89 79
246 545 50 94 69
246 420 84 93 85
246 338 70 80 71
302 781 65 82 80
302 429 19 66 19
302 555 83 96 90
763 770 68 89 82
763 20 31 67 51
763 188 51 60 52
763 517 70 80 74
510 401 22 82 59
510 528 95 99 99
372 545 91 96 95
372 463 28 29 29
250 482 87 99 89
250 397 24 38 32
250 167 94 97 94
250 394 10 74 28
482 589 58 96 85
482 63 36 69 66
482 531 28 45 43
482 12 58 68 64
482 529 71 85 83
495 759 12 68 53
495 226 50 56 51
406 253 16 76 69
406 649 31 69 58
406 344 55 56 55
542 119 27 78 59
542 505 15 79 58
542 512 69 75 75
424 203 93 100 93
424 248 23 26 25
424 463 94 96 95
424 697 15 71 44
424 496 11 18 18
645 476 78 81 80
645 471 32 42 34
795 576 29 69 37
795 220 53 71 54
795 118 86 96 89
795 47 27 99 57
795 717 60 96 88
795 376 79 83 80
259 452 83 91 87
259 121 44 93 79
259 740 72 87 77
257 239 34 70 67
257 802 76 100 94
257 560 19 76 43
802 173 83 94 85
802 817 39 80 39
802 748 20 27 24
802 201 89 92 91
802 584 88 98 91
802 70 57 58 58
802 820 50 53 50
560 631 42 44 42
560 584 23 28 23
560 203 26 97 95
560 226 89 91 90
560 395 90 91 90
560 706 25 32 30
258 195 26 94 52
258 277 35 88 54
452 792 80 85 81
452 579 34 48 34
452 160 89 91 91
452 74 74 91 78
260 559 26 49 46
260 603 67 90 80
260 337 83 92 88
260 588 53 92 60
559 401 89 100 89
559 532 51 86 84
559 150 38 55 38
559 814 64 100 84
603 698 14 66 25
603 264 11 13 13
603 415 18 20 18
603 834 35 64 42
603 132 46 69 51
603 238 85 88 85
337 318 35 98 57
337 124 72 77 76
337 499 56 88 79
337 421 13 31 26
337 136 90 97 91
524 351 71 100 86
524 75 25 29 25
524 281 67 80 70
524 492 31 56 33
524 352 93 100 97
798 732 15 53 28
798 697 60 75 61
678 693 62 67 65
678 331 66 86 68
678 664 88 90 88
355 154 70 83 76
355 552 21 36 23
355 74 67 80 69
355 310 56 84 65
398 69 57 94 68
652 829 39 67 58
652 646 83 90 83
652 74 31 62 59
652 694 28 43 30
268 604 10 71 12
268 491 56 81 69
268 694 47 90 62
268 585 29 91 40
604 221 35 91 49
604 746 59 64 63
604 34 57 85 84
491 108 74 81 75
491 337 52 62 52
491 439 36 75 66
491 334 80 84 81
491 560 95 98 98
694 27 83 98 97
694 149 22 83 31
694 427 89 92 91
694 197 44 66 61
694 723 13 79 49
640 633 43 62 53
640 53 21 55 52
640 63 39 91 85
405 202 21 62 60
405 436 79 95 90
405 692 93 97 96
765 277 53 85 56
617 826 90 93 91
643 69 45 98 86
643 407 17 54 54
643 209 27 74 71
643 82 48 95 58
273 730 49 88 60
273 452 82 90 82
730 479 25 63 63
730 836 51 96 72
730 316 86 90 88
730 259 11 87 41
730 167 56 89 59
730 180 79 94 88
730 629 80 92 91
274 160 33 56 54
274 175 64 77 72
276 171 70 92 90
328 709 74 75 75
328 633 48 51 51
328 778 33 75 75
328 638 42 79 70
354 815 30 43 31
354 504 37 84 83
354 489 85 89 86
503 383 85 97 91
503 779 64 79 77
503 754 78 82 78
503 737 83 93 83
503 124 68 98 75
503 746 26 49 28
503 148 33 56 50
279 421 41 73 45
279 616 33 73 52
279 795 86 93 87
279 108 15 90 16
279 573 53 91 63
573 286 95 100 100
573 719 60 89 66
573 706 53 74 61
573 631 92 100 94
573 390 35 95 91
573 114 15 60 53
462 557 38 39 38
462 771 35 41 37
462 647 49 80 58
281 835 59 62 60
281 123 40 83 68
282 0 85 98 90
282 417 30 80 48
282 6 82 85 85
282 492 19 31 19
282 563 59 89 61
282 691 89 94 89
282 302 77 97 81
284 121 79 100 96
285 113 29 89 87
704 589 43 84 62
704 636 70 74 70
704 406 61 76 71
704 784 13 75 71
704 445 76 91 77
704 801 41 49 43
704 325 79 90 83
287 762 50 79 58
287 479 70 83 78
287 116 94 96 95
287 423 47 85 62
287 153 59 75 70
287 743 43 51 49
762 424 51 63 52
762 653 30 85 63
762 173 16 49 30
762 102 67 96 76
762 702 78 90 86
762 483 54 76 61
762 123 29 98 53
762 307 45 77 51
769 104 29 58 58
769 25 91 100 94
769 30 80 92 88
314 83 43 67 64
314 504 41 70 54
314 714 70 81 72
297 420 19 87 87
297 240 43 91 91
297 307 75 77 75
297 357 80 89 86
297 200 83 86 83
297 368 27 89 51
357 64 23 91 28
357 356 76 91 88
357 475 73 75 75
357 829 63 70 70
357 650 48 49 48
357 173 61 86 66
357 32 76 96 77
357 375 70 98 96
368 61 32 45 41
368 117 16 36 21
368 15 93 99 94
368 104 33 41 35
809 821 63 86 80
809 263 11 41 20
422 34 70 88 79
422 310 72 99 87
422 344 74 94 93
319 28 67 80 79
319 733 69 99 81
319 194 47 72 52
499 582 47 94 59
499 291 91 97 96
351 636 15 54 48
351 776 10 87 86
351 135 71 99 80
351 265 56 84 79
299 667 74 76 74
299 385 77 89 79
299 154 68 80 80
299 235 39 55 50
555 226 64 67 66
555 562 35 37 37
555 541 84 87 87
306 118 84 86 84
306 568 11 53 40
306 651 87 91 90
306 137 18 22 20
306 626 59 81 65
443 454 18 35 19
443 307 90 96 96
443 731 52 80 74
760 469 57 94 80
760 831 34 86 81
760 529 25 68 39
760 832 79 90 87
760 433 86 94 93
497 745 30 75 33
497 345 46 64 60
497 298 81 98 88
311 159 83 93 87
311 507 76 88 79
463 469 61 89 88
463 355 68 90 85
313 644 43 53 47
313 131 16 46 44
504 498 53 55 53
504 544 63 70 69
504 711 59 95 82
504 588 70 94 85
504 724 95 98 96
504 623 19 70 65
466 77 24 28 27
466 816 20 29 23
466 698 58 74 59
316 657 91 92 92
316 759 54 60 58
316 406 86 100 89
316 773 74 81 74
773 437 33 79 35
773 495 92 95 92
318 476 57 61 58
318 187 67 83 76
318 495 12 60 29
318 704 19 20 19
318 192 17 84 32
318 224 25 52 49
318 389 55 81 77
764 47 71 95 93
764 66 55 76 74
764 41 15 87 60
764 53 22 49 42
323 301 18 41 29
323 475 50 89 69
323 562 79 87 84
323 249 10 66 18
323 535 89 94 89
566 614 54 99 95
566 541 80 83 80
566 360 78 87 84
566 235 27 77 73
566 19 58 74 66
326 374 33 97 50
326 379 82 93 89
326 449 89 91 91
449 382 56 93 86
449 729 39 91 57
449 370 62 81 81
449 157 30 67 55
449 198 87 100 98
449 539 24 27 24
449 115 52 62 53
327 383 88 96 91
327 493 91 92 91
327 106 50 76 72
327 137 62 63 63
327 219 15 100 39
327 181 17 29 26
633 189 28 88 82
633 787 17 95 77
633 634 45 97 48
633 813 48 95 66
633 630 73 84 76
778 491 94 95 94
638 34 18 95 25
638 311 82 89 82
638 726 43 67 52
638 821 70 98 80
550 449 85 94 89
550 225 83 94 90
550 310 19 89 62
550 307 20 73 49
550 185 55 67 59
787 242 89 98 97
787 342 45 59 53
502 433 37 40 38
339 612 30 95 88
339 731 95 96 95
339 580 26 48 40
593 93 28 100 65
593 192 53 67 59
515 118 95 100 99
515 242 18 43 36
515 441 20 88 65
515 132 13 85 51
345 47 56 76 56
345 725 85 87 85
345 577 54 66 66
345 430 15 39 21
345 178 50 56 54
675 438 62 96 75
675 644 26 97 30
675 520 62 84 82
675 451 92 93 92
675 734 34 57 56
675 298 68 70 69
675 424 57 99 61
347 20 10 20 12
347 782 13 78 23
347 213 11 88 58
348 402 14 74 63
348 437 87 98 94
348 305 46 72 63
418 756 80 88 84
418 375 35 36 36
418 760 36 97 54
418 18 41 72 55
418 494 40 95 95
418 302 48 60 60
418 384 52 83 80
350 112 29 97 86
350 388 76 80 77
350 584 28 47 33
350 238 10 35 34
350 490 31 88 37
388 812 46 100 56
388 475 27 98 39
636 228 22 65 43
636 698 50 74 59
636 689 58 91 73
829 302 92 96 92
829 164 43 56 49
829 532 38 67 56
650 329 43 100 86
650 621 88 98 98
650 658 60 99 72
375 629 38 84 61
375 732 87 92 88
375 144 42 44 44
375 91 55 64 64
579 65 77 89 78
579 776 39 95 58
579 408 85 100 86
594 30 82 93 87
594 178 82 88 88
594 514 23 82 25
594 611 36 95 82
367 701 30 38 33
367 468 68 80 79
367 268 49 50 50
367 503 55 60 56
367 387 78 100 96
367 718 52 78 70
701 334 43 57 47
701 775 18 75 55
387 471 18 24 22
387 64 71 96 81
387 155 70 76 72
387 735 84 92 88
387 51 14 99 93
370 791 40 78 41
370 284 61 67 64
727 159 57 79 68
727 137 88 89 88
629 145 12 65 33
629 29 47 77 53
629 151 77 80 80
629 103 64 74 71
376 37 81 93 89
376 168 19 91 77
376 254 78 99 87
376 355 95 100 96
376 159 88 89 89
453 62 24 67 42
453 14 89 97 96
647 735 40 59 43
647 764 15 55 51
647 30 91 97 94
662 160 84 99 88
662 140 51 55 51
662 459 79 98 95
662 216 12 55 30
662 691 71 82 81
662 825 19 86 29
662 740 71 86 72
662 788 15 77 18
662 675 71 92 85
662 450 70 87 84
810 758 75 100 88
810 62 35 50 40
700 458 22 28 25
700 124 77 96 83
628 573 10 93 38
628 123 82 87 83
628 648 64 96 72
755 472 76 82 79
755 785 25 29 28
755 274 76 94 79
755 174 66 82 73
755 578 41 97 56
392 668 52 79 79
392 438 56 76 57
392 230 54 99 76
392 638 55 95 64
396 71 60 97 69
396 580 68 82 74
396 387 90 92 92
396 430 82 83 83
396 335 44 52 48
720 98 93 100 96
720 573 92 100 97
440 385 26 58 51
440 122 24 53 49
412 431 84 99 96
623 512 24 69 33
623 52 81 100 86
623 744 14 77 54
623 306 63 88 86
623 276 70 90 85
683 824 24 53 27
683 478 46 56 55
683 145 86 92 90
683 576 33 53 51
683 507 51 89 59
409 108 51 82 55
409 204 15 100 22
411 478 22 64 58
477 123 59 73 73
477 363 42 82 66
477 553 83 98 92
444 306 74 76 76
444 95 23 49 32
737 58 77 84 83
737 663 83 86 85
416 273 87 89 88
416 182 27 36 34
416 181 71 73 72
416 510 41 74 51
756 488 94 97 94
756 186 37 76 71
756 469 89 99 89
756 409 38 88 47
498 617 91 100 98
498 623 45 46 45
498 597 78 93 86
498 299 85 97 89
498 123 36 91 53
498 529 59 89 64
697 262 24 92 74
697 371 37 82 45
697 369 61 100 77
697 163 94 96 95
548 265 62 93 75
548 538 92 94 92
548 455 57 62 60
548 140 85 95 94
426 49 38 57 43
824 663 78 84 82
824 303 59 64 64
824 551 44 60 50
824 138 42 56 45
824 40 36 77 72
435 65 56 79 68
435 265 67 73 69
435 824 86 99 92
435 182 59 94 90
671 466 27 86 76
671 756 59 94 72
671 710 92 99 94
671 339 10 88 84
671 272 78 99 85
671 216 56 85 63
671 458 78 91 81
671 370 59 70 65
441 751 94 100 100
441 741 89 97 90
441 787 38 60 60
441 817 54 88 73
751 52 39 94 69
751 261 20 47 29
442 664 17 20 18
442 64 90 91 90
442 702 55 62 57
442 583 60 96 90
664 123 62 80 63
664 551 88 89 89
664 258 69 74 72
448 810 72 89 81
448 464 54 55 55
448 635 25 80 74
448 789 28 96 32
635 612 49 67 66
635 549 86 87 87
635 465 25 68 50
450 776 22 49 45
450 769 52 74 59
450 741 82 90 83
450 435 81 91 89
450 40 18 26 20
451 509 71 97 84
451 428 26 85 66
451 490 67 93 69
457 130 73 90 87
457 504 25 100 78
457 817 24 61 38
457 713 60 71 66
713 697 67 84 73
816 345 11 73 18
816 398 91 92 92
816 215 10 86 66
682 205 71 75 72
682 84 43 77 57
682 715 37 86 55
682 755 63 84 66
682 413 38 52 40
470 186 88 95 90
470 827 28 73 40
472 7 80 97 83
472 196 70 80 70
472 140 18 64 27
472 383 40 88 88
474 744 26 59 50
474 750 92 93 93
474 511 92 93 93
474 172 86 89 87
474 76 78 89 80
690 679 73 80 76
690 736 34 48 47
690 141 89 98 89
690 479 57 58 57
690 515 69 71 69
690 623 19 69 22
690 758 23 82 27
613 66 88 97 96
613 330 68 98 74
613 833 65 95 86
613 699 67 84 80
807 359 23 60 38
807 240 73 87 80
807 667 87 98 93
807 755 53 99 79
807 646 88 97 92
807 398 81 86 81
745 685 29 31 29
745 796 51 71 69
767 122 82 92 90
767 330 32 42 41
767 345 14 22 17
767 354 49 52 50
767 196 43 76 53
551 58 33 34 34
551 636 22 28 23
551 187 30 98 49
544 541 65 75 71
544 281 13 73 60
544 0 62 73 62
544 610 59 78 68
544 587 73 89 74
544 432 81 100 98
544 333 45 61 54
574 112 53 86 53
574 257 23 32 26
574 592 94 98 97
742 313 20 83 27
742 401 25 92 66
710 668 41 75 57
710 171 81 98 82
710 125 80 97 87
517 21 87 93 88
517 717 30 45 30
517 515 62 64 62
519 405 43 60 47
519 824 39 44 40
519 586 46 100 61
519 184 70 88 82
519 748 49 77 60
530 818 13 22 14
530 728 78 88 86
530 628 92 99 99
530 606 40 67 49
522 543 14 66 63
522 152 23 25 24
522 139 30 89 46
801 84 32 43 34
801 678 84 85 85
801 598 57 78 72
801 61 37 100 65
526 430 47 83 54
526 54 73 96 92
526 443 80 92 88
600 482 70 90 77
600 260 40 63 60
600 452 26 72 66
799 670 44 53 48
799 49 56 95 90
799 522 65 66 65
799 828 61 88 74
799 240 21 45 34
547 712 19 77 52
547 669 93 94 93
547 457 92 99 98
547 340 15 72 50
699 134 42 93 65
699 485 17 49 29
699 266 22 77 22
699 792 56 61 61
699 489 87 93 92
699 443 29 74 56
828 829 33 86 49
828 725 78 95 95
828 569 69 100 79
828 375 77 94 93
828 210 92 97 93
828 793 33 52 37
567 319 23 47 35
567 132 49 51 51
625 765 56 64 57
625 299 81 90 85
578 275 10 22 14
578 97 75 85 79
578 488 33 91 72
581 522 80 84 82
581 676 92 98 95
830 623 66 78 72
641 694 70 95 79
641 778 93 97 94
641 320 68 69 68
641 313 46 63 48
641 33 65 95 86
641 515 44 98 94
607 770 69 91 78
607 93 26 96 37
660 79 13 71 15
660 474 60 97 92
660 715 76 91 90
660 825 53 85 61
609 314 46 64 56
609 330 43 66 55
609 788 46 47 46
609 804 28 60 42
833 542 21 85 44
833 27 32 95 71
833 367 77 78 78
618 567 77 90 78
618 156 30 83 80
618 746 38 58 56
627 533 55 68 63
627 583 52 75 73
627 623 93 100 94
627 637 88 91 91
627 767 65 89 86
627 116 83 94 87
627 803 92 98 96
658 108 70 98 88
658 426 68 83 78
658 258 76 93 80
665 338 64 76 71
665 458 46 79 50
665 220 43 92 51
665 197 53 69 61
677 68 87 93 87
677 314 80 99 86
677 378 75 76 76
677 117 71 82 81
677 458 36 52 47
677 214 78 94 82
800 451 72 80 76
800 795 45 79 51
800 668 21 82 32
800 380 52 85 65
696 557 20 52 46
696 610 61 74 72
696 602 79 99 90
696 816 53 96 82
696 681 37 46 39
696 665 92 97 96
775 107 53 73 58
775 79 69 82 78
775 401 21 44 44
775 476 29 88 44
775 377 39 79 50
775 526 31 54 36
708 396 58 93 76
708 132 29 74 60
708 694 56 84 67
708 664 12 43 28
738 446 62 74 71
738 824 89 99 97
738 397 17 93 32
738 291 83 95 90
749 232 89 99 92
749 480 69 99 92
749 785 71 85 81
753 377 46 59 55
753 420 61 76 67
793 323 40 68 57
793 807 64 84 78
793 693 31 69 36
805 104 94 97 94
805 292 78 79 79
805 517 22 50 26
805 558 33 75 45
805 164 93 98 94
805 717 79 95 91
811 800 86 90 86
811 40 77 96 87
0 836
