40 126
0 1 81 89 86
0 35 24 34 33
0 8 29 46 40
0 10 55 61 58
1 33 24 93 42
1 25 50 76 75
1 11 19 86 63
35 34 70 85 71
35 29 32 34 33
35 27 55 72 68
35 19 56 91 91
8 22 33 73 43
8 28 54 95 87
8 16 85 95 92
8 39 14 100 96
8 9 52 66 58
10 7 62 100 85
10 14 88 90 88
10 5 12 48 24
33 8 53 88 76
33 4 17 44 22
33 6 85 94 94
33 25 55 82 80
33 27 62 84 75
25 32 51 90 62
25 26 61 79 64
25 20 25 87 61
11 18 74 96 76
11 0 23 65 63
11 35 24 82 30
2 20 80 97 90
2 16 60 62 62
2 29 88 93 91
2 38 37 85 42
20 3 39 72 48
20 2 56 57 56
20 0 36 77 72
16 35 14 66 20
16 24 27 58 45
16 31 62 90 78
16 23 82 96 95
29 13 63 78 75
3 28 93 95 93
3 13 73 77 77
3 37 24 49 42
28 27 33 49 45
28 35 72 95 94
28 31 48 58 54
28 3 34 88 65
13 6 77 79 78
13 14 27 43 43
13 9 48 90 54
13 4 50 51 50
13 7 17 42 22
37 2 79 81 80
37 26 93 96 96
4 11 37 70 47
4 7 66 98 94
4 35 76 86 78
7 17 91 93 91
7 31 71 73 73
7 34 81 94 90
7 14 60 63 60
7 30 34 77 75
5 35 36 44 38
6 13 90 92 91
6 15 18 24 23
6 27 34 96 70
6 8 14 72 51
6 29 88 94 88
15 32 54 57 56
15 26 61 72 72
15 29 70 76 73
15 33 30 70 47
27 39 13 23 20
27 3 71 74 73
27 35 49 85 85
31 12 56 81 56
31 21 32 49 48
31 16 94 96 96
14 17 23 90 30
14 6 42 73 65
14 21 85 97 86
14 18 85 94 92
30 27 34 39 36
30 0 19 81 53
22 39 32 48 40
22 32 82 91 90
22 30 10 44 18
22 20 53 87 83
22 6 62 65 63
22 4 26 69 38
22 36 90 100 99
22 5 59 62 62
39 22 91 96 93
39 31 70 98 88
39 0 78 98 89
39 11 46 66 52
9 14 34 98 45
9 17 17 70 45
9 33 10 51 35
9 32 24 69 29
32 9 90 100 99
32 22 89 96 90
32 2 49 90 82
32 4 12 60 27
32 28 93 96 94
32 25 81 84 82
18 11 79 86 83
18 1 25 92 84
18 34 42 58 57
12 13 56 79 65
26 22 15 92 44
26 28 69 72 70
26 11 12 37 26
24 36 37 45 38
23 10 57 71 58
23 19 94 99 98
23 24 15 75 33
23 34 94 96 94
23 12 27 60 44
36 13 62 63 62
36 35 51 76 76
36 30 69 98 77
36 29 95 98 96
36 31 39 80 45
0 39
