22 87
0 6 10 68 48
0 8 64 86 78
0 18 60 66 63
0 7 33 51 50
0 3 80 90 80
6 10 51 86 82
6 21 21 24 23
6 0 77 93 79
6 1 16 32 17
6 19 65 89 67
8 0 72 92 90
8 11 27 88 48
18 20 43 55 43
7 20 84 95 87
7 3 57 70 66
7 12 74 90 78
3 21 80 94 81
3 16 60 73 64
3 15 48 59 50
3 2 59 92 71
3 13 84 85 84
3 1 16 30 21
3 11 15 16 16
1 15 21 49 45
1 13 24 68 45
1 9 46 63 60
1 8 57 89 62
1 11 78 88 82
15 21 41 94 94
15 14 19 60 21
15 1 24 51 25
13 2 16 67 20
13 15 80 88 87
13 19 23 90 24
13 20 79 88 87
9 2 77 88 81
9 18 31 33 31
9 7 92 98 94
9 1 93 97 97
9 20 50 72 66
11 9 78 86 81
11 14 44 73 56
11 2 58 88 68
11 8 49 71 60
2 14 33 79 69
2 17 16 35 35
2 6 61 98 82
14 5 72 82 81
14 21 67 87 85
14 19 95 96 95
14 3 56 69 64
14 18 89 96 90
14 20 47 98 96
14 1 69 91 80
17 13 63 98 98
17 3 46 93 91
17 11 91 99 96
17 10 83 88 83
21 12 25 80 49
21 8 28 97 85
21 3 86 95 88
21 16 43 100 84
16 2 12 52 30
16 6 62 97 64
16 3 32 44 37
16 20 31 93 52
16 7 32 53 48
16 9 83 91 83
4 9 45 60 46
4 16 64 90 67
4 19 48 95 49
19 11 85 91 86
19 13 17 63 30
19 2 72 100 78
5 16 91 94 91
10 21 52 53 52
10 17 21 66 22
10 8 72 99 97
10 15 44 64 47
10 13 24 47 46
20 16 41 99 93
20 5 51 72 52
20 15 56 87 85
12 8 55 63 59
12 17 86 94 92
12 14 12 36 34
12 10 94 96 94
0 21
