67 247
0 52 15 29 29
0 11 67 75 70
0 16 91 93 91
0 65 38 54 39
0 31 29 78 61
0 1 21 80 57
0 13 89 97 95
52 64 84 86 84
52 2 70 87 82
52 54 35 41 38
52 25 78 91 90
52 40 80 90 80
52 11 95 100 96
52 56 73 95 95
11 31 37 97 75
16 38 61 82 65
65 2 89 95 92
65 61 46 87 70
65 8 39 59 51
31 15 22 94 56
31 53 25 62 27
31 29 13 81 60
31 27 69 92 75
31 63 74 100 99
31 34 19 35 30
13 66 36 42 41
13 19 76 79 76
13 62 95 96 96
13 22 28 43 37
2 13 65 96 95
2 4 24 90 68
2 19 46 56 54
2 22 51 80 52
2 44 20 64 58
2 41 13 91 67
4 3 77 92 81
4 58 13 90 68
4 12 47 65 49
4 39 73 91 90
4 8 26 30 28
19 44 21 59 25
22 0 81 100 86
22 25 21 79 54
22 64 19 33 22
44 25 50 61 58
44 47 15 22 19
44 65 53 78 72
41 22 25 63 27
41 11 52 82 57
41 55 13 38 25
41 49 71 94 86
3 14 43 56 46
3 54 66 72 71
3 38 44 94 79
14 34 57 80 57
54 35 19 37 34
54 34 94 99 95
54 45 28 55 44
54 11 16 55 27
54 44 12 87 84
54 13 71 79 78
38 12 15 57 48
38 60 68 74 73
38 10 61 93 66
38 3 93 100 99
38 9 45 52 48
38 4 38 59 45
58 61 22 42 40
58 31 46 51 47
58 56 73 90 90
58 41 94 97 94
58 0 71 93 75
58 14 53 100 68
12 16 75 76 76
12 3 53 74 58
39 51 49 77 66
39 18 74 93 87
39 22 17 24 22
39 30 79 91 80
8 38 17 87 18
5 58 61 67 67
5 51 18 83 71
51 43 76 96 85
51 35 63 93 73
51 22 95 96 95
51 3 39 71 52
6 47 28 54 28
6 15 49 65 50
6 10 78 98 85
6 12 91 97 96
6 21 73 87 75
6 7 72 87 72
6 5 37 38 37
6 16 65 78 65
47 18 82 92 85
47 10 47 85 59
47 0 41 82 78
47 8 72 88 85
15 21 19 49 47
15 46 68 86 79
15 7 36 50 44
15 44 93 100 99
10 20 87 91 88
10 39 22 80 61
10 55 21 82 48
10 6 21 61 46
10 42 67 90 83
21 13 49 78 49
21 23 74 78 74
21 35 58 89 59
21 14 47 71 50
21 61 90 92 90
21 0 28 91 76
7 16 22 57 50
7 5 11 94 19
7 31 11 42 25
9 54 77 92 91
9 41 95 99 97
9 60 26 100 51
9 18 79 80 79
9 21 12 90 89
9 26 84 96 91
9 61 79 93 93
60 17 37 86 37
60 7 10 12 12
60 38 47 68 49
60 30 73 96 90
18 12 64 86 71
18 56 66 69 69
26 59 69 91 78
26 62 79 95 89
26 41 12 41 18
61 1 64 75 71
61 28 25 85 71
61 20 58 93 67
20 36 20 35 29
20 8 77 98 87
55 64 46 65 49
55 52 62 80 69
55 57 16 46 45
55 22 60 71 60
66 10 16 58 46
66 30 62 94 78
66 44 24 72 37
62 4 55 83 60
62 41 33 47 34
62 44 18 74 51
62 15 31 89 70
62 2 37 41 40
34 11 13 14 14
34 23 61 68 63
34 47 93 96 94
46 2 83 84 84
46 5 71 72 71
46 19 48 61 49
17 42 85 91 90
17 6 48 77 64
56 23 78 96 92
56 27 53 69 67
36 26 53 54 54
36 65 34 74 56
36 66 70 82 74
36 0 80 99 99
23 48 74 79 75
23 47 70 91 74
23 17 83 94 89
23 52 47 55 54
35 27 10 80 65
35 24 86 87 86
35 64 56 95 89
35 53 83 90 84
25 15 90 96 96
25 24 74 93 87
25 45 70 88 78
25 27 35 98 76
64 31 40 59 51
64 58 20 21 20
64 59 29 56 56
64 61 93 97 93
64 56 22 25 24
64 17 16 73 67
64 53 12 86 30
64 19 60 95 85
48 10 74 86 75
48 7 57 87 87
48 58 15 51 40
48 61 91 94 91
24 0 47 65 54
24 44 76 81 79
24 40 75 94 89
40 7 70 89 85
40 17 26 91 66
45 55 62 92 75
45 49 11 55 43
27 32 79 80 79
27 12 33 72 63
27 49 93 99 96
27 7 41 43 42
27 45 12 13 13
59 55 66 82 73
59 57 31 39 39
59 54 36 72 58
59 36 91 96 95
59 64 86 95 90
32 18 47 66 66
32 31 89 90 90
32 47 47 91 86
32 30 74 76 76
32 44 49 85 60
49 17 69 73 73
49 25 29 87 34
49 5 38 95 43
49 3 83 94 93
49 58 95 100 100
49 39 62 71 62
28 48 59 61 60
28 45 63 79 78
28 7 36 54 43
28 37 31 87 57
28 30 53 55 55
28 32 51 74 54
28 65 39 85 71
28 6 51 80 53
37 51 89 92 92
37 61 32 72 55
37 65 21 70 45
37 52 26 53 28
30 58 73 92 90
30 60 44 48 45
29 51 42 79 76
29 60 51 88 62
53 37 49 92 67
53 49 41 82 70
53 35 92 93 92
63 10 66 75 74
33 48 33 97 55
33 64 34 85 79
33 53 44 77 73
43 2 25 93 91
43 28 71 100 90
50 29 24 27 25
50 10 11 31 23
50 60 43 69 66
57 53 76 96 91
57 7 50 76 50
57 36 31 54 40
57 1 54 63 63
0 66
