368 745
0 52 92 99 95
0 253 52 55 54
0 278 94 95 95
0 110 45 74 46
0 45 14 57 15
52 250 14 35 18
52 207 26 93 66
52 304 62 82 81
253 147 84 95 86
253 334 74 82 76
253 17 92 95 93
253 241 74 85 82
110 251 95 100 95
110 18 63 72 70
45 192 87 92 87
45 349 18 72 58
2 239 85 98 86
2 108 18 41 27
239 231 45 57 52
239 100 94 97 95
239 327 48 89 56
108 94 39 43 42
108 178 57 63 60
3 258 36 40 37
3 243 21 99 48
258 281 85 93 90
258 22 10 65 34
243 279 22 54 34
243 36 78 92 80
4 323 80 91 86
4 142 41 75 53
4 56 35 62 58
4 330 57 83 57
323 285 73 87 79
323 77 60 92 69
323 235 57 85 67
142 170 25 93 88
56 326 51 89 65
56 295 80 89 82
56 58 55 71 59
56 184 81 99 95
5 138 69 77 75
5 309 48 58 54
5 44 75 94 77
5 223 58 69 58
309 183 78 91 89
309 162 57 89 85
309 83 94 100 94
309 222 18 95 67
309 147 95 96 95
44 263 87 89 89
44 225 48 87 64
44 163 23 43 28
223 296 52 64 52
7 67 34 37 34
67 354 33 53 52
67 59 68 79 69
8 0 19 76 42
8 32 44 98 69
8 112 51 91 66
8 249 41 94 50
8 154 14 49 38
32 325 61 80 73
112 264 68 86 84
112 332 15 72 59
154 176 81 100 90
154 139 31 63 54
9 103 77 87 77
9 338 44 62 58
9 281 76 91 84
103 298 84 86 85
103 139 39 96 90
103 328 35 73 55
281 12 39 83 58
281 291 78 92 84
10 132 27 74 58
10 26 18 80 25
10 268 49 92 85
10 206 22 92 67
132 266 95 96 95
132 61 61 68 63
132 260 53 69 55
26 216 75 76 76
26 349 95 96 96
26 95 10 25 22
26 117 40 55 47
268 83 75 95 79
268 356 23 51 45
268 211 72 92 79
206 338 19 75 72
11 287 39 94 45
12 201 55 88 64
12 214 12 97 24
201 27 56 81 66
201 256 37 91 78
201 316 45 94 80
201 149 45 95 66
214 234 94 95 94
214 339 90 98 97
214 365 68 82 68
13 213 23 98 61
13 172 86 92 86
213 122 33 43 37
172 162 37 71 54
14 283 31 39 36
14 99 71 82 73
283 179 10 28 23
283 295 93 99 96
283 29 69 96 90
99 366 18 53 45
99 259 68 95 85
99 85 90 91 91
16 129 32 45 38
129 216 90 95 91
129 186 10 66 39
129 193 24 65 37
17 48 61 72 72
17 186 31 78 32
17 92 86 89 89
48 50 95 100 100
48 339 38 82 82
48 153 13 77 61
186 213 32 92 57
186 257 56 63 56
186 273 88 92 88
92 343 67 85 82
92 69 37 65 50
18 124 90 99 94
124 324 36 63 61
124 285 46 66 54
19 213 23 26 24
19 14 66 76 67
20 342 27 87 87
342 56 44 62 62
342 257 37 41 37
342 335 13 25 15
342 211 71 78 77
21 293 56 65 58
293 358 19 60 20
293 104 50 73 52
23 235 49 80 62
24 103 29 57 40
24 57 42 75 67
25 120 65 92 72
120 88 59 93 89
120 156 34 60 57
349 265 18 32 29
95 55 32 78 55
95 354 79 80 79
117 194 26 87 39
29 268 45 95 72
29 98 10 13 10
98 237 94 99 95
30 253 32 38 37
30 107 88 91 91
30 198 76 87 86
107 344 17 89 62
107 53 64 99 83
198 331 34 62 44
198 218 63 100 79
198 189 18 81 63
31 272 13 79 23
325 185 44 97 88
33 133 45 52 52
133 357 94 95 94
34 362 39 88 75
362 139 71 99 72
362 247 54 97 62
35 121 72 77 75
35 40 19 57 41
121 19 22 74 64
121 175 58 82 76
121 218 22 88 36
40 208 85 94 92
36 340 43 50 43
36 116 42 53 46
340 302 32 54 51
340 2 51 63 55
116 23 60 87 78
116 289 57 66 63
37 194 45 74 57
194 315 64 81 69
194 282 53 81 62
194 325 63 76 68
194 122 44 74 63
39 159 70 77 72
39 259 16 90 80
159 59 69 92 86
159 136 81 88 84
41 267 74 91 76
41 23 50 82 70
41 97 75 80 75
267 212 72 78 74
97 282 71 86 78
97 235 80 88 81
42 133 76 95 80
42 92 78 86 78
42 121 34 36 34
43 53 95 98 98
43 360 59 88 62
43 156 45 94 78
43 247 23 45 30
53 48 70 99 86
360 188 80 94 91
360 333 94 95 94
360 228 61 77 66
156 330 22 74 40
247 228 95 97 96
247 296 20 53 41
247 68 64 74 72
225 244 92 98 97
225 159 28 89 53
163 9 15 89 56
163 46 14 34 20
192 359 28 61 47
46 176 52 53 52
46 25 59 68 67
46 357 21 35 23
46 332 67 95 68
176 246 39 65 50
176 220 36 83 47
176 319 14 86 42
332 282 72 83 74
47 273 87 96 94
47 43 52 66 52
47 146 41 72 63
47 249 42 58 45
273 159 35 47 46
273 344 29 96 58
273 110 38 46 45
50 264 44 60 45
50 137 11 72 48
50 348 67 87 84
50 203 14 45 38
50 91 82 86 85
50 175 70 90 79
339 220 12 72 13
339 80 44 93 91
339 52 73 95 73
339 199 16 91 70
339 363 54 55 54
153 218 93 98 98
153 199 11 39 31
49 295 79 83 83
49 118 32 40 40
49 21 56 91 86
49 247 66 84 75
295 351 43 96 43
118 222 62 68 66
118 166 46 47 47
118 317 35 61 43
118 124 91 100 91
264 97 63 90 90
264 114 41 49 42
137 12 65 73 69
348 343 73 97 73
348 306 19 58 38
348 69 80 91 89
203 367 33 98 94
203 230 61 90 61
91 172 12 99 93
91 99 92 94 93
51 37 85 88 87
51 93 88 89 88
51 208 66 70 66
93 157 20 43 31
93 10 40 95 81
93 198 26 36 31
250 115 23 47 35
207 310 48 99 97
207 148 74 92 85
304 266 17 47 23
54 250 36 40 36
54 345 71 98 77
54 111 92 94 93
54 274 38 76 72
54 358 53 54 53
54 79 93 97 95
345 325 19 37 21
345 205 22 47 46
111 197 58 99 91
358 64 74 100 94
358 275 35 41 41
79 219 11 43 43
55 225 25 83 83
326 275 74 96 78
58 267 52 91 77
58 10 59 95 63
58 161 85 100 93
58 345 44 88 44
58 200 73 83 77
184 298 86 87 87
184 283 87 91 91
161 200 29 77 32
200 326 78 95 84
200 93 78 81 78
200 221 48 75 70
59 119 85 86 86
59 107 55 91 87
119 344 11 30 25
60 354 30 45 38
60 280 80 84 80
354 204 63 75 69
280 294 54 88 75
280 262 24 62 56
61 7 31 45 41
61 282 55 96 92
61 225 44 86 77
61 293 81 83 82
282 41 29 99 67
282 159 21 95 46
282 82 63 74 67
62 285 93 96 94
62 200 48 99 58
285 3 12 38 20
285 0 60 99 64
63 304 70 83 70
63 282 35 39 36
65 274 21 66 34
65 216 72 96 76
65 291 83 85 85
65 79 66 77 73
291 31 92 95 94
291 352 65 79 73
66 82 30 53 50
66 264 27 31 28
69 202 15 36 33
69 336 26 43 39
69 206 51 72 65
69 357 77 80 78
202 194 11 14 14
202 119 59 63 63
336 144 47 52 50
336 125 82 97 90
336 315 73 99 96
336 215 69 91 69
336 164 89 99 89
70 221 69 74 69
70 14 68 90 85
221 241 84 96 87
221 311 71 93 72
71 260 38 95 50
71 344 50 98 98
260 296 90 92 90
260 318 70 93 92
344 127 11 77 49
344 241 12 82 42
344 23 75 82 79
73 207 51 95 78
73 136 27 76 42
136 270 63 77 68
74 209 19 98 32
74 199 24 34 25
209 319 25 61 41
199 303 21 60 21
199 30 49 96 61
199 329 93 96 96
75 264 36 90 87
75 285 29 34 31
76 102 25 100 27
76 105 89 94 90
76 3 68 92 90
102 84 40 81 80
102 246 57 76 60
102 61 59 83 69
102 191 49 87 57
105 13 48 51 50
105 236 92 95 92
105 64 68 96 73
105 170 52 84 81
77 286 94 99 97
77 352 32 91 88
77 59 51 58 52
77 33 17 78 60
286 213 71 74 74
352 16 79 81 80
352 362 79 86 84
352 290 44 90 61
78 42 54 66 64
219 274 90 100 90
219 216 85 91 85
219 56 33 54 37
80 220 57 75 64
80 130 14 37 19
220 131 28 44 39
130 147 40 100 93
81 264 63 70 67
83 152 11 52 29
83 47 86 94 93
83 313 89 93 89
83 205 22 84 26
83 326 92 95 92
83 303 83 100 96
152 353 61 63 63
152 89 38 44 41
152 149 42 55 53
313 194 42 90 71
205 295 20 66 37
205 255 64 95 80
205 320 68 89 81
303 246 86 89 88
84 210 68 82 75
84 286 36 54 46
84 132 87 99 91
84 80 12 76 61
84 232 69 76 69
232 156 28 68 66
85 55 46 89 87
85 359 74 79 74
85 160 11 23 19
85 106 70 72 72
359 333 94 96 95
359 36 58 94 61
359 261 55 93 74
359 30 21 50 39
359 228 18 51 31
160 169 63 91 67
160 226 46 99 80
160 110 30 71 62
160 276 22 29 26
106 304 30 92 92
106 221 28 30 28
106 55 32 90 38
86 327 20 22 20
87 157 13 14 14
87 349 73 77 77
87 118 42 48 42
88 160 25 95 86
89 281 93 97 95
89 160 85 99 95
90 118 87 100 90
343 113 86 94 93
343 167 17 60 31
366 172 30 53 46
366 184 19 39 25
100 105 28 32 28
100 45 51 79 79
100 89 47 61 56
101 28 47 50 47
246 13 20 36 23
246 251 91 94 92
246 281 34 69 56
298 345 64 70 70
298 160 31 66 57
139 348 72 88 88
139 211 28 67 33
139 67 32 48 44
328 129 54 69 69
328 255 51 90 88
104 329 18 97 18
104 158 14 35 21
104 322 71 82 75
329 138 75 94 80
329 66 76 84 84
329 195 57 99 59
158 11 68 84 70
158 353 36 72 70
158 303 43 48 44
322 221 68 86 69
236 144 33 79 57
236 299 88 92 88
236 346 13 61 24
170 272 53 87 64
178 60 40 42 40
109 290 94 99 94
109 357 61 64 63
109 199 54 73 70
109 112 29 86 61
109 31 75 85 81
109 258 47 87 58
251 275 17 19 19
251 125 78 99 95
197 58 17 31 18
197 110 67 68 68
197 21 20 30 22
113 218 40 42 41
113 168 45 83 69
113 260 75 93 89
218 203 77 98 92
168 343 49 91 63
115 174 50 74 51
115 334 47 76 72
115 252 71 81 72
174 234 43 53 49
174 233 93 97 97
252 12 43 50 48
289 216 72 84 72
222 81 90 94 90
222 126 65 96 70
222 34 47 55 48
222 339 42 54 44
166 232 92 98 92
166 0 34 54 40
166 326 56 76 63
122 259 50 82 60
122 228 72 76 73
228 331 95 96 96
228 150 62 86 78
123 52 86 91 91
123 289 62 80 80
324 340 15 97 91
125 280 86 91 87
125 44 95 99 96
125 190 58 88 85
190 267 53 54 53
128 276 82 98 86
128 263 50 97 78
276 222 43 62 58
276 73 67 81 80
276 25 51 59 55
276 289 27 62 43
193 184 49 97 76
147 363 64 73 73
147 313 86 89 87
131 55 23 69 36
131 42 25 79 64
266 7 15 70 64
266 348 15 46 41
134 354 62 87 79
134 285 51 77 55
135 84 66 72 67
270 354 91 92 92
211 303 40 52 52
211 241 11 85 43
140 343 72 92 74
140 177 23 80 54
177 94 37 55 37
177 103 36 76 49
143 52 73 89 85
144 195 33 77 33
144 333 21 73 31
144 342 29 62 44
195 215 32 80 67
195 204 78 100 91
195 307 90 92 91
195 151 90 98 92
195 352 19 35 30
195 122 59 83 63
333 153 24 68 28
333 59 23 69 45
145 125 60 100 85
145 155 30 57 44
155 194 64 80 70
155 256 29 65 46
363 20 51 85 51
363 209 27 68 35
363 69 46 80 55
148 10 67 99 69
148 195 56 90 66
148 88 34 63 39
149 363 76 78 78
149 161 45 50 48
149 367 50 84 59
150 247 56 85 70
150 95 49 94 83
150 54 85 90 90
150 306 71 75 71
306 103 58 85 85
151 181 42 59 53
151 87 21 38 35
181 293 46 53 46
181 30 15 63 40
181 207 29 95 52
353 365 38 79 78
256 337 15 55 45
256 321 32 91 88
256 0 13 26 23
256 44 77 83 79
169 361 51 57 52
169 310 10 52 12
169 358 40 45 42
169 228 40 91 74
169 7 19 39 29
169 258 29 60 45
169 203 54 77 76
226 114 67 85 69
226 184 27 47 37
226 225 60 81 69
226 186 80 90 82
164 175 27 82 41
165 94 48 68 62
165 251 34 99 66
165 62 17 72 35
167 195 59 73 70
361 184 25 96 56
361 177 45 96 58
361 78 52 93 65
361 114 18 32 25
361 325 94 98 96
310 296 58 68 67
171 182 83 100 86
171 308 53 79 57
171 234 51 53 51
171 41 76 87 78
171 270 77 96 85
182 79 79 80 80
182 321 61 95 95
182 302 90 95 91
182 51 33 75 54
308 355 68 73 69
308 327 18 49 43
308 271 91 92 91
234 80 17 74 42
234 132 81 91 89
234 8 20 100 74
173 250 34 39 38
173 280 75 84 81
173 84 12 72 15
233 340 30 46 43
233 184 35 81 65
319 229 10 23 14
319 231 51 82 78
319 324 20 21 21
180 219 24 43 28
180 119 16 84 83
321 299 10 60 23
321 135 87 92 89
321 251 14 23 19
185 218 86 98 97
185 50 38 72 72
189 69 26 63 38
189 308 49 58 49
189 220 45 47 47
189 97 75 79 79
315 308 41 89 41
315 1 17 58 21
215 52 13 58 54
215 25 12 20 14
215 157 69 82 75
215 227 87 99 93
215 82 80 82 82
204 301 89 96 94
204 156 36 94 83
307 92 11 82 79
307 164 64 100 99
196 118 72 91 88
331 111 54 66 55
331 49 92 95 93
331 15 18 96 30
316 184 22 63 60
316 100 34 50 47
316 187 82 97 91
301 97 93 98 93
301 141 54 76 61
301 203 21 77 22
255 304 66 71 68
255 227 89 90 89
255 26 36 95 95
255 332 39 92 61
320 34 63 66 65
320 128 88 97 88
241 235 54 63 63
241 244 76 88 86
212 232 47 81 60
212 159 48 55 50
365 195 58 100 97
365 218 40 63 52
227 56 59 98 74
227 49 38 52 51
227 159 33 39 39
227 135 77 85 85
217 193 48 71 49
217 269 49 59 56
269 125 46 78 66
311 69 34 81 79
296 352 73 94 79
224 226 54 79 65
224 266 30 33 30
244 320 51 86 58
244 364 66 78 67
244 113 15 35 33
244 88 46 68 60
229 271 43 77 60
229 298 20 31 22
229 317 66 75 66
271 7 14 45 15
271 311 17 72 23
231 29 43 83 60
231 288 59 89 61
231 158 39 85 41
231 313 45 64 58
288 150 49 74 58
288 296 86 99 92
299 331 11 87 26
299 96 21 97 90
299 210 42 87 53
299 265 45 71 68
299 249 89 99 97
299 151 10 67 55
346 178 62 70 67
346 267 12 47 12
346 212 44 88 53
238 8 21 59 42
238 343 19 54 44
238 23 23 29 24
238 75 15 74 58
240 8 51 95 90
279 133 42 63 57
279 182 78 93 83
279 172 13 69 34
279 38 79 83 83
279 156 12 78 49
364 168 62 90 89
364 277 67 72 70
245 75 80 82 82
248 264 13 75 45
275 260 40 65 64
275 156 29 87 40
275 317 18 33 18
275 6 87 92 91
275 27 69 81 75
254 134 23 45 23
254 302 54 87 76
254 14 63 89 81
337 101 65 99 97
318 27 42 82 53
318 199 86 89 88
261 299 41 56 55
262 344 59 87 62
262 116 20 36 32
265 262 16 21 17
356 226 36 64 43
356 251 66 67 67
277 356 45 82 52
294 34 83 88 83
284 58 12 29 15
292 130 43 56 55
351 243 81 86 81
351 92 10 54 48
297 75 86 100 90
355 134 42 100 86
355 270 17 67 29
312 275 56 85 68
312 334 72 83 80
312 250 32 59 43
314 204 65 67 66
314 294 72 91 81
335 78 39 94 93
335 221 81 86 85
341 185 93 98 98
341 201 93 94 94
347 104 68 81 75
347 331 56 65 62
350 263 14 57 43
350 338 83 84 83
0 367
