334 714
0 333 10 20 16
0 227 19 72 46
0 54 17 84 77
0 168 89 94 93
333 134 94 99 96
333 262 27 99 31
333 273 75 88 82
227 261 44 71 45
227 79 73 86 85
54 6 14 84 77
54 182 68 99 70
54 328 23 25 23
168 219 89 98 94
168 199 61 73 68
168 127 28 84 73
2 105 69 74 70
2 28 17 62 24
2 229 32 35 35
2 237 71 80 78
2 313 55 100 65
28 282 43 72 69
229 98 64 66 64
229 42 19 80 62
229 292 74 77 75
229 210 22 59 50
229 324 20 90 54
237 2 44 84 48
313 194 60 83 60
313 75 42 80 79
3 274 49 90 55
3 105 76 87 79
274 234 52 69 59
274 42 21 95 30
4 252 84 100 90
4 219 47 83 76
4 210 15 62 48
252 98 73 97 87
252 253 53 66 57
219 112 11 57 53
219 320 60 80 64
5 47 74 91 74
5 36 32 74 45
47 185 69 80 80
47 144 88 97 92
47 141 36 77 77
36 188 37 93 60
36 28 31 69 56
8 135 74 96 81
135 88 39 59 46
135 197 80 92 81
9 281 43 97 65
9 138 76 97 83
281 232 26 34 29
281 59 54 66 59
281 66 28 87 69
281 256 67 78 68
10 242 54 100 58
10 327 89 94 92
10 156 55 94 72
242 63 41 63 52
242 245 49 97 52
327 114 65 96 68
327 116 32 84 60
156 170 33 43 38
156 134 93 100 95
11 306 90 99 92
306 43 22 40 32
12 6 76 91 84
12 83 67 84 67
83 79 46 59 58
13 331 38 66 52
13 78 59 71 70
13 27 23 61 42
13 35 72 79 74
13 176 53 59 57
331 28 44 100 79
331 24 65 94 73
331 90 70 87 79
331 11 60 79 77
78 212 45 75 72
78 70 84 94 85
27 298 29 89 80
176 226 80 95 82
176 140 34 92 40
176 98 92 97 95
14 148 68 81 76
148 194 63 67 64
16 157 24 27 27
157 197 87 92 90
157 65 82 83 83
157 301 73 92 82
157 304 29 33 31
157 154 69 78 75
157 173 15 65 45
17 187 45 87 70
17 46 77 81 81
17 263 31 58 46
187 289 45 94 65
187 209 85 98 88
187 128 53 73 60
187 166 53 89 67
46 237 32 99 50
46 269 52 83 65
263 50 26 68 53
263 189 27 44 36
263 330 20 33 20
18 251 15 75 41
251 214 34 51 49
19 257 62 87 65
19 186 37 89 44
19 236 64 71 67
257 253 84 100 86
186 227 36 74 47
186 189 63 94 82
186 16 89 95 91
186 218 41 71 42
186 63 94 100 94
186 333 74 93 91
236 61 72 86 79
20 14 75 89 77
20 223 53 71 65
223 308 35 68 54
21 293 64 81 69
21 82 71 86 84
293 292 44 89 76
293 172 36 48 41
293 37 61 75 61
82 27 29 37 35
23 51 82 83 82
23 274 47 89 66
51 176 33 46 45
25 70 20 53 43
25 84 55 81 79
25 237 89 93 91
70 100 69 73 70
70 26 17 56 24
70 20 45 74 54
84 83 58 70 60
26 157 90 98 93
26 228 10 99 95
228 284 63 64 64
298 71 73 86 81
298 322 26 42 37
298 269 95 100 95
282 163 69 83 77
29 332 62 90 89
29 232 36 85 79
29 15 40 62 43
332 305 39 55 42
232 29 34 79 69
232 327 92 97 92
30 224 34 48 44
30 317 73 88 74
224 232 79 83 79
224 122 35 83 74
224 134 40 61 42
224 138 74 82 78
31 282 60 86 70
31 1 73 76 76
32 233 23 99 51
32 189 71 73 73
32 77 26 76 61
233 274 85 100 87
233 290 47 75 70
189 110 27 32 30
189 219 32 61 53
77 102 85 100 87
77 42 42 63 62
77 253 59 72 72
33 170 26 56 39
33 210 94 100 97
33 247 70 71 71
170 88 45 98 55
170 279 32 49 46
247 167 45 80 62
247 2 50 92 91
34 63 94 97 96
34 139 61 84 63
63 108 64 98 66
63 16 47 85 59
63 54 95 97 96
63 266 74 88 85
139 28 10 58 32
139 295 73 96 95
188 316 54 64 56
188 75 77 89 88
188 249 67 80 76
37 189 74 80 79
37 134 87 93 92
37 229 39 98 93
134 159 70 77 73
134 94 40 95 73
38 30 90 93 90
39 213 82 93 84
40 299 92 95 92
299 302 79 86 79
299 38 57 94 86
41 117 63 88 84
41 240 34 65 50
41 257 30 76 62
41 325 15 77 19
117 31 60 81 68
117 201 83 100 96
117 284 29 76 58
240 28 57 77 64
240 209 89 99 97
240 134 92 97 95
240 227 82 85 83
240 21 56 96 68
240 196 35 88 48
325 223 21 99 95
325 290 18 78 41
325 14 14 83 54
42 43 31 84 64
43 227 77 94 82
43 221 14 91 31
221 256 82 99 85
221 80 39 91 48
221 111 24 97 28
44 209 31 97 41
44 114 67 92 69
44 277 88 91 91
209 53 50 94 59
114 108 67 95 84
114 59 18 86 79
114 32 40 43 40
277 225 81 90 87
277 223 81 97 91
277 287 64 94 86
277 141 35 43 37
277 296 19 68 28
45 220 72 83 77
45 28 52 56 55
220 95 70 83 70
220 20 86 87 86
220 79 79 84 82
269 131 69 95 94
269 287 77 95 94
185 103 50 71 67
185 148 12 48 16
185 286 75 94 79
144 321 42 77 49
144 160 76 94 92
141 75 87 88 87
48 264 38 63 54
48 1 31 47 43
264 54 86 95 87
264 77 88 97 89
49 313 94 95 95
49 83 42 69 49
49 282 30 59 38
52 198 85 88 87
52 80 43 65 43
198 116 53 63 61
80 275 64 70 68
80 238 36 53 36
80 164 79 90 84
53 9 55 57 55
53 137 30 100 57
53 187 29 37 37
137 83 86 93 93
137 39 53 73 58
137 199 90 94 93
182 65 62 65 64
182 58 35 41 41
182 218 66 96 96
182 151 17 98 84
55 208 22 74 52
55 281 12 26 19
208 188 49 63 56
208 243 61 96 89
57 290 88 91 90
57 229 34 63 54
57 51 26 34 32
290 83 21 72 33
59 187 91 96 93
59 88 66 88 81
59 228 11 28 25
59 105 88 90 88
88 69 90 94 92
60 78 58 96 93
60 131 72 100 79
131 144 78 91 78
131 16 50 91 79
61 187 46 57 54
62 194 80 90 80
62 170 70 71 71
194 308 78 81 79
194 321 30 99 39
194 4 34 53 38
194 64 74 77 75
266 293 83 92 88
266 301 78 87 82
266 92 91 92 91
64 93 36 48 37
64 156 21 25 21
64 212 82 94 90
93 286 77 87 79
93 282 65 69 66
212 235 24 82 76
66 9 41 100 46
66 62 55 73 68
66 109 91 93 93
109 118 93 94 93
67 16 35 89 48
67 51 42 71 44
67 37 59 79 75
67 100 81 94 83
100 204 34 96 65
100 255 67 77 68
100 48 59 66 65
68 214 29 85 31
68 27 46 87 73
71 85 57 98 60
71 159 17 87 53
71 112 75 80 79
71 295 93 100 94
85 271 67 68 67
85 161 50 91 83
85 290 80 91 87
85 206 87 97 90
159 251 54 68 62
112 62 48 97 69
112 64 61 96 96
295 190 56 91 71
295 113 79 85 79
72 237 80 86 81
72 272 92 96 92
73 247 84 86 85
74 195 24 61 53
74 328 39 54 47
195 327 30 65 64
195 287 42 50 43
75 245 76 82 82
75 267 67 91 80
75 303 27 61 49
267 7 11 85 55
267 36 11 64 12
267 242 73 96 82
303 71 49 77 77
76 130 58 65 59
130 110 64 95 95
130 62 95 98 95
253 155 24 56 34
253 40 15 41 28
253 75 66 93 75
79 290 45 92 85
79 41 82 93 92
79 140 82 100 88
140 295 82 91 90
140 156 86 97 93
140 281 12 44 24
164 99 81 97 83
81 256 19 76 55
81 241 89 99 98
81 197 24 42 36
81 92 59 74 73
256 224 25 56 39
256 241 81 93 83
241 21 86 97 93
241 0 91 99 97
241 208 39 99 63
241 188 48 72 66
197 7 74 99 75
197 81 47 86 52
197 42 21 70 59
197 102 54 89 77
92 199 36 51 50
271 161 76 94 91
271 166 72 81 77
271 292 38 53 52
271 145 54 67 61
271 256 25 42 40
271 102 83 97 89
161 68 53 61 55
161 81 89 96 90
161 153 67 92 70
161 280 61 82 75
206 196 44 66 53
90 143 68 76 76
143 166 34 66 53
91 43 89 98 98
199 153 52 68 58
199 57 61 71 63
199 49 65 71 65
199 108 78 100 84
286 249 23 50 48
286 241 18 52 24
286 116 85 93 89
94 254 73 92 74
254 279 94 97 95
95 138 58 71 61
96 83 58 59 59
96 48 89 93 90
97 109 55 92 69
97 48 49 99 90
97 140 65 91 73
97 104 54 55 54
97 251 21 51 24
104 89 21 42 23
104 171 54 81 61
104 0 57 74 69
98 273 86 100 94
98 309 91 99 97
98 170 70 76 72
98 175 64 85 67
273 85 75 86 78
309 176 53 97 62
309 28 35 41 41
309 74 21 74 33
175 148 54 85 56
175 42 17 60 47
99 214 14 34 17
99 63 79 93 82
99 233 73 89 74
99 143 84 93 93
204 188 38 95 71
103 285 81 89 87
103 308 42 82 42
285 300 42 44 43
285 298 68 74 69
285 4 31 79 61
308 0 77 98 92
308 137 45 53 46
308 169 62 88 63
308 68 59 66 63
308 33 32 91 79
171 210 88 96 90
171 191 30 84 42
106 245 33 91 74
106 181 70 73 71
106 201 41 62 62
181 221 45 97 76
181 110 10 30 27
181 318 57 65 64
181 288 95 97 95
201 283 83 100 91
107 78 77 81 79
107 19 36 40 36
118 124 31 97 77
118 5 70 83 72
110 74 25 100 25
110 286 26 28 26
110 166 25 41 40
166 327 70 91 91
111 121 37 44 44
111 180 20 86 70
121 212 77 92 85
121 128 58 85 62
121 262 25 91 64
180 152 69 92 70
113 162 66 73 72
113 268 72 93 77
113 195 85 98 96
162 77 43 92 75
162 237 47 90 74
268 117 93 98 97
268 122 29 83 34
268 14 52 83 59
268 308 40 79 50
115 302 62 65 63
115 218 20 69 39
115 299 53 56 54
115 105 49 50 50
302 110 55 70 59
302 245 12 68 60
218 262 23 74 55
284 194 60 86 67
284 134 42 93 81
124 65 55 68 62
124 271 53 81 60
119 45 37 51 43
119 136 86 98 88
119 183 91 92 91
136 153 31 69 66
183 275 88 98 91
183 323 34 87 62
120 182 63 96 84
120 35 20 98 89
120 251 70 73 70
120 307 93 96 93
120 302 28 35 28
128 75 56 70 58
128 42 28 51 37
128 314 72 98 86
262 88 89 92 89
262 22 56 88 61
122 121 22 79 52
122 41 34 64 57
123 272 80 97 81
123 286 85 87 86
125 205 80 91 88
125 94 50 97 59
125 191 32 61 58
125 312 83 89 85
205 22 17 33 25
205 307 79 96 80
191 18 78 99 84
191 82 29 90 74
312 94 57 72 68
312 9 69 86 73
126 199 17 43 30
126 60 89 94 91
127 291 31 77 34
127 44 12 69 18
127 178 88 92 90
127 330 25 88 30
291 3 59 63 61
291 143 17 81 50
178 286 14 61 57
178 128 28 38 38
178 239 52 62 58
330 288 35 69 52
330 294 50 91 86
330 182 57 67 67
330 81 42 68 55
314 27 80 87 87
314 8 73 90 73
314 272 95 99 99
132 19 25 37 27
133 43 39 42 41
133 37 72 98 80
153 51 29 80 47
153 275 13 71 57
142 136 12 76 21
160 43 42 57 49
160 68 47 48 47
160 118 21 67 47
145 292 87 91 90
145 206 58 64 63
145 142 20 78 75
145 301 43 50 47
292 21 93 99 93
292 306 91 94 93
292 72 15 26 23
292 281 90 91 91
301 188 84 85 85
301 25 34 42 37
301 115 10 58 13
146 89 87 96 90
146 47 86 96 95
149 99 77 87 82
150 112 45 95 79
151 33 77 96 87
151 157 26 70 40
151 191 71 73 72
152 120 27 78 78
152 262 28 87 69
152 38 60 70 65
154 148 35 70 41
154 179 64 69 65
179 282 47 50 48
179 103 31 68 36
179 248 54 69 65
179 104 86 94 92
155 226 26 40 39
155 270 70 76 72
155 136 75 89 82
226 198 27 67 52
226 271 10 56 16
226 8 58 82 58
270 84 38 85 42
270 104 90 100 90
304 152 11 37 33
173 140 40 75 72
158 154 80 97 95
158 50 76 92 87
158 223 43 68 50
158 265 10 12 10
158 193 48 80 56
265 59 44 83 67
265 161 14 82 71
193 101 14 59 31
193 94 67 85 80
280 181 42 50 49
163 25 77 96 95
163 41 47 58 56
163 99 83 95 93
165 264 67 82 74
165 84 71 100 80
167 18 22 68 50
279 236 67 99 80
279 135 46 48 47
172 252 39 95 61
172 282 31 93 31
172 83 25 67 65
174 208 31 65 59
174 207 49 94 60
207 74 81 99 97
207 156 53 59 58
207 132 60 69 62
207 87 39 89 47
207 21 59 80 79
207 56 75 87 85
177 191 40 53 42
177 120 89 94 94
239 94 20 46 30
239 261 56 73 65
318 71 42 79 47
318 107 45 47 46
318 332 84 100 98
288 279 46 87 62
323 135 58 76 69
323 167 95 98 95
323 156 13 52 17
323 203 80 81 80
184 200 72 89 89
184 224 75 77 75
200 46 31 57 54
200 107 16 82 77
200 215 32 64 41
289 95 57 97 62
289 276 78 80 79
249 72 28 68 62
249 236 71 96 75
190 255 46 95 81
190 159 88 91 90
192 290 35 60 54
287 78 36 85 41
287 26 17 43 17
287 261 92 98 94
287 16 23 64 56
287 61 53 98 65
196 13 84 99 90
283 18 73 75 73
202 327 55 90 58
202 206 44 71 68
202 254 47 58 55
203 134 56 76 72
203 168 86 92 90
243 90 39 89 41
243 32 61 82 73
211 266 95 99 98
235 263 83 97 87
216 287 75 87 78
216 45 44 81 53
217 162 31 34 31
217 328 13 82 26
217 26 69 80 79
320 297 21 63 27
320 38 53 56 56
320 89 68 96 69
320 60 51 67 57
320 69 33 76 70
222 158 91 96 91
222 20 95 97 95
222 204 62 80 63
222 174 72 84 82
225 326 46 75 58
225 24 25 47 39
326 83 39 64 40
326 194 62 66 63
326 278 33 52 50
326 85 56 62 56
324 60 91 98 95
324 41 42 94 66
230 263 90 97 92
230 90 46 64 59
231 82 63 70 70
231 264 36 64 56
234 284 71 94 74
234 329 23 67 29
234 49 75 78 75
329 116 78 87 83
329 312 94 97 97
244 176 53 85 66
244 118 17 93 38
244 312 57 58 57
246 40 36 42 36
246 250 77 92 87
246 251 70 78 71
246 24 37 84 64
250 8 22 33 33
258 157 54 73 69
258 58 63 100 97
259 159 65 68 65
259 224 28 36 33
259 258 35 62 58
259 113 65 96 75
259 119 37 44 40
260 279 12 45 30
276 320 63 96 85
276 193 51 78 70
276 133 84 97 91
296 237 53 77 71
296 171 84 96 92
296 13 11 81 12
296 321 52 58 55
278 130 93 98 93
278 311 78 96 81
311 263 44 84 61
311 84 54 92 69
311 203 30 69 49
311 217 54 64 64
300 98 40 69 51
300 269 54 55 54
294 168 54 95 67
294 262 95 99 96
297 271 26 32 30
297 212 13 18 16
322 235 39 78 49
322 183 38 78 40
322 187 52 80 63
322 127 49 67 55
305 242 81 91 84
305 261 59 74 74
305 81 19 98 89
310 311 39 84 52
310 165 58 61 60
310 308 88 94 91
319 188 39 40 39
319 268 43 58 45
319 299 45 71 54
319 54 53 93 55
0 333
