927 3401
0 676 60 61 60
0 2 65 93 72
0 200 34 48 41
676 714 33 42 34
676 355 45 90 67
676 605 40 46 45
676 427 61 68 62
676 133 84 96 89
2 707 32 64 63
2 452 25 68 45
2 795 74 87 74
2 132 63 81 73
2 265 59 77 62
2 900 48 95 86
200 568 21 61 37
200 792 95 100 98
200 235 76 87 81
200 842 85 93 86
1 146 59 85 69
1 6 10 13 12
1 357 76 85 78
1 537 40 100 51
146 903 88 98 88
146 703 61 89 72
146 247 31 87 38
146 830 71 86 78
146 369 64 78 75
146 407 40 71 42
6 262 77 88 78
6 916 66 90 73
357 545 57 97 63
357 713 61 92 84
357 45 76 91 78
357 75 46 79 69
357 382 14 57 18
357 767 13 85 74
357 193 95 96 96
537 380 89 99 92
537 1 42 84 65
537 213 78 92 91
537 809 79 94 91
537 148 36 54 45
537 19 18 63 42
537 78 19 49 34
707 638 14 38 19
707 863 47 69 47
707 345 51 63 51
707 272 84 87 86
452 353 67 82 78
795 728 38 81 41
795 743 33 48 38
795 310 62 75 63
795 693 17 86 33
795 416 36 97 77
795 513 92 100 92
132 200 94 100 100
132 324 20 34 31
132 40 26 50 26
132 817 63 79 68
132 129 10 78 40
265 409 92 97 94
265 882 11 76 44
265 766 14 81 43
265 288 90 98 94
265 641 19 69 65
265 302 63 90 73
265 49 50 64 58
900 829 23 97 65
3 922 40 69 53
3 1 43 65 56
922 259 91 97 96
4 484 69 76 76
4 411 29 71 67
4 778 94 95 95
4 21 69 72 70
484 646 29 57 48
484 715 83 97 83
484 279 95 99 96
484 369 18 91 50
411 23 13 48 31
411 528 78 91 88
778 422 86 92 89
778 405 51 64 58
778 119 50 52 51
778 548 24 46 45
778 827 42 81 80
21 448 53 57 53
5 37 37 74 41
5 713 95 99 99
5 457 14 29 14
37 344 42 69 53
37 533 76 88 88
37 595 85 91 90
713 343 83 92 85
713 607 38 57 42
713 135 26 40 32
713 664 73 93 82
713 758 76 84 80
713 433 33 60 41
713 826 58 95 84
457 745 86 91 91
457 135 33 63 56
457 756 67 96 81
457 882 31 46 35
457 834 56 77 59
262 382 70 95 78
262 255 57 66 63
262 851 93 99 97
916 444 77 84 79
916 265 29 44 36
916 723 88 98 95
916 475 64 85 81
916 533 54 99 85
916 499 88 91 91
916 199 39 73 46
916 263 91 95 95
7 10 91 100 97
10 187 39 59 56
10 26 43 87 78
10 730 57 77 64
8 564 67 82 70
8 500 24 96 44
564 611 40 72 48
500 8 23 96 32
500 891 42 50 45
9 149 34 55 55
9 633 71 74 74
9 846 85 98 97
9 841 75 87 78
9 543 24 46 39
149 548 64 98 67
149 333 90 97 92
149 540 68 76 71
149 38 42 63 59
149 113 30 78 36
633 671 25 100 72
633 834 46 73 65
633 347 48 51 49
633 866 76 87 83
846 252 85 91 88
846 310 28 46 34
846 446 38 91 85
846 719 27 94 36
846 469 18 34 22
846 5 12 96 12
841 456 12 35 35
841 536 22 76 58
841 354 67 88 79
841 153 53 60 53
841 600 74 89 85
543 283 87 89 88
543 838 92 93 92
543 348 52 63 63
543 202 51 85 58
543 322 45 92 46
543 33 77 91 88
543 806 50 56 53
187 168 74 77 77
26 229 86 90 87
26 638 57 73 60
730 447 41 69 51
730 772 19 39 39
11 650 55 63 56
11 608 27 47 38
11 766 73 77 75
650 12 51 92 59
650 725 43 69 49
650 686 92 100 93
650 771 67 73 70
650 13 23 35 28
650 794 28 63 30
650 316 10 69 69
608 351 86 92 91
608 658 85 91 89
608 44 18 66 50
608 451 65 90 70
608 340 61 99 80
608 275 18 34 32
766 360 25 41 26
766 510 45 61 60
766 471 67 97 96
766 558 71 82 72
766 549 51 70 64
12 525 14 46 29
12 83 12 75 52
525 520 65 93 84
525 143 28 84 57
525 924 74 77 74
525 194 28 69 29
83 417 88 96 93
83 572 56 81 67
83 102 16 19 18
13 791 69 93 80
791 876 83 88 88
791 80 35 38 38
791 140 52 78 56
791 524 80 86 86
791 907 64 80 66
14 531 63 76 71
14 791 58 94 86
14 323 77 84 82
14 421 81 95 92
14 169 57 90 59
14 705 61 77 61
531 555 91 100 91
531 743 56 82 81
323 895 14 29 24
323 650 13 70 29
421 596 85 88 85
169 921 40 50 46
169 196 28 59 29
169 855 57 92 57
169 370 74 94 94
705 873 81 84 82
705 813 18 85 28
705 536 37 100 50
705 367 76 100 95
705 161 86 99 97
15 733 11 59 17
15 122 72 81 73
15 742 54 66 54
15 923 82 88 88
15 384 54 91 78
15 795 17 36 17
733 411 86 88 88
733 506 86 96 90
733 489 15 84 61
733 122 92 93 93
733 234 67 73 70
122 635 13 60 35
122 747 95 99 99
742 589 45 100 45
923 411 55 94 69
923 550 68 87 76
923 473 26 27 27
923 435 78 92 81
923 613 75 83 75
384 408 65 97 70
384 150 78 90 84
384 16 22 49 26
384 333 10 76 62
16 924 39 43 41
16 917 61 80 74
16 614 78 84 80
16 145 68 72 68
16 131 19 58 31
917 552 68 71 70
917 66 90 96 95
917 327 23 33 27
917 137 79 95 81
917 716 27 31 31
614 579 71 99 87
614 833 15 37 16
614 594 66 88 75
614 430 49 61 56
145 26 77 88 77
131 426 88 91 88
131 545 36 69 46
131 815 75 94 76
17 571 66 83 76
17 905 10 83 59
17 580 85 89 85
17 826 79 97 89
17 175 85 96 87
17 304 95 99 99
17 429 11 39 38
571 705 71 79 79
571 437 82 97 88
571 288 52 100 65
571 171 32 86 80
571 882 10 68 64
571 778 70 80 70
905 316 93 94 93
905 374 18 63 31
580 10 23 88 70
580 157 81 96 94
580 673 34 78 50
580 339 48 92 72
826 920 68 81 75
826 174 23 87 33
826 156 20 95 68
826 279 72 90 85
826 326 69 79 70
826 867 92 95 92
826 492 33 72 40
175 202 24 32 28
175 16 90 95 90
175 169 45 59 58
175 924 65 99 91
304 274 81 87 86
304 717 55 64 57
429 880 81 91 90
429 758 33 76 71
18 456 19 100 100
18 165 31 40 38
18 743 82 85 83
456 643 33 96 90
456 114 41 93 70
456 329 35 83 47
456 138 89 93 93
456 487 24 96 70
165 399 78 86 80
165 782 36 67 43
165 71 68 73 73
743 739 16 40 27
743 108 67 95 89
743 138 19 98 90
743 206 62 95 65
19 473 54 65 54
19 630 32 61 36
19 857 86 88 86
19 695 73 84 78
473 70 56 73 56
473 710 58 68 66
473 156 41 74 62
630 593 31 82 58
630 664 54 66 60
630 292 21 40 25
630 790 90 98 92
630 863 76 87 76
857 182 24 62 52
857 332 85 96 89
857 900 88 94 90
857 260 74 89 80
857 553 53 62 56
857 204 71 99 92
857 449 65 69 68
857 709 41 66 41
695 379 43 53 52
695 301 69 84 70
695 743 29 72 49
20 705 76 90 86
20 668 56 98 63
668 641 35 82 71
668 113 24 65 63
668 141 72 96 81
448 895 21 72 51
448 404 63 85 71
448 115 64 82 72
448 873 49 63 50
448 415 46 67 60
22 798 42 48 44
798 403 93 95 94
798 287 80 81 81
798 443 25 29 28
798 83 89 96 96
23 514 30 75 61
23 345 89 97 89
23 497 43 75 72
23 609 61 79 62
514 571 56 84 57
514 820 35 52 40
514 7 88 98 94
345 170 26 94 51
345 346 11 70 14
345 297 77 100 98
497 657 40 47 44
497 847 34 80 52
497 551 36 68 37
609 395 90 100 98
609 633 36 38 38
609 58 35 72 59
24 31 92 95 93
24 139 14 60 53
24 452 44 94 50
24 389 78 82 81
24 824 15 84 36
24 516 55 67 56
24 117 11 35 25
24 270 18 75 61
31 30 87 93 92
31 512 13 42 20
31 775 54 99 79
31 450 40 41 41
139 265 25 52 30
139 506 63 95 66
139 51 57 62 60
139 602 41 70 59
389 162 37 71 55
389 671 20 62 43
824 177 86 89 88
824 308 16 68 42
824 64 11 54 18
824 501 59 83 78
516 701 84 85 84
516 558 11 30 27
117 482 45 90 45
117 494 53 60 57
117 495 18 90 22
270 728 76 95 85
25 558 55 88 84
558 4 26 42 38
558 747 73 74 73
558 625 58 76 70
558 245 71 99 99
558 229 38 88 41
558 609 12 99 88
558 57 76 89 89
558 384 41 80 60
558 516 39 50 40
558 805 22 43 31
229 356 88 93 88
229 819 95 98 96
229 421 69 70 69
638 25 93 99 99
27 591 52 66 63
27 410 77 78 78
27 752 47 71 64
591 835 11 90 23
591 368 38 88 60
591 779 19 42 30
591 864 36 67 52
591 533 10 43 14
410 917 86 94 94
410 94 54 87 64
410 244 28 84 39
752 467 26 97 80
752 236 75 82 77
28 448 77 96 78
29 111 87 90 89
29 80 84 90 88
29 671 54 74 56
111 252 72 81 81
111 479 19 71 20
111 655 23 66 57
111 248 75 99 82
111 925 63 85 69
111 665 23 29 27
671 584 63 77 68
671 488 42 53 42
30 328 74 97 95
30 571 16 83 58
30 381 56 60 60
328 179 80 91 82
328 590 92 94 92
328 605 51 59 52
328 614 34 67 40
381 52 60 98 63
512 33 48 83 52
512 428 78 96 82
512 346 61 93 78
512 546 58 96 90
775 591 27 76 59
775 349 42 43 43
450 223 20 27 22
450 447 81 89 85
450 186 48 96 76
450 365 31 68 33
450 477 25 64 49
450 464 34 78 72
32 561 64 66 66
32 699 71 92 83
32 448 91 93 91
561 570 95 97 96
561 808 32 49 36
561 376 68 77 74
561 867 95 98 95
561 327 58 91 80
699 222 82 100 88
699 413 74 97 95
699 359 33 45 36
699 495 13 25 21
699 147 49 78 58
699 553 77 93 81
699 822 36 83 53
33 2 67 72 72
33 458 86 88 86
34 257 68 87 80
34 727 81 83 82
34 425 26 76 54
34 245 21 38 21
34 611 56 69 61
257 600 82 93 87
257 359 84 97 94
257 192 52 89 76
257 864 43 77 74
257 216 55 79 70
727 545 91 98 98
727 634 26 74 57
727 379 38 72 48
727 889 12 90 72
425 918 91 92 91
425 22 19 99 71
425 662 23 92 39
425 621 23 68 23
425 882 64 86 79
425 665 10 44 15
425 114 50 86 52
245 463 75 87 76
611 166 62 99 78
611 356 94 100 94
611 305 40 59 56
611 262 88 91 91
611 816 16 66 56
611 343 31 59 55
611 12 93 99 93
35 164 60 81 72
35 873 60 67 61
164 734 32 43 34
164 142 81 95 82
164 898 42 54 45
164 663 27 51 49
873 672 61 82 77
873 530 66 94 87
873 589 79 99 92
36 510 24 56 49
36 892 54 80 77
510 448 46 70 61
510 12 23 78 34
892 522 29 86 46
892 153 44 47 44
892 350 85 92 85
344 874 80 87 80
344 394 59 60 59
344 778 82 85 85
344 790 33 70 64
344 235 13 32 19
344 342 23 50 23
533 898 57 98 66
533 214 63 75 66
533 512 39 48 47
595 604 77 79 79
595 229 78 94 86
595 742 21 23 21
595 452 84 95 93
38 289 88 95 88
38 891 17 21 21
38 695 39 70 70
289 913 58 74 64
289 823 74 96 82
289 316 65 93 85
289 173 31 85 78
289 246 31 77 37
289 909 53 65 53
891 95 31 54 38
891 667 46 84 64
891 270 83 87 83
891 334 39 73 55
891 79 18 100 37
39 788 64 67 64
39 181 60 61 60
788 338 51 66 58
788 118 33 39 39
788 364 32 42 41
788 800 25 26 26
788 64 66 78 68
788 372 57 63 61
788 89 45 62 58
181 197 21 53 44
181 917 60 88 66
181 803 92 99 96
181 698 89 91 91
181 19 92 97 96
40 794 83 87 83
40 100 41 68 50
40 851 49 97 93
794 525 22 45 27
794 762 85 86 86
794 596 39 78 50
794 692 72 79 78
100 729 19 47 21
100 596 37 74 43
100 181 48 76 62
100 598 17 46 42
851 694 53 97 64
851 501 93 95 95
41 423 16 57 27
41 562 45 62 52
41 557 45 99 81
41 55 93 96 95
41 540 35 53 45
41 269 11 94 42
423 768 89 92 90
423 856 57 71 59
562 786 44 81 70
562 219 76 89 87
562 799 84 87 86
562 704 50 71 60
557 726 20 55 50
557 691 11 99 29
557 454 53 82 60
557 183 11 31 22
557 777 81 90 83
55 442 56 79 61
540 392 28 41 32
540 316 22 34 29
540 368 52 77 57
540 164 76 90 77
540 301 45 79 49
540 820 73 87 76
540 204 56 89 65
269 791 50 69 62
269 817 77 88 79
269 594 53 70 56
269 780 68 98 83
42 178 24 96 61
178 508 95 96 95
178 808 87 88 87
178 684 49 68 50
178 536 92 94 94
178 649 54 80 63
43 310 15 41 32
43 5 20 42 33
310 394 13 33 16
310 771 70 98 93
44 628 71 83 83
44 71 63 99 71
44 775 66 82 76
44 179 61 86 70
44 387 11 13 12
44 507 37 61 56
44 79 77 98 91
628 802 72 82 79
628 924 21 31 25
71 881 78 84 78
71 340 51 62 57
71 384 55 66 57
71 556 46 92 48
71 46 31 54 43
71 882 45 58 56
71 484 39 56 39
71 315 40 79 64
179 392 63 89 64
179 632 55 59 58
179 263 23 72 71
179 554 77 82 80
179 727 63 86 72
179 804 69 74 70
179 855 51 52 51
387 603 49 89 56
387 721 59 71 69
387 134 84 91 87
387 866 25 91 25
387 59 70 90 87
387 45 81 89 85
507 694 21 95 26
507 499 77 87 85
507 195 82 94 86
79 398 87 88 88
79 37 76 77 77
79 878 61 68 64
45 764 18 30 21
45 818 56 80 62
45 39 28 51 50
45 660 86 87 87
45 555 75 77 75
764 184 32 57 50
764 835 54 77 65
764 139 38 74 51
764 575 75 92 78
764 35 25 34 33
764 581 13 100 65
764 605 15 52 32
764 610 33 88 88
818 724 53 77 63
818 680 37 79 53
818 895 73 90 76
660 502 41 78 71
660 832 26 47 32
555 853 31 98 81
555 348 68 94 89
555 418 16 19 19
555 289 67 87 76
46 392 51 52 51
46 228 83 90 84
46 318 75 99 84
46 714 47 78 68
392 346 81 100 90
392 74 89 99 94
392 338 54 92 81
392 264 86 95 88
392 210 34 99 47
228 333 56 93 86
228 177 77 90 77
228 64 84 98 88
228 145 63 83 80
318 734 92 95 93
318 684 34 95 91
714 17 21 24 23
714 829 52 89 62
714 390 68 94 87
714 136 73 100 81
714 377 72 81 73
714 900 24 75 37
47 138 89 95 93
47 739 84 96 91
47 27 55 95 76
47 77 83 92 92
47 605 83 99 87
47 157 53 62 60
47 884 93 99 96
138 565 55 87 80
739 500 28 72 50
739 11 26 75 71
739 482 21 83 56
739 372 32 81 79
739 95 24 30 26
739 902 32 82 62
77 87 14 75 14
77 789 88 100 96
77 491 25 91 69
77 843 17 80 56
77 688 83 96 86
605 139 53 97 87
605 204 62 81 77
605 807 24 29 28
157 577 45 53 52
157 188 17 61 50
157 682 73 91 85
157 471 46 70 56
884 487 43 65 47
884 900 91 96 95
884 528 46 78 65
884 98 17 76 53
884 188 14 60 20
48 802 71 99 80
802 395 72 91 90
802 496 78 95 89
802 749 92 97 92
802 878 16 54 48
802 755 70 76 71
49 558 62 69 64
49 668 65 96 79
49 183 92 94 93
49 21 91 92 91
49 662 78 85 78
49 603 73 90 75
183 77 14 32 29
183 23 53 58 55
183 852 56 92 90
183 57 60 74 60
183 158 78 80 78
183 82 32 45 40
662 515 37 45 38
662 266 71 85 71
662 0 20 30 25
662 604 74 100 92
662 562 84 97 94
603 484 44 72 72
603 874 76 94 86
50 539 39 49 45
50 861 81 94 93
50 154 31 91 43
50 227 29 58 31
50 653 66 71 67
50 344 85 98 91
539 716 40 93 74
539 919 77 90 82
539 179 62 91 80
539 46 20 80 67
539 729 25 72 62
861 144 23 35 23
861 293 63 69 63
861 710 33 55 40
861 743 35 86 63
154 596 76 86 82
154 431 50 73 54
154 246 61 96 77
227 534 51 97 79
227 105 10 61 14
227 888 58 59 59
653 883 56 78 78
51 294 68 81 74
51 453 19 99 82
294 22 65 89 87
294 239 11 35 35
294 821 46 66 65
294 675 66 78 68
453 385 60 88 73
453 376 74 89 88
453 78 67 81 79
52 227 67 83 81
53 589 85 89 88
53 145 78 83 79
53 51 20 24 20
53 39 26 29 29
589 225 23 39 25
54 62 66 69 67
54 233 58 99 66
54 331 41 43 41
54 612 84 95 86
54 488 92 97 94
54 776 72 87 81
54 794 52 87 65
54 868 13 16 14
62 137 39 70 51
62 608 64 70 67
62 182 67 83 79
62 389 40 58 40
62 764 54 55 54
233 375 23 82 36
233 600 56 98 72
233 67 38 43 39
233 463 93 95 94
233 253 82 92 87
233 285 28 62 53
331 282 40 95 65
331 217 76 87 78
612 527 61 68 64
612 684 63 79 76
612 379 12 84 16
488 844 62 75 63
488 676 35 73 69
488 835 85 87 85
488 842 29 82 47
488 785 95 96 96
488 147 12 35 20
776 640 77 83 78
868 229 87 98 95
868 806 28 73 63
868 23 41 84 74
868 71 57 80 77
868 875 40 67 50
868 769 45 60 47
868 538 84 92 89
442 417 54 55 54
442 166 68 77 72
442 171 31 53 42
442 699 81 82 82
442 859 38 65 43
56 669 30 76 61
56 913 47 76 59
56 482 79 89 89
56 70 37 64 48
669 488 77 80 77
669 778 36 39 37
913 747 78 82 80
913 515 54 85 80
913 96 24 50 33
913 697 69 96 82
913 563 32 95 95
482 803 85 86 86
482 592 42 68 64
482 738 34 95 67
70 194 29 71 53
70 857 11 57 18
57 694 10 69 69
57 404 52 74 72
57 483 69 72 72
57 37 22 41 30
57 459 17 50 20
57 99 22 64 29
404 703 44 84 63
404 588 60 94 81
404 403 63 91 90
404 118 24 81 48
483 335 18 24 23
483 749 84 95 86
483 100 64 83 82
483 108 78 82 79
483 469 54 72 64
459 624 43 93 68
459 519 33 74 54
459 288 34 86 74
99 32 54 80 72
99 580 21 63 56
99 67 53 70 54
99 593 69 89 70
99 79 83 98 92
99 860 38 58 41
58 753 90 94 90
58 133 77 90 87
58 92 34 82 41
753 578 42 64 60
753 863 55 85 60
753 365 40 59 43
133 768 62 97 84
133 337 62 85 82
133 356 57 67 60
133 256 55 83 57
133 264 87 90 89
92 387 49 82 66
92 612 71 87 87
92 764 37 90 70
92 783 59 90 79
92 570 92 95 94
92 807 92 96 93
92 442 46 86 61
92 798 94 98 95
59 147 53 82 82
59 810 32 86 52
147 756 23 29 27
147 785 19 26 23
147 115 16 62 49
147 748 23 33 26
810 454 26 28 27
810 461 41 99 96
810 208 46 72 72
810 42 24 29 27
60 157 24 63 56
60 427 24 55 32
60 131 30 99 75
60 718 68 96 83
60 621 50 61 50
427 147 58 91 80
427 479 69 87 87
427 367 63 76 69
718 860 56 90 58
718 473 76 97 87
718 642 24 30 25
718 299 15 70 26
621 888 92 98 93
621 95 94 95 94
61 614 14 85 32
61 852 57 63 63
61 533 86 87 86
61 360 43 48 47
852 145 24 67 43
852 121 10 75 69
852 696 38 80 58
852 694 95 99 96
360 812 51 91 60
360 923 93 97 95
360 718 49 84 81
360 269 86 87 87
360 697 31 65 31
137 875 69 77 74
137 871 79 99 99
137 828 88 97 97
137 706 35 72 62
137 872 23 37 27
137 378 62 82 82
182 72 68 94 74
182 595 94 98 94
182 478 13 61 58
182 816 33 35 35
182 727 47 83 76
63 696 54 66 56
696 202 61 83 73
696 728 95 97 96
696 632 79 88 83
696 21 88 100 90
64 304 94 95 94
64 142 27 34 29
142 99 66 79 69
142 206 90 92 92
142 840 40 63 57
142 570 40 77 44
65 471 28 74 50
65 136 39 59 52
65 835 18 41 26
65 751 36 90 66
471 69 39 79 68
471 142 26 31 31
136 768 24 33 24
136 663 23 55 33
835 507 90 94 94
835 123 79 82 80
835 657 50 57 51
835 697 49 95 56
751 24 75 88 75
751 637 45 97 92
751 848 52 73 62
751 607 77 88 85
751 476 21 75 71
751 247 56 68 65
66 250 16 74 38
66 655 76 83 79
250 479 49 59 53
250 846 24 92 71
250 659 83 95 86
250 454 71 76 75
250 864 93 98 95
250 480 44 47 47
655 690 93 96 96
655 170 32 65 58
655 95 32 73 41
655 728 78 90 87
67 252 21 36 28
67 294 89 98 91
252 359 75 88 81
252 646 86 92 88
252 183 90 96 91
252 368 48 88 56
68 695 10 35 35
68 182 26 59 38
68 320 70 97 77
320 8 32 83 80
69 52 30 66 64
69 842 33 34 33
69 65 42 68 63
69 600 72 84 75
69 30 56 82 78
69 669 91 99 97
69 494 51 92 55
69 602 17 86 66
842 682 32 39 32
600 515 90 92 92
600 136 53 68 58
600 279 38 45 41
600 868 76 86 82
494 857 61 83 75
494 805 58 63 62
494 680 91 98 92
494 643 46 92 55
602 764 15 91 91
602 557 11 78 21
602 762 31 95 94
602 752 49 69 56
194 526 14 63 34
194 476 17 51 38
194 51 70 90 88
881 66 22 77 30
881 424 68 86 82
881 41 23 47 35
340 159 14 59 45
340 724 58 75 59
556 87 69 72 72
556 748 38 95 86
556 336 21 83 58
556 847 58 70 70
882 130 15 98 37
882 845 90 94 94
882 900 12 18 13
882 416 10 61 26
882 145 19 26 24
882 480 18 61 47
315 638 89 96 93
72 386 26 63 49
72 422 38 59 53
72 401 81 94 91
72 162 13 87 47
386 163 19 70 61
386 97 83 86 85
386 888 48 84 70
386 744 76 99 99
386 499 68 72 68
386 646 87 96 88
386 502 64 93 79
422 893 74 98 88
401 493 23 71 26
401 592 52 95 56
401 533 75 76 75
401 367 47 58 47
401 286 62 71 71
401 887 13 20 19
162 569 59 82 79
162 519 13 78 70
162 422 14 78 25
162 662 35 98 92
162 356 35 69 63
162 269 32 94 38
73 470 48 79 57
73 122 62 68 64
470 28 56 72 70
470 380 76 98 85
74 463 81 92 92
74 711 52 96 64
74 419 45 62 58
74 810 14 33 19
74 192 67 94 67
463 358 55 95 66
463 812 17 28 19
463 183 89 97 96
463 519 41 65 55
711 257 90 99 96
711 196 75 82 82
711 46 43 66 56
711 870 18 64 62
711 315 28 29 29
711 132 45 52 47
711 888 10 91 29
419 393 36 64 43
419 253 54 85 68
419 550 14 59 59
419 203 16 47 19
419 425 36 97 95
419 323 89 95 90
192 587 37 57 43
192 739 19 55 21
192 225 86 89 87
192 25 60 93 80
192 122 90 98 92
192 517 25 33 26
192 216 94 98 98
75 498 51 70 65
75 481 75 96 90
75 860 33 72 55
75 917 59 95 78
498 674 84 100 97
498 456 76 81 78
498 423 49 88 75
498 164 32 47 43
498 651 87 93 92
498 540 91 98 94
481 497 66 84 81
481 532 12 17 15
481 826 61 87 65
481 93 24 28 26
860 492 22 57 34
860 661 27 76 51
76 381 24 75 60
76 138 56 57 56
76 206 51 75 59
76 160 63 100 68
206 174 32 44 39
160 234 84 89 87
160 823 75 77 75
160 744 15 89 18
160 287 17 69 36
160 314 85 91 87
160 333 68 93 87
160 544 41 90 73
87 623 93 98 95
87 663 66 91 76
87 835 81 99 82
87 484 60 71 71
87 95 93 95 93
789 804 62 96 80
789 364 44 45 44
789 353 37 69 60
789 74 23 62 31
789 243 51 74 73
789 131 95 96 96
789 20 93 95 94
491 202 20 52 28
491 20 79 83 81
843 28 38 85 55
843 394 76 93 89
843 3 31 96 74
843 365 84 90 86
843 855 22 44 32
843 57 63 67 63
688 558 70 75 71
688 665 80 81 80
688 668 82 84 82
688 807 49 74 50
78 500 54 87 70
78 267 78 94 87
78 541 16 92 89
267 464 78 84 84
267 524 87 98 92
267 369 49 78 68
267 437 81 94 89
541 81 84 100 89
541 817 21 74 69
541 752 90 98 98
398 473 34 85 53
398 9 41 63 48
398 488 66 72 68
398 668 44 66 51
398 832 32 79 43
398 438 89 90 90
878 548 40 75 62
878 50 13 93 43
878 167 30 62 42
878 25 42 45 42
878 565 30 58 32
878 720 61 72 64
81 206 29 88 83
81 414 49 71 65
414 503 67 84 84
414 199 47 81 57
414 640 51 75 54
414 470 35 76 43
414 34 65 69 68
414 13 93 96 96
414 481 28 66 39
414 562 16 70 70
414 811 73 91 85
414 568 74 76 75
82 155 28 50 40
82 639 37 50 39
82 780 95 99 98
82 281 50 76 67
82 798 41 66 57
155 316 73 78 75
155 292 34 48 35
155 294 23 36 27
155 770 10 28 10
155 219 52 84 58
155 791 78 87 87
639 560 48 96 79
780 738 15 61 58
780 571 31 54 40
780 142 83 98 93
780 93 34 70 61
780 7 77 97 78
780 280 58 92 76
281 143 10 46 27
281 186 19 32 24
281 125 50 98 57
281 212 18 33 25
417 522 71 84 78
417 136 35 58 37
417 442 55 80 66
417 806 47 86 66
572 344 41 85 48
572 444 21 66 53
102 630 77 95 79
102 227 69 87 87
84 767 20 84 76
767 281 47 92 77
767 175 86 93 93
767 733 92 96 95
85 831 12 61 40
85 159 79 89 85
85 665 10 87 57
85 732 80 94 93
831 369 36 89 80
159 915 95 97 95
159 140 58 75 72
159 527 85 97 95
159 91 32 38 34
159 540 17 79 46
159 733 21 27 21
665 225 10 48 28
665 710 36 45 43
665 129 24 99 33
665 800 86 97 95
665 906 64 70 68
732 278 36 51 51
732 565 68 86 85
732 211 25 88 48
86 462 54 65 57
86 482 28 72 70
86 326 77 94 93
462 787 55 57 56
462 514 62 80 68
462 882 60 67 63
462 324 57 74 71
326 532 20 64 23
326 581 89 100 94
623 308 17 55 42
623 409 45 96 79
663 778 94 98 94
663 349 93 98 94
663 233 11 68 20
95 338 35 79 38
88 225 66 71 71
88 59 95 96 96
88 616 49 84 79
88 290 50 98 69
88 310 27 54 34
225 206 16 22 22
225 468 86 99 98
616 810 38 63 50
616 583 59 76 72
616 871 58 98 87
616 468 24 73 56
616 221 15 46 42
290 288 91 100 100
290 646 32 66 56
290 900 31 64 63
290 328 29 72 71
89 591 42 55 43
89 725 65 93 85
89 785 11 77 18
725 902 16 52 48
725 691 19 74 40
725 406 59 77 61
785 436 82 84 84
785 485 33 65 64
90 571 11 59 31
90 868 51 92 56
90 201 20 21 20
201 911 86 100 100
201 566 22 47 36
91 606 25 86 84
91 493 36 58 51
91 598 91 100 94
91 253 35 79 71
91 703 17 42 19
606 597 25 28 27
606 574 46 91 74
606 10 64 70 69
493 23 45 82 60
598 470 83 94 85
598 196 89 92 92
253 376 40 66 53
253 472 53 86 56
253 236 91 95 95
253 540 87 97 88
703 609 33 48 37
703 488 41 58 52
703 170 83 92 87
703 435 53 97 85
703 367 75 76 76
783 14 65 100 83
783 242 18 92 83
570 698 19 54 45
570 296 77 84 82
570 611 68 92 76
570 277 93 96 93
807 526 27 95 44
807 261 56 81 70
807 479 89 100 91
807 494 77 78 78
807 231 78 81 78
93 522 87 90 87
93 775 56 75 61
522 515 46 91 51
522 659 18 91 54
522 670 55 60 60
522 893 42 62 53
94 778 60 76 75
94 566 64 96 83
94 135 48 53 51
566 393 76 85 81
566 900 87 97 92
135 253 93 94 93
135 62 53 76 66
135 369 69 81 79
96 2 81 96 81
96 306 95 100 100
96 809 85 99 95
96 708 92 100 97
306 473 15 86 48
306 116 46 75 68
306 398 15 85 52
306 925 51 78 76
809 587 86 94 94
708 912 74 95 87
97 854 26 44 39
97 658 71 76 73
97 442 54 68 62
854 344 11 20 20
854 400 54 64 58
854 265 24 82 64
854 812 39 76 64
854 406 78 96 89
854 407 20 41 34
658 505 59 74 70
658 752 31 39 36
658 763 55 64 60
98 644 37 86 74
98 527 74 76 75
98 409 62 85 75
644 149 66 68 67
644 461 31 81 66
527 776 59 95 62
527 774 32 61 39
527 577 11 65 28
527 119 43 76 43
409 502 78 84 80
409 609 20 29 22
409 666 70 88 71
409 527 47 77 60
593 338 88 89 88
593 21 93 100 98
593 367 82 85 83
593 413 14 21 15
729 121 86 87 87
729 578 20 54 49
729 103 72 89 73
729 496 45 64 54
596 902 64 84 77
101 786 72 76 76
101 467 74 99 76
101 228 35 82 47
786 336 10 37 11
786 117 23 83 24
786 11 18 78 68
467 142 18 42 20
467 914 70 77 77
467 697 26 92 86
467 369 37 49 46
103 459 73 94 87
103 86 62 84 66
103 126 45 64 53
126 10 94 99 97
126 613 26 60 46
126 818 16 55 46
126 896 81 95 85
104 135 39 81 64
104 663 51 75 68
105 419 16 46 23
105 597 92 99 93
105 884 89 93 90
105 493 92 98 92
597 371 76 87 76
597 414 73 94 73
106 25 35 80 48
106 799 46 60 48
106 81 38 68 61
106 200 41 81 81
106 65 92 96 95
106 793 64 87 84
799 330 19 65 22
799 183 63 98 67
799 36 38 64 50
799 764 66 91 70
799 301 36 68 64
799 418 84 96 89
799 319 23 72 29
793 459 70 88 77
793 139 81 94 91
793 706 69 91 78
107 417 44 61 44
107 842 91 93 93
107 600 31 32 31
107 454 19 57 45
454 336 34 85 57
454 366 41 88 58
454 317 90 94 91
454 190 85 92 92
454 695 83 91 84
454 211 44 53 44
108 528 56 58 56
108 89 91 93 92
108 277 78 90 85
528 564 54 91 74
528 299 31 46 31
528 230 47 95 76
528 171 80 86 86
528 547 35 87 57
528 657 25 96 52
528 646 43 83 48
277 392 21 47 37
277 145 71 75 74
277 894 50 97 85
277 893 33 34 34
277 229 74 100 95
277 507 64 74 74
109 477 61 76 69
109 218 15 55 15
109 696 17 80 44
109 920 65 99 70
109 463 23 25 24
109 451 61 100 69
477 422 88 97 91
477 865 29 53 49
477 110 41 91 72
477 619 85 90 89
218 132 38 93 45
218 123 87 98 87
218 601 93 99 99
218 351 79 94 92
218 922 59 88 70
920 399 12 96 42
110 820 65 81 67
110 98 31 87 45
110 398 82 98 91
110 221 35 69 46
820 414 32 68 56
820 23 59 77 63
820 677 43 73 45
221 854 20 56 45
221 880 85 96 86
221 812 81 100 82
221 847 83 99 95
221 501 14 58 22
221 594 83 84 83
479 706 57 97 90
479 319 66 74 70
248 685 77 88 88
248 660 46 70 68
248 15 44 58 44
925 564 77 92 89
925 476 15 42 29
112 583 37 55 54
112 311 26 69 52
112 287 56 98 80
112 548 24 29 27
112 104 40 42 40
583 738 45 67 57
583 457 40 52 46
583 766 36 69 62
583 366 74 76 74
583 473 64 75 66
311 163 30 55 51
311 227 55 57 55
311 861 76 95 85
311 759 25 40 25
287 8 60 74 65
287 286 62 83 63
548 35 63 75 64
113 544 93 95 93
113 598 73 93 85
544 653 34 76 60
544 637 52 63 56
544 252 78 87 79
544 520 12 72 51
544 223 58 61 58
114 223 22 32 31
114 665 81 84 82
114 298 90 96 91
114 503 50 68 54
223 515 10 15 10
223 809 79 85 83
223 437 71 98 90
223 11 93 99 94
223 417 50 60 59
298 678 89 94 92
298 187 65 97 73
503 233 44 55 55
503 605 16 33 21
503 321 23 84 83
115 236 94 98 98
115 108 18 59 55
115 191 91 96 94
115 449 94 96 94
115 216 91 98 98
236 653 16 80 71
236 910 35 41 41
236 836 83 84 84
236 562 69 98 77
191 494 59 90 60
191 462 90 98 94
449 747 41 98 46
449 105 42 84 60
216 39 36 63 60
216 675 65 75 73
216 131 22 79 41
216 97 70 81 77
216 391 23 54 27
216 375 38 66 50
116 602 37 79 65
116 427 14 32 30
116 623 51 93 51
116 767 85 96 89
495 211 50 64 54
495 768 10 84 16
495 294 78 81 79
495 657 33 75 57
495 865 17 76 47
495 783 93 95 93
118 911 83 100 84
118 24 56 71 68
118 272 17 32 28
118 812 77 98 93
911 792 49 68 59
911 155 10 77 14
911 496 84 100 88
911 360 20 81 33
272 435 15 16 15
272 290 30 40 39
272 790 94 95 94
272 605 83 86 86
272 29 66 78 70
812 353 16 50 32
812 569 30 100 72
119 555 51 97 85
119 140 81 98 81
119 63 18 31 25
119 870 40 65 56
140 618 42 60 52
140 328 29 64 52
140 224 36 60 55
870 470 32 99 40
870 43 28 79 32
120 111 29 61 53
120 628 25 40 40
120 561 12 80 46
120 63 53 62 56
121 525 33 39 38
121 871 17 30 25
121 314 52 90 84
871 239 48 100 71
871 631 50 61 55
314 124 80 85 84
314 91 34 37 35
314 626 82 98 93
314 158 10 31 24
314 7 86 87 87
635 30 86 91 90
635 93 66 81 75
635 26 62 72 66
635 228 58 90 82
635 320 30 66 64
635 372 49 65 60
747 239 29 85 41
747 427 59 62 62
123 286 84 91 84
123 880 94 95 94
123 868 75 86 83
123 155 38 88 62
286 424 36 51 44
286 612 67 84 69
286 68 38 44 38
286 750 67 76 73
286 323 81 96 89
286 522 35 96 65
124 633 73 89 87
124 726 15 77 18
124 847 61 86 85
124 925 57 99 85
726 556 17 39 17
726 646 38 79 42
726 416 37 47 40
726 215 37 62 50
726 449 36 69 66
726 557 60 98 74
726 817 47 89 69
726 123 33 50 33
726 509 21 30 24
847 134 65 72 72
847 305 63 89 69
847 512 89 99 92
847 188 43 57 55
613 20 10 51 24
613 302 15 99 61
613 835 57 100 69
896 685 46 79 60
896 251 95 96 96
896 571 27 53 40
127 392 21 47 45
127 897 16 65 60
127 253 10 50 37
127 270 67 82 81
127 54 62 79 73
897 314 53 92 79
128 522 39 48 43
128 380 27 43 39
128 169 46 75 73
128 362 35 87 73
128 456 37 96 56
128 212 56 91 83
128 764 72 93 89
380 917 50 61 55
380 215 20 33 21
380 239 14 71 29
380 39 34 37 36
362 741 90 99 96
362 628 50 70 51
362 241 53 75 58
212 78 68 90 86
212 901 84 96 93
212 279 87 93 88
129 301 23 60 59
129 470 66 92 73
301 481 64 74 68
301 305 93 99 94
301 639 18 24 18
130 747 79 80 79
130 759 85 86 86
130 114 15 91 89
130 371 90 91 91
130 594 87 100 99
759 668 61 64 61
759 6 58 95 94
371 523 44 97 51
371 680 28 66 66
371 155 55 88 65
371 451 65 86 85
594 679 29 82 51
594 233 47 77 59
594 185 33 36 33
594 761 32 78 36
594 62 65 100 70
426 458 79 97 93
426 331 54 96 55
545 803 13 78 35
545 433 74 93 74
815 144 82 86 86
815 654 59 74 68
324 829 54 97 65
324 870 37 92 69
324 771 81 93 84
324 384 76 84 78
324 773 95 100 97
324 776 16 17 16
324 878 81 87 84
817 514 86 98 86
817 53 43 48 47
817 729 61 91 83
817 375 51 94 86
768 829 43 93 90
768 712 87 94 91
768 483 70 76 71
337 823 26 85 51
356 354 46 83 76
356 46 72 87 80
356 57 45 66 60
256 776 49 58 53
256 363 31 75 44
264 596 92 95 94
264 848 35 77 77
264 697 80 84 83
264 820 10 84 84
264 309 86 93 91
264 856 82 95 95
134 877 62 96 94
134 279 89 97 93
134 577 38 56 47
877 163 94 100 94
877 631 55 74 62
279 736 94 97 97
279 162 42 72 69
279 886 14 79 18
279 342 25 53 42
279 264 23 75 33
279 705 42 87 49
577 365 51 94 52
577 716 15 50 24
577 429 21 62 45
369 560 37 57 51
369 781 71 96 76
875 699 34 39 35
875 151 26 63 37
875 620 59 64 63
875 215 89 97 91
875 912 81 88 81
828 505 77 80 78
828 837 46 81 78
706 772 77 93 88
706 535 19 44 34
706 294 26 35 26
872 625 64 89 88
872 747 89 98 95
872 581 54 67 59
378 920 59 94 87
378 519 38 68 52
378 150 47 95 67
506 357 90 100 96
506 638 91 99 93
506 94 71 97 77
506 609 14 61 28
506 226 74 98 83
618 851 35 52 37
618 364 15 76 48
618 142 16 27 16
618 826 55 58 57
618 762 47 78 63
224 52 50 90 76
224 169 28 88 80
224 205 28 64 43
224 296 22 95 41
224 534 11 96 18
141 771 16 35 29
141 734 41 45 43
141 849 55 95 64
771 26 35 87 56
771 83 55 60 55
771 907 45 91 61
771 738 92 94 92
734 726 24 40 34
734 536 48 55 50
734 71 92 93 93
849 270 77 100 85
849 916 43 67 64
840 679 34 60 41
840 80 78 100 85
143 581 78 97 79
581 689 62 72 64
581 144 74 91 90
581 801 42 45 45
581 672 41 58 43
581 4 37 97 70
581 381 31 79 53
581 556 66 68 66
144 610 52 75 72
144 81 64 75 70
144 691 80 94 86
144 617 17 78 68
610 563 32 40 37
610 637 76 84 78
691 430 65 79 77
691 477 90 99 93
691 429 81 100 86
691 114 30 89 35
617 385 84 95 95
903 465 47 51 48
903 678 57 100 84
903 610 30 87 87
903 578 62 66 62
247 507 22 80 40
247 242 16 26 19
247 630 79 94 91
247 787 66 81 80
830 109 37 88 80
830 783 61 73 67
830 291 47 69 48
407 20 15 58 44
407 471 10 14 12
407 124 85 92 90
756 820 22 64 62
756 641 86 98 90
756 325 34 85 84
756 523 63 90 82
756 558 79 95 92
748 251 88 96 95
748 475 31 33 33
748 37 82 99 84
748 448 66 98 84
748 505 13 28 15
748 610 92 93 92
748 106 93 99 95
148 340 66 98 83
333 192 73 80 79
333 852 91 95 95
150 223 76 85 81
150 744 30 57 52
744 883 24 45 40
744 916 52 54 54
151 585 66 68 68
585 672 17 48 42
585 73 29 71 68
585 879 90 92 91
585 400 34 73 51
585 516 91 93 91
585 107 37 91 61
152 339 15 81 15
152 556 81 87 84
152 922 63 95 67
152 750 27 71 69
152 198 69 83 82
339 571 74 76 75
339 803 21 62 59
750 175 86 88 88
750 360 41 81 46
750 685 62 98 68
750 696 69 84 82
750 825 48 65 48
750 510 81 96 87
750 247 52 69 56
750 190 62 89 68
198 216 40 72 61
198 532 37 83 78
198 674 39 46 40
198 709 82 95 94
198 43 92 100 93
153 869 59 85 61
153 360 35 56 54
153 688 84 96 95
153 488 13 84 65
869 530 43 66 64
869 229 94 95 94
869 698 51 65 52
869 863 29 53 33
869 70 84 91 90
431 185 48 67 54
431 18 24 79 79
246 361 43 48 47
246 842 52 98 55
246 106 14 83 53
316 232 42 69 62
770 386 58 95 92
770 198 74 98 83
770 545 77 79 77
770 659 37 61 42
770 510 49 70 57
219 257 64 71 67
219 728 53 90 82
219 352 22 51 31
219 270 90 99 91
219 213 44 60 58
219 393 53 58 54
156 879 52 92 63
156 228 42 53 44
156 432 66 75 75
879 299 50 54 50
879 373 75 91 83
879 791 62 84 70
432 574 33 91 63
432 482 73 75 75
432 767 35 49 38
432 654 92 94 94
188 571 51 92 82
188 21 85 90 88
188 36 85 91 85
188 700 91 93 93
682 512 68 78 75
682 495 71 98 72
682 479 84 100 99
158 588 20 25 25
158 613 15 90 22
158 391 53 96 68
588 586 31 76 63
588 658 90 93 92
588 631 41 80 69
588 426 44 79 60
588 160 60 98 77
391 146 21 88 75
391 189 39 79 56
391 656 54 96 67
915 322 92 93 93
915 602 68 97 94
234 131 47 75 52
234 912 16 93 28
234 719 56 72 59
823 799 89 99 89
823 22 84 85 85
161 777 75 76 75
161 683 44 69 58
777 746 40 62 49
777 313 47 80 48
777 228 18 35 24
777 169 45 92 63
777 801 53 94 76
683 673 79 99 93
569 326 44 79 77
569 361 29 42 30
569 319 56 80 74
569 11 52 97 71
519 84 74 76 76
519 107 23 91 52
519 454 15 19 15
519 274 60 85 74
519 281 30 37 37
519 878 77 94 83
163 819 56 85 84
819 465 28 30 29
819 439 82 95 87
819 626 84 96 93
819 498 95 100 100
898 408 26 54 35
898 611 58 86 85
399 373 44 100 96
399 404 14 76 29
399 753 93 94 93
399 841 41 94 62
782 416 92 100 93
782 803 52 79 54
782 538 36 51 38
782 346 47 82 49
166 228 24 41 24
166 73 35 49 41
166 331 38 59 54
166 108 20 31 22
167 611 81 100 88
167 754 48 68 62
754 660 62 95 74
168 611 64 65 64
168 790 53 90 53
168 891 71 83 76
168 675 14 65 45
790 293 56 87 68
790 22 63 94 92
790 213 47 81 49
790 72 48 61 55
675 152 17 56 42
675 444 35 75 39
675 113 43 77 69
675 860 55 98 87
921 9 68 95 83
921 915 17 73 36
921 563 82 98 91
921 171 37 99 99
921 61 80 98 96
921 616 73 100 73
921 45 17 88 32
196 111 52 62 52
196 142 39 49 44
196 794 24 83 55
196 834 59 90 90
196 407 10 20 16
855 323 41 45 44
855 39 95 99 96
855 134 87 95 95
370 226 51 89 55
370 168 46 99 91
370 271 65 89 68
370 221 59 71 64
370 813 80 87 81
370 359 38 84 65
370 926 66 78 73
370 605 25 81 81
370 579 88 94 92
370 487 48 77 63
170 866 46 87 63
170 587 52 75 56
170 419 49 97 70
170 840 17 36 24
866 383 37 39 39
866 441 41 68 57
866 701 15 78 24
866 532 63 83 69
587 505 34 74 59
587 796 30 43 33
587 512 51 74 61
587 885 69 78 78
171 571 87 88 87
172 219 45 92 61
172 756 33 92 71
173 478 61 69 65
173 200 67 100 67
173 407 49 55 53
173 71 85 87 87
173 104 82 94 85
173 302 50 64 58
173 801 33 49 45
173 151 24 81 35
478 421 21 47 41
478 584 71 100 99
478 646 22 31 26
478 684 53 69 64
302 325 55 93 79
302 367 53 69 53
302 487 74 89 87
801 58 70 95 70
801 393 76 95 94
801 473 74 78 74
174 66 47 93 49
174 249 79 81 80
174 924 84 94 87
174 216 46 52 51
249 348 23 88 51
249 717 42 53 48
249 297 54 90 68
202 615 50 58 55
202 710 69 100 96
202 488 18 36 30
202 86 73 90 85
202 90 25 88 86
202 846 77 88 87
176 320 81 96 94
176 450 73 86 85
176 611 27 88 58
176 109 30 45 33
176 522 44 64 55
177 183 48 85 75
177 817 57 76 65
177 684 10 40 14
177 10 87 92 92
177 79 18 56 43
177 496 57 78 72
177 48 55 87 71
177 370 48 67 48
684 106 20 34 21
684 488 35 98 70
684 97 43 88 78
496 87 84 93 90
496 373 32 35 35
496 524 77 78 77
496 646 24 74 36
496 500 87 90 89
496 901 32 94 51
496 171 32 90 75
508 753 78 97 81
508 349 74 81 74
808 525 60 76 66
808 617 93 97 93
808 845 19 43 42
536 50 87 93 92
536 798 30 31 31
536 472 56 64 64
536 64 17 63 31
536 700 74 87 75
536 83 16 83 41
536 463 65 87 75
649 398 87 98 91
649 391 80 94 87
649 622 24 33 28
649 607 25 82 64
649 233 15 38 30
649 482 86 99 96
263 563 16 18 16
263 544 51 53 52
263 185 83 92 92
263 50 64 98 64
554 588 57 91 58
554 337 17 77 45
554 406 84 85 84
804 912 16 99 30
804 339 37 68 43
804 77 19 60 24
804 30 55 65 61
180 392 82 95 85
180 655 59 81 81
180 52 19 21 19
180 244 85 97 92
180 365 55 89 74
180 408 47 52 49
244 420 84 98 94
244 717 23 85 69
244 81 49 86 52
244 220 35 57 40
244 844 52 92 83
244 142 93 98 98
365 904 46 69 67
408 451 53 88 58
197 409 16 82 41
197 282 37 39 38
197 53 48 83 59
803 476 51 63 56
698 691 29 45 35
698 242 17 97 88
816 371 67 95 94
816 56 30 49 49
816 72 48 58 57
816 317 56 68 57
184 603 61 99 83
184 522 30 40 34
185 518 44 86 56
185 86 18 75 38
185 922 74 83 79
185 902 46 65 48
185 63 91 99 97
518 506 77 81 78
518 138 16 31 30
518 306 72 89 88
902 97 77 88 85
902 746 24 94 77
902 748 85 97 88
902 120 87 91 89
902 609 84 92 89
186 479 17 50 25
186 278 52 66 55
186 668 86 90 87
186 133 42 80 65
186 164 64 88 76
186 345 83 93 89
278 548 78 80 79
278 518 91 100 95
278 157 58 84 62
278 394 86 92 91
278 669 35 60 35
700 599 48 82 61
700 130 89 93 93
700 595 48 96 83
700 780 10 33 25
189 507 20 56 45
189 576 80 84 81
189 751 43 86 68
576 889 69 77 76
576 80 90 99 97
576 213 38 96 74
190 221 15 66 16
190 890 46 95 49
190 140 47 79 60
190 93 58 67 59
190 728 92 95 93
890 759 90 96 90
890 281 71 84 82
728 892 95 98 96
728 19 66 99 71
728 158 19 80 21
193 705 16 17 16
193 157 54 66 62
476 122 52 99 98
476 626 63 81 75
476 467 69 100 91
476 680 14 94 50
476 247 29 57 32
476 16 83 88 88
195 635 79 82 79
195 438 58 61 59
195 923 13 100 69
195 900 46 64 58
834 150 85 100 90
834 19 17 96 68
834 403 32 64 64
834 661 67 98 85
282 77 62 68 63
282 891 72 94 79
282 151 77 94 77
282 552 50 54 51
282 729 51 76 54
532 614 85 90 89
532 682 22 87 54
674 786 74 82 81
674 418 77 79 78
674 437 10 65 22
674 878 38 96 90
709 694 22 83 60
709 465 54 77 56
709 90 19 21 19
199 913 92 97 94
199 780 69 99 84
199 210 86 100 92
210 763 85 88 88
210 745 43 89 88
210 894 15 20 20
568 15 44 76 52
568 345 85 90 86
568 92 88 90 90
792 757 58 79 75
792 853 61 68 63
792 897 90 98 93
235 191 20 27 24
235 759 26 100 89
235 498 51 55 53
615 341 55 81 73
615 137 70 79 70
615 157 85 91 88
615 395 22 33 24
615 39 50 54 51
710 486 18 32 30
710 483 80 91 84
710 797 56 59 59
710 469 30 45 30
203 497 42 88 80
203 250 13 43 41
203 747 40 52 52
203 422 11 90 14
203 215 12 26 19
215 145 77 98 81
215 524 10 43 11
215 890 46 57 57
215 405 53 55 55
215 89 47 53 48
215 107 95 98 95
204 39 15 74 69
204 326 10 20 17
205 337 27 80 56
205 577 47 78 59
207 478 92 98 94
207 595 66 76 70
207 860 46 59 59
208 571 50 73 60
208 443 71 96 74
208 317 29 49 36
208 572 73 81 76
443 599 40 59 55
443 745 81 87 82
443 257 37 78 51
443 686 40 86 56
443 878 35 100 93
443 853 60 91 81
317 231 72 96 74
317 339 71 90 74
209 315 34 76 54
209 121 48 51 50
209 801 46 61 53
763 913 19 84 41
763 242 94 97 95
763 128 12 39 30
745 292 94 95 95
745 47 21 30 22
894 333 70 75 75
894 810 40 51 43
211 336 22 88 83
211 735 33 88 73
211 66 17 39 31
211 415 11 52 13
211 319 52 86 85
336 301 81 86 85
336 314 22 30 25
336 925 85 86 85
735 181 22 83 48
735 113 35 67 55
735 737 88 90 89
735 17 28 49 47
415 151 49 50 49
415 129 33 67 64
319 752 53 88 63
901 700 34 84 65
901 378 17 31 27
901 847 18 69 34
901 562 84 86 84
901 602 84 89 87
901 284 77 89 89
213 202 68 83 76
213 586 79 91 88
586 205 70 96 92
586 520 88 92 91
214 500 27 54 28
214 210 95 96 96
214 790 83 95 93
524 84 63 81 66
524 555 13 73 51
524 659 78 91 83
405 739 59 73 60
375 926 81 98 83
375 402 78 88 85
375 88 80 83 81
375 489 28 56 55
375 668 66 67 67
217 261 37 45 39
217 228 67 87 81
217 376 68 97 77
261 643 13 36 29
376 664 49 98 89
376 470 68 97 83
601 221 54 73 68
601 571 74 76 76
601 458 44 51 50
601 795 88 93 90
601 362 75 81 78
351 714 83 84 84
351 417 51 100 54
351 906 12 22 21
352 113 18 82 72
352 847 84 93 84
352 96 16 92 63
352 655 41 42 41
352 338 76 81 80
352 246 71 73 71
393 149 51 77 70
393 906 16 70 69
220 814 31 91 57
220 341 55 83 56
220 869 33 73 42
220 197 31 42 31
814 276 59 85 66
814 204 69 80 72
814 689 62 69 69
341 353 80 95 84
341 583 93 99 93
341 270 63 88 78
341 336 91 92 91
341 138 20 56 49
501 79 72 96 76
501 489 18 35 20
501 486 42 62 61
222 702 52 84 56
222 177 57 68 64
222 893 95 96 95
222 108 23 29 26
222 553 93 100 95
222 707 35 63 37
222 441 83 87 87
702 285 54 57 54
702 347 84 87 84
702 838 33 67 54
702 642 37 53 42
893 686 28 88 30
893 668 17 78 73
893 861 85 86 86
553 719 58 86 86
553 413 30 49 42
553 754 35 78 61
553 847 76 95 92
553 545 56 75 65
441 183 66 78 70
441 347 80 93 83
441 344 33 97 35
441 765 80 81 81
515 574 87 90 89
515 377 29 32 29
515 759 36 49 42
515 246 11 98 66
437 370 90 95 95
437 382 53 89 58
437 551 80 90 88
437 470 29 50 48
296 454 87 90 90
534 326 40 52 48
534 689 93 96 95
468 379 20 31 20
468 14 87 96 95
226 160 67 91 69
226 174 47 77 63
226 270 79 88 83
226 262 26 91 30
226 599 91 98 98
599 103 16 86 32
599 585 55 86 83
599 849 32 66 54
230 607 22 49 39
230 811 82 92 91
607 906 41 71 62
811 625 80 91 82
231 419 28 79 30
231 547 63 84 66
231 394 53 54 53
547 137 21 81 30
547 392 50 80 80
547 397 89 96 94
394 280 36 95 84
394 779 78 98 79
232 866 24 83 49
232 766 65 84 73
232 380 74 84 82
232 753 14 92 66
232 83 59 99 80
232 647 91 95 92
232 209 11 62 21
647 341 12 71 21
647 211 71 85 73
647 156 85 96 95
647 481 51 63 63
647 670 73 78 76
647 71 57 94 73
285 351 28 56 53
285 905 24 90 60
285 902 55 77 74
285 888 53 87 61
285 599 47 89 85
912 786 92 100 95
912 561 32 70 52
912 445 33 99 99
912 460 52 59 57
912 351 61 82 65
719 8 79 97 96
719 450 43 68 65
719 48 60 82 71
719 871 13 96 24
910 305 80 95 82
910 222 15 47 22
910 408 60 91 85
910 512 51 84 58
836 122 39 41 39
836 144 20 84 81
836 689 58 61 58
836 867 57 71 59
237 185 25 100 37
237 754 16 62 22
237 24 12 86 36
237 859 89 91 91
859 595 39 88 40
859 37 16 96 77
859 177 24 39 37
859 166 76 91 80
859 633 64 93 78
238 628 62 88 74
238 839 72 84 72
238 335 26 99 91
839 651 29 33 32
839 265 37 76 72
839 612 78 91 79
335 880 60 61 60
335 779 40 87 50
239 792 72 91 79
239 391 15 86 34
239 584 10 30 17
240 782 15 89 31
240 338 82 89 88
240 860 12 57 54
240 373 66 79 70
240 498 43 44 44
373 147 38 91 78
373 254 29 80 32
373 353 59 60 60
373 742 54 92 71
373 820 35 99 64
373 276 55 80 77
241 731 44 82 51
241 180 57 76 62
241 9 61 100 71
241 234 73 91 81
241 526 77 99 86
731 723 46 86 59
731 917 65 92 88
242 228 11 68 19
242 882 12 29 23
242 80 58 85 77
242 739 40 88 72
420 616 50 78 65
420 709 68 84 84
420 345 91 98 96
717 573 23 30 26
717 372 17 45 24
717 744 31 61 60
717 524 20 58 49
844 437 31 75 56
844 281 55 66 59
844 787 84 92 90
844 384 53 76 55
844 531 52 77 57
361 52 45 52 46
361 750 58 76 59
787 862 30 59 36
787 581 81 94 89
787 510 63 100 84
787 101 31 77 46
787 621 67 75 71
787 129 16 72 35
787 572 41 81 47
787 27 70 72 70
685 872 21 34 21
685 416 32 37 35
348 691 57 77 60
348 328 92 96 92
348 192 71 80 76
348 149 13 44 23
348 182 62 79 78
348 894 85 99 90
348 549 76 79 76
297 361 38 89 51
864 431 61 80 63
864 355 86 98 91
864 784 81 98 83
480 399 82 96 82
480 253 57 87 58
480 171 75 83 79
480 539 41 45 42
251 914 85 87 85
251 668 63 68 65
251 851 80 94 94
914 121 21 81 40
914 131 63 65 64
914 654 47 77 56
914 417 72 77 75
359 155 52 98 60
359 484 36 67 45
646 96 78 82 82
646 750 31 85 63
646 463 59 79 65
368 673 12 80 51
368 488 65 97 95
472 731 42 76 48
472 48 44 55 50
254 632 90 93 91
254 132 62 64 62
254 318 93 95 95
254 773 81 93 91
254 595 70 90 79
254 676 49 93 88
254 326 87 98 98
773 330 62 87 86
773 902 93 99 98
773 581 68 100 94
255 502 20 100 63
255 757 27 77 28
255 282 68 100 95
502 843 14 98 77
757 492 26 55 37
757 654 44 98 88
757 61 30 35 32
757 130 38 88 48
363 229 22 35 27
363 683 16 17 17
363 464 44 91 84
258 248 29 41 37
258 500 84 88 84
258 185 60 85 60
258 93 38 66 40
258 409 45 96 83
259 775 32 98 40
259 78 71 99 80
259 510 54 94 94
259 246 93 96 93
260 190 36 97 47
260 824 66 80 70
260 447 13 42 16
260 610 90 92 91
447 23 63 78 78
643 721 62 98 91
643 807 27 34 30
643 62 68 90 79
643 658 87 94 87
643 699 37 52 43
643 180 35 96 56
643 126 55 93 92
382 368 78 94 92
382 252 12 59 27
563 162 57 84 65
563 808 57 76 63
848 198 21 41 24
848 65 66 90 73
848 242 85 87 86
848 837 89 96 91
848 658 81 88 88
697 371 83 91 86
697 894 57 64 63
309 358 46 99 48
309 254 78 99 95
309 90 69 75 75
309 868 25 81 26
856 720 16 35 17
856 54 46 58 50
856 86 36 76 37
856 920 90 96 95
856 90 47 60 57
856 177 17 24 20
856 204 90 97 90
288 244 45 50 49
288 675 53 100 99
288 442 61 95 71
288 171 82 86 85
288 517 15 77 21
641 371 76 86 83
641 386 82 87 84
641 908 24 67 66
641 269 90 91 91
641 301 52 63 61
266 761 23 79 78
266 412 41 61 60
266 820 10 21 21
761 260 42 68 54
761 252 57 68 66
412 489 35 38 36
412 186 50 97 93
412 890 65 82 70
412 843 75 92 76
412 48 61 84 77
464 678 50 66 55
464 213 25 90 73
464 324 61 78 70
464 539 31 62 38
268 837 79 93 82
837 326 10 77 60
837 502 51 65 63
837 798 65 88 83
837 154 55 82 75
837 686 75 99 78
837 923 17 56 47
271 572 38 52 52
271 526 88 93 91
435 432 75 78 78
435 724 44 62 51
435 25 82 98 92
435 501 63 89 74
435 227 26 85 56
435 695 84 86 84
273 196 80 85 83
273 375 44 67 54
274 487 55 78 75
274 745 37 75 50
487 443 76 86 78
275 925 53 61 56
275 922 29 40 34
275 720 77 78 78
275 4 58 89 75
275 146 84 92 88
275 541 84 99 98
275 559 30 35 35
720 674 15 91 28
720 572 75 86 76
720 645 30 39 34
720 273 49 89 78
720 747 24 26 24
559 587 64 67 67
559 921 20 34 34
559 356 84 98 85
559 742 12 67 36
559 97 24 43 32
276 674 86 88 86
276 682 81 92 89
276 636 66 100 69
636 196 84 85 84
636 745 52 73 58
636 698 93 94 93
636 3 84 100 91
736 527 18 41 25
736 83 43 58 53
736 523 27 50 46
736 52 95 100 96
886 438 11 51 43
342 864 56 82 80
342 413 66 67 67
342 76 46 86 63
280 442 12 35 16
280 427 26 39 27
280 465 52 85 83
280 26 69 76 69
280 490 94 97 94
465 882 81 87 86
465 761 22 91 23
465 650 32 63 42
465 660 76 97 92
465 431 66 94 79
465 640 61 80 77
490 111 45 60 52
490 340 46 77 73
552 744 29 87 37
552 72 31 68 34
552 615 87 100 90
283 455 50 71 65
283 347 25 40 34
455 147 59 61 61
455 587 51 85 53
455 65 50 86 86
347 767 15 84 54
347 337 32 69 41
347 566 30 39 39
347 200 43 70 68
284 560 90 93 93
560 641 75 99 91
560 814 67 68 67
560 760 13 75 45
560 759 47 60 58
560 462 69 90 72
424 804 50 58 55
424 850 50 98 85
424 106 62 89 88
424 668 70 99 71
909 453 32 96 76
909 271 73 97 92
909 83 35 70 60
291 342 71 73 71
291 331 31 54 35
291 23 46 58 53
291 802 27 78 53
291 182 76 96 90
291 815 37 59 57
291 451 70 94 74
293 93 68 72 70
293 608 81 96 84
821 606 84 96 94
821 299 42 85 45
821 146 82 85 82
821 567 16 34 31
295 323 78 84 84
295 807 15 29 28
295 120 72 82 80
295 187 38 48 46
295 416 23 29 23
295 103 86 89 87
416 230 22 98 30
416 516 93 100 99
416 776 12 39 16
678 846 64 77 69
678 579 35 62 57
678 179 68 76 72
678 509 15 90 66
678 218 95 100 98
678 578 22 49 24
299 101 80 87 82
299 218 16 33 19
299 288 89 100 89
300 396 52 89 86
396 643 71 85 77
396 811 84 92 92
396 289 63 94 69
396 449 19 93 82
396 54 30 47 38
396 726 37 72 68
396 218 47 93 70
305 868 76 93 88
305 145 82 88 84
305 189 10 59 25
305 343 38 94 50
325 603 53 76 73
325 888 49 85 69
325 816 46 85 82
367 602 44 45 45
367 648 13 77 71
367 537 14 29 27
367 757 79 92 80
367 803 18 47 18
303 806 47 60 57
303 524 63 94 65
303 374 33 49 35
303 160 73 90 80
303 897 79 82 80
806 561 31 64 47
806 466 35 85 81
374 563 36 92 73
374 585 11 84 29
374 421 30 32 30
343 391 22 85 51
343 146 85 86 85
343 296 13 82 72
308 636 49 90 58
308 39 21 73 66
358 142 63 77 73
358 675 61 100 89
312 677 54 93 83
312 829 33 54 41
312 446 31 35 34
312 333 81 100 85
677 568 38 43 40
677 393 15 56 40
677 184 35 95 79
677 634 24 85 52
677 880 89 93 91
677 724 13 14 14
829 914 65 99 87
829 594 17 79 38
829 447 42 55 45
829 215 39 48 40
829 379 43 51 50
446 870 50 65 57
446 508 45 57 53
446 842 14 94 22
313 886 16 17 17
313 721 73 97 81
313 302 85 91 88
721 28 46 82 65
626 126 41 53 42
626 376 58 100 92
626 279 50 74 71
626 667 90 93 90
321 256 42 70 46
321 73 92 96 96
321 359 24 78 44
321 875 90 96 90
322 266 29 91 31
322 528 43 46 43
895 720 83 96 94
895 840 36 97 89
895 543 54 73 59
895 690 18 41 25
327 536 54 68 62
327 172 42 94 93
329 771 39 84 53
329 489 77 85 82
329 639 71 79 78
489 664 83 97 95
489 75 12 48 43
489 629 76 94 93
330 159 19 63 36
330 150 41 74 51
330 15 80 89 88
330 606 35 40 35
330 264 23 47 25
330 61 30 44 41
334 54 45 53 52
334 50 66 98 68
334 526 67 72 68
334 173 13 98 39
334 290 26 49 46
334 643 40 79 71
334 288 74 93 75
779 273 78 99 88
779 86 60 94 79
779 198 26 80 27
724 630 76 77 76
353 899 60 93 93
353 54 86 98 89
353 765 74 99 77
413 167 39 100 75
413 376 33 98 72
413 806 69 90 77
874 498 19 37 31
874 658 25 50 43
874 761 66 96 75
874 430 75 93 86
346 586 48 54 53
346 56 70 80 79
346 175 24 64 57
346 432 11 56 20
549 464 89 91 89
549 169 40 43 42
349 474 80 82 81
349 710 15 65 60
349 216 86 90 89
474 324 12 47 26
474 108 49 64 62
474 676 62 91 90
474 822 13 86 29
474 842 84 98 89
350 349 46 97 71
350 224 47 63 52
350 834 10 98 64
350 182 29 77 59
350 496 76 95 83
906 567 42 62 49
906 788 56 81 79
906 879 64 87 76
906 908 26 83 53
906 894 58 66 58
906 710 84 85 84
906 245 58 73 71
899 662 88 97 89
899 396 77 87 83
899 839 29 53 29
899 745 66 85 80
765 461 32 45 42
765 450 17 35 34
765 514 84 91 91
765 366 47 98 58
354 528 19 35 31
354 464 47 79 75
354 519 68 87 72
355 693 81 83 81
355 476 73 92 85
355 405 65 98 68
355 815 33 78 40
355 334 24 87 44
355 343 27 56 38
355 434 64 74 66
355 91 46 60 59
355 775 93 99 98
693 698 44 53 45
693 416 57 66 62
693 607 88 94 88
693 306 69 75 71
693 248 23 76 51
693 834 29 87 67
693 247 63 72 68
434 119 50 96 79
434 769 11 30 30
434 477 93 100 100
434 777 64 71 70
741 537 23 82 56
741 91 92 97 94
741 724 58 59 58
741 598 63 72 72
741 692 45 83 78
741 386 39 66 52
364 792 38 54 54
364 829 65 83 65
364 466 78 79 79
364 451 51 72 71
364 734 26 59 47
364 111 73 88 73
364 128 82 96 84
466 125 86 98 90
466 816 60 71 68
466 831 26 39 35
466 352 95 98 95
904 584 21 35 35
904 390 35 98 41
904 306 71 85 73
904 128 16 70 38
904 185 76 93 91
904 29 34 84 59
366 654 64 88 69
654 422 91 95 94
654 702 68 94 84
648 234 12 16 15
648 334 41 61 54
648 82 25 27 25
673 908 71 84 82
673 686 44 70 44
673 141 12 58 39
781 234 61 74 61
781 925 64 87 69
781 730 60 97 70
813 250 70 79 78
813 776 90 91 91
813 829 69 95 82
813 810 92 99 94
926 646 56 87 75
579 475 31 86 59
523 755 10 49 48
523 883 69 71 70
523 796 50 95 62
523 903 65 86 76
523 255 36 83 60
523 828 40 88 59
523 466 30 47 45
680 240 16 25 24
680 508 56 89 59
680 278 42 57 54
680 285 91 96 93
680 493 32 58 53
680 191 59 64 63
680 448 52 75 61
680 369 26 31 28
372 117 27 79 46
402 18 16 92 62
402 833 83 99 96
402 70 84 97 91
664 326 15 68 21
664 813 48 98 52
664 877 57 60 58
664 13 34 36 36
664 53 22 98 85
664 636 90 93 92
377 394 33 59 42
377 543 34 66 36
377 581 77 96 91
377 287 57 90 57
379 359 15 64 15
379 613 91 92 92
379 58 44 94 47
379 812 92 100 94
379 276 35 96 40
383 215 19 93 50
383 481 12 62 34
383 654 79 98 79
383 210 32 75 43
383 542 75 82 76
383 479 33 84 71
542 686 24 87 45
542 803 24 51 47
542 765 39 46 46
542 496 34 91 58
385 164 78 90 82
385 210 14 30 20
385 87 83 99 84
385 849 63 72 63
385 665 65 69 65
499 470 63 93 78
388 132 88 90 88
390 51 13 39 16
390 77 92 94 92
390 135 47 61 54
656 119 71 96 84
656 72 23 62 29
656 650 18 31 23
656 379 71 87 73
395 883 24 94 33
395 869 44 58 50
395 471 81 87 82
395 665 90 94 92
883 704 29 98 31
883 566 72 82 76
397 98 45 48 46
397 916 95 97 96
397 304 42 80 60
397 542 58 96 64
397 656 60 94 84
832 48 33 100 99
400 385 11 15 15
400 440 17 22 20
400 42 80 85 85
400 157 23 77 23
440 328 92 95 94
440 672 19 54 44
440 212 61 97 77
440 12 95 100 97
440 478 32 86 36
592 923 87 92 92
592 546 21 64 63
592 836 88 93 90
887 853 11 70 14
833 492 63 99 85
833 494 62 94 76
403 618 91 98 95
403 705 44 51 50
403 417 13 89 17
403 214 36 59 48
403 749 69 90 88
403 53 88 90 89
749 18 11 46 37
749 363 88 97 89
749 820 74 94 84
749 807 29 86 75
749 126 59 63 62
749 892 20 50 49
406 802 50 51 50
406 292 22 55 54
666 40 28 99 52
666 330 49 84 49
666 571 69 98 87
666 255 57 74 74
666 475 80 97 95
666 896 43 86 82
640 462 24 31 27
418 580 50 99 67
418 437 57 85 83
418 40 68 86 81
418 205 49 51 51
550 551 52 97 77
550 498 35 73 69
550 59 12 91 18
550 810 27 95 78
550 224 92 97 93
550 766 72 80 77
550 769 57 72 70
850 215 60 61 60
918 41 46 94 63
918 365 71 76 75
918 338 28 73 55
918 378 18 71 64
918 916 32 76 65
428 678 21 82 75
428 792 91 99 98
428 798 25 42 40
428 489 21 58 51
428 132 42 70 43
758 831 70 80 76
758 899 16 56 25
758 284 77 85 81
758 246 34 53 41
758 495 40 93 50
758 104 19 42 27
430 146 62 86 85
430 720 16 24 22
430 517 16 43 18
430 262 25 60 53
430 860 71 86 71
430 301 42 72 56
574 382 18 96 67
574 411 73 89 74
574 181 63 100 69
574 309 47 75 52
574 33 13 39 17
574 576 28 95 46
574 754 85 86 85
574 861 48 69 62
433 90 81 82 82
433 845 83 87 84
433 599 10 11 11
433 342 72 84 77
845 128 59 76 67
769 842 65 77 76
769 44 91 95 95
769 85 70 90 90
769 382 72 78 72
769 535 58 82 81
769 699 93 95 93
436 75 52 93 67
436 639 43 76 65
436 914 30 80 36
436 826 13 72 66
551 286 82 95 87
551 835 80 97 84
551 383 55 76 59
551 606 27 53 43
551 368 75 95 75
551 690 25 80 30
551 171 72 91 80
551 19 12 95 38
551 677 13 14 13
439 179 78 100 93
439 366 92 97 96
439 899 60 83 60
439 582 59 62 59
582 830 46 81 61
582 34 36 51 49
672 611 54 65 65
672 15 72 76 74
686 312 60 80 67
686 100 44 46 46
686 248 23 31 25
686 335 66 91 75
686 886 15 23 15
853 410 31 58 40
853 775 67 72 71
444 159 81 87 86
444 790 84 98 97
444 134 68 73 73
444 113 88 91 88
444 499 21 83 40
444 247 93 98 94
444 527 63 100 86
445 607 26 52 46
624 745 55 79 72
624 91 20 28 24
460 335 44 59 47
460 584 47 95 57
461 78 41 71 67
461 849 33 67 44
469 875 87 94 93
469 266 82 91 82
469 228 56 82 65
469 603 52 75 72
822 10 70 83 71
822 347 19 60 46
822 711 30 43 36
822 821 66 67 67
475 538 31 92 45
475 918 94 96 94
475 242 30 44 36
475 864 95 98 97
538 713 89 91 90
538 304 87 91 89
538 663 21 44 44
538 724 87 90 89
538 901 79 91 89
538 642 94 95 94
865 116 95 99 98
865 383 42 98 95
619 831 68 95 92
619 119 17 95 23
619 694 65 93 75
738 190 35 50 41
738 142 56 57 56
715 633 20 83 36
715 862 22 53 29
715 186 72 76 76
715 728 27 85 28
485 320 72 98 90
485 331 52 84 83
485 889 54 66 65
485 51 44 74 54
485 276 14 39 17
889 746 69 90 76
889 557 14 66 24
889 349 21 57 51
486 369 15 40 30
486 68 40 83 75
486 136 86 97 97
486 503 27 68 56
492 165 82 98 88
805 267 13 67 59
805 849 13 18 17
805 437 78 97 89
805 611 33 47 41
657 475 95 100 96
657 869 36 90 41
657 369 72 92 81
657 911 89 94 94
657 473 75 98 81
651 507 16 64 38
651 587 50 97 56
651 533 89 93 91
651 54 50 86 68
651 767 77 81 80
504 897 42 61 50
504 818 48 91 77
504 248 61 99 77
504 536 22 85 33
504 276 79 83 80
505 551 40 61 60
505 789 88 100 95
505 709 80 81 80
505 374 70 77 74
505 766 21 60 41
505 140 47 64 52
509 4 20 54 42
511 18 71 94 79
511 36 54 69 69
511 613 20 25 24
546 871 27 40 35
546 399 74 83 80
546 31 39 85 40
546 443 76 99 88
546 492 27 79 60
513 301 67 70 69
513 923 16 89 25
701 521 57 71 68
701 58 27 69 53
701 411 75 80 76
701 6 58 85 84
520 596 30 78 69
520 283 78 84 78
520 152 59 92 78
521 349 70 95 71
521 905 81 91 85
521 780 74 84 84
670 396 86 95 88
755 311 19 41 24
755 678 18 73 55
755 651 94 98 97
796 237 48 91 91
796 814 64 95 84
774 590 34 98 97
774 701 36 46 46
774 415 55 69 63
774 43 62 91 83
774 537 65 76 73
774 656 63 99 73
774 267 63 65 63
529 400 11 17 11
529 573 88 100 88
529 221 76 86 79
529 485 95 98 97
529 497 27 79 58
529 428 46 77 64
573 689 80 86 80
530 554 64 98 72
530 275 12 19 12
530 626 31 65 39
689 647 12 91 30
689 176 60 67 62
689 136 37 56 56
535 703 14 98 66
535 745 92 97 93
535 358 65 78 75
535 758 43 98 95
535 144 33 83 49
535 341 70 93 86
535 910 77 100 86
535 704 27 45 45
535 694 26 27 27
704 406 44 95 58
704 57 84 100 99
704 158 20 53 47
704 143 40 50 49
642 280 22 57 35
642 874 33 83 49
642 449 50 71 64
716 198 15 94 35
716 551 70 85 76
716 381 37 89 88
716 891 59 62 61
716 622 65 68 65
919 396 79 90 80
919 137 12 50 50
838 380 80 84 82
637 547 53 84 69
637 869 29 85 67
637 555 29 39 33
690 430 84 85 85
690 394 15 62 40
690 647 86 92 92
690 108 62 74 66
690 376 67 91 79
690 45 52 60 55
625 414 22 46 29
625 507 78 99 79
625 754 50 67 52
625 248 53 66 58
760 73 69 80 77
760 705 20 97 71
760 588 79 84 79
760 676 63 64 63
760 600 19 51 44
760 718 59 63 61
760 98 15 32 32
760 602 29 46 38
760 832 81 98 94
867 164 57 67 65
867 246 83 95 89
867 282 85 88 85
867 899 92 94 93
867 158 57 83 60
867 574 86 99 93
567 603 42 47 45
567 105 27 97 96
567 262 75 79 77
575 296 87 100 93
575 178 80 83 80
578 599 43 72 66
578 370 27 85 56
578 76 23 61 24
885 383 88 94 93
885 96 46 74 74
885 736 91 95 93
885 926 66 74 68
885 453 90 94 93
885 583 16 46 17
631 325 80 87 83
631 683 30 79 31
631 586 77 99 93
631 915 62 83 83
631 634 85 86 86
679 618 64 96 85
679 752 35 51 50
679 857 58 67 65
604 341 45 74 74
604 662 85 89 89
604 115 19 78 45
604 300 71 81 73
604 396 56 69 62
604 147 50 79 55
604 555 51 91 75
762 870 78 87 85
762 505 18 95 39
762 65 94 98 95
762 328 67 68 67
620 367 43 69 59
620 596 67 82 74
620 789 14 57 22
620 184 42 54 42
620 865 61 97 70
620 909 88 89 88
620 110 55 89 70
620 337 53 60 59
620 802 18 65 25
622 72 22 82 55
622 849 54 76 68
622 404 45 97 54
622 873 10 95 20
667 232 73 85 85
667 922 43 70 65
667 448 85 88 86
627 10 84 100 87
627 213 95 100 98
627 478 54 95 91
627 619 17 40 29
627 251 63 65 65
863 626 86 99 88
863 38 56 97 85
863 903 14 35 30
863 134 91 93 91
634 587 17 72 25
634 75 18 73 57
908 404 72 94 81
908 507 48 73 58
908 517 33 71 60
645 789 46 62 53
645 603 82 88 86
645 114 24 28 25
645 138 16 88 43
652 577 69 92 83
652 739 85 91 87
652 261 29 51 29
652 95 87 90 90
661 328 57 72 72
661 374 42 98 42
661 879 27 62 52
661 12 28 57 48
800 3 58 80 72
800 132 69 81 78
800 113 15 96 21
800 705 21 28 28
800 164 42 69 48
681 710 60 78 71
681 20 24 39 38
681 296 86 89 87
681 845 61 96 84
681 876 73 84 82
681 195 54 87 86
876 43 64 78 72
876 798 44 75 75
687 440 48 81 52
687 876 42 60 56
687 464 73 92 85
692 22 84 89 89
692 551 82 83 82
692 88 47 69 69
692 763 84 99 97
692 286 18 44 27
692 318 28 64 30
772 836 13 24 20
772 276 66 82 74
772 685 87 88 87
797 526 75 98 90
797 404 38 62 40
797 478 80 82 80
797 341 64 78 72
797 311 52 100 67
797 35 21 24 21
797 479 36 72 44
797 916 10 63 19
712 269 19 77 48
712 323 93 99 95
712 410 10 90 29
712 276 70 90 82
712 585 95 98 95
862 759 68 71 71
862 861 61 69 69
722 448 36 69 50
722 892 86 89 88
722 147 53 56 56
722 409 55 76 61
723 573 23 64 34
723 435 24 43 37
737 332 90 93 92
737 661 23 39 30
746 403 79 92 87
746 333 79 98 91
746 591 68 96 92
746 705 24 84 66
825 188 31 41 33
825 140 91 95 93
825 163 73 78 73
907 481 54 98 57
907 581 70 91 90
907 788 83 96 88
907 566 78 84 84
907 438 76 87 86
907 195 74 77 74
907 586 20 31 20
827 818 26 37 27
827 276 65 69 65
827 199 92 98 98
784 3 54 70 67
784 464 20 67 41
784 697 45 61 46
784 872 49 95 54
858 909 59 85 69
0 926
