39 114
0 16 52 66 54
0 19 13 69 47
16 31 56 68 58
16 34 33 48 40
16 8 20 80 56
16 37 88 96 91
16 3 91 98 97
16 38 85 90 85
16 4 18 94 70
19 17 40 97 46
19 29 23 45 40
19 6 58 95 92
19 22 48 92 92
1 20 57 69 65
1 36 29 66 53
1 10 59 87 59
1 8 56 62 60
20 2 93 96 93
20 9 47 96 62
36 3 47 56 50
36 5 91 95 92
10 21 65 95 69
10 28 39 51 44
10 25 31 34 33
8 12 16 85 37
8 24 37 79 52
8 3 53 66 58
2 33 26 89 31
2 12 56 77 56
2 26 28 80 32
33 26 35 36 35
33 35 25 74 68
33 20 32 74 65
33 14 28 48 38
12 5 53 59 57
12 34 39 60 55
12 15 84 93 84
26 17 65 73 68
26 8 10 40 15
26 12 23 59 24
3 16 90 93 92
3 32 47 70 69
3 4 31 65 56
4 6 92 95 95
4 17 25 51 38
4 28 13 86 55
4 32 33 89 68
6 33 41 77 60
6 24 51 89 77
6 9 88 91 90
6 10 41 55 51
6 22 60 79 78
17 0 27 92 48
17 26 11 32 20
28 19 75 92 90
28 23 65 81 77
5 32 69 70 69
5 0 83 90 84
5 20 68 98 93
5 9 72 81 80
5 33 60 68 64
9 22 41 79 67
9 6 87 88 87
9 31 64 69 69
24 38 47 61 51
24 29 42 91 53
24 9 90 92 91
22 7 43 88 68
22 2 37 38 38
22 37 54 67 54
7 22 52 79 79
31 24 94 96 95
31 12 95 97 95
31 23 56 90 87
31 30 41 55 41
31 15 42 73 70
21 31 28 56 55
21 18 81 87 82
21 27 62 93 81
21 33 15 33 29
25 3 82 88 87
25 33 16 49 24
34 26 24 70 36
34 32 23 53 39
15 38 78 82 80
15 31 79 80 80
15 9 70 78 77
15 8 55 94 68
15 13 95 99 98
13 32 94 100 100
14 2 37 64 51
14 7 85 89 85
14 13 92 100 99
38 9 31 67 52
38 0 82 95 89
38 4 25 40 38
38 21 43 100 69
38 24 44 69 46
38 5 33 87 48
38 22 66 86 73
37 10 53 55 55
18 8 57 65 62
18 34 24 81 52
18 13 64 73 70
29 32 74 98 98
29 33 66 80 72
29 27 17 90 33
27 26 95 99 98
27 7 38 78 41
27 32 13 57 21
23 37 85 99 98
23 29 40 63 52
23 31 60 92 66
30 13 90 91 91
0 38
