231 634
0 209 95 100 95
0 186 20 66 43
0 5 62 91 89
209 230 84 86 86
209 211 77 90 78
5 92 66 72 66
5 58 46 47 47
1 115 17 59 20
1 146 10 63 20
1 149 81 95 90
1 130 78 86 79
1 214 65 73 72
115 164 68 84 81
115 71 13 78 33
149 170 67 89 85
149 150 26 95 73
130 27 14 67 22
130 18 95 99 95
130 215 63 84 70
214 95 46 92 53
214 211 52 68 57
2 125 58 99 72
2 179 58 95 72
125 25 44 97 71
125 143 26 86 85
125 134 44 63 52
125 74 15 75 75
179 120 83 94 86
179 143 14 64 63
3 108 56 98 71
3 61 44 62 53
3 62 87 98 98
108 164 29 54 44
108 174 59 60 60
108 154 92 94 94
61 206 10 39 32
61 116 73 94 75
62 32 58 72 71
4 223 16 59 19
223 105 14 50 50
223 4 12 60 21
92 49 86 92 89
92 198 89 90 89
58 74 40 64 45
58 114 94 95 95
58 51 65 91 80
7 194 69 95 85
7 48 36 63 48
194 97 30 100 55
194 100 88 93 90
194 119 38 90 85
194 51 53 78 53
48 228 79 81 79
48 100 31 40 38
48 143 51 70 59
48 225 54 91 85
48 99 54 77 54
8 168 67 74 69
168 84 33 58 37
168 207 81 97 90
168 152 83 90 89
168 108 33 50 45
168 18 72 74 74
168 206 20 87 76
9 100 70 87 85
100 23 35 85 84
10 77 67 82 71
77 209 30 43 41
77 197 20 89 65
77 59 42 97 63
11 45 24 82 71
11 59 60 61 60
11 210 19 45 23
45 200 58 78 74
45 170 79 95 81
45 154 18 71 41
45 181 50 73 67
59 79 22 64 54
59 25 53 73 62
59 153 34 58 48
59 102 17 88 55
210 204 29 54 39
12 172 53 63 53
12 140 49 98 55
172 25 25 47 28
172 204 75 76 75
172 5 53 81 55
172 93 41 70 47
140 198 51 52 52
140 150 23 93 72
140 130 37 56 41
140 139 49 78 59
140 34 43 90 66
140 93 26 83 51
13 40 34 97 67
13 90 88 94 90
13 36 22 94 73
40 33 51 68 56
90 122 75 76 76
90 81 35 87 79
90 67 66 74 72
90 206 51 81 63
90 41 64 69 66
36 225 74 76 74
36 68 65 89 81
14 165 51 74 61
165 17 17 55 46
165 52 85 96 96
165 192 49 54 52
165 188 89 94 91
165 222 88 99 88
15 228 67 98 76
15 27 44 77 56
15 206 66 90 88
15 229 62 88 87
15 211 92 98 97
228 109 69 76 70
228 10 89 93 90
27 25 44 64 50
206 105 16 93 55
206 135 37 66 62
229 141 60 97 83
229 191 81 94 83
229 180 21 37 35
229 73 72 80 73
211 130 86 91 86
211 212 85 96 86
211 59 61 71 62
211 71 59 83 67
16 184 62 99 76
16 67 72 82 82
16 187 35 88 60
16 130 45 98 95
184 89 56 93 64
184 118 56 78 75
184 14 47 55 51
184 192 36 38 38
187 128 19 64 20
187 145 26 51 34
187 136 28 50 37
187 72 15 74 46
17 229 10 55 16
17 162 26 60 60
162 86 13 36 30
18 24 31 65 62
18 213 36 64 50
24 224 37 57 51
24 126 19 82 73
24 194 62 74 70
24 162 50 54 52
213 188 59 92 63
213 5 82 97 93
19 119 46 80 70
119 84 88 93 88
119 40 40 92 47
20 74 44 59 55
20 202 37 69 53
20 16 64 73 67
20 177 19 33 33
74 208 60 70 64
74 90 85 95 93
74 230 43 64 53
202 160 62 77 62
202 217 66 90 70
177 70 60 81 61
21 47 44 61 53
21 38 15 33 24
21 43 23 82 75
47 199 92 97 93
47 92 88 98 89
38 33 77 86 77
38 91 70 91 71
38 203 77 93 79
38 230 35 78 45
38 115 92 98 96
38 139 37 62 39
38 40 30 65 60
43 13 47 55 54
43 8 87 92 90
43 38 70 78 72
43 171 63 80 77
22 26 87 88 87
22 133 12 31 28
22 183 57 67 59
26 54 69 77 71
26 61 40 68 61
26 164 55 64 57
26 191 33 84 35
26 66 52 92 78
133 98 45 68 66
133 186 57 94 93
183 171 57 71 57
183 38 56 84 76
183 155 92 98 95
183 17 27 79 27
183 50 45 88 63
23 47 13 58 16
23 87 25 56 30
87 24 63 87 70
87 224 10 37 32
87 74 76 91 81
87 136 45 93 90
224 169 62 91 79
224 18 64 82 74
224 221 68 82 69
224 24 37 88 86
224 148 60 82 82
224 227 19 27 26
126 226 42 52 52
126 103 34 44 34
25 182 86 87 86
25 165 82 86 85
25 168 34 59 38
25 73 86 98 98
182 185 78 79 79
182 75 14 51 30
73 137 38 55 55
73 148 37 82 68
73 222 58 66 60
73 81 61 67 67
73 136 85 97 92
73 59 68 86 68
54 152 19 61 60
54 107 93 98 96
54 73 82 99 94
54 110 43 85 55
54 111 43 91 80
164 119 12 75 64
164 155 16 23 23
164 45 52 89 88
164 128 47 51 51
66 219 84 89 85
28 30 54 58 56
28 139 68 95 68
28 40 70 76 76
30 131 75 89 79
30 2 58 86 73
30 163 83 98 94
30 64 51 79 57
30 98 83 99 99
139 117 59 78 73
139 31 29 71 56
139 179 16 55 26
139 39 93 96 95
29 40 10 87 63
29 53 83 98 95
29 96 12 79 76
29 142 60 76 74
29 194 34 47 42
53 146 51 70 63
53 100 18 77 72
53 43 76 97 95
96 218 81 91 84
96 200 65 93 75
96 39 80 84 81
131 161 66 69 68
131 70 49 51 50
131 227 20 40 29
64 126 53 63 53
64 210 43 57 52
64 127 12 86 62
98 207 88 93 90
98 106 35 54 40
98 44 85 100 89
32 134 26 66 57
134 181 56 66 58
134 166 55 88 55
134 194 63 65 65
134 145 67 82 73
134 148 23 27 26
134 223 49 83 51
33 0 53 82 55
33 46 10 47 38
46 19 57 58 58
46 104 60 62 60
46 182 37 80 59
34 195 69 95 76
34 71 40 49 40
195 42 20 95 37
195 43 47 92 51
71 58 11 22 11
71 182 93 94 93
71 187 77 95 84
71 76 78 99 82
71 163 23 96 66
71 136 65 90 80
71 15 19 91 76
71 110 53 77 55
35 81 10 40 16
35 180 61 82 61
35 112 28 57 30
81 107 55 85 70
81 104 27 48 28
81 226 95 97 97
180 47 55 81 80
180 97 83 100 90
180 195 25 81 60
180 7 93 100 99
112 106 56 93 84
225 87 70 80 79
68 24 22 54 35
37 180 89 90 90
37 226 64 75 69
226 98 71 96 83
91 154 22 36 24
91 31 88 95 93
91 178 54 88 82
91 198 41 59 55
91 22 36 45 39
230 76 86 94 92
230 100 73 97 88
230 110 59 94 64
39 3 47 65 64
39 182 38 68 46
41 143 72 94 94
41 75 17 54 20
143 66 76 83 80
143 210 33 56 46
143 202 79 91 81
143 150 67 77 72
143 111 10 89 61
75 27 84 91 86
75 72 44 99 64
75 81 90 97 93
75 217 22 40 34
42 196 28 64 34
42 69 56 88 63
42 176 93 96 96
42 18 34 78 48
42 45 60 83 82
196 68 50 75 61
196 184 66 88 80
196 24 45 97 65
69 229 11 38 17
69 105 76 87 79
69 202 88 97 95
69 3 57 77 67
176 55 69 97 95
176 116 15 87 26
171 158 40 64 54
44 117 49 100 50
44 162 57 92 65
117 46 68 98 81
117 41 93 100 100
117 172 32 35 35
117 55 18 48 23
200 184 31 45 37
200 21 43 77 71
200 138 31 52 46
200 144 56 92 62
170 33 77 97 80
154 31 64 65 65
154 200 82 92 84
154 146 56 67 57
181 207 79 92 82
181 126 59 82 74
181 16 16 34 29
104 46 54 60 59
104 198 17 86 82
104 18 35 70 46
199 134 83 98 92
99 140 60 64 63
99 124 43 67 62
99 25 60 64 64
99 127 59 73 67
99 180 92 98 93
49 172 13 31 16
49 2 82 83 82
49 143 68 93 93
50 37 27 56 34
50 191 43 55 50
50 187 32 95 68
50 60 57 73 71
50 189 91 100 96
189 169 22 36 34
51 3 45 51 51
51 191 57 66 63
52 206 91 92 91
52 18 79 86 82
52 212 79 96 81
52 152 80 87 80
212 56 19 82 34
152 163 23 68 39
152 186 40 92 40
107 24 40 75 51
110 185 46 61 48
110 191 11 79 31
110 3 31 99 96
111 65 90 93 93
111 86 14 40 19
111 180 92 100 93
111 43 23 87 65
111 15 44 94 48
111 163 41 93 68
55 216 75 88 76
216 175 39 76 57
216 46 56 84 84
216 84 15 56 17
216 117 31 58 44
56 69 90 98 98
56 108 12 81 51
56 76 91 96 95
76 53 79 100 88
76 44 54 97 59
76 61 82 86 84
57 16 56 62 56
57 159 87 97 97
57 202 20 38 31
57 195 66 72 69
57 144 55 75 56
57 97 66 73 70
57 135 88 95 90
159 25 47 77 72
144 71 47 49 48
144 217 39 88 79
135 215 95 97 96
135 52 53 87 79
114 148 54 72 58
114 60 93 99 99
114 105 74 90 83
79 7 32 54 39
153 116 15 95 19
153 58 84 96 94
153 230 42 100 74
102 192 70 92 90
102 165 67 100 100
102 40 74 91 88
116 46 82 100 99
116 197 10 74 49
116 192 84 86 85
63 26 81 90 90
63 191 25 78 33
127 187 10 79 41
127 76 50 81 55
127 73 50 71 52
127 1 24 32 24
65 229 22 47 40
65 51 71 88 73
65 38 75 79 76
65 114 55 92 75
219 157 52 90 58
219 207 94 98 95
219 108 48 69 54
219 139 65 78 65
105 108 93 97 94
105 34 34 68 40
70 78 55 97 66
70 224 87 90 88
70 90 52 82 82
78 198 76 78 78
136 46 33 53 40
72 228 74 80 75
137 66 43 90 78
137 18 76 98 80
137 80 48 51 49
137 17 94 98 97
148 131 68 94 72
148 49 90 91 91
222 17 32 46 46
208 149 86 89 88
208 35 68 77 72
208 192 52 98 72
217 175 29 83 67
217 211 58 64 58
217 215 17 42 20
217 180 14 79 69
217 12 60 63 61
198 82 36 87 76
198 52 89 99 91
198 94 74 82 76
198 213 91 94 94
198 170 36 80 56
80 225 74 98 74
80 220 27 60 46
220 2 35 68 47
220 69 64 86 75
220 165 65 85 69
83 195 62 95 91
83 99 83 84 83
83 55 15 52 32
84 217 66 72 72
84 88 74 89 79
84 129 74 75 74
84 64 95 96 96
88 155 81 84 83
129 192 54 96 90
129 39 70 93 83
129 170 73 81 78
129 77 82 88 88
85 132 77 82 77
85 182 14 38 32
85 201 31 47 37
132 202 62 67 66
201 48 45 66 64
201 1 22 89 68
201 28 89 100 94
201 162 58 96 59
86 139 43 100 56
86 72 91 93 91
86 156 36 85 67
86 166 59 82 77
86 157 27 39 33
156 164 86 98 95
156 49 59 71 60
156 203 90 93 92
166 185 79 96 85
166 120 60 84 60
166 9 75 81 76
157 147 75 93 78
157 106 46 90 57
155 11 75 87 79
155 160 58 91 69
155 112 17 50 29
155 148 15 63 43
155 23 70 76 75
155 124 12 41 17
155 168 11 62 28
89 93 25 35 35
93 89 16 55 22
93 220 25 63 31
178 227 41 60 47
178 92 65 67 65
178 159 50 73 70
178 67 34 77 54
178 18 30 55 33
178 192 69 100 88
178 39 89 93 92
94 29 39 41 40
94 186 74 78 78
94 13 75 91 89
95 194 17 22 20
95 196 95 98 96
95 19 81 85 85
95 48 40 100 55
218 202 13 84 61
218 102 47 79 77
218 5 77 78 78
207 13 62 84 73
207 82 73 78 73
207 22 18 68 23
207 99 33 99 68
207 41 61 77 70
207 72 45 55 54
106 199 78 79 78
106 123 66 96 86
106 16 89 93 92
106 157 88 98 91
124 131 95 100 96
124 74 38 62 47
124 148 83 91 83
124 140 31 100 53
101 82 61 80 77
101 161 49 58 57
101 61 82 87 86
161 87 84 99 90
161 134 37 60 47
161 111 38 88 54
192 184 61 80 65
192 172 40 43 42
103 198 41 90 69
103 144 74 94 83
123 134 47 54 50
123 178 35 62 52
123 139 90 92 92
123 189 33 83 58
123 30 39 72 52
123 111 86 87 86
123 24 60 72 68
123 78 86 91 90
123 21 68 98 69
174 147 50 67 50
185 155 49 74 61
113 197 95 98 95
113 40 87 97 93
113 31 64 100 90
113 6 80 95 95
118 105 10 100 99
120 37 59 95 63
120 38 81 83 83
120 96 81 86 83
120 123 84 90 89
120 207 87 91 88
121 129 28 70 65
121 93 24 33 33
121 6 12 99 91
121 112 62 80 74
128 3 37 89 78
215 209 12 56 34
215 137 91 97 95
215 185 78 82 79
227 230 84 99 95
227 166 69 97 71
227 101 87 97 95
227 172 59 73 65
227 207 35 99 52
227 59 64 82 74
227 167 49 77 54
227 43 89 100 95
145 115 44 99 87
145 15 32 98 41
138 65 36 39 39
138 165 73 100 95
138 7 90 98 92
138 217 16 26 21
150 157 68 70 70
141 143 67 82 79
147 23 73 90 90
147 4 52 72 54
147 25 26 37 35
151 24 38 91 73
151 202 44 100 86
158 197 79 89 89
188 23 57 74 65
188 86 81 82 82
188 185 87 92 87
188 147 67 81 68
167 196 10 39 32
167 215 46 91 75
167 27 12 53 32
169 17 69 97 91
169 200 52 82 62
169 61 73 88 85
204 17 74 91 79
173 1 30 85 31
175 219 57 78 67
190 77 93 98 98
193 4 17 35 32
193 107 40 56 41
205 46 86 99 97
205 126 60 63 63
205 30 70 73 71
205 202 21 29 22
221 80 55 56 55
221 22 87 91 88
0 230
