17 51
0 16 10 95 38
0 4 48 93 85
0 6 55 77 68
0 9 46 49 46
0 10 53 84 67
16 6 16 67 43
16 8 79 81 81
4 3 26 42 31
4 14 43 72 63
6 16 95 100 100
6 9 20 87 39
6 1 46 95 62
9 3 63 94 89
9 5 49 83 63
10 15 80 88 83
10 7 71 98 82
1 14 94 99 95
1 15 72 79 74
14 4 26 47 37
14 15 80 87 82
14 3 51 74 52
15 0 46 75 71
15 6 65 77 66
15 12 39 65 55
15 5 67 94 86
2 4 36 66 43
2 12 42 62 48
2 14 19 39 36
2 9 48 74 49
12 7 74 95 93
12 16 22 91 28
3 15 54 74 71
3 11 68 80 71
3 0 44 75 65
11 8 85 95 85
11 7 40 53 40
11 13 60 97 70
5 3 80 99 90
5 15 92 94 92
5 0 83 94 85
5 1 55 67 57
5 4 72 84 81
7 4 79 86 84
7 8 40 63 61
7 5 61 89 74
8 11 38 62 51
8 15 28 72 68
13 14 38 61 43
13 5 91 92 91
13 6 85 96 93
13 8 17 92 19
0 16
