439 1359
0 438 57 98 76
0 149 84 90 86
0 48 25 97 68
0 415 31 43 39
0 385 33 46 41
0 237 88 94 91
438 201 10 92 15
438 317 71 78 75
149 242 24 42 38
48 39 88 94 93
48 36 92 96 95
48 433 68 96 87
48 400 89 99 90
415 390 88 95 91
415 192 64 79 67
415 384 54 75 59
385 379 46 75 56
385 227 95 98 95
385 308 62 86 62
385 357 82 95 88
385 333 13 82 24
237 120 41 42 41
237 211 61 80 78
237 15 26 28 27
237 84 49 90 50
237 72 32 96 33
1 285 12 85 38
1 434 95 100 98
1 356 16 53 28
1 249 88 92 89
1 199 28 52 33
285 325 72 79 72
285 160 14 36 35
285 84 69 74 72
285 335 38 64 39
285 322 73 93 75
285 314 28 38 38
434 130 14 16 14
434 109 19 59 41
434 6 27 93 57
434 43 87 94 88
434 87 37 47 37
356 333 45 90 80
356 178 34 43 42
356 73 63 96 85
356 354 70 79 70
356 122 36 59 51
249 358 78 79 78
249 193 10 95 82
249 154 89 91 89
249 1 23 86 55
199 93 69 96 77
2 218 77 80 80
2 175 77 91 86
2 423 13 50 38
2 364 78 79 78
2 163 16 56 20
218 421 77 78 77
218 292 42 47 44
175 132 12 94 90
175 30 71 91 73
175 302 81 82 82
175 245 81 82 81
364 89 50 90 77
364 91 33 75 35
163 3 60 75 67
163 277 14 25 25
163 6 30 78 30
3 421 44 92 82
3 77 30 91 88
3 36 34 65 58
3 343 43 94 49
77 226 23 47 43
77 215 82 84 83
36 421 32 84 68
36 47 76 77 76
36 0 49 93 65
36 248 35 75 56
36 424 47 73 66
36 406 85 93 85
343 109 31 70 66
343 124 74 79 75
4 366 33 94 81
4 148 23 45 32
4 74 42 54 51
366 422 51 96 65
366 185 61 83 79
366 398 14 38 33
366 241 89 98 90
366 5 85 99 91
74 158 75 94 83
74 433 15 93 37
5 173 51 79 73
5 96 31 88 71
5 147 72 74 74
173 80 33 96 57
173 410 94 96 94
173 346 79 87 80
96 307 42 95 52
96 228 78 90 82
96 115 55 82 67
147 288 46 98 95
147 366 83 95 91
147 426 76 79 76
147 159 32 41 33
147 431 17 55 30
147 86 70 96 88
147 160 53 80 80
7 108 39 93 84
7 424 76 88 81
7 415 61 71 66
7 300 58 96 70
7 167 45 62 53
7 362 73 75 73
108 360 74 93 76
108 135 65 100 88
108 280 12 21 16
108 32 62 76 71
424 84 77 100 98
424 375 13 20 18
424 182 53 79 67
424 119 38 41 41
300 254 17 97 89
300 15 76 91 81
300 415 18 73 36
167 268 27 63 56
167 213 42 83 80
362 16 33 40 36
362 56 35 79 52
362 233 59 72 59
362 205 82 85 84
8 277 81 84 84
277 105 34 48 39
277 337 75 93 92
9 61 73 99 92
9 119 57 78 78
9 219 82 86 84
61 378 15 61 57
61 289 33 52 45
61 307 78 88 87
219 401 34 55 39
219 328 40 60 58
219 111 95 98 97
219 40 92 97 97
219 271 75 91 85
10 215 34 73 36
10 216 85 86 85
10 33 16 94 17
215 277 40 96 81
215 80 79 83 79
215 164 47 88 70
215 213 14 99 44
215 189 81 83 81
215 161 60 76 62
216 124 49 91 71
216 35 57 65 62
216 357 67 80 70
216 128 83 97 90
33 105 60 91 63
33 397 54 59 59
11 44 59 83 64
44 428 39 70 46
44 324 29 72 58
44 401 54 71 71
44 221 36 59 51
12 348 38 72 58
12 70 38 98 77
12 274 42 90 73
12 233 32 43 41
12 66 56 69 64
12 167 15 31 23
348 101 73 81 73
348 212 24 100 42
348 347 54 86 67
70 194 74 85 76
70 283 24 45 45
70 242 16 19 17
70 156 85 98 94
70 375 90 98 93
70 422 40 83 83
70 180 58 87 81
274 381 19 82 73
233 28 25 90 67
233 210 31 69 63
66 333 54 81 74
66 213 87 98 98
66 171 93 96 96
66 397 31 94 53
13 357 38 50 43
13 124 30 85 70
13 142 31 32 31
13 193 75 100 100
13 238 17 100 23
357 162 90 93 93
357 365 28 47 37
357 414 67 100 86
357 134 55 100 60
357 47 43 97 89
124 162 74 76 76
124 117 64 66 65
142 240 23 53 41
142 328 84 97 87
142 205 19 92 75
142 407 62 70 67
142 120 41 42 42
142 258 18 29 23
142 30 47 91 89
193 379 48 79 49
193 247 83 85 84
238 324 83 85 85
238 270 38 97 58
14 264 75 86 84
14 131 45 84 72
14 50 54 86 73
264 70 12 44 37
264 242 40 69 55
264 428 70 86 84
131 128 45 79 53
131 237 31 83 67
131 331 64 76 66
131 422 81 94 81
50 413 49 85 64
50 369 46 75 60
15 427 12 69 43
15 400 89 91 90
427 349 54 81 65
427 96 41 79 48
427 145 91 99 94
400 273 83 94 83
400 209 68 74 68
16 352 34 90 63
16 305 25 87 46
16 419 76 93 87
352 345 22 89 27
352 318 19 37 32
352 185 65 67 65
352 342 17 32 23
305 292 33 34 33
17 138 37 55 39
17 100 47 76 61
17 342 49 52 50
17 120 26 38 30
100 4 21 70 21
100 59 88 95 94
100 109 45 100 85
100 266 12 50 41
342 315 53 80 77
342 245 85 94 90
342 201 90 100 95
120 49 88 94 89
120 238 25 83 73
120 339 27 59 40
120 156 40 98 92
120 403 34 90 80
120 103 13 55 34
18 388 22 60 36
18 121 58 82 74
18 393 93 96 93
388 257 25 49 43
388 337 27 84 56
388 292 20 44 34
121 45 43 80 48
121 176 83 95 85
121 17 87 94 91
121 207 10 75 51
121 248 48 81 56
121 86 12 47 45
393 294 71 78 75
393 408 47 50 50
393 346 25 42 25
393 203 40 78 44
393 110 28 64 29
19 194 12 45 26
19 349 73 99 97
194 105 39 92 80
194 166 84 94 89
194 0 66 89 80
194 68 27 33 27
194 421 38 57 50
194 199 78 83 80
349 179 68 92 72
349 245 13 31 31
349 120 23 66 58
349 320 24 37 24
349 152 89 93 91
20 283 93 94 93
20 151 69 78 78
20 355 30 48 46
283 53 69 85 73
283 424 64 83 66
283 234 17 24 17
151 31 13 29 13
151 98 44 56 45
151 29 22 65 47
355 132 31 86 78
355 349 73 89 73
355 304 24 97 59
21 203 56 72 70
21 388 82 91 83
21 386 38 80 72
203 267 73 96 95
203 257 85 86 85
203 338 84 87 85
203 41 75 91 87
386 264 52 80 59
386 410 24 80 26
22 272 62 94 75
272 308 68 100 80
272 295 73 77 77
23 329 36 100 98
23 413 56 92 82
413 278 25 35 25
413 248 83 86 83
413 299 65 66 66
413 396 91 96 95
413 295 32 77 48
24 425 31 35 35
425 92 14 15 14
425 371 43 57 47
425 93 66 74 66
425 152 28 72 40
25 297 73 75 75
25 115 76 99 90
25 311 15 59 33
25 199 32 79 57
25 177 66 97 82
297 188 56 57 56
311 324 45 99 92
311 12 47 98 75
311 168 40 92 69
311 54 24 32 32
311 195 28 41 38
26 168 83 86 83
168 19 50 68 63
168 166 63 82 81
168 365 11 89 72
168 156 92 100 94
168 293 26 61 58
168 99 85 100 92
168 189 55 85 60
168 372 74 77 77
27 432 15 68 37
432 216 25 69 64
432 176 63 72 63
432 429 14 69 15
432 294 12 51 33
432 243 18 39 32
432 370 51 52 51
432 155 58 97 85
28 130 11 99 20
28 205 42 62 51
28 85 70 74 72
28 299 82 90 83
130 351 58 90 67
130 419 10 46 38
130 304 34 46 44
205 118 10 72 20
205 31 89 91 90
205 390 84 86 86
85 29 20 54 21
85 93 66 95 68
85 335 75 98 75
85 347 67 87 75
85 190 49 85 56
299 186 27 55 35
299 22 69 78 78
29 179 68 97 88
29 382 27 69 38
29 320 67 81 76
179 132 65 78 69
179 78 75 78 77
179 252 34 41 35
179 246 10 86 53
382 89 75 93 79
320 259 48 66 60
320 288 41 65 65
320 28 63 72 72
32 277 70 79 79
32 370 41 84 77
370 42 92 95 93
370 352 63 73 66
370 427 32 97 86
105 164 40 69 60
105 259 89 95 93
105 200 84 97 95
105 386 20 99 32
105 368 11 29 13
105 365 82 86 84
397 224 35 70 40
397 227 81 82 82
397 435 62 86 75
34 88 35 100 57
34 99 19 97 25
34 198 91 97 95
34 64 46 79 49
88 225 90 94 92
88 52 62 77 64
88 232 82 97 86
88 178 13 49 47
99 364 35 56 41
198 341 12 100 54
198 142 60 100 76
35 8 64 100 72
35 72 21 84 82
35 283 79 80 80
35 66 58 96 85
72 193 34 75 45
72 367 10 33 25
72 111 57 77 76
72 210 22 24 22
47 4 91 93 93
47 349 12 100 34
248 318 91 93 91
248 320 55 70 69
248 268 10 31 14
406 13 61 71 66
37 260 70 82 78
37 1 54 86 65
37 354 76 91 80
37 353 47 51 47
37 119 69 78 70
260 417 70 75 75
260 160 89 90 90
260 258 63 81 63
354 209 57 90 84
354 297 19 67 57
354 398 84 90 85
353 120 76 88 77
353 262 49 75 54
353 204 78 93 79
38 229 94 99 95
38 428 54 65 64
38 308 30 50 32
229 301 68 87 79
229 391 83 94 93
229 75 64 85 74
229 89 42 77 50
229 393 89 90 89
428 341 57 78 66
428 149 44 84 82
428 26 46 90 57
428 225 34 77 61
428 269 18 32 27
428 114 80 93 90
428 309 93 94 93
428 284 89 92 89
308 345 17 82 41
308 290 83 94 83
39 42 66 91 70
39 19 31 96 58
39 318 51 89 63
39 66 53 74 61
39 417 69 89 84
39 339 92 98 97
39 317 66 90 90
318 262 54 82 57
318 107 80 87 80
318 247 40 68 66
318 315 26 75 56
318 102 20 69 32
318 398 47 83 75
417 434 90 91 90
417 44 15 53 15
417 272 38 86 62
339 416 82 92 88
339 101 38 89 47
339 206 71 87 81
339 369 92 97 97
339 305 57 97 82
339 177 28 86 38
317 423 64 79 76
317 167 24 86 54
317 74 26 98 62
317 6 83 88 88
317 71 73 99 81
317 340 44 71 63
317 170 13 44 31
317 278 24 56 28
317 48 40 100 91
317 257 91 96 94
317 209 63 93 71
317 178 91 94 91
40 124 62 64 63
41 195 29 33 33
41 46 54 65 57
41 390 92 100 96
41 49 71 98 92
195 230 91 92 91
195 311 36 45 36
195 406 43 81 53
46 245 59 79 76
46 206 90 93 90
46 66 24 27 25
46 253 78 92 86
390 104 18 58 50
49 125 93 98 95
49 415 94 96 96
49 194 19 99 40
49 421 37 41 41
324 395 11 90 61
401 325 39 88 80
401 245 73 78 78
401 211 57 88 65
401 371 68 75 75
45 363 80 90 82
45 53 56 94 89
363 163 53 88 56
363 123 35 49 35
363 305 21 77 46
53 209 26 34 29
53 420 30 65 33
245 251 75 97 82
245 292 83 88 84
245 196 56 86 58
206 204 18 48 19
206 321 88 92 89
206 302 80 88 83
206 23 94 99 95
253 24 84 87 86
253 282 52 67 62
253 71 60 92 75
253 321 26 52 35
433 432 33 73 55
433 102 40 58 53
433 366 76 84 78
433 11 11 16 15
433 46 13 73 17
433 18 72 83 75
433 119 54 57 54
433 428 49 61 55
125 279 72 91 81
125 351 54 80 63
369 132 80 89 81
369 108 86 88 87
369 111 38 47 45
51 163 26 29 27
51 181 83 96 87
51 297 34 81 44
51 238 56 90 70
181 111 40 93 42
52 269 11 46 16
269 99 22 77 63
269 248 20 73 27
269 175 49 92 60
269 229 73 95 82
269 241 13 44 33
269 399 21 36 32
269 181 76 78 77
209 308 77 83 83
209 391 16 88 83
209 343 79 82 82
420 180 63 100 66
420 25 88 90 90
420 371 12 22 22
54 159 69 83 83
54 430 41 72 57
159 198 70 100 100
159 187 85 98 88
430 328 93 94 94
430 228 78 88 81
430 61 75 88 79
55 137 11 24 19
137 269 54 72 70
56 284 84 87 87
56 223 50 55 50
56 21 45 50 48
284 144 88 100 95
284 404 64 76 65
284 382 73 90 88
223 366 13 30 20
57 25 88 96 91
58 380 15 55 24
58 321 10 31 29
58 107 55 65 59
58 339 47 68 56
380 165 15 72 64
380 48 71 86 71
380 148 17 80 20
380 301 53 55 54
380 147 76 95 85
380 286 74 97 92
380 213 89 95 89
380 265 63 81 63
321 78 46 99 52
321 41 61 73 65
107 195 57 77 68
107 168 84 94 84
107 354 28 82 48
107 75 90 95 92
107 0 24 93 29
59 217 51 73 62
59 226 88 95 90
59 354 93 94 93
59 70 95 99 98
59 178 88 95 89
59 29 49 89 64
59 55 74 81 75
217 60 80 95 90
226 416 13 90 35
226 159 65 72 72
60 322 79 88 79
60 350 63 97 79
60 332 64 94 85
60 2 12 20 15
60 238 27 82 29
322 328 30 83 39
322 83 81 96 94
322 90 30 36 36
350 262 29 61 59
350 270 50 82 54
350 255 11 12 12
350 414 90 94 91
350 147 68 92 90
350 370 50 80 68
332 293 87 88 88
332 230 50 93 60
332 334 72 83 81
332 379 72 89 79
378 108 82 97 84
289 143 85 88 87
289 370 49 60 54
289 156 80 94 83
289 102 72 81 77
289 9 46 87 50
307 93 28 81 35
307 213 90 100 91
62 305 45 77 63
62 147 28 86 76
62 164 38 39 39
62 190 53 70 54
62 429 60 82 72
190 1 20 86 74
190 264 21 31 27
63 187 47 92 90
63 275 81 92 91
63 266 71 92 82
187 182 69 91 86
187 258 73 74 74
187 217 21 40 22
187 282 64 83 66
187 317 67 78 69
275 425 66 75 71
275 207 75 83 76
275 194 56 71 65
275 412 95 100 95
275 189 65 98 96
266 299 20 62 57
266 399 82 98 83
266 240 69 81 74
266 77 23 61 24
333 425 27 53 42
333 416 92 97 94
333 19 32 93 62
213 142 56 69 57
213 120 11 60 36
171 94 25 85 57
171 40 66 95 73
67 289 55 84 58
67 132 35 77 62
67 173 83 100 95
132 357 37 77 60
132 164 26 39 39
68 336 25 27 26
68 436 15 37 33
68 324 34 39 34
336 341 68 89 81
436 305 37 41 38
436 416 34 82 54
436 94 34 83 53
69 348 87 95 94
69 237 52 59 56
69 106 14 98 74
69 331 36 38 36
106 389 53 78 57
331 362 33 89 59
331 80 73 94 74
331 341 42 91 89
331 268 46 78 53
331 163 55 76 76
331 121 15 26 21
242 4 81 93 92
242 137 60 90 82
242 232 81 97 87
156 286 58 84 61
156 244 71 87 84
375 306 80 82 82
375 218 56 89 62
375 55 45 63 58
375 431 54 76 64
375 227 41 49 41
375 125 59 66 61
422 340 47 73 50
180 432 34 95 41
180 301 43 57 54
71 133 38 100 75
71 214 23 42 25
133 433 48 87 83
133 9 73 97 89
133 257 48 72 64
133 413 93 99 97
214 298 92 99 95
214 62 32 98 88
214 384 33 63 56
214 207 77 97 78
214 372 62 63 63
214 431 53 69 67
367 385 37 81 50
367 330 46 50 48
111 208 95 97 96
111 178 53 55 53
111 5 21 37 34
210 417 90 97 93
210 279 32 74 33
73 10 64 69 69
73 196 89 93 89
73 275 74 85 79
196 395 82 95 88
196 6 55 85 84
158 78 34 68 61
158 29 85 97 89
158 173 59 89 72
75 250 48 53 50
75 374 16 71 31
250 437 31 58 40
374 161 75 84 78
374 288 10 51 35
374 190 39 84 43
374 40 15 30 27
76 330 84 85 84
76 16 55 63 62
76 416 87 92 88
76 157 24 27 26
330 89 21 83 49
330 325 33 36 33
416 282 57 76 62
416 379 58 89 72
157 281 90 92 90
157 265 19 33 30
157 53 73 95 76
157 52 54 77 64
157 343 52 68 56
157 98 31 39 36
78 411 47 96 79
78 369 56 77 69
411 158 63 100 79
411 237 94 98 96
411 30 10 14 11
79 25 31 79 49
79 206 27 42 31
79 34 40 65 64
79 50 38 91 59
79 292 48 81 55
79 277 54 95 88
79 270 66 89 88
79 284 95 99 96
79 303 91 99 92
292 98 56 99 76
292 54 47 99 76
270 82 16 61 46
270 346 55 98 69
270 145 30 37 31
270 74 91 99 96
270 162 50 100 88
270 287 54 73 73
303 397 67 97 95
303 108 73 99 79
303 377 18 20 18
303 277 71 76 76
303 372 47 60 55
80 103 76 96 93
103 345 65 68 67
103 311 71 81 81
81 47 91 97 96
81 228 26 60 36
228 394 49 62 61
82 109 51 53 53
82 372 37 82 64
82 103 20 100 79
82 70 13 48 28
82 53 37 61 44
82 231 94 96 95
109 217 54 55 55
109 32 83 92 88
372 285 83 94 90
372 152 64 82 77
372 215 23 34 28
372 400 55 84 70
231 130 84 99 87
231 250 12 74 45
83 357 13 41 20
83 405 19 64 55
405 428 43 48 45
405 429 22 66 43
93 375 17 83 35
93 295 33 89 56
335 194 81 96 85
335 418 47 75 66
335 257 88 97 97
347 260 50 90 73
86 175 70 99 74
86 117 86 98 89
117 0 54 72 55
117 299 63 70 68
87 55 72 84 76
87 161 18 69 50
87 214 12 31 15
161 222 39 87 61
161 316 27 91 38
161 216 14 36 26
161 101 32 39 34
225 430 67 72 67
225 206 91 100 97
89 138 91 95 95
89 70 21 42 31
89 351 38 82 43
351 211 15 82 36
351 65 19 77 23
351 294 88 96 95
351 169 17 40 24
351 167 79 81 80
90 95 65 86 65
90 249 78 83 80
95 186 92 98 94
91 82 43 59 52
91 281 20 49 23
281 193 83 91 89
281 313 52 64 55
281 356 56 96 65
281 433 70 91 91
92 401 79 90 81
92 82 58 74 61
92 46 33 72 49
295 49 36 46 41
295 271 10 80 16
295 76 91 95 92
94 135 28 52 40
94 223 78 82 78
94 124 76 89 81
94 138 75 91 85
186 387 17 39 27
186 176 89 90 89
97 423 27 60 45
97 189 14 98 93
97 376 67 78 70
97 102 17 79 38
189 109 67 77 71
189 62 87 99 97
376 406 17 22 22
376 32 55 91 55
376 265 52 54 53
376 364 68 88 72
376 438 88 89 88
102 284 43 75 58
102 370 82 90 84
102 395 72 96 74
98 273 44 79 75
98 277 62 97 68
98 205 34 47 35
98 56 41 88 73
98 380 82 100 90
273 396 11 63 39
273 131 57 66 57
273 250 21 56 52
395 267 32 69 57
395 307 83 91 87
395 70 13 67 41
345 208 56 96 66
345 136 56 78 78
345 142 81 87 82
345 340 19 61 23
345 100 64 73 72
345 146 48 81 48
104 128 76 91 85
128 367 48 85 62
128 123 93 97 94
128 359 69 77 77
259 110 17 35 27
200 96 93 98 94
200 68 70 89 76
368 249 20 86 37
368 353 73 94 85
368 226 54 99 90
368 350 41 78 47
368 206 77 84 77
368 334 80 84 83
368 192 63 82 73
365 140 35 81 57
365 243 51 69 65
365 152 59 68 66
365 250 33 59 35
389 166 54 76 55
389 161 88 98 97
360 225 90 96 96
280 307 24 98 34
280 9 72 94 92
280 369 28 98 40
280 178 25 60 33
280 46 86 93 90
110 21 77 90 81
110 237 27 42 30
110 272 32 35 34
208 61 43 55 50
208 156 27 59 36
112 106 51 54 51
112 220 47 72 51
112 256 63 90 82
220 156 14 42 31
220 312 63 85 83
256 267 35 94 82
256 211 94 100 94
256 402 26 82 41
256 314 21 27 24
256 221 25 87 61
113 253 60 69 61
113 45 50 56 56
113 370 75 83 78
113 58 25 75 41
114 38 69 77 70
114 196 48 82 70
114 148 20 64 21
116 151 58 91 82
116 348 94 100 95
116 282 90 98 91
116 103 65 69 67
282 80 19 54 43
282 316 34 41 41
282 74 40 44 44
282 128 54 85 72
282 391 13 33 21
118 89 85 100 100
118 15 80 95 95
118 121 52 70 61
118 102 75 82 78
403 2 74 78 78
403 297 87 91 91
403 149 11 69 63
176 56 18 34 27
176 398 10 30 17
176 256 23 63 55
207 65 89 99 92
207 234 18 98 59
122 357 44 99 90
122 186 16 79 71
123 365 58 77 70
123 90 69 75 69
162 14 43 89 82
162 41 21 91 78
162 230 41 71 47
162 427 77 99 89
162 340 72 87 83
162 191 41 79 63
279 415 60 79 71
279 275 64 77 75
279 357 13 98 69
279 109 31 64 57
279 363 64 95 94
279 288 81 98 81
126 286 77 100 99
126 423 61 70 70
126 284 32 93 74
126 279 28 63 57
126 190 16 75 17
126 347 89 90 89
126 335 38 72 40
286 174 59 63 59
286 290 73 75 73
127 180 31 66 35
127 62 81 97 85
127 47 93 98 97
359 355 70 98 71
359 62 59 68 66
129 223 55 79 70
129 363 94 100 100
129 353 48 89 81
129 72 86 98 89
129 179 56 62 62
304 430 36 55 54
304 279 22 81 79
257 61 50 90 75
257 333 77 97 87
134 346 79 100 84
134 96 37 80 68
134 119 20 69 37
346 142 28 59 38
136 3 47 95 67
136 85 27 78 32
136 380 95 97 97
139 4 50 59 59
140 29 72 89 81
140 23 74 90 74
140 397 64 81 73
140 62 46 85 59
140 167 70 87 78
141 74 37 76 51
141 285 56 78 68
141 384 45 75 51
141 90 31 51 31
384 188 63 65 65
384 365 46 92 60
384 68 79 83 80
384 338 55 93 90
384 23 23 34 24
240 299 89 92 90
240 95 42 90 53
328 133 94 100 94
328 189 39 74 71
328 357 17 98 22
328 291 53 58 58
407 25 42 68 45
407 244 21 78 43
407 242 48 69 59
407 307 16 94 63
407 8 77 87 77
407 403 57 62 62
258 46 54 70 66
258 255 34 66 55
258 225 35 90 68
258 33 93 96 95
143 133 22 73 32
143 163 65 66 66
143 157 45 48 45
143 246 17 93 27
143 37 62 95 95
246 251 18 71 58
246 65 60 69 67
144 46 50 92 92
144 86 63 72 71
145 133 40 73 41
145 229 10 84 54
145 136 72 91 84
145 242 64 78 73
145 363 36 93 55
146 150 36 72 56
146 417 19 95 83
146 85 40 47 41
146 246 37 70 70
150 143 28 72 50
150 356 38 95 84
288 153 89 91 91
288 180 90 98 98
288 246 34 91 64
288 187 92 98 97
288 298 33 44 42
288 419 46 62 54
160 415 32 90 55
160 227 31 38 38
160 153 58 80 77
160 98 55 74 56
160 171 31 57 57
152 112 31 87 41
153 427 60 67 66
153 256 72 74 73
153 157 92 98 97
153 313 49 87 58
313 414 71 100 90
313 47 64 95 70
313 136 10 15 14
313 195 80 82 80
154 68 85 100 91
154 190 30 68 43
154 13 70 78 70
154 149 71 83 72
244 191 64 97 82
244 184 36 52 41
265 222 60 68 68
265 395 84 90 84
227 320 72 95 76
227 380 52 68 62
227 416 52 81 62
227 160 58 90 77
227 173 33 41 39
222 178 32 58 37
222 182 89 94 93
222 400 65 81 67
222 272 36 97 53
316 320 32 42 36
316 409 63 65 65
316 99 66 88 75
316 372 52 92 57
316 301 10 99 77
230 128 69 89 86
230 244 44 76 52
230 253 29 41 30
230 252 42 96 50
340 9 36 52 48
191 352 30 46 44
191 83 18 76 65
191 14 17 28 22
191 46 29 97 73
191 273 38 59 38
191 126 68 90 86
165 260 14 55 32
165 8 49 79 71
165 97 38 63 52
165 42 10 59 10
165 220 72 83 82
165 409 87 90 89
165 87 41 51 49
409 142 90 98 90
409 216 69 70 69
409 268 74 84 77
409 391 17 48 45
409 411 42 84 75
166 368 58 98 61
166 375 53 99 76
166 109 76 95 91
268 302 55 70 56
268 367 49 68 58
268 2 38 100 56
293 347 82 83 82
293 177 35 38 36
169 202 28 36 33
169 278 70 98 96
169 79 57 64 60
169 70 47 87 59
202 23 46 92 79
202 436 84 94 91
202 342 30 78 36
202 152 46 81 60
202 225 41 76 57
202 114 40 75 59
202 95 48 93 50
278 145 44 59 48
278 1 26 90 27
278 366 21 37 31
278 363 62 78 64
170 123 58 84 66
170 210 30 50 32
170 292 66 72 71
170 21 75 79 78
172 198 75 80 78
172 177 21 58 26
172 39 30 41 34
410 286 66 93 75
410 296 41 42 42
410 149 10 47 36
174 238 81 98 83
302 142 18 49 34
398 389 15 45 40
398 23 22 31 29
398 269 18 87 20
398 353 12 72 46
252 348 19 45 33
252 214 11 42 19
301 220 88 95 95
301 53 61 63 63
182 362 46 91 62
182 83 57 67 65
182 102 74 87 75
183 348 87 91 91
183 121 78 83 79
183 433 43 95 76
184 306 43 89 70
184 402 50 52 52
306 378 79 83 83
306 97 73 77 76
402 117 16 77 36
402 193 50 59 56
402 299 87 100 94
402 178 51 66 55
185 3 76 89 85
185 87 94 98 97
185 46 38 91 71
185 131 11 74 20
185 170 57 65 62
185 235 60 90 65
185 271 93 99 95
235 435 66 89 76
271 67 95 99 99
271 212 83 93 88
271 344 87 91 89
271 366 65 72 68
387 162 53 59 57
387 160 60 84 72
387 79 67 85 74
387 116 46 74 57
387 336 80 93 82
192 139 35 77 56
192 224 39 73 58
192 290 85 99 94
192 134 24 94 43
224 62 16 97 83
224 153 13 77 59
224 271 59 61 59
224 136 12 86 28
290 338 43 44 44
379 138 76 77 77
379 3 75 96 75
247 336 18 66 60
247 265 90 98 94
197 71 29 31 30
197 133 86 100 87
197 204 83 93 91
197 112 61 75 61
204 47 32 71 48
204 266 33 46 35
204 104 72 90 78
267 378 74 89 76
338 88 54 58 55
338 275 62 67 66
234 426 35 40 35
234 13 69 75 72
234 156 33 78 43
234 211 54 81 58
234 79 70 81 73
391 268 92 93 93
391 303 25 43 33
391 53 33 36 33
391 350 31 89 35
391 242 90 91 91
391 346 42 85 47
391 363 35 85 39
211 434 75 99 97
211 68 48 52 52
212 289 29 90 88
212 380 90 97 93
312 292 64 93 91
312 361 89 95 91
312 217 63 69 68
312 330 66 78 66
312 322 72 90 81
394 390 88 97 91
394 300 40 82 75
394 165 74 90 89
394 115 54 59 56
394 253 28 49 43
435 225 39 92 43
236 262 72 83 76
236 431 26 54 27
236 293 74 100 89
236 100 74 93 92
236 225 95 98 95
236 227 35 46 42
239 205 66 78 69
239 230 91 92 92
239 240 21 30 25
239 142 18 90 45
241 421 85 96 89
243 365 29 59 41
243 303 63 89 79
243 174 92 99 93
243 8 88 94 94
243 217 59 78 60
243 182 54 84 65
251 361 21 62 51
251 162 35 82 82
358 189 48 93 66
437 22 24 41 33
437 303 41 91 53
437 309 39 54 40
437 221 29 57 43
361 222 36 68 51
254 396 43 80 80
254 245 43 47 47
254 46 87 88 88
396 132 66 74 66
396 219 84 90 87
255 323 89 100 96
255 284 38 80 66
323 114 11 87 17
323 147 82 98 92
323 231 92 100 92
314 292 52 73 53
314 298 84 97 91
314 148 38 59 59
314 259 32 43 42
314 387 80 96 84
314 169 73 100 94
314 263 94 99 97
261 1 61 75 73
261 284 60 78 65
263 7 70 95 81
399 362 90 99 95
399 296 88 89 89
399 117 27 65 53
287 151 53 79 78
344 332 72 74 74
344 431 36 70 69
344 436 61 87 61
344 258 14 15 14
344 22 67 68 68
344 189 14 29 27
381 207 12 98 31
412 2 58 63 62
412 29 24 91 46
412 434 84 94 93
276 180 11 51 39
276 63 11 32 24
276 420 15 20 20
337 372 78 80 80
337 80 78 100 89
404 273 61 68 66
404 356 59 89 89
404 313 66 81 78
404 17 33 100 86
404 113 94 100 94
404 308 19 40 19
404 243 46 49 48
325 418 59 96 76
325 65 39 68 57
325 375 79 86 85
325 419 27 66 35
325 344 80 98 86
325 154 63 90 73
291 97 24 80 53
291 41 70 91 71
294 129 47 64 55
294 281 46 97 79
296 403 83 90 84
377 159 95 98 97
377 295 64 81 71
377 118 72 92 86
377 437 50 90 59
309 311 38 77 42
309 104 13 45 41
309 431 78 86 86
310 1 75 96 83
310 229 83 86 84
310 221 28 56 35
310 75 93 100 93
315 420 81 94 93
315 156 34 58 48
315 293 78 92 88
315 9 81 87 85
319 155 18 19 18
319 15 18 50 50
418 146 87 97 93
418 331 29 82 53
326 236 88 97 91
326 123 86 95 86
326 133 71 86 84
326 427 20 22 20
326 22 89 94 93
326 317 51 67 65
326 230 45 69 47
327 286 94 98 97
327 54 83 89 89
327 128 44 98 52
327 1 32 93 45
371 308 84 92 87
371 253 63 98 94
373 321 29 68 50
373 238 45 77 77
373 259 30 90 41
383 424 77 97 84
383 369 59 81 63
383 10 71 79 76
383 196 20 38 32
392 68 26 43 27
392 129 27 52 39
392 130 26 80 64
392 27 22 24 23
392 225 68 94 90
392 24 57 63 61
392 258 74 94 89
392 16 68 69 68
392 351 60 96 69
408 287 67 80 77
408 293 52 58 57
0 438
