85 223
0 84 54 77 70
0 78 60 99 92
0 39 90 97 92
0 48 70 96 89
84 62 15 76 23
84 21 78 100 96
84 44 81 86 83
78 7 20 30 25
78 69 10 31 16
39 53 35 97 80
39 76 31 69 64
39 22 84 85 84
1 57 81 86 86
57 33 11 93 84
57 36 84 93 84
57 31 20 83 48
2 53 33 47 34
2 77 57 80 80
2 46 17 89 82
2 19 12 16 15
53 17 46 80 77
77 34 86 98 89
77 33 77 82 80
77 36 22 81 28
46 28 56 99 81
46 81 48 75 59
19 84 55 56 56
19 14 24 56 49
19 33 58 83 66
19 59 42 70 42
3 0 23 57 57
3 5 87 95 90
3 59 43 65 48
3 29 32 59 37
5 32 92 100 100
59 83 50 64 61
59 9 95 96 95
29 24 73 84 78
29 3 28 46 34
4 75 53 61 55
75 42 63 72 64
75 53 50 95 79
32 0 26 84 51
32 46 16 21 21
32 21 20 58 45
32 71 70 87 72
32 38 76 90 87
6 17 46 52 49
6 10 44 79 50
6 1 20 68 54
6 36 31 48 47
6 7 89 90 89
17 84 18 63 51
17 57 46 65 56
10 73 94 95 95
10 63 27 65 62
36 64 69 76 69
36 46 68 79 68
36 83 61 89 89
36 9 70 74 72
7 57 28 56 43
7 44 47 53 50
7 64 11 47 14
7 23 62 81 78
44 77 79 91 83
44 61 76 84 79
44 82 18 56 31
64 23 16 18 17
64 83 46 100 67
64 68 90 96 96
23 1 38 43 43
23 8 45 54 52
8 63 44 98 50
63 29 67 93 73
63 39 43 100 62
63 4 26 53 47
63 6 80 93 82
9 35 45 68 62
9 70 16 91 16
70 23 28 67 29
73 9 87 97 94
73 47 92 100 99
73 72 91 96 95
73 42 77 95 95
12 79 51 71 51
12 81 25 96 55
79 58 15 34 26
79 72 21 52 36
81 25 95 98 95
81 69 57 87 80
13 50 13 18 15
13 29 70 71 71
13 66 45 66 46
13 34 73 77 76
13 31 28 92 90
50 6 89 93 93
50 59 88 95 95
50 69 67 90 79
50 63 19 46 27
50 27 54 60 58
34 33 63 70 65
31 55 17 31 18
14 19 73 90 80
14 3 65 85 68
14 49 78 92 78
49 26 37 90 42
49 13 71 86 71
49 9 21 58 23
49 32 64 88 66
15 13 16 58 31
15 12 94 99 94
16 64 67 85 78
16 34 83 94 91
16 22 50 81 71
16 3 24 77 65
16 14 35 43 43
16 17 41 49 48
22 38 43 77 47
22 8 76 87 86
18 66 37 98 95
18 54 29 75 56
18 13 15 58 26
18 64 52 57 55
18 56 30 82 45
18 2 18 100 18
18 43 80 90 87
54 62 13 21 18
54 31 50 80 52
54 42 43 72 55
56 39 92 95 94
56 28 17 47 31
56 64 68 98 87
56 12 69 86 80
56 3 41 80 45
43 48 93 97 93
43 72 21 98 88
43 71 73 85 77
43 76 70 89 84
43 68 10 17 11
33 62 49 76 71
33 8 50 80 50
20 53 23 36 25
21 58 43 70 43
21 42 85 86 85
21 71 40 42 40
58 44 39 84 80
58 79 32 88 66
42 15 83 90 87
42 52 15 75 51
42 22 33 92 49
42 27 53 78 67
42 29 16 87 62
42 46 65 99 94
71 12 36 98 44
38 11 47 85 48
38 63 50 94 73
38 47 70 91 85
24 13 64 68 65
24 2 85 92 86
24 60 12 16 16
60 30 90 100 99
60 73 80 83 81
25 18 73 85 77
25 9 94 98 94
26 29 34 82 63
26 70 16 27 26
26 83 26 48 38
83 1 46 59 59
27 17 49 68 57
28 45 40 50 49
28 30 45 76 75
28 34 84 88 86
45 7 53 83 60
45 76 14 31 31
45 21 48 86 48
30 34 42 91 46
30 74 72 99 87
74 18 16 40 35
74 52 91 96 95
74 21 94 95 94
74 84 84 97 97
55 17 37 57 57
62 55 34 49 36
62 26 77 99 77
37 14 87 89 88
37 15 90 97 91
76 54 36 81 43
40 13 81 95 86
40 71 63 83 75
40 52 94 95 95
52 25 86 91 89
52 33 28 97 80
41 82 37 57 45
41 24 52 69 67
82 6 76 79 76
82 79 71 88 88
82 9 66 93 85
72 55 12 16 14
72 84 49 70 57
72 19 69 81 78
72 11 78 84 81
68 78 83 86 84
68 28 90 92 91
68 72 81 83 82
61 4 94 97 94
61 11 33 55 35
61 7 59 99 77
61 71 83 86 85
69 64 55 65 61
69 37 62 63 62
69 66 29 32 29
69 44 62 97 92
69 30 71 75 74
51 7 48 53 50
51 44 41 91 79
51 68 90 96 94
65 51 88 97 93
67 68 80 98 87
67 47 63 94 65
80 12 72 96 80
80 29 12 45 37
80 64 91 99 91
80 63 75 87 84
0 84
