2121 3500
0 690 32 77 32
0 1536 82 96 85
690 1162 72 82 79
690 1963 62 63 63
690 413 77 86 77
1536 49 14 72 50
1 1592 60 100 76
1 1531 86 90 87
1592 1608 93 100 94
2 989 63 93 65
2 442 49 92 64
2 498 89 98 89
989 764 88 100 88
989 1155 69 71 71
442 1285 48 58 49
442 609 33 62 52
498 1676 42 49 48
3 375 16 72 28
375 174 63 87 82
375 1640 36 75 74
375 1814 31 42 38
4 2030 41 47 42
4 61 38 48 47
2030 563 83 93 90
2030 1214 19 50 36
2030 2016 61 62 61
2030 1557 68 99 97
2030 1711 30 59 39
61 303 26 29 28
61 1679 14 73 27
61 855 10 92 88
5 1021 26 77 33
5 608 30 40 36
5 1613 13 95 55
5 1490 34 35 34
5 83 48 92 73
1021 550 26 51 51
1021 1887 11 33 21
1613 1782 55 88 61
1613 364 24 82 62
83 808 19 92 19
83 348 24 80 48
6 675 37 76 64
6 1421 30 88 83
6 365 86 90 90
6 1446 41 60 56
675 374 67 69 67
1421 982 16 84 35
1421 788 32 91 77
1446 658 40 79 50
7 1631 33 77 47
1631 155 58 74 64
1631 271 88 97 92
9 1119 95 100 99
9 427 14 44 24
1119 549 50 97 87
1119 1826 40 77 42
11 1497 60 76 60
11 308 14 75 50
11 602 31 83 73
11 1622 26 71 51
11 1757 49 81 77
11 1642 36 59 44
1497 1285 13 26 21
308 1647 83 90 88
308 1276 63 80 80
602 122 49 80 77
602 766 36 66 66
602 1259 78 80 78
602 1562 77 90 80
1622 1919 29 60 55
1622 1273 77 93 79
1622 1254 31 62 44
1622 1322 57 84 74
1622 182 92 98 97
1757 1632 15 84 27
1642 1191 51 59 57
13 1145 64 95 92
13 1864 11 94 37
1145 2033 82 92 91
15 1040 42 75 72
15 1440 58 72 61
1040 1227 16 75 21
1040 371 80 90 81
1040 516 26 46 42
16 895 20 75 36
895 1458 25 42 33
17 220 77 86 80
17 945 91 100 99
17 340 10 82 59
220 584 77 93 86
945 1447 18 26 26
945 1570 90 91 91
340 615 47 73 60
340 927 43 59 55
340 507 39 69 64
18 607 87 95 95
607 966 80 93 86
19 1103 16 66 56
19 1946 63 91 74
1103 588 55 59 59
1103 683 58 92 91
1946 1218 22 68 31
20 513 33 98 65
20 687 42 87 52
20 1932 35 70 67
687 2093 93 96 96
687 621 32 62 47
687 719 47 60 57
21 1290 69 82 78
21 1098 74 79 75
21 1498 79 96 90
21 1881 84 86 85
1290 43 20 64 27
1498 317 52 62 53
1498 1624 76 81 81
1498 984 71 99 87
1498 669 81 97 83
1498 1312 11 50 42
1881 1143 53 83 55
22 276 51 78 59
276 812 59 65 59
23 1078 88 93 91
25 1602 85 89 87
25 707 86 87 87
1602 824 53 82 82
1602 1616 68 81 81
1602 1099 59 66 60
1602 884 51 58 52
707 420 63 99 64
707 452 55 72 60
707 657 84 97 90
26 959 49 70 68
959 558 46 100 75
27 445 59 84 65
445 606 61 89 83
29 666 73 96 89
29 956 66 79 77
666 1891 60 62 62
666 1639 60 64 64
956 1833 58 68 60
956 1293 67 88 69
30 1344 66 79 70
1344 180 95 100 99
1344 1279 51 84 63
1344 72 39 55 44
31 1177 32 58 48
1177 726 89 100 92
32 375 10 45 21
32 1675 31 65 61
1675 1919 52 84 55
1675 1929 67 98 81
34 921 56 72 70
921 1503 65 84 66
921 1771 81 92 83
921 1364 46 70 56
921 452 10 43 15
36 295 42 61 59
295 1060 24 57 52
37 1731 80 97 96
37 1421 19 24 24
38 1758 11 82 76
38 1545 61 98 71
1758 1022 71 86 80
1758 1048 45 62 52
1758 408 14 97 93
1758 1859 81 87 81
1545 227 65 90 72
1545 290 37 50 40
39 924 46 87 74
39 759 65 91 87
39 338 94 97 94
924 1483 50 65 53
40 596 82 84 83
40 206 65 92 72
206 1418 86 95 88
41 1524 38 48 43
42 1323 90 92 91
1323 1543 52 90 84
1323 1792 70 79 72
1323 1747 71 89 79
1323 1943 37 81 55
43 1102 19 44 28
43 382 84 91 85
1102 278 94 100 96
382 1980 54 63 58
44 692 44 65 49
46 834 19 88 75
834 1359 65 97 74
834 1612 89 96 91
47 219 26 81 39
47 504 51 86 63
47 1672 19 62 40
219 909 10 39 12
1672 1925 41 95 79
1672 2076 90 96 93
49 1653 29 37 30
49 416 11 74 59
416 455 29 45 31
416 54 71 92 84
416 1539 83 92 83
416 1955 84 86 84
50 1967 95 99 95
50 1882 68 91 81
1882 1995 94 97 97
1882 1288 20 33 30
1882 273 33 52 36
51 1289 54 79 60
51 1058 39 96 48
53 870 14 24 16
53 1261 38 48 47
53 1797 53 85 65
53 1104 86 92 92
53 1681 52 90 57
870 1933 19 97 74
870 1987 84 98 90
870 674 62 76 73
1261 575 26 83 35
1797 1992 53 62 54
1797 887 62 85 83
1797 539 77 81 79
1797 1999 70 97 92
1797 1686 47 74 73
1797 533 48 68 63
1104 1688 41 100 79
1104 927 28 98 72
1104 1226 90 100 99
1104 253 92 96 93
1681 683 81 98 95
1681 514 17 37 32
56 1519 41 54 50
56 1647 35 67 40
56 1921 20 80 44
1519 419 58 100 89
1519 680 27 49 40
1921 881 39 42 39
57 1883 56 60 57
57 678 55 64 55
1883 1118 47 93 56
1883 334 45 96 75
678 613 53 63 57
59 1243 88 90 90
59 1469 94 100 99
59 858 36 77 60
858 2104 56 73 57
858 502 85 98 92
858 694 67 100 76
60 263 89 98 91
1679 1405 41 68 64
62 33 86 100 91
62 1387 61 86 72
1387 1748 77 99 84
1387 1089 68 89 86
63 1022 93 95 95
63 1440 16 23 22
1022 330 66 96 66
1022 36 63 89 65
1022 1492 12 64 49
1022 664 80 83 82
66 923 47 88 54
66 1665 67 83 67
923 1008 59 84 59
923 1744 68 98 81
1665 1816 70 100 100
67 1194 60 98 80
67 1479 51 77 74
67 290 55 58 57
1194 1525 44 71 58
1194 172 60 75 66
290 1820 32 90 83
290 1111 82 96 93
290 631 32 87 33
69 1931 74 76 74
1931 1526 85 95 85
1931 712 32 85 35
70 104 32 77 43
104 1213 79 96 92
71 1465 48 55 51
1465 1456 21 34 34
72 173 72 89 85
73 516 36 67 65
516 573 82 96 95
516 1796 81 98 95
74 707 62 79 76
74 903 72 98 74
903 1827 65 75 68
903 1538 37 71 60
903 2045 84 93 86
75 469 19 27 26
76 1828 37 86 68
76 1502 18 60 56
1502 1928 16 65 53
77 1288 11 83 81
1288 765 13 90 70
1288 1451 38 83 47
78 1477 24 79 39
78 925 17 74 74
78 682 56 88 69
78 964 56 66 58
1477 265 41 49 46
1477 721 12 91 67
925 1361 30 46 35
925 755 45 83 72
682 1217 20 24 22
682 1543 61 97 97
682 133 16 33 17
682 982 55 58 55
682 1201 90 96 93
964 980 21 28 28
79 189 21 30 23
80 602 79 91 89
80 73 37 54 37
80 297 77 94 81
297 692 51 95 85
297 1054 83 94 87
297 45 38 73 52
297 1419 51 80 68
82 1201 51 66 61
1201 1092 58 78 73
1201 292 54 94 90
1201 803 53 65 62
348 1921 74 95 94
348 607 84 92 88
348 1255 64 69 64
85 1367 68 76 74
85 1905 20 42 29
1367 1206 29 75 37
1367 417 46 92 56
1367 1525 19 78 36
1367 2076 57 73 58
1905 747 69 74 73
1905 1963 28 38 37
86 654 71 78 73
86 1218 36 64 64
86 1383 34 87 40
654 817 28 48 37
654 1034 44 68 61
654 1413 20 63 57
1218 166 65 85 68
1383 835 26 51 48
1383 1180 90 95 94
1383 148 62 82 67
1383 367 59 93 72
1383 1457 61 95 86
87 1097 90 94 91
87 27 38 100 45
87 719 64 87 76
87 663 49 70 65
1097 225 53 94 84
1097 1392 56 77 72
1097 1507 88 97 95
1097 94 17 34 34
663 1828 48 81 62
89 1726 68 71 70
89 1563 45 51 48
89 2007 67 80 73
1563 1734 91 99 99
1563 749 90 99 92
1563 758 64 89 74
1563 228 31 85 69
90 1396 81 90 90
90 1376 85 93 92
90 462 84 87 86
1396 1252 75 88 87
1396 942 82 97 84
1396 727 68 73 70
462 1537 12 35 26
91 1072 43 50 46
91 1965 61 82 79
1072 1507 15 86 37
1072 769 34 66 57
1965 1915 15 65 36
92 490 42 55 42
490 242 76 81 77
490 2039 55 81 68
93 978 88 100 100
93 1472 47 68 55
978 903 44 98 89
978 1036 53 62 61
1472 775 76 95 80
94 615 35 54 50
615 1976 19 28 19
615 1858 67 68 68
615 175 41 78 42
615 236 71 80 75
95 255 58 88 67
95 958 28 55 38
95 983 17 59 58
255 1305 73 96 86
958 519 38 43 41
958 1249 21 67 63
96 894 31 71 35
894 1448 77 93 91
97 1613 95 96 95
98 800 67 82 77
98 808 11 36 21
800 756 85 97 87
99 2005 68 69 69
99 1713 75 85 78
99 1867 90 91 90
2005 1103 32 75 73
1713 1902 24 27 27
1713 1291 62 100 62
1867 353 10 95 48
100 72 82 94 83
100 112 75 95 88
100 1630 11 67 49
101 1611 93 98 96
1611 1354 46 75 47
1611 1815 63 82 66
1611 1270 82 94 87
1213 966 35 78 50
105 1555 60 81 63
1555 422 94 96 94
106 799 16 85 23
799 53 38 72 63
108 1857 24 83 75
1857 656 63 68 63
109 1772 44 80 46
1772 180 51 64 52
110 1152 81 86 83
1152 48 44 87 53
111 1646 29 96 91
111 1872 66 69 68
111 1620 25 46 30
111 51 92 97 94
1646 1397 61 64 64
1646 1572 75 92 78
1872 1694 24 90 90
1872 1819 28 50 45
1620 1525 29 97 84
1620 1846 41 80 52
113 2077 29 43 38
113 339 28 75 68
2077 2002 73 76 74
2077 1788 89 92 92
339 39 83 93 89
339 1103 71 97 83
339 2103 92 98 98
114 966 44 65 45
114 1449 23 36 32
114 1955 72 100 87
966 497 25 60 49
115 229 19 44 41
115 22 79 83 79
115 284 19 83 35
115 1563 74 87 80
115 1518 36 47 37
115 1532 91 95 95
284 1653 70 88 87
1532 767 31 82 60
1532 1849 78 84 79
1532 1725 10 68 47
116 1461 71 72 72
1461 770 71 91 82
1461 2010 86 90 86
117 205 62 82 73
117 176 66 90 69
205 253 56 61 61
205 257 66 87 79
205 184 21 93 48
205 654 22 83 39
176 1736 60 65 64
176 414 66 68 68
119 1461 56 58 58
120 2075 82 83 83
120 709 84 94 85
120 1254 57 100 60
120 610 41 51 43
709 810 33 75 62
610 181 90 92 91
121 604 65 95 75
604 699 34 43 40
604 2106 63 66 63
604 800 37 41 38
122 1438 10 48 33
122 1654 87 95 92
1438 1158 51 91 65
1654 1350 13 78 21
1654 2043 45 94 74
1654 1210 75 92 80
123 250 26 36 35
123 1114 85 95 93
250 1956 52 89 52
1114 1224 74 91 86
124 784 34 50 41
124 1005 75 81 75
784 1574 89 95 91
784 1729 24 35 34
125 189 53 83 65
125 2099 14 25 22
2099 1885 57 90 77
126 1764 13 70 54
1764 514 45 64 56
1764 1871 22 39 34
127 1759 57 98 93
1759 41 21 60 48
1759 1348 45 68 54
1759 1919 49 69 68
1759 992 54 76 69
128 169 52 60 54
169 1831 88 100 95
169 1773 74 100 79
131 359 32 82 39
131 605 88 95 88
131 1272 95 99 97
131 622 33 42 34
359 354 41 62 42
359 1784 43 85 49
605 2039 23 81 45
1272 2046 91 100 99
622 307 72 85 78
622 1213 74 98 74
622 967 32 48 46
132 527 60 96 88
527 26 32 51 37
527 505 45 50 50
527 1999 71 90 90
133 1229 29 46 45
134 911 54 63 61
134 1537 82 96 82
134 438 18 41 40
134 1281 94 98 95
134 738 39 81 52
911 449 22 33 23
438 1979 34 73 49
438 1303 70 87 70
438 294 33 51 38
1281 1054 61 93 90
1281 1709 61 66 61
1281 1339 44 51 46
738 912 13 87 14
135 279 18 89 60
135 1804 14 65 21
279 1380 25 83 42
1804 1049 50 100 64
1804 1844 47 70 68
1804 1122 17 51 36
1804 656 71 94 76
136 1429 66 70 66
137 1153 29 90 32
137 940 37 70 58
137 924 13 32 21
137 1182 90 100 99
1153 341 90 100 97
940 1073 29 49 30
1182 910 66 95 76
138 778 79 83 80
138 617 75 99 76
778 206 63 66 63
617 1621 61 82 65
141 1598 83 94 84
141 2064 14 92 86
141 81 62 67 63
1598 1387 70 93 90
2064 1733 53 92 55
2064 1181 73 84 73
2064 1418 38 100 46
142 1548 53 64 59
142 1372 74 81 79
1548 299 40 42 40
1548 922 41 69 63
1548 1444 83 87 86
1372 1190 75 99 86
144 885 24 70 43
144 1205 13 87 76
144 1068 58 82 69
144 2061 79 88 84
144 1655 70 95 84
885 1282 21 65 58
885 1766 29 78 62
885 1751 23 92 43
885 75 25 71 57
1205 34 32 84 65
1068 1352 63 96 64
2061 1215 43 94 84
2061 1373 31 38 34
1655 1703 59 86 62
145 1394 52 99 77
145 1201 81 86 86
1394 1008 82 95 95
1394 1521 80 85 83
146 470 84 85 84
470 1239 66 72 70
470 1387 78 91 89
470 1013 59 72 59
147 696 25 65 28
147 1514 78 86 82
696 309 73 81 81
1514 1313 42 56 52
148 1379 95 99 95
148 1117 64 77 76
1379 1610 88 91 91
149 742 60 75 60
149 1435 85 86 85
149 434 41 85 64
742 880 92 100 96
1435 42 10 19 19
150 329 68 91 90
150 1567 44 48 44
329 2053 23 91 35
329 277 16 82 75
329 509 92 97 93
329 745 77 92 80
151 710 55 85 75
710 1821 88 90 89
152 919 10 47 37
152 1846 47 94 84
1846 1930 26 69 63
1846 1391 14 81 19
153 2114 44 67 49
153 1348 45 89 77
2114 1359 50 58 58
2114 1356 60 99 66
154 1226 42 74 58
1226 1722 69 86 73
155 306 63 91 64
155 1572 65 87 80
155 333 18 68 34
306 1420 65 89 88
306 688 42 68 44
1572 1697 81 96 85
1572 346 36 65 43
333 719 34 85 67
333 829 68 85 73
156 1788 73 96 73
156 1971 54 93 84
156 1835 63 95 91
1788 2039 20 59 49
1788 852 35 60 38
1788 1945 52 88 56
1971 915 33 87 79
1971 2022 26 42 36
1835 1482 64 93 67
1835 1610 76 90 81
157 1407 29 70 42
1407 776 38 87 61
1407 656 51 67 57
1407 1392 36 39 37
1407 946 54 86 78
1407 384 58 78 62
158 209 83 92 90
158 597 95 99 98
158 1243 39 69 48
158 1319 30 49 45
158 1697 55 64 56
209 1015 50 55 50
209 1800 13 28 19
597 926 93 95 93
597 1987 58 65 65
1319 2080 28 75 42
1319 2007 92 98 92
1319 306 22 88 31
1319 281 33 90 48
1697 1621 28 68 40
1697 115 88 95 91
160 2104 32 75 72
2104 860 79 94 82
161 188 14 99 63
161 106 21 28 24
161 305 60 63 60
161 1849 11 15 15
305 2029 21 97 61
1849 562 36 39 38
1849 752 32 52 47
1849 1750 83 99 88
162 1212 49 83 68
162 1160 57 88 73
162 1361 80 83 80
1212 680 48 86 67
1212 1560 47 49 49
1160 368 88 99 93
1160 1163 82 93 85
1160 1653 59 100 83
1160 1844 94 97 97
1361 1457 22 68 35
163 311 77 94 92
311 655 73 92 82
311 1362 82 100 82
311 1368 79 84 80
311 22 40 95 81
164 740 26 84 69
164 1227 69 100 76
164 1546 69 76 73
740 852 59 61 61
740 1301 23 53 30
740 1785 19 92 49
1227 999 10 44 44
165 1376 87 92 92
165 1718 53 90 55
1718 2076 21 82 59
1718 271 23 26 24
1718 318 18 56 42
1718 1305 22 65 56
166 1186 33 80 35
166 291 31 89 67
1186 1472 12 68 66
291 1674 52 53 52
167 268 64 66 65
167 739 54 65 57
268 1296 27 92 92
268 2054 34 86 42
268 1904 49 87 60
268 1437 64 76 73
168 894 30 54 34
1831 1093 30 59 44
1831 1726 14 42 31
1831 1070 88 92 88
170 1448 93 95 95
1448 1147 49 55 49
171 1799 14 25 24
171 192 47 58 58
192 1269 66 91 76
192 1225 22 81 53
172 1729 91 92 92
174 217 26 64 64
217 1536 74 82 80
217 1502 19 30 29
175 1118 35 87 64
175 1487 11 74 48
1118 670 92 94 92
1118 1307 20 55 32
1118 24 46 54 52
1487 976 43 56 52
1736 1692 46 86 52
414 699 62 99 71
177 70 32 95 95
177 88 17 78 63
178 141 38 41 39
178 992 94 97 95
179 1795 79 92 87
1795 1108 86 99 93
180 1733 93 100 98
1733 465 71 97 82
181 445 76 98 82
181 295 39 40 40
182 728 64 85 69
728 1079 89 90 89
184 1695 93 98 96
184 1763 12 28 19
1695 1711 55 83 75
1763 1090 71 83 74
1763 718 49 59 52
185 788 52 54 53
185 149 11 37 13
185 944 94 97 95
788 486 89 92 92
944 1315 32 36 36
944 1731 16 78 32
944 95 10 45 20
186 386 81 98 95
191 986 48 62 53
986 1449 59 74 59
1225 1700 58 61 61
193 780 13 64 56
193 707 43 99 59
193 840 12 49 18
780 556 46 56 56
780 799 46 52 47
780 1308 60 77 72
840 32 23 93 34
194 1279 13 100 92
194 1861 77 100 78
194 941 56 87 68
1279 487 66 91 69
1279 69 10 16 15
1861 958 44 80 59
941 927 93 95 95
941 571 91 94 94
195 276 10 58 22
195 615 29 61 31
195 1677 69 98 74
195 724 62 85 84
1677 1579 32 55 46
724 1380 36 64 40
724 610 91 95 91
724 954 17 23 18
196 1094 70 86 72
196 308 73 90 81
197 1390 91 98 93
197 1660 24 60 36
197 895 31 52 38
197 1161 83 99 98
197 1349 41 52 43
1390 2120 76 92 92
1390 657 88 93 89
1390 1685 43 66 52
1390 486 17 67 60
1660 952 26 27 26
1161 1113 76 94 93
1161 1749 14 24 14
1349 1855 61 83 65
198 70 81 91 87
199 1337 17 95 74
199 1019 13 69 35
199 416 76 98 88
1337 149 32 34 32
1019 1940 10 60 44
1019 1304 65 97 70
1019 224 83 99 83
1019 2102 51 67 53
1019 1798 71 90 89
200 1594 69 95 73
200 1002 68 87 80
200 226 40 92 79
1594 1113 12 73 70
1002 1061 43 92 86
226 1352 86 98 97
201 1469 77 88 87
201 487 22 67 42
487 2067 30 48 31
487 585 94 98 94
202 1320 86 90 87
1320 1344 52 81 68
1320 65 86 100 87
1320 1285 35 97 95
203 536 89 97 93
203 147 62 80 65
203 1735 91 94 92
203 807 41 61 49
1735 1629 62 96 85
1735 646 53 99 54
807 579 73 76 74
807 469 75 85 75
253 155 67 81 67
257 469 41 54 51
1418 52 83 91 89
207 1412 16 73 63
207 2083 70 80 74
1412 1389 89 100 96
2083 1812 40 90 44
208 320 18 28 18
208 479 78 84 82
320 153 91 96 91
320 1625 86 98 98
479 1315 66 93 72
1015 208 34 75 64
1015 690 20 92 59
1015 1780 32 79 55
1800 960 20 41 32
1800 1145 80 98 96
1800 1906 85 96 92
1800 1322 32 53 47
211 1604 95 99 98
211 1706 76 85 84
211 1003 65 88 74
1604 1627 74 87 75
1706 962 58 69 66
1706 68 24 88 64
1706 2086 53 58 58
1003 1845 26 58 53
1003 2002 68 94 87
1003 1974 66 100 98
212 1715 13 70 39
1715 2008 92 94 94
1715 374 65 71 69
1715 1309 22 59 45
213 1653 93 96 94
214 1282 51 87 76
214 1367 93 94 94
1282 884 32 57 54
215 1264 77 82 78
1264 1118 36 38 38
1264 728 51 89 64
1264 166 57 62 62
216 758 46 69 61
216 1219 76 97 76
1219 195 52 100 63
1219 606 20 63 46
1219 1162 44 75 58
218 2068 49 59 51
2068 913 69 88 82
2068 1238 24 80 32
909 1614 31 53 41
909 304 81 93 85
584 858 67 82 75
223 702 41 88 50
223 740 63 84 76
224 283 40 63 49
224 1899 69 78 75
224 1246 13 71 14
224 2030 75 93 80
283 525 35 87 69
1899 941 39 99 42
1899 820 12 62 38
1899 1189 13 54 48
1246 1028 70 84 84
225 1000 83 86 86
225 1820 79 95 92
1000 1758 43 86 74
1820 2065 18 93 44
1820 1087 74 88 81
1352 1977 13 42 20
1352 684 20 77 64
1352 1821 12 35 23
228 1737 93 96 94
1737 685 56 100 88
1737 1589 87 94 92
1737 512 59 90 59
232 96 34 39 36
233 304 67 68 67
233 639 48 82 63
304 746 91 93 91
304 441 18 94 67
639 641 73 84 73
234 2017 35 88 72
2017 1234 15 18 16
2017 10 19 88 42
237 2028 12 92 62
2028 1338 12 82 28
238 1306 50 93 51
238 458 66 83 67
238 595 94 100 94
1306 688 81 85 85
1306 2097 73 89 82
458 17 78 88 80
595 1291 67 70 67
239 64 12 60 58
240 207 12 74 50
241 982 65 82 66
241 865 85 86 85
241 1991 33 78 41
982 1771 17 78 47
865 1992 56 89 88
865 537 16 44 22
865 1246 51 74 69
1991 486 45 92 87
242 124 41 95 59
242 1841 50 72 56
1841 1478 85 100 92
243 1301 15 26 21
1301 290 82 87 87
245 2070 93 100 96
2070 864 46 79 59
2070 1576 24 60 28
2070 1498 88 99 96
247 1049 66 74 69
1049 977 46 88 81
248 1341 52 94 67
248 1394 69 91 90
1341 304 36 43 38
249 1580 65 68 65
249 666 21 86 34
1580 721 72 95 80
1956 1312 66 80 75
1956 1506 83 84 84
1956 1143 90 92 91
1956 821 64 92 83
251 1665 18 39 35
252 1287 44 53 46
1287 1780 90 91 91
254 1169 81 91 88
254 1465 56 67 63
1169 457 41 93 53
1305 483 28 87 66
1305 360 26 37 30
1305 1772 62 94 80
1305 108 54 76 68
256 1747 59 85 69
256 1169 58 79 67
256 654 53 87 81
1747 2018 85 95 88
1747 338 45 83 51
258 1047 24 62 48
258 705 76 78 76
258 1896 37 92 44
705 393 56 63 63
1896 744 11 68 12
1896 1217 75 95 84
259 696 93 95 95
260 979 44 65 45
979 1054 93 96 96
261 1269 71 96 75
261 1102 48 86 80
264 941 62 74 63
264 1867 64 96 77
264 1242 28 73 33
1242 1515 62 97 80
1242 1220 78 93 85
265 106 38 75 61
265 1326 39 58 52
265 862 80 94 87
1326 1624 16 53 35
862 86 33 38 35
862 1337 20 79 75
266 1452 28 78 78
266 1827 36 80 80
266 502 62 81 73
1452 478 78 82 80
1452 1480 74 88 85
502 1927 33 35 35
502 897 74 100 94
267 244 93 99 95
1296 685 57 85 67
1296 981 87 97 93
1904 2052 79 83 82
1437 890 82 97 85
269 162 49 68 67
269 1966 68 81 76
269 312 89 98 93
312 1504 14 89 77
312 696 66 84 78
270 1833 15 16 15
270 1491 11 87 63
270 1087 74 94 83
270 1661 60 99 88
1833 2035 51 69 64
1491 939 19 63 59
1087 1246 81 100 88
1087 596 67 82 71
1661 377 15 31 20
271 589 69 100 87
271 345 92 99 97
589 242 52 96 76
345 596 68 98 88
345 1762 86 93 88
272 1335 14 85 30
272 1717 49 86 58
272 1158 48 99 57
272 1282 25 42 36
1335 297 73 75 75
1335 2038 68 81 76
1717 1045 47 59 56
1158 818 17 38 26
1158 2077 95 97 95
1158 1941 39 93 67
273 501 51 75 62
273 544 55 69 56
273 1986 17 87 70
273 218 58 71 60
273 1172 63 87 86
273 428 60 88 67
501 363 19 100 36
1986 1068 50 76 62
1172 1713 68 81 76
1172 2039 95 100 100
274 1741 71 96 75
274 1681 59 64 61
1741 1459 15 93 23
1741 946 25 100 34
1741 585 63 100 94
275 1668 26 63 55
275 752 50 97 59
1668 2066 80 97 81
1668 1058 61 78 67
1668 1090 40 60 52
752 1993 82 95 85
752 270 78 81 78
752 1844 18 21 21
752 2062 69 71 69
752 592 89 91 91
812 435 31 83 34
277 1156 90 97 94
277 1244 83 89 88
277 390 35 47 41
1156 1192 74 96 85
1244 107 79 99 99
1244 789 45 92 89
1244 321 43 73 72
278 402 87 94 89
278 1928 54 70 69
402 1388 68 73 73
1928 1097 77 98 95
1928 2026 18 53 35
1928 971 34 38 38
1928 1642 20 26 20
1380 912 70 78 76
1380 1828 68 93 82
280 1279 51 85 85
281 2045 24 28 26
282 1530 37 58 46
1530 1991 69 72 70
1530 803 29 61 45
1530 1395 93 99 95
525 1133 76 78 78
525 206 44 93 62
525 1753 18 64 26
525 1778 62 77 68
285 1324 13 45 34
285 116 11 78 19
285 314 51 76 63
314 1351 27 67 44
286 1943 51 66 64
286 238 84 93 84
286 2061 81 99 94
286 794 87 100 94
286 1810 91 95 94
1943 1020 63 85 69
288 969 55 68 65
288 1354 25 56 55
969 970 58 95 66
969 2010 86 89 86
1354 178 12 63 28
1354 96 33 48 48
1354 540 35 59 39
1354 1606 69 74 69
289 2062 32 93 61
289 362 91 98 93
289 656 86 100 86
2062 1116 61 79 75
362 1475 18 38 33
1111 516 65 75 70
1111 150 70 91 80
631 1339 45 61 59
292 1687 36 74 44
292 1683 72 96 75
1687 537 26 75 32
1687 1431 55 99 67
1683 1514 39 50 46
1683 1885 16 89 46
293 1893 11 82 49
1893 938 36 89 85
294 1717 84 94 90
294 398 92 94 93
1060 932 82 90 85
1060 1624 89 95 92
296 43 93 94 94
296 1211 45 97 58
296 1420 15 36 35
1211 394 46 78 66
1211 509 61 63 61
1420 668 43 68 68
1054 2100 12 62 47
1054 361 88 95 88
1419 607 82 94 87
1419 691 90 95 91
298 1398 19 83 55
299 1398 49 85 60
300 981 43 81 48
300 1642 18 60 27
300 639 59 96 61
300 1999 78 100 97
981 1773 65 67 65
981 1068 66 95 73
1999 1202 82 98 94
1999 1976 58 91 82
1999 821 55 75 59
301 1209 49 60 59
301 2018 37 64 47
301 853 55 86 86
2018 1497 14 68 57
2018 148 28 85 43
853 1059 92 96 92
853 1596 36 75 70
853 1265 11 75 71
302 786 37 94 54
786 486 83 90 90
786 832 79 96 93
746 1438 90 97 97
746 2085 82 83 82
746 1043 56 94 88
441 69 90 99 94
441 535 91 94 93
2029 122 50 87 80
688 1548 13 17 16
307 1592 34 81 56
307 774 94 100 97
774 1176 61 83 71
774 1488 26 59 56
1276 315 87 100 97
1276 814 32 35 32
309 736 12 68 63
309 1157 95 97 96
736 209 47 68 49
1157 1873 48 55 49
310 86 84 96 89
310 996 78 93 90
310 630 83 99 98
310 2081 69 98 88
996 130 89 99 93
630 854 17 63 39
630 897 28 76 68
655 269 83 86 85
655 1776 10 61 60
655 1993 10 47 46
1362 1245 90 95 93
1368 431 90 100 100
1504 283 38 88 44
313 268 55 98 63
313 2028 30 47 41
313 1101 76 91 81
1101 1510 11 53 14
1351 681 28 87 43
1351 386 53 97 86
1351 2038 61 81 78
317 1658 80 89 83
1658 1676 28 32 31
1658 2112 80 90 80
1658 1946 45 52 46
1658 793 79 88 88
1658 989 78 80 79
318 1817 32 80 47
319 486 67 71 69
1625 1827 31 49 42
1625 176 70 97 72
322 1864 94 95 95
323 382 54 72 60
324 254 61 97 89
324 1646 54 61 58
324 271 64 72 69
324 1634 65 76 66
324 1873 30 82 34
1634 602 51 56 52
1873 1350 45 69 60
1873 1741 81 93 84
1873 1443 13 38 19
1873 2078 77 82 80
326 588 26 74 50
588 1719 59 86 74
327 315 70 94 73
2053 1547 32 70 57
745 639 20 30 20
330 955 16 49 28
330 1549 31 86 64
330 1318 80 97 84
330 1607 92 94 94
955 1686 82 84 83
955 1573 60 99 94
1549 349 58 76 74
1549 2114 28 99 78
1318 170 38 87 69
331 1350 14 18 14
331 818 39 60 59
1350 1941 13 20 14
1350 226 58 98 63
1350 1553 19 35 32
818 480 28 82 64
332 677 47 68 57
332 842 80 92 89
332 1493 68 81 74
332 1413 46 67 60
677 297 19 45 39
842 1573 61 69 66
842 335 16 48 20
1413 1394 36 74 43
1413 565 67 72 71
829 309 12 24 16
334 1300 26 45 39
334 1081 55 68 67
334 991 51 71 66
1300 144 73 91 82
1300 1198 36 85 60
1081 31 78 96 93
991 1290 34 99 77
991 2074 12 78 19
335 322 90 97 92
335 57 26 47 46
335 1619 94 100 98
335 1911 42 62 59
335 118 70 79 70
1619 1219 59 74 64
1911 1010 64 83 81
336 887 45 99 46
337 1309 22 77 32
337 518 61 64 62
337 410 72 75 74
1309 1714 38 89 44
1309 1169 11 75 62
518 1307 54 100 80
410 229 67 96 81
410 1774 63 97 88
2103 1600 25 81 78
927 158 70 75 70
927 1572 88 96 90
507 792 93 94 94
341 46 22 41 24
342 1747 28 30 28
343 871 43 59 50
343 486 77 79 77
1762 685 60 81 80
1762 156 42 66 52
346 1462 37 71 60
346 1707 49 87 56
346 1296 57 69 69
1462 1730 14 87 58
1707 321 34 35 35
1707 458 20 59 39
1707 1699 89 99 97
347 1120 70 87 78
347 28 71 79 71
347 113 22 89 77
1120 795 37 71 58
1120 319 34 98 69
1120 1352 76 98 92
1120 594 86 89 88
1255 82 32 43 32
1255 1816 38 97 63
352 435 18 88 88
435 1131 61 65 65
353 905 59 84 72
905 637 74 93 84
354 712 79 84 79
354 1674 22 42 30
354 771 11 34 26
354 1168 68 89 89
712 521 58 98 92
771 1542 34 99 56
1168 278 37 46 37
1168 2042 53 81 63
355 9 57 69 61
355 686 45 69 58
356 1263 25 47 30
1263 880 87 96 95
1784 971 32 56 39
1784 1822 37 55 39
1784 2017 38 49 38
360 624 86 95 94
624 2090 14 20 14
361 659 61 91 74
361 1476 15 78 44
659 1017 13 57 13
1476 201 57 96 90
1476 1116 36 81 60
1476 1503 34 44 34
1475 1542 12 44 22
1475 1983 51 85 67
1475 1094 26 68 60
363 1032 45 54 45
363 1359 12 35 21
363 2041 61 98 63
1359 1865 21 80 36
1359 1952 84 89 86
2041 1969 49 64 49
364 67 77 80 78
364 1783 15 41 41
1783 476 56 96 84
1783 446 24 44 25
366 1926 52 83 65
366 1103 28 51 38
366 30 25 76 25
367 1445 71 77 75
368 1099 71 75 71
368 2032 66 79 78
1099 1305 44 46 45
2032 834 16 23 21
2032 2046 34 39 35
369 1797 55 88 63
370 1815 49 54 51
370 1440 55 94 76
370 1713 81 88 83
1815 1086 54 62 60
371 1535 22 36 32
371 1213 49 97 78
1535 210 70 73 71
372 1320 34 66 36
372 1867 26 77 56
372 755 26 60 40
372 412 70 96 90
755 1317 48 100 84
755 1244 33 77 36
412 364 80 98 86
373 912 66 94 66
912 398 28 31 29
374 2036 45 68 60
2036 1318 95 96 95
2036 727 14 100 65
2036 1377 29 61 61
1640 191 83 97 97
1814 598 95 100 95
376 1424 33 57 38
1424 2055 38 46 44
1424 160 25 70 33
1424 1195 71 95 95
377 699 95 100 96
377 1115 77 89 79
699 707 88 93 89
699 524 39 50 43
1115 302 82 84 82
1115 2000 59 92 91
1115 2042 20 96 52
1115 820 81 87 85
1115 1215 21 98 88
378 999 31 92 67
378 1952 86 89 87
378 307 54 86 55
999 1025 88 90 88
1952 863 85 92 88
379 394 46 86 76
379 527 13 57 21
394 682 93 95 93
380 874 78 82 79
381 63 89 90 90
381 967 16 60 37
967 353 93 95 95
967 511 54 73 64
383 694 22 57 40
383 1939 41 99 90
694 1612 88 100 94
1939 290 57 89 74
1939 434 90 98 92
384 990 68 78 72
990 946 31 40 32
990 809 64 81 73
387 76 36 61 49
388 939 68 85 79
388 2043 10 53 17
939 1156 83 91 86
2043 1856 15 57 40
389 475 36 38 37
391 1374 77 82 79
391 1851 33 48 35
1374 1667 77 91 80
1374 460 36 81 41
1851 1096 18 91 38
392 1700 71 98 90
1700 584 43 82 76
1700 1758 86 94 94
393 598 76 79 78
598 81 63 84 80
598 351 15 85 51
395 720 77 82 79
720 2073 47 69 60
396 693 60 88 69
693 76 67 97 91
397 45 51 80 68
400 1037 15 19 15
1037 616 74 89 83
1037 1299 32 36 35
401 980 38 80 51
980 1795 29 52 31
1388 771 59 92 61
403 712 26 60 52
405 41 92 95 93
406 85 56 78 56
406 910 79 99 88
910 1801 83 90 86
910 1193 26 88 62
407 1678 94 98 96
1678 611 69 81 69
1678 1853 38 54 49
1678 2083 36 69 46
408 751 56 78 74
751 1200 91 95 93
1774 1100 60 89 67
413 447 87 91 87
447 1345 92 96 95
447 1053 76 93 79
415 417 18 44 21
417 1857 72 92 89
417 1257 44 85 76
455 1226 41 69 63
455 1356 22 81 71
1539 1491 90 92 91
1539 1614 22 65 23
1539 97 61 94 79
1539 1260 69 99 77
1257 1291 15 28 25
1257 606 79 100 92
418 152 82 90 83
419 1421 38 62 45
419 1841 34 60 46
420 1620 29 41 41
420 412 17 57 32
420 1348 67 94 84
420 1638 82 86 86
420 1363 22 45 37
1363 1677 25 83 65
1363 1394 87 92 87
421 1152 10 80 25
421 560 38 66 60
560 1621 94 96 95
560 848 11 44 42
560 2067 14 41 24
422 303 66 68 68
423 1728 66 70 68
424 1772 24 32 28
425 1209 30 81 35
426 1228 37 69 45
426 640 29 91 61
1228 943 31 42 32
1228 235 44 81 76
640 1396 71 77 77
640 366 11 49 41
431 362 60 73 61
431 1988 78 96 85
431 1359 42 52 47
1988 992 31 77 71
1988 1169 69 82 82
1131 1416 51 70 63
436 979 13 69 30
436 596 53 63 57
437 1482 45 71 63
437 672 72 95 82
437 830 25 44 25
830 541 94 99 97
830 112 35 67 44
830 708 93 96 93
830 2008 71 89 76
1303 1590 66 92 83
1303 1280 13 49 35
1303 406 78 94 85
439 1182 87 92 91
439 265 89 93 92
440 1416 25 73 41
1416 825 49 53 49
535 1218 24 48 45
535 1058 13 25 16
535 688 34 44 44
535 1059 91 95 91
1285 39 58 71 58
1285 1837 43 72 46
609 1146 38 45 40
609 420 22 92 84
443 847 94 97 95
847 985 52 99 92
444 1649 28 81 41
444 1665 93 98 96
444 1037 79 87 82
444 1758 30 87 57
444 1423 33 54 35
1649 1759 47 89 62
606 1529 11 95 84
606 1801 51 52 52
446 1070 16 29 27
1070 1438 84 92 89
1070 1188 78 88 88
1345 671 19 60 19
1345 1818 78 87 79
1053 887 95 98 97
449 591 64 82 79
449 896 49 86 54
591 1800 64 69 65
896 1314 94 97 97
450 168 37 86 70
450 1045 60 62 62
1045 486 41 90 59
1045 982 67 99 99
451 213 86 90 90
452 1625 33 83 55
452 987 89 90 90
452 1741 54 72 72
452 466 73 97 96
452 1166 94 97 95
987 1737 35 70 69
987 1212 16 85 83
466 2113 83 88 85
466 864 77 92 78
466 1662 62 67 63
1166 1992 15 42 24
453 268 23 38 36
454 978 11 51 16
454 280 43 82 62
454 465 83 95 84
454 642 14 97 95
465 1560 30 87 35
465 1187 74 79 75
642 1313 42 97 89
642 331 66 76 71
1356 445 82 85 82
1356 1058 15 70 52
1356 1 87 89 89
1356 1388 27 96 31
456 1146 57 78 60
456 1353 78 86 80
1353 247 75 93 87
1353 28 70 77 74
457 212 54 84 84
457 1688 58 100 94
1688 604 13 56 48
1688 1906 84 86 86
460 1348 16 67 39
460 271 83 93 86
460 67 35 93 38
460 1700 57 77 57
460 82 61 88 69
461 678 64 67 65
461 1471 43 76 65
461 815 56 62 57
1471 182 44 91 47
815 1185 86 90 86
815 1594 80 90 81
463 570 83 90 85
464 922 61 62 62
922 776 35 48 38
922 1301 78 96 83
1560 1998 48 77 74
1560 839 89 100 98
1187 1372 63 83 63
1187 398 57 62 61
1662 1212 32 40 39
1662 649 94 99 94
1662 784 32 33 32
467 125 40 74 51
467 333 16 65 29
467 1471 23 64 47
468 1996 39 72 42
468 1749 70 93 85
468 1008 56 65 62
468 656 89 92 91
1996 1899 36 92 72
1996 503 17 56 47
1996 1973 39 75 70
1749 347 24 52 46
1008 1942 80 97 81
1239 974 53 82 68
1239 1879 39 79 79
1239 1736 15 58 35
1013 1295 74 88 79
471 96 70 71 71
471 1964 49 64 64
471 1212 43 48 45
1964 737 33 84 34
472 525 95 98 98
473 1458 67 69 69
473 1911 81 84 84
474 972 78 96 85
972 440 68 91 85
972 141 66 94 75
972 886 40 96 95
476 616 91 93 91
476 1589 60 91 81
476 1858 19 54 24
476 1692 57 64 63
1589 884 29 68 65
1589 290 64 73 68
1589 162 25 95 90
1858 959 55 62 61
1858 651 61 92 84
1692 903 18 36 28
478 669 50 64 56
669 296 43 99 56
669 309 32 73 36
1315 231 22 68 26
480 1683 55 96 82
480 275 21 86 52
481 1072 47 74 52
481 96 31 43 32
481 1750 41 100 42
484 1999 67 81 74
484 459 49 64 62
484 479 69 72 70
485 570 48 91 52
2067 1089 26 35 26
2067 1479 70 81 73
585 935 44 90 78
488 645 38 79 68
488 1060 95 97 96
645 589 82 88 87
645 436 55 66 64
489 1890 44 58 44
489 1045 48 62 53
1890 1857 92 94 93
1890 1046 88 95 95
2039 602 51 92 73
491 99 58 70 61
492 1175 43 95 75
492 890 33 100 51
1175 1069 89 94 93
1175 2075 58 93 62
890 1319 62 87 86
890 698 44 94 91
494 719 61 81 61
494 1074 69 100 80
1074 633 30 63 51
495 789 19 93 61
495 297 20 32 24
495 1876 63 67 66
789 1212 19 88 30
1876 1804 39 40 39
496 286 43 85 83
496 554 33 67 54
496 1097 59 75 68
554 1672 43 53 52
554 1413 31 93 38
497 542 35 69 45
497 278 72 95 94
497 1446 38 69 59
1676 1609 90 96 91
499 1277 48 82 69
499 943 78 98 88
499 858 60 66 63
499 1068 30 87 60
943 589 15 76 69
943 2107 60 75 61
500 869 41 70 60
500 1240 12 33 15
869 461 54 65 58
1240 183 84 100 96
1240 1495 90 92 92
1240 1467 63 80 79
1927 1104 76 93 78
1927 1413 22 66 63
1927 810 49 70 55
897 614 15 57 43
897 963 86 87 87
897 1322 20 32 22
503 169 58 85 65
503 65 37 49 39
505 1825 87 91 88
1825 160 59 67 59
1825 636 43 54 45
1825 1738 69 99 72
1825 694 95 98 95
1825 2084 27 50 27
1825 1231 56 91 83
506 31 64 96 66
508 1901 95 98 98
508 2085 11 96 46
1901 580 34 49 48
1901 1292 78 90 81
1901 770 93 98 95
1901 1052 18 83 35
1901 195 55 70 56
2085 1624 87 98 89
510 2092 62 96 68
510 1129 84 96 85
510 145 22 41 24
510 141 94 96 96
510 1420 21 46 41
2092 1442 68 79 79
2092 1570 60 62 62
1129 1341 12 89 67
1129 133 24 91 75
511 1205 20 63 23
512 1803 13 41 26
1803 1888 66 79 69
514 1524 62 84 64
514 1205 82 85 84
514 1405 95 97 95
514 98 16 22 21
1405 181 95 98 95
1405 883 89 93 89
1405 582 56 84 64
515 689 55 76 59
689 359 32 89 65
689 1256 25 82 37
689 1892 41 57 56
573 1995 17 22 19
573 1013 77 81 80
1796 190 92 96 94
1796 62 22 29 28
1796 504 23 27 27
517 1284 89 98 95
517 2027 80 90 82
517 74 74 93 84
517 132 73 90 85
517 1197 93 97 93
1284 1519 92 99 97
2027 1334 36 68 43
2027 1494 40 92 46
1307 1433 33 58 48
1307 1284 50 81 63
1307 383 94 98 97
1307 1734 23 63 37
519 1747 35 37 37
520 1169 21 35 25
520 1794 38 63 55
521 544 28 61 50
521 495 30 63 60
523 1810 63 66 65
523 1415 80 87 83
523 518 40 75 41
1133 730 74 76 76
1753 1319 33 61 52
1753 1177 68 92 87
1778 2118 62 64 63
1778 1642 80 92 91
528 1801 35 80 65
528 351 87 98 97
528 1074 14 46 31
1801 1361 56 60 59
1801 1608 16 61 19
529 115 74 75 75
529 328 16 52 36
530 331 71 92 86
530 86 38 91 54
530 953 35 64 46
531 1820 68 85 70
531 1102 57 92 83
532 48 57 83 74
532 962 14 84 62
962 1475 25 66 37
962 1910 71 82 79
533 1820 95 100 95
533 1108 46 74 67
1108 1506 28 38 32
534 1196 62 78 63
1196 371 26 87 58
1196 1330 95 99 95
1196 2018 94 97 94
1196 1500 89 99 94
1196 1865 80 93 93
1196 1357 73 75 75
1059 1825 46 50 47
537 1300 77 81 80
538 406 49 86 55
538 658 15 58 21
658 614 63 65 64
658 1164 14 38 33
658 1586 92 100 98
540 867 36 76 63
867 324 44 69 59
867 828 69 72 72
867 1839 91 96 94
867 117 58 73 71
541 1312 81 87 81
541 669 44 73 50
541 1021 28 34 30
541 1536 57 86 77
541 1505 66 80 80
541 1399 23 38 26
1505 776 15 57 48
1399 1393 88 91 90
1399 1964 14 30 14
543 710 69 98 86
543 884 81 93 84
543 1640 46 91 48
543 403 85 91 88
884 2023 32 99 65
884 1643 39 47 43
545 1744 15 43 17
545 73 58 70 70
545 634 40 44 40
546 328 33 72 66
546 2049 19 67 67
2049 1700 66 88 71
547 1938 19 28 26
547 212 73 94 92
547 2003 47 93 48
1938 1163 24 59 35
1938 1960 91 98 96
1938 2115 85 94 90
1938 1836 82 88 87
1938 762 86 96 94
1938 293 81 100 81
549 2010 10 50 19
551 135 31 51 34
551 1192 62 66 65
1192 1064 77 100 83
1192 1863 85 96 85
1192 298 27 94 31
552 2091 67 80 78
2091 1935 13 84 23
553 656 67 84 82
556 1235 30 41 33
556 215 43 79 50
556 384 59 90 69
1235 793 18 68 56
558 1109 54 55 54
558 145 32 56 51
1109 314 76 96 87
1109 1162 29 90 62
1109 689 83 99 89
1109 475 46 49 47
1109 2071 62 74 63
1109 1245 90 91 90
1109 1651 55 62 62
1109 1849 35 99 66
1109 1472 20 21 20
559 887 19 88 38
848 937 45 59 54
848 145 90 93 90
848 110 34 75 58
848 525 87 92 90
561 1464 45 77 58
1464 1564 13 82 68
1464 1122 69 87 73
1464 175 85 96 96
1464 1739 16 84 35
562 692 39 84 51
563 648 76 79 76
563 856 94 97 97
648 1652 92 98 98
648 1322 68 80 77
648 1650 10 60 46
856 1784 95 98 98
565 1093 19 81 22
565 212 43 54 48
1093 336 29 95 76
1093 987 87 100 91
566 1143 29 80 47
566 1446 47 96 77
1143 1292 24 40 24
567 2002 92 99 95
2002 893 63 86 74
2002 193 41 68 64
568 1498 82 90 83
568 1364 54 89 86
1364 571 29 49 34
1364 1910 41 69 66
569 1939 30 84 61
569 1879 17 34 28
1879 1083 49 66 60
1879 515 77 94 77
571 837 45 55 54
571 1231 69 73 70
837 1713 43 55 52
1231 453 91 94 94
1995 558 34 62 42
574 1649 58 78 67
575 586 36 40 38
575 1634 31 75 63
586 483 43 74 50
586 237 31 73 32
576 541 65 96 65
576 477 73 89 77
576 1303 43 93 44
577 1173 11 53 18
1173 853 66 98 79
1173 1980 19 38 36
578 733 56 92 65
578 1743 72 95 88
733 985 11 42 37
733 1964 65 86 68
580 1708 29 71 45
1708 1811 26 60 34
1708 1511 68 69 69
581 902 42 84 66
581 868 82 93 86
902 1119 19 96 86
868 443 50 58 57
582 1337 65 70 66
582 713 40 76 73
582 1891 49 68 64
713 1601 50 65 60
1891 1684 25 27 26
1891 651 94 99 96
935 779 81 89 84
935 1219 85 95 95
935 987 67 68 68
587 1170 41 64 51
587 1054 83 86 83
1170 630 11 22 19
1170 1376 40 43 41
1170 1822 83 100 83
590 1390 89 100 94
590 873 58 61 59
590 1957 88 99 89
873 665 73 78 76
1957 1089 22 70 56
1957 1916 18 68 21
592 1560 87 92 89
592 771 38 99 65
593 875 92 99 97
594 1831 68 81 80
594 317 52 69 64
594 1770 22 91 50
594 656 34 95 50
1770 549 82 89 82
1770 623 81 85 83
1291 756 86 98 88
926 249 64 74 73
599 2111 65 67 65
599 1735 74 96 83
599 1870 52 58 58
599 1972 46 67 51
599 1795 17 91 32
1870 121 27 68 57
1870 739 28 43 35
1870 160 23 24 23
1870 1987 49 90 78
600 806 24 41 37
806 268 80 96 85
601 140 31 85 39
601 802 84 92 84
802 1861 11 71 26
802 192 85 94 87
766 193 32 87 65
766 1874 59 88 68
766 136 48 54 50
766 1335 35 90 59
766 1256 72 86 79
1259 1978 30 95 70
1259 1363 92 93 93
1259 1428 81 97 96
1562 1724 10 57 11
1562 751 18 93 48
1562 764 35 46 45
1562 363 81 91 86
1562 726 53 74 69
603 206 16 82 48
603 995 42 61 53
2106 2031 26 36 30
612 1146 25 49 47
614 804 25 84 30
614 1148 78 81 79
614 1381 48 63 53
614 561 70 92 70
804 179 22 51 48
804 1504 70 100 91
1381 1303 63 67 67
1381 199 79 83 79
1976 1913 67 93 74
618 1633 49 60 55
618 146 28 57 54
618 2047 57 77 70
618 53 13 43 43
1633 1714 77 86 78
2047 327 92 100 92
2047 728 50 56 55
619 1087 11 95 47
620 429 20 83 30
620 676 28 61 33
676 938 54 97 73
676 1932 85 96 87
623 1699 30 74 50
1699 607 60 95 77
1699 1237 27 85 85
1699 86 18 63 52
1699 699 16 100 75
625 276 44 59 47
625 10 82 88 82
626 1189 88 91 90
626 781 79 90 80
781 760 30 49 42
781 154 29 85 38
628 1749 93 95 93
629 109 32 41 37
629 366 48 70 69
854 2070 42 52 45
1339 983 42 85 56
632 687 81 86 85
632 1065 66 78 67
633 2007 58 88 80
636 1190 64 86 73
636 207 27 48 33
1190 109 70 71 71
637 521 49 58 56
637 1448 37 91 70
638 828 63 85 76
828 26 57 99 88
828 234 10 73 19
641 1160 68 88 82
1313 1010 77 83 80
1313 2095 82 83 82
1313 1563 13 98 24
643 1298 60 92 86
1298 1483 92 97 92
644 284 92 98 96
646 286 62 96 73
647 1428 93 97 96
647 793 13 81 29
1428 334 62 85 85
793 1687 13 32 15
1652 1715 79 82 80
1652 1029 13 73 16
1322 1805 62 74 64
1650 786 82 87 82
1650 776 81 88 84
649 5 44 63 53
651 756 62 97 78
651 1742 31 97 53
651 1286 14 59 36
651 1999 55 70 69
1286 191 31 85 52
1286 1575 45 92 58
652 580 38 49 44
653 312 53 94 94
653 1646 44 92 83
817 1475 65 84 78
1034 1577 48 99 80
1034 1944 55 74 69
1776 24 14 41 34
1776 1686 71 77 76
1993 294 50 89 67
1993 1739 86 95 92
1993 1451 19 70 53
1993 1309 65 77 65
657 1833 59 85 74
657 1069 50 78 56
657 1931 70 72 70
1164 1119 62 73 66
1586 1730 84 92 89
1586 1982 90 92 90
661 1604 28 32 29
662 761 65 98 97
761 1678 27 53 43
665 1961 12 36 20
1639 1883 84 89 84
1639 1791 29 82 42
1639 31 28 60 49
670 113 39 80 39
670 436 79 99 88
670 85 38 44 40
673 1971 41 82 72
673 152 74 96 74
673 950 14 96 54
673 422 81 97 88
673 1593 24 68 66
950 471 17 38 25
950 983 29 78 41
1593 1204 56 99 91
674 1002 71 92 78
938 678 26 88 78
679 1352 73 87 78
681 1030 86 100 94
1030 1100 41 99 79
1217 53 21 49 29
1217 1106 46 76 66
1217 1187 46 60 56
1217 1654 46 59 58
1217 1342 86 92 86
1543 1921 63 100 66
683 1856 41 82 79
683 665 65 96 73
1856 1395 56 92 87
1856 795 30 77 32
1856 1711 91 97 95
685 783 49 62 52
685 1999 77 78 78
783 1931 65 69 67
783 1985 80 85 85
2093 10 82 85 83
1256 748 62 83 71
1892 424 57 68 58
1162 976 67 80 78
1162 770 20 38 30
1162 2015 72 77 76
1162 1155 87 94 93
691 708 45 79 65
708 683 29 77 54
1612 221 74 76 76
1612 881 42 49 45
695 526 63 71 63
695 1762 69 98 74
698 336 84 94 86
700 1562 50 65 57
700 1529 67 97 83
701 817 95 98 98
703 1701 60 63 60
703 1145 65 79 78
703 146 77 97 89
703 1009 88 97 96
703 832 27 56 43
1701 1823 65 86 69
1701 2056 51 100 67
1009 1985 33 54 51
1009 586 85 89 89
832 336 17 78 64
832 509 83 84 84
704 1146 74 80 74
704 96 41 50 48
810 256 59 62 61
810 1180 88 89 88
810 196 95 96 96
1821 1349 80 89 82
1821 315 55 62 60
1821 1845 57 93 89
711 1028 36 79 60
711 607 32 54 38
711 554 47 95 84
1028 168 34 83 43
1601 715 31 75 31
1601 1494 18 47 45
714 900 42 81 56
714 871 69 91 86
714 1872 55 83 55
900 259 16 64 51
900 57 57 88 82
900 445 23 24 23
715 1450 82 87 83
715 904 52 79 62
715 2006 55 100 68
1450 1896 91 92 91
1450 1130 95 99 98
2006 1383 55 58 58
2006 1578 17 53 46
2006 1476 83 96 84
2006 1530 60 98 73
2006 81 63 96 94
716 2036 41 84 71
717 237 18 24 18
717 1870 59 81 63
718 1157 20 87 51
2073 214 57 81 60
721 917 61 96 81
917 282 60 88 70
917 303 75 93 82
917 536 80 82 82
917 804 44 73 73
722 2012 69 83 82
722 881 32 62 60
2012 1807 54 99 87
2012 1766 59 81 78
2012 473 21 54 28
881 1086 57 64 58
881 761 46 55 52
881 909 88 94 93
881 1545 39 42 40
881 1116 56 60 59
723 379 87 100 96
723 1678 35 59 58
954 1452 51 96 73
725 779 24 32 25
725 1131 74 78 74
779 1173 80 84 84
726 2116 76 82 80
726 1912 64 76 68
2116 55 59 73 66
2116 1494 68 74 74
2116 1767 64 85 65
1912 1744 82 98 87
1912 487 87 95 91
1912 504 47 100 53
1912 1785 75 98 75
1912 946 26 99 28
727 300 20 74 45
1079 764 65 88 66
1079 1713 11 70 17
729 1843 52 84 73
730 889 84 98 89
730 963 38 74 74
889 355 42 75 68
963 119 34 61 50
731 981 52 54 54
731 1484 38 94 87
1484 1740 34 65 44
732 785 71 79 79
985 2051 29 30 29
985 461 27 68 53
734 661 51 84 62
734 730 51 61 55
735 1876 75 99 87
737 881 51 95 53
737 512 78 88 83
852 1616 48 82 81
1785 1820 76 99 88
1785 570 74 84 76
1785 496 32 40 34
741 683 54 100 80
880 1591 80 94 92
880 1634 13 45 33
743 435 70 76 71
744 1152 17 46 26
1043 923 35 67 59
747 372 62 87 65
747 1169 74 91 81
747 214 23 43 39
748 692 14 19 18
748 707 53 58 53
748 1113 17 82 30
1113 1982 63 72 66
1113 1055 48 89 74
749 963 36 63 47
749 781 94 96 95
750 137 59 65 61
750 354 23 95 49
750 846 40 85 69
846 2067 80 86 82
1200 1878 47 70 58
1200 1367 82 100 83
1200 1816 68 74 72
753 654 61 88 64
753 2027 37 43 37
754 1989 26 43 29
754 1707 16 25 25
754 874 46 47 46
754 1452 17 36 22
754 709 14 76 63
1989 36 40 65 65
1989 207 45 72 48
1989 763 12 26 12
1989 1663 84 92 91
1317 409 23 27 26
1317 1469 64 80 75
757 1424 37 89 55
757 707 31 56 37
760 1708 95 99 95
762 568 54 55 54
762 1766 49 59 51
1766 1993 47 60 54
763 1701 78 99 94
763 1456 54 67 56
1456 2062 66 86 76
1456 258 72 76 73
1874 2069 17 86 38
1874 291 78 98 91
767 1007 81 96 96
768 652 53 62 56
768 1557 17 61 21
768 1053 33 56 52
769 969 45 94 86
769 2116 92 100 96
769 829 93 95 93
770 741 55 88 60
770 1011 24 90 37
1011 959 87 91 89
1542 622 87 99 89
772 1931 33 49 38
772 1825 21 78 65
773 339 61 95 65
773 1162 11 22 16
776 986 21 80 22
776 902 64 84 81
776 118 73 96 84
1308 1218 89 95 91
1308 1069 34 88 54
1308 254 65 95 84
1308 177 56 96 69
782 1046 57 67 63
782 823 86 88 87
782 1703 87 93 90
782 1830 30 37 36
782 579 87 100 90
1046 441 71 80 72
1046 1780 70 78 71
823 708 79 80 79
1703 305 68 78 68
1830 1070 47 61 61
1830 1660 73 96 85
1830 1387 91 95 93
1830 1131 53 92 59
1985 1638 33 89 37
1985 832 20 85 32
1985 393 25 92 47
1985 1450 88 95 90
1574 160 86 91 90
1574 751 65 70 68
787 498 57 72 61
787 543 70 78 77
790 1563 56 78 74
791 1230 94 98 98
791 587 70 92 81
1230 29 65 68 65
795 1565 25 57 34
1565 854 35 38 36
1565 1586 24 66 42
796 659 31 33 31
798 1521 84 89 89
798 1309 76 79 77
1521 960 55 85 57
1521 1471 64 85 64
801 2036 12 36 36
803 1523 13 27 23
803 1436 16 47 26
1523 749 35 85 65
1523 2113 55 73 73
1436 352 57 92 72
1436 1421 73 82 78
809 805 27 61 59
809 1136 66 98 75
1136 324 90 92 91
1136 1211 51 61 53
1136 1669 20 50 20
1136 1553 83 91 83
1136 1090 24 73 68
1180 419 38 65 62
1180 180 76 83 77
1180 1627 11 52 42
813 437 30 88 46
813 1213 63 93 72
816 1281 28 96 38
816 583 30 89 86
819 1666 91 99 99
819 69 37 63 58
819 756 83 84 84
1666 1799 61 72 72
1666 1060 55 89 70
1666 1256 39 92 50
820 1577 52 90 85
820 113 15 88 20
1577 2000 66 85 74
1577 1723 94 100 96
821 1021 54 62 60
822 1614 88 100 91
1614 1999 48 55 55
1614 898 77 95 79
824 1735 36 52 37
824 882 15 39 35
824 1824 80 84 82
882 241 39 100 97
1824 1028 69 80 70
825 575 42 77 60
825 232 47 68 49
825 381 89 93 92
825 1932 12 91 77
826 780 28 52 42
827 380 32 100 86
2008 1104 65 74 70
2008 493 15 76 39
831 1154 85 90 88
831 1052 40 90 41
1154 518 20 49 32
1052 1027 61 63 62
1052 775 57 70 66
833 852 20 73 72
835 1021 88 100 95
836 1286 16 18 17
838 2005 92 94 93
838 501 81 92 88
838 1117 93 100 93
838 562 77 90 90
838 1340 64 93 84
1340 36 29 81 71
1340 1596 83 85 85
1340 233 75 83 75
839 305 80 93 86
839 326 14 69 20
1573 569 34 47 42
1573 19 67 79 71
1573 1233 66 95 88
1573 745 62 67 65
843 1484 15 75 25
843 1857 40 95 41
844 579 20 55 43
844 1110 14 52 30
844 1984 22 34 29
1110 149 44 81 76
1110 656 60 95 84
1110 1942 70 91 78
1984 729 69 71 71
1984 2071 10 15 13
845 1443 74 96 74
845 1271 46 48 47
1443 1239 12 96 23
1443 256 24 97 44
1271 1496 61 87 85
937 1867 44 57 47
937 1676 30 39 31
849 1333 44 88 46
849 1662 33 76 44
1333 1539 74 90 85
1333 1984 83 97 85
851 446 73 99 98
1616 638 65 79 67
1616 416 14 55 47
1616 413 13 89 45
1616 478 90 92 91
1596 1526 82 89 86
1265 159 30 57 48
1265 386 43 77 52
857 339 75 76 76
857 1915 10 72 14
1915 2047 77 90 87
1915 1612 31 51 37
1915 374 82 86 84
859 2074 53 88 85
859 1789 48 53 48
1789 353 27 70 36
1789 487 24 55 33
860 167 65 100 68
860 131 71 90 87
860 104 61 98 72
860 1004 44 51 51
1004 1394 73 79 74
861 868 79 97 89
863 419 91 94 92
1992 1242 60 99 85
1992 1209 79 89 89
866 648 55 67 60
1839 1944 79 83 80
1933 533 51 93 92
1933 1157 22 33 30
872 1385 60 99 65
872 1611 35 73 48
872 112 76 95 79
872 284 73 94 79
872 1509 49 83 58
1385 1204 51 88 64
1385 950 16 73 52
1509 807 67 71 71
1509 1850 87 89 89
876 1032 23 70 33
877 218 20 99 82
877 1469 72 97 91
877 1941 60 97 81
1941 935 59 98 70
878 2030 94 99 95
878 180 90 96 95
879 1283 85 91 89
1591 379 55 78 65
1591 1455 20 65 40
1086 866 80 97 85
1086 478 17 87 80
1116 574 70 79 75
1116 508 43 50 45
883 1218 32 100 83
883 206 49 58 58
2023 700 34 93 65
1643 250 25 29 27
1751 1781 39 75 69
1751 2042 61 63 63
1751 1995 95 100 96
1751 637 77 81 77
886 1581 67 89 88
888 1739 72 79 78
888 753 41 59 45
888 1030 76 86 82
888 1097 23 44 35
1739 511 11 78 35
891 130 15 92 20
892 897 43 63 56
893 369 83 89 87
893 190 59 90 71
898 1814 34 55 53
899 1791 56 97 83
899 663 71 75 72
1791 676 60 71 70
1538 453 71 95 85
907 1985 75 84 75
907 164 38 48 42
907 1464 30 42 41
907 2010 63 76 75
908 1720 78 97 78
908 259 80 81 80
1720 1752 49 96 81
1193 2063 75 84 81
913 879 19 30 29
913 143 76 89 86
913 39 85 87 87
914 768 15 42 36
915 798 52 72 64
915 1345 53 81 67
916 2026 89 96 90
2026 995 74 100 96
2026 1234 85 94 88
2026 181 30 71 71
2026 1247 12 29 25
918 1393 79 100 88
918 664 93 98 95
1393 1491 30 46 31
920 1999 86 95 94
920 1075 30 44 42
920 2029 38 58 46
1503 1481 45 46 46
1503 1405 95 96 96
1483 173 76 86 83
928 1725 57 77 59
928 701 47 49 49
928 935 21 31 24
1725 296 52 55 53
1725 2089 27 65 52
1725 2049 55 67 59
929 938 47 73 73
929 1198 60 88 77
1198 494 11 61 12
1198 357 73 98 79
931 1823 57 65 59
931 1054 68 73 70
931 230 84 92 85
931 508 93 98 93
1823 1037 21 42 31
933 256 79 81 79
934 1366 26 96 78
936 1900 82 88 82
1900 524 39 89 43
1073 359 58 60 59
1073 830 95 96 96
942 182 75 99 96
942 2093 55 57 57
942 918 48 62 56
942 774 11 74 61
2107 370 22 86 60
2107 847 21 46 24
1447 960 71 87 72
1447 1767 47 89 62
1447 833 13 37 25
946 638 35 60 50
946 238 55 92 78
947 2047 20 35 35
947 1999 93 98 97
948 883 88 89 89
948 1631 38 61 40
949 627 83 87 86
951 695 12 55 42
951 74 11 69 55
952 836 79 93 79
952 2060 61 62 61
2060 1200 20 24 20
2060 1233 95 98 95
2060 1950 35 49 43
2060 795 56 77 69
1686 1091 54 86 80
1686 627 15 50 43
1686 952 28 38 36
1293 75 33 56 54
957 948 79 99 82
1249 1539 66 94 77
1249 1952 72 92 92
1249 689 73 93 80
960 2060 76 95 87
961 1502 94 95 95
1910 988 25 75 64
965 100 55 89 65
965 1276 42 56 53
968 506 46 85 51
970 2047 78 100 81
970 629 50 99 67
971 1894 27 71 27
971 1720 70 86 85
1894 1237 33 100 72
973 655 92 98 94
973 1902 58 98 71
1902 1612 12 94 12
1902 834 76 81 80
974 1856 58 75 68
976 1502 42 47 47
976 327 78 87 82
977 833 25 41 31
977 1658 80 81 80
984 1421 20 74 53
984 1541 33 74 72
2051 867 66 99 95
988 263 32 80 38
988 510 30 90 54
988 798 30 42 42
1155 1969 66 82 68
1155 617 14 71 14
1155 1082 75 76 75
1155 1957 62 77 68
1155 1146 47 64 51
1155 585 85 99 96
993 1125 34 51 41
1125 1172 93 98 98
994 375 12 97 24
994 466 12 37 28
997 849 44 50 49
997 394 64 88 67
997 722 30 37 31
998 1809 70 86 80
1809 386 92 93 92
1025 100 45 81 80
1001 1471 26 86 40
1061 21 27 68 28
1061 1195 33 95 51
1061 1226 69 92 79
1845 1679 11 12 12
1974 733 72 88 73
1974 1210 76 81 81
1974 793 65 91 87
1006 1725 88 99 90
1006 1784 30 46 39
1006 64 37 82 63
1942 1491 41 78 47
1012 1434 92 93 92
1434 1993 81 94 85
1434 478 30 60 55
1434 157 34 48 44
1295 100 53 81 66
1014 1897 11 31 26
1897 425 30 88 37
1780 625 89 95 90
1780 1223 89 99 99
1780 1855 54 91 57
1780 1644 47 91 82
1016 920 36 38 38
1016 2012 12 95 31
1016 1203 77 83 81
1016 1744 45 59 46
1203 1319 75 83 75
1203 1348 64 93 68
1018 1006 91 92 92
1940 594 43 87 62
1304 1452 16 29 20
2102 1500 12 14 13
2102 18 44 62 44
2102 1028 92 93 92
2102 1511 36 87 57
2102 1640 68 72 72
1020 1986 55 67 55
1020 1600 91 97 95
1020 1657 79 84 79
1600 833 70 85 71
1600 1659 21 78 29
1657 749 77 87 80
1657 378 11 99 84
1887 2070 42 66 48
1887 989 57 86 61
1492 2002 18 98 90
1023 1601 32 73 61
1026 590 87 97 93
1027 480 42 57 44
1027 2057 56 78 72
2057 739 47 78 47
2057 789 40 98 56
2057 18 95 98 95
1100 1486 36 75 49
1031 852 26 41 39
1033 1552 44 80 67
1033 1934 90 100 93
1033 1210 70 94 92
1934 1181 31 56 50
1934 1664 66 91 66
1210 1708 34 88 69
1210 1232 88 93 89
1210 631 81 100 86
1035 351 22 54 41
1299 838 70 87 87
1299 1841 66 88 66
1039 1123 26 77 68
1123 623 69 86 79
1123 2119 26 88 62
1044 1267 53 71 65
1267 1708 78 96 83
1048 1101 71 100 99
1050 1865 43 64 63
1050 1077 56 97 93
1865 747 25 58 44
1865 640 11 69 68
1051 892 89 92 90
1051 698 35 38 37
2100 13 50 62 50
1055 867 63 78 67
1055 123 54 67 66
1056 1698 19 45 42
1056 1883 51 57 51
1056 562 49 50 50
1698 86 93 98 94
1698 528 66 76 71
1698 1864 56 90 61
1624 1596 30 32 30
1624 1569 24 77 56
1624 745 56 92 81
1195 178 16 27 26
1195 156 39 77 51
1195 1433 40 93 77
1195 2 40 66 42
1063 1729 21 69 48
1063 1513 58 98 89
1063 502 11 99 81
1063 2050 78 83 78
1063 346 26 72 55
1063 1528 72 87 83
1513 590 84 92 87
2050 1368 73 83 78
1528 879 33 75 55
1528 579 79 98 97
1064 1610 25 91 75
1064 1407 83 90 88
1064 1317 94 95 95
1064 1740 66 85 69
1064 410 77 86 84
1610 1825 67 98 71
1610 1057 51 86 56
1610 510 41 98 42
1610 81 52 90 69
1610 594 21 29 27
1740 74 42 67 56
1740 571 54 75 61
1066 1685 73 99 85
1066 1667 16 83 58
1066 553 88 93 90
1667 175 69 81 70
1667 31 52 82 77
1067 1393 25 99 51
1507 1007 63 92 85
1507 533 87 99 95
1076 360 31 71 33
1082 755 26 41 31
1082 437 74 86 82
1082 654 45 85 81
1082 2073 47 70 52
1083 1363 83 92 88
1083 1756 13 54 19
1083 528 53 84 76
1756 560 66 72 68
1756 520 30 33 31
1084 1984 46 74 50
1088 1668 63 82 77
1088 459 56 63 60
1088 1945 90 98 95
1088 108 12 19 12
1945 118 72 93 78
1945 1060 68 92 92
1945 206 94 97 95
1945 1642 54 93 80
1945 1000 90 94 93
1090 1161 59 88 70
1090 1505 69 88 79
1091 148 84 93 91
1091 956 29 92 74
1095 1480 11 48 26
1095 333 33 81 67
1096 2001 25 85 80
1392 1852 30 34 32
1486 144 84 86 85
1486 1036 61 100 93
1486 1525 48 56 48
1510 304 70 72 71
1105 1205 75 85 82
1106 942 95 98 97
1107 1047 24 61 29
2071 574 69 82 71
2071 1816 19 70 54
1245 209 27 61 49
1245 571 17 18 17
1651 536 90 100 95
1651 524 33 84 56
1651 323 94 100 98
1651 853 26 56 38
1651 739 56 57 56
1982 2098 23 52 33
1982 2042 59 88 61
1982 232 91 94 91
1982 1015 33 58 41
1982 1972 85 96 93
1224 182 16 72 24
1224 788 37 56 54
2000 631 78 98 79
2000 1016 16 84 21
1215 1154 22 61 56
1826 735 42 63 63
1826 219 64 66 64
1826 9 29 61 33
1826 1990 23 78 67
1121 1275 20 54 46
1275 1102 35 98 96
1122 1637 76 82 78
1122 469 80 96 88
1637 468 39 71 61
1637 1063 37 99 83
1637 135 70 92 73
2119 487 55 60 57
2119 1364 67 84 84
2119 1245 71 98 83
1124 234 51 72 53
1126 1092 33 49 33
1126 1454 69 87 79
1126 1619 41 56 53
1126 740 39 50 40
1128 1366 21 57 48
1128 1057 83 96 85
1134 267 57 74 72
1134 675 55 86 62
1134 789 89 95 91
1134 890 90 98 92
1135 1272 54 92 86
1135 886 25 90 61
1669 593 36 82 80
1669 1391 93 96 94
1669 1000 27 35 31
1553 1862 28 89 75
1553 1631 78 95 94
1553 1393 70 80 79
1138 754 41 64 58
1139 1696 84 92 89
1139 1609 14 80 59
1139 1111 62 82 74
1696 1806 56 67 56
1696 464 56 61 59
1696 1648 63 79 72
1609 210 88 100 89
1609 577 46 66 60
1140 587 83 96 93
1141 1324 45 51 47
1141 959 66 100 81
1141 1966 49 95 74
1144 480 78 94 92
1144 935 31 62 52
1144 1576 39 87 45
1576 449 44 46 46
1576 81 21 38 23
2033 1378 73 95 73
2033 125 42 56 53
2033 418 54 92 89
2033 1029 45 100 51
1147 1514 23 28 24
1147 2080 12 62 29
1147 230 25 87 26
2080 502 73 93 77
2080 1127 72 74 74
2080 1708 59 81 73
2080 279 26 47 26
1149 1609 78 96 94
1151 644 76 94 78
1969 774 41 91 81
1969 740 68 81 80
1969 121 43 54 53
1969 48 91 97 96
1159 1515 48 60 54
1515 1513 80 89 86
1515 1915 95 96 96
1163 1059 12 64 27
1163 246 78 90 85
2015 1561 42 61 49
2015 1289 33 37 33
2015 1585 87 90 88
1165 136 26 90 28
1165 81 56 66 56
1171 1760 50 86 55
1171 1303 50 79 71
1171 1200 61 73 67
1171 897 54 99 68
1174 1884 63 71 65
1884 929 43 83 82
1178 671 29 67 37
1178 720 47 52 52
1179 1925 34 52 38
1179 1851 55 72 55
1925 1742 83 86 84
1627 1575 31 66 33
1627 387 80 83 83
1181 1059 94 96 95
1181 1530 61 95 73
1183 418 28 35 32
1184 1383 15 71 35
1191 2026 51 88 65
1191 941 33 46 39
1863 712 74 75 74
1863 1734 44 90 55
1863 2111 68 83 71
2063 732 33 77 38
2063 175 34 60 60
2063 689 21 42 39
2063 343 42 50 50
1525 1302 18 67 46
1525 1856 25 36 32
1525 882 47 77 65
1525 1087 88 96 93
1433 538 95 98 95
1433 588 18 89 56
1330 1775 59 78 63
1500 62 67 87 81
1357 562 20 21 21
1199 1483 27 54 35
1199 2063 31 94 88
1878 1110 33 60 46
1878 1879 41 69 55
1878 33 19 20 19
1878 1514 28 90 65
1202 1517 56 100 99
1202 393 50 66 62
1517 637 59 81 62
1517 609 58 74 65
1206 300 80 99 84
1207 271 50 80 53
1208 1863 36 58 41
1208 1705 67 79 75
1705 678 25 62 31
1705 330 31 59 45
1705 1514 27 58 31
1214 436 52 64 64
1214 810 11 90 28
1214 1766 69 87 83
1214 782 32 60 49
1342 192 80 91 83
1342 353 70 89 81
1220 1589 70 93 72
1220 1696 17 76 45
1221 1085 71 96 80
1223 895 69 80 77
1722 645 78 82 80
1722 1119 31 69 52
1722 1966 75 92 91
1722 1661 93 99 96
1234 828 11 87 60
1234 19 26 81 73
1237 562 91 97 97
1238 77 75 94 81
1238 1671 26 43 39
1238 685 88 92 89
1671 456 24 46 37
1671 1016 43 87 47
1671 1352 34 70 61
1671 1306 30 42 32
1671 1215 62 71 64
1467 931 77 97 89
1467 117 56 88 75
1467 66 87 93 87
1248 707 21 72 23
1248 670 61 85 66
1248 22 12 16 15
1248 1637 42 51 49
1250 484 25 70 67
1250 949 27 66 37
1251 879 57 66 63
1251 1374 47 83 56
1251 259 64 90 86
1252 2072 64 68 66
1252 1658 91 97 95
1252 239 45 66 50
2072 368 10 82 53
1253 1834 57 82 81
1834 1156 53 62 62
1258 222 95 97 95
1978 1604 30 97 59
1260 1628 29 100 83
1260 239 47 94 57
1260 1593 62 77 62
1628 1808 20 45 44
1628 785 69 92 81
1262 226 65 83 79
1266 1769 78 100 98
1266 1535 58 61 59
1769 930 17 77 63
1769 164 62 79 75
1769 1062 28 61 44
1268 1067 79 94 84
1268 1610 78 82 78
1270 1422 30 45 30
1270 770 89 96 92
1270 708 18 89 64
1496 860 32 39 37
2046 1090 66 67 67
2046 135 83 94 83
2046 275 85 86 86
1273 674 65 99 67
1273 1646 39 75 60
1273 493 10 76 15
1274 1718 59 89 73
1274 1727 53 64 53
1727 1307 12 60 33
1727 532 34 54 44
1727 1641 34 85 54
1278 996 78 94 81
1278 1668 81 90 83
1280 41 54 71 59
1837 1806 40 76 70
1575 1701 46 56 46
1575 360 17 88 19
1575 1015 64 68 65
1575 562 74 82 77
1451 1676 56 75 64
1294 848 89 100 96
1294 1799 16 86 52
1297 1256 51 93 78
1297 1598 71 94 94
1302 215 35 62 37
1590 927 69 91 78
1590 880 57 100 66
2097 329 30 95 59
1734 179 75 94 94
1734 562 59 61 61
1714 860 57 97 93
1310 1111 29 91 35
1310 1769 55 73 57
2095 1889 34 43 41
1316 1140 44 87 77
1316 1982 63 71 64
1321 526 21 24 21
1321 159 37 41 38
1321 1300 93 96 96
1321 1309 40 57 45
1792 1815 49 60 60
1327 584 40 60 50
1328 996 43 67 44
1328 1610 21 47 42
1328 1242 54 97 80
1329 964 72 90 86
1329 874 90 92 90
1329 1505 12 31 24
1775 190 65 71 70
1775 879 59 69 68
1775 2020 85 90 85
1331 1031 50 52 51
1331 790 25 68 49
1332 504 77 94 91
1332 502 31 95 78
1334 27 73 86 84
1334 541 36 75 67
1334 1923 34 47 37
1923 986 86 94 86
1923 1816 72 95 92
1923 410 86 90 86
2038 821 82 88 82
2038 1339 40 67 40
1336 1296 68 99 75
1343 1276 23 73 71
1818 1306 25 79 77
1818 1615 30 78 76
1346 1757 91 100 94
1347 580 94 99 95
1347 904 71 95 91
1347 1513 83 100 84
1977 207 56 91 61
1977 1970 90 100 98
1977 1929 35 90 87
1977 42 49 100 64
1606 431 69 70 70
1606 432 84 96 85
1606 887 27 48 34
1355 1520 62 73 68
1520 1800 23 43 24
1520 175 30 100 96
1520 244 72 96 93
1520 501 51 91 77
1358 260 85 96 96
1358 756 77 85 79
1358 1007 31 37 35
1358 600 86 87 86
1457 1631 37 51 39
2076 807 18 28 18
2076 1885 82 93 84
2076 616 42 51 43
2076 1218 56 60 56
1370 587 14 19 18
1370 429 66 79 67
1371 812 76 78 78
1373 267 17 19 18
1373 2055 93 96 93
1373 1404 13 67 27
2055 494 42 78 63
1404 650 95 98 96
1404 1964 50 71 53
1404 1569 30 40 38
1404 1362 87 98 95
1375 1594 17 21 19
1375 1342 33 90 37
1375 1235 10 55 43
1377 190 87 95 95
1377 761 60 65 65
1377 587 35 50 35
1378 1987 75 79 78
1382 399 53 80 56
1384 71 28 95 49
1384 398 91 93 91
1386 833 18 33 26
1748 1706 82 100 99
1748 1001 34 78 58
2120 1004 15 82 61
1391 1503 43 66 64
1391 446 22 64 47
1852 1113 14 67 66
1395 821 55 97 97
1397 325 88 93 91
1400 1401 25 38 29
1400 520 68 95 94
1401 926 77 89 82
1401 14 62 95 81
1402 704 53 78 59
1403 1836 25 64 57
1403 1332 39 82 57
1403 1059 94 96 94
1403 280 79 92 81
1403 527 52 54 54
1836 1951 86 94 91
1569 195 14 90 68
1569 967 85 100 94
1569 1078 20 92 77
1569 388 41 45 43
1406 97 84 87 87
1408 1432 54 69 67
1408 351 36 67 56
1432 448 63 78 75
1432 253 27 53 47
1409 1886 57 81 58
1886 789 84 91 89
1410 1565 32 87 38
1410 549 72 83 76
1411 1604 66 96 70
1414 152 21 45 34
1414 51 59 88 63
1417 199 49 63 63
1417 667 47 65 65
1417 2064 62 64 64
1425 817 65 81 70
1425 614 18 28 22
1425 717 91 99 97
1425 251 82 95 95
1427 1043 43 84 57
1439 780 70 97 76
1441 350 55 99 65
1441 385 46 95 47
1444 158 46 60 60
1767 954 51 97 70
1453 2098 31 83 32
1453 2101 13 49 45
2098 1292 55 66 63
2101 1173 51 80 56
2101 1028 64 80 70
1455 574 67 82 67
1455 1034 75 88 86
1455 1847 65 95 69
1847 233 35 87 38
1459 986 86 92 87
1459 2034 52 66 58
1459 680 21 98 36
1459 1588 12 67 32
2034 557 59 97 89
1588 480 24 49 34
1730 326 39 83 82
1463 1664 53 58 53
1463 262 81 88 85
1664 370 18 46 41
1466 1500 43 83 52
1466 1031 61 76 72
1466 749 69 71 70
1466 315 68 100 76
1466 989 22 81 31
1468 970 82 97 93
1468 1893 84 97 90
1468 1646 60 97 67
1473 1912 49 76 49
1474 262 68 93 77
1474 868 15 73 23
1474 1718 77 90 78
1983 1121 11 94 61
1983 768 16 78 17
1481 1369 85 88 88
1481 1152 55 99 80
1481 1708 57 85 58
1485 1023 54 96 54
1489 757 88 98 90
1499 791 74 98 98
1499 1902 94 97 95
1499 1594 72 97 91
1501 1795 15 71 64
1501 289 61 72 69
1501 1603 44 45 44
1508 225 14 57 49
1850 1105 34 72 39
1512 1231 12 22 22
1512 793 12 42 41
1516 1075 51 74 60
1516 379 62 66 64
1522 505 87 99 89
1522 645 48 53 52
1526 1122 74 97 85
1526 1860 60 94 82
1526 1388 62 64 63
1526 843 36 48 40
1527 770 63 91 86
1527 121 95 96 96
1533 570 19 100 31
1534 199 61 80 64
1534 318 65 67 66
1540 121 61 74 68
1540 951 53 95 59
1544 1404 60 91 73
1544 303 47 97 76
1544 538 37 77 57
1547 1968 66 81 77
1547 1805 50 86 69
1968 1061 51 83 54
1550 737 25 84 39
1551 1896 11 12 11
1862 1469 55 67 66
1862 1696 90 97 91
1862 1256 14 25 15
1554 821 81 89 83
1554 1893 13 63 45
1556 1049 76 97 80
1558 222 86 87 86
1559 752 92 97 96
1559 1056 45 63 62
1559 1987 85 87 87
1998 1600 74 81 80
1561 723 41 76 49
1724 1355 37 98 79
1724 119 25 87 25
1724 1735 26 39 37
1724 614 37 73 48
1724 1339 15 63 51
1566 687 26 61 54
1568 1212 21 41 39
1568 1816 83 94 92
1571 1647 20 40 34
1571 752 16 84 75
1571 154 68 100 95
1723 1644 13 82 64
1579 86 40 86 61
1585 876 20 53 41
1585 291 67 85 72
1587 424 18 94 25
1608 1958 76 91 79
1608 2059 70 74 71
1608 1070 13 20 14
1608 213 91 96 93
1595 1822 27 53 32
1597 1430 34 73 41
1597 648 60 100 86
1659 736 63 72 63
1605 222 71 85 77
1605 1942 47 94 90
1958 1550 57 64 59
1958 476 67 84 81
1958 424 32 100 62
1782 1410 25 77 76
1782 233 90 91 91
1615 1357 36 60 40
1615 567 12 21 21
1618 1204 66 77 70
1919 1261 69 92 83
1623 362 20 35 20
1629 485 18 70 63
1629 977 27 92 92
1629 1706 17 58 36
1632 339 65 69 65
1632 1630 77 92 86
1635 8 61 78 71
1641 607 37 43 38
1641 211 40 41 40
1641 1945 35 71 62
1645 788 67 81 81
1648 883 55 72 62
1656 933 27 52 51
2112 1933 53 90 78
2112 996 91 98 95
1670 2017 41 52 44
1670 122 77 99 86
1670 1838 27 82 56
1670 1626 68 81 68
1838 1937 37 43 38
1838 844 25 86 36
1838 845 64 78 78
1673 179 46 60 47
1673 1914 71 88 77
1673 2075 62 72 68
1673 1773 42 94 57
1673 818 20 34 28
1673 2095 20 45 36
1914 437 55 99 58
1914 1175 46 68 49
1914 1947 19 93 88
1929 1244 47 75 59
1929 384 90 99 91
1929 1226 82 97 90
1929 660 86 88 86
1853 1564 21 24 22
1680 1108 44 69 66
1680 7 27 37 30
1680 1280 12 16 16
1906 1502 47 94 52
1689 1566 46 57 57
1690 1118 84 92 90
1691 2052 70 91 70
2052 1885 86 96 96
1711 1846 49 100 67
1711 12 80 86 81
1711 85 24 80 43
1711 2015 21 39 31
1806 1197 35 50 37
1806 1468 40 84 76
2056 1434 72 88 87
2056 1962 93 96 96
1702 1975 80 99 97
1702 1729 39 61 44
1704 1111 15 80 28
1704 628 25 53 28
1704 1399 69 81 74
2086 2056 70 75 74
1811 971 26 35 35
1811 584 17 94 65
1710 1195 16 66 60
1710 935 27 63 60
1712 554 14 58 36
1716 1776 78 89 85
1752 1943 93 99 95
1752 627 13 44 20
1721 1084 84 97 97
2089 247 90 100 97
1732 557 71 85 82
1738 1885 85 99 90
1745 1563 59 87 78
1781 1241 12 70 70
1754 548 91 92 91
1755 1696 21 23 21
1859 284 64 65 64
1761 368 52 57 55
1871 1841 24 100 71
1871 1872 70 75 73
1871 836 66 89 89
1871 2112 36 58 45
1765 502 31 73 58
1765 1116 86 95 90
1765 1868 51 100 100
1765 1166 42 46 46
1768 26 40 79 69
1768 1241 14 71 36
1777 1474 70 78 73
2118 798 53 61 58
2118 506 10 65 50
2118 92 20 44 35
2118 1506 62 78 74
1779 2083 44 54 47
1786 905 93 94 94
1787 2061 47 58 51
1790 1066 40 61 41
1790 901 38 67 38
1790 1953 88 91 90
1790 575 40 82 62
1953 2085 43 61 50
1793 1441 31 79 65
1888 734 31 92 81
1812 1719 26 67 27
1813 1386 46 98 63
1813 1474 46 62 46
1813 292 13 64 13
1819 1231 66 85 77
1819 1070 65 71 71
2065 1874 39 51 50
2065 606 47 99 71
2084 1347 38 100 68
1990 1830 84 92 90
1990 34 75 78 75
1990 1751 32 49 47
1990 95 77 80 80
1990 635 57 84 79
1829 1003 84 96 88
1832 851 15 91 76
1832 965 20 48 36
2035 1412 33 83 76
2035 1474 85 87 87
1951 1569 15 57 42
1937 1940 44 58 56
1937 1353 65 81 72
1840 135 80 88 88
1840 1275 24 79 74
1842 2000 54 68 55
1842 1438 84 98 87
1930 2079 44 80 70
1930 1416 49 86 51
1930 180 51 64 64
1930 1507 11 63 50
1930 1993 30 39 35
1848 1863 26 33 29
1854 332 38 61 56
1854 1194 26 29 28
1854 1726 38 43 40
1866 982 75 83 81
1866 1455 34 63 51
1869 1834 57 89 83
1869 632 32 95 41
1869 418 41 84 50
2069 1611 73 99 84
2069 2120 76 88 88
2069 1812 18 30 25
1875 1062 93 98 94
1875 1012 90 96 91
1875 2093 66 71 71
1880 592 77 86 81
1880 789 87 100 92
1880 682 69 80 78
1889 1304 53 69 56
1895 1637 91 98 91
1903 653 28 96 79
1903 789 44 46 44
1907 1467 88 92 92
1907 89 67 95 81
1909 29 79 100 81
1909 865 61 67 62
1909 2066 30 67 54
1909 1754 40 57 52
1947 1286 13 79 39
1916 2013 55 80 80
1916 15 15 94 89
2013 1211 89 100 97
1917 24 80 89 84
1917 797 50 83 83
1917 511 12 99 63
1920 440 87 91 91
1920 852 87 88 88
1920 1900 44 78 56
1920 1964 79 84 83
1924 713 17 31 22
2079 654 61 72 62
2079 180 76 78 76
2079 2018 17 36 24
1935 1558 64 77 77
1960 895 45 63 60
2115 265 13 21 18
2115 1894 12 61 61
1949 1135 46 89 53
1949 1248 37 46 42
1949 1315 79 83 83
1950 1145 16 83 46
1954 1191 18 89 67
1959 1985 85 91 90
1959 1896 74 82 81
1962 1358 87 97 90
1970 305 29 65 41
1973 771 36 70 55
1973 1758 68 97 73
1981 368 20 44 35
1981 910 88 96 95
1994 75 46 57 48
1994 407 27 83 54
1997 845 74 85 80
1997 1115 30 53 46
1997 1325 86 100 91
2004 983 10 90 39
2009 1084 33 81 47
2009 1275 27 58 51
2009 66 35 85 73
2011 1692 67 74 69
2014 428 61 63 61
2014 1537 16 61 38
2014 1559 72 93 79
2016 922 29 81 45
2016 1856 56 72 57
2019 938 11 39 32
2019 384 91 96 95
2021 1892 92 98 97
2024 1164 51 80 76
2024 341 33 56 49
2025 1224 66 78 75
2037 1865 12 73 51
2037 829 38 48 42
2040 1096 45 64 55
2040 850 90 99 91
2044 130 53 73 58
2048 1514 90 93 90
2048 1205 62 76 71
2082 1167 31 81 39
2082 1228 10 54 13
2082 198 10 42 33
2087 389 38 59 55
2088 1742 24 73 35
2088 1224 71 82 82
2094 1142 67 87 73
2096 304 11 100 21
2105 1371 36 78 40
2105 981 52 90 68
2108 2073 39 65 46
2108 1892 35 75 45
2108 1874 29 66 60
2109 1785 61 84 79
2109 304 52 67 56
2110 613 89 91 90
2117 206 32 74 38
0 2120
