87 178
0 35 57 68 66
0 40 67 73 67
35 16 77 88 84
35 25 85 94 89
35 13 37 41 40
40 74 61 66 63
1 48 63 92 79
1 60 24 76 41
48 12 77 94 90
48 63 19 73 50
48 20 45 90 64
48 4 91 97 95
60 29 25 75 52
60 77 93 100 97
60 39 44 90 45
2 30 29 51 40
2 6 55 64 64
6 39 61 62 61
6 82 22 46 43
3 2 27 50 32
4 20 81 88 88
4 62 47 94 49
4 83 50 65 56
4 57 38 57 48
20 58 56 92 75
62 18 34 56 49
83 37 78 97 87
83 77 34 66 44
83 11 80 96 81
5 41 25 27 25
5 47 78 89 85
47 77 74 82 76
39 65 68 74 73
39 37 58 71 71
82 48 18 61 48
82 1 71 91 74
82 37 35 97 78
82 13 22 46 26
82 38 31 90 35
82 17 19 69 55
82 86 48 62 48
7 69 93 98 94
7 56 89 92 92
56 34 25 30 30
56 25 39 53 52
8 33 74 98 79
8 85 40 77 40
8 61 43 86 68
33 22 87 89 88
85 46 14 15 14
85 48 67 88 70
61 86 64 69 65
61 41 48 89 68
9 60 57 62 58
9 80 45 90 65
80 35 90 100 92
10 44 82 97 93
10 42 95 98 96
10 30 60 70 61
10 48 72 96 85
42 79 65 79 66
42 45 42 55 55
11 60 93 99 94
11 65 93 99 98
65 68 76 83 77
65 22 46 94 91
12 18 48 54 52
18 61 89 93 90
18 55 54 85 78
18 17 86 93 86
18 45 46 64 55
13 24 68 79 74
13 75 16 49 34
13 29 54 70 59
24 37 51 72 55
75 11 43 74 52
29 1 59 93 80
29 83 72 75 75
14 1 10 15 10
14 76 55 66 60
76 39 48 62 54
76 35 29 62 48
76 66 76 98 84
15 33 52 61 60
15 26 83 85 83
26 82 15 48 26
26 74 42 54 52
26 65 23 40 35
26 43 86 96 94
26 64 62 84 80
16 26 78 90 84
16 79 30 50 48
16 84 26 29 29
79 63 55 56 56
79 84 20 84 49
84 6 50 60 57
84 1 88 89 89
17 38 28 57 49
17 81 75 88 80
17 24 12 57 45
38 0 14 68 14
38 33 91 97 91
81 77 53 81 60
81 72 65 68 68
81 47 47 56 54
81 34 94 99 95
55 66 91 95 95
55 76 29 53 51
45 40 15 19 17
58 81 71 83 82
21 13 38 66 62
21 80 79 85 80
22 79 51 93 92
23 58 45 81 53
37 12 64 90 64
37 18 28 90 75
25 19 85 87 85
25 78 65 85 83
25 60 52 76 62
25 49 74 96 80
78 63 88 99 95
49 19 15 46 44
49 54 30 79 51
74 77 77 94 79
74 7 57 75 67
43 83 58 83 78
64 38 35 56 47
27 63 66 96 67
27 32 34 100 37
27 77 89 91 90
63 56 39 81 63
63 41 90 94 90
63 81 10 51 38
32 54 51 81 51
77 25 63 92 86
77 60 33 71 50
77 15 71 99 76
77 13 65 97 74
77 66 61 91 84
77 44 76 97 91
31 11 79 81 79
31 25 78 90 81
31 30 71 73 73
54 71 60 75 69
54 17 93 98 95
54 7 27 43 40
34 68 94 99 97
34 30 78 95 93
36 4 19 69 57
36 39 70 99 77
36 64 22 67 45
46 40 36 80 48
46 21 76 89 79
50 80 82 98 92
50 67 52 56 52
50 13 21 68 54
67 30 28 56 38
67 77 21 52 29
51 78 36 39 38
53 84 30 90 46
53 46 80 99 84
53 45 89 90 89
71 30 33 56 46
71 23 89 93 91
71 57 58 97 87
66 34 79 82 79
86 8 34 94 65
86 48 49 66 60
70 69 75 82 80
70 32 25 47 33
70 44 44 93 75
72 52 90 91 91
72 48 69 86 71
73 34 72 96 79
73 53 86 94 87
73 50 41 87 87
73 0 13 52 20
73 71 64 78 68
0 86
