792 1698
0 403 33 41 39
0 480 16 36 23
403 537 21 66 22
403 78 16 38 32
403 345 69 79 73
403 721 61 85 67
480 637 34 57 50
1 418 39 60 48
1 439 58 88 77
1 342 38 75 64
418 532 79 87 86
418 629 33 43 42
439 623 41 54 41
439 442 51 87 58
439 609 43 81 77
439 364 20 90 61
342 526 22 93 25
342 574 31 85 54
342 457 50 56 53
342 662 87 92 89
342 313 10 51 26
2 594 63 84 63
2 233 58 87 81
2 663 74 94 88
594 236 35 70 61
594 148 84 85 85
594 174 75 93 83
594 33 71 87 83
594 279 84 96 87
233 787 57 98 79
663 514 70 71 70
663 400 51 97 66
3 417 46 50 46
3 413 12 62 48
417 652 58 70 66
413 733 43 60 56
413 460 43 96 83
4 666 63 96 70
4 513 76 91 83
4 407 25 27 25
4 781 73 95 79
666 355 55 96 64
513 331 93 98 95
513 665 39 70 47
513 44 17 92 79
407 522 82 93 90
5 45 57 65 63
5 432 22 88 27
45 392 45 98 62
45 630 20 26 21
432 601 90 98 97
432 33 81 82 81
432 278 55 78 68
6 156 41 42 42
6 564 34 79 40
6 520 80 90 87
6 289 75 78 75
6 536 69 83 75
156 600 10 69 10
564 260 94 97 95
564 445 77 82 82
520 738 64 67 64
289 767 49 84 73
289 460 22 92 40
289 662 47 91 74
289 161 53 86 80
536 761 15 70 17
7 433 22 79 44
433 756 75 85 84
433 117 78 80 79
9 80 74 84 74
80 166 30 37 31
80 297 69 89 88
80 315 23 25 25
10 586 26 87 83
10 466 92 100 92
466 171 63 68 66
466 465 11 67 23
11 600 65 76 76
11 59 16 52 47
600 587 28 82 47
600 673 51 69 64
600 452 13 86 52
600 5 92 99 94
600 394 94 96 94
600 698 69 91 85
59 708 16 84 22
59 443 42 69 53
59 291 41 77 47
59 37 61 88 64
12 113 49 57 52
12 470 68 82 79
113 619 67 93 69
113 205 76 80 77
113 4 19 98 20
13 662 68 100 93
662 111 86 88 88
14 762 16 27 19
14 339 39 75 47
762 453 55 82 70
762 369 49 78 73
762 259 26 34 27
762 410 93 95 93
339 104 57 97 82
339 576 92 100 93
339 116 57 73 60
339 656 78 81 80
16 85 85 97 91
16 140 94 97 94
85 334 32 41 38
85 126 17 81 33
17 380 43 45 44
17 613 90 94 93
17 176 34 78 65
380 310 17 59 38
380 585 95 99 96
613 650 31 88 72
613 296 83 85 83
176 309 52 69 59
176 252 33 80 50
18 30 73 79 75
18 23 36 43 42
18 697 25 58 35
18 724 92 95 92
30 185 70 85 77
697 452 44 45 45
697 37 68 83 78
724 706 11 95 65
19 757 75 89 83
19 584 86 97 94
757 712 87 93 89
757 167 48 52 52
757 557 83 97 83
757 491 24 75 28
584 154 67 99 98
584 573 36 46 41
584 6 41 89 42
20 234 44 67 54
234 232 12 69 38
234 743 64 85 84
21 717 74 98 98
717 468 30 74 39
717 88 12 16 16
717 373 41 99 65
22 738 25 100 62
22 96 84 87 86
22 350 19 77 71
738 484 28 59 50
96 409 40 77 70
96 755 60 65 65
350 679 85 87 85
350 329 28 46 36
24 127 31 83 49
24 214 38 48 39
24 116 93 99 94
127 515 95 100 95
127 518 18 51 40
127 396 58 81 68
214 147 82 91 88
214 596 69 71 71
214 262 67 94 88
214 535 54 73 64
214 87 58 99 86
116 333 65 80 80
116 232 86 93 88
25 466 91 97 94
25 534 84 90 88
25 612 44 98 67
534 109 91 94 91
534 594 30 64 64
534 268 58 68 66
612 662 80 91 85
612 771 90 96 95
26 652 85 95 86
26 536 54 89 81
26 207 53 97 66
652 300 56 79 61
207 202 15 78 61
27 70 37 98 69
27 87 26 35 34
70 86 92 95 92
70 756 35 38 38
70 373 76 98 76
70 565 33 60 52
87 106 95 98 97
87 215 73 75 73
87 427 62 89 80
87 472 57 94 63
87 300 62 91 78
87 179 82 98 96
87 135 44 58 44
28 306 93 99 95
306 677 50 77 52
306 217 82 87 82
29 319 63 72 71
29 382 56 92 69
29 49 14 57 46
319 416 18 38 32
319 588 14 18 15
319 191 85 98 97
382 784 19 41 29
382 425 29 72 53
49 701 31 61 38
49 707 28 58 39
49 83 46 74 51
185 222 60 67 65
185 300 68 100 89
185 59 91 95 94
185 673 17 93 59
31 686 67 81 71
31 417 49 88 62
31 214 88 98 97
686 240 86 90 90
686 585 94 100 95
32 606 49 78 60
32 604 82 94 85
32 364 86 99 92
606 786 27 77 67
606 753 84 93 84
606 483 27 64 44
604 542 65 77 77
604 491 57 76 62
364 487 61 76 73
364 314 62 64 63
33 278 44 62 58
33 346 49 91 78
278 519 12 19 16
278 397 73 100 99
278 711 65 77 68
346 335 85 89 86
34 441 94 97 95
34 615 54 84 69
34 128 23 67 39
441 54 85 92 88
441 388 34 72 60
441 252 28 56 37
441 786 82 85 83
615 585 76 83 78
128 118 46 71 46
35 329 36 82 55
35 782 20 72 27
329 358 95 100 96
329 547 54 81 55
329 635 32 60 59
782 636 27 61 40
782 130 54 75 54
782 95 85 86 86
36 643 13 26 20
36 278 85 97 94
36 210 46 83 48
36 421 92 95 95
421 466 13 31 29
421 575 83 91 84
421 243 25 35 35
37 465 37 95 84
37 622 25 38 27
38 602 53 54 54
39 417 13 14 14
39 67 89 93 92
39 232 63 65 65
39 309 44 50 49
67 601 69 86 73
67 91 42 54 49
232 624 85 90 86
232 528 80 85 84
309 510 78 91 86
309 533 52 63 52
41 731 52 85 61
41 330 62 100 62
41 123 37 87 37
41 332 61 78 71
41 604 32 78 57
731 330 48 88 64
731 429 92 93 93
731 676 28 100 64
731 449 36 63 63
330 275 76 85 79
330 237 77 82 77
330 157 21 55 22
123 658 10 75 27
332 677 54 74 60
332 770 47 62 62
42 477 89 90 89
42 689 94 99 95
477 506 11 99 42
689 507 34 80 57
43 397 21 30 21
43 258 78 87 84
43 78 57 93 76
397 468 89 95 93
397 68 67 92 87
258 229 78 80 80
258 743 51 89 89
78 250 22 54 41
78 297 62 94 84
44 193 57 80 76
193 232 54 83 59
193 312 20 70 38
193 687 54 95 72
193 256 44 84 72
392 103 33 39 37
630 228 50 98 75
630 306 78 83 79
630 114 52 65 55
630 456 38 55 42
46 718 45 79 45
718 737 62 100 69
47 695 23 55 37
695 214 55 81 67
695 604 92 100 93
695 276 84 96 84
695 233 91 98 96
695 310 21 91 21
48 152 47 62 49
48 411 51 84 60
48 140 13 89 86
152 111 58 59 58
152 200 89 93 90
152 383 80 86 82
701 301 29 40 32
701 338 26 71 47
701 66 22 32 26
707 653 65 68 66
707 613 27 96 39
707 91 89 96 92
707 647 30 98 90
83 625 61 100 95
50 155 91 93 92
50 431 17 95 38
155 399 10 99 68
155 420 16 91 23
155 366 53 85 76
431 639 37 82 69
431 196 20 26 20
51 729 55 60 60
51 219 72 94 79
51 269 13 93 72
729 748 37 89 65
729 714 26 95 54
219 686 72 75 74
219 308 27 51 49
219 499 60 87 78
269 69 52 100 95
269 529 84 90 90
52 381 72 73 72
52 203 63 71 70
52 48 86 93 90
381 395 77 99 88
381 760 41 88 49
203 559 44 55 45
53 258 45 79 68
53 71 73 95 87
53 440 23 57 38
71 300 26 77 39
440 534 42 66 52
440 684 87 88 87
54 107 87 96 92
54 285 69 92 80
107 102 95 100 96
107 200 93 99 99
107 466 28 60 37
55 116 28 82 60
55 592 92 97 93
55 276 15 16 16
276 394 11 80 18
276 270 44 73 49
276 552 48 80 65
57 191 52 84 63
57 439 21 58 54
191 216 11 81 41
191 276 68 79 75
58 611 87 96 89
58 332 17 80 26
58 635 74 82 79
611 370 22 60 24
611 681 67 76 67
611 42 47 85 84
611 403 69 75 72
611 430 79 98 82
635 41 29 56 46
635 563 20 82 60
635 339 34 95 75
635 751 42 55 54
708 480 42 57 46
708 59 53 74 63
708 121 71 100 75
443 471 47 89 78
443 64 54 71 59
443 603 37 60 37
291 577 20 89 54
291 65 94 99 97
291 517 80 90 90
60 570 76 81 77
60 86 54 86 75
60 766 65 68 66
60 158 86 90 90
570 343 29 76 59
570 680 86 88 87
86 310 24 92 84
86 772 46 75 54
86 58 84 88 87
766 791 16 42 22
158 588 24 48 46
158 93 68 80 77
158 536 11 78 43
158 221 85 86 86
61 35 17 89 56
62 108 88 98 88
62 551 58 71 60
108 20 30 68 59
108 411 60 100 97
108 47 15 58 36
551 526 69 84 72
551 484 26 46 42
551 409 35 87 59
63 445 68 74 68
63 521 49 94 64
63 684 78 79 79
445 369 46 52 48
521 133 29 37 29
684 548 67 77 69
684 289 36 64 58
684 169 85 93 90
684 118 18 73 53
64 562 90 91 90
64 269 60 93 70
562 249 89 99 89
562 25 34 94 55
65 325 54 71 58
325 458 37 75 71
601 90 23 84 67
601 428 58 80 72
601 245 37 98 50
91 86 23 74 29
91 574 54 71 62
91 613 31 57 57
68 558 15 58 41
558 246 75 86 81
558 331 20 36 26
558 336 39 94 44
558 49 90 93 90
558 271 79 98 90
558 471 16 60 25
69 478 43 73 43
69 679 76 91 83
69 735 83 87 84
69 774 52 85 66
478 53 90 91 90
478 19 35 57 43
679 660 18 39 24
735 567 83 91 86
774 555 89 97 91
774 7 83 85 83
774 333 68 89 87
774 595 22 61 34
373 33 34 42 35
373 205 71 78 75
565 204 60 72 64
300 84 19 31 22
300 81 62 98 96
300 401 34 50 46
300 362 33 40 33
72 289 21 26 23
73 640 53 77 54
73 119 94 95 94
73 120 57 95 82
640 697 27 52 45
640 717 65 98 80
640 666 60 98 93
640 751 66 76 75
119 29 55 88 69
119 566 65 99 82
120 578 69 79 74
75 9 26 96 33
75 595 79 99 90
75 401 77 93 78
595 94 17 94 69
401 182 55 82 65
401 656 57 96 89
401 427 49 80 80
401 692 52 73 64
76 551 73 78 74
76 476 21 92 38
76 340 20 66 50
340 12 83 92 83
340 75 90 91 91
340 192 25 32 27
77 246 30 63 63
77 508 25 89 82
77 213 83 84 83
246 417 64 72 69
246 675 48 53 52
246 514 78 82 78
246 102 33 65 49
246 52 81 86 83
213 325 72 95 82
250 325 46 98 72
250 422 65 98 84
250 732 48 72 48
250 771 88 96 89
297 105 50 76 73
297 682 42 55 47
79 454 20 49 40
79 130 17 95 92
454 341 62 71 66
454 250 44 56 52
454 318 87 100 89
454 759 65 72 65
130 440 19 91 49
130 482 66 79 78
130 385 58 96 76
130 751 95 96 95
130 400 22 63 39
166 117 25 79 69
82 762 80 88 86
82 564 73 76 75
82 336 19 21 19
82 260 51 96 67
336 321 55 57 57
336 196 60 70 64
336 673 87 98 91
625 491 20 25 25
625 603 33 54 37
625 20 62 98 63
84 437 67 92 81
437 446 46 89 51
437 426 11 73 54
437 637 30 36 35
437 754 87 97 97
334 668 14 21 18
334 693 19 65 25
126 333 60 91 61
310 717 95 99 96
310 670 31 53 44
310 75 73 83 74
772 603 68 77 73
772 123 21 96 86
106 473 55 87 65
427 75 76 94 83
472 298 63 96 67
472 587 61 95 86
472 34 32 36 36
472 509 90 92 90
179 733 19 49 22
179 147 92 95 95
135 205 38 43 43
135 372 32 75 63
135 167 47 53 51
88 212 17 30 17
88 300 48 50 50
88 633 54 89 60
212 261 11 90 86
633 309 49 54 53
633 89 67 74 68
633 667 34 43 42
89 442 31 42 35
89 580 11 66 56
442 531 37 87 47
442 640 52 97 77
580 389 81 100 93
90 72 84 93 87
90 297 83 95 94
90 565 13 76 62
90 676 77 95 78
676 758 82 83 82
676 117 14 57 52
676 658 79 87 82
676 171 55 96 61
574 385 25 83 79
574 42 51 72 54
92 640 24 73 30
92 18 53 96 66
93 256 84 94 89
93 11 83 84 83
256 729 59 82 80
256 304 31 88 64
94 90 44 64 44
95 168 13 48 39
95 289 19 96 30
95 416 18 96 72
416 731 30 37 33
416 483 41 50 43
416 35 15 60 38
416 602 59 84 70
416 464 82 97 94
409 634 51 91 84
755 743 48 86 79
755 2 22 36 35
97 616 90 92 92
616 717 71 86 82
616 36 57 91 69
616 469 58 88 82
616 735 38 84 49
98 642 12 40 15
642 351 40 68 42
642 650 66 100 89
99 566 53 82 54
99 291 78 85 82
99 86 19 70 61
100 6 34 70 65
100 773 56 84 76
773 59 11 72 40
773 661 52 95 53
101 641 91 99 97
641 345 66 73 71
641 367 50 54 50
102 608 36 64 63
102 720 29 57 56
102 312 25 45 42
608 305 28 91 78
608 530 89 93 91
608 136 92 95 92
608 117 79 95 93
608 663 52 74 73
720 555 82 92 83
312 769 77 78 78
103 663 19 67 48
103 191 68 74 68
104 284 89 95 91
284 320 92 98 97
284 213 36 50 37
284 247 62 75 68
105 276 89 91 91
105 54 50 89 57
105 602 82 93 92
473 91 12 23 13
473 313 35 63 51
473 264 82 94 88
200 499 34 43 41
200 375 16 54 17
200 1 19 58 27
109 184 42 55 42
109 71 50 53 50
110 304 38 67 58
110 448 57 95 57
304 278 15 27 16
304 276 58 89 72
448 780 95 99 97
448 96 40 61 58
448 454 70 81 70
111 283 53 76 68
111 245 32 60 55
111 69 41 71 59
283 301 41 96 90
283 556 56 58 57
245 11 78 84 79
245 683 37 58 58
245 452 54 55 54
245 194 10 56 55
245 777 52 91 76
112 361 32 43 33
112 104 65 69 68
112 99 47 84 67
361 205 55 80 56
361 587 23 27 27
361 212 43 78 69
361 509 62 99 94
619 520 54 74 72
619 703 50 93 69
205 376 75 76 75
205 42 66 70 68
114 597 38 51 43
597 338 30 94 65
597 210 30 66 54
597 562 30 50 34
115 566 18 86 50
115 657 48 51 48
657 263 42 59 58
657 769 20 81 55
657 630 71 90 72
657 266 86 99 98
657 192 40 48 40
333 655 33 65 62
333 272 93 94 94
117 624 21 63 30
117 333 70 81 77
117 490 81 84 83
624 224 81 82 82
624 475 61 77 70
490 152 79 88 88
490 735 26 63 48
490 561 36 71 45
490 2 12 62 52
118 676 47 98 73
118 540 67 91 72
540 271 10 85 67
578 408 93 100 94
578 390 34 96 74
121 574 30 69 61
121 673 43 47 46
673 742 65 91 65
673 343 29 42 38
673 235 78 87 84
673 454 42 90 53
673 47 45 61 53
122 253 19 95 20
122 109 88 91 90
122 787 56 87 81
253 82 46 70 54
253 483 95 98 95
253 200 61 97 95
787 777 40 65 43
658 216 38 89 52
658 239 42 57 56
658 157 25 80 56
124 610 13 22 14
610 259 75 97 84
610 493 43 91 47
125 694 22 99 88
125 257 95 99 95
694 47 85 87 87
257 700 46 83 82
515 764 43 69 68
518 631 92 94 93
518 328 15 38 33
518 201 77 96 84
396 630 88 92 92
396 460 80 94 81
396 570 23 49 44
396 324 71 100 85
129 784 42 88 43
129 489 89 94 93
784 68 37 60 50
784 132 68 96 86
784 282 13 51 18
784 382 68 79 77
784 657 28 49 34
784 473 91 100 96
489 63 49 60 49
385 478 91 96 93
385 561 76 79 79
385 312 56 100 93
385 268 32 92 58
385 780 29 90 51
751 377 17 53 43
131 693 13 16 15
693 661 47 49 48
693 201 42 89 54
132 503 68 70 68
132 270 20 94 55
503 436 40 76 53
133 341 33 63 33
133 84 27 65 63
341 273 82 92 87
341 270 16 95 51
341 574 62 89 84
134 161 28 79 68
161 217 30 75 69
161 421 87 89 88
372 589 64 100 93
372 395 61 100 61
372 753 86 97 94
167 456 58 100 90
167 135 56 73 70
167 196 91 97 97
167 522 12 17 15
167 592 69 72 72
136 652 75 100 82
136 282 78 82 81
136 82 17 69 47
136 671 83 98 95
282 17 76 83 79
282 533 24 73 38
282 222 85 89 87
282 439 59 83 73
671 638 46 47 46
138 543 69 97 86
543 196 24 76 53
543 496 49 63 53
543 524 23 77 65
139 262 20 91 39
139 559 29 58 44
262 38 73 80 78
262 551 19 45 23
262 611 55 78 58
262 776 85 88 85
141 52 53 81 67
141 9 81 87 86
142 779 40 86 52
142 215 33 60 44
142 159 57 77 74
779 51 82 88 86
159 402 17 33 23
159 111 70 75 74
159 755 65 85 84
159 686 33 46 37
143 257 72 76 72
143 66 44 100 85
144 229 62 63 63
229 44 95 100 96
145 64 15 85 36
145 76 95 100 96
145 102 72 94 94
146 559 51 68 58
147 232 76 85 85
147 708 94 96 94
148 137 72 78 73
148 386 69 88 88
150 572 13 57 27
572 575 54 82 71
572 245 20 88 47
151 502 48 74 53
151 441 61 89 62
502 566 40 63 48
502 465 81 91 84
502 368 15 67 18
383 583 79 99 96
153 687 71 100 94
687 357 25 59 38
687 216 19 86 56
154 380 48 82 52
399 583 87 96 94
420 206 70 92 92
420 270 86 100 92
420 69 44 70 70
366 29 77 82 78
366 16 17 88 63
366 732 10 91 13
588 633 37 40 39
588 367 34 79 63
221 765 23 94 61
221 731 33 98 68
221 626 63 99 80
402 463 80 93 83
160 101 81 99 90
217 785 50 56 55
217 538 58 80 72
217 692 84 92 92
162 694 27 65 57
163 472 60 61 61
164 711 11 24 16
164 191 81 97 83
164 658 71 77 74
164 750 20 88 29
164 449 35 95 48
711 52 52 67 63
711 371 24 29 25
711 546 90 93 92
750 106 74 99 94
750 453 81 89 86
449 536 61 78 75
165 329 95 96 96
165 66 54 60 55
165 349 37 84 53
349 675 16 39 28
349 260 69 78 78
456 46 42 93 78
456 620 27 39 31
196 127 70 83 81
169 96 64 83 77
169 245 22 63 49
170 390 89 96 93
170 102 32 91 76
390 341 11 12 12
390 719 12 70 32
171 726 59 96 72
171 614 87 93 92
171 601 76 89 83
171 56 62 75 70
171 378 84 97 97
171 500 24 81 79
171 618 95 97 96
171 247 68 83 75
726 608 63 84 68
726 601 28 38 35
726 660 86 99 87
614 239 59 61 60
614 425 25 74 58
614 51 40 42 41
614 648 21 43 42
378 208 33 49 34
378 640 38 68 38
378 678 93 96 96
500 741 48 57 54
500 699 17 94 36
500 222 32 86 39
500 600 49 80 60
247 643 46 61 48
247 525 33 41 37
173 133 55 60 55
173 176 42 88 73
173 309 88 90 88
174 110 14 63 19
175 705 59 78 71
175 542 16 64 53
175 530 87 90 88
705 176 44 53 52
705 752 91 94 94
705 97 74 84 82
705 764 66 98 93
542 662 41 83 66
542 708 13 58 31
530 641 82 96 89
530 339 38 68 51
252 237 11 45 29
178 183 10 93 83
183 388 18 71 47
183 418 67 90 69
183 404 16 70 41
183 657 15 52 37
183 86 35 96 52
733 570 94 97 95
180 136 28 87 81
182 598 39 89 42
598 249 43 63 57
598 98 92 96 94
388 702 54 73 62
404 493 80 95 86
404 749 42 78 52
404 775 50 70 69
222 75 45 47 46
222 782 15 67 25
222 137 70 97 96
186 771 54 58 57
186 728 72 78 78
186 382 18 30 20
186 528 78 97 79
771 286 12 35 32
728 194 55 71 59
728 409 21 95 46
528 42 33 48 41
528 52 34 39 34
187 451 71 88 75
187 169 86 88 87
187 370 51 83 61
370 455 15 74 31
189 297 76 84 82
189 525 87 93 87
525 161 41 81 55
525 715 55 85 72
216 522 88 99 96
216 235 74 82 78
192 683 71 96 85
192 13 90 91 90
683 279 43 60 44
683 677 62 63 62
194 737 76 89 80
194 665 64 88 77
737 697 24 77 52
737 156 91 95 94
665 245 28 38 29
665 468 20 55 45
665 132 63 76 72
665 9 12 79 42
665 286 20 24 21
665 643 66 87 77
665 341 35 95 50
195 419 10 87 87
195 232 69 73 72
419 159 69 100 99
419 344 48 69 62
419 758 42 62 43
197 542 35 52 48
197 175 69 88 82
198 43 94 95 94
198 590 73 87 80
198 42 57 80 69
590 629 19 82 61
590 137 48 65 64
590 175 89 99 94
199 96 30 79 52
199 168 79 85 83
499 630 74 96 91
499 534 38 88 72
499 296 17 93 46
375 383 42 96 57
375 486 53 93 70
375 347 85 86 86
202 698 43 93 69
202 293 61 96 70
698 327 10 21 13
698 57 21 23 22
698 432 48 77 73
698 319 48 92 53
293 543 74 85 75
293 85 28 78 75
204 714 22 99 92
714 357 74 75 75
376 49 25 97 86
376 557 63 64 63
376 342 26 89 26
376 501 41 88 60
376 182 68 92 87
376 585 86 90 90
206 276 87 91 90
208 133 27 67 48
209 255 31 97 42
209 747 12 57 42
747 480 85 98 85
747 91 16 46 41
747 704 80 92 83
747 638 26 81 46
211 255 33 92 66
261 550 47 74 62
261 667 36 43 41
596 455 77 97 96
596 524 88 98 89
535 228 33 83 46
235 470 93 95 94
235 20 14 15 15
235 553 46 88 56
785 681 91 98 95
785 514 21 34 33
785 290 81 87 81
785 614 67 78 74
538 396 46 52 47
538 553 74 81 80
692 344 68 92 68
692 289 23 100 60
218 206 46 52 49
218 257 10 31 27
218 247 40 85 77
308 260 25 52 33
308 350 27 54 33
220 621 58 85 81
621 82 62 84 62
621 532 93 94 94
621 12 29 84 43
621 341 41 74 48
765 335 38 91 91
626 264 85 87 87
626 477 53 66 62
626 600 87 97 89
223 768 95 99 99
223 238 73 93 82
768 679 72 93 81
768 636 67 78 78
768 88 42 71 66
238 415 95 98 95
238 690 16 92 50
224 634 64 86 82
224 573 92 95 94
224 548 33 41 34
224 252 17 40 21
224 355 95 100 99
634 670 75 87 82
634 32 34 98 37
548 755 21 59 31
548 218 67 70 70
548 353 15 31 25
355 652 48 96 89
355 251 31 51 48
225 310 18 20 19
227 136 31 64 35
227 78 78 91 82
227 96 43 77 49
227 326 66 89 87
227 139 48 65 49
326 279 19 27 27
326 346 60 79 69
326 434 81 89 85
228 750 56 76 69
228 283 21 64 49
228 175 19 46 25
228 786 94 100 100
786 242 35 80 69
786 310 77 80 77
786 249 54 57 57
230 618 73 88 76
743 598 36 89 88
236 82 30 45 44
236 760 22 86 23
760 618 85 88 88
237 118 28 39 39
237 685 86 96 96
685 414 67 96 95
415 516 73 84 78
415 761 30 45 42
415 358 21 64 46
690 132 28 63 56
690 348 82 83 82
690 37 55 87 85
240 636 93 96 94
240 518 75 100 94
636 791 56 99 90
636 306 26 82 72
636 607 25 42 40
241 437 88 93 92
242 104 56 100 72
242 427 88 100 95
242 696 90 95 95
696 110 20 43 21
696 679 41 54 45
696 734 59 70 68
243 89 76 98 89
243 62 81 83 83
243 122 84 98 88
244 63 80 95 93
244 141 66 76 72
452 770 82 94 92
452 482 82 98 92
452 459 25 99 95
452 626 44 57 55
452 567 91 94 93
452 417 67 77 68
777 129 40 60 41
777 51 93 97 95
675 57 32 59 44
675 654 59 91 89
675 138 88 92 92
675 420 49 76 69
248 783 60 77 68
248 73 70 98 86
783 187 74 78 77
783 743 18 92 70
783 313 81 90 88
249 464 57 71 60
464 264 76 77 76
464 339 55 84 75
422 110 60 82 64
422 221 28 61 49
422 6 52 87 80
422 288 24 88 50
251 550 64 67 66
251 732 66 72 71
550 665 85 90 85
550 188 61 70 70
550 194 46 58 55
550 217 19 69 45
483 292 41 49 45
483 369 93 94 94
483 445 80 90 84
254 445 33 56 40
700 197 79 85 85
700 285 14 39 17
700 736 78 98 82
259 539 88 91 90
259 586 44 67 53
539 251 81 87 85
539 774 47 75 54
539 83 34 69 47
539 299 29 52 37
667 284 46 53 52
776 790 50 75 73
776 755 70 88 74
263 615 36 66 63
263 408 77 91 78
263 323 29 37 37
408 662 78 83 78
408 193 54 70 68
408 658 62 95 93
408 30 38 62 45
323 598 80 82 81
323 656 29 57 53
264 598 18 42 34
264 547 51 67 67
547 438 69 79 70
547 268 63 81 69
547 132 47 85 56
265 410 55 99 79
265 601 23 49 29
410 381 41 47 47
410 117 76 98 87
266 533 57 84 61
533 440 57 88 70
267 430 36 97 53
267 769 35 99 89
430 760 73 89 87
430 306 75 83 79
430 370 43 82 74
769 729 67 83 75
268 365 63 68 65
268 311 56 65 60
365 458 53 80 69
365 630 79 87 86
365 591 59 96 67
365 747 27 34 30
311 465 88 97 94
311 762 18 20 19
311 388 44 82 61
311 53 31 64 53
311 616 48 63 60
529 322 86 95 94
271 439 13 64 64
272 332 93 96 93
272 366 85 98 85
274 664 68 82 74
274 355 57 72 61
664 173 22 85 30
664 321 48 60 49
275 136 89 95 95
394 489 23 70 33
394 584 74 83 78
552 561 22 87 63
552 202 75 78 77
277 677 76 82 78
677 151 76 100 79
677 284 91 94 93
519 783 74 79 75
279 517 49 64 64
517 402 58 84 66
280 736 64 77 64
280 215 80 97 86
736 95 82 94 87
736 38 93 99 93
736 81 13 42 34
736 596 27 52 32
281 657 52 100 96
556 657 75 95 75
556 84 50 90 55
556 527 33 84 54
286 257 38 43 42
286 576 48 55 48
576 38 79 99 95
576 196 63 80 73
287 300 34 50 40
287 345 44 86 48
345 241 50 71 60
345 653 22 57 44
288 117 21 43 28
288 672 84 94 93
288 726 51 55 53
288 7 66 67 66
672 3 47 81 71
460 549 92 97 95
460 652 89 92 89
290 71 57 72 70
577 550 35 88 54
577 630 41 58 42
292 641 44 93 53
292 54 93 94 93
292 183 92 93 93
292 253 31 53 52
294 701 24 67 51
294 318 67 76 76
296 28 39 43 41
296 550 82 100 87
296 31 86 92 92
296 157 23 60 40
296 619 62 64 64
296 667 88 92 90
682 80 80 86 81
682 598 16 75 18
682 698 79 94 86
682 579 64 85 69
298 518 24 54 46
298 327 41 61 42
298 612 37 56 48
298 263 93 94 93
327 0 31 59 56
299 587 76 78 76
299 61 21 45 38
299 251 55 88 64
587 35 82 84 82
362 488 94 96 96
362 423 67 92 76
302 326 48 71 48
302 155 63 71 70
302 451 74 96 82
303 575 85 97 87
575 276 89 97 94
575 550 58 100 92
575 38 53 97 85
575 131 82 92 88
305 238 81 85 81
307 603 88 92 92
307 470 28 82 75
307 517 73 83 76
307 361 16 26 22
307 710 20 70 67
603 705 54 72 66
710 169 80 82 81
510 498 66 67 66
510 110 65 75 68
670 259 47 78 58
670 502 59 76 64
670 780 25 74 27
670 344 52 53 52
670 227 67 74 71
313 336 18 59 53
313 770 37 90 68
770 774 72 87 72
770 238 70 77 74
770 565 11 59 18
314 735 12 33 18
314 651 89 100 95
651 376 76 91 79
651 48 82 94 88
316 121 86 98 93
317 40 63 71 63
321 498 34 77 58
498 389 77 87 83
498 529 11 61 44
498 484 12 26 22
498 95 42 43 43
322 44 26 84 38
322 346 76 93 77
322 648 92 93 92
322 641 52 60 55
322 755 87 91 87
322 565 45 72 52
648 772 12 54 49
648 372 18 25 18
648 152 58 85 79
324 185 73 92 88
458 453 27 100 85
434 18 47 60 47
434 355 63 82 79
434 374 84 94 93
328 578 49 69 59
358 34 34 80 73
358 784 78 90 79
358 49 32 95 69
358 660 85 90 86
358 428 87 90 89
358 145 23 82 32
331 108 89 93 92
331 545 76 96 89
331 271 54 85 73
545 501 14 71 58
655 118 58 72 61
668 511 94 100 95
335 719 22 99 51
335 77 25 46 32
335 3 94 98 97
719 683 56 65 59
337 695 69 97 93
337 487 75 99 93
337 637 60 82 69
337 139 95 98 95
487 626 68 73 73
637 462 61 80 66
637 293 75 95 82
637 103 13 37 16
637 181 61 64 64
338 198 50 59 51
526 758 93 96 95
526 149 82 94 90
526 677 94 100 97
526 78 40 80 61
457 575 44 72 53
457 542 56 81 80
457 391 52 100 93
457 642 65 78 65
457 342 33 40 36
457 329 66 72 72
343 523 33 65 41
343 516 81 83 82
516 692 57 92 60
516 632 53 64 53
516 278 60 87 60
344 194 56 85 61
344 71 93 99 96
344 700 58 68 64
653 136 54 68 57
653 106 27 65 47
347 22 25 66 52
347 4 32 74 74
347 65 24 90 69
348 362 39 97 65
348 580 34 68 42
348 363 15 90 37
351 373 53 67 63
351 514 89 95 95
351 453 56 75 57
351 267 78 82 80
453 336 46 73 64
453 101 29 43 33
453 301 93 100 96
453 164 47 93 62
453 667 85 100 94
352 749 66 75 67
352 486 31 79 53
352 484 21 85 48
749 772 73 86 80
749 31 28 32 32
486 535 32 42 38
484 637 40 95 53
484 315 46 53 47
353 629 60 78 61
353 273 38 44 38
354 449 92 95 93
356 533 25 83 33
428 675 39 59 40
428 267 37 38 38
359 169 62 74 65
359 376 86 96 96
359 702 26 85 57
702 533 11 18 11
702 583 53 90 55
702 353 51 56 56
360 243 53 88 68
509 552 73 87 80
509 729 24 36 24
488 585 95 98 97
488 678 30 39 32
423 561 31 57 56
423 187 58 68 68
591 638 70 78 78
591 702 46 72 49
367 270 85 90 88
367 773 12 53 48
368 549 74 99 79
368 235 69 77 75
368 277 60 92 83
368 593 24 92 57
368 754 82 92 92
368 249 93 98 95
549 480 84 97 89
549 194 85 88 86
549 197 79 81 79
549 365 23 98 71
593 730 85 87 86
593 159 61 73 71
593 361 90 95 90
754 109 41 90 87
754 355 81 90 82
369 471 42 99 49
369 52 16 50 33
369 143 83 86 86
471 322 52 69 59
471 297 45 83 81
455 93 60 91 73
371 9 21 70 54
371 72 21 41 24
395 445 19 85 68
395 763 66 72 70
753 690 36 86 41
753 618 13 15 15
753 306 38 75 47
753 728 41 78 59
753 161 34 65 43
374 585 68 82 82
374 706 93 97 94
585 604 55 65 59
585 649 65 92 81
585 726 77 81 80
585 297 18 45 31
706 326 69 93 86
557 522 29 90 54
557 614 22 25 25
557 638 51 52 52
501 154 27 80 79
501 97 84 89 88
377 570 62 83 79
377 586 84 97 94
377 711 11 63 39
678 39 85 99 94
379 495 57 70 66
495 337 41 90 77
425 415 86 87 87
583 32 49 70 65
561 759 73 76 73
780 348 95 97 97
387 662 58 79 72
389 585 52 67 60
391 269 90 94 94
391 203 12 75 40
391 700 80 88 84
391 662 42 99 72
391 258 94 98 95
393 174 42 64 58
393 263 58 67 64
393 88 57 65 63
763 431 27 96 58
763 337 29 83 55
468 58 59 65 59
468 557 87 89 87
398 533 16 39 28
398 573 78 79 78
398 473 31 33 32
537 485 49 78 73
537 487 29 81 31
721 220 22 100 55
721 260 71 80 80
493 661 16 36 16
493 245 23 49 44
775 760 33 87 64
775 53 94 99 94
775 584 44 95 62
775 248 62 88 77
405 566 63 84 76
405 547 75 79 79
412 728 54 81 78
412 34 89 91 90
414 438 45 97 56
414 471 37 55 38
414 538 13 95 36
438 62 35 93 93
761 228 19 37 34
532 578 23 96 50
532 231 74 100 91
758 44 19 29 23
758 782 30 90 55
424 726 20 38 37
424 729 43 90 49
426 773 94 98 98
426 180 64 83 76
429 334 33 43 39
639 594 11 95 27
639 504 47 60 58
639 528 10 25 14
436 156 12 51 30
436 22 85 97 85
436 778 16 24 24
436 242 52 64 59
778 97 45 74 69
778 86 36 89 68
778 552 24 98 86
778 262 32 65 49
446 219 33 98 73
623 239 88 89 88
623 758 72 83 77
609 382 90 99 96
531 759 23 78 53
531 435 17 80 68
531 124 50 100 90
444 92 90 95 92
447 650 38 49 41
447 387 89 97 91
650 493 15 90 34
650 546 45 50 47
567 760 76 80 78
759 244 24 92 87
759 199 54 83 80
620 47 59 98 88
461 113 79 88 88
461 518 17 75 73
462 49 20 93 23
462 653 12 93 34
462 118 24 37 28
467 97 38 43 40
467 406 14 63 31
467 340 73 77 74
467 602 82 84 82
469 677 70 100 78
469 553 81 87 84
469 129 77 100 77
474 464 78 90 81
474 618 35 85 74
474 440 10 75 49
474 422 55 79 57
475 587 92 100 98
475 265 15 34 33
506 497 91 100 96
506 6 94 99 96
506 312 48 93 68
479 86 24 82 31
479 629 52 87 87
481 168 82 84 83
481 434 34 99 68
481 471 84 88 84
485 52 51 68 68
485 722 14 52 16
485 366 49 50 49
485 631 40 57 50
485 136 36 79 45
631 355 93 100 97
631 571 63 75 64
631 125 12 27 26
631 218 35 58 58
491 339 72 82 75
491 36 75 80 80
491 359 70 96 83
491 722 87 98 89
492 2 71 79 79
492 738 27 39 30
661 311 38 43 40
661 180 40 79 55
661 727 74 90 87
494 486 82 100 86
494 198 68 69 68
497 682 88 99 93
741 105 87 99 91
741 453 10 79 64
504 183 82 94 87
505 317 80 96 88
507 290 26 75 46
507 124 13 21 16
511 441 85 90 89
511 44 86 95 91
511 0 38 55 55
511 270 34 46 34
512 548 45 63 46
512 489 24 100 32
764 283 84 97 95
764 374 55 86 69
764 316 85 88 86
764 784 95 96 96
632 723 78 82 78
632 533 30 91 65
632 726 31 100 63
524 439 93 97 97
715 762 76 89 81
715 753 33 57 41
527 679 44 48 47
527 682 72 77 72
541 760 89 95 94
541 593 44 64 62
544 299 78 92 83
546 125 92 95 94
554 84 39 79 42
554 388 72 85 84
555 609 56 59 58
555 597 71 74 74
638 183 42 69 63
560 573 76 79 76
563 601 50 76 54
563 80 57 63 58
563 335 88 95 95
563 541 84 100 87
568 691 94 98 94
691 661 24 76 36
569 703 55 72 71
703 428 68 74 71
703 510 12 21 19
703 262 56 67 59
680 230 32 76 48
571 355 49 52 49
571 342 47 70 63
579 360 44 93 84
579 256 94 97 94
579 659 85 90 87
659 481 29 46 32
581 16 15 42 30
582 548 70 86 85
649 338 48 73 63
730 629 79 89 83
730 412 22 26 26
730 183 87 97 91
599 462 88 90 89
599 234 89 96 96
599 474 85 94 85
605 528 72 95 95
605 710 14 73 22
607 275 22 95 74
607 427 87 95 92
607 50 44 51 46
607 679 76 77 76
607 32 29 68 57
607 100 90 93 92
681 765 70 73 72
617 32 20 51 41
617 410 34 97 64
627 459 49 73 66
628 17 88 96 94
791 61 88 91 89
791 113 47 53 48
644 410 46 91 90
645 708 20 47 24
646 683 87 99 95
647 487 31 46 44
647 769 15 82 49
654 719 28 55 29
654 41 68 98 86
654 777 67 98 77
654 59 73 92 78
727 193 95 98 95
669 630 60 62 61
742 388 86 99 94
742 104 16 51 17
674 378 52 97 75
674 154 56 94 66
688 591 14 45 22
688 781 18 65 36
688 750 24 89 60
734 235 75 95 92
734 159 26 85 39
704 234 95 100 100
752 457 18 66 63
752 306 89 98 98
752 264 84 97 96
713 449 94 96 95
716 235 63 89 79
716 397 39 65 50
716 19 12 28 12
725 366 90 98 94
725 782 34 73 62
748 287 49 57 55
739 247 94 97 96
739 619 41 60 60
740 538 22 77 36
740 483 69 96 94
740 96 86 95 94
744 688 32 84 51
744 407 53 98 85
744 610 75 85 76
744 582 73 98 77
744 632 34 57 37
744 735 94 100 98
744 165 92 93 92
744 590 37 94 72
745 313 90 91 90
745 368 36 94 90
746 426 27 47 34
746 231 30 81 55
790 560 36 54 40
790 190 67 91 71
790 20 16 20 19
790 99 39 79 69
790 325 12 30 19
790 122 66 77 77
788 490 63 94 67
788 733 26 48 41
788 758 91 92 91
789 506 77 92 82
789 313 42 59 55
789 303 36 79 42
0 791
