52 128
0 25 73 87 87
25 47 67 88 74
25 45 92 94 93
2 26 35 94 88
2 14 89 95 91
2 51 25 32 27
26 12 46 86 57
51 26 55 72 65
51 19 31 46 34
3 24 40 51 45
3 32 40 95 86
3 22 35 56 46
24 35 77 91 88
24 10 39 67 40
24 46 43 96 90
32 6 69 83 76
22 18 13 72 70
22 17 51 54 52
4 9 43 76 61
4 28 53 100 56
4 7 41 45 42
4 39 29 98 29
4 46 21 92 32
9 36 85 100 97
9 2 89 94 90
9 12 79 99 99
9 39 34 89 83
28 49 14 95 74
7 39 50 53 50
39 20 39 77 68
39 29 25 83 59
39 15 65 92 89
46 0 17 22 22
46 28 67 84 72
46 15 55 79 79
46 41 42 76 50
46 31 63 66 63
6 4 53 86 55
8 30 44 60 50
8 26 13 41 31
8 48 39 81 69
8 15 89 93 90
48 17 76 81 81
48 21 65 93 80
48 28 55 72 71
48 27 27 69 66
15 35 64 66 65
15 42 73 81 76
15 28 63 70 66
15 25 15 70 64
15 10 87 93 92
15 34 92 98 96
36 6 79 94 87
36 34 35 38 37
36 26 88 100 96
12 7 12 43 43
12 24 10 46 18
10 7 40 45 41
10 34 34 52 34
10 36 78 95 93
34 25 39 58 56
34 46 63 92 67
34 21 94 95 95
34 44 52 100 94
13 35 51 54 53
13 18 70 81 80
13 28 17 70 68
13 7 58 86 86
13 12 31 45 36
13 5 15 56 56
35 51 42 57 47
35 27 31 40 39
18 0 71 72 72
18 12 91 93 93
42 22 12 100 77
42 3 51 78 55
42 37 40 53 45
42 41 34 68 54
42 1 26 81 76
16 21 25 49 25
16 40 57 93 93
21 45 73 95 75
40 49 62 97 67
40 5 90 95 90
40 21 86 97 93
40 19 80 90 90
17 5 67 88 79
17 21 19 52 24
19 42 22 31 28
20 24 73 75 75
20 13 70 78 72
20 51 55 60 60
20 1 31 70 63
45 37 45 61 59
23 3 20 40 28
23 38 62 99 98
23 21 86 94 93
23 4 22 61 23
38 25 55 70 60
38 45 82 99 91
38 16 15 69 69
47 29 15 84 42
47 6 89 100 91
47 16 31 51 31
27 47 67 81 69
27 49 59 74 61
49 29 38 58 42
49 18 94 96 96
29 15 44 88 65
29 39 46 76 52
29 40 70 88 80
31 19 79 85 81
33 30 51 73 54
33 17 59 73 65
33 12 91 100 95
44 10 43 85 45
37 33 70 78 75
37 19 85 92 86
37 27 91 97 93
37 29 64 78 71
41 20 50 77 53
41 34 78 83 78
41 9 63 77 75
43 8 25 64 38
43 1 17 59 28
43 0 20 22 21
43 11 29 57 51
50 31 92 97 95
0 51
