191 706
0 22 54 60 59
0 103 11 13 12
0 122 40 50 49
22 133 49 64 57
22 139 53 79 79
22 51 88 98 97
22 169 36 61 39
22 184 93 98 94
103 141 58 64 59
103 108 22 29 24
103 49 79 84 79
103 165 32 57 46
103 57 52 94 68
122 79 37 38 37
122 77 57 81 69
122 107 53 59 53
122 71 20 21 20
122 32 42 98 47
122 152 86 97 93
1 122 86 89 88
1 166 80 91 84
1 129 45 95 79
1 178 57 82 77
1 46 60 64 61
1 147 24 68 54
166 68 69 83 75
166 65 86 94 89
129 135 79 89 84
129 143 76 82 81
129 120 50 91 52
178 77 77 99 98
178 159 51 92 67
178 152 53 63 54
178 76 11 66 57
46 116 87 100 100
147 79 31 39 39
147 94 78 85 82
147 106 90 97 94
147 145 83 95 91
147 36 30 74 50
2 180 64 92 79
180 62 63 82 68
180 151 32 69 54
180 39 86 92 92
180 9 87 93 89
180 119 90 94 94
180 42 27 33 27
3 54 38 66 59
3 182 83 96 87
3 31 45 61 50
3 185 75 88 76
3 53 52 88 73
3 172 15 57 38
54 44 18 72 19
54 6 79 96 91
54 129 23 60 25
54 38 34 86 82
54 102 59 100 74
54 92 89 92 89
182 28 93 98 97
182 176 13 59 28
31 7 30 42 35
185 13 88 93 93
185 90 76 77 76
185 20 70 85 76
185 61 95 99 99
185 65 81 99 95
185 100 44 100 58
53 80 91 95 94
53 187 57 85 59
53 78 43 93 92
172 72 12 84 77
4 183 30 92 39
4 123 57 77 58
183 17 23 25 25
183 123 31 97 71
183 64 48 79 57
183 1 33 75 74
183 21 72 100 83
183 57 40 48 41
183 109 51 56 56
123 33 32 40 36
123 78 45 92 92
123 135 22 47 34
123 131 51 85 72
123 112 55 93 91
5 8 45 63 48
5 166 61 85 78
5 11 22 63 26
5 97 17 65 40
5 123 42 75 46
5 176 18 29 23
5 89 64 73 64
8 131 11 45 14
8 171 50 74 63
8 19 16 54 26
11 16 48 76 76
97 47 26 59 39
97 138 90 95 95
97 106 69 88 87
97 78 60 64 60
176 125 31 92 53
176 130 17 59 36
176 144 19 75 75
89 189 13 60 49
6 150 33 34 34
6 135 39 84 51
150 31 84 94 87
150 153 85 89 86
150 5 76 86 80
135 24 58 64 61
135 144 24 78 28
135 93 13 58 28
7 164 74 86 84
7 73 25 51 46
164 17 24 58 46
164 95 87 97 93
164 22 25 67 30
164 126 16 47 36
164 108 92 98 95
164 149 30 82 64
73 151 52 87 66
73 122 31 97 71
73 0 39 75 50
73 97 88 100 88
131 91 80 85 85
131 155 23 87 51
171 123 23 71 28
171 162 17 60 24
171 100 36 43 38
171 120 17 78 28
171 1 62 74 65
19 88 76 82 77
19 78 93 97 93
19 26 32 41 41
9 76 13 21 13
9 4 33 68 50
9 154 35 62 56
9 18 14 28 20
9 5 34 86 42
76 151 56 83 67
76 30 72 83 79
76 25 79 81 79
76 5 39 79 53
76 38 26 58 54
76 4 43 83 47
76 13 31 76 64
154 54 60 69 68
154 77 37 61 58
154 1 95 96 96
154 137 89 94 89
154 31 10 47 36
18 159 76 87 85
18 63 81 100 86
10 27 53 93 60
10 155 32 38 38
27 150 21 89 83
27 84 50 57 55
27 99 83 91 91
27 129 15 48 48
27 178 62 68 68
155 84 77 79 78
155 37 38 90 45
155 15 95 96 96
155 135 67 91 69
16 148 75 88 82
12 69 67 99 73
12 147 54 78 62
12 145 60 90 60
12 101 73 91 74
69 39 57 71 59
69 30 28 86 70
69 73 68 80 76
145 183 52 54 53
145 187 19 94 20
145 76 41 69 66
145 150 74 77 75
145 91 19 26 23
145 68 88 96 90
145 112 12 69 61
101 187 95 98 96
101 128 11 95 16
101 97 72 82 77
101 176 78 91 86
13 8 48 62 49
13 86 76 98 93
13 0 75 83 82
13 21 38 48 46
13 42 89 92 90
86 10 53 89 64
86 133 93 100 99
86 122 86 97 87
86 176 10 61 29
21 95 65 82 82
42 6 90 100 90
42 101 64 95 67
42 87 31 47 43
42 65 80 87 80
14 151 11 82 42
14 31 54 79 60
14 61 35 50 50
14 53 15 73 72
14 125 71 96 96
151 51 68 95 68
151 128 67 88 81
61 87 48 97 77
61 137 73 96 75
61 35 86 97 93
61 91 53 75 75
61 146 62 88 62
61 96 51 71 52
125 39 13 82 25
125 72 80 90 85
15 59 81 97 86
15 164 93 99 99
15 18 59 85 80
15 42 10 36 30
15 158 66 88 78
15 163 91 94 92
59 129 87 93 91
59 118 72 85 73
59 14 60 68 63
59 98 19 69 42
59 80 80 99 99
158 0 88 90 89
158 83 95 100 99
163 131 67 86 67
163 96 30 56 37
163 4 92 94 94
148 138 57 71 65
148 81 56 67 64
148 6 57 96 61
148 20 67 94 70
17 188 68 76 76
17 113 18 21 19
17 23 23 26 23
17 165 42 94 94
17 47 52 70 62
17 179 50 64 50
188 19 46 63 54
188 172 65 77 65
188 82 80 97 90
188 140 39 63 52
188 126 68 78 76
188 101 32 69 57
113 75 19 96 22
113 46 85 100 99
113 124 11 57 38
165 51 17 97 49
165 172 93 100 99
165 23 30 58 33
165 26 77 100 89
47 80 10 77 12
47 94 28 65 60
179 4 22 88 40
159 102 64 99 83
88 41 41 81 52
88 74 29 86 52
88 165 93 100 96
78 104 78 82 80
78 164 32 61 53
78 55 86 90 86
78 178 77 84 77
26 130 30 89 63
26 182 55 87 70
26 131 59 85 80
20 67 52 82 76
20 58 65 89 78
20 38 69 78 72
20 85 63 98 92
67 28 59 100 60
67 5 83 87 83
67 105 54 88 70
67 114 11 49 49
58 114 10 97 81
58 83 57 98 58
58 170 50 62 52
58 105 35 96 90
38 142 92 98 97
38 49 90 94 92
85 89 67 88 85
85 108 15 56 31
85 172 11 42 14
85 157 41 57 51
85 24 32 98 80
85 134 60 70 70
85 21 38 77 41
95 124 79 92 81
95 132 23 90 69
95 114 51 66 63
95 5 37 66 58
95 59 22 36 26
95 134 93 97 95
133 88 59 68 63
133 129 74 94 74
133 15 93 94 93
133 151 52 81 58
133 77 30 65 50
139 118 14 20 14
139 122 26 63 61
139 58 63 96 94
51 73 76 94 93
51 98 65 98 83
169 181 71 97 93
169 57 24 90 84
169 101 70 74 72
169 160 93 99 98
169 142 13 67 15
169 78 81 95 87
169 59 56 88 60
184 33 46 61 49
184 54 30 33 30
184 142 34 41 39
184 85 95 100 96
184 29 15 22 15
24 40 22 38 26
24 38 32 47 47
24 12 39 65 41
24 166 75 94 89
24 162 70 79 76
40 113 95 100 100
40 65 35 81 72
40 25 30 94 76
25 174 35 59 38
25 154 60 86 76
25 180 72 76 73
25 18 25 74 27
174 130 88 97 95
174 67 74 98 97
130 189 59 72 72
130 107 70 73 72
130 23 36 95 64
130 7 94 99 99
130 79 48 83 55
130 149 83 90 89
130 34 60 89 67
130 70 70 100 95
84 90 48 85 52
84 11 70 88 82
84 33 34 41 36
84 159 14 97 94
99 74 54 59 56
99 77 68 94 90
28 78 85 100 97
28 168 14 84 42
28 67 30 47 33
168 119 57 93 72
168 142 16 78 25
168 60 12 91 31
168 77 14 80 39
29 110 45 91 79
29 11 74 80 78
110 11 19 44 44
110 5 80 100 82
30 104 81 100 85
30 37 82 88 82
104 28 86 100 98
104 90 38 87 47
104 30 79 80 79
104 44 43 98 60
104 97 10 12 11
104 58 95 98 96
104 177 39 71 49
37 76 48 87 87
37 144 73 74 73
37 159 65 89 68
37 180 76 91 84
32 153 22 28 23
32 105 91 92 91
32 34 60 99 65
153 58 16 74 16
153 131 75 80 76
153 145 83 87 86
105 79 61 90 77
34 35 17 51 23
34 38 15 55 22
34 60 58 70 63
33 31 11 39 26
33 78 93 94 93
33 59 20 74 28
33 17 47 55 54
35 157 46 47 46
35 188 38 91 50
35 27 25 63 51
35 51 34 100 96
35 78 38 64 56
60 0 33 89 65
60 175 59 91 61
157 58 15 67 22
157 25 23 33 28
157 29 59 87 79
157 183 62 98 76
36 151 18 77 48
36 188 26 40 34
36 127 44 46 45
36 136 13 100 26
36 88 33 85 36
136 119 23 47 35
136 85 77 89 85
144 149 89 96 94
144 147 88 92 92
142 71 57 65 61
142 89 84 90 87
49 45 46 47 47
49 56 14 72 24
49 101 45 51 47
49 59 52 71 52
49 57 71 89 86
49 33 46 64 56
39 25 72 80 73
65 5 44 83 62
65 188 71 83 72
65 57 91 94 92
65 40 19 90 31
41 119 72 74 73
41 122 88 94 89
41 0 29 58 48
41 91 44 62 52
41 93 79 84 83
119 43 31 34 33
119 41 54 58 54
119 35 25 39 26
119 129 74 79 75
119 128 77 88 84
119 98 15 64 40
119 148 58 79 62
91 52 91 95 93
91 72 20 66 56
91 5 46 62 62
93 171 75 81 79
93 136 63 68 65
93 170 21 71 40
93 1 51 60 51
93 55 71 97 93
87 102 63 90 80
87 37 67 80 77
87 35 73 100 91
43 169 59 68 65
43 35 30 35 32
43 105 24 92 35
43 75 85 96 96
43 96 26 46 26
43 115 79 82 82
43 5 70 79 78
75 2 81 99 95
75 156 49 61 59
75 49 90 100 94
96 116 34 61 45
96 35 25 46 33
115 124 12 61 29
44 19 63 95 86
44 76 54 70 54
44 93 55 66 58
44 188 50 91 86
45 37 20 66 26
45 96 70 97 81
116 169 44 49 45
116 107 88 90 90
80 6 80 96 93
80 140 55 78 72
94 18 66 83 76
94 156 66 93 84
94 5 44 93 63
94 138 11 12 12
48 19 35 72 56
48 7 71 86 73
48 125 34 59 52
48 54 29 77 34
56 37 89 98 89
56 121 38 41 38
56 33 55 77 61
56 7 52 64 53
57 62 88 95 91
57 145 33 57 51
57 50 12 79 31
57 46 54 59 59
57 129 16 53 48
57 100 18 90 57
57 122 62 79 77
50 53 49 94 73
50 75 35 100 75
98 38 42 62 59
98 39 95 96 95
98 161 18 90 73
52 45 49 78 60
52 53 15 87 67
52 10 85 91 88
102 43 60 84 76
102 171 57 96 61
92 40 61 72 68
92 126 39 40 39
92 32 60 84 61
55 156 65 95 76
55 69 20 40 38
55 27 61 75 61
55 75 65 98 83
156 55 55 99 87
156 124 30 97 39
156 67 68 78 70
156 162 32 47 36
156 174 71 89 74
121 122 20 75 55
121 137 92 98 92
62 150 92 96 94
62 152 54 89 64
100 160 73 97 97
100 103 11 25 15
100 102 23 48 31
100 172 21 43 42
100 55 34 68 41
100 125 63 80 67
114 25 95 98 95
114 58 45 95 58
114 167 60 78 61
114 138 61 65 65
114 119 88 92 89
83 120 47 75 59
170 121 34 53 38
170 48 23 99 97
170 15 35 36 36
170 146 87 96 90
118 190 74 83 77
118 182 91 99 98
118 74 10 56 17
118 113 81 97 95
118 14 67 73 70
175 122 56 73 60
175 15 15 65 21
175 57 26 31 28
137 121 91 94 94
137 31 48 72 55
137 168 37 69 47
137 14 76 84 78
146 69 29 99 40
146 186 16 77 61
146 24 62 81 63
146 78 81 90 84
146 56 22 95 80
146 95 25 98 54
146 184 75 90 84
146 140 71 90 82
146 161 39 99 99
152 97 80 91 83
64 73 84 95 85
64 142 93 98 94
64 14 91 100 94
64 29 35 55 40
64 162 94 100 95
64 167 45 83 54
64 97 20 70 33
64 163 30 96 74
167 75 83 91 87
167 73 92 98 98
167 29 16 49 30
167 86 54 82 70
167 161 93 99 95
66 48 58 91 80
66 84 54 69 62
66 107 82 93 90
66 100 69 88 79
107 11 60 73 60
107 49 69 78 75
107 131 54 72 72
68 20 76 98 86
68 15 26 80 78
68 1 42 68 48
68 135 75 85 75
68 84 76 88 86
68 110 42 84 53
68 128 78 91 79
128 48 20 40 25
128 180 66 78 68
128 97 49 53 49
128 76 48 85 50
128 12 35 94 56
128 115 18 73 37
128 154 73 98 88
128 162 84 94 88
70 138 13 17 13
70 14 50 62 52
70 44 84 95 89
70 59 88 97 89
70 141 82 87 86
138 43 60 63 62
138 57 65 79 70
138 86 10 56 49
138 56 25 54 52
138 67 90 91 91
141 87 22 94 74
141 190 88 90 88
141 22 59 75 63
141 146 78 99 80
141 91 55 69 61
141 104 35 92 82
71 11 41 76 64
71 177 23 41 32
71 94 32 63 54
177 19 19 26 19
177 11 13 40 18
177 33 14 16 15
177 139 41 46 45
72 178 13 47 26
72 110 73 96 76
74 20 33 69 51
74 47 37 48 44
77 82 18 25 25
77 111 22 95 42
77 150 67 81 72
77 134 41 46 43
77 180 70 76 73
77 18 47 87 80
82 96 51 57 51
82 93 27 71 63
82 80 88 89 89
82 47 79 94 83
134 22 65 93 84
134 2 41 84 57
134 95 34 84 60
134 89 72 95 81
79 106 17 69 62
79 52 58 90 86
79 16 83 89 88
79 136 76 80 77
79 76 18 25 23
106 111 25 81 45
106 97 68 87 73
106 57 41 64 44
106 78 71 89 78
106 47 36 86 66
106 178 18 32 30
140 152 10 89 43
81 13 19 62 31
81 114 57 58 58
81 183 22 74 73
81 146 28 64 33
120 48 26 87 77
120 170 56 88 88
120 110 66 83 82
90 78 90 100 91
90 1 45 93 53
108 127 70 96 95
108 129 66 91 81
189 59 13 37 31
189 123 86 99 97
126 188 23 54 31
126 101 86 94 91
126 189 80 87 83
126 178 77 91 91
126 170 25 39 39
126 152 20 81 37
124 118 54 80 71
124 133 57 58 58
124 50 20 52 34
124 23 82 100 85
124 109 19 80 39
132 9 25 93 62
132 142 71 96 86
132 149 53 99 56
132 171 64 67 64
161 123 52 84 66
161 79 77 91 86
161 82 74 93 88
161 81 12 83 47
161 137 18 19 19
161 99 42 75 67
160 139 48 93 78
160 127 53 80 79
160 188 11 65 59
109 90 93 97 93
109 115 52 72 65
109 119 12 50 46
109 15 73 91 73
109 143 54 87 83
109 153 32 72 70
109 39 92 94 92
109 62 20 26 21
109 165 44 98 87
109 170 47 82 63
143 162 86 91 88
143 152 52 85 64
143 142 82 85 82
143 167 29 47 40
143 93 55 63 56
143 13 12 31 27
112 90 66 73 72
112 110 37 92 54
112 165 80 100 92
117 115 10 84 32
117 169 21 48 44
190 86 71 82 73
190 165 51 65 57
190 40 44 67 55
190 102 77 89 89
190 128 77 90 88
149 128 92 96 96
186 114 45 85 84
181 100 90 100 97
181 16 53 64 58
181 62 19 97 77
181 48 47 77 72
181 148 85 93 86
181 114 13 17 15
173 53 63 88 72
173 81 53 54 54
173 59 33 53 40
173 187 46 77 46
0 190
