176 348
0 30 94 100 99
0 173 89 95 95
0 123 21 59 28
0 133 68 84 76
30 174 87 98 91
30 158 60 72 61
123 136 91 99 95
133 16 15 44 39
133 111 28 84 57
1 45 83 95 95
1 76 34 57 43
1 154 27 80 55
1 112 31 82 33
1 108 44 95 88
45 59 54 68 58
76 8 94 95 95
76 105 59 71 67
154 140 62 91 82
154 54 70 90 79
154 38 75 87 75
154 100 47 56 48
112 8 84 97 91
108 15 57 80 70
2 143 89 100 96
143 135 92 94 92
143 148 68 79 75
143 75 75 84 77
3 35 28 45 40
35 108 25 44 25
5 38 64 87 73
5 81 57 87 83
38 170 19 65 35
81 108 49 82 77
81 20 32 48 35
6 61 18 77 74
61 32 50 60 51
61 33 17 28 23
7 141 42 83 56
7 129 79 94 94
141 105 55 59 58
141 143 84 89 87
129 2 41 97 56
129 69 84 94 89
129 162 41 59 43
8 96 20 49 29
8 84 53 71 56
96 78 51 61 54
96 81 74 86 77
96 121 10 66 14
9 162 33 60 58
9 11 47 80 66
11 167 50 55 51
11 110 70 71 70
11 133 11 50 12
11 175 35 65 41
11 100 33 50 43
10 145 20 44 38
145 148 47 81 77
145 155 90 93 91
145 84 43 97 45
167 52 76 87 80
110 154 88 97 94
110 108 91 98 96
100 129 79 92 88
100 2 16 70 37
100 145 50 100 51
12 137 64 77 77
12 103 51 82 74
12 37 86 100 92
103 74 52 62 56
103 79 27 78 42
37 109 74 83 79
13 48 24 33 26
13 17 43 82 62
13 18 74 91 90
48 63 26 48 47
48 129 82 84 83
18 11 52 56 52
18 102 33 35 33
18 79 42 98 92
14 152 25 41 35
14 130 33 59 40
14 88 62 64 64
152 175 53 77 57
152 109 68 99 87
152 24 85 86 86
152 33 84 91 89
130 13 13 97 71
130 42 94 100 100
130 75 56 61 60
88 103 94 98 98
88 87 17 23 21
88 139 24 60 31
15 39 26 58 34
15 97 41 100 45
15 74 54 86 68
39 157 88 89 88
39 113 74 99 93
97 9 83 86 85
74 18 19 73 44
74 134 45 49 48
74 44 58 70 58
74 129 73 81 77
16 140 67 88 79
16 30 71 79 76
140 98 46 69 46
140 11 19 38 22
102 166 76 80 77
102 24 87 99 96
79 123 94 97 95
19 163 36 95 70
19 152 57 68 66
20 11 68 91 88
21 29 10 55 36
21 126 88 89 88
21 25 76 98 89
21 145 68 100 92
29 146 58 62 62
29 154 69 78 74
25 14 78 88 87
25 18 95 100 100
25 95 30 57 31
22 153 47 64 47
22 7 68 77 70
153 108 26 34 30
23 19 30 37 31
23 81 23 27 25
23 148 48 49 48
148 10 11 82 29
148 103 93 95 93
148 52 43 83 53
148 174 42 88 74
148 139 70 79 77
95 14 29 48 38
95 66 51 59 58
26 102 13 39 28
27 70 73 92 87
174 32 82 98 90
174 86 75 97 91
174 30 66 84 74
174 76 43 56 49
174 118 29 44 33
158 159 43 83 58
158 99 10 15 11
158 129 72 76 73
158 68 41 66 66
32 25 80 100 97
32 101 35 68 68
101 90 64 86 70
34 23 22 24 22
34 38 83 94 87
34 96 89 96 90
36 9 29 77 31
170 149 34 70 70
170 112 81 83 82
157 142 12 13 13
157 70 38 90 75
157 97 76 92 82
113 92 55 77 56
113 163 78 84 79
113 132 39 85 52
40 58 16 99 39
40 7 34 44 36
58 14 71 78 77
58 67 27 75 69
58 56 48 71 56
58 146 56 82 56
41 145 77 88 83
41 40 13 64 28
41 129 34 61 41
42 155 78 100 85
42 129 44 54 46
155 13 94 100 99
43 137 63 81 80
43 136 93 95 95
136 36 76 86 76
136 144 22 46 24
136 151 16 43 32
59 22 63 73 63
59 4 65 88 65
59 56 33 46 41
46 63 29 51 39
46 111 31 53 46
46 155 24 30 30
46 61 39 65 40
46 47 94 96 95
46 56 82 96 82
46 75 70 79 77
63 143 57 67 57
63 121 65 75 71
47 110 94 99 94
47 120 63 90 64
56 156 27 75 55
56 16 66 83 66
75 102 45 50 48
120 130 29 50 30
120 163 19 50 20
120 30 57 78 66
49 68 76 97 76
68 21 13 27 16
50 171 49 53 52
171 15 92 100 99
171 107 14 95 27
51 143 88 99 92
52 105 49 52 49
105 84 28 45 35
105 152 31 71 47
53 90 22 40 27
53 107 74 89 84
90 173 55 73 67
90 42 63 89 89
90 24 63 70 66
107 34 34 57 47
54 82 13 81 74
54 25 75 83 79
54 8 79 92 89
82 57 63 97 87
55 75 26 62 42
55 168 61 98 74
55 43 60 63 62
55 9 88 93 93
168 142 77 89 78
168 5 48 98 59
168 105 61 71 67
168 121 14 17 15
168 16 11 96 34
156 99 64 73 64
156 18 74 98 86
57 159 38 80 59
159 144 50 52 52
159 98 39 65 57
67 166 50 66 59
60 166 46 56 49
166 17 63 96 82
166 142 23 56 26
166 12 69 77 69
166 75 63 71 67
62 147 56 57 56
147 140 14 81 37
147 8 69 93 80
121 14 39 75 51
65 10 15 75 33
66 58 74 94 90
66 8 94 100 98
66 48 65 76 67
69 72 83 95 88
72 61 24 55 26
71 107 77 92 80
71 21 74 94 87
73 19 42 96 62
73 10 85 91 86
73 102 36 82 36
73 80 38 47 45
73 56 72 95 73
73 173 34 54 39
78 158 41 71 47
78 69 10 21 17
78 144 83 96 83
78 55 53 75 57
78 139 27 80 48
78 147 81 96 88
78 140 54 79 78
139 62 18 83 43
83 13 58 88 80
83 58 34 78 62
83 84 92 97 94
85 81 83 98 98
86 69 60 94 89
89 110 77 88 77
89 69 28 75 42
91 115 80 99 88
91 59 70 90 84
91 48 76 84 79
91 125 50 71 64
91 136 53 89 62
91 155 48 81 57
115 7 30 33 32
115 34 38 72 65
125 124 51 86 71
92 48 27 52 35
93 40 59 68 60
94 80 81 82 82
94 165 48 85 55
94 24 56 71 68
94 5 39 60 50
165 82 76 94 89
165 110 35 76 60
98 171 56 71 57
98 46 10 61 31
104 162 85 100 89
106 14 18 72 29
106 133 25 69 59
106 0 47 54 48
132 28 32 38 35
132 114 13 17 14
114 96 27 69 50
114 86 23 38 30
114 6 26 44 43
117 71 24 89 54
117 51 22 82 62
118 72 49 91 65
118 74 83 86 84
118 4 44 86 58
118 166 87 93 92
118 129 55 86 79
119 78 22 53 46
119 162 61 80 68
119 140 12 58 32
119 62 40 70 57
122 14 15 75 31
122 156 67 72 71
122 79 86 93 93
122 111 95 96 95
122 1 51 98 69
124 129 76 87 79
124 95 88 95 93
124 2 90 95 93
127 46 33 35 34
127 34 15 56 27
128 56 55 86 73
128 138 77 93 78
138 144 84 100 84
138 83 93 94 93
138 162 80 94 86
131 38 87 89 87
131 129 29 52 35
135 111 62 83 82
151 144 21 32 23
151 150 85 96 86
151 80 85 87 87
151 42 72 79 74
151 147 39 54 51
151 164 91 98 95
151 110 74 91 91
149 67 75 83 77
149 160 31 50 50
160 11 81 100 95
160 108 44 94 56
160 145 54 79 55
164 117 39 78 74
164 140 20 78 30
161 71 90 96 95
161 164 33 85 65
169 4 72 92 90
169 54 90 99 91
169 80 89 98 98
169 61 34 95 59
172 98 27 91 77
0 175
