92 344
0 6 34 89 50
0 63 56 71 71
0 22 37 61 48
6 91 35 39 35
6 37 89 90 90
6 7 40 94 56
6 85 53 57 53
6 73 39 65 53
63 19 29 44 42
63 41 77 99 88
63 76 45 96 79
63 72 64 94 92
63 31 80 94 85
63 1 48 52 49
22 79 17 22 22
22 18 91 95 95
22 47 80 93 93
22 5 88 97 89
1 67 82 90 89
1 17 10 71 18
67 10 14 75 66
67 79 53 80 60
67 59 77 84 84
67 87 79 86 79
17 8 46 72 59
17 83 48 90 52
2 39 36 88 59
2 79 33 61 57
2 42 74 85 84
2 64 72 91 77
39 37 75 92 90
39 46 63 86 74
39 73 76 77 77
39 42 95 99 97
79 42 29 46 39
79 49 51 100 68
79 61 74 91 78
79 57 14 75 20
79 7 93 94 93
42 18 32 38 32
42 87 35 59 55
42 60 84 99 93
42 48 87 100 93
42 55 15 73 30
42 49 18 71 19
64 46 15 54 47
64 41 72 88 78
64 50 86 91 86
64 22 80 96 96
64 9 16 60 32
3 12 51 87 63
3 13 51 71 67
3 38 84 94 85
3 24 59 88 61
3 85 53 100 99
3 48 87 94 87
12 8 26 64 39
13 76 16 42 33
13 87 95 100 98
13 84 14 21 20
13 17 48 100 99
13 60 63 74 67
13 4 52 92 70
13 25 86 91 86
13 59 19 32 30
38 63 38 45 45
38 79 20 29 24
38 74 36 42 38
38 20 76 90 79
38 28 85 99 94
38 45 71 82 79
24 68 60 92 90
24 32 60 91 82
24 6 50 80 68
24 35 19 91 89
24 45 79 92 87
85 58 72 82 75
48 62 52 64 52
48 47 17 46 29
4 66 62 69 65
4 70 42 68 65
4 9 53 90 57
66 26 61 79 64
66 56 60 83 76
70 45 54 92 55
9 39 43 61 60
9 7 59 81 68
9 16 77 97 88
9 55 39 100 90
5 85 92 97 92
5 87 75 89 86
5 72 44 77 62
5 83 32 49 37
87 28 39 95 80
87 38 59 81 68
87 60 66 83 74
87 72 17 59 41
87 20 31 71 31
72 50 75 94 91
72 85 18 31 19
72 26 75 76 75
72 81 25 72 70
83 12 51 55 54
83 51 10 64 28
91 38 38 88 81
91 0 44 54 46
91 79 60 75 70
91 43 74 94 78
91 21 27 70 30
91 35 32 46 35
37 41 47 53 49
37 90 87 99 98
37 82 75 99 86
37 10 34 94 86
37 8 30 81 66
7 3 40 55 52
7 59 52 83 75
7 61 66 96 72
7 1 17 86 22
7 43 88 100 99
73 42 94 100 94
73 43 74 87 83
73 50 11 15 14
73 85 11 23 15
73 49 90 98 94
59 53 60 79 61
59 11 89 97 91
61 90 14 26 23
61 19 70 98 80
61 26 56 62 62
61 73 34 77 55
61 30 84 91 90
61 6 35 52 35
43 65 34 39 35
43 91 25 57 40
43 20 62 80 78
43 37 42 85 46
43 32 58 90 66
43 45 13 33 26
43 53 22 88 34
43 36 59 79 67
8 45 79 96 80
8 43 81 83 81
45 46 92 94 93
45 70 38 99 64
45 30 48 59 54
45 20 25 32 29
45 91 72 75 73
45 58 41 49 45
45 65 34 94 71
16 40 64 86 80
55 68 17 56 37
10 21 41 80 76
10 14 24 28 26
10 44 56 62 62
21 32 77 89 84
21 50 47 93 81
21 8 85 88 88
21 83 77 79 78
21 53 39 75 57
21 64 95 99 99
21 67 76 96 79
21 90 72 78 75
21 58 82 93 93
14 3 69 92 89
14 62 10 80 10
14 15 40 56 54
44 58 46 58 51
44 3 70 79 70
44 67 66 85 80
44 8 67 85 83
11 82 48 80 58
11 34 78 85 78
11 3 50 59 55
82 42 42 66 60
82 88 52 68 55
34 40 59 66 66
34 46 18 71 56
34 23 11 36 26
34 43 69 85 69
34 24 45 93 68
34 71 27 78 58
76 38 16 32 29
76 54 90 91 90
76 7 21 74 42
84 23 65 99 88
84 91 36 82 55
84 24 60 89 67
84 82 36 44 38
60 51 37 61 50
60 38 23 98 41
25 2 41 60 50
25 37 70 77 71
25 28 86 91 91
62 41 39 59 51
62 85 24 87 28
62 83 82 95 84
62 56 84 95 90
62 23 63 85 71
62 76 60 74 73
62 47 44 63 52
15 61 77 97 84
15 20 78 98 96
15 5 47 59 50
20 3 41 85 67
20 16 83 91 91
20 72 90 95 92
20 49 66 73 69
20 14 57 73 58
40 72 77 98 87
40 8 90 97 91
40 32 23 64 46
40 86 54 95 57
40 51 53 66 66
18 38 57 77 74
18 71 86 94 94
18 52 68 81 76
18 51 18 54 37
18 32 22 59 50
18 12 79 91 91
71 78 13 20 14
71 3 31 82 42
52 56 72 84 80
52 5 93 96 93
52 48 86 98 96
52 83 34 67 44
52 32 51 56 53
52 60 77 79 78
32 21 33 92 64
32 25 34 56 47
19 23 74 76 75
19 34 43 56 43
19 0 60 98 86
19 81 45 48 45
23 28 77 81 79
23 33 10 40 27
81 12 47 87 62
81 64 50 67 61
81 66 79 92 87
49 90 21 68 57
49 35 31 77 77
49 18 28 69 35
49 63 58 87 61
49 27 83 100 85
50 20 46 47 46
50 38 93 100 94
50 42 33 97 81
50 77 62 92 62
50 84 49 89 53
50 29 44 76 67
53 1 76 98 92
90 76 65 92 83
90 72 10 18 18
90 66 91 96 91
90 89 57 92 86
90 45 51 53 51
58 48 86 97 96
58 80 91 94 92
58 29 90 92 90
58 63 48 79 77
58 13 67 71 70
58 52 73 98 74
47 0 16 45 43
47 27 75 93 89
47 31 62 74 67
28 32 33 70 67
28 6 14 22 15
28 54 33 60 42
28 82 68 96 80
68 69 89 93 89
68 32 89 100 94
68 24 14 99 60
68 13 75 80 79
35 30 92 100 94
35 74 57 75 74
35 40 63 66 66
35 18 67 68 68
35 78 16 73 51
26 66 25 99 83
27 69 88 100 97
27 4 44 82 69
27 9 45 96 68
69 0 27 31 31
69 44 22 77 35
69 84 88 93 89
54 72 75 95 95
54 42 51 68 60
54 47 33 61 58
54 0 18 87 86
54 4 37 40 40
29 14 67 73 68
29 27 13 72 41
29 6 70 76 73
30 32 79 84 81
30 61 16 92 42
30 43 27 47 29
30 39 85 90 90
31 51 22 74 39
31 16 54 93 66
46 44 21 73 24
46 62 47 80 56
46 52 14 18 17
74 40 92 94 94
78 41 37 45 45
78 8 21 33 30
41 30 54 98 75
41 28 77 99 94
41 88 52 79 69
86 76 57 98 95
86 46 60 63 61
86 31 67 89 84
86 7 87 89 88
88 37 56 77 56
88 75 23 98 40
88 76 52 55 53
88 71 83 99 90
65 68 22 60 37
65 72 74 99 81
65 16 58 100 82
65 46 59 90 65
65 78 11 85 46
65 45 28 37 34
77 22 79 91 79
77 52 84 99 94
77 20 40 79 69
77 16 29 32 32
56 91 30 35 34
56 54 88 92 90
57 71 47 84 77
57 54 20 57 44
57 45 43 94 89
80 61 64 96 93
80 40 90 95 91
80 64 49 94 71
80 9 27 28 27
80 76 38 94 84
75 22 17 31 21
75 32 48 67 55
75 7 46 49 49
89 39 16 62 47
89 16 17 93 34
89 11 34 99 72
89 84 88 91 88
89 46 19 94 77
0 91
