318 592
0 8 56 71 68
0 294 16 57 26
0 66 71 93 91
0 10 70 82 70
8 134 58 69 68
8 283 20 55 41
8 163 76 89 79
294 280 31 85 48
294 128 24 62 33
66 260 17 90 65
66 12 31 80 68
66 310 81 99 89
10 228 94 99 97
10 17 23 46 43
2 150 68 89 78
2 145 69 89 72
2 149 39 43 42
150 186 49 96 94
150 103 86 87 87
150 266 26 43 31
145 160 45 72 50
145 130 82 97 91
149 22 82 95 87
149 179 23 52 49
149 285 55 75 63
3 111 54 81 72
3 147 13 82 80
111 248 92 93 92
111 167 52 59 57
147 184 45 71 54
147 69 51 58 58
4 62 22 85 25
62 125 34 71 64
62 12 61 77 72
62 284 43 61 56
62 199 51 92 52
5 78 24 63 28
5 151 54 97 80
5 85 92 96 94
78 14 47 48 48
151 55 13 87 37
85 197 53 83 70
85 236 68 92 74
85 265 77 79 78
85 164 91 99 92
6 180 21 44 33
6 104 75 99 96
180 201 54 92 67
180 215 46 60 56
104 66 69 70 69
7 310 47 75 54
7 218 85 91 86
7 37 63 74 63
7 69 92 97 95
7 194 80 100 90
310 12 29 81 45
218 127 42 97 53
218 163 40 49 41
218 27 53 92 91
218 15 87 90 88
218 188 68 82 77
37 13 20 74 65
37 165 87 95 93
37 84 12 26 23
37 115 26 92 45
69 278 40 52 51
69 276 81 100 99
194 176 37 88 41
134 281 33 85 61
283 228 37 46 40
163 36 64 93 91
163 261 64 96 65
9 69 88 89 89
9 268 78 80 80
268 273 48 85 52
268 103 28 40 31
268 138 11 19 11
268 131 85 96 87
228 136 51 83 79
228 303 70 89 75
228 310 56 57 56
17 271 13 25 19
17 158 19 63 58
17 32 30 72 64
17 84 30 76 56
11 22 66 69 68
12 212 92 99 96
212 275 39 79 42
212 24 31 88 86
13 12 86 95 90
13 100 84 97 86
13 58 22 74 48
100 141 89 94 92
58 8 63 79 79
58 4 38 61 42
58 57 84 90 84
14 42 72 83 76
15 7 46 57 52
271 181 91 92 92
271 54 60 62 60
158 262 65 99 90
158 75 25 36 27
158 182 24 89 33
32 306 72 84 76
32 243 47 95 84
32 308 22 47 23
84 111 89 96 94
84 206 66 91 84
18 50 76 80 78
50 168 38 39 38
50 107 44 75 62
50 208 49 54 54
50 284 53 93 76
19 271 19 97 61
20 167 77 99 98
20 116 83 100 91
116 256 11 94 15
116 259 55 70 58
116 1 39 64 54
116 309 92 94 94
25 257 62 91 62
257 62 77 84 82
27 309 51 62 53
27 15 83 87 85
309 115 36 95 64
309 132 91 94 93
309 175 27 85 55
28 316 60 73 64
28 234 31 47 36
28 293 88 97 97
316 212 58 75 71
234 273 80 81 80
234 290 16 24 21
29 91 45 63 46
91 314 11 27 25
91 144 30 79 68
91 252 35 79 60
91 236 66 76 67
30 222 36 66 37
30 74 66 70 68
222 7 48 98 62
74 224 21 95 72
74 189 74 80 79
74 123 60 100 76
31 307 49 70 69
307 90 69 83 78
243 91 51 95 82
243 99 72 95 74
243 0 84 93 90
308 187 62 99 73
308 32 27 38 27
308 175 11 48 34
34 109 88 93 92
34 249 83 90 85
34 137 16 83 75
109 309 69 80 79
249 287 82 88 85
249 247 17 64 23
137 283 78 92 87
137 215 86 99 90
35 273 17 57 21
35 68 13 95 41
273 65 18 25 18
273 43 63 70 66
273 246 56 68 66
165 7 50 57 50
165 234 37 55 42
165 149 22 40 33
165 123 10 44 32
165 164 33 58 56
115 69 17 90 75
38 170 15 63 16
38 177 53 93 62
170 13 63 86 73
177 294 69 78 70
177 119 66 73 70
177 2 41 98 73
39 59 13 19 17
59 172 24 72 72
59 125 82 89 87
59 267 10 53 37
41 77 86 94 87
41 303 39 84 46
77 40 41 67 66
303 53 15 90 89
303 208 95 98 96
303 120 41 54 45
43 255 53 74 66
43 188 85 96 86
255 245 13 46 35
255 169 59 74 71
188 253 73 92 74
188 106 46 63 59
44 69 84 93 86
45 10 57 93 57
46 126 94 100 96
46 270 13 29 15
126 178 66 93 88
126 83 15 59 28
270 157 26 79 31
270 5 36 48 43
47 45 51 82 51
47 59 38 83 82
48 16 69 83 70
48 268 47 54 50
49 151 17 77 72
49 224 95 99 97
49 316 55 62 57
49 75 34 64 61
224 211 48 87 86
75 102 54 99 85
75 222 37 80 43
168 313 81 82 81
107 233 52 61 54
107 302 42 77 52
107 282 61 87 84
107 296 91 97 91
107 26 93 100 95
208 94 51 59 56
208 205 16 36 31
284 252 37 80 45
284 297 93 96 95
51 173 46 60 51
51 8 80 85 85
173 296 30 58 37
52 83 24 32 25
53 251 80 88 87
251 266 92 95 94
54 261 13 25 16
54 299 68 78 70
54 195 10 50 49
54 146 67 76 76
54 140 90 92 92
261 317 15 48 40
299 215 61 62 62
299 29 93 100 96
146 205 59 93 71
146 241 31 50 35
146 175 27 50 36
140 269 29 68 64
55 245 17 88 69
245 299 46 82 54
245 221 25 94 42
245 109 22 52 44
56 70 38 51 45
56 184 72 96 76
70 291 82 95 90
184 134 86 87 86
184 51 89 96 94
184 193 19 78 75
57 222 50 76 67
57 8 69 89 77
172 136 38 87 58
125 202 22 29 27
125 301 49 76 49
125 298 90 93 90
125 269 43 77 53
125 177 86 94 93
267 250 66 99 77
60 45 84 89 86
60 257 63 80 79
60 121 76 95 84
121 97 26 40 31
121 67 13 100 72
61 190 25 37 33
61 255 31 33 31
190 148 60 88 73
199 6 48 86 49
199 88 43 92 44
199 134 21 35 30
199 190 10 92 33
199 301 79 95 90
63 278 15 73 18
63 214 18 38 27
278 254 62 73 71
214 144 27 94 31
214 60 11 55 55
64 209 18 46 45
64 274 10 89 55
64 147 73 76 74
209 284 64 86 74
209 186 35 48 40
209 116 94 95 94
274 248 68 86 75
65 198 46 57 56
65 6 45 57 54
198 100 54 58 56
198 282 32 43 41
260 85 14 31 15
260 41 52 56 53
260 35 89 91 90
67 239 81 90 89
67 129 67 83 75
67 149 24 53 26
129 242 78 92 87
129 160 37 46 40
276 83 30 77 38
276 292 82 99 88
71 158 50 70 69
71 44 44 47 44
72 198 17 41 20
72 276 58 73 65
72 202 68 97 82
73 233 60 97 87
233 165 74 89 79
76 107 12 13 12
79 317 44 100 48
79 36 85 98 87
317 184 21 88 60
206 124 41 69 47
206 114 92 95 95
206 301 48 87 85
206 252 46 95 70
236 136 33 97 97
236 195 16 24 20
265 314 47 99 54
164 287 23 45 39
87 233 61 96 85
87 261 55 99 57
87 239 15 30 23
89 64 65 80 65
90 68 47 74 66
90 194 39 56 54
90 125 90 98 96
314 210 77 94 90
314 93 12 78 31
314 168 74 88 88
314 29 15 16 15
252 131 29 89 40
252 138 39 75 57
252 52 84 94 89
92 12 60 85 85
92 60 10 87 44
92 314 81 89 87
93 47 84 87 85
94 296 16 69 24
94 289 25 64 35
94 93 29 43 35
94 149 41 69 63
296 96 34 92 37
296 234 60 75 64
289 217 39 61 53
95 164 67 88 77
96 265 94 97 97
98 102 51 71 54
99 252 50 91 61
99 253 64 87 70
253 75 84 93 90
253 72 44 97 76
141 176 18 21 18
141 301 41 65 61
101 104 36 84 52
103 171 70 72 72
103 99 26 36 34
171 314 92 94 94
171 122 42 96 64
171 98 32 54 42
171 158 77 82 79
171 273 51 65 63
105 268 29 45 38
105 282 62 87 74
105 77 51 92 53
105 236 70 96 94
282 112 66 71 69
282 51 35 44 37
282 174 19 95 82
106 128 20 87 36
106 166 11 15 15
128 159 16 80 24
166 69 87 90 90
166 57 46 89 77
166 58 57 82 79
108 85 71 96 92
108 27 10 50 49
110 202 64 67 67
110 151 85 98 87
110 285 39 50 50
285 145 31 43 35
285 248 95 100 100
285 114 57 67 57
248 226 89 96 94
112 240 13 59 32
240 124 18 58 48
240 239 50 90 50
113 171 16 20 19
113 289 88 94 94
113 25 89 100 92
256 189 14 83 17
256 77 36 84 58
256 157 48 86 66
256 142 46 73 67
256 14 82 89 85
256 304 31 45 31
256 69 49 56 50
117 112 94 95 95
117 192 36 73 48
192 145 29 100 83
192 77 28 45 38
192 216 68 86 79
192 25 79 86 80
118 240 81 83 82
118 168 62 87 66
119 4 78 93 93
119 11 68 97 96
120 104 82 94 92
120 11 81 95 89
122 143 10 79 65
143 259 87 97 87
143 32 65 88 76
143 215 42 64 63
124 190 63 79 75
301 58 79 88 85
298 150 43 56 56
298 286 79 81 80
269 132 10 80 66
127 64 55 77 68
127 125 95 96 96
127 186 28 59 31
127 38 82 88 85
186 94 32 87 68
186 199 11 58 54
159 292 44 78 77
159 177 32 53 34
159 72 76 92 82
159 74 16 97 94
242 298 23 28 25
242 73 71 91 89
160 298 24 77 71
160 282 12 52 39
130 213 43 95 51
130 7 34 55 45
131 72 20 98 63
131 226 80 89 84
131 61 56 88 57
226 247 86 98 98
226 32 89 100 96
132 238 84 92 85
132 29 80 85 84
238 101 35 85 74
238 34 61 97 82
281 10 63 99 85
281 110 42 88 61
281 206 83 91 89
281 40 58 64 60
281 204 93 98 97
281 261 78 80 80
281 229 88 92 92
135 38 82 90 84
136 50 52 79 76
136 192 17 26 23
136 117 72 82 82
136 304 92 95 93
136 94 40 44 41
304 58 75 94 81
304 295 58 87 68
215 204 64 79 74
215 214 72 73 73
138 33 44 78 60
139 90 76 91 89
176 317 70 90 88
142 282 63 75 70
205 69 83 87 86
241 177 61 77 67
175 76 15 57 28
148 17 25 35 29
148 93 46 99 78
179 162 28 60 47
152 27 19 29 26
152 67 49 65 62
152 295 85 98 92
295 58 70 81 81
153 49 61 80 63
154 264 59 62 60
154 70 49 91 65
264 29 65 97 85
156 91 10 67 27
156 123 19 22 22
156 236 29 58 43
157 67 39 92 61
182 57 89 99 99
292 153 44 57 44
161 316 56 67 59
161 314 80 81 81
161 317 72 95 87
287 135 47 61 56
313 170 63 68 68
313 113 54 79 75
313 88 93 94 93
313 199 90 93 91
313 301 44 69 48
313 117 26 70 48
169 43 53 77 70
169 98 26 82 33
169 44 89 96 91
169 2 30 55 35
174 270 10 60 56
174 62 60 88 87
174 297 54 80 59
297 203 86 96 95
297 290 65 90 65
297 224 91 98 97
297 128 71 93 92
181 78 69 89 85
181 304 17 38 34
181 101 25 49 28
183 173 64 87 79
183 219 19 41 29
219 155 41 63 42
219 105 23 26 23
193 66 69 75 75
185 250 10 77 41
185 86 61 72 68
250 273 57 58 58
191 66 85 87 87
196 12 69 87 80
200 305 76 95 86
200 131 24 53 52
200 35 18 39 29
305 146 54 90 79
204 165 61 93 61
204 72 72 100 92
207 267 87 100 89
210 212 84 94 88
275 218 69 87 71
275 274 14 99 63
217 314 86 95 89
217 86 83 98 96
220 128 52 99 70
220 44 30 52 35
220 109 16 89 72
223 288 88 91 88
223 79 83 89 83
223 290 75 76 76
223 69 30 86 46
223 170 22 79 75
223 115 66 80 68
223 284 48 65 54
223 238 10 66 34
288 107 58 65 64
288 175 68 97 94
290 262 92 100 94
290 299 87 98 89
225 158 94 95 95
227 236 86 90 90
227 265 28 83 38
229 36 80 84 81
229 223 38 79 68
229 183 87 98 95
229 296 29 66 32
230 229 18 92 91
230 147 32 58 51
230 123 55 95 91
231 41 10 91 71
231 113 33 34 33
231 57 16 72 37
231 37 82 85 84
232 98 81 97 97
232 118 36 39 36
235 196 81 82 82
235 257 75 92 75
235 187 58 80 67
237 69 70 91 85
237 175 54 93 70
237 203 52 73 53
237 154 60 61 60
246 312 85 86 85
246 287 48 75 60
258 166 75 91 75
272 117 88 100 92
272 87 32 54 54
272 120 46 88 61
272 254 33 55 35
279 47 20 35 35
279 228 38 83 55
280 62 68 72 69
280 169 45 100 55
280 93 68 71 69
280 65 28 58 52
280 125 64 74 69
280 241 15 17 17
286 224 60 66 61
300 62 35 43 38
300 3 82 92 82
311 136 25 97 78
311 172 84 94 86
315 134 71 83 82
315 304 55 99 66
315 288 57 81 61
315 41 47 48 48
315 225 16 100 26
315 162 91 94 91
315 283 79 85 79
0 317
