453 1106
0 382 76 82 79
382 388 19 22 22
382 357 27 71 51
1 26 13 67 45
1 135 81 97 92
26 255 65 76 71
26 305 95 100 99
2 178 53 71 66
2 412 45 63 55
2 278 86 96 87
178 41 84 86 84
178 352 92 99 99
412 424 37 79 52
412 387 94 95 94
412 328 32 53 52
412 331 76 84 83
278 437 52 53 53
278 12 65 95 79
3 335 60 73 73
3 205 46 79 58
3 327 91 93 93
3 320 40 49 45
3 380 37 55 50
335 258 46 67 56
335 227 71 81 79
327 347 33 63 51
327 215 45 71 70
320 136 18 47 46
380 94 90 96 94
4 345 55 61 55
4 16 95 98 98
4 425 66 83 76
4 268 56 68 66
345 254 27 81 39
345 140 61 84 66
345 38 81 85 81
345 443 56 72 61
16 6 15 61 53
16 388 54 68 57
16 365 56 97 76
16 23 69 98 73
425 203 30 66 32
425 167 76 80 77
425 380 81 98 96
268 321 84 96 85
268 210 94 96 94
268 176 75 86 84
268 188 66 82 71
5 164 83 98 96
164 74 50 57 56
164 77 47 100 48
164 205 15 100 16
6 425 21 97 83
7 167 42 49 42
7 435 86 92 86
7 176 16 79 49
7 388 85 91 87
167 127 37 53 51
435 106 60 91 71
435 280 66 84 66
176 90 49 70 58
176 147 79 92 84
388 22 69 98 88
388 261 71 72 72
9 365 42 47 43
9 362 21 26 25
9 331 68 94 76
365 262 41 83 46
362 192 48 78 77
331 113 18 32 24
10 371 31 57 45
10 436 55 58 57
371 269 70 98 92
371 244 55 99 67
436 225 20 89 67
436 129 44 63 62
436 211 94 95 94
11 53 92 98 96
11 256 38 96 60
53 414 35 84 56
256 84 66 95 81
256 11 74 82 82
256 251 79 96 96
256 266 87 91 91
256 135 15 87 38
256 185 52 100 62
12 95 72 76 73
12 101 12 74 28
12 132 23 50 42
95 123 29 76 51
95 119 12 66 45
95 388 33 44 37
101 66 22 93 76
101 398 72 94 74
132 349 49 81 65
132 169 37 99 95
132 119 80 97 94
132 352 25 90 77
13 305 82 100 94
13 78 30 41 34
13 425 21 51 49
305 354 28 97 83
305 58 21 33 33
305 365 68 93 83
305 397 43 75 60
305 424 95 100 96
305 256 84 87 87
78 68 20 76 65
78 434 12 79 78
14 45 73 99 96
14 449 92 94 93
45 221 15 86 58
45 204 39 65 59
449 432 63 81 80
449 376 74 86 85
15 421 15 24 18
15 57 81 95 92
15 192 26 72 34
15 221 53 55 55
421 357 71 98 97
421 98 49 56 52
421 130 56 77 72
57 129 68 84 76
57 99 39 61 47
57 250 33 93 53
192 126 48 55 53
192 415 11 12 12
221 87 68 82 72
221 108 38 69 43
221 288 77 87 84
23 94 29 70 34
23 61 26 97 53
17 315 25 75 71
17 344 52 82 68
315 386 34 71 36
315 437 67 74 70
344 96 40 82 80
344 200 80 88 86
344 329 67 72 67
344 223 68 72 70
344 97 10 97 43
18 161 80 90 80
18 320 68 94 85
18 6 17 74 71
161 378 54 71 54
161 320 58 77 66
161 343 30 55 33
161 339 65 72 65
19 194 61 70 67
19 311 11 62 50
194 56 74 84 77
194 49 77 89 88
194 281 80 82 80
194 302 16 79 76
311 304 94 96 94
311 369 51 84 59
20 303 77 81 79
20 64 64 94 80
20 275 92 95 95
303 197 48 72 70
303 12 33 83 34
303 144 45 99 75
64 62 92 96 92
64 314 13 46 40
64 161 38 71 60
275 176 34 90 80
275 338 52 92 65
275 31 36 49 39
275 344 47 82 54
22 452 41 52 47
22 143 61 70 62
22 329 37 74 51
452 238 18 81 22
143 338 51 97 95
143 157 55 74 66
329 442 24 62 30
329 452 32 35 33
329 294 25 88 61
329 115 95 100 98
329 148 90 100 95
329 351 78 84 83
94 85 65 68 65
94 423 36 93 80
61 300 62 95 90
61 380 11 54 53
61 361 81 94 86
24 57 27 90 69
24 127 43 80 44
24 136 18 85 35
127 165 66 80 76
127 151 49 75 61
127 179 34 69 65
127 292 19 77 62
127 157 13 31 21
136 404 81 90 90
136 49 89 93 90
25 301 47 67 61
25 252 61 78 74
25 413 45 70 53
252 191 11 58 45
252 264 92 96 93
252 17 92 95 93
252 81 78 79 78
252 175 32 85 54
255 29 15 52 26
27 317 20 56 50
27 340 23 54 24
27 370 30 47 42
317 346 21 45 36
317 262 84 96 87
317 227 95 99 95
340 32 68 81 81
340 410 32 85 40
340 401 64 86 65
370 192 47 63 62
28 95 19 55 48
29 365 25 73 27
30 360 77 81 78
30 70 68 88 74
360 173 58 89 75
360 354 88 92 92
360 259 86 87 87
360 64 83 84 84
70 59 44 64 48
70 225 44 46 44
31 445 57 90 89
31 370 19 25 23
31 162 25 52 39
31 25 10 53 20
445 440 72 94 74
445 221 19 86 83
445 203 51 81 72
445 36 61 86 85
445 378 75 82 82
445 97 35 78 52
445 300 25 32 30
445 86 65 74 67
162 60 47 78 70
162 252 26 90 42
162 354 77 81 79
32 113 62 70 62
32 311 11 39 31
113 300 42 49 47
113 361 45 55 48
113 437 52 98 86
113 227 37 81 41
113 127 82 95 91
33 59 92 96 92
59 124 68 78 71
59 238 65 85 76
59 185 47 68 59
34 144 74 75 75
144 66 36 59 55
35 216 10 49 20
35 309 13 72 14
35 221 31 55 52
35 157 45 51 46
216 257 68 80 72
216 388 16 23 20
216 324 86 97 86
216 353 55 75 69
216 205 71 94 71
216 292 75 96 81
216 281 37 47 40
157 391 49 64 61
157 325 45 50 48
36 261 24 43 30
261 273 91 94 93
261 272 49 72 72
37 302 14 92 14
302 205 69 88 82
302 76 46 92 81
302 91 55 64 58
302 203 70 83 72
302 148 40 91 83
302 114 12 85 12
38 17 46 69 51
38 71 93 100 96
38 289 28 44 38
38 206 93 99 94
38 57 55 91 71
38 353 28 98 56
71 230 95 97 97
71 326 69 89 87
71 374 49 84 63
289 58 39 74 65
289 111 39 94 56
206 141 60 91 81
206 5 84 92 91
353 170 35 75 38
353 314 66 92 71
39 112 72 76 72
39 334 39 49 45
39 256 69 93 75
39 426 87 96 90
39 343 26 29 28
112 431 78 93 82
112 450 91 94 94
334 257 76 100 99
426 76 42 93 61
426 270 22 78 45
426 340 87 89 88
343 334 60 65 62
343 146 15 37 26
40 126 18 20 19
40 417 77 80 77
40 355 47 87 53
126 41 70 90 72
126 211 47 86 84
417 225 62 80 80
417 91 85 95 88
355 344 70 75 73
355 64 93 94 93
41 245 11 56 47
41 323 75 82 81
245 233 72 75 73
323 428 56 98 88
323 193 39 85 45
323 270 50 55 55
42 351 51 76 68
42 33 35 96 78
351 353 58 71 59
351 273 81 85 85
43 361 75 97 95
43 15 71 79 73
361 49 24 96 73
361 420 39 41 41
361 65 58 84 82
44 421 31 75 39
44 329 60 77 75
44 55 41 84 76
55 101 10 39 20
55 313 38 52 50
55 92 38 67 53
55 444 43 82 48
204 23 52 65 63
204 275 66 96 66
46 18 36 48 38
47 204 54 69 61
47 425 26 95 85
48 65 65 94 80
48 393 83 96 89
48 274 41 55 55
65 144 91 96 91
393 379 62 86 67
274 230 79 94 79
274 98 10 14 12
49 274 56 65 56
49 63 67 95 77
49 366 70 91 89
49 296 63 98 97
49 411 40 64 42
49 4 72 79 76
63 423 21 93 78
63 29 75 88 81
63 322 92 97 94
63 389 18 83 35
366 96 33 56 43
296 47 18 75 62
411 392 58 81 76
411 253 66 71 71
411 383 36 83 80
411 97 19 87 22
411 46 63 76 73
411 131 50 61 60
50 94 10 35 10
50 74 10 65 18
74 239 10 28 27
51 440 19 41 24
440 270 40 67 61
440 178 44 79 63
52 112 54 72 55
52 339 63 74 70
52 168 88 91 91
168 188 20 80 57
168 222 15 38 34
414 231 62 92 65
54 368 62 63 63
54 160 57 95 94
368 199 75 86 79
368 33 11 60 20
368 186 77 78 77
160 65 41 93 45
160 202 20 55 43
160 242 88 98 95
160 378 46 63 53
160 172 65 73 65
160 341 61 90 74
313 309 49 100 90
313 435 81 95 85
92 355 16 61 41
444 232 82 85 82
444 299 23 72 43
444 346 52 93 81
444 42 39 67 53
56 362 83 98 98
56 197 50 51 51
56 351 44 72 47
56 437 54 70 63
56 191 76 81 78
56 334 93 97 94
197 41 47 63 48
197 207 75 97 95
437 208 88 99 89
437 439 30 34 31
437 369 16 26 17
437 441 39 96 60
437 438 57 61 58
437 102 91 94 93
191 172 34 79 53
191 319 65 69 66
191 231 63 68 66
129 439 61 73 73
99 233 57 96 73
99 434 72 94 74
99 147 50 52 50
99 349 14 70 44
250 122 74 86 84
58 339 61 80 61
58 187 11 74 31
187 196 40 48 43
124 138 10 49 20
124 72 16 17 17
238 273 59 63 60
238 377 76 100 91
238 252 31 73 63
185 450 81 94 83
60 173 11 30 18
173 219 52 59 56
173 277 18 44 32
173 388 48 75 62
300 425 43 66 63
300 360 34 39 35
62 402 82 88 88
62 300 79 94 81
62 304 68 72 69
62 373 30 39 38
62 167 89 92 90
402 123 87 94 88
402 343 74 80 75
373 242 92 99 96
373 51 50 99 67
373 270 16 18 18
423 443 12 23 23
423 337 16 78 47
423 245 46 85 61
322 388 81 94 82
322 149 30 72 38
389 397 74 83 76
389 60 17 46 17
314 325 82 87 82
314 323 31 93 55
314 118 13 42 23
314 21 61 92 61
66 23 31 58 49
66 399 51 70 58
66 54 65 84 84
66 284 16 47 32
399 15 25 39 30
399 200 58 79 69
399 363 63 91 84
399 400 13 61 26
284 190 19 28 20
284 71 66 79 76
284 405 74 87 76
284 350 14 96 75
284 213 88 98 89
67 342 26 83 49
67 261 44 89 58
67 435 29 60 32
67 149 40 55 50
342 441 48 53 50
149 438 83 98 97
149 394 22 75 59
68 343 85 91 87
225 358 36 52 47
225 408 22 58 35
230 19 16 76 24
230 103 45 90 68
326 377 78 81 80
326 363 46 59 52
326 8 31 37 37
374 279 10 68 66
374 47 13 71 20
374 320 23 71 57
72 429 58 69 66
429 355 17 74 40
429 433 90 92 91
73 219 35 83 66
73 369 89 91 90
219 210 17 27 24
369 320 31 43 35
239 230 88 90 88
239 386 62 79 77
75 253 88 97 92
75 346 14 32 19
253 300 81 83 83
253 9 40 43 42
346 207 82 85 85
346 119 17 95 21
76 133 21 72 45
133 54 74 84 84
133 97 52 75 64
133 148 35 67 52
77 140 64 72 69
77 212 24 49 28
77 44 68 83 75
140 349 29 59 38
212 329 26 29 29
434 333 16 76 40
434 116 75 96 78
434 144 65 100 91
79 93 11 82 35
79 399 69 100 88
93 151 35 53 46
93 122 63 72 65
80 319 48 69 57
80 107 39 68 67
80 213 64 89 65
80 28 15 46 24
80 224 13 48 46
319 14 11 81 24
319 47 20 80 37
107 275 32 33 33
107 17 49 79 79
107 61 94 96 96
107 359 21 76 31
107 380 45 97 51
213 8 25 50 36
213 400 17 76 42
213 237 61 70 62
224 87 19 58 54
224 173 10 58 45
224 344 49 51 50
224 154 29 85 62
224 452 15 19 18
82 326 51 57 56
82 398 26 52 48
82 377 30 68 30
398 266 49 58 56
398 257 30 77 42
377 191 80 95 95
377 39 91 94 93
83 128 89 100 97
83 138 61 94 76
128 44 80 98 90
138 429 82 84 83
138 74 77 78 77
138 129 76 92 89
84 298 17 26 17
84 389 50 97 73
84 159 33 38 34
84 158 32 49 38
298 106 68 99 97
298 51 23 47 23
298 340 84 86 84
298 17 24 47 44
298 443 21 64 50
298 335 29 86 47
159 58 72 90 76
158 25 49 73 62
85 31 51 70 65
86 136 50 92 63
88 60 77 90 80
88 199 18 34 33
88 144 76 85 85
88 9 57 67 58
199 171 94 95 95
199 448 23 35 25
89 231 26 40 32
89 22 70 92 78
89 299 43 44 44
89 354 55 92 82
89 191 53 79 78
231 6 88 100 91
231 406 29 84 81
299 32 89 97 95
90 452 77 98 78
90 330 62 75 62
90 12 40 50 48
90 131 86 97 95
90 436 22 95 44
330 27 42 80 72
330 55 93 95 94
131 9 43 94 65
131 435 90 93 90
131 129 24 61 45
91 8 57 84 67
91 184 15 81 38
91 388 10 89 20
184 382 90 95 93
184 159 45 100 74
184 370 33 36 33
184 40 62 63 63
184 439 56 99 93
151 5 60 63 60
151 133 86 89 87
151 433 48 91 52
151 212 83 88 88
151 185 41 44 42
122 186 51 98 79
122 229 63 85 76
119 374 57 73 73
119 367 82 91 86
119 22 59 63 63
119 371 45 60 48
119 444 83 92 88
96 18 65 85 85
96 92 65 95 67
96 252 35 89 57
97 391 72 85 81
97 441 11 45 44
391 447 78 85 85
391 196 48 59 58
391 351 30 46 45
98 165 40 55 52
98 270 59 75 67
98 310 68 77 70
165 183 58 97 85
165 23 74 76 76
165 279 44 74 63
165 386 26 83 65
165 349 15 62 36
270 179 80 91 84
270 1 36 92 43
270 44 82 91 86
270 109 92 94 92
270 287 78 87 84
310 194 27 51 47
233 420 17 75 63
233 51 85 96 91
147 61 78 99 78
147 276 24 75 64
147 42 13 89 69
349 337 71 72 71
100 9 78 94 88
100 184 30 77 32
103 257 93 98 97
104 1 33 46 45
104 397 40 69 63
104 205 17 51 17
104 432 29 50 42
104 92 34 55 53
397 267 17 50 23
397 174 57 67 64
432 75 67 94 84
432 387 44 73 51
105 311 43 83 71
106 393 11 12 11
106 214 42 60 44
359 53 25 99 64
359 46 85 89 88
108 19 57 63 63
110 92 24 86 73
111 167 55 86 72
111 369 64 88 75
431 439 51 56 52
450 157 62 75 68
450 163 33 95 38
227 432 11 60 16
114 15 55 79 76
114 362 14 33 24
115 41 19 37 20
115 236 63 78 77
116 59 13 37 26
116 363 53 89 85
116 206 67 70 67
363 225 60 94 93
363 79 51 52 51
363 49 89 98 93
118 51 91 93 92
118 48 70 83 83
118 61 37 68 57
118 151 47 65 48
118 24 81 98 83
367 44 55 70 57
367 194 38 61 48
367 107 62 67 66
367 149 23 44 37
120 80 55 58 56
120 18 49 59 53
120 433 65 84 67
433 60 93 97 97
433 50 43 48 46
121 113 14 94 28
121 79 90 97 92
121 353 32 59 52
121 160 11 93 25
186 125 10 31 18
186 273 93 97 93
229 423 76 91 80
211 37 70 87 80
211 347 52 60 56
179 444 55 72 64
179 449 71 76 72
292 256 17 85 62
439 107 58 91 59
439 281 88 89 88
439 60 40 51 47
439 183 11 88 51
130 317 69 93 77
130 87 80 93 93
169 174 46 51 47
169 107 13 89 86
352 151 35 65 51
352 72 87 98 94
352 447 80 98 84
148 281 63 82 82
134 452 23 48 38
134 71 44 95 61
134 216 82 97 97
137 22 36 48 37
137 60 27 63 34
139 19 37 88 42
141 406 76 80 78
141 443 66 86 83
141 91 23 49 46
406 383 66 88 76
443 127 58 97 65
443 77 41 87 55
443 347 14 76 61
142 215 48 100 72
142 154 26 83 27
142 430 77 92 91
215 437 78 86 79
215 342 79 92 88
215 171 83 86 85
215 68 25 73 54
215 314 25 33 32
154 29 45 90 49
430 357 25 96 75
338 403 43 100 50
338 109 66 93 77
338 313 72 73 73
145 96 25 51 26
145 16 55 77 75
145 362 54 68 61
146 164 34 61 34
146 8 63 83 78
146 154 85 95 85
281 125 89 95 95
438 355 18 27 20
394 79 95 97 96
394 296 49 94 87
150 424 69 82 75
150 1 49 56 54
150 216 15 83 59
424 257 24 84 29
152 405 74 98 75
152 445 62 96 88
405 36 44 52 49
153 65 62 93 93
153 146 37 79 42
155 197 79 98 93
155 163 65 80 73
155 41 95 100 97
155 166 56 62 56
155 314 32 99 45
155 188 88 89 88
163 419 90 98 98
163 11 81 92 84
163 268 88 99 89
166 221 63 91 89
166 133 21 70 43
188 172 86 98 89
188 106 62 85 71
188 71 62 88 66
188 209 37 69 46
188 358 94 98 95
156 323 11 55 19
156 67 94 100 95
325 97 21 39 37
325 343 90 98 92
325 67 54 58 55
202 376 10 98 86
202 264 79 99 79
202 260 38 81 69
202 314 60 82 70
242 164 86 97 96
242 98 34 74 72
242 209 16 100 93
378 193 70 81 79
378 161 73 75 73
378 83 34 85 57
172 108 68 94 73
341 333 76 90 88
341 401 67 73 69
341 16 78 87 81
341 197 77 95 83
341 360 14 67 42
341 70 95 100 98
419 103 89 98 92
419 272 92 98 97
183 450 95 96 95
279 443 90 91 91
279 112 81 92 87
279 83 41 97 47
279 150 83 96 84
386 297 84 96 87
386 307 61 73 66
386 211 33 71 34
386 3 91 95 93
386 174 10 42 14
386 189 50 85 66
170 299 78 89 86
170 387 54 95 58
387 307 83 96 83
387 284 58 72 58
171 5 58 60 59
171 74 76 92 80
171 55 63 65 63
171 396 32 91 77
396 181 24 91 47
277 4 29 90 83
175 99 80 92 84
175 450 92 95 95
175 379 57 94 93
379 281 41 79 52
379 316 12 19 17
379 92 68 92 72
177 144 43 48 43
180 212 19 59 44
180 298 33 71 40
180 52 49 74 54
181 401 53 81 63
181 437 33 78 46
181 345 49 73 49
181 247 48 54 52
401 150 93 100 96
247 116 18 29 23
247 399 26 89 60
182 39 66 69 69
182 7 70 97 77
273 81 39 69 39
273 33 71 92 87
273 146 65 70 65
273 198 25 70 48
273 151 76 87 79
196 340 85 87 87
196 299 35 59 45
196 295 73 85 78
196 65 78 84 84
209 31 62 76 65
358 77 86 94 89
358 423 92 99 98
189 290 15 92 75
290 385 30 40 36
290 232 68 98 77
290 305 84 98 85
290 171 18 26 20
190 260 50 66 53
190 127 12 38 26
260 433 75 80 79
260 32 17 40 27
415 319 71 96 72
415 169 79 87 83
193 80 35 49 46
193 14 12 66 58
195 379 77 94 94
195 157 60 64 60
295 55 87 90 89
295 219 54 96 59
295 192 93 95 94
295 91 40 87 69
295 300 92 99 92
207 220 27 97 87
207 43 40 50 41
207 253 20 84 48
198 231 20 80 60
198 191 50 58 57
448 125 73 82 78
448 251 49 65 58
448 290 14 29 27
448 274 56 98 70
448 12 71 100 97
448 176 53 72 55
200 82 19 98 53
201 230 47 75 55
201 190 26 41 32
201 161 73 83 82
201 395 43 83 65
395 197 10 89 36
376 31 78 83 82
203 422 61 98 65
203 343 58 89 59
422 74 27 40 32
422 218 11 14 13
422 186 84 85 85
422 201 47 70 69
220 200 52 54 54
220 124 35 96 88
220 273 36 78 64
208 237 66 70 69
208 203 19 67 45
208 43 45 93 71
208 202 63 91 86
237 95 41 59 44
237 77 32 66 51
237 4 84 91 87
237 196 45 92 50
210 303 74 95 76
347 194 65 89 89
347 90 28 78 53
347 199 31 94 36
400 120 86 90 87
400 428 92 97 94
400 286 16 34 28
400 257 87 88 87
217 383 72 95 81
217 62 33 84 33
217 419 81 87 84
217 60 56 75 64
383 229 80 83 83
218 134 38 92 41
288 91 37 59 37
223 128 41 99 43
223 135 13 84 65
223 452 41 100 78
408 18 37 74 67
408 376 54 81 76
226 99 34 46 45
226 119 88 92 91
226 234 80 93 91
226 241 16 45 24
234 281 64 69 66
234 53 78 80 79
241 426 34 54 37
241 244 22 52 40
241 264 91 100 93
241 19 43 51 49
241 260 88 94 94
241 69 66 77 69
228 216 14 82 69
228 152 60 78 75
228 257 80 89 85
228 18 15 100 90
228 332 15 58 50
332 398 81 98 86
332 56 68 89 78
332 220 83 95 89
232 339 80 85 82
420 337 13 39 35
420 137 87 92 90
420 291 88 96 96
235 195 59 86 61
235 48 50 61 57
240 150 11 92 81
240 170 34 52 41
240 25 70 91 78
244 137 55 73 64
243 257 94 99 98
243 101 32 46 41
246 333 57 90 77
246 168 67 98 86
333 385 28 66 44
333 29 49 80 53
248 195 68 71 68
248 424 34 88 44
249 366 62 70 63
249 409 46 89 51
249 18 55 65 64
249 129 17 63 18
249 304 41 70 49
409 355 46 56 53
251 136 93 97 95
266 211 17 92 67
266 40 29 95 55
266 355 36 87 66
258 216 49 55 52
258 367 88 93 93
258 13 38 50 41
259 98 90 97 90
259 179 16 29 23
259 157 41 55 55
259 321 52 78 61
259 423 82 91 87
272 135 28 76 56
272 25 26 85 53
262 11 25 94 62
262 154 69 100 98
262 5 32 60 42
263 160 75 85 80
263 9 45 55 52
263 390 39 91 43
390 413 13 90 41
390 42 14 77 73
390 80 53 72 67
265 238 25 53 27
265 400 66 78 72
265 342 32 39 37
267 302 45 80 67
267 392 83 93 83
267 444 32 41 38
392 387 11 65 44
392 155 45 98 74
269 202 19 83 72
269 331 46 57 46
287 19 90 96 93
287 43 30 85 76
287 51 41 93 60
271 277 27 60 43
271 293 67 85 75
271 18 51 91 54
293 426 40 49 48
293 224 69 96 92
293 168 53 86 57
293 259 69 97 95
280 424 62 63 63
280 80 40 52 50
282 13 59 64 64
283 394 76 95 85
283 422 50 78 60
283 231 23 46 42
283 247 17 54 46
350 227 50 63 55
350 378 43 72 52
350 119 73 75 75
350 157 62 64 64
350 80 81 95 83
350 176 89 92 90
350 445 68 98 95
285 272 81 95 92
286 196 31 79 75
286 166 71 77 75
385 73 51 68 51
385 128 72 76 72
291 175 62 71 69
291 366 91 99 94
291 299 85 89 85
291 337 56 88 61
337 395 86 87 87
297 151 89 91 90
297 305 42 79 70
306 98 84 98 92
306 257 39 71 71
306 34 76 91 76
306 58 59 99 85
307 367 27 39 34
307 134 84 99 88
307 417 87 94 92
307 183 71 76 71
308 307 39 71 53
312 228 79 92 91
312 49 40 100 99
312 328 48 60 55
312 318 42 69 62
328 262 25 46 34
328 105 76 88 84
328 444 58 86 69
318 284 62 64 64
316 161 26 52 34
316 333 84 85 85
316 289 16 39 34
428 145 41 57 51
428 394 92 98 93
442 287 75 79 75
442 239 77 81 79
442 0 42 72 50
442 381 74 81 80
442 16 15 73 36
336 325 40 64 60
336 69 73 91 80
403 32 91 94 93
403 260 21 47 44
410 248 28 56 38
410 88 24 95 29
410 105 54 79 63
348 312 53 74 53
447 25 22 54 25
356 35 63 87 65
356 90 83 88 88
356 184 28 78 33
357 278 40 53 43
357 388 34 77 64
357 91 68 98 87
364 143 70 82 80
364 212 86 90 89
364 11 24 94 91
372 4 71 97 80
372 144 14 70 44
372 434 27 91 30
381 25 94 100 99
381 407 51 82 69
381 210 88 90 90
381 321 38 57 50
407 214 91 98 95
407 71 48 69 49
407 24 55 88 78
407 128 38 64 46
384 157 43 55 50
384 340 45 67 45
384 17 79 90 82
384 220 32 48 48
384 51 23 54 26
416 171 56 83 73
416 89 87 95 89
416 148 90 96 95
418 353 84 98 90
418 59 70 94 78
427 166 53 76 70
427 319 27 40 33
446 190 72 95 75
446 316 39 40 40
451 150 26 43 37
451 144 95 96 96
451 355 77 91 86
0 452
