73 172
0 4 65 95 77
0 37 26 39 39
0 38 82 93 90
0 52 24 55 39
0 68 21 98 55
4 25 21 94 51
4 53 75 77 77
4 61 60 85 66
4 18 94 95 94
4 24 94 97 97
4 66 36 76 37
4 12 34 53 45
37 20 39 100 50
38 24 48 95 50
38 40 21 75 72
38 49 79 100 99
38 10 59 78 74
38 66 75 95 82
52 57 40 93 62
68 63 61 93 76
68 7 60 96 62
68 50 76 94 87
68 61 13 76 72
1 42 55 98 56
1 11 12 74 16
1 8 21 32 22
1 38 56 67 64
42 29 38 98 52
42 61 44 59 45
42 13 66 99 76
42 31 81 97 91
11 63 33 73 35
11 57 91 98 97
11 5 16 40 22
11 1 84 88 85
8 24 66 95 67
8 39 47 52 52
2 34 34 68 53
34 68 51 79 55
34 45 94 95 94
3 2 43 57 51
3 67 61 74 69
3 57 14 80 61
3 30 26 88 60
3 26 23 29 27
67 18 72 97 96
67 14 50 53 52
57 39 53 70 59
57 67 18 73 22
30 70 64 90 65
30 12 21 51 39
25 3 93 99 96
53 54 31 69 35
61 44 89 97 97
61 37 37 39 39
61 4 30 34 34
18 14 91 97 91
24 3 63 68 65
24 19 24 86 55
24 57 64 66 64
66 47 70 98 84
66 59 35 68 45
66 52 63 64 64
66 41 29 64 38
5 21 53 90 54
5 39 77 97 82
39 26 71 75 75
6 72 50 73 55
72 23 34 52 41
72 8 76 79 77
72 62 36 64 48
7 37 39 49 47
9 35 19 66 48
9 42 91 92 92
10 27 24 94 36
10 53 55 100 67
27 15 68 69 68
27 60 72 83 79
63 72 19 87 75
13 30 20 77 32
13 20 83 86 84
20 1 25 30 28
15 62 12 90 59
15 13 94 96 94
15 52 12 16 16
62 34 60 88 65
62 14 11 79 42
62 32 60 84 70
16 26 85 92 92
17 55 85 86 86
55 16 75 82 76
55 3 31 50 31
55 1 43 59 58
55 20 77 95 88
55 56 13 87 86
19 49 21 85 63
19 58 25 85 61
19 27 75 83 81
49 66 77 85 83
49 22 35 88 37
49 51 14 20 17
58 27 72 74 74
22 48 37 72 65
22 38 52 69 54
48 52 32 86 83
48 40 80 99 80
48 60 78 93 79
48 46 57 61 61
23 1 17 26 19
60 58 84 86 85
60 72 80 81 81
28 35 74 76 74
28 55 58 86 62
29 39 52 54 53
70 13 45 89 56
70 0 69 99 77
70 30 91 94 93
31 53 20 39 27
31 37 48 84 69
31 0 58 84 72
31 23 75 89 78
32 15 87 91 89
32 30 11 91 48
33 70 32 93 57
45 68 64 70 67
45 20 11 90 60
36 17 47 53 50
36 34 58 71 66
36 41 76 86 81
36 21 27 79 74
36 3 66 81 79
36 26 85 86 85
41 18 45 85 55
41 63 59 73 63
41 55 69 76 76
40 7 21 36 25
40 43 93 95 95
40 25 58 72 71
40 16 79 92 80
43 62 38 55 40
43 36 36 85 39
43 66 71 92 82
44 49 17 89 59
44 9 18 52 24
44 24 25 100 59
44 65 81 89 81
65 11 62 88 79
46 53 59 86 63
47 56 79 88 79
56 66 61 84 84
51 38 49 95 54
50 49 73 76 73
50 12 36 56 54
54 31 85 100 95
54 6 92 95 94
54 66 45 83 48
54 53 82 100 87
59 34 46 97 72
59 68 57 96 57
59 26 83 100 84
59 1 91 94 94
59 8 10 60 20
59 9 18 65 56
64 5 43 54 44
64 24 55 78 73
64 35 35 50 38
64 15 40 43 42
69 30 76 95 89
69 5 87 97 90
71 14 81 96 85
71 27 67 87 79
71 59 47 64 53
0 72
