81 244
0 2 16 18 18
0 21 90 93 91
0 7 65 84 80
0 40 37 86 40
2 52 77 95 89
2 76 92 99 95
2 12 77 81 78
21 69 55 79 56
7 75 60 85 84
7 23 35 46 38
7 44 77 95 85
7 38 52 91 79
7 41 64 88 73
40 66 87 95 93
40 15 93 96 93
40 32 60 100 68
1 12 89 96 90
1 69 20 69 35
12 6 86 90 87
52 80 62 97 90
52 38 29 91 73
52 3 85 87 85
52 15 85 98 90
52 65 28 40 37
52 68 87 99 94
76 2 34 78 75
76 44 67 98 81
3 43 47 70 70
3 73 61 85 72
3 11 21 51 34
3 44 16 42 32
43 49 19 91 61
43 66 15 32 20
43 47 13 38 30
43 29 48 50 50
73 30 23 54 26
73 18 76 95 79
73 80 30 76 75
11 22 51 81 57
11 48 47 87 81
44 32 67 89 75
44 68 85 88 88
5 48 66 79 68
5 55 95 100 100
5 53 68 97 80
48 30 15 65 15
48 59 80 94 89
55 18 65 89 76
55 20 73 90 78
55 50 64 75 66
55 43 36 55 38
53 61 51 99 97
53 2 20 46 28
53 15 19 69 31
75 7 31 83 47
75 42 36 47 46
23 46 38 89 66
23 31 56 78 64
23 66 48 95 67
23 11 70 80 76
38 11 88 97 97
38 3 31 36 33
38 57 25 31 30
38 76 76 87 85
38 21 35 100 43
41 46 54 88 69
41 6 32 68 61
41 3 81 86 83
41 26 57 96 94
8 30 55 63 63
30 42 11 68 66
9 55 82 96 82
9 67 61 87 84
9 14 67 74 74
9 17 54 65 57
67 52 20 67 35
67 25 57 69 67
67 28 45 60 45
67 44 41 82 81
14 34 77 82 77
14 79 20 92 22
10 51 19 24 19
10 60 72 94 85
51 50 77 93 88
51 54 67 69 67
51 14 22 25 23
51 7 39 70 56
60 1 61 71 71
60 24 20 86 75
60 9 17 65 19
60 33 63 82 68
13 55 66 88 83
13 54 90 92 91
54 6 43 86 62
34 8 82 89 83
34 44 89 97 92
34 11 73 94 92
34 27 92 93 93
34 28 65 100 89
34 48 75 79 79
79 33 24 95 26
79 30 21 65 24
79 6 39 93 89
79 69 37 49 49
79 21 94 98 98
15 5 12 43 39
15 46 50 87 64
15 19 76 83 77
46 33 80 100 86
46 3 91 92 92
46 31 14 84 62
19 6 55 79 69
16 53 46 88 68
16 20 91 95 93
16 21 18 48 37
18 38 91 92 92
18 16 70 98 92
18 52 69 84 79
18 7 21 37 36
18 63 14 93 24
63 46 85 100 92
63 68 10 50 21
63 70 82 85 85
63 67 92 98 92
63 62 10 92 27
31 25 35 44 41
31 72 22 66 52
31 23 26 80 63
66 20 47 75 67
66 2 10 70 37
66 36 32 36 35
66 64 75 88 79
66 34 62 89 68
24 58 59 100 63
24 3 39 94 44
24 36 81 86 85
58 39 46 97 94
58 12 72 93 72
58 17 83 100 90
58 60 63 81 80
36 41 42 95 62
36 8 29 38 32
25 56 51 75 67
25 43 24 29 27
56 7 87 91 87
56 8 74 78 74
56 14 56 95 63
56 75 81 87 83
26 10 58 68 66
26 3 17 68 18
26 25 42 86 86
26 1 86 92 91
27 76 27 73 48
27 63 67 78 77
27 11 90 94 94
27 72 26 43 43
72 65 62 84 65
28 65 70 79 70
28 79 41 80 52
28 48 34 49 44
28 72 38 83 60
28 31 46 54 53
65 9 40 96 66
65 79 94 96 95
29 56 92 96 93
29 7 60 78 68
29 4 19 91 73
29 14 43 53 47
29 21 66 77 73
29 50 29 79 69
50 68 93 98 98
42 59 24 46 41
42 22 78 97 82
42 54 78 93 78
32 20 82 92 82
32 23 86 90 90
33 78 90 94 90
33 5 48 63 54
33 54 83 89 87
33 21 18 48 38
33 2 14 21 16
33 44 60 85 67
78 34 64 66 65
78 69 61 78 62
78 44 56 87 64
35 63 85 98 90
35 34 61 82 63
37 49 83 98 94
49 75 30 46 30
49 70 64 92 88
49 22 36 86 44
49 3 56 71 65
57 77 75 80 79
57 4 40 85 52
57 48 50 53 50
57 11 79 99 89
57 15 37 69 42
39 23 40 81 80
39 38 87 96 92
39 59 81 97 85
39 78 94 99 97
39 18 11 63 17
39 46 24 37 26
59 74 46 89 58
59 75 87 89 89
47 58 48 56 50
47 8 19 88 43
47 57 52 88 55
68 19 71 73 73
68 75 24 84 48
45 55 32 96 38
45 54 93 94 94
45 15 27 45 29
45 58 74 96 93
70 76 32 46 37
70 48 16 91 35
80 59 91 95 91
80 70 74 100 98
80 12 18 96 30
61 29 75 77 76
61 20 82 97 96
61 52 29 52 43
77 43 62 82 80
77 59 43 87 75
74 5 64 92 72
74 9 93 97 96
74 30 43 88 53
62 48 39 79 39
62 74 19 42 34
62 70 39 41 40
62 0 59 67 67
62 75 19 44 44
62 5 30 54 32
64 20 54 69 57
64 44 23 58 36
64 47 28 87 73
64 11 34 78 46
64 12 48 100 95
71 46 12 22 14
71 61 65 71 66
71 68 10 62 45
71 67 82 86 86
71 4 90 99 92
71 80 89 98 89
0 80
