85 215
0 66 70 74 71
0 10 34 81 75
0 50 88 90 88
66 32 41 89 67
66 56 58 88 74
10 0 77 84 82
50 3 75 86 85
50 77 27 82 80
1 18 75 85 81
1 15 35 54 50
1 37 60 66 65
1 57 11 87 58
18 7 14 56 22
18 71 57 87 73
15 45 28 92 29
15 16 45 75 64
15 77 10 66 10
15 78 79 81 81
37 74 44 54 44
37 82 38 41 41
2 8 35 99 78
8 66 73 95 81
8 82 88 97 88
3 16 16 45 34
3 51 12 27 18
3 2 78 87 86
3 25 69 83 70
16 12 36 39 38
16 53 92 97 95
51 19 91 99 96
51 34 63 95 66
25 66 30 91 35
25 1 25 34 33
25 12 34 70 47
25 84 66 94 70
4 76 66 86 82
4 8 50 92 78
4 64 86 87 86
4 61 22 69 66
76 42 81 85 83
64 58 79 90 88
64 62 29 82 59
64 32 78 96 79
64 5 88 89 88
61 70 66 93 76
61 6 68 72 70
61 39 44 82 79
61 31 17 36 21
5 42 56 63 63
5 28 59 77 71
5 30 84 87 86
42 20 90 96 92
28 41 55 78 64
28 14 69 75 71
28 30 91 97 94
30 77 49 75 49
30 81 53 82 76
30 22 70 96 87
30 49 32 53 38
30 24 29 50 36
6 49 18 41 21
6 28 64 74 64
6 15 10 15 11
6 66 33 80 67
6 59 59 72 69
49 68 17 97 85
59 73 61 97 85
59 74 57 62 61
59 11 24 72 45
7 11 22 39 25
7 63 79 91 81
7 29 64 77 64
7 43 11 55 20
11 20 58 67 67
11 39 94 98 97
11 15 29 53 38
11 70 11 57 54
63 36 27 92 92
63 32 38 84 59
63 72 20 62 33
29 33 55 96 63
29 31 18 51 29
82 23 81 100 98
82 76 88 100 100
9 33 16 22 21
33 8 47 59 47
33 29 68 69 68
20 3 54 92 87
20 57 27 88 35
39 65 29 52 47
39 54 44 64 63
39 34 26 45 30
39 68 53 78 72
39 26 91 94 94
39 37 81 85 85
70 31 81 92 87
70 81 41 95 50
70 40 10 11 11
70 30 37 95 72
12 28 56 98 57
13 82 70 77 77
13 45 51 67 55
13 33 43 83 80
45 80 86 93 87
45 51 73 88 74
14 83 42 99 89
14 36 57 79 73
14 71 19 71 70
14 26 48 88 73
83 55 39 81 48
83 67 57 65 59
83 7 53 72 62
36 13 28 50 47
36 42 49 81 61
71 37 11 22 12
26 15 61 87 67
77 69 59 80 77
77 46 74 100 76
78 54 52 97 69
78 6 41 73 49
78 67 69 95 76
53 73 77 81 79
53 24 74 98 94
17 43 17 98 34
19 9 40 76 75
19 75 30 96 81
19 42 45 59 49
19 36 34 75 69
19 32 71 76 73
75 14 47 97 54
75 67 61 69 62
32 84 25 51 49
21 1 53 81 66
21 71 92 98 97
21 24 83 97 87
24 76 84 88 88
22 44 59 60 59
22 66 57 97 68
23 26 42 72 53
23 82 69 83 70
23 4 57 97 75
84 82 18 31 29
84 76 57 85 78
84 23 77 96 88
84 7 67 89 86
27 79 83 93 83
27 19 90 95 93
27 62 65 83 80
27 10 22 42 41
27 61 58 97 86
62 69 45 80 73
62 17 54 84 54
41 4 23 50 49
41 45 52 71 66
31 55 57 69 66
81 8 26 84 35
55 14 42 62 43
55 62 24 74 27
55 33 35 44 35
34 21 38 98 63
34 69 57 95 73
69 45 16 50 21
69 36 83 84 83
69 19 21 92 64
69 57 46 51 47
35 21 25 49 36
35 17 62 78 71
35 84 69 95 92
74 61 55 58 56
74 71 37 39 39
38 29 21 44 32
38 60 55 83 70
65 12 48 91 56
65 31 69 86 85
65 55 63 80 66
65 41 27 75 47
65 73 40 89 67
65 52 58 73 72
65 30 52 87 84
54 55 48 94 50
54 34 18 65 41
54 49 93 94 94
68 30 33 37 36
68 19 76 80 77
68 64 29 41 41
68 28 36 100 86
40 5 29 47 30
80 34 12 81 48
80 68 23 45 36
46 56 55 95 84
46 1 34 57 41
46 73 22 78 40
46 51 42 49 45
46 8 36 76 71
56 69 32 86 83
56 28 81 99 82
56 19 88 100 92
73 61 83 86 86
73 82 71 97 94
47 27 13 47 43
48 7 84 99 89
52 64 61 65 63
52 2 15 18 15
52 82 23 60 43
52 81 20 33 33
52 80 38 39 39
58 72 72 84 75
58 20 89 97 91
72 2 13 86 39
72 78 66 80 72
72 65 13 81 76
72 83 94 98 96
72 33 61 91 66
67 27 26 67 46
67 49 23 61 25
0 84
