113 362
0 101 87 99 89
0 95 32 45 33
101 43 62 88 66
101 74 51 56 54
101 71 20 41 38
101 53 16 46 25
95 111 57 78 71
95 6 32 36 34
95 68 89 96 93
1 32 22 70 54
32 65 69 91 82
32 26 44 52 49
32 54 56 98 69
32 60 92 98 95
32 59 16 84 29
2 91 46 82 72
2 102 57 73 61
2 4 85 89 87
2 37 90 94 92
2 26 30 92 82
2 22 27 81 60
2 25 14 51 37
91 89 70 97 89
102 50 45 59 46
102 60 37 50 48
102 75 67 70 70
4 109 86 98 94
4 73 89 93 89
4 8 57 59 59
37 65 59 97 67
37 111 88 92 88
37 86 66 91 73
26 46 53 71 53
26 108 65 69 67
26 107 80 90 84
26 50 15 41 40
25 79 20 87 62
25 101 25 92 87
25 47 76 93 82
25 106 34 41 40
3 97 95 99 97
3 59 85 97 85
97 5 14 37 21
97 12 81 92 91
97 98 18 32 31
97 21 66 84 71
59 28 17 21 19
59 6 41 68 41
59 84 26 58 56
59 74 78 96 93
109 40 52 82 60
109 17 65 90 75
109 41 95 97 95
109 99 45 76 55
109 94 52 74 52
73 10 36 69 44
73 4 91 96 92
73 111 91 94 92
73 45 44 84 61
5 67 50 87 78
5 89 18 35 21
5 39 77 95 80
5 11 19 20 20
5 75 30 46 32
67 23 16 89 37
67 10 81 83 82
89 86 35 73 71
89 3 51 59 52
89 77 74 87 80
39 66 40 95 88
11 71 40 44 40
11 48 74 91 76
75 100 54 78 76
75 44 26 82 77
75 95 69 97 75
75 14 73 85 78
75 92 30 98 90
75 88 16 60 41
75 108 63 94 88
6 57 87 95 87
57 70 22 31 29
57 66 30 78 64
57 108 56 100 70
57 24 35 59 45
7 37 92 100 93
7 60 10 47 29
7 55 74 81 74
7 103 87 100 91
7 1 58 66 63
60 32 84 100 89
60 89 31 43 42
55 42 17 65 21
55 88 87 92 88
55 94 76 93 93
103 97 11 79 66
103 61 73 78 75
103 19 93 96 94
103 102 81 88 84
103 54 79 80 80
103 77 40 75 51
9 49 77 85 81
9 97 17 49 29
9 69 73 98 87
69 111 94 98 97
69 12 58 73 66
10 31 93 96 94
10 108 54 71 55
10 85 37 70 53
31 28 60 89 82
31 29 45 53 53
31 43 70 84 80
31 56 33 90 73
108 94 55 68 66
108 67 53 81 71
108 36 87 95 89
108 14 50 57 53
85 106 73 76 76
85 46 89 94 89
71 88 69 100 84
71 99 44 93 81
71 22 87 92 92
48 97 20 97 40
12 68 17 19 18
12 74 43 90 75
12 30 17 63 17
12 53 78 100 88
12 102 50 66 56
68 38 52 68 68
74 4 88 99 96
74 83 19 65 47
30 40 49 74 65
30 13 54 79 74
30 42 36 80 56
30 8 51 61 54
53 35 53 63 55
13 45 19 44 30
13 7 60 75 72
45 88 71 91 75
45 14 88 94 90
45 65 38 52 43
45 47 27 52 29
45 0 52 54 54
14 80 63 95 89
14 13 66 100 100
14 71 30 80 35
80 33 25 76 59
15 46 58 87 77
15 78 53 69 53
15 102 22 35 32
46 27 39 46 44
46 110 89 98 98
78 22 26 62 26
78 94 47 69 69
16 79 28 76 70
16 85 76 91 82
79 23 34 84 37
79 92 30 36 33
79 4 42 90 64
79 108 86 100 89
17 10 28 100 50
17 37 48 49 49
18 62 48 100 52
18 23 34 67 34
18 19 63 80 73
18 99 82 85 82
18 39 56 59 56
62 16 58 98 81
62 54 63 96 95
62 1 94 95 95
62 98 14 85 77
23 112 30 54 34
23 30 30 34 34
23 48 33 78 43
23 39 89 94 90
23 44 22 74 24
19 108 27 83 42
99 41 25 88 63
99 54 92 94 92
99 4 87 98 89
99 93 39 55 48
20 67 56 98 78
20 65 42 68 61
20 45 78 88 83
20 41 24 65 35
20 99 32 92 90
20 14 11 51 39
20 82 76 91 83
65 105 57 75 65
65 72 56 67 61
65 92 10 56 13
41 22 85 87 87
41 8 20 75 38
82 27 90 100 94
82 0 73 96 91
82 7 39 72 50
21 37 38 93 68
21 54 37 93 60
21 60 59 65 63
54 59 28 50 30
54 74 74 92 84
54 0 58 67 66
54 44 14 97 15
54 60 24 43 26
54 84 86 99 87
54 11 61 95 94
112 47 93 97 97
112 98 43 66 54
112 33 60 84 71
112 63 27 29 28
112 70 39 78 55
44 46 37 47 40
44 66 95 98 96
24 13 92 98 98
24 26 90 96 92
24 74 85 86 85
24 95 76 82 79
47 81 82 99 92
47 111 11 85 20
47 7 22 52 42
106 101 42 43 42
106 81 37 71 55
106 33 58 83 66
106 48 75 97 83
106 111 47 50 50
107 26 71 94 80
107 10 69 86 69
107 65 74 93 80
50 23 29 40 34
50 49 91 96 96
50 89 23 73 39
50 25 36 98 79
27 5 82 95 88
27 38 23 95 47
27 15 73 79 75
27 51 74 96 94
27 24 49 100 71
27 21 81 87 82
27 2 36 40 40
38 106 81 93 92
38 31 93 95 93
51 19 45 52 50
51 102 16 98 52
51 44 42 80 67
51 38 26 65 55
28 42 10 42 37
28 60 38 69 69
28 68 85 89 85
28 74 43 84 52
28 54 39 88 69
28 9 72 88 85
28 53 85 91 89
28 39 40 62 56
28 25 48 60 56
42 50 41 61 57
42 24 80 100 95
42 15 21 42 30
29 56 60 84 80
29 82 88 92 89
56 17 31 48 47
56 79 86 93 87
40 104 23 43 36
40 97 18 56 33
40 77 92 96 94
40 39 83 90 83
40 85 45 91 71
40 89 42 43 43
40 108 84 91 88
43 30 91 99 91
43 31 81 91 81
33 98 12 93 16
33 99 46 87 51
33 20 26 94 56
33 15 28 39 33
33 58 63 90 63
98 66 46 100 72
98 67 43 96 82
98 92 63 68 64
98 76 39 56 45
98 21 63 84 73
58 39 15 85 58
34 73 90 96 91
34 22 67 99 69
34 32 81 98 82
34 74 36 52 39
35 73 11 24 11
35 55 93 96 95
35 34 59 91 88
35 19 54 83 56
36 73 29 38 37
111 72 19 55 51
111 1 36 85 62
86 46 40 75 60
86 15 20 29 22
66 86 65 70 70
66 100 80 84 82
66 74 46 97 76
104 72 66 93 90
88 51 66 88 69
110 93 51 85 57
110 83 46 76 56
110 85 65 92 71
110 10 67 70 70
110 111 67 84 74
81 11 77 78 78
52 107 23 62 31
52 60 10 21 11
52 110 41 95 58
52 23 43 58 54
52 61 21 23 21
84 95 77 80 80
84 77 62 86 76
94 11 14 83 32
94 93 93 96 95
70 11 18 100 21
70 109 73 78 73
70 5 17 82 69
70 66 77 82 78
70 64 83 90 89
70 10 87 98 93
63 82 82 84 83
63 5 68 88 80
63 112 39 81 56
63 29 30 61 39
64 75 39 93 65
64 14 63 69 66
64 8 51 97 53
105 29 53 90 72
105 101 62 73 64
105 92 26 30 27
72 103 92 97 95
72 71 33 35 35
72 87 92 99 93
92 44 10 21 18
92 99 60 90 86
92 53 76 84 84
92 54 88 100 91
92 38 44 78 53
92 48 30 86 39
92 24 53 64 53
92 40 40 69 53
100 112 58 98 81
100 106 48 83 57
100 32 87 100 94
100 79 19 23 19
87 59 80 88 88
83 53 70 100 92
83 16 15 36 25
83 43 10 97 53
83 73 13 40 28
83 78 80 94 87
76 95 56 78 64
90 5 86 92 87
90 53 11 67 45
90 25 23 52 50
93 32 68 85 78
93 110 51 87 67
93 67 18 75 34
93 65 38 56 50
96 51 80 90 85
96 95 35 52 49
96 65 89 92 92
96 22 85 91 85
0 112
