78 248
0 5 42 92 57
0 4 45 50 49
0 33 74 91 77
0 38 60 68 66
5 22 42 60 46
5 66 25 32 29
5 13 54 70 68
4 75 81 95 89
4 1 91 93 93
4 39 25 35 32
4 18 95 97 96
33 70 88 89 88
33 31 79 81 81
33 52 59 83 76
33 20 84 93 93
33 54 70 91 82
33 34 68 77 73
33 69 46 65 59
33 15 72 83 72
38 32 76 96 87
38 76 86 100 98
38 14 38 54 52
1 41 77 88 88
41 77 66 78 68
41 21 38 98 58
41 52 58 68 63
2 18 22 61 45
2 48 17 44 36
18 50 10 25 18
48 57 13 44 15
48 7 14 96 48
3 53 59 69 60
3 46 65 70 68
3 28 20 57 31
3 23 94 95 94
3 38 40 92 55
53 35 58 86 60
53 67 50 87 76
53 11 12 20 17
53 77 93 100 99
53 1 80 97 89
46 41 88 100 100
46 45 75 82 78
46 62 24 29 24
46 11 88 92 92
46 20 43 73 65
28 63 51 94 87
28 45 83 98 84
28 43 68 71 68
23 75 29 64 43
23 28 51 79 63
23 7 21 97 30
23 4 35 61 43
23 46 80 87 81
23 3 70 97 90
75 47 13 33 15
75 12 73 86 83
75 27 60 70 64
39 29 33 71 57
39 8 89 92 90
39 73 13 50 49
22 37 65 97 93
22 23 48 54 53
22 32 48 56 52
22 64 64 82 69
22 48 51 71 52
66 9 16 44 40
66 31 40 67 41
66 29 50 56 55
66 53 70 75 73
66 28 76 82 77
66 49 68 76 70
13 28 80 95 94
13 75 62 79 62
13 68 16 30 29
13 34 14 88 16
13 15 21 45 42
13 55 87 99 93
6 47 22 73 66
7 22 74 84 82
8 16 28 46 45
8 25 70 83 80
8 68 71 98 91
8 2 46 92 58
16 76 47 82 55
16 53 55 57 56
16 15 48 76 49
25 34 21 28 22
25 75 62 69 67
68 19 89 98 92
68 50 86 98 88
68 15 39 46 46
9 77 28 68 66
9 52 39 70 69
9 55 45 53 50
9 41 85 86 85
9 71 86 89 88
77 40 17 32 18
77 9 41 68 51
77 36 74 78 76
77 8 73 97 73
52 0 73 87 82
52 47 58 82 70
52 31 33 41 36
55 15 89 91 90
55 14 95 96 95
55 40 59 77 62
55 53 79 95 94
55 12 63 96 91
71 7 32 98 87
71 41 29 46 42
71 70 40 61 42
71 77 15 100 36
10 57 23 65 51
10 64 73 93 80
10 70 33 65 35
10 38 87 98 90
10 18 44 75 60
57 73 90 96 93
64 47 33 44 34
64 57 93 95 93
11 73 45 81 74
11 21 90 96 92
11 30 26 82 27
73 61 22 74 27
73 66 83 93 85
21 56 86 97 92
21 72 47 86 62
21 32 36 70 50
30 3 32 66 63
30 36 91 97 96
12 37 23 84 82
12 5 82 84 83
12 34 11 21 16
12 23 54 66 65
12 18 74 98 92
12 27 45 46 46
12 71 91 98 92
12 77 72 86 77
37 66 23 86 53
37 54 14 21 19
37 36 10 76 75
37 16 65 94 89
34 16 64 92 81
27 2 85 93 93
27 72 90 95 95
27 48 64 65 64
27 64 65 93 87
27 75 81 100 98
27 53 38 92 54
27 66 93 97 96
27 22 56 60 58
15 41 45 54 48
14 7 63 81 69
14 1 94 98 98
14 37 11 57 12
76 75 68 71 70
17 35 46 83 58
17 48 88 95 91
17 2 55 58 57
17 60 54 72 57
17 29 79 82 81
35 14 88 92 89
35 73 36 53 49
35 36 16 57 57
60 42 73 82 74
60 46 74 78 75
60 24 77 92 79
29 43 45 53 51
29 17 77 84 84
29 74 86 91 90
50 34 52 55 55
50 1 62 67 66
50 26 65 68 66
50 71 15 76 50
19 44 48 79 53
19 32 69 72 70
19 77 81 99 89
19 1 62 89 86
44 0 77 80 78
44 53 36 74 41
44 25 12 26 12
20 58 55 78 55
58 46 24 72 62
56 19 35 49 47
72 50 86 91 90
72 65 19 71 60
24 31 51 89 72
24 11 27 49 39
24 34 37 85 60
31 1 11 64 31
31 76 82 83 83
31 24 87 97 95
31 48 62 63 63
26 0 17 96 58
26 39 81 85 84
63 21 62 86 73
63 38 55 89 75
63 22 50 67 52
63 62 85 87 86
45 76 90 92 92
45 42 16 78 62
45 5 46 94 70
45 49 38 48 40
45 31 39 56 44
43 26 74 100 100
43 40 35 45 36
74 33 54 98 84
74 22 64 93 67
74 6 78 81 81
74 70 49 53 49
36 59 90 97 97
36 65 41 57 45
36 62 11 78 31
36 72 84 86 84
54 75 47 70 58
54 52 44 93 76
54 63 44 97 84
54 40 67 100 78
69 55 34 73 69
69 39 79 98 85
69 41 87 88 88
59 43 18 19 18
65 52 62 66 66
65 63 94 99 97
62 66 75 98 82
62 69 10 16 10
40 33 31 79 70
40 70 23 29 27
40 62 50 77 59
42 27 80 86 82
42 23 85 97 95
42 29 89 99 93
49 6 43 95 93
49 68 12 28 23
49 34 79 85 84
49 72 51 97 75
51 8 86 95 92
51 3 63 71 66
67 12 38 91 83
67 72 31 79 43
67 28 80 82 81
67 53 57 67 64
67 9 27 70 36
61 60 89 96 96
61 40 64 84 72
61 76 46 86 54
61 77 65 84 68
0 77
