292 1080
0 60 92 93 92
0 216 90 92 90
0 182 26 66 42
0 164 71 77 73
60 189 83 84 83
60 107 10 54 52
60 140 51 56 51
216 253 94 97 96
216 117 79 100 95
182 121 38 59 50
182 89 63 75 73
182 217 39 48 43
182 243 14 70 40
182 289 87 94 88
164 173 26 41 41
164 78 59 91 78
164 75 61 77 73
164 144 24 85 39
1 180 80 99 96
1 225 88 89 88
1 23 38 74 44
1 159 82 90 89
180 33 70 77 74
180 193 29 63 61
180 124 41 46 43
180 289 32 34 32
180 283 54 65 54
180 175 85 94 92
225 207 11 59 39
225 265 55 96 56
225 8 18 81 32
225 139 28 91 64
23 132 93 97 96
23 209 79 99 95
159 192 38 54 48
159 1 46 99 69
159 252 30 99 73
159 76 42 83 66
159 239 30 89 47
2 163 65 77 69
2 54 22 59 50
2 46 83 85 84
2 38 38 59 55
2 125 51 89 72
2 145 41 57 48
2 228 93 99 95
2 31 61 86 85
163 66 59 80 67
163 193 72 91 74
54 239 60 72 71
54 61 26 57 52
54 130 61 70 67
54 249 46 69 62
46 73 66 94 85
46 33 86 95 86
46 232 61 69 67
38 47 45 58 49
38 9 80 83 83
38 204 65 84 83
38 141 14 64 42
38 200 36 88 88
38 48 26 62 33
125 89 14 56 56
125 122 24 79 59
125 120 13 93 40
125 100 81 96 91
145 247 65 91 89
145 207 67 81 77
145 51 65 76 76
228 104 88 89 88
228 72 23 70 41
228 256 63 76 71
228 184 33 94 52
31 145 47 91 60
31 70 23 30 29
3 257 19 97 46
3 273 62 87 83
3 129 55 70 58
3 63 40 71 44
3 244 23 96 27
3 270 56 73 65
3 72 92 100 95
3 100 77 91 86
257 121 19 23 21
257 40 91 93 91
257 165 12 69 19
257 202 93 99 93
257 28 60 69 66
257 192 33 78 54
257 188 57 100 57
257 220 13 32 13
273 253 23 56 31
273 234 36 54 43
273 41 41 59 56
129 146 21 45 23
63 73 69 80 79
63 84 75 91 91
63 8 24 95 25
63 18 42 97 58
63 153 88 91 90
244 104 16 52 35
270 60 51 92 64
270 247 71 81 71
270 162 68 94 91
270 20 92 93 93
270 54 63 87 73
270 147 44 67 66
270 135 35 37 36
72 17 31 68 57
72 104 55 74 56
72 217 21 98 25
72 146 87 99 95
72 83 43 58 52
100 68 17 76 54
100 227 42 89 72
100 224 74 77 77
100 159 90 92 90
100 106 53 68 62
100 27 27 42 41
100 162 14 84 33
4 217 20 29 24
4 238 73 95 76
4 109 44 97 83
4 46 77 97 82
217 282 33 84 75
238 106 32 39 36
238 164 44 71 59
238 40 73 75 73
238 35 56 95 62
238 33 18 84 74
238 8 58 74 71
238 263 25 87 55
109 10 29 50 40
109 282 48 67 50
109 213 57 87 83
5 239 17 56 23
5 168 71 72 71
5 195 88 96 95
5 93 62 83 74
239 279 78 96 86
239 189 19 58 52
168 63 29 98 62
168 70 47 61 57
195 90 43 97 97
195 104 88 95 88
93 242 22 68 53
93 248 69 70 70
93 177 28 56 33
93 198 28 30 30
6 176 23 54 39
6 281 11 86 43
6 10 58 87 61
6 73 94 95 95
176 224 45 70 51
176 64 56 72 69
176 234 24 48 47
176 3 26 95 46
10 27 13 41 19
10 112 95 100 96
10 14 14 77 33
73 12 78 85 85
73 266 55 82 60
73 278 65 78 69
8 247 17 92 64
8 196 95 100 96
8 5 65 99 85
8 198 64 70 69
8 2 54 65 64
247 186 10 19 13
196 248 56 68 63
196 231 31 62 62
196 136 91 100 95
196 84 30 92 41
196 256 45 69 49
198 100 36 58 51
198 173 70 87 76
198 99 55 78 77
9 164 58 67 63
9 242 36 58 52
9 258 22 49 36
9 223 56 58 58
242 270 61 67 66
242 126 70 96 86
258 174 32 96 79
258 216 58 92 89
258 291 36 48 40
258 99 47 60 53
258 6 42 82 75
223 240 70 77 74
223 110 66 75 69
27 117 64 82 64
27 160 36 83 78
27 128 94 99 97
27 200 29 69 59
112 82 29 81 38
112 129 46 59 49
112 48 26 74 51
14 275 28 51 30
14 113 80 98 88
11 22 76 96 93
11 135 87 93 89
11 205 57 60 60
22 181 92 99 92
22 207 83 90 87
12 117 57 85 62
12 99 86 98 87
12 105 26 82 30
12 26 83 90 85
12 204 70 87 72
12 202 81 83 83
117 127 89 98 97
117 188 90 96 92
117 271 94 99 98
99 230 14 27 20
99 70 53 63 58
99 245 41 45 44
105 185 47 95 73
105 50 62 69 67
105 190 18 88 64
26 288 68 89 88
26 171 77 88 85
204 202 67 75 67
204 130 92 100 97
204 219 92 94 94
204 263 81 99 88
204 33 89 94 91
204 73 71 86 80
204 90 17 69 55
202 183 49 98 89
202 270 10 25 10
202 276 60 65 65
202 236 52 59 58
202 201 44 76 52
202 120 87 90 87
13 210 67 85 79
13 282 19 68 40
13 258 21 86 65
210 22 15 92 19
210 231 34 71 63
210 41 50 53 53
210 134 36 66 52
282 223 91 99 91
282 46 39 42 40
282 14 78 85 81
275 242 89 93 90
275 81 76 92 92
275 17 37 52 39
275 71 56 60 58
113 241 45 84 75
113 110 59 90 76
113 36 10 85 50
15 31 55 88 76
16 259 76 88 88
16 205 48 83 53
16 53 43 59 43
259 289 63 85 85
259 216 31 54 32
259 147 37 71 44
259 17 66 71 69
53 87 86 99 90
53 196 57 82 81
53 184 82 90 82
53 42 78 94 85
53 231 65 91 87
53 144 65 89 88
53 241 36 61 38
17 183 42 79 79
17 106 16 52 52
17 195 51 64 61
183 264 38 51 49
183 177 90 96 90
183 228 79 85 84
106 195 26 30 29
106 76 77 92 80
106 71 84 99 97
18 235 13 36 22
18 125 73 82 77
18 84 35 71 42
235 124 69 77 71
235 45 52 97 84
235 24 85 98 90
235 115 24 27 27
84 113 70 79 74
19 209 81 95 92
19 218 37 59 41
19 3 43 76 52
19 239 60 79 68
19 258 74 89 75
209 32 51 98 85
218 214 84 100 100
218 287 85 94 94
218 125 41 90 73
218 12 83 89 88
20 272 54 69 68
20 231 92 100 98
20 130 16 35 28
20 267 30 60 30
272 276 92 95 94
231 34 54 98 97
231 90 49 60 53
231 130 52 71 56
130 26 82 94 90
130 101 43 73 67
130 208 65 97 77
130 7 18 93 54
267 224 82 93 83
267 158 15 31 21
21 279 20 22 21
21 217 90 98 93
21 26 51 98 73
21 147 50 96 74
279 223 17 76 45
279 74 74 79 74
147 201 77 92 89
147 8 79 98 84
181 209 20 81 43
181 72 26 62 34
207 72 46 56 52
207 113 40 82 63
207 6 13 38 15
132 175 60 85 79
132 277 26 51 42
24 90 57 70 60
24 220 38 43 40
24 174 65 70 67
24 93 42 95 62
90 240 46 60 53
90 200 17 89 66
90 105 72 85 83
90 96 65 72 69
220 216 66 87 81
220 288 59 72 62
174 106 76 81 78
174 178 41 48 48
174 61 94 99 97
174 113 61 74 61
25 74 65 85 70
25 161 95 97 97
25 49 70 91 71
74 291 29 33 33
74 169 90 93 91
74 248 52 69 53
74 129 93 99 96
74 284 92 93 93
74 251 67 84 77
74 141 89 95 90
161 189 74 83 83
161 71 92 95 94
161 171 11 82 29
161 264 65 96 70
49 204 51 88 64
49 271 74 75 74
49 230 42 92 72
288 273 61 80 74
288 4 10 35 12
288 167 33 36 35
171 237 44 51 45
171 165 71 77 73
171 243 35 59 57
171 107 15 68 34
171 197 60 71 65
171 282 58 65 64
160 171 76 87 81
160 64 95 97 96
160 98 36 65 47
160 175 71 94 90
128 127 36 66 44
128 265 73 86 85
128 210 33 38 37
200 94 31 66 60
200 222 18 30 28
28 15 78 86 86
28 14 37 60 55
28 150 18 92 63
28 140 75 97 85
28 108 59 72 65
150 200 89 90 89
150 41 66 86 83
140 129 35 94 89
140 27 79 100 85
140 233 73 82 77
140 226 77 93 87
108 160 48 95 73
108 58 52 84 76
108 16 26 95 53
108 283 14 56 48
108 52 91 94 93
29 23 65 79 73
29 141 90 93 91
141 126 72 91 83
141 238 24 53 37
141 200 67 94 72
141 111 92 97 97
30 28 13 63 30
30 88 12 64 56
30 170 76 77 77
88 21 35 81 50
88 114 32 83 66
88 196 86 87 86
88 20 53 66 60
88 28 45 87 74
88 275 88 97 90
170 163 68 71 70
170 61 12 16 16
170 23 47 57 48
70 101 33 82 57
70 178 66 77 68
70 174 36 68 46
32 13 30 36 34
32 215 88 92 89
215 0 82 97 89
215 174 77 98 93
215 61 31 43 41
215 255 12 86 18
215 69 21 39 34
215 233 84 91 88
215 94 50 51 51
215 126 12 34 21
33 237 95 98 96
33 125 65 70 66
237 100 52 54 54
237 245 51 100 59
237 49 88 91 89
34 130 47 90 89
34 231 62 69 66
34 245 43 71 55
34 133 25 41 28
34 262 54 55 54
34 116 63 85 77
34 149 33 97 35
34 185 45 51 48
245 229 50 53 53
245 145 23 85 31
245 36 54 95 85
245 95 89 90 90
245 244 14 49 17
133 246 64 98 66
133 254 94 99 94
133 181 15 74 65
262 116 64 76 67
262 145 10 41 32
262 64 80 86 81
262 108 63 93 78
262 59 73 99 77
262 228 94 98 94
262 217 49 97 61
116 98 18 95 53
116 225 32 64 58
116 138 43 89 73
149 153 25 75 61
149 204 83 95 92
149 145 51 92 70
149 119 36 93 77
149 160 30 57 48
185 40 31 99 77
185 251 19 84 45
185 196 76 85 77
35 81 44 99 89
35 189 51 77 71
35 14 19 62 44
81 118 66 76 74
81 198 76 77 76
189 74 66 84 81
189 280 66 88 85
189 31 53 100 76
189 159 63 84 79
189 274 72 75 73
189 128 76 98 77
36 221 10 67 10
36 231 76 84 82
221 173 34 79 43
221 166 23 93 79
221 278 15 74 19
221 225 15 17 17
221 109 73 96 89
221 68 68 84 71
37 195 55 73 59
47 6 31 49 44
47 23 36 90 75
47 11 31 36 32
47 246 30 96 77
48 134 90 93 92
48 248 61 84 67
48 107 84 92 92
48 23 68 69 69
39 145 88 97 92
39 273 69 75 70
40 97 70 76 71
40 92 68 76 72
40 62 57 67 61
40 121 40 79 61
97 212 45 95 56
97 138 69 85 75
97 192 10 69 46
92 140 42 67 42
92 282 21 83 65
92 54 24 87 78
62 147 60 77 63
62 30 51 91 60
62 220 85 86 86
62 213 87 89 88
121 65 27 58 38
121 19 58 61 59
121 21 60 99 75
121 3 81 92 81
41 228 36 91 40
41 197 66 98 69
41 52 95 96 95
41 190 56 86 76
197 37 73 79 73
197 70 33 62 35
197 158 60 72 72
197 27 80 90 89
197 34 41 42 42
52 212 29 66 35
52 80 75 80 76
52 136 74 96 92
190 234 21 24 22
190 270 19 42 35
190 45 61 74 62
190 230 31 37 37
190 283 20 31 20
42 281 23 41 40
42 81 29 100 76
42 241 88 95 94
42 198 74 100 100
42 173 50 58 56
241 38 72 88 80
241 163 61 78 74
241 59 88 100 96
173 66 79 93 89
173 4 73 97 86
173 61 14 20 15
43 238 36 75 71
43 128 22 64 53
43 129 67 100 91
43 131 65 91 79
131 49 75 89 81
131 65 68 95 89
131 184 61 72 64
131 156 42 48 42
44 286 87 99 98
44 214 33 77 76
44 145 21 31 24
286 67 82 96 83
286 270 38 62 58
214 144 66 67 67
214 24 18 51 28
214 226 36 85 43
214 199 87 90 89
214 87 44 84 83
45 273 27 49 40
45 8 60 62 62
45 139 47 69 52
45 181 47 75 58
45 23 46 66 61
139 12 86 97 97
139 185 68 79 71
139 226 34 81 71
139 161 73 79 79
139 123 37 50 38
232 198 32 96 88
232 276 49 55 54
232 38 81 95 93
232 280 24 78 29
246 189 33 78 68
246 149 84 100 85
246 236 54 55 54
246 8 82 87 87
134 124 57 82 75
134 55 78 90 88
134 173 84 88 86
134 19 56 78 62
134 228 21 24 24
134 33 75 90 83
134 234 82 87 85
134 121 27 29 27
134 65 38 52 42
248 49 73 83 77
248 102 60 89 63
248 198 92 99 96
248 7 25 47 44
248 117 60 66 62
107 212 23 78 39
107 17 42 49 48
271 223 90 91 90
271 269 85 90 90
271 202 18 71 68
271 186 11 74 15
230 92 78 100 84
230 222 31 64 34
230 110 11 23 22
230 219 42 61 60
50 29 54 56 55
50 127 59 82 65
127 49 11 78 48
127 159 56 83 74
127 184 86 88 86
127 255 79 93 80
127 267 18 40 33
127 125 48 93 65
51 211 67 92 79
211 13 80 98 86
211 113 77 100 99
211 192 84 97 85
212 21 67 83 73
80 252 20 28 27
80 251 86 87 87
80 268 63 65 65
136 73 77 98 78
136 192 51 87 81
136 57 24 72 50
136 17 82 88 86
136 6 47 82 73
87 238 43 98 82
184 282 64 78 66
184 151 64 85 82
184 252 77 80 78
184 224 56 85 66
144 12 20 86 61
61 150 23 42 38
61 86 29 65 55
61 278 20 38 21
249 132 22 27 26
249 101 30 76 69
249 87 48 75 67
55 64 84 96 92
55 7 15 71 52
55 119 46 95 75
55 144 20 100 96
55 281 71 78 77
55 65 75 96 90
55 123 81 83 83
64 247 27 42 28
64 259 86 98 94
64 206 75 100 85
64 9 60 100 80
64 224 16 20 19
64 173 69 85 84
64 3 41 69 69
119 123 23 98 66
119 95 20 43 42
119 4 88 95 91
119 196 67 84 84
65 183 70 80 80
65 194 37 91 49
65 258 77 94 87
65 160 85 93 90
65 44 27 48 37
65 146 87 92 88
65 227 24 84 83
123 235 62 93 71
123 188 74 96 89
123 47 44 82 81
56 225 47 85 61
56 243 66 74 73
56 158 21 74 36
56 109 78 92 92
56 174 14 78 24
56 167 16 98 74
56 224 48 92 67
56 251 39 63 61
243 231 56 57 56
243 256 27 80 54
243 128 95 100 97
158 38 87 95 88
158 148 90 98 96
158 70 78 96 78
158 83 37 41 41
167 182 48 79 73
167 250 59 100 80
167 273 22 47 45
167 175 80 82 81
167 26 54 81 60
167 288 55 96 66
224 59 90 95 95
224 272 18 24 20
224 5 23 76 30
224 148 70 81 74
224 63 26 48 38
224 132 38 95 92
251 86 10 19 11
251 248 26 86 47
57 289 34 50 41
289 39 87 96 90
289 197 54 65 60
289 49 39 89 74
289 185 74 92 85
289 166 68 86 82
58 212 76 88 85
58 257 74 89 82
58 195 24 94 82
59 96 48 67 64
59 68 39 67 45
59 217 51 83 83
96 225 35 86 47
96 42 24 45 28
96 230 74 93 87
96 269 31 35 31
96 110 27 88 58
96 19 66 92 87
96 45 51 57 56
96 272 40 87 67
68 88 24 62 40
68 90 28 34 29
68 60 23 33 29
68 136 37 56 48
68 155 88 100 88
86 137 31 92 71
86 153 18 97 32
86 136 35 71 37
86 60 42 90 50
278 249 80 100 94
278 60 45 74 71
278 124 57 96 57
278 166 76 78 78
213 91 20 27 23
213 245 45 59 54
213 178 94 97 96
153 81 21 42 21
153 48 80 81 81
153 140 28 87 29
206 64 23 62 44
206 120 93 97 94
206 245 95 97 96
206 179 11 15 11
194 119 14 43 15
194 267 78 80 78
194 169 80 98 88
194 285 18 76 56
194 88 80 82 81
194 50 82 86 83
194 236 29 74 52
194 39 61 75 73
146 53 82 86 82
146 169 66 95 73
146 198 34 62 53
146 173 14 36 33
146 60 46 72 72
227 88 41 60 49
227 230 16 94 68
227 196 20 96 49
66 175 32 80 79
66 245 39 75 72
66 135 69 87 80
66 275 40 56 55
175 235 72 91 72
175 22 58 95 64
175 243 58 65 62
175 213 42 83 53
175 257 92 95 92
67 76 26 95 89
67 131 74 86 77
67 176 48 55 48
76 108 69 86 72
76 8 28 73 53
76 90 12 28 22
76 269 84 94 89
76 3 55 95 65
76 236 44 48 44
76 124 15 91 68
76 176 11 47 36
76 40 19 64 39
76 184 19 99 82
76 147 55 86 62
155 156 41 74 49
155 160 62 94 81
155 39 30 47 36
155 186 18 90 42
69 37 79 89 89
69 166 49 53 51
166 86 53 57 56
166 103 92 99 97
166 55 13 58 51
101 238 66 96 95
178 266 36 81 57
178 28 90 98 91
178 230 93 94 94
71 122 53 69 64
122 221 82 83 82
122 215 43 45 45
122 232 18 26 24
122 217 94 97 95
122 200 54 57 57
104 129 79 82 80
104 131 51 72 56
83 172 80 96 91
83 159 17 93 30
83 263 69 79 78
83 14 63 67 63
266 141 25 83 67
266 35 70 95 85
266 212 90 97 97
266 150 77 93 82
266 184 43 88 44
266 53 17 58 50
291 210 79 81 79
291 133 19 82 60
169 228 91 100 98
169 146 80 100 92
169 140 10 78 25
169 24 54 56 55
169 190 81 99 84
169 84 90 97 96
284 171 19 43 33
284 265 72 82 77
284 192 77 88 85
284 196 43 81 78
284 24 93 98 93
75 115 26 78 50
75 129 29 42 41
75 179 37 95 66
75 49 34 48 46
75 225 69 79 76
75 24 21 100 32
115 45 25 60 44
115 223 43 83 80
115 66 95 100 100
115 214 36 37 36
115 84 87 92 90
115 48 31 47 33
115 73 45 53 50
115 257 28 72 44
179 217 12 17 15
269 93 10 45 26
269 80 83 89 83
269 121 77 92 84
269 77 79 80 79
236 81 72 100 81
236 185 55 58 57
236 275 76 90 78
236 85 43 90 71
236 156 42 59 54
236 239 29 62 40
236 285 67 94 67
124 22 37 43 39
124 239 36 86 82
124 182 57 98 83
124 190 90 94 93
77 209 66 100 87
78 205 82 92 83
79 221 32 63 56
252 185 94 99 97
252 270 32 96 80
268 20 64 95 81
118 86 36 53 39
118 161 72 80 72
118 65 94 96 94
118 284 31 61 43
118 192 58 98 65
82 153 68 80 69
82 117 64 99 89
172 65 51 97 61
263 61 61 72 70
263 27 10 20 10
263 278 42 43 42
263 289 46 55 52
263 142 37 90 63
85 120 91 95 91
85 244 61 72 67
120 233 93 96 95
120 266 43 51 44
120 222 53 64 54
137 153 95 99 96
137 115 95 96 95
114 221 42 46 44
114 201 86 90 88
114 11 62 66 66
114 141 35 48 42
89 238 58 93 68
89 276 86 93 90
89 173 49 94 59
89 200 57 90 88
276 21 34 100 97
240 153 89 96 93
240 213 95 98 97
240 84 41 42 41
91 19 17 40 24
91 57 20 42 35
91 167 11 45 36
91 100 12 28 19
91 178 27 47 33
91 65 64 98 85
91 84 90 98 91
177 212 26 86 79
177 178 41 61 41
177 166 49 95 82
177 270 62 66 65
177 86 50 83 68
94 116 75 78 77
94 135 39 88 39
94 229 67 100 96
94 96 76 95 78
94 262 21 32 32
94 129 47 56 55
94 284 33 41 38
229 217 71 73 73
229 150 91 95 95
95 234 15 30 24
95 135 95 100 95
95 158 58 89 81
234 107 21 69 68
234 109 43 64 48
234 22 69 79 70
234 146 10 21 11
110 79 74 76 76
110 11 37 90 84
110 17 42 78 47
110 277 24 56 48
110 201 83 93 85
138 10 24 58 36
138 242 78 87 80
138 147 90 93 90
192 85 52 87 63
192 11 21 30 22
192 231 12 18 12
98 236 69 100 92
162 112 35 38 36
162 65 20 56 30
162 37 28 39 32
162 98 50 93 84
162 69 48 61 50
162 107 23 92 34
162 91 47 59 53
162 40 49 92 75
162 216 73 87 83
162 287 54 74 56
162 84 91 95 94
162 146 87 100 91
102 166 13 31 28
102 270 19 48 25
102 25 33 65 62
102 22 25 64 47
103 117 60 75 62
103 268 51 65 59
103 55 36 90 51
103 262 31 55 50
103 206 88 92 88
103 232 25 85 76
103 126 40 89 51
126 10 21 23 22
126 220 91 95 93
283 209 93 94 94
277 35 18 40 35
277 75 86 92 92
277 149 26 86 32
277 184 37 62 41
201 4 26 27 27
201 68 53 90 90
201 194 87 98 90
201 189 89 100 95
111 86 93 98 97
111 87 71 94 91
111 172 21 36 27
111 212 20 85 70
111 108 59 68 65
188 177 87 88 88
233 80 19 84 68
233 83 14 32 27
233 245 88 100 90
233 234 86 99 87
233 239 25 87 44
233 164 59 93 62
233 7 49 56 52
222 279 29 99 62
222 33 77 96 82
255 188 72 83 73
255 98 48 56 49
255 81 75 89 78
265 18 12 84 42
265 140 51 53 53
265 188 46 91 89
265 5 46 63 47
265 193 13 32 27
265 52 63 65 64
265 238 24 84 37
265 190 28 85 78
208 155 70 78 77
208 163 74 98 90
208 136 42 47 42
208 165 39 53 44
208 25 90 93 93
208 37 77 83 82
156 78 95 100 97
156 209 17 62 18
156 38 49 96 70
254 19 93 95 93
254 109 39 99 47
226 178 83 91 85
226 125 38 94 77
226 21 44 97 62
142 164 49 91 80
142 217 55 96 65
142 178 18 92 38
142 138 78 99 82
143 78 43 70 54
143 55 33 88 59
143 10 50 76 72
143 100 80 92 89
143 87 69 95 78
143 285 11 85 27
143 52 92 94 94
285 135 57 60 59
148 18 13 54 51
148 49 83 91 90
148 285 80 82 80
151 174 29 55 40
151 216 75 100 87
152 70 66 82 79
152 87 26 30 26
152 46 12 91 59
152 6 76 93 92
154 261 33 81 57
154 19 95 99 95
154 23 72 84 82
186 220 36 84 80
186 237 20 38 26
186 40 79 90 85
186 88 66 77 67
186 191 87 96 93
157 142 57 88 66
157 165 40 86 50
157 24 47 50 48
157 69 21 86 64
165 144 93 100 100
165 138 46 90 90
165 252 20 53 26
165 4 94 99 95
165 172 55 97 94
165 101 60 67 61
165 248 47 55 49
165 270 87 99 88
165 73 40 43 42
165 282 91 92 92
264 2 90 97 94
264 239 27 94 62
287 90 10 11 10
287 125 27 31 29
287 194 20 23 21
193 284 17 35 32
193 15 90 96 93
193 216 93 98 93
250 272 85 89 87
250 75 27 99 57
250 105 46 82 47
250 76 12 51 22
191 27 33 77 51
191 119 57 73 73
280 29 65 66 66
280 157 26 43 27
274 163 57 81 66
274 28 79 81 80
274 19 92 100 94
274 35 78 82 81
274 284 46 83 63
274 58 61 74 70
256 278 28 55 43
256 42 66 96 72
256 92 68 71 70
256 71 92 100 100
256 161 53 76 53
199 97 39 74 73
199 3 36 37 36
199 99 52 94 60
199 268 28 30 28
199 64 52 69 52
219 21 23 30 29
219 189 13 86 44
219 261 35 77 54
219 63 46 82 46
219 143 81 97 81
219 65 66 91 83
253 263 85 99 90
253 158 69 83 82
253 273 20 66 21
260 176 45 57 49
260 244 27 82 35
260 24 50 82 54
290 212 15 63 17
290 110 50 73 69
0 291
