88 235
0 87 60 61 60
1 0 57 76 64
1 40 10 79 16
40 66 51 100 89
40 11 13 84 50
2 75 44 73 63
2 0 62 96 85
2 71 31 95 38
75 26 72 89 87
75 24 19 83 64
75 36 54 65 63
3 5 95 99 96
3 84 43 79 72
5 79 10 85 83
5 34 26 75 58
5 12 34 55 34
5 23 42 62 61
5 76 69 89 78
84 83 35 69 49
84 12 71 82 75
84 72 37 86 51
84 68 51 95 81
4 63 65 86 78
4 26 34 45 41
4 81 80 94 91
63 74 53 79 58
26 24 46 89 48
26 86 33 45 37
81 38 93 100 97
79 72 80 92 80
79 61 75 94 91
79 44 12 31 20
79 77 35 80 74
79 8 30 82 77
34 53 95 100 96
34 76 37 77 71
23 81 95 100 96
23 65 67 73 68
76 39 17 60 41
76 31 45 61 60
76 26 83 86 83
6 76 73 74 73
6 1 54 85 74
7 12 32 95 92
7 74 18 24 18
8 18 27 87 67
8 36 61 99 73
18 12 39 60 46
18 24 11 90 46
18 16 82 87 83
36 62 91 94 91
36 66 42 79 73
36 55 63 81 80
36 25 11 48 43
36 40 95 99 99
9 51 69 92 77
9 3 61 63 62
9 11 78 96 85
9 41 36 47 39
51 87 87 98 92
51 74 64 68 65
51 43 91 93 91
51 73 72 94 93
11 73 58 83 66
11 33 87 94 87
41 84 30 60 51
10 51 62 90 77
73 59 37 50 39
73 55 61 80 61
73 76 91 96 92
73 84 86 95 88
33 48 29 86 83
33 56 70 79 71
33 49 37 93 78
13 16 19 60 35
13 73 78 84 80
13 22 69 91 73
16 77 34 58 44
16 3 92 99 96
22 48 53 74 63
22 19 34 58 44
22 84 84 89 84
14 67 40 53 45
14 58 14 55 27
14 61 41 99 70
14 13 11 68 47
14 54 81 95 90
14 55 24 59 25
14 19 92 99 94
67 14 76 98 77
67 23 24 77 53
67 36 36 73 73
67 8 52 100 57
58 73 46 97 70
58 48 39 92 71
58 25 21 95 31
61 2 24 46 46
61 34 67 94 85
61 7 18 85 58
61 65 42 52 49
61 54 26 28 26
61 60 10 59 13
54 71 79 97 89
54 66 93 97 97
55 24 68 98 86
19 6 54 64 61
19 22 23 79 62
19 61 78 83 82
19 62 30 64 37
19 45 66 89 86
19 63 89 100 92
15 55 35 69 40
15 51 17 44 31
77 1 89 94 91
77 34 42 94 81
17 39 60 69 61
39 30 12 36 29
39 31 74 92 75
39 56 19 40 28
39 46 89 100 92
24 46 93 95 94
24 25 89 94 89
24 64 89 100 99
24 73 22 63 49
62 51 65 72 68
62 81 24 80 78
62 39 15 18 17
62 5 21 61 48
62 61 48 82 62
45 66 16 100 67
45 71 75 98 91
20 78 11 65 33
20 21 92 94 94
20 24 51 98 76
20 17 30 33 31
78 21 46 85 82
78 17 39 93 91
78 6 28 44 40
78 38 54 88 60
78 23 17 72 22
78 41 86 95 87
78 20 90 98 93
21 70 70 100 75
21 27 93 97 93
70 31 29 58 37
70 21 14 85 50
70 4 48 97 87
70 47 24 26 26
48 77 39 80 40
48 42 30 34 31
48 78 54 78 77
48 8 71 74 72
65 44 50 68 67
46 34 91 99 91
46 66 31 37 32
46 50 72 87 76
46 86 58 68 67
25 67 72 92 84
25 3 63 91 83
64 87 79 81 81
64 73 63 86 86
64 39 33 45 35
64 74 13 45 41
64 33 39 65 43
64 69 43 75 72
28 72 15 97 19
28 34 61 81 68
28 9 30 70 34
28 63 67 71 68
30 53 93 100 93
30 83 85 86 86
53 10 80 89 82
53 51 80 96 89
83 26 72 88 77
83 53 10 37 25
31 39 22 59 39
31 84 62 78 69
31 47 87 91 87
31 7 37 99 63
47 66 82 91 84
47 78 49 98 97
32 47 19 61 22
32 57 27 36 31
57 84 71 97 75
56 20 25 96 41
49 17 49 94 69
49 29 17 78 57
49 64 31 43 37
66 1 16 53 48
66 60 17 36 35
37 55 79 100 93
37 9 26 71 35
37 67 24 88 39
37 53 60 70 61
37 64 39 41 39
37 13 17 100 94
37 62 33 53 46
37 68 46 80 57
68 23 39 92 90
38 5 39 56 52
42 20 68 97 95
43 19 68 84 75
43 25 93 99 93
43 39 49 72 72
43 69 38 44 38
69 63 70 95 87
69 85 57 86 59
69 37 72 91 85
69 0 57 73 57
69 51 71 95 87
69 82 22 41 38
69 38 11 46 44
69 36 28 60 52
44 16 51 86 85
44 10 21 99 79
44 31 27 93 36
44 87 88 97 94
50 62 92 95 93
52 35 93 96 94
52 17 10 83 55
52 23 40 45 42
59 47 30 95 79
59 36 78 81 80
60 3 33 36 36
60 5 44 57 57
60 57 57 64 62
60 66 41 52 49
82 23 58 76 67
82 52 82 88 83
82 44 18 75 38
82 77 67 78 73
82 31 58 98 94
82 61 85 94 93
80 12 70 82 71
80 62 78 82 81
0 87
