1191 2338
0 9 55 98 76
0 1087 13 90 20
0 725 49 97 60
0 256 35 51 39
9 960 84 94 88
9 739 81 99 88
9 476 82 95 95
1087 882 86 90 89
1087 103 73 77 74
725 1006 77 100 81
725 904 45 69 53
725 266 31 78 74
2 355 63 98 83
355 779 11 23 11
355 286 89 93 90
355 6 27 33 27
3 460 18 27 24
3 158 42 71 48
460 913 50 89 87
158 1030 39 66 52
158 207 26 52 28
158 721 16 62 49
4 806 41 51 49
4 771 15 47 17
4 612 82 99 85
806 120 19 89 45
806 465 14 27 22
612 986 83 94 85
5 198 91 92 91
198 828 37 93 86
198 1107 82 85 84
198 117 83 99 96
198 666 14 58 43
6 842 57 67 66
6 1078 88 99 96
6 330 93 95 93
6 967 86 98 97
842 167 52 93 89
1078 958 53 76 62
1078 290 16 95 16
1078 371 74 85 82
1078 979 39 70 65
330 947 33 94 91
967 1147 23 55 50
967 996 17 67 52
967 400 35 43 36
967 922 72 75 72
967 979 33 56 52
967 830 23 49 27
960 593 45 50 50
960 78 75 87 80
739 1176 84 98 89
739 509 11 68 22
476 885 79 85 80
10 25 62 73 71
10 782 38 55 42
10 693 46 67 50
25 487 69 99 80
782 535 69 82 70
693 906 40 55 44
693 727 73 88 84
693 438 63 75 72
12 579 35 85 54
12 679 32 69 55
579 740 73 78 77
679 94 68 90 87
13 1064 49 89 82
13 583 48 53 51
13 480 16 48 37
1064 346 47 53 47
583 12 94 98 97
583 428 51 70 69
480 189 93 94 94
480 379 17 38 22
480 828 22 82 33
14 1128 68 71 71
15 917 91 92 91
15 570 24 53 36
15 996 28 75 73
15 338 43 68 61
917 684 85 94 88
570 709 82 92 88
570 316 62 79 67
570 934 47 61 47
570 628 30 99 30
996 1070 57 90 75
996 933 37 78 43
996 438 20 75 32
996 5 19 53 31
996 1103 57 59 57
338 845 47 68 65
338 664 88 97 89
338 532 17 37 29
17 531 60 66 62
17 471 16 26 18
531 914 67 84 75
531 476 86 91 90
531 18 62 74 71
471 777 92 94 94
18 694 46 47 46
18 930 64 67 67
694 405 30 95 75
694 146 91 94 92
930 669 84 90 87
930 529 94 98 95
930 528 33 42 34
19 928 80 83 82
19 322 81 83 83
928 1002 21 91 91
928 737 70 99 75
928 322 34 61 45
322 995 89 96 89
322 828 13 59 19
322 869 85 92 89
322 604 49 99 81
322 1157 64 97 92
20 940 28 96 77
940 718 39 53 45
940 176 41 95 80
940 707 89 91 90
21 1039 63 88 75
1039 967 13 35 19
1039 640 91 100 97
22 297 92 95 95
22 513 31 66 50
22 162 18 61 45
297 452 39 48 47
513 368 78 92 78
162 508 52 86 73
162 972 45 71 67
23 1051 54 100 97
23 1006 83 92 84
23 543 78 88 81
1051 250 70 74 72
1006 961 23 55 41
543 334 68 82 73
543 860 37 96 42
543 974 19 40 28
24 1183 82 93 92
1183 316 33 82 44
487 585 39 89 56
26 316 11 41 37
316 891 17 36 19
27 781 55 93 68
27 247 31 81 71
27 661 20 23 21
27 393 55 96 73
27 508 81 97 83
781 206 47 95 67
781 113 32 50 45
781 987 70 96 74
247 435 36 82 68
247 301 52 75 72
247 637 53 87 71
393 794 14 99 62
393 449 92 96 95
508 595 35 58 54
508 1179 72 87 72
28 395 75 96 96
28 1083 19 22 21
395 1180 35 81 36
1083 279 85 87 85
29 1165 82 97 85
29 731 27 95 39
29 69 15 85 83
1165 787 61 81 81
1165 290 50 63 60
731 216 70 99 81
731 519 43 77 48
69 835 29 74 66
69 132 58 60 60
30 445 30 37 33
30 689 71 74 73
445 477 14 97 68
689 339 74 96 95
689 355 63 90 82
31 855 26 92 44
33 402 90 93 91
33 27 45 86 65
33 1155 85 89 85
33 716 66 83 83
33 554 24 67 49
402 389 66 97 91
402 525 89 97 97
402 924 25 91 31
716 609 64 87 87
716 84 12 69 35
554 811 41 50 47
554 675 72 100 76
34 626 13 67 27
34 1070 61 97 75
626 643 35 96 89
626 912 77 80 78
1070 1062 60 82 64
1070 371 16 47 38
1070 239 90 91 90
1070 336 18 93 31
35 832 90 100 95
35 856 39 85 68
832 574 44 61 59
856 957 75 94 94
856 1004 77 94 93
36 5 39 75 63
36 135 55 71 65
36 606 18 42 30
135 246 34 57 52
135 355 67 68 68
135 927 66 90 73
606 183 15 91 76
37 431 85 87 85
37 532 78 98 96
37 1041 67 84 79
532 898 47 74 54
38 634 75 95 77
38 433 30 79 51
38 617 35 71 46
38 291 25 93 34
634 544 35 89 74
634 8 62 82 71
433 546 65 99 70
433 1060 42 95 69
617 691 11 61 24
617 159 16 60 20
617 1137 72 77 77
40 152 73 86 85
40 297 11 63 56
40 14 55 74 69
152 720 10 45 21
152 123 52 80 53
152 437 30 68 52
41 430 62 72 67
41 604 63 72 71
430 1018 10 37 12
430 277 15 24 16
430 439 89 100 89
430 490 83 100 93
604 576 25 55 38
604 236 82 98 98
604 184 73 79 78
604 1187 84 95 88
604 1140 58 90 79
42 492 74 77 76
492 1011 64 83 69
492 654 45 69 47
43 812 84 94 94
44 851 24 88 82
44 83 91 100 91
44 695 94 95 94
851 1149 82 86 85
83 334 82 84 82
83 611 11 45 41
83 499 62 92 85
83 241 89 94 90
83 1061 62 69 64
45 520 77 84 84
45 285 71 79 76
45 1189 95 97 95
520 631 33 86 64
520 1034 89 90 89
1189 760 71 87 82
1189 322 66 96 78
46 210 13 68 13
46 282 20 67 65
210 47 65 100 85
210 72 62 83 76
210 1044 63 95 65
282 57 17 82 72
282 958 94 100 94
47 969 10 54 46
47 757 40 63 44
47 266 60 93 74
969 576 33 65 49
757 201 67 98 72
49 898 35 43 38
898 567 10 32 26
898 1124 71 91 80
50 1148 48 73 55
50 42 69 89 74
1148 621 74 93 77
1148 810 65 76 68
1148 1022 17 51 33
1148 1039 74 77 74
52 447 75 80 80
52 345 95 100 100
52 785 59 62 59
447 334 75 96 75
447 682 21 68 21
447 702 46 75 49
345 933 32 97 58
345 1034 43 66 62
345 1142 78 98 81
785 828 45 96 72
785 773 61 71 64
785 4 62 97 96
785 87 47 92 81
53 928 51 76 70
53 313 86 96 86
313 265 32 71 47
313 1132 17 54 18
54 1159 41 67 56
54 333 87 89 87
54 351 61 99 81
54 59 27 63 47
333 330 77 86 79
333 796 72 100 74
59 704 81 87 81
59 147 38 68 43
59 158 22 75 54
55 324 93 94 93
324 1068 88 99 94
324 380 57 62 61
56 991 67 95 86
991 402 23 97 36
57 722 45 84 52
57 455 92 94 93
57 64 65 82 70
722 650 33 37 37
455 65 86 96 90
64 767 14 75 34
58 47 57 95 73
58 591 31 46 45
591 46 40 61 55
591 203 33 60 42
591 401 39 70 58
704 59 15 63 21
147 194 20 28 25
147 784 42 81 46
147 418 94 96 94
147 83 27 63 62
60 649 44 56 55
60 372 15 93 41
649 1141 33 42 40
649 429 73 77 74
649 417 62 66 62
372 778 70 100 94
62 1019 61 94 80
62 264 80 96 85
1019 1080 54 78 71
264 124 54 84 82
63 519 84 100 92
519 418 63 84 79
519 413 13 38 16
519 1078 45 97 73
767 797 60 86 79
767 328 47 97 72
767 899 67 75 70
65 86 10 82 61
65 286 20 34 26
86 1142 80 87 83
86 206 58 74 60
286 167 15 32 21
66 820 40 58 51
66 245 33 93 86
66 1095 18 82 64
245 719 38 94 40
245 611 61 75 67
245 918 28 50 31
1095 603 18 55 46
1095 511 73 97 79
67 793 72 92 77
67 123 29 66 61
67 300 46 98 61
793 611 91 92 91
793 949 20 68 30
123 915 37 45 40
123 320 14 50 31
123 58 31 56 39
123 374 36 69 62
300 804 33 80 46
68 553 31 64 46
553 17 38 100 99
553 613 39 55 42
553 566 75 91 81
835 772 64 81 71
835 584 82 95 82
132 1102 44 59 45
132 771 78 93 80
132 70 35 48 48
70 256 27 73 30
70 434 23 29 26
72 1190 18 77 19
72 138 70 93 83
1190 1035 81 93 86
138 509 95 97 95
138 181 69 70 69
74 1062 35 82 73
74 1129 95 98 98
74 306 90 97 91
1062 5 83 85 85
1062 1049 87 94 93
1062 158 21 82 65
1129 1065 93 96 96
1129 685 57 81 77
1129 497 89 99 97
306 133 16 65 21
75 702 45 72 45
75 391 72 81 73
75 553 90 91 90
702 167 30 92 70
702 729 62 81 68
702 233 20 89 59
391 602 77 85 79
391 553 34 77 68
76 85 72 92 85
85 478 51 79 54
77 1029 34 95 84
77 208 50 58 50
77 574 31 81 53
77 297 28 69 48
208 1066 17 71 57
208 868 51 65 65
208 378 59 60 60
574 353 91 97 95
574 873 59 77 60
78 895 81 87 83
78 206 45 97 94
78 431 44 65 44
79 11 90 91 91
79 375 24 51 45
79 986 84 92 92
79 1179 78 100 80
79 227 25 28 26
375 530 86 96 87
375 3 45 76 75
986 960 53 71 61
1179 1083 38 67 59
1179 819 30 42 30
227 848 83 91 86
227 458 87 96 89
227 457 54 61 58
80 1019 29 75 33
80 56 77 86 80
80 294 19 81 49
80 475 22 54 25
81 778 83 92 89
81 361 49 68 60
81 956 38 49 40
81 524 27 32 28
81 813 70 99 89
778 574 37 84 82
778 737 95 98 98
778 259 28 76 29
778 589 59 68 66
361 54 55 62 59
361 732 59 64 61
956 408 41 51 48
524 13 85 89 86
524 1051 30 38 31
524 773 35 53 42
524 656 31 47 32
82 1099 35 50 40
82 564 92 100 97
82 387 57 68 58
82 488 13 17 16
82 558 39 63 54
1099 1057 55 68 55
564 598 80 96 81
564 246 74 88 76
564 133 90 95 94
564 1095 80 91 84
387 143 90 91 91
387 206 73 100 90
488 957 18 57 36
488 1047 39 86 49
334 546 17 33 26
334 592 88 89 89
334 1178 50 64 59
334 297 45 46 46
611 983 87 97 91
611 766 72 73 73
499 1090 37 87 65
499 732 76 77 77
499 538 36 39 38
499 360 27 29 29
241 784 39 90 68
241 728 66 70 70
1061 131 91 92 91
1061 1024 50 62 52
1061 664 55 65 63
84 573 40 52 51
573 243 55 70 58
573 108 48 82 48
573 513 88 95 95
573 1080 62 92 81
478 619 16 53 41
478 520 62 67 65
478 821 64 90 81
1142 1105 88 96 96
1142 685 86 96 95
87 959 64 94 81
959 328 67 90 85
89 353 10 28 22
89 967 45 99 89
89 1025 58 92 72
353 401 85 87 86
353 483 43 62 60
353 1072 46 51 49
1025 124 75 77 76
1025 641 45 93 57
1025 733 19 77 26
1025 498 64 85 74
1025 1013 47 73 57
1025 690 20 89 35
90 409 76 78 77
90 326 64 73 71
90 1126 12 82 22
326 93 62 97 74
1126 198 26 73 33
1126 1095 72 93 82
91 1172 39 55 40
1172 903 40 52 41
1172 449 67 93 85
1172 793 31 77 34
92 53 87 98 94
93 743 18 19 18
743 17 44 88 72
94 379 68 99 95
94 1093 53 63 62
94 595 31 93 82
94 960 48 91 91
379 999 91 96 94
379 1082 30 50 49
1093 994 70 88 71
1093 31 25 96 56
1093 741 70 73 73
95 319 49 55 52
319 155 26 54 48
319 737 14 82 22
96 708 47 86 66
708 961 44 56 44
97 473 62 90 63
473 404 53 84 60
99 200 26 28 27
99 173 72 83 81
99 732 57 69 63
99 1183 34 44 40
200 235 53 70 70
200 417 70 81 80
732 956 24 73 42
101 1122 65 87 73
1122 174 30 97 60
102 242 69 100 97
102 1009 78 99 96
102 1126 93 99 93
242 726 85 92 85
1009 834 75 90 76
1009 528 49 91 84
103 327 75 90 78
327 918 38 94 91
327 517 65 71 68
327 128 30 32 32
104 1053 75 87 87
1053 746 49 53 53
105 356 93 98 93
105 742 78 81 78
356 380 52 71 64
356 102 89 98 93
742 630 32 80 59
106 457 38 85 81
106 1186 56 98 72
457 130 18 44 18
1186 787 74 84 82
1186 103 94 100 98
107 1135 60 99 61
107 147 55 76 75
1135 275 56 85 62
1135 415 82 90 90
108 293 83 86 86
108 352 70 78 70
108 1126 84 92 90
293 6 13 87 29
293 378 20 67 21
352 882 15 60 44
352 998 22 72 49
109 754 92 97 96
754 810 88 94 94
754 745 58 99 95
111 1131 57 61 61
111 1049 91 97 95
1131 312 45 67 57
1131 99 51 76 76
1049 595 17 70 48
1049 501 72 79 78
1049 57 84 89 85
112 402 63 70 70
113 86 45 85 61
113 745 60 67 65
745 209 31 80 46
114 189 35 100 36
114 503 59 63 62
114 428 56 64 56
114 784 29 81 41
189 1156 26 67 58
503 784 91 94 91
503 567 76 97 77
428 742 82 96 84
784 556 84 98 85
784 479 32 43 35
115 367 85 95 88
367 746 19 74 65
116 921 48 86 58
116 571 75 92 79
116 1138 95 99 97
116 416 48 86 68
921 84 16 56 45
921 974 21 27 23
921 775 83 99 99
921 427 47 66 56
1138 692 24 36 25
117 1089 67 90 79
117 13 32 64 34
117 929 13 14 13
117 963 95 97 96
1089 759 47 60 51
1089 283 58 80 73
1089 474 60 95 88
929 384 15 84 32
929 596 57 85 83
963 97 94 98 96
118 570 26 76 32
118 34 44 96 48
118 36 38 97 49
119 395 31 98 88
119 788 21 29 23
119 98 85 93 90
119 229 86 94 93
788 1014 16 82 73
788 51 71 75 75
229 18 60 87 82
229 914 71 73 73
229 593 40 75 55
229 1150 45 81 65
120 31 14 17 15
120 556 82 96 89
121 1054 53 78 59
1054 522 84 94 94
1054 122 46 81 64
1054 356 51 76 52
122 47 88 97 88
915 243 47 88 70
915 1161 55 57 55
320 306 45 57 50
320 691 17 25 22
320 875 24 48 36
320 130 62 78 62
320 979 10 17 12
374 118 85 89 86
126 532 23 58 32
127 562 31 97 35
562 791 59 60 60
562 477 51 57 54
562 373 70 98 95
128 608 47 49 48
128 280 10 23 23
128 428 43 54 50
128 134 34 83 37
608 53 66 69 69
280 112 15 42 23
280 952 58 90 66
134 374 22 50 43
130 1086 66 83 77
130 375 94 100 94
130 155 18 46 29
1102 411 61 65 64
133 1054 35 92 37
133 1011 84 99 98
1011 227 45 79 52
1011 741 13 47 25
1011 308 64 68 65
246 941 44 94 94
927 1045 48 94 66
136 85 32 66 52
136 489 25 74 68
136 814 32 86 65
489 353 48 49 49
489 498 41 96 45
814 340 73 89 80
814 848 72 86 74
814 801 77 90 83
814 522 68 70 68
814 789 49 95 63
137 892 47 88 65
137 1108 86 90 89
137 448 35 42 39
892 815 42 62 49
892 369 58 88 80
1108 888 28 35 28
1108 807 41 48 43
448 40 38 64 44
448 409 59 92 79
448 348 34 79 44
448 805 16 24 17
509 730 91 98 98
181 1011 83 85 84
181 246 71 92 91
181 1104 57 97 96
139 320 93 96 95
139 48 62 90 72
139 1144 23 99 73
1144 618 35 92 78
1144 570 54 81 81
140 438 57 89 84
140 15 70 76 75
438 242 27 41 34
141 795 53 97 72
795 1190 24 62 49
795 891 12 84 64
142 1174 28 99 61
1174 752 25 61 60
1174 1132 43 57 48
143 652 83 99 88
143 354 74 75 74
143 443 84 100 86
652 28 62 71 69
652 596 48 77 62
354 290 15 59 16
354 1108 30 39 36
443 190 80 93 84
144 812 24 42 41
144 227 92 95 92
145 981 74 88 81
145 851 48 76 71
981 293 85 96 87
981 359 51 89 78
981 213 29 91 85
981 876 22 83 37
146 897 34 67 48
897 196 49 55 49
897 135 50 66 61
194 1001 67 71 67
194 462 50 99 50
418 818 27 81 70
418 813 28 56 45
418 998 45 72 46
418 1060 39 95 50
148 508 93 98 94
148 553 14 69 15
148 560 24 45 33
148 324 58 99 63
560 833 64 65 64
560 761 45 83 64
560 166 59 71 59
149 13 36 53 37
149 713 10 28 21
713 229 90 99 99
713 24 57 89 69
713 288 49 57 55
150 83 45 80 66
151 262 39 89 88
262 870 47 59 56
720 538 24 38 31
720 493 57 71 67
153 494 76 90 86
494 112 65 90 70
494 874 69 98 97
494 1125 90 92 92
494 1002 60 66 61
154 912 19 39 26
154 310 71 98 79
154 1101 48 69 49
154 1001 68 97 69
912 1000 13 47 29
310 166 81 86 82
310 306 83 88 83
1101 475 21 70 47
1101 74 89 96 95
1101 375 35 76 64
1001 18 64 95 75
1001 81 80 85 85
1001 1012 74 78 75
1001 182 79 96 95
1001 395 68 89 68
156 507 19 36 33
156 979 85 91 90
156 53 38 54 41
156 325 54 95 83
507 349 43 79 52
979 519 81 100 89
979 602 44 87 87
325 642 95 98 98
325 1083 77 84 81
325 1004 39 40 39
207 384 66 74 71
721 196 18 92 42
721 228 19 34 20
972 560 43 69 49
972 1001 17 63 58
163 581 25 30 28
163 462 92 100 97
163 328 61 83 81
581 169 22 69 61
462 751 32 91 77
328 344 31 41 35
328 435 18 86 40
164 970 72 94 81
970 1028 10 48 25
970 135 82 93 86
970 233 13 39 18
165 795 49 55 54
165 651 93 98 97
165 220 60 76 61
651 1190 86 97 94
220 775 23 45 36
220 323 23 65 61
166 191 14 50 18
166 46 83 87 85
166 605 60 97 91
191 652 35 99 68
605 99 19 71 28
167 1178 83 100 94
167 690 73 98 92
167 785 31 66 59
1178 173 56 71 63
1178 124 15 65 50
1178 261 62 74 71
690 109 39 53 45
690 989 29 66 65
168 256 19 66 53
168 58 50 53 51
169 747 39 69 47
169 211 43 57 48
747 390 78 87 87
211 1178 24 58 58
211 885 69 84 70
171 242 92 99 96
171 1049 95 97 97
172 692 45 86 83
172 607 31 98 33
607 968 64 97 91
174 1121 27 70 44
175 5 13 34 20
175 519 37 42 41
175 415 87 89 88
176 838 95 98 97
838 313 46 86 52
177 501 56 71 68
177 520 55 92 91
177 489 53 82 72
501 414 66 72 70
501 49 81 88 87
501 944 23 61 30
501 850 65 77 70
178 247 60 74 62
178 350 21 64 60
178 860 72 88 73
350 886 74 98 76
860 669 83 93 87
860 140 26 68 56
179 730 47 65 53
179 630 35 49 47
179 912 90 98 95
630 1005 79 99 84
630 129 63 91 91
630 958 78 92 81
182 1038 23 53 44
1038 894 50 54 53
1038 232 36 47 41
1038 344 15 99 70
1038 1007 21 97 93
183 624 62 80 67
183 955 69 87 75
624 277 47 86 49
955 694 92 99 97
184 358 67 74 74
184 399 71 78 73
184 427 58 64 64
358 1086 80 91 91
185 1147 25 72 70
1147 201 92 94 94
1147 96 24 36 35
186 146 91 92 91
186 653 57 98 62
653 423 59 92 85
653 263 51 94 64
187 376 65 80 73
376 900 50 54 52
376 323 78 90 79
376 567 43 57 56
376 278 83 88 88
188 1085 34 94 94
188 210 81 84 81
188 192 51 83 72
188 615 89 95 93
1085 366 36 45 42
192 230 85 97 96
192 70 74 99 98
615 189 33 41 41
1156 604 72 77 73
1156 457 40 81 44
1156 433 37 45 38
190 944 34 35 35
944 175 83 91 88
944 686 12 71 55
944 518 76 89 87
230 979 49 92 88
230 921 28 44 30
193 389 87 100 96
193 734 83 100 90
734 792 79 83 80
195 372 73 90 86
195 94 62 89 76
196 278 53 95 61
196 351 52 69 58
278 1032 93 99 96
197 930 13 87 77
197 692 70 93 90
197 96 35 56 42
197 74 43 69 59
828 565 23 27 24
828 20 31 87 52
828 803 47 63 58
828 273 28 39 36
1107 331 33 78 39
1107 269 80 81 80
666 421 31 89 86
666 799 28 34 34
666 515 79 88 85
199 1095 83 90 88
199 90 28 42 34
199 287 55 62 57
199 5 91 100 95
287 152 17 30 23
287 417 81 86 83
417 563 85 95 91
417 861 18 34 23
417 1046 22 96 54
201 688 21 26 23
201 874 67 75 74
688 295 19 84 50
688 1144 41 47 43
202 939 66 77 77
202 893 93 99 93
939 783 22 97 24
939 813 26 67 56
939 25 70 90 87
939 398 57 83 77
939 332 66 79 79
893 1081 25 38 33
203 627 30 75 67
627 152 55 61 56
627 223 17 80 35
627 16 16 99 22
204 1059 76 89 86
1059 1009 21 47 46
1059 693 35 78 73
1059 923 62 69 65
384 1085 64 85 73
384 876 80 85 82
1066 512 80 91 89
1066 252 52 96 66
868 804 91 100 93
868 553 27 49 37
378 113 21 64 41
209 502 82 86 82
209 252 56 83 83
209 1147 70 77 72
1044 165 72 81 72
885 321 36 78 67
213 384 56 90 88
213 720 52 66 65
213 381 49 86 65
381 431 46 94 71
214 930 38 60 60
215 1190 26 55 42
216 455 60 88 80
217 731 27 91 70
217 841 91 94 94
217 32 66 74 73
841 859 26 44 38
841 285 89 98 93
841 195 68 79 77
841 648 91 94 93
219 1114 33 39 35
219 334 88 92 89
219 359 67 82 75
219 23 50 76 63
1114 637 43 44 44
359 226 24 32 30
775 1151 24 30 25
775 611 23 58 41
323 663 70 98 79
323 124 41 86 58
323 986 47 84 55
323 509 68 90 79
221 403 50 96 76
221 213 13 18 16
221 1083 85 90 85
221 548 25 96 58
403 697 81 89 82
548 139 61 94 88
548 1105 95 100 97
548 736 94 96 95
548 471 59 77 66
222 1146 27 93 91
222 190 48 54 50
222 896 19 42 31
222 650 16 38 33
222 172 57 65 57
1146 302 16 76 16
1146 111 94 95 95
1146 1019 78 91 89
223 1150 85 98 96
223 39 88 90 90
224 900 48 64 56
224 1015 66 80 77
224 1085 31 51 34
900 505 55 91 60
1015 135 47 80 59
1015 806 82 97 96
225 1093 21 44 29
225 33 11 95 94
225 92 74 89 87
225 178 13 75 75
848 176 58 89 78
848 818 47 71 69
458 416 78 90 83
458 361 46 87 65
458 84 42 99 83
458 501 31 35 34
458 1045 95 99 96
458 319 73 93 74
228 332 18 73 61
228 700 19 66 37
228 1082 88 90 88
228 895 22 97 47
228 775 23 69 66
228 408 77 89 80
332 167 40 72 45
1082 1144 40 77 49
1082 643 49 50 49
1082 896 88 89 88
408 462 16 69 48
914 323 11 56 49
914 915 70 79 77
914 986 65 95 94
914 534 61 88 87
593 778 48 49 48
593 974 43 49 43
593 762 56 73 65
593 532 61 66 65
232 346 94 99 97
232 662 43 64 46
232 110 15 64 44
232 1131 85 96 86
232 902 61 67 67
232 283 57 62 60
346 909 59 83 68
346 201 86 93 86
662 956 19 46 27
662 1109 26 76 49
662 132 68 92 87
902 893 25 61 49
902 777 55 82 82
902 7 16 72 43
902 399 15 23 23
902 95 84 85 84
283 592 76 77 77
283 524 86 90 87
234 510 25 74 41
234 559 86 98 90
510 915 22 50 26
510 726 49 50 49
510 759 67 95 90
559 966 64 69 65
559 18 54 58 58
236 1060 72 88 87
1060 1012 22 99 57
1060 733 81 82 82
1060 247 80 96 96
1060 661 95 96 95
239 795 32 38 36
239 464 26 41 29
239 367 27 62 42
239 447 77 90 86
239 684 81 97 94
684 87 45 48 45
240 583 56 74 57
728 851 19 100 93
726 412 15 59 20
726 635 67 83 68
243 1009 44 46 44
243 67 55 70 61
243 855 85 86 85
244 856 54 91 64
244 494 43 69 44
244 941 38 58 53
941 207 25 96 53
941 314 65 71 66
941 173 29 50 42
918 88 22 88 31
918 1177 29 64 50
435 503 18 99 55
435 1139 85 98 87
301 881 61 66 66
301 515 32 52 34
637 407 66 73 67
637 1162 69 80 75
637 107 33 97 87
248 996 10 33 16
248 419 78 90 79
248 226 43 44 43
249 408 17 67 26
251 498 12 60 33
251 735 51 80 72
251 198 79 92 89
498 334 17 72 64
498 732 76 83 83
253 928 91 98 94
253 835 24 47 26
254 818 13 89 36
255 851 34 70 42
255 1040 41 61 58
1040 832 76 95 81
1040 391 72 90 85
1040 1070 11 100 82
257 1180 38 87 77
1180 1139 74 85 85
1180 1004 81 93 93
1180 229 60 87 71
258 1097 47 99 71
258 895 12 17 14
258 82 65 83 82
258 1089 61 66 66
258 408 75 100 89
1097 935 60 76 64
259 1168 28 43 42
1168 505 24 57 48
1168 1139 54 57 56
260 396 68 69 68
261 424 57 72 58
261 566 66 89 82
424 260 63 76 76
424 320 60 76 69
424 1152 57 92 78
870 1167 80 86 81
870 1108 32 56 45
263 864 92 94 94
263 563 44 61 49
263 817 60 97 77
864 354 79 87 80
864 387 61 87 77
864 785 83 92 90
864 71 44 65 56
864 978 55 88 75
563 316 73 97 81
563 437 24 82 28
817 1030 62 66 64
817 306 48 95 51
817 542 46 95 79
265 481 55 99 57
265 423 68 74 70
265 495 74 86 84
265 134 90 96 95
265 477 80 83 81
481 1030 79 80 80
481 708 66 97 89
423 977 25 40 29
423 16 17 43 40
423 411 75 93 88
495 654 92 96 92
495 660 68 78 75
477 13 27 77 40
267 1172 52 59 56
267 700 17 36 23
268 626 51 62 54
268 923 57 69 59
269 341 87 95 94
341 657 53 88 69
341 545 57 93 62
341 986 48 83 48
270 83 37 53 41
270 1136 82 99 91
270 353 37 76 41
1136 803 19 75 29
271 1033 52 77 63
1033 558 55 70 57
1033 185 51 70 67
1033 708 31 90 84
272 95 95 99 95
272 1165 67 88 74
272 32 27 49 45
272 1167 20 31 29
272 354 16 94 35
1167 511 29 94 56
1167 993 12 64 14
273 543 61 67 63
273 794 76 81 77
273 954 27 89 54
794 343 25 73 71
794 1005 33 81 60
954 297 87 95 91
274 716 22 34 22
275 876 30 87 78
876 1068 61 64 63
876 944 74 75 74
276 149 73 93 87
276 920 60 62 61
1032 14 52 90 87
1032 610 87 97 92
952 395 36 42 36
281 300 33 53 49
281 797 10 74 42
797 1178 90 94 92
797 359 54 75 73
958 598 45 91 47
592 680 48 80 74
592 774 82 95 89
592 152 18 39 21
284 376 10 58 27
284 417 59 65 60
288 607 70 81 81
288 734 46 94 65
289 499 93 96 94
289 1022 78 79 78
1022 473 85 95 93
1022 820 85 93 90
1022 214 51 57 56
1022 230 61 88 80
290 135 19 55 50
290 22 36 62 51
295 533 38 39 38
295 1119 87 88 87
295 716 54 69 62
533 819 66 76 76
533 823 44 51 44
533 199 70 87 75
1119 851 27 38 36
1119 1178 79 82 81
296 655 16 96 74
296 566 14 97 59
452 1042 89 90 90
298 868 21 53 28
298 567 54 59 59
298 616 90 91 91
567 259 29 48 44
567 742 15 23 23
567 545 80 96 88
616 443 72 90 73
299 264 11 68 13
299 642 76 94 88
642 15 88 90 90
642 1186 78 87 87
804 36 69 75 70
804 157 64 85 84
804 605 67 78 77
804 41 17 68 44
515 939 59 83 78
515 773 79 96 81
302 598 95 100 98
598 256 32 74 70
598 1157 19 33 22
305 542 87 90 88
305 152 53 69 67
305 587 56 92 58
542 1102 94 99 98
542 85 23 91 72
542 1094 87 95 90
307 1027 54 72 55
1027 1135 21 91 84
1027 884 93 100 93
1027 545 61 99 83
308 910 49 73 49
308 1123 75 83 75
308 61 86 100 91
308 455 89 92 91
910 1143 79 95 85
910 1162 88 92 90
910 807 55 59 58
910 1033 40 72 72
309 877 89 98 91
309 1050 35 42 35
877 465 84 98 91
877 548 76 84 82
1050 346 50 55 50
1050 857 91 92 91
311 41 76 78 78
311 763 50 61 51
763 988 38 40 38
763 327 26 56 45
763 197 28 40 36
763 668 16 38 21
312 1031 18 25 19
1031 329 70 77 73
1132 286 45 66 57
1132 146 71 94 73
314 480 39 71 70
314 827 32 41 34
314 182 49 62 60
827 1040 27 51 48
827 841 14 88 16
827 482 50 90 62
827 683 24 85 37
315 90 37 100 63
315 811 93 95 93
315 883 27 99 75
315 993 53 66 61
315 1031 24 55 53
811 293 12 27 13
811 938 14 26 19
811 664 21 90 69
883 419 70 71 71
883 296 94 100 96
993 336 22 58 55
993 324 81 95 84
993 1155 42 50 47
891 984 51 93 85
891 1181 72 77 73
317 1102 92 100 99
737 956 45 55 48
737 1129 74 75 74
691 944 32 50 35
875 435 46 50 50
875 1020 67 76 67
875 1057 37 45 39
875 827 40 43 40
321 521 85 91 87
521 163 64 98 85
995 260 64 88 68
995 747 10 83 35
869 702 47 97 71
869 1123 33 71 38
1157 477 95 98 95
1157 743 87 94 93
1157 27 44 99 94
663 1008 56 87 57
663 963 84 100 99
663 536 56 63 63
1068 315 86 100 98
1068 967 63 96 73
1068 870 91 93 91
1068 562 91 94 92
380 141 29 58 54
380 1089 61 99 66
517 622 73 89 88
344 576 95 96 95
344 755 25 90 55
344 812 37 56 44
329 124 32 69 63
329 347 39 65 45
329 876 64 72 64
947 895 10 67 30
947 539 38 65 45
331 1035 41 80 63
1035 197 14 73 53
1035 22 90 93 90
796 90 49 58 55
796 412 24 45 24
796 635 28 60 40
546 832 46 69 48
546 852 81 86 83
546 713 69 96 85
335 783 44 60 51
335 856 65 77 68
783 320 48 90 59
783 210 65 69 67
336 320 42 93 67
337 739 67 99 90
337 372 53 76 63
337 394 77 81 80
664 133 60 88 65
664 765 64 90 70
664 164 87 95 88
664 279 23 42 38
339 982 33 64 63
982 893 33 93 68
982 770 21 35 26
340 895 86 96 88
340 36 51 81 67
657 505 37 56 46
657 54 36 90 56
657 671 11 40 15
545 933 45 55 49
343 1140 57 98 58
343 491 14 70 25
1140 344 75 100 86
491 822 73 84 80
491 1133 82 90 90
576 1043 77 98 81
576 939 53 58 53
576 174 56 70 68
755 78 94 100 98
755 1082 40 93 84
933 991 12 97 51
933 672 52 95 88
933 964 50 86 86
933 977 21 78 38
909 631 80 89 85
909 955 20 49 22
348 670 48 76 50
670 190 87 98 98
670 840 28 65 50
670 63 15 21 17
886 709 67 71 67
882 203 89 95 93
998 300 47 96 84
998 1122 78 98 81
998 210 69 95 75
401 511 81 97 90
401 461 57 91 88
483 603 52 100 60
483 1173 89 96 91
1072 109 34 41 35
779 54 94 98 95
357 1117 78 85 83
357 384 43 54 47
357 130 49 62 58
1117 534 58 60 58
1117 450 65 85 79
360 909 71 91 77
360 455 51 53 51
362 848 67 91 73
362 1023 22 80 26
1023 64 85 87 87
1023 27 21 27 25
1023 197 12 18 16
363 333 93 99 98
363 1043 83 86 86
363 471 88 93 88
363 457 78 79 78
363 956 18 52 36
1043 74 69 72 70
1043 1128 57 74 59
1043 562 51 54 54
365 113 22 25 25
366 176 48 70 59
366 102 59 61 61
366 715 32 47 38
715 393 48 93 66
715 317 35 96 96
715 1039 81 92 81
746 1116 20 90 87
368 1144 49 62 50
368 964 46 75 46
964 788 46 73 61
369 793 83 96 95
370 340 52 69 58
370 364 17 45 23
370 9 77 79 78
370 768 74 79 79
768 70 48 57 56
768 1042 48 77 50
768 974 31 64 35
768 541 60 70 70
371 764 23 58 30
371 68 32 52 38
764 642 87 89 88
373 908 29 54 41
373 351 56 78 69
908 1026 22 37 36
908 39 69 89 84
908 134 38 77 38
908 102 84 97 97
908 290 51 55 54
908 363 75 81 77
908 202 84 90 88
999 271 65 70 70
382 8 17 21 21
382 608 43 61 60
383 964 90 94 90
383 638 94 95 95
638 470 66 85 68
638 991 29 79 61
638 825 54 77 57
385 902 89 95 92
385 35 82 83 82
386 918 46 98 56
386 714 80 90 82
386 455 20 88 21
714 832 68 71 68
388 404 28 70 44
388 196 93 97 96
388 638 39 82 76
388 286 80 97 90
388 185 47 54 50
388 239 82 85 83
404 183 41 71 71
404 20 18 41 34
404 1072 52 62 56
390 1019 69 85 74
390 292 58 76 64
602 997 59 84 79
602 1122 16 39 27
392 451 62 85 67
451 3 70 87 74
451 600 94 95 94
397 102 21 78 54
397 603 68 73 70
603 1103 45 64 64
398 56 73 91 79
400 1182 31 96 75
1182 731 18 20 18
511 522 51 70 52
511 54 67 84 68
511 708 47 75 66
461 654 95 97 95
461 392 89 96 96
461 1010 42 64 56
697 249 91 93 92
697 57 23 38 30
697 334 46 48 46
405 863 90 94 92
405 887 43 75 64
863 307 45 90 73
887 269 47 83 55
887 155 12 57 47
887 510 92 96 93
887 972 27 77 53
887 815 11 58 52
406 1036 94 96 96
1036 505 56 87 57
1036 140 26 71 33
407 467 49 95 80
467 420 44 62 56
467 137 29 36 29
467 416 33 65 35
410 710 22 99 62
410 608 46 80 47
710 53 25 48 40
710 995 15 76 65
710 1071 18 68 55
710 685 56 98 65
412 1137 48 73 54
1137 140 91 94 94
414 48 88 97 91
414 684 44 76 53
414 453 81 87 82
414 646 77 78 78
453 26 55 69 56
453 78 43 78 77
453 1182 25 36 25
646 1127 77 89 89
861 911 17 54 47
861 804 30 59 42
1046 535 92 96 93
1046 905 68 96 71
420 773 69 91 89
420 393 13 41 26
420 84 91 95 92
773 90 91 100 95
421 589 31 73 38
589 1115 32 50 34
422 870 21 45 29
422 1027 56 76 58
422 324 42 89 64
422 1078 94 99 97
422 464 12 27 13
1152 122 55 79 74
425 97 72 85 85
425 1116 38 56 47
425 625 59 82 72
1116 687 65 94 85
1116 1131 44 85 58
625 614 55 93 87
426 762 55 82 77
429 905 84 86 86
429 655 45 59 45
905 948 74 93 90
1018 738 70 98 84
1018 311 48 74 72
1018 1086 27 72 62
1018 393 55 68 66
439 653 20 63 61
439 975 77 80 79
439 1120 12 61 29
439 728 76 88 80
439 294 54 59 55
490 1043 63 89 86
490 203 95 99 97
490 676 28 89 81
432 1095 91 98 92
1139 1165 36 100 75
1139 519 85 86 85
436 1021 19 52 51
1021 966 93 99 96
1021 1012 50 67 52
1021 359 62 64 63
975 1128 56 68 65
1120 375 83 84 84
1120 302 78 84 78
1120 125 90 98 96
1120 1116 54 64 61
440 722 83 86 83
440 1041 50 58 57
440 185 83 85 85
441 197 70 77 71
442 957 91 94 94
442 1157 46 79 48
957 375 26 63 30
957 1077 78 93 91
444 874 33 70 52
444 1072 24 95 58
682 514 56 65 56
682 56 63 85 73
682 405 73 76 75
682 703 79 95 92
682 1149 63 88 85
805 1179 49 79 72
450 1005 72 89 83
450 649 73 75 73
1005 248 37 96 67
600 460 79 84 82
600 734 74 77 77
600 874 11 16 12
600 1082 26 81 41
1042 1084 73 81 79
1042 773 13 80 60
1042 463 52 80 52
454 855 87 90 87
454 1140 52 96 94
454 262 38 87 62
456 798 69 96 90
456 5 26 47 40
798 1130 58 98 82
798 988 94 98 94
798 467 11 57 41
1045 957 64 79 66
1045 96 84 87 86
459 626 82 98 96
459 698 91 97 91
698 900 21 53 23
698 348 50 73 67
698 33 46 75 53
913 1083 37 91 58
654 24 30 75 38
654 112 94 95 95
654 960 32 78 35
1010 756 16 67 35
1010 1095 17 84 28
1010 816 39 77 70
1010 809 56 77 56
751 674 36 46 38
751 56 13 31 20
751 1143 88 95 91
751 13 44 94 59
463 227 61 74 62
463 203 85 97 91
465 886 82 88 82
466 1169 11 12 11
1169 90 39 47 42
468 233 70 88 75
468 1150 93 98 98
470 714 21 90 23
470 133 77 79 78
472 316 50 89 80
474 884 31 40 32
619 285 75 98 98
619 393 56 74 58
821 150 68 98 81
479 1054 90 92 90
482 622 78 95 80
482 1145 78 96 89
482 887 28 86 61
622 418 79 94 84
622 464 61 100 87
622 74 40 46 46
1145 406 57 85 83
1145 119 23 46 26
1145 269 65 93 70
1145 703 41 55 44
1173 740 77 79 79
484 403 12 31 20
484 319 88 98 96
485 500 20 80 58
485 792 51 84 54
500 278 54 84 69
500 679 11 23 18
792 537 14 93 68
792 551 31 52 39
585 1068 38 93 46
676 105 18 89 55
822 719 58 76 61
822 780 73 99 84
1133 1073 40 84 64
493 355 72 83 81
493 602 44 78 51
493 271 62 68 64
493 158 71 96 84
493 742 23 61 38
1125 562 66 72 66
1125 443 38 99 97
1125 771 35 56 51
1002 323 68 81 70
1002 257 90 91 91
1002 1075 34 63 34
1002 895 21 59 38
1002 458 30 95 89
660 689 23 60 45
660 642 54 81 79
496 607 93 100 100
497 669 60 81 61
669 503 51 61 60
669 670 64 97 79
669 841 38 89 68
538 836 36 93 93
850 166 54 66 65
850 245 41 45 42
504 407 69 89 86
504 785 24 67 60
505 449 92 97 93
506 492 85 93 88
506 422 49 65 50
506 877 36 80 40
759 1149 95 100 96
759 961 26 45 41
522 1156 50 93 69
512 1089 50 75 55
512 550 27 63 44
550 421 64 71 70
514 864 31 51 41
514 15 25 31 25
514 1064 88 89 89
516 1038 39 69 59
516 759 57 91 87
516 881 16 92 30
518 894 62 100 67
518 221 37 83 75
518 525 25 68 52
518 1037 34 35 35
518 635 63 83 66
894 929 70 92 72
894 470 72 78 75
894 495 83 88 87
894 795 29 38 36
635 419 33 98 91
635 179 68 94 70
631 474 26 90 61
631 165 62 74 62
523 838 18 43 40
656 897 77 85 83
656 31 10 90 23
656 480 91 100 97
656 478 86 100 100
656 1072 79 89 89
526 804 83 95 92
526 907 37 70 59
907 818 10 29 13
907 892 51 59 53
907 53 81 84 83
907 746 82 97 86
527 944 31 48 47
529 44 76 82 82
529 817 86 89 89
819 762 95 96 96
819 301 20 39 20
819 573 89 100 95
823 818 84 93 88
823 571 59 79 72
534 776 23 98 26
534 604 94 100 96
534 360 27 66 64
534 904 39 63 55
776 434 62 99 87
776 150 86 99 90
904 461 18 66 56
904 181 53 88 72
904 961 84 85 84
535 739 39 42 40
535 528 54 59 54
536 549 53 95 57
536 356 88 100 95
536 738 92 94 93
536 302 43 55 44
549 711 15 56 51
537 524 24 86 75
836 242 69 90 81
539 834 88 95 91
539 135 67 81 68
540 931 57 96 59
931 38 43 67 46
541 836 61 96 88
1094 826 22 75 62
1094 825 27 75 75
1094 888 18 59 40
974 717 84 94 84
974 923 76 92 90
974 1154 13 68 42
974 127 28 30 29
974 48 35 43 36
544 668 47 94 56
544 485 43 51 44
544 376 44 73 64
668 886 88 92 89
852 835 91 92 92
852 960 15 44 31
547 160 12 17 16
547 158 87 98 90
736 882 39 91 49
736 861 83 92 85
736 469 20 44 35
711 174 43 98 57
711 753 15 17 16
711 335 67 94 83
551 1032 38 92 49
551 638 35 66 60
551 841 87 100 92
675 154 13 68 30
675 840 81 97 87
675 618 86 98 87
555 914 92 98 94
557 760 42 73 45
557 835 20 24 22
557 730 28 88 80
760 679 78 100 96
966 561 12 95 37
833 1067 59 92 75
761 193 50 78 69
761 841 57 100 64
761 112 56 82 57
761 584 58 67 62
761 24 61 78 66
791 570 49 94 86
565 786 28 66 34
565 32 16 42 33
565 519 36 78 74
565 88 60 93 83
786 72 16 22 17
786 700 44 68 44
786 431 87 90 90
786 910 10 65 44
568 166 20 61 57
568 1030 54 81 58
569 678 32 59 53
569 1016 10 54 14
678 160 91 92 92
1016 260 57 73 71
709 556 87 99 91
709 1188 49 91 56
709 569 53 75 53
934 115 60 95 86
572 435 91 99 93
572 184 77 88 82
1080 967 43 51 47
1080 74 25 37 25
1080 41 24 45 26
873 1109 62 65 64
873 489 66 69 68
873 856 78 85 79
873 331 34 70 69
873 288 30 87 78
575 68 41 54 52
577 131 50 62 51
577 937 27 77 51
578 334 13 87 73
578 50 68 69 69
578 250 77 80 80
740 148 90 94 93
740 594 80 98 82
740 153 56 63 62
740 1059 49 93 89
580 227 63 81 77
580 443 62 79 77
582 804 80 98 94
584 700 31 34 33
586 1079 50 99 53
586 501 79 93 90
1079 1185 68 79 74
588 147 43 72 59
1115 357 62 87 77
1115 712 30 91 37
1115 526 19 43 42
590 283 61 71 62
590 279 68 87 72
680 550 83 85 84
774 1136 94 99 97
774 1126 19 69 54
774 33 75 77 77
594 1001 62 65 62
594 789 68 100 73
596 845 91 100 100
596 466 67 73 67
597 320 55 82 70
597 144 34 90 62
599 455 46 99 46
599 682 90 95 95
601 742 74 96 87
997 199 27 57 34
997 1147 59 62 62
997 709 21 82 72
997 392 50 56 54
997 305 16 23 21
997 129 91 93 92
997 513 36 76 64
1103 599 68 95 70
1103 972 63 100 92
1103 252 66 87 66
1187 553 21 82 69
1187 678 70 83 73
1187 491 26 66 66
968 132 90 97 93
968 543 31 59 37
968 227 51 93 91
609 107 66 95 85
609 720 77 84 78
609 1088 52 86 64
609 881 11 43 16
609 1113 31 92 75
609 1014 53 93 70
1113 666 74 95 88
1113 616 62 65 64
1014 247 53 90 58
1014 341 27 30 29
1014 79 80 88 80
1014 792 46 54 48
1014 480 25 49 47
1014 940 63 86 79
614 87 72 84 78
614 767 64 67 64
614 1111 66 68 68
614 992 87 99 94
614 1160 13 58 23
1111 724 62 80 75
1111 201 37 68 44
1111 263 68 80 70
1111 654 90 91 90
1111 678 52 96 75
992 1097 68 93 91
992 531 32 100 65
1160 640 43 45 45
1160 1059 92 98 97
1160 888 76 88 85
1160 398 54 58 57
1160 639 23 93 23
618 110 18 69 58
618 824 30 54 52
618 13 46 49 49
824 945 22 64 61
824 539 55 81 81
824 986 40 92 71
621 959 21 49 42
621 976 43 92 82
621 505 19 47 46
621 58 34 49 34
621 705 52 82 62
976 250 92 95 93
705 216 65 95 91
623 1016 43 56 51
623 943 91 98 91
623 543 76 94 93
623 32 52 64 56
623 958 80 96 91
643 11 68 87 74
643 218 59 82 61
643 390 78 84 84
643 225 50 85 57
629 441 81 92 91
629 221 14 35 16
629 219 53 86 62
629 196 21 39 22
632 855 36 52 52
633 692 63 76 73
633 1088 57 73 67
633 35 64 73 65
633 791 95 100 99
636 17 40 57 54
1162 817 27 87 50
825 858 59 70 63
825 249 33 99 63
639 146 82 97 91
639 159 54 98 67
639 770 91 98 92
639 156 11 88 16
770 295 74 82 75
640 769 93 98 96
640 484 50 63 63
769 157 22 23 23
644 514 94 95 95
644 1129 77 89 83
644 97 16 58 37
644 341 39 44 39
645 529 40 86 85
1127 519 18 70 22
1127 136 37 83 71
647 1090 21 99 99
647 242 30 61 34
647 411 86 93 87
648 156 66 73 69
1141 365 10 77 29
1141 1 40 78 61
1141 834 18 65 57
1141 534 54 99 97
671 31 41 82 80
671 615 43 98 79
658 925 85 91 89
925 475 51 73 62
925 116 79 94 82
659 581 11 94 12
659 140 37 41 38
659 562 28 39 29
659 482 62 70 67
1008 1007 89 96 93
1008 1172 62 74 62
765 132 68 86 72
765 712 50 75 75
665 163 11 41 38
665 73 80 90 86
665 668 89 92 89
799 647 89 91 91
799 884 27 61 42
667 345 89 98 95
667 341 64 81 70
667 838 32 79 36
840 1057 15 90 15
840 529 15 87 28
840 280 66 95 77
840 566 87 95 94
672 238 10 33 21
673 125 10 68 49
673 1069 24 85 55
1069 295 20 52 23
674 311 84 87 84
674 998 49 75 72
677 1090 18 71 53
681 365 11 29 20
681 1039 73 90 90
681 443 51 78 64
681 503 14 57 57
681 592 44 68 48
703 831 29 98 95
703 708 84 93 92
1149 1111 86 96 95
1149 367 94 99 97
1149 316 64 81 76
1149 1112 81 87 87
1149 901 74 95 85
683 300 42 55 53
683 552 19 78 25
685 1079 90 93 92
686 1061 27 51 37
686 161 82 98 84
686 1053 86 97 94
989 29 95 96 96
989 978 24 73 70
906 1046 55 67 58
906 677 14 44 23
906 1185 20 51 25
906 235 89 91 90
696 861 78 83 80
696 1090 39 66 42
696 629 24 71 40
699 541 70 92 91
699 46 62 75 72
699 599 27 44 42
699 460 79 93 81
701 57 26 50 26
701 186 67 79 74
701 695 20 29 28
729 947 11 33 12
831 240 90 94 91
831 118 50 54 50
706 374 47 89 87
707 583 70 86 70
707 224 91 94 91
707 516 31 49 36
707 220 49 71 55
707 118 46 97 54
1188 955 80 96 84
1188 641 84 96 89
1071 219 65 76 68
753 512 66 70 68
753 1089 31 51 39
753 227 79 99 90
717 223 20 41 21
717 1043 12 49 39
717 995 12 79 74
717 268 65 97 85
718 1121 14 26 17
723 876 79 93 86
723 12 62 96 91
724 280 31 57 32
724 935 78 98 86
724 136 56 80 63
724 1086 81 98 95
724 786 74 94 84
724 430 87 89 87
935 264 49 69 54
935 880 65 75 71
733 857 90 99 90
733 1044 72 87 85
733 412 41 70 47
857 74 38 47 44
1176 11 10 34 26
1176 914 11 15 12
1176 945 13 68 29
741 761 59 72 62
748 859 42 44 42
748 897 78 97 83
748 293 46 63 47
748 121 51 67 55
748 893 62 68 63
748 594 16 32 24
859 109 91 93 92
859 672 35 45 41
859 749 36 82 58
859 1130 82 83 82
749 557 26 82 48
749 885 43 52 49
749 398 56 93 86
749 1023 80 99 87
750 1110 49 98 49
1110 921 71 93 89
1110 350 88 99 94
1143 443 73 97 74
1143 846 54 91 60
810 85 84 85 84
756 172 43 52 43
756 1075 24 89 37
1075 879 76 84 84
758 325 33 48 48
758 786 52 77 74
758 518 84 92 91
988 947 15 80 76
988 199 27 56 46
899 282 79 86 86
899 859 35 72 53
899 329 49 50 49
899 400 72 86 81
899 1143 23 36 35
772 685 79 96 82
1151 904 26 79 65
1151 103 66 87 85
1151 692 29 62 61
780 534 18 100 93
780 714 33 38 38
987 183 79 91 83
987 1046 11 59 28
787 631 52 63 60
787 875 29 40 30
787 942 93 98 93
942 386 81 93 84
942 58 85 96 89
790 207 66 86 74
790 567 19 52 38
790 331 83 97 91
949 853 41 49 46
949 769 88 92 89
949 1125 32 76 67
1130 262 76 93 77
1130 305 60 91 79
1130 827 88 95 93
1130 907 52 91 54
802 671 39 65 44
802 401 37 43 40
802 172 34 50 40
802 777 16 79 26
803 660 94 100 94
807 829 65 92 70
808 149 92 94 92
808 401 47 67 60
808 261 49 86 85
808 990 11 89 88
809 562 45 52 52
938 1128 16 95 91
938 644 82 97 96
815 739 29 86 43
815 699 65 87 87
815 458 30 60 57
816 246 82 90 84
816 513 82 94 89
945 1171 63 98 80
945 218 13 22 18
945 568 56 58 56
945 1144 53 96 56
1067 238 85 87 87
1067 925 54 55 55
837 610 87 92 87
837 141 66 92 71
837 967 78 95 81
843 805 52 54 54
843 243 28 90 37
843 764 10 80 74
844 289 93 98 94
846 513 89 98 90
849 1153 36 55 44
849 669 87 88 87
1153 439 39 50 42
1153 1085 68 82 79
853 827 40 53 52
853 427 39 97 90
853 109 77 83 80
854 234 43 58 53
854 22 92 93 92
854 679 89 97 95
854 691 17 84 74
911 735 48 92 83
911 39 32 69 69
862 545 66 93 85
862 354 80 89 85
978 424 74 95 77
978 216 20 64 37
865 1132 55 100 56
866 684 56 71 57
866 642 64 82 74
866 199 67 77 67
866 1055 51 96 72
1055 527 90 99 94
1055 338 48 53 49
867 1059 18 19 19
871 911 32 91 51
871 178 37 84 67
871 949 42 81 49
871 1164 10 45 33
1164 650 31 54 31
1164 1033 49 87 84
872 1108 42 88 77
872 13 51 59 53
872 668 56 86 75
872 906 71 87 74
872 845 54 62 59
878 219 72 73 73
878 175 66 73 68
878 827 49 63 57
879 874 85 88 85
879 297 42 93 60
879 482 59 80 70
879 510 48 90 59
879 924 52 88 65
880 113 77 87 77
888 1046 75 82 80
888 1103 20 95 42
888 202 68 98 94
888 995 57 82 59
889 104 15 56 17
890 529 30 35 31
890 203 53 89 70
984 416 24 52 51
1181 993 17 52 42
1181 62 84 89 84
1181 449 63 87 76
1081 218 73 75 75
1081 676 85 88 86
1081 991 50 71 70
1081 766 42 58 45
1081 1045 71 75 71
1081 509 70 92 79
901 261 38 74 48
901 303 75 87 80
901 297 29 57 46
903 556 58 92 81
903 1093 33 75 75
948 918 65 83 79
1185 784 67 71 68
1026 0 60 81 74
1026 401 38 60 54
1026 541 72 99 78
1000 628 84 98 86
1000 1166 73 99 76
1161 1107 83 98 90
1161 454 49 69 52
916 620 95 98 96
916 886 20 71 26
916 3 25 95 87
1177 5 26 80 27
1177 162 19 45 27
1177 253 37 53 53
1177 1135 87 96 95
1177 317 58 67 61
919 796 50 95 88
919 797 26 82 40
926 610 56 83 73
926 268 19 88 81
926 405 45 92 92
932 918 69 87 72
1171 606 61 93 87
946 265 93 99 99
946 69 58 73 68
950 590 20 37 32
950 686 20 34 31
950 486 37 65 60
950 286 12 18 13
950 557 26 51 50
951 631 94 99 96
953 1079 17 38 27
1077 336 73 91 80
962 877 13 28 17
962 778 64 99 70
965 161 17 52 29
965 824 18 31 22
965 1190 15 61 40
971 1000 75 77 76
971 1092 10 66 44
971 800 61 65 64
971 1161 80 84 83
1092 890 39 55 40
1092 1183 77 78 77
1092 658 35 84 57
973 0 61 62 61
973 1009 31 51 32
1154 553 53 94 85
1154 1124 72 78 75
1154 687 33 59 47
980 1162 49 87 76
980 649 38 99 61
980 1034 50 51 50
980 430 60 69 64
980 476 48 79 57
985 743 29 57 50
985 501 91 92 92
985 540 83 85 84
994 769 83 86 86
994 315 77 86 79
994 297 48 81 67
1012 1119 54 56 54
1012 490 66 88 68
1003 430 39 91 54
1007 245 92 98 94
1013 653 85 87 87
1024 820 30 49 39
1024 645 13 36 23
1084 557 11 53 35
1084 110 65 83 74
1048 874 44 98 80
1052 1170 53 67 64
1056 433 68 79 70
1056 1117 27 68 55
1058 149 42 82 70
1058 926 21 67 63
1058 858 33 41 40
1063 529 48 53 52
1065 393 52 81 80
1074 765 80 94 86
1074 598 28 97 56
1076 741 51 65 65
1076 699 79 85 85
1091 471 29 66 66
1096 614 34 49 37
1100 370 84 92 88
1100 284 16 48 45
1106 1144 70 71 71
1106 553 22 33 25
1106 282 33 62 56
1112 965 85 89 86
1118 122 57 94 60
1118 801 12 75 73
1134 869 13 100 72
1175 616 10 91 28
1175 913 93 97 95
1175 271 73 82 74
1184 1134 66 91 87
0 1190
