49 180
0 36 59 65 61
0 44 53 99 72
0 47 75 80 76
0 1 14 49 38
36 48 41 45 42
36 35 63 79 74
36 21 17 18 17
36 23 77 91 85
36 7 93 96 93
36 16 83 89 84
36 46 44 49 45
36 37 58 84 66
47 24 61 66 66
47 31 73 78 76
47 2 51 73 69
47 44 94 100 96
47 13 60 90 77
47 21 59 77 77
1 4 57 80 65
4 14 77 100 91
4 24 55 85 62
4 42 48 85 48
4 47 87 95 90
4 1 36 45 38
4 48 62 81 68
2 4 25 95 40
2 7 93 97 96
2 30 86 88 87
2 48 66 100 70
2 42 47 53 49
2 9 48 73 62
7 48 40 79 46
30 31 12 73 14
30 0 56 66 60
30 3 28 58 30
48 5 48 92 92
48 2 71 77 72
48 24 86 98 96
48 27 32 43 35
42 9 61 84 69
42 16 92 97 92
42 36 14 40 32
42 3 57 76 58
42 38 36 48 48
9 15 92 96 92
3 17 81 97 84
3 6 56 75 68
3 44 45 59 54
3 10 78 82 78
3 19 21 84 36
17 29 78 80 80
17 36 66 96 89
6 36 48 91 52
6 22 83 100 100
6 5 65 91 81
6 10 55 70 59
10 30 60 100 80
10 46 67 98 79
10 45 71 73 72
19 15 21 59 33
19 25 23 85 58
19 3 86 96 86
14 32 89 99 91
14 42 15 41 23
14 1 78 97 81
14 37 16 64 31
14 20 35 63 48
14 4 94 98 98
24 26 77 96 92
24 0 38 71 48
24 21 84 88 88
5 25 83 99 96
5 21 10 65 31
5 20 69 74 69
25 23 92 96 93
25 8 47 87 60
25 28 57 73 72
21 16 15 67 57
21 10 57 68 57
21 18 49 95 70
21 25 18 41 22
21 7 35 38 38
20 7 56 82 73
22 21 66 72 70
22 39 61 74 66
22 37 75 86 84
22 30 78 96 91
22 47 55 93 77
8 14 55 98 63
8 34 82 89 87
8 42 18 29 23
8 6 69 88 74
34 7 48 61 55
34 47 51 79 70
34 29 48 77 58
34 30 37 100 73
34 2 23 52 44
34 17 89 94 94
15 4 24 43 30
15 31 40 77 51
15 5 83 94 89
15 11 93 98 94
46 14 53 72 59
45 48 30 34 31
45 26 60 77 76
45 46 95 97 97
45 13 44 55 54
45 19 91 93 91
11 13 12 82 59
11 26 61 81 78
13 35 45 63 59
13 36 54 98 55
13 25 10 52 11
13 3 85 91 89
13 40 47 79 76
13 29 72 97 81
26 9 85 95 91
26 39 53 83 70
12 19 10 22 12
12 21 12 25 14
12 22 59 87 60
35 19 21 53 45
35 13 74 83 77
35 4 43 76 57
40 7 55 81 76
40 15 63 89 84
40 3 62 69 66
29 47 10 39 31
29 45 54 77 68
29 30 39 82 45
29 1 24 59 38
32 12 38 75 38
32 39 47 73 55
32 41 11 51 37
37 33 22 87 62
37 31 85 99 89
37 45 70 100 92
37 46 16 34 22
37 19 19 31 21
31 32 22 34 27
31 12 30 32 30
31 23 95 100 98
31 36 43 85 65
16 9 80 99 99
18 6 66 68 67
18 37 39 80 79
18 4 65 93 73
18 13 74 75 75
18 16 74 76 76
18 21 19 100 95
39 11 81 87 82
39 1 92 96 93
39 36 16 30 21
39 15 31 40 35
39 8 74 87 79
39 41 90 94 91
23 13 58 100 80
23 29 27 69 58
23 20 26 86 27
28 20 15 18 17
27 35 91 99 98
27 47 51 93 80
27 26 84 94 88
41 14 31 42 39
41 22 35 86 67
41 47 69 92 88
41 0 64 91 66
41 38 15 74 43
41 21 86 97 95
33 8 74 100 92
33 9 53 75 57
33 2 31 67 58
38 33 22 66 51
38 21 67 90 71
38 0 44 79 58
38 36 56 75 68
38 46 75 89 81
43 10 58 90 81
43 12 46 66 65
43 13 95 98 96
0 48
