444 1392
0 128 87 99 88
0 212 39 54 42
0 231 49 58 58
0 51 82 97 97
0 383 44 53 44
0 62 10 52 17
128 180 65 90 78
128 161 68 96 90
128 18 51 66 55
212 379 37 77 50
231 416 36 99 47
231 344 18 30 28
51 382 26 38 37
51 414 32 54 49
51 322 73 89 78
51 60 88 92 90
51 285 88 94 88
383 11 82 94 93
383 133 93 95 94
383 269 77 95 80
383 2 82 96 85
383 365 61 63 61
62 82 63 93 83
62 53 56 63 61
62 344 20 100 74
1 282 59 72 71
1 401 64 76 70
282 395 94 96 95
282 10 30 58 34
401 10 37 85 50
401 290 86 98 90
2 147 59 84 65
2 276 69 96 96
147 11 35 61 50
276 215 28 30 28
276 157 93 99 96
276 251 48 66 62
276 245 61 70 64
276 148 57 100 63
3 143 22 56 28
3 94 28 79 79
3 178 54 61 60
3 120 79 95 89
143 73 89 92 89
143 282 36 41 37
94 439 46 56 49
94 359 54 76 61
94 73 43 95 54
94 7 30 84 57
178 225 25 35 27
178 154 32 37 35
120 84 58 85 62
4 430 11 68 18
4 381 85 90 88
4 306 87 100 88
4 303 66 90 76
4 397 26 75 65
430 422 33 75 70
430 159 52 93 54
430 413 91 95 94
381 254 81 98 86
381 394 49 79 66
381 212 92 100 97
306 178 77 82 81
306 285 51 100 71
306 242 68 79 76
303 210 40 76 55
303 91 17 82 29
397 7 91 98 91
397 308 13 72 31
397 280 89 100 97
6 193 20 39 36
193 383 94 97 97
193 432 79 94 80
193 206 13 90 53
7 337 29 94 63
337 244 55 61 59
337 397 54 100 76
337 311 29 85 33
337 280 24 69 40
337 32 16 86 53
337 6 24 74 31
8 328 72 90 80
8 45 21 74 46
8 130 73 91 91
328 241 35 62 61
328 364 44 89 57
328 168 69 87 84
328 68 64 69 67
328 107 34 53 48
45 133 60 77 69
45 116 72 90 88
45 293 17 34 33
45 73 39 76 55
130 175 64 66 66
130 330 38 59 56
130 280 20 33 23
130 141 15 21 16
9 201 16 94 18
9 28 63 73 64
9 382 14 58 37
9 257 53 70 66
201 385 48 91 54
28 58 43 66 55
382 43 76 88 82
382 184 87 90 87
382 259 46 89 76
382 95 66 90 67
382 189 88 100 98
382 47 45 49 45
257 189 40 82 42
10 432 53 99 70
10 18 37 63 63
10 117 72 83 73
10 91 79 87 80
10 145 17 76 55
10 294 53 57 54
432 253 88 90 89
432 99 18 40 33
18 189 48 90 89
18 83 86 88 88
18 279 73 86 82
18 305 43 53 45
117 360 76 84 82
117 278 43 71 70
117 385 85 90 89
117 167 40 79 53
91 436 32 84 71
91 293 75 81 81
294 13 34 85 35
294 183 23 37 36
11 438 23 54 48
11 55 29 69 49
11 399 67 80 70
11 414 66 84 72
11 76 29 93 91
438 380 36 54 43
438 23 24 99 52
55 78 53 77 77
55 275 31 68 68
55 185 73 90 86
55 278 34 47 39
55 181 87 89 89
399 225 34 77 43
399 213 58 76 62
414 7 62 68 67
414 173 86 96 90
414 213 58 81 74
414 393 26 72 48
76 356 65 99 68
76 407 39 50 39
76 437 74 95 78
76 298 45 58 54
13 266 40 74 74
13 220 67 92 71
13 376 25 67 67
13 221 66 79 68
13 153 41 86 41
266 45 28 56 47
220 376 35 66 45
220 423 52 96 65
376 442 76 82 76
376 328 32 33 32
376 154 93 94 94
221 406 71 80 71
221 88 68 84 71
153 380 48 79 72
153 30 92 97 93
153 251 43 96 77
153 244 86 96 90
14 364 29 42 30
14 42 48 74 48
14 47 93 98 96
14 75 27 69 43
14 134 23 83 77
364 308 47 62 57
364 345 84 91 90
42 355 50 71 51
42 80 44 90 68
42 88 27 99 99
42 149 23 48 25
42 314 74 98 76
42 390 74 91 78
42 309 43 62 54
47 150 72 98 76
47 31 83 85 84
47 10 85 88 86
47 227 50 59 57
47 441 76 90 76
75 121 34 80 53
75 348 14 72 46
75 426 70 79 71
75 104 42 59 56
134 27 30 97 50
134 141 64 85 67
134 81 29 30 29
15 378 91 92 91
15 273 69 77 72
378 360 54 61 55
378 151 10 49 29
378 91 22 34 24
273 150 67 89 80
16 76 62 84 74
16 419 79 91 89
16 17 18 52 24
419 333 64 85 80
189 11 17 20 17
189 362 28 44 42
189 27 40 89 78
189 357 66 82 75
189 387 76 96 82
83 298 53 85 58
83 51 20 68 24
83 398 33 62 44
83 428 90 91 90
279 72 53 65 62
279 146 36 54 51
279 209 70 78 74
279 390 92 95 94
305 377 29 58 55
305 338 40 96 92
305 208 78 94 87
305 424 68 69 69
19 58 75 88 81
19 413 53 62 59
19 239 60 63 62
19 134 94 99 97
58 165 91 100 96
58 317 45 51 48
413 175 63 78 70
239 57 27 45 34
239 228 13 27 17
239 267 40 63 48
20 42 35 66 56
20 49 87 88 88
49 162 91 97 97
49 277 69 83 80
49 411 95 96 95
49 421 34 54 52
49 244 88 89 89
21 136 27 45 41
21 259 13 73 34
21 146 24 47 40
136 23 58 84 78
136 215 58 93 60
136 24 43 95 86
136 385 32 72 53
136 153 81 91 85
259 128 69 77 72
259 119 91 98 98
259 266 51 70 70
146 386 47 86 71
22 330 46 51 48
330 40 19 76 27
23 142 20 66 63
23 223 68 93 79
23 348 91 94 93
23 375 47 69 58
142 67 52 53 53
142 285 66 72 69
223 423 92 98 93
223 86 49 97 77
223 443 32 77 51
223 70 70 97 90
223 313 19 80 32
348 329 94 98 95
348 439 80 88 82
348 431 18 87 69
348 245 29 48 40
348 86 35 70 35
348 21 67 87 86
348 104 86 99 98
348 415 81 86 85
348 1 69 99 93
375 199 88 96 93
375 127 18 34 24
24 80 27 48 30
80 182 50 91 68
80 178 64 85 74
80 277 42 80 78
80 276 84 96 93
25 389 42 84 48
25 70 49 64 51
389 223 22 33 24
389 83 61 92 64
389 51 25 30 27
70 231 11 43 26
70 314 86 98 97
70 33 88 95 93
70 61 94 99 96
70 224 33 50 50
26 287 92 97 96
27 287 45 81 48
29 138 26 84 83
29 49 94 100 99
29 135 78 79 79
29 365 59 67 63
29 302 11 50 18
138 65 48 52 50
138 130 55 90 77
135 218 48 68 49
135 60 91 92 91
135 126 37 61 40
135 279 51 71 66
135 23 47 86 75
135 137 36 95 79
365 289 87 94 87
365 7 72 97 96
365 368 86 92 90
365 47 84 89 84
365 387 14 91 73
365 276 28 81 54
302 332 16 38 18
302 329 45 94 71
302 88 30 47 30
302 433 12 20 12
30 95 82 91 90
30 390 58 90 82
30 240 61 80 67
95 184 79 98 96
95 337 40 58 42
390 381 71 100 99
390 288 49 71 54
240 214 27 79 29
240 304 12 21 20
240 346 58 84 73
240 194 74 86 82
240 162 57 72 59
31 78 14 72 35
78 20 92 94 94
78 237 75 93 90
78 164 31 87 72
33 86 31 100 40
33 295 68 87 83
33 247 45 84 48
86 223 90 94 92
86 207 17 85 48
295 116 87 100 94
295 434 68 78 72
247 125 80 94 86
247 426 70 85 85
34 17 31 98 50
34 340 88 94 90
34 98 19 47 40
340 122 59 97 94
98 175 82 100 92
98 71 82 95 87
35 143 41 53 42
35 229 95 100 95
35 165 49 80 61
35 131 43 45 45
35 212 12 55 51
229 331 41 98 50
229 112 70 85 74
229 201 37 99 82
165 226 64 100 76
165 256 18 89 79
165 320 72 80 75
165 303 80 90 84
131 393 61 80 76
36 6 64 99 91
36 263 45 83 65
36 54 74 94 81
54 237 68 75 73
54 65 88 97 96
37 242 92 96 95
37 310 65 72 68
37 356 17 59 45
242 74 53 91 67
242 353 41 71 63
242 232 92 95 94
242 131 56 94 66
242 373 36 82 55
242 86 65 86 83
310 207 23 32 25
310 144 88 98 90
310 417 31 60 31
356 443 52 80 63
356 425 38 89 81
356 390 37 75 69
39 438 82 88 87
39 303 88 98 92
39 55 50 58 58
39 356 60 83 71
39 351 38 81 48
351 300 82 95 95
40 400 18 34 18
40 187 63 90 78
40 12 65 89 89
40 381 44 66 66
40 191 11 61 24
400 389 48 66 60
400 176 67 82 73
400 54 53 72 56
187 87 37 74 51
191 227 67 75 72
191 65 95 100 96
355 84 55 78 57
355 77 13 92 21
88 316 74 93 91
88 430 11 20 14
88 54 11 25 24
88 147 84 99 90
88 85 55 85 74
149 305 77 78 77
149 128 83 85 83
149 224 41 45 43
149 115 39 73 39
149 236 29 90 43
149 218 86 90 87
149 25 56 88 69
314 91 56 90 58
314 374 37 83 83
314 221 15 78 43
309 52 75 92 83
309 274 26 73 71
309 401 61 63 62
309 302 50 86 52
309 67 33 98 86
309 24 35 44 42
43 235 39 68 39
43 386 42 64 60
235 358 52 74 56
235 163 68 92 85
235 144 66 72 72
235 214 28 88 42
235 349 34 92 62
235 314 33 58 50
235 293 42 89 57
386 179 43 63 61
44 134 93 100 98
44 78 66 82 80
44 421 29 72 72
44 1 10 78 67
44 393 26 81 57
44 79 61 83 67
421 436 13 75 60
421 392 26 65 52
421 37 80 100 95
393 247 78 79 79
393 144 40 82 78
393 248 55 95 58
393 351 64 83 80
393 82 48 90 89
79 305 69 73 73
79 400 70 78 73
79 319 76 98 76
133 120 19 86 49
133 58 81 86 83
133 189 19 40 24
133 368 85 97 96
116 112 82 94 86
116 115 76 85 78
116 422 33 76 34
116 237 32 62 49
116 357 66 91 88
293 71 30 79 74
293 281 40 74 62
293 290 13 87 19
73 95 68 74 73
73 415 84 85 85
46 193 71 96 81
46 21 22 71 22
46 225 10 19 13
225 76 29 82 74
225 371 59 71 63
150 158 14 22 16
150 324 74 93 82
150 148 42 99 96
227 84 93 100 98
227 45 56 77 74
227 294 88 97 95
227 4 84 94 94
227 40 87 91 90
227 59 49 81 74
441 179 85 89 86
441 380 14 47 41
441 307 93 94 94
441 379 50 84 58
441 36 77 98 79
48 370 26 31 29
48 364 95 100 98
48 51 18 74 24
48 91 37 44 43
48 150 52 99 98
370 147 52 92 65
370 13 86 87 87
370 271 73 95 74
162 243 34 59 41
162 346 33 45 36
162 400 74 77 76
162 223 21 47 41
162 270 88 95 89
277 264 92 95 95
277 332 54 66 55
277 115 16 52 32
411 46 66 82 78
244 191 43 51 44
244 152 62 88 71
244 428 28 47 31
244 61 65 89 65
244 252 46 85 58
50 29 85 92 92
50 229 62 90 77
50 380 34 42 37
50 0 58 88 63
380 214 60 62 61
380 78 50 79 58
380 367 85 97 94
380 38 52 56 55
322 77 32 64 49
322 398 31 66 45
322 433 50 79 68
322 396 32 89 76
322 126 31 72 52
60 385 26 42 33
60 79 24 68 65
60 308 20 87 65
285 182 92 97 96
52 175 56 100 84
52 7 54 90 69
52 308 48 73 67
175 189 38 45 39
175 21 25 54 39
175 280 36 94 85
175 360 48 96 80
308 203 60 91 70
308 383 89 96 96
53 257 48 81 73
53 335 82 90 89
335 204 47 82 50
335 384 12 82 75
335 214 18 65 34
335 423 73 87 83
335 237 24 42 29
335 53 50 91 70
237 214 30 65 42
65 28 59 65 62
65 174 80 83 82
275 203 34 47 37
275 296 41 87 64
275 222 60 80 76
185 319 69 91 91
185 331 23 89 47
185 54 11 49 42
278 286 68 94 89
278 342 85 94 91
278 32 19 27 26
278 53 84 85 85
181 309 18 41 38
181 393 78 95 80
181 61 19 73 25
181 47 60 77 71
56 195 49 54 52
56 42 51 93 54
56 124 20 53 52
195 50 30 50 39
195 294 35 86 75
195 178 45 52 49
195 165 49 88 85
124 387 81 90 83
57 385 72 83 75
57 437 10 59 50
57 270 72 91 73
385 215 74 94 92
385 262 56 98 97
437 65 35 59 43
437 122 41 54 46
437 327 74 90 86
270 48 61 85 73
270 357 43 45 44
270 211 14 42 38
317 10 78 85 83
317 150 37 52 42
317 191 13 16 13
317 160 68 82 68
317 319 24 82 79
59 269 62 100 78
269 76 25 46 44
269 421 22 70 66
269 333 81 86 86
269 145 60 72 71
269 124 28 46 31
61 277 86 91 89
61 115 17 92 92
61 51 71 91 80
61 304 83 84 84
115 178 65 96 76
115 238 77 84 78
115 217 15 46 35
115 180 47 77 63
115 186 75 97 81
304 4 64 86 84
304 385 15 74 45
304 254 69 78 76
82 302 11 49 38
82 310 18 61 43
82 160 38 94 76
82 420 88 91 90
344 371 46 91 70
344 118 28 59 45
344 411 47 67 58
63 303 34 45 34
63 74 45 68 54
63 293 82 89 87
74 371 65 88 72
74 261 61 86 61
74 399 87 89 88
74 165 11 13 13
74 280 46 59 49
64 177 15 37 18
64 74 54 80 67
64 91 51 89 73
177 441 61 85 84
174 71 78 90 89
174 170 93 95 94
174 341 73 89 89
174 199 58 79 70
66 145 38 99 58
67 119 16 50 21
67 68 68 100 84
119 285 80 88 88
119 333 80 96 86
119 214 93 98 95
119 297 85 91 89
119 186 52 61 55
68 53 88 90 88
68 130 16 84 49
68 171 38 86 38
68 72 78 94 80
171 310 94 99 98
171 183 81 87 85
171 325 27 64 45
72 97 86 89 89
72 423 42 47 47
72 81 88 91 88
72 66 31 63 60
69 105 51 99 68
69 378 38 97 65
69 156 36 55 39
69 292 69 80 78
105 102 91 99 93
105 239 11 72 33
105 327 68 92 90
105 335 83 94 93
156 71 70 77 73
156 0 95 100 99
156 243 33 96 39
292 385 42 91 62
292 417 39 76 71
224 280 89 98 97
224 297 82 85 83
71 165 89 94 90
71 10 75 93 87
97 7 55 96 96
97 169 30 82 81
97 127 10 42 11
97 300 72 91 81
97 436 94 96 95
423 359 65 100 68
423 225 23 41 37
423 382 40 52 42
81 57 45 92 64
81 34 18 50 47
81 49 82 100 98
415 370 38 42 39
415 148 68 75 75
371 130 27 82 56
371 406 44 56 46
261 96 43 57 56
280 377 25 53 45
280 112 52 58 54
280 24 37 60 42
121 37 91 99 98
121 170 90 95 92
426 117 51 52 51
426 69 39 83 64
104 405 15 44 36
407 92 91 92 92
407 221 69 86 86
407 377 74 90 77
298 228 46 53 48
298 284 88 99 90
298 1 91 99 96
298 368 68 100 72
298 121 20 92 43
77 6 49 64 62
77 307 66 96 86
77 62 71 89 74
77 248 91 98 95
77 254 50 82 51
307 90 32 75 52
307 311 12 65 46
307 320 45 57 53
248 345 34 74 54
248 69 11 44 32
248 350 48 63 50
248 262 25 90 78
254 307 78 81 80
254 103 13 20 16
164 380 23 67 25
164 277 58 82 61
164 427 86 88 88
319 257 74 99 94
319 399 32 75 35
319 299 77 88 79
319 178 29 63 32
319 54 91 93 91
319 139 32 65 56
182 389 33 71 53
182 318 84 94 84
182 64 45 95 55
182 144 30 94 77
182 293 89 100 90
182 365 37 63 45
160 105 71 91 80
160 270 57 91 74
160 94 70 88 84
160 55 11 61 14
160 386 39 79 59
398 356 79 92 83
398 227 55 92 69
398 262 35 48 35
398 242 68 73 70
398 85 54 91 56
398 128 54 96 96
428 77 80 96 81
428 10 11 64 58
428 174 85 92 91
84 308 51 94 94
84 290 17 81 36
84 378 46 79 50
84 150 93 97 94
290 439 92 94 93
290 280 66 72 66
85 93 85 90 89
85 262 31 55 53
85 199 82 84 82
93 425 11 15 14
93 135 24 37 25
262 114 94 99 97
199 281 17 100 94
199 365 61 64 63
199 349 59 75 60
199 110 20 53 45
207 45 30 68 32
207 256 85 100 90
207 172 44 93 53
207 233 18 35 32
207 104 76 92 88
87 395 85 99 92
395 315 43 77 58
395 194 62 74 73
395 90 64 99 90
316 21 94 98 94
316 270 89 94 92
316 382 34 38 34
316 353 34 83 58
316 344 62 98 66
89 79 70 72 72
89 272 83 96 85
89 358 94 98 94
89 175 58 74 71
89 314 16 81 43
89 167 51 97 85
358 90 52 55 55
167 56 61 84 65
167 417 44 85 76
167 441 86 88 86
167 207 30 49 47
167 105 44 56 56
90 196 27 42 32
90 234 22 30 23
90 392 87 98 95
196 429 63 81 64
234 329 88 100 92
234 363 17 78 78
234 68 75 99 83
392 121 20 81 55
436 411 52 94 59
436 243 38 100 52
436 429 94 100 95
92 278 65 96 92
92 24 42 43 43
425 120 47 91 62
425 144 85 95 95
439 165 70 93 79
359 97 44 52 51
359 121 26 75 53
359 260 12 63 54
359 100 50 63 52
359 416 49 72 51
359 383 78 98 95
184 248 35 73 66
96 92 16 53 32
96 72 91 92 91
96 429 83 96 93
96 353 46 49 47
429 16 58 80 59
429 228 70 100 95
429 261 80 91 88
429 343 37 73 66
429 402 95 100 100
429 406 77 80 77
429 324 48 49 49
353 273 17 35 20
353 389 94 99 97
353 439 28 40 33
169 323 59 89 73
169 77 49 68 57
169 154 53 64 59
169 119 95 97 97
127 431 20 27 27
127 135 30 60 35
127 196 69 91 73
300 106 18 36 24
300 391 84 93 86
300 441 75 81 80
300 141 29 47 45
99 140 38 89 58
99 107 29 82 61
99 371 59 68 63
140 425 29 51 42
140 367 62 73 65
140 420 88 89 89
140 37 47 69 59
140 224 43 71 50
140 107 23 92 69
107 69 46 61 52
107 50 82 84 82
107 0 41 70 66
100 149 12 98 90
100 328 59 76 66
100 73 67 94 87
100 349 37 51 48
100 212 76 100 96
101 293 50 80 66
101 160 95 98 97
101 419 19 95 28
102 191 14 63 58
102 368 93 98 96
102 417 66 98 90
102 310 18 62 21
102 35 14 61 20
368 251 23 56 43
368 223 12 74 39
368 330 62 64 64
368 159 77 84 77
417 154 46 71 53
417 407 95 98 97
103 56 33 93 40
103 81 61 94 66
103 201 56 95 81
103 45 70 86 71
103 205 90 94 91
103 104 38 61 58
103 334 20 66 50
103 236 30 76 75
205 416 34 44 43
205 358 53 81 64
205 327 30 50 48
205 184 37 64 62
334 31 84 87 86
334 178 42 71 45
334 326 78 98 78
334 335 67 98 72
236 228 47 86 60
236 78 48 78 59
405 402 18 89 56
405 56 54 91 84
405 244 36 51 51
405 182 72 78 76
327 139 46 79 52
106 163 22 31 22
106 409 18 60 57
163 252 29 99 40
163 302 78 83 82
409 400 12 19 17
409 379 22 34 23
409 19 89 97 96
409 64 36 72 50
409 44 22 66 56
409 285 28 43 34
108 359 55 56 56
108 173 52 97 81
108 51 73 83 73
173 194 39 74 50
173 422 49 66 52
173 393 69 71 70
109 399 89 90 90
109 116 56 81 63
109 354 48 55 50
110 152 10 28 16
110 433 63 96 68
110 165 38 56 38
110 130 55 78 57
152 187 65 86 70
152 310 70 92 78
433 191 50 69 68
433 264 75 95 79
113 324 62 66 63
113 171 81 93 87
113 162 88 89 89
113 254 82 93 88
324 170 13 71 32
324 155 84 92 85
324 99 43 91 62
324 359 53 97 73
324 294 57 84 80
324 393 13 48 18
114 374 74 81 76
114 7 55 69 63
114 281 35 53 50
114 70 33 72 48
114 33 72 75 73
114 2 74 78 74
374 392 11 37 21
374 164 86 88 86
374 170 90 98 92
374 328 22 28 26
374 161 67 81 67
281 180 68 93 82
281 135 30 50 33
238 3 46 62 57
238 317 53 70 54
238 418 71 97 86
217 278 63 71 66
217 355 69 80 75
217 364 38 82 74
180 398 56 96 72
180 38 41 59 56
180 417 77 89 86
180 231 45 51 46
180 84 25 95 50
180 210 92 95 95
180 277 18 100 86
180 425 25 63 59
186 33 56 78 66
186 72 34 58 36
186 311 50 64 61
422 298 23 81 64
422 194 45 83 57
357 64 95 100 97
357 294 90 92 92
357 369 16 58 49
357 173 64 67 64
357 339 33 58 39
357 222 95 97 97
357 143 70 91 83
360 206 91 100 97
360 328 14 97 79
360 294 25 82 54
360 69 66 78 73
118 354 72 74 73
118 231 85 88 88
118 177 43 85 65
333 58 85 98 86
214 301 76 84 79
214 427 93 95 93
214 205 36 90 46
297 341 35 65 40
297 432 12 44 44
297 113 95 98 96
297 218 58 67 66
170 320 47 82 79
170 20 23 69 57
170 389 31 46 46
170 100 40 85 68
122 125 14 45 23
122 56 66 78 75
122 63 35 37 35
122 395 25 65 44
125 206 46 96 76
125 88 69 84 77
125 419 73 92 73
125 95 89 100 99
123 271 50 94 51
123 140 16 91 60
123 360 89 90 89
123 417 87 94 91
123 80 22 29 24
271 306 69 95 71
271 98 75 83 82
271 364 46 90 66
387 2 22 58 32
387 426 56 100 74
387 270 65 87 78
206 399 60 77 63
206 195 89 92 92
206 38 36 59 56
126 196 79 86 79
126 403 15 80 62
126 215 23 95 70
126 7 50 99 87
403 303 43 88 47
403 209 59 79 76
403 6 51 78 56
403 408 47 69 54
215 13 90 93 92
215 442 90 100 98
431 272 73 83 77
431 363 85 88 85
431 437 24 27 26
431 305 59 82 66
431 267 85 99 94
161 56 82 84 84
161 171 83 99 97
161 226 38 98 69
161 15 13 19 18
129 380 17 68 47
129 69 47 93 73
129 15 22 85 25
141 390 42 96 85
141 188 38 56 46
141 237 35 52 48
141 267 45 90 79
141 265 79 83 80
132 16 28 65 59
132 223 46 56 53
132 212 78 94 80
218 351 89 90 90
218 188 34 62 55
218 190 47 84 73
218 9 65 71 71
218 246 32 44 37
218 259 93 100 99
137 368 81 98 84
367 53 54 81 65
367 405 52 65 52
367 139 88 95 92
367 96 10 45 15
367 275 69 97 71
367 328 27 72 31
367 174 19 69 55
188 424 25 66 54
188 232 70 93 82
188 47 92 100 98
265 140 14 68 37
265 24 40 69 62
265 53 48 56 54
144 192 58 84 68
144 290 48 50 49
144 251 95 97 97
144 0 58 63 61
192 376 32 65 53
192 391 73 90 86
192 160 90 91 91
192 206 48 79 57
251 221 32 77 50
251 70 12 37 37
251 332 93 95 93
251 178 31 63 41
148 110 72 94 86
148 401 54 77 62
158 385 57 94 77
158 74 19 73 44
151 98 15 75 15
151 407 64 94 84
151 276 84 97 96
151 406 48 85 71
151 216 90 99 95
406 354 56 63 56
406 115 29 49 38
406 49 86 91 87
406 414 37 48 37
216 71 10 36 15
216 58 73 95 82
216 253 35 83 55
216 87 33 81 52
216 286 58 77 77
154 341 64 80 79
341 425 53 57 54
341 227 30 97 53
341 203 26 77 50
341 272 27 89 87
341 139 64 68 68
155 391 60 80 72
155 394 21 80 28
155 157 61 90 66
155 240 68 80 68
391 156 10 91 12
391 118 29 40 36
391 3 83 89 88
391 310 78 88 85
394 112 94 100 100
394 341 95 97 95
394 418 52 67 66
157 298 23 60 24
243 199 46 88 58
243 354 64 66 65
243 144 69 78 74
159 278 54 70 66
159 97 36 50 37
159 414 13 48 34
159 208 66 70 67
159 387 37 57 57
208 24 37 77 71
208 114 33 89 77
208 92 18 74 68
226 213 72 73 72
226 397 79 95 83
226 370 31 57 42
226 144 45 52 47
346 98 78 96 93
346 368 57 84 84
346 248 22 62 62
252 188 35 86 53
427 323 45 62 56
427 203 20 97 75
427 84 34 69 67
427 328 30 44 33
427 217 17 46 21
256 216 41 53 41
256 386 23 33 31
320 384 72 83 78
320 52 36 82 73
320 267 80 83 83
166 172 74 86 80
172 167 53 61 54
172 317 87 91 89
172 0 35 48 36
172 131 11 55 17
172 301 87 92 92
168 430 10 18 14
168 261 71 80 76
168 278 36 42 37
168 44 45 71 71
323 137 23 37 27
323 126 76 91 77
323 251 77 94 83
323 46 73 91 76
183 205 20 65 37
183 375 12 49 45
183 35 75 87 75
183 296 47 98 61
325 6 84 97 97
325 344 69 86 73
325 9 12 67 63
301 206 85 91 90
301 416 52 95 67
301 420 73 78 76
194 167 85 97 95
176 365 95 96 95
176 43 87 95 94
176 36 68 76 69
176 112 56 66 65
179 194 19 78 49
318 5 58 79 63
296 127 39 51 49
331 130 38 99 85
331 101 45 67 53
331 216 64 76 74
311 226 78 97 87
311 358 21 91 21
311 258 15 58 52
424 213 39 75 47
424 217 32 45 44
424 71 40 43 43
424 430 34 58 37
424 414 52 81 64
232 436 81 90 85
232 425 73 97 85
232 110 82 95 89
232 28 94 95 95
232 286 56 81 65
232 22 53 95 92
232 114 58 90 86
362 381 54 72 70
362 142 88 94 92
362 188 41 59 59
362 177 93 100 94
362 76 60 66 64
190 389 19 94 36
197 221 46 96 57
197 286 13 36 15
286 121 28 97 65
198 226 60 97 91
198 348 67 100 83
198 321 57 70 68
198 305 22 27 25
321 80 41 54 50
321 18 33 97 62
321 6 36 65 44
321 87 16 31 29
200 313 30 81 57
200 180 37 75 62
313 257 24 58 41
313 299 66 82 79
202 6 72 90 82
203 247 68 93 87
203 164 55 77 56
204 370 63 65 64
204 247 80 82 80
416 357 77 81 78
416 179 10 50 26
416 419 70 71 71
416 414 52 55 54
233 55 21 88 53
209 155 79 91 81
209 427 93 94 94
209 202 39 44 42
211 409 95 96 96
211 212 73 77 76
211 52 11 87 76
379 399 34 91 37
379 134 16 37 37
379 0 64 67 66
213 325 80 90 86
213 244 46 89 88
442 363 34 69 38
442 356 80 89 81
442 53 60 65 61
442 344 73 96 77
442 275 87 89 89
442 289 31 88 59
253 114 90 95 92
219 424 55 94 57
222 152 84 88 87
222 335 18 42 37
222 125 28 47 39
222 379 66 86 72
222 400 23 91 52
443 405 25 39 36
230 121 28 37 28
329 309 94 98 97
329 84 71 99 73
329 221 23 40 34
329 46 88 96 88
329 173 88 96 93
329 88 23 73 59
329 251 90 91 91
329 185 41 91 60
363 416 67 81 72
363 228 69 91 86
363 346 34 61 44
363 350 40 44 43
418 163 49 100 53
418 229 31 34 33
418 306 41 72 53
418 363 34 95 39
418 90 28 33 28
418 235 36 70 37
241 198 53 69 61
241 253 12 31 12
373 206 86 95 86
373 359 22 87 80
373 67 75 95 91
245 97 23 83 62
245 4 19 82 28
345 220 52 90 70
345 187 87 88 88
350 162 24 28 24
249 143 36 74 53
249 236 48 96 70
249 30 19 96 26
250 54 32 42 34
250 287 68 86 76
250 412 56 99 62
250 103 85 86 86
250 169 60 69 65
412 217 35 54 52
412 343 66 90 68
412 12 79 83 82
332 241 43 53 48
332 191 77 85 77
332 144 65 76 75
332 401 82 95 88
332 428 94 99 98
332 96 63 64 63
255 376 81 90 89
255 111 87 96 92
255 394 93 98 98
258 285 60 78 60
258 26 11 39 18
258 46 78 82 78
258 53 24 46 32
260 411 80 94 87
260 352 12 22 16
352 311 74 84 83
352 286 14 21 19
352 3 81 96 82
352 345 31 69 52
352 243 41 77 56
264 414 48 92 53
264 9 46 60 51
268 153 74 77 76
268 289 15 86 64
268 42 60 96 95
289 290 68 71 71
289 265 83 100 91
289 74 30 45 39
289 324 19 53 48
289 238 41 67 47
274 205 87 89 89
342 260 33 49 49
342 88 19 86 74
342 401 53 85 67
342 378 24 43 31
342 419 58 99 76
342 21 39 53 46
342 368 13 58 42
377 245 81 90 87
377 201 89 92 92
377 339 37 84 47
283 310 75 76 76
283 122 71 84 71
284 426 58 62 60
288 337 83 88 88
288 295 31 64 53
288 441 56 79 64
288 386 30 62 60
291 396 57 74 71
396 175 60 100 66
396 310 81 99 88
396 24 91 92 91
396 214 91 93 93
434 396 54 72 60
434 215 93 96 95
434 209 30 96 95
434 158 45 97 69
299 156 55 100 55
299 140 52 86 60
299 178 48 67 62
299 389 58 69 69
338 164 52 65 53
312 385 19 57 41
312 230 53 67 63
312 282 13 72 47
312 368 27 79 73
312 110 26 78 30
315 424 12 13 13
315 42 26 96 26
315 399 26 42 26
315 340 54 64 58
384 97 37 90 51
384 36 36 57 40
384 293 18 28 26
384 242 63 64 63
384 272 24 79 51
326 329 88 96 92
326 294 14 78 47
326 212 47 84 58
336 226 58 72 72
336 14 54 68 60
336 164 36 89 67
336 74 15 54 23
339 347 79 96 93
339 6 59 80 62
347 361 26 98 28
347 168 39 45 42
347 44 29 43 41
347 294 57 67 59
347 345 69 76 69
343 80 58 66 66
343 164 69 73 70
343 422 42 54 54
361 71 60 74 70
361 101 65 94 83
369 5 14 18 18
369 51 37 75 61
369 422 19 49 37
366 50 83 91 90
366 431 25 54 42
366 108 64 70 69
366 229 48 89 53
372 349 29 88 62
372 20 18 22 21
372 138 48 82 68
372 258 16 50 21
372 374 57 66 57
372 71 71 81 77
388 147 77 90 85
388 221 91 93 93
402 13 19 68 39
402 248 51 68 65
402 274 30 87 61
402 1 26 54 51
408 29 43 98 69
408 217 77 92 88
404 38 29 66 34
404 241 77 90 89
404 271 41 46 43
404 179 20 25 24
410 24 25 31 26
410 18 87 95 88
410 199 93 99 96
410 344 28 53 42
435 297 53 78 75
435 384 14 100 90
435 329 93 99 97
440 40 81 90 88
440 389 70 93 73
0 443
