181 461
0 1 51 91 75
0 136 69 73 71
0 145 19 58 39
0 163 91 94 92
0 134 39 94 55
1 176 68 100 100
1 109 24 84 78
1 140 10 89 29
136 105 84 95 94
136 60 59 65 59
145 5 33 89 79
145 80 82 93 85
145 83 37 59 45
145 104 63 82 74
163 103 51 73 54
134 86 23 51 40
134 99 22 29 25
134 18 70 78 76
134 33 51 70 65
134 146 92 100 100
176 42 19 94 35
176 172 31 99 86
176 157 44 84 74
176 95 25 41 39
109 107 77 98 86
109 73 60 94 70
140 135 39 46 40
140 115 87 99 95
140 92 45 51 48
2 43 69 94 77
2 114 83 87 83
2 143 36 84 81
43 129 64 65 64
43 91 65 82 79
114 87 65 95 72
114 17 57 86 78
114 176 29 57 32
114 8 86 87 86
114 164 73 85 85
143 85 57 64 61
143 123 23 66 63
143 33 94 100 99
143 148 32 50 47
143 41 87 89 89
3 39 44 85 64
3 36 47 55 51
3 170 70 96 78
3 105 18 31 26
3 115 40 100 83
39 83 16 99 26
39 148 58 70 58
36 155 69 100 75
36 94 61 87 71
105 157 69 96 92
105 42 25 82 63
105 93 43 86 44
105 41 58 71 58
115 59 16 91 68
115 96 31 86 54
4 80 25 99 71
80 175 23 62 35
80 174 28 73 49
5 153 68 73 72
5 179 82 94 91
5 141 26 71 64
153 135 36 81 36
141 100 12 69 64
141 79 74 83 76
141 142 78 100 96
141 5 64 70 65
141 140 80 88 84
141 82 22 28 24
141 111 91 97 95
141 33 40 68 62
141 74 41 60 57
6 75 80 100 86
6 109 28 71 63
6 119 19 92 44
75 87 87 92 92
75 39 62 82 71
75 106 25 96 51
119 75 27 90 29
119 96 12 89 22
119 180 37 53 37
119 68 43 84 50
119 13 83 100 83
119 0 63 70 67
119 27 90 100 99
7 59 84 97 90
7 19 88 96 96
7 26 91 99 91
59 109 66 76 67
59 116 90 93 93
59 77 78 87 80
59 94 26 43 36
19 17 45 61 51
19 89 16 90 74
26 84 45 75 68
26 67 55 68 66
8 71 35 91 82
71 136 38 98 45
71 36 94 98 94
9 89 12 23 13
89 127 26 47 46
89 27 60 86 75
89 110 72 76 74
89 120 37 84 38
89 54 28 68 47
89 2 75 79 77
89 42 38 61 54
10 3 27 92 61
11 69 60 90 70
11 123 68 97 72
11 6 44 56 45
69 77 51 80 62
69 48 21 32 28
123 145 21 89 55
123 158 88 100 95
123 175 58 79 74
123 1 18 27 23
12 131 17 56 23
131 82 53 69 57
131 56 89 100 91
131 148 26 43 35
13 104 76 90 78
13 140 64 96 75
104 165 94 100 98
104 44 39 65 54
14 97 47 80 68
14 152 90 96 94
14 55 85 93 85
14 156 69 74 73
97 156 40 46 41
97 37 14 92 71
152 158 38 83 58
55 63 11 78 30
156 120 17 42 22
156 37 36 55 54
156 105 17 49 47
156 127 92 99 93
156 101 47 86 49
156 165 68 71 71
15 150 39 61 57
15 130 31 47 31
150 180 33 72 35
150 152 64 86 85
150 109 54 87 83
150 6 68 87 73
150 47 94 95 95
130 41 69 77 72
130 57 61 79 75
130 166 90 97 90
130 142 41 75 60
130 150 55 93 71
16 25 28 89 55
25 124 41 66 57
17 155 71 87 80
17 163 57 82 62
155 62 43 94 45
155 25 44 65 60
18 172 87 98 88
18 74 91 97 91
18 6 58 71 65
18 101 28 45 28
18 62 50 56 53
172 160 39 63 55
172 163 53 90 81
172 126 52 78 65
74 124 47 69 59
74 18 20 29 24
74 51 57 79 74
74 116 93 100 95
101 8 22 31 26
101 112 26 30 26
62 35 73 81 81
20 140 35 95 53
20 150 84 86 86
22 150 22 30 28
22 26 62 78 63
22 117 54 62 61
22 100 75 96 80
22 116 22 94 81
117 86 13 15 13
117 127 46 59 54
117 91 83 85 85
100 105 60 81 63
100 90 69 88 85
116 120 38 66 46
24 174 23 97 85
24 150 39 97 39
174 153 44 93 77
174 85 86 96 95
174 173 40 72 40
124 156 35 100 40
124 61 47 94 50
124 101 17 43 28
84 9 60 81 62
84 55 25 81 39
67 116 53 91 77
67 166 37 81 73
67 105 65 96 81
67 137 15 39 17
67 117 29 72 59
27 137 90 99 95
27 130 31 62 55
27 165 29 96 93
27 15 18 29 18
27 160 76 92 86
137 51 95 99 98
137 173 29 57 52
137 87 65 83 82
165 19 59 76 66
165 119 21 42 21
160 122 23 98 68
160 118 22 73 27
160 6 37 69 63
28 32 34 68 41
28 74 27 71 34
28 158 74 100 91
28 7 72 83 81
28 138 18 50 43
32 61 67 85 70
158 133 23 96 59
158 36 18 25 18
158 155 79 80 79
158 31 90 100 96
158 49 57 70 62
138 47 12 71 40
29 131 73 100 73
29 7 18 30 20
29 173 86 90 86
173 63 41 44 42
173 85 28 81 50
173 136 21 82 49
173 176 75 78 78
30 124 30 88 53
30 67 73 84 83
30 19 73 90 78
31 6 14 55 27
31 61 25 50 35
61 46 24 96 27
61 130 49 96 86
33 64 51 58 55
33 47 14 90 39
33 110 21 75 39
64 148 45 54 45
47 61 33 56 38
47 96 86 100 92
47 3 14 99 90
110 108 66 96 79
110 136 85 94 91
34 54 16 81 23
34 52 32 90 75
54 100 31 56 33
54 139 37 82 71
35 72 93 97 96
35 113 35 46 39
35 4 83 89 89
72 10 47 76 58
72 30 58 68 67
72 118 89 100 96
72 14 58 59 59
113 180 92 94 92
113 163 15 76 40
113 47 66 95 70
94 156 76 95 79
94 66 90 91 90
94 152 47 50 48
94 114 59 68 62
37 32 53 99 73
37 12 78 91 79
37 10 76 79 77
37 150 95 100 96
38 35 82 85 85
83 21 94 96 95
83 31 80 99 99
83 73 74 84 84
148 96 69 71 69
148 61 39 47 45
148 92 62 94 80
41 115 85 97 91
41 21 69 78 72
41 143 83 87 83
41 130 11 45 11
42 84 55 75 66
42 29 41 88 50
42 74 34 43 37
129 47 49 51 50
129 159 68 85 69
129 161 32 95 73
129 31 94 96 94
91 51 82 100 99
44 134 52 67 64
44 146 65 97 78
45 104 78 81 78
45 26 32 58 54
45 135 32 86 63
135 140 17 66 31
135 63 42 97 95
46 162 89 90 90
46 36 36 92 80
162 5 44 45 45
162 132 82 83 82
48 108 57 97 91
48 87 78 87 78
108 141 37 73 39
87 102 13 59 58
87 179 69 80 77
87 51 85 97 97
49 125 44 55 53
49 96 52 58 56
125 28 62 63 62
125 150 35 54 45
50 173 32 70 53
50 162 59 66 59
51 151 28 74 32
151 104 82 97 91
151 86 30 31 31
151 166 47 54 54
151 113 68 97 94
151 117 17 81 35
53 88 48 77 65
53 103 69 99 81
53 158 66 70 69
88 37 81 99 89
88 98 61 86 75
88 29 84 95 95
88 12 71 92 83
103 9 39 44 41
103 81 73 84 79
103 11 74 88 82
103 83 20 86 64
139 69 17 64 44
139 95 54 58 56
139 164 19 46 36
139 170 37 49 39
63 157 93 94 93
56 139 59 77 62
56 60 26 50 34
56 155 57 78 78
56 77 31 100 61
60 114 62 71 69
60 52 57 61 59
60 85 13 16 15
60 47 67 98 96
60 84 36 47 38
77 128 20 38 28
77 24 25 62 42
57 81 58 94 66
57 73 20 49 30
57 132 30 60 56
57 66 55 90 74
57 129 22 26 26
81 155 17 53 24
81 48 47 93 69
73 88 55 75 71
73 39 93 99 99
132 136 21 39 38
132 154 24 37 24
132 81 71 95 78
132 148 30 90 84
66 89 35 84 80
66 12 68 95 70
66 141 28 93 70
66 48 60 75 74
66 125 69 83 74
66 135 84 88 86
66 73 50 73 68
58 11 37 77 71
58 90 88 93 90
58 10 23 43 28
90 51 86 90 87
90 178 67 77 70
85 103 95 98 95
157 76 59 60 59
157 126 62 97 79
157 93 81 91 90
65 26 45 67 60
166 178 28 88 83
166 9 70 97 78
68 111 25 55 25
111 65 89 100 93
111 36 67 76 69
111 110 41 88 64
70 26 68 77 72
118 149 88 93 93
118 67 80 93 93
106 51 51 82 75
76 20 60 78 69
76 159 64 71 70
159 107 32 43 33
159 127 53 100 81
159 99 57 74 65
159 5 71 91 88
128 18 85 95 88
78 170 28 76 61
78 40 75 92 76
79 134 69 89 84
175 13 90 100 90
82 103 74 95 80
82 81 36 96 87
102 36 31 67 65
102 176 64 86 82
102 31 35 66 56
98 35 43 92 80
127 154 69 85 76
127 52 64 92 90
120 133 27 99 72
120 146 86 93 90
120 165 38 99 64
178 118 19 26 21
92 104 49 67 67
92 139 38 57 56
92 47 53 90 62
93 123 26 55 35
93 43 58 74 74
99 116 12 73 66
99 121 10 88 84
99 101 33 74 45
99 82 38 41 38
99 114 52 77 69
99 45 30 71 59
99 178 47 70 55
121 107 15 76 31
121 80 53 91 60
121 123 47 91 79
112 107 29 64 42
112 96 25 80 55
107 116 62 77 64
180 161 16 63 50
180 165 45 92 68
164 37 81 94 83
164 130 50 67 61
149 102 90 92 90
133 134 66 89 89
122 150 93 94 94
122 164 41 42 41
126 134 51 94 78
154 172 42 100 94
154 169 60 83 79
154 128 71 76 74
154 95 28 29 28
161 150 83 94 86
142 34 43 57 48
142 156 12 57 23
142 28 44 85 52
144 51 29 86 47
147 38 47 74 53
147 98 49 91 63
167 73 39 100 53
167 162 35 71 51
167 117 42 53 49
167 134 75 85 81
167 6 24 29 26
168 60 12 100 15
171 117 91 100 94
177 19 83 92 85
177 24 91 99 97
177 93 56 100 93
177 137 71 75 71
177 154 28 60 29
0 180
