76 129
0 6 25 56 35
0 2 45 51 49
0 11 24 61 28
6 75 78 95 84
6 28 20 91 30
6 35 70 82 81
6 65 21 45 26
6 63 35 55 44
2 28 53 65 55
11 46 63 82 65
1 18 20 27 25
18 71 10 36 10
28 2 27 71 71
28 44 15 52 43
3 47 62 64 62
3 64 65 96 91
64 4 15 79 45
64 67 94 96 95
5 8 92 94 92
8 19 76 87 77
8 13 49 90 59
8 53 14 25 17
65 42 33 51 37
65 10 50 95 61
65 44 19 71 71
65 19 91 95 93
63 73 19 48 41
63 8 83 93 89
63 26 25 91 56
7 53 24 67 58
53 65 95 99 96
53 0 65 86 67
19 46 52 62 54
13 17 60 95 72
9 75 20 72 27
10 39 12 39 33
10 41 74 96 92
39 54 11 79 63
41 37 29 98 97
46 60 27 86 72
12 47 94 95 94
12 41 72 89 84
17 20 91 95 91
17 40 75 97 84
15 34 19 52 33
15 61 83 100 99
34 33 35 77 52
34 15 46 71 63
34 69 16 46 45
16 38 66 89 73
16 8 71 93 86
38 3 67 83 79
38 32 65 71 68
20 25 22 40 30
20 7 20 56 44
20 30 44 90 90
20 19 27 97 32
40 35 47 63 59
40 7 75 76 76
71 51 44 57 48
71 57 31 36 31
71 6 79 95 93
71 41 20 51 37
25 32 42 72 70
21 73 63 78 65
21 27 45 77 67
73 33 52 59 52
73 58 69 86 77
73 31 25 94 41
73 26 85 95 90
22 27 93 97 93
22 11 16 27 21
23 4 23 26 24
23 65 43 94 74
24 47 25 47 28
32 35 40 58 56
44 63 14 85 67
29 5 69 82 79
29 20 15 60 37
29 38 53 93 67
31 48 52 100 95
31 55 62 100 87
31 11 81 94 87
31 47 61 85 73
48 65 26 94 31
48 11 82 93 86
55 9 36 84 62
55 47 28 72 69
69 38 95 97 95
69 51 70 85 84
69 0 75 95 91
69 64 65 68 66
36 47 26 80 74
37 75 43 100 55
54 60 62 82 69
43 41 94 98 98
45 62 59 94 73
45 75 49 67 55
45 16 35 82 63
45 54 25 71 47
45 59 70 94 72
62 70 35 68 64
62 53 37 81 72
59 70 24 27 26
59 27 29 63 44
60 56 33 67 52
60 74 17 38 27
49 69 10 55 36
49 31 67 94 72
50 3 85 92 90
50 53 18 94 26
50 44 29 86 76
51 71 54 67 59
51 61 75 94 77
51 22 31 84 55
51 43 29 56 49
51 35 87 96 94
52 40 20 60 56
57 73 41 66 46
57 46 32 66 49
57 22 94 96 96
58 60 93 95 95
58 12 12 19 17
58 30 60 99 69
74 56 24 43 32
74 8 32 74 67
74 50 17 71 27
67 54 79 82 81
66 37 54 85 56
0 75
