13 37
0 12 86 97 90
0 7 11 16 12
0 8 40 89 59
12 10 27 43 39
7 5 61 87 87
7 11 39 57 54
7 9 29 70 55
7 0 92 95 92
7 12 15 22 21
7 3 87 93 88
8 12 55 95 59
8 10 39 75 39
8 11 76 99 76
1 10 24 51 46
1 5 12 91 52
10 0 21 66 51
10 9 85 91 91
10 2 45 49 47
10 6 39 61 40
5 4 62 90 81
5 1 15 92 82
2 7 43 81 72
2 8 39 43 43
2 1 24 82 70
2 3 31 73 54
2 5 89 93 92
3 1 92 96 92
4 7 57 79 74
4 8 52 54 54
4 2 63 70 69
4 1 78 95 90
6 10 20 90 43
6 12 48 61 56
6 1 52 69 62
11 7 50 93 75
9 11 83 93 86
9 3 18 82 72
0 12
