33 121
0 8 67 83 76
0 20 74 91 75
0 23 84 98 84
0 25 61 87 72
8 31 24 91 77
8 19 38 46 42
8 22 39 49 44
8 11 92 93 92
20 15 43 46 45
23 32 60 84 78
23 19 12 72 45
23 5 16 23 21
23 31 92 96 95
23 22 22 31 25
23 8 78 92 85
23 21 22 37 32
23 26 23 65 60
23 2 16 43 30
25 8 28 51 29
25 28 36 95 40
25 6 16 41 26
1 23 43 73 45
1 19 58 61 61
1 9 80 85 83
1 11 44 88 56
1 29 41 71 43
19 21 44 69 60
19 12 31 78 46
19 29 72 79 78
19 27 77 85 78
9 27 48 89 69
11 27 14 74 24
11 1 61 95 75
11 31 50 91 57
11 10 27 59 57
11 26 24 91 84
29 26 17 87 28
29 11 64 66 65
29 28 48 77 63
29 31 32 78 46
29 23 27 86 81
2 21 13 66 48
2 3 72 94 78
2 4 16 31 31
2 23 13 96 51
21 32 95 97 96
21 24 65 90 78
3 31 92 99 92
3 22 33 52 40
3 4 68 99 70
4 30 66 71 68
4 14 59 89 85
4 22 42 56 52
31 23 49 60 56
31 1 48 52 50
31 12 81 90 87
31 22 53 71 56
31 11 43 74 66
22 17 22 67 63
22 25 23 82 46
22 0 76 97 91
14 29 35 39 38
14 15 95 96 96
14 10 38 94 64
14 8 34 54 44
14 32 15 33 20
5 21 76 89 81
5 26 56 94 62
5 31 70 91 75
26 22 20 25 23
26 17 40 46 45
26 7 72 96 85
26 3 31 38 35
7 29 80 99 98
7 10 48 84 70
7 27 44 100 67
10 11 32 37 37
10 31 82 89 88
10 13 43 72 46
10 27 40 56 55
27 16 70 91 78
13 19 60 82 68
13 7 72 84 77
13 27 47 81 59
13 25 82 91 90
12 7 87 91 91
12 6 54 88 57
12 8 18 36 27
12 0 12 93 15
12 32 18 73 49
12 5 21 34 24
32 1 21 84 27
32 2 41 92 65
32 25 54 81 54
32 4 22 70 22
32 19 26 71 40
15 7 25 30 27
15 19 16 37 16
15 4 19 99 38
15 25 11 93 36
15 14 59 85 77
15 26 56 95 83
15 8 53 86 60
16 2 57 69 59
16 14 64 89 82
16 18 88 95 94
16 30 15 25 16
18 20 76 82 82
18 21 17 45 40
18 24 74 100 92
18 4 78 94 79
17 24 17 22 18
17 23 42 92 48
17 11 92 100 97
17 12 55 96 95
17 14 15 80 28
24 2 86 95 86
24 27 94 96 94
24 18 40 96 74
28 9 68 96 75
28 17 53 76 66
0 32
