60 179
0 15 51 85 69
0 12 76 84 77
0 11 35 90 80
0 34 63 79 75
15 54 35 70 43
15 48 28 72 29
12 37 38 57 45
12 53 86 89 89
12 18 26 82 66
11 29 61 71 64
11 48 31 35 35
11 36 32 82 76
11 46 33 73 44
34 54 52 74 71
1 42 95 98 95
1 48 45 88 79
1 25 17 62 42
42 33 93 98 94
42 53 88 89 89
42 6 92 97 97
42 39 50 62 61
48 0 37 88 75
25 29 11 53 11
25 50 86 98 97
3 28 61 99 65
3 47 73 97 96
3 1 46 48 47
3 15 55 70 59
3 20 42 84 84
3 46 31 63 50
28 17 25 63 60
28 43 91 97 94
28 53 10 63 56
28 4 38 83 47
28 2 89 94 89
28 33 90 98 92
47 53 27 58 57
47 38 62 78 68
20 26 83 91 83
20 5 89 99 98
20 1 95 97 97
20 40 48 85 82
46 36 71 73 73
46 37 85 87 87
4 28 51 86 75
4 52 47 50 49
5 6 17 76 18
5 40 79 84 79
40 26 64 76 74
40 11 59 91 66
7 53 14 36 33
7 24 47 76 66
7 54 84 88 87
53 50 84 97 90
53 2 20 26 23
53 43 83 98 92
24 46 81 100 91
24 12 22 91 65
24 28 11 24 17
24 50 53 88 82
24 43 31 50 31
24 25 69 78 70
54 9 10 33 11
54 6 89 99 94
8 16 40 69 56
8 55 54 90 76
16 18 84 88 88
16 38 43 79 54
16 45 95 100 100
16 7 70 81 73
16 54 65 84 69
55 59 89 92 92
9 27 60 97 81
9 3 60 94 62
9 12 94 98 98
27 59 59 81 79
27 18 24 92 35
27 0 24 88 26
27 51 38 93 70
27 58 39 76 55
10 7 91 98 91
10 36 32 69 49
36 56 41 83 45
36 45 81 99 90
36 28 64 90 79
36 57 48 93 79
36 7 23 54 31
29 55 18 46 19
29 7 31 79 54
37 42 93 99 98
37 6 16 78 32
37 22 46 86 51
37 24 51 95 89
18 53 50 82 50
18 0 66 95 81
18 52 81 86 81
18 27 35 46 41
13 16 94 100 96
13 15 64 89 77
13 34 20 78 27
14 23 57 71 65
23 46 56 72 63
23 2 60 69 64
23 41 14 98 83
23 16 70 84 71
23 39 11 21 13
38 53 68 79 77
38 9 93 98 96
38 26 13 90 67
17 34 95 100 99
17 10 45 49 48
17 7 66 95 70
19 9 53 56 55
19 25 94 99 94
26 37 77 91 89
26 35 85 93 89
26 12 72 78 72
21 36 17 37 32
21 19 21 65 23
21 56 83 87 85
21 47 42 59 52
56 13 15 86 37
56 20 30 55 52
56 18 20 37 37
22 26 82 87 87
41 21 10 24 14
41 56 33 81 33
41 26 45 84 45
39 54 17 80 26
39 45 44 96 70
39 6 61 82 69
50 58 36 70 67
43 15 77 94 81
43 35 36 86 44
43 16 77 81 78
43 24 49 67 52
35 16 27 52 35
35 43 76 99 84
35 18 19 59 41
59 44 94 96 96
59 4 34 94 59
59 23 82 98 94
59 25 79 87 80
59 21 76 77 76
59 49 14 80 71
59 0 48 50 50
51 24 62 73 65
51 26 61 65 63
51 2 10 84 43
51 0 56 73 73
51 21 79 88 83
58 1 71 83 77
58 45 94 96 96
58 18 41 47 42
58 16 55 67 58
33 25 60 66 65
33 32 66 92 74
33 10 54 61 56
30 7 27 32 27
30 25 29 99 54
30 27 20 51 46
30 21 33 44 33
31 4 52 98 54
31 37 24 44 25
31 25 90 95 95
31 33 68 90 79
32 31 84 98 90
57 10 57 94 66
57 37 12 36 34
57 41 75 98 92
44 39 19 36 29
44 42 46 96 72
44 12 55 93 77
44 26 49 75 68
44 11 94 96 95
44 41 60 74 66
49 13 12 70 55
49 14 10 96 77
49 19 36 80 41
0 59
