55 206
0 24 20 50 26
0 16 44 45 45
0 30 43 94 84
0 42 28 82 56
0 46 67 73 73
24 32 66 68 67
24 22 40 66 54
24 0 86 99 90
24 29 43 55 55
24 40 50 66 58
24 42 59 74 66
16 42 56 67 56
16 18 54 98 96
16 23 56 90 78
30 2 81 88 84
30 3 33 64 48
30 38 82 98 88
42 43 95 99 95
42 14 26 47 47
46 49 21 45 22
46 0 22 27 25
46 2 24 32 28
46 10 76 98 94
1 33 77 92 89
1 3 66 87 75
33 46 37 87 40
33 28 58 85 66
33 43 39 99 93
33 27 62 90 75
33 37 70 83 81
33 32 60 62 62
33 45 93 98 93
3 21 29 84 64
3 8 74 99 89
3 49 54 83 74
3 14 41 62 60
2 34 58 73 72
2 15 73 94 85
34 38 44 82 47
34 24 10 84 28
34 47 40 53 48
34 3 14 20 14
34 27 52 88 59
34 20 54 88 67
34 50 29 72 70
15 0 86 93 92
15 12 44 57 46
21 18 90 91 91
21 34 35 47 41
21 44 65 79 70
21 26 57 73 70
8 41 20 95 89
8 13 32 77 59
8 36 35 59 53
49 42 94 95 95
49 11 64 74 64
14 47 87 96 90
14 23 13 52 27
14 53 32 61 40
14 4 70 76 73
14 20 19 29 21
14 38 75 84 75
4 23 38 89 73
4 36 84 88 85
4 14 28 42 38
4 25 53 62 58
23 9 36 39 36
23 39 20 95 84
36 26 16 57 30
36 5 60 95 80
36 15 21 94 58
36 53 83 84 83
36 21 49 73 65
25 7 28 40 29
25 50 29 74 68
25 11 40 74 56
5 48 28 69 44
5 52 91 95 93
48 9 94 96 95
48 23 14 45 21
52 40 30 42 39
52 27 67 83 77
52 28 19 85 59
52 33 63 100 69
52 47 77 88 85
52 15 69 98 91
52 11 30 88 54
52 50 91 96 93
6 41 53 61 54
6 29 83 86 83
6 39 16 25 22
6 1 20 47 29
41 13 66 97 68
41 33 78 81 80
29 30 69 73 72
29 3 94 99 98
29 32 57 61 59
29 42 30 39 31
39 26 21 54 22
39 35 82 96 82
39 36 74 75 75
7 1 25 76 33
7 33 19 58 25
7 29 10 76 73
7 6 26 70 59
7 20 76 94 91
7 9 38 87 87
20 47 76 93 87
20 10 63 100 83
20 30 22 43 42
20 25 39 83 83
20 26 20 85 71
9 15 40 84 41
9 23 59 98 77
9 50 23 42 37
9 10 43 47 45
13 51 46 74 74
13 43 39 44 41
50 10 34 57 34
50 35 28 44 37
50 12 90 95 93
50 25 23 83 58
50 6 23 49 47
10 19 75 91 91
10 9 15 55 38
10 39 77 90 85
10 52 24 31 27
19 39 66 96 67
11 10 50 67 58
11 38 91 92 91
38 9 79 89 87
12 41 88 95 93
12 37 50 53 53
12 50 24 76 29
37 32 61 73 66
37 28 34 86 71
37 29 37 88 73
51 13 55 56 55
51 49 58 69 63
51 12 28 90 79
51 37 73 91 86
51 50 14 39 27
51 52 90 100 97
43 31 77 79 78
43 44 38 67 67
43 7 20 60 49
43 52 45 69 60
47 18 64 72 66
47 50 65 96 89
53 40 74 92 80
53 43 80 88 81
18 33 14 58 52
18 23 57 76 63
18 41 23 82 29
18 29 65 76 72
18 2 41 61 46
18 1 58 72 67
17 37 10 96 35
17 32 39 57 50
17 20 73 76 75
17 10 42 81 48
17 22 42 44 44
32 54 37 71 56
32 15 16 22 18
32 35 73 88 75
32 47 73 75 73
22 48 85 95 85
22 27 30 59 43
22 44 62 94 85
22 53 51 97 53
26 12 94 95 94
26 21 58 92 72
26 50 22 73 41
26 40 51 65 62
44 26 42 78 50
44 35 19 66 36
27 35 27 61 29
27 41 66 81 74
40 50 11 39 38
40 52 76 85 83
40 14 29 78 46
40 10 18 59 44
40 7 14 68 21
40 16 49 68 62
35 13 78 83 83
28 2 31 47 39
28 20 38 71 46
28 26 28 44 41
28 47 29 56 55
28 0 73 97 88
31 19 23 65 41
31 24 25 37 34
31 41 81 82 82
31 0 38 61 61
54 18 77 91 85
54 37 69 92 79
54 26 92 98 94
54 0 94 99 94
45 54 77 81 77
45 30 73 98 86
45 49 18 72 22
45 27 67 92 67
45 42 25 62 40
45 52 48 52 50
45 7 36 90 39
45 6 51 87 87
0 54
