96 303
0 64 67 71 69
0 69 53 85 84
0 60 64 67 66
0 61 10 20 12
0 83 33 39 38
0 77 54 69 63
0 67 29 88 59
0 92 66 86 76
64 95 86 87 86
69 48 36 87 36
69 44 18 61 39
60 54 48 80 60
60 90 85 89 87
61 57 18 29 18
61 18 46 89 82
61 67 11 86 21
83 56 50 86 78
83 70 95 99 95
77 45 20 44 34
77 0 16 24 18
67 81 79 87 86
67 61 11 22 21
67 94 88 90 90
67 14 88 97 93
67 83 76 94 94
92 33 61 80 61
92 66 45 50 49
92 73 39 70 41
92 87 93 96 93
92 67 40 46 45
1 32 24 49 47
1 94 88 97 94
32 59 39 61 54
32 35 27 52 27
32 58 19 47 46
32 13 39 64 51
32 49 66 97 91
94 78 17 81 71
2 64 13 57 13
3 80 58 74 60
3 91 57 84 82
3 18 90 100 93
3 8 66 73 67
3 71 13 42 27
80 85 72 97 94
80 56 36 45 37
80 87 67 88 79
80 21 71 86 83
91 19 25 79 40
91 32 37 90 64
18 38 88 95 93
18 92 84 99 95
18 22 47 69 50
18 16 11 14 14
8 30 49 97 73
8 66 61 93 91
71 34 61 74 70
71 11 39 86 49
4 61 40 82 40
4 72 16 33 19
4 40 95 97 96
4 73 60 91 62
4 89 54 76 70
72 54 83 95 87
72 37 64 71 65
40 22 58 67 58
73 33 85 98 89
89 25 73 84 78
89 66 39 67 61
89 68 57 80 72
89 94 25 97 45
5 35 88 91 91
5 87 61 86 69
5 25 16 36 30
35 80 91 97 97
35 81 42 99 53
35 1 30 54 32
35 32 18 45 38
35 41 47 95 67
87 52 41 63 56
87 36 59 85 67
87 0 78 95 82
25 12 61 85 78
25 16 95 96 95
25 1 19 85 41
25 68 81 85 83
25 21 42 44 42
7 49 30 80 79
49 79 81 97 90
49 82 42 51 48
30 28 86 98 90
30 38 50 63 56
30 87 65 92 75
30 16 76 93 86
66 12 85 94 92
66 10 75 82 78
66 64 84 88 86
9 78 66 77 70
9 25 14 31 19
9 69 51 98 53
9 57 90 98 91
9 66 41 95 83
9 0 87 98 88
78 71 80 90 82
57 24 84 99 90
57 85 78 82 80
57 70 34 79 60
57 32 79 97 93
57 95 27 81 56
57 42 48 94 50
57 35 12 50 18
57 56 43 69 47
57 21 81 82 82
10 58 91 92 92
10 43 35 68 66
10 73 27 34 29
10 57 20 58 48
10 86 84 86 85
58 60 18 90 39
43 36 29 64 29
43 62 17 38 36
43 1 41 42 41
86 91 34 41 41
86 42 60 91 73
86 51 42 74 52
86 95 19 68 57
11 80 25 34 33
11 51 42 60 58
11 8 33 71 45
11 1 26 88 36
11 5 34 35 35
51 77 14 100 91
51 18 51 90 62
51 16 89 91 89
12 52 94 95 94
12 36 79 84 82
52 68 94 98 95
52 42 27 34 34
52 92 30 66 36
52 70 82 86 84
52 14 58 61 58
36 49 19 27 26
36 33 77 83 80
13 40 65 98 85
13 60 95 97 97
13 27 83 90 87
13 94 31 66 36
27 70 44 75 63
27 51 88 91 88
27 71 76 78 76
27 37 15 47 16
27 5 25 78 35
27 86 72 91 87
27 46 70 87 80
14 60 78 94 78
14 11 79 100 86
14 32 58 81 59
15 55 46 98 95
15 72 58 73 70
15 7 33 83 80
55 68 33 36 36
55 77 57 87 63
55 14 13 52 43
55 33 89 90 90
16 48 38 72 58
16 12 53 87 55
48 69 64 82 65
48 53 93 100 98
48 41 41 55 49
17 11 59 70 60
17 47 11 82 52
47 29 12 49 23
47 84 26 28 28
38 22 24 60 24
38 16 37 91 72
38 47 11 94 21
38 57 24 63 27
38 28 36 90 81
38 77 21 77 46
22 0 13 93 58
22 7 86 88 88
19 44 66 90 73
19 18 40 74 61
44 64 53 55 53
44 29 23 50 23
44 19 19 37 24
20 38 89 90 90
21 26 55 78 59
21 82 24 48 24
26 6 94 96 96
26 28 26 78 60
26 42 61 70 65
82 78 11 98 55
82 72 77 81 81
82 89 51 77 62
23 31 66 72 69
23 9 72 97 85
23 93 15 82 15
23 50 69 90 85
31 79 23 100 83
31 3 50 51 50
31 76 83 90 86
31 68 55 56 56
31 5 85 91 89
93 34 60 66 63
93 38 45 54 45
93 1 54 86 84
50 67 72 73 73
24 50 27 50 47
24 67 61 62 61
24 69 27 35 28
68 55 86 97 92
68 8 11 72 69
68 12 86 92 89
68 62 29 82 36
28 26 91 100 99
28 50 64 70 65
42 87 60 83 70
70 78 19 100 82
70 88 45 68 57
37 84 51 62 62
37 78 63 65 64
46 59 92 100 94
46 76 39 57 40
46 72 14 93 28
46 26 68 87 87
46 10 12 48 35
46 51 88 99 89
29 6 91 99 94
29 70 45 88 81
29 95 45 93 62
29 9 86 91 91
29 88 45 69 47
29 19 89 95 89
95 15 90 95 90
95 90 76 96 85
88 95 55 93 87
88 38 85 90 88
79 66 14 71 61
79 95 33 36 35
79 93 57 77 62
79 18 16 65 18
79 21 12 91 75
79 25 36 38 38
79 72 23 45 36
76 42 15 32 16
76 31 21 85 51
76 29 67 80 67
76 24 70 93 77
59 52 17 72 56
59 6 91 93 93
33 39 22 28 23
33 66 36 40 37
39 82 17 59 23
39 16 69 71 69
39 41 16 92 46
34 89 11 31 26
34 71 21 68 44
34 72 70 89 82
81 28 89 91 89
81 51 82 97 91
81 83 31 96 57
81 86 88 93 91
41 5 90 96 94
41 75 30 31 31
41 13 73 97 91
84 38 50 57 50
84 2 91 100 93
75 4 58 61 60
62 26 80 87 83
62 54 85 87 85
62 30 36 42 40
62 29 95 96 96
45 13 21 29 28
53 15 27 90 28
53 62 69 73 73
53 89 44 93 64
53 18 95 98 97
53 39 54 80 77
54 15 17 70 63
54 4 66 69 68
54 11 45 47 46
54 34 35 58 47
54 63 86 100 92
54 75 75 87 82
63 49 77 83 81
63 54 81 96 88
63 85 36 57 49
63 60 44 74 67
56 88 42 76 67
56 57 40 80 44
56 73 92 100 95
85 58 33 77 68
85 18 21 30 22
85 26 12 83 24
90 24 39 98 60
90 29 25 44 41
90 45 39 46 41
65 2 52 72 60
74 11 77 100 84
74 84 34 50 43
74 34 94 96 96
74 59 23 96 76
0 95
