72 115
0 27 63 79 73
0 37 69 92 85
0 13 48 63 55
27 68 95 98 95
37 67 54 55 54
37 9 15 20 19
37 45 44 80 72
13 16 46 57 46
1 26 82 85 84
2 3 62 90 87
3 46 77 92 88
46 71 32 78 78
46 60 15 27 21
4 10 10 33 24
4 60 70 96 93
4 22 39 45 45
4 9 10 43 17
10 30 32 98 52
60 61 82 88 85
60 31 36 59 51
60 70 63 89 76
60 12 93 100 96
22 13 13 20 18
22 8 74 88 78
9 1 61 85 80
9 55 56 84 59
6 43 10 30 18
6 15 90 95 92
6 23 71 96 85
43 15 22 48 31
15 71 56 69 64
23 35 36 90 79
23 61 95 98 97
7 69 43 46 45
69 56 12 58 52
69 61 41 95 53
69 15 59 78 77
55 35 19 30 27
11 31 21 95 67
11 60 60 78 75
31 64 24 65 43
31 52 43 84 81
12 59 20 44 31
12 35 23 61 27
35 54 43 45 43
35 4 47 50 48
16 11 85 96 95
16 57 88 89 88
14 10 22 53 31
71 15 48 67 55
71 11 83 85 85
71 32 62 71 70
57 53 48 51 49
17 50 48 83 80
17 33 89 97 91
50 39 89 91 90
50 10 64 67 67
50 33 26 35 28
33 16 78 83 83
18 15 89 94 90
19 53 39 60 54
19 33 14 56 46
19 52 64 88 88
53 62 17 80 64
52 67 80 90 87
52 18 28 94 47
52 63 62 70 64
52 45 71 93 71
20 13 49 59 55
20 9 93 96 96
21 48 89 94 92
48 50 68 82 68
48 39 68 77 71
61 13 56 68 62
24 36 37 68 68
36 6 56 95 60
36 62 30 35 33
68 36 32 98 37
29 23 68 71 71
29 11 14 76 72
29 13 40 82 64
29 3 84 100 100
64 42 33 63 38
32 3 81 97 89
32 64 35 56 43
34 27 44 57 54
34 44 89 90 90
34 61 23 75 53
34 8 41 49 49
54 4 61 95 61
54 59 60 97 84
45 64 78 95 91
38 62 46 63 51
38 5 24 100 45
38 14 24 41 39
39 3 32 42 42
39 11 93 97 95
39 54 84 86 85
39 60 65 70 69
40 47 54 85 55
40 0 81 83 81
40 50 61 91 70
41 21 83 96 83
41 2 63 64 64
49 36 68 72 68
49 29 23 45 35
49 14 68 91 89
51 52 38 53 47
51 22 79 87 82
51 28 28 54 48
56 67 33 100 89
58 15 53 87 64
58 5 17 95 21
65 59 11 65 63
66 55 36 78 44
0 71
