94 206
0 1 80 81 80
0 16 22 83 29
0 7 34 39 35
0 29 32 83 64
1 76 70 81 76
16 66 69 87 75
16 63 57 83 59
16 79 30 51 33
7 84 28 78 34
7 75 45 80 77
7 39 82 90 85
7 41 33 52 36
29 56 95 99 96
29 55 80 82 80
29 2 81 84 82
29 45 23 89 39
76 19 26 77 72
76 29 11 47 39
76 69 74 89 88
76 8 59 81 75
2 20 11 59 33
2 55 74 94 88
55 80 36 58 42
55 27 81 97 88
55 59 59 84 67
55 23 64 86 79
3 43 63 93 87
3 54 78 87 84
3 78 71 74 72
43 38 35 84 45
54 72 78 86 82
54 35 51 82 70
54 18 38 64 46
54 21 80 91 82
78 52 53 79 66
78 72 66 69 69
4 8 61 91 71
4 91 87 97 96
8 10 43 51 51
8 27 71 73 72
91 10 91 95 92
5 20 71 93 84
5 69 81 86 81
5 78 89 92 91
69 93 50 98 68
6 37 90 99 97
37 61 21 87 65
37 79 35 98 39
84 11 41 84 80
84 34 52 70 67
84 4 87 93 91
39 57 27 32 29
39 90 81 100 81
41 49 45 51 48
41 38 54 73 65
27 36 26 65 42
27 58 60 84 61
27 57 57 92 76
27 44 65 86 82
9 48 50 96 51
48 7 64 87 87
48 4 92 94 94
11 18 56 74 71
11 20 81 92 81
12 44 55 56 55
12 40 59 64 59
12 24 39 56 53
44 12 75 87 82
44 45 85 95 89
24 88 33 81 79
24 33 37 46 41
13 41 52 97 84
13 60 70 97 91
13 10 74 88 75
60 0 53 72 63
60 85 52 78 58
60 32 42 93 67
14 24 12 28 13
14 32 58 92 72
32 7 14 76 44
15 33 67 91 71
33 93 59 77 76
33 92 32 73 55
66 82 34 58 57
66 58 12 55 18
66 70 75 77 76
66 54 92 100 97
63 37 44 65 47
63 29 77 99 93
63 39 56 72 66
63 66 54 80 59
63 53 51 57 51
79 54 93 98 95
79 21 91 96 96
79 73 11 86 29
17 12 26 82 37
17 61 23 39 26
17 50 44 53 49
17 46 33 96 90
17 47 73 76 76
17 5 19 44 24
17 7 52 75 60
50 70 12 63 58
46 69 79 90 84
46 41 90 92 90
46 53 19 73 43
46 26 66 76 70
46 73 91 93 91
47 84 78 88 83
47 16 62 86 78
47 81 41 64 54
19 15 13 38 24
19 44 34 77 42
19 30 82 88 86
19 74 14 27 21
30 8 22 69 26
74 87 28 69 59
21 43 41 88 61
22 28 55 84 82
22 71 68 84 81
22 89 54 81 81
28 48 68 85 77
28 35 64 92 81
28 84 89 93 90
71 43 83 92 91
71 55 13 29 20
71 28 62 75 64
89 61 74 87 87
89 8 76 95 79
23 22 11 86 31
88 8 17 47 36
88 71 47 89 79
25 3 48 69 54
25 66 28 63 56
25 36 88 97 89
25 46 20 78 30
36 23 51 63 51
26 51 31 45 41
26 23 18 84 51
58 26 68 73 70
57 61 34 56 45
57 13 13 67 46
57 42 50 58 57
35 49 73 88 86
35 1 23 37 34
35 28 81 89 81
35 91 40 57 57
56 48 17 56 54
56 63 11 84 62
45 8 24 90 90
45 54 38 95 60
31 56 59 81 63
31 64 74 100 74
31 80 28 45 31
64 57 54 88 66
64 59 11 58 36
80 74 24 44 40
80 31 88 100 97
92 39 87 93 88
34 73 83 91 85
73 92 82 94 85
49 50 55 90 76
49 68 73 79 74
49 44 75 89 82
38 34 62 91 69
38 43 74 84 84
90 52 13 82 55
42 93 86 94 93
42 47 43 87 82
53 31 81 86 81
53 23 13 77 42
53 3 86 87 87
81 38 89 94 90
81 80 84 93 88
81 39 79 80 79
68 43 37 55 46
68 91 17 81 36
68 18 13 98 62
70 45 56 62 62
70 55 38 92 81
70 76 38 83 73
52 76 71 82 74
52 62 61 66 66
62 37 59 88 81
62 66 43 84 62
62 55 80 87 87
62 47 76 84 76
72 39 94 96 95
72 46 94 98 94
65 66 55 99 97
65 49 11 72 44
67 28 40 72 70
67 42 11 64 22
87 71 55 60 57
87 25 26 51 50
87 3 68 79 68
87 53 58 85 73
87 51 14 25 20
77 72 33 49 48
77 57 65 90 87
83 29 91 95 92
83 14 48 83 67
83 81 40 84 83
86 28 33 71 39
86 65 48 79 48
86 49 73 97 78
0 93
