82 323
0 56 42 84 52
0 37 12 41 27
0 58 28 64 52
0 38 38 39 39
0 61 92 98 93
0 16 38 47 45
56 7 62 97 69
56 69 68 80 77
56 62 22 97 67
56 34 82 87 87
37 75 94 100 95
37 69 94 98 95
37 11 90 100 95
37 47 42 61 57
37 0 89 100 99
58 8 10 77 35
58 73 35 79 50
58 0 87 95 91
58 17 71 97 73
38 2 14 47 38
38 75 40 62 60
38 21 89 98 91
38 14 42 88 42
38 61 21 94 93
38 13 29 93 70
38 10 28 32 32
61 41 75 81 77
61 79 37 82 39
61 5 79 89 88
16 66 36 48 37
1 78 75 95 75
1 20 28 57 34
1 67 56 86 74
1 33 95 99 99
78 80 79 86 84
78 27 50 64 58
78 31 91 93 92
78 50 85 99 87
78 22 32 66 60
78 57 33 65 40
78 60 24 76 61
20 65 29 51 30
20 44 49 64 63
20 75 78 99 82
20 17 15 27 20
20 70 47 87 83
67 17 73 95 74
67 79 53 62 61
67 12 76 81 77
67 24 17 33 31
33 50 78 81 80
33 77 43 61 48
33 19 15 68 24
33 0 83 84 83
33 8 75 87 75
2 1 44 89 81
2 32 40 92 58
2 51 16 30 23
2 46 26 55 40
2 20 93 100 97
2 25 46 50 46
2 67 82 98 82
32 30 43 94 61
32 53 64 87 71
32 29 20 37 29
51 43 73 80 75
51 63 31 43 32
51 74 87 93 87
25 19 26 90 60
25 53 11 91 29
25 41 31 38 37
25 77 39 50 46
3 77 77 90 83
3 20 17 57 25
3 11 20 22 20
77 67 74 91 75
77 18 30 36 36
77 65 26 61 54
77 25 79 84 79
11 76 80 83 81
11 59 93 96 94
4 25 29 96 91
4 71 36 79 70
4 70 41 54 51
4 42 46 48 47
71 20 31 41 39
71 72 30 97 67
71 56 74 96 94
70 37 62 100 83
70 67 37 83 76
70 60 94 97 97
70 6 11 95 11
70 34 24 91 73
70 69 35 100 42
42 60 32 96 53
42 37 71 88 84
5 21 34 39 34
5 75 90 95 92
5 63 89 96 93
21 46 89 96 90
21 3 41 45 43
21 5 87 88 87
21 30 24 73 32
75 21 17 34 31
75 73 41 67 55
75 64 77 82 80
75 59 90 95 94
63 72 60 93 86
63 25 30 87 68
63 29 76 82 81
63 62 78 92 92
63 11 60 71 66
63 80 37 41 39
63 71 73 75 73
63 1 92 96 96
6 63 33 92 90
6 21 59 78 75
6 73 22 73 39
6 4 86 98 91
6 44 89 91 90
73 6 63 69 64
73 22 59 62 61
73 50 83 95 95
73 52 51 87 55
73 79 62 79 79
73 53 44 59 59
44 25 75 77 76
44 72 14 26 15
44 5 66 90 73
44 37 20 56 37
7 52 57 80 63
7 76 33 94 54
7 32 55 90 77
52 81 49 82 49
52 69 80 99 96
52 41 91 98 98
52 1 52 74 68
52 64 57 71 70
52 23 27 95 78
52 61 79 81 80
52 2 89 94 93
52 68 86 90 86
52 44 36 83 41
76 13 63 91 84
76 53 36 55 44
76 33 32 64 32
76 49 52 64 56
76 3 93 100 99
8 51 61 69 68
8 73 72 88 88
8 79 37 88 85
8 26 15 86 69
79 37 72 81 77
79 75 29 67 39
79 25 58 90 76
79 16 55 59 58
79 43 86 93 87
79 42 24 41 34
79 21 43 81 53
26 27 67 75 68
9 32 28 83 56
9 23 65 86 69
9 1 26 68 52
9 0 89 100 95
9 75 48 75 67
23 65 31 62 44
59 31 85 97 89
12 46 16 93 36
12 47 27 43 38
12 67 50 59 50
47 35 93 94 94
13 76 37 88 78
13 80 71 89 73
13 60 77 97 77
13 41 34 39 35
13 47 19 33 30
13 5 62 81 68
13 52 86 99 89
80 48 55 79 65
80 68 25 52 36
80 1 22 41 23
80 9 36 57 39
80 36 49 70 57
80 8 35 92 89
60 18 31 76 43
60 72 75 80 77
60 12 76 90 90
60 75 55 79 68
60 20 57 73 60
41 57 71 100 98
41 21 84 100 85
41 37 86 88 88
41 26 10 82 33
14 73 81 91 89
14 10 22 95 82
14 20 89 92 90
14 68 85 90 87
68 31 15 94 93
68 72 77 94 81
68 9 79 96 79
68 46 21 75 55
68 80 21 42 42
15 8 89 100 97
15 57 22 95 34
57 1 38 39 39
57 21 70 87 83
66 78 46 53 48
66 40 70 71 71
66 5 56 61 61
66 70 73 76 74
66 80 10 59 19
66 39 76 85 80
17 80 73 75 73
17 5 62 77 66
17 43 55 73 56
17 34 92 100 96
17 81 94 98 95
34 71 72 78 73
34 65 64 70 70
34 33 66 98 79
34 15 84 85 84
81 65 51 70 69
81 57 82 84 83
81 35 76 83 80
81 47 34 67 34
81 10 74 83 80
18 56 93 98 93
18 46 42 60 56
18 69 40 48 45
69 8 51 80 71
69 73 51 92 71
69 23 60 76 70
69 42 69 87 79
69 26 91 92 92
69 2 80 96 88
19 67 53 91 58
19 41 10 64 34
19 35 15 30 22
35 23 34 52 38
35 55 41 70 68
35 38 95 99 95
35 32 34 70 50
35 78 61 66 62
65 72 66 91 79
65 18 50 88 70
65 28 84 100 97
65 50 83 87 85
30 71 32 85 68
30 54 76 84 81
30 58 21 38 31
22 25 25 68 54
22 75 50 98 71
24 64 27 73 48
24 69 37 43 37
64 26 72 77 72
64 20 89 92 89
64 29 53 62 57
64 55 61 98 91
53 47 17 23 17
53 11 61 73 64
53 37 10 80 23
53 18 82 94 90
27 34 66 73 67
27 38 47 50 47
28 18 42 78 59
28 56 61 77 73
28 61 32 75 33
28 58 65 77 74
28 59 28 70 44
28 19 41 88 75
28 78 25 79 53
28 50 12 45 26
28 3 54 83 59
50 7 42 45 45
50 38 35 88 44
50 77 45 98 93
50 22 21 54 42
50 76 45 84 60
50 63 57 94 85
29 49 29 58 41
49 8 14 35 20
49 43 43 47 47
49 1 17 40 27
54 21 63 87 82
54 60 84 89 87
54 1 32 45 37
54 11 90 99 97
54 69 14 93 83
31 33 69 100 84
31 60 25 63 29
55 42 84 89 87
55 81 46 68 50
55 75 59 95 86
55 14 87 91 88
55 48 59 73 67
36 75 78 84 82
36 29 26 68 43
36 16 52 75 68
36 48 19 55 43
36 72 29 63 38
48 2 41 98 56
48 53 35 49 37
72 33 76 84 78
39 71 83 97 95
39 61 60 61 61
39 67 45 69 68
39 30 54 58 55
40 44 61 83 63
40 21 88 90 89
40 15 35 80 58
40 32 20 85 28
40 69 73 82 73
45 73 64 100 99
45 40 26 93 67
45 41 38 83 47
45 8 18 78 62
45 77 48 53 48
74 6 80 91 86
62 64 92 100 98
62 75 29 68 53
62 47 50 94 94
62 20 74 85 81
62 45 28 89 54
0 81
