195 428
0 102 52 69 57
0 27 91 97 97
0 146 49 71 69
0 128 18 56 19
0 167 62 71 62
0 90 35 50 42
0 147 12 23 14
102 103 49 77 72
102 190 71 86 77
102 43 50 97 82
102 106 63 93 85
27 78 68 70 68
27 99 90 91 91
27 185 76 93 86
146 82 44 90 59
146 119 43 87 44
146 9 88 96 95
146 54 37 79 53
146 190 72 84 77
128 144 76 92 88
128 149 36 76 61
167 16 85 91 87
167 48 36 92 71
90 62 84 89 88
90 19 95 100 99
90 57 66 100 66
147 79 21 73 47
147 21 21 33 33
147 31 25 74 42
1 192 93 94 94
1 131 95 100 96
1 178 91 97 95
192 76 86 93 89
192 140 35 51 40
192 185 31 40 39
131 162 25 32 31
131 69 74 89 77
178 62 94 99 94
2 160 46 80 67
3 53 72 90 76
53 51 93 96 93
53 84 13 83 71
53 13 67 81 72
53 63 78 79 78
4 65 66 71 69
5 27 61 74 72
6 82 25 75 47
6 189 23 29 23
82 126 61 78 74
82 14 54 91 71
189 170 30 99 44
189 181 42 67 42
7 162 22 94 87
162 185 88 100 95
162 74 92 96 94
8 110 87 98 93
110 46 76 80 77
110 119 87 97 88
110 139 65 76 73
9 40 41 85 46
9 81 59 99 84
40 140 30 92 68
81 24 22 54 46
81 73 50 58 58
10 81 67 80 72
10 172 58 68 58
10 188 72 99 87
172 103 75 84 79
172 192 54 91 68
188 119 45 88 88
188 0 34 42 34
11 49 62 85 79
11 93 64 96 84
49 53 44 90 87
49 101 22 25 23
49 84 76 86 79
93 77 19 31 22
93 51 62 68 64
12 102 20 73 63
13 92 16 95 74
13 40 67 96 94
92 73 49 67 62
92 68 50 84 58
92 158 21 27 22
92 84 87 88 87
14 114 45 95 90
14 83 57 96 82
14 110 83 92 86
14 112 91 93 92
114 153 73 81 80
114 164 23 88 87
114 55 75 84 84
83 56 93 95 93
83 126 65 83 65
83 79 76 88 77
83 91 17 94 27
112 167 66 89 68
15 148 42 76 56
148 89 51 57 53
148 100 13 84 14
16 98 41 100 45
16 170 39 96 50
16 49 83 96 85
16 137 70 75 74
98 109 28 87 44
98 145 30 67 32
170 85 81 93 87
170 138 92 97 94
170 93 58 66 59
137 122 54 77 77
17 115 46 70 69
17 58 48 52 48
17 85 35 52 42
115 28 46 58 58
115 172 89 99 90
58 17 76 79 78
58 123 31 64 50
85 7 45 56 48
18 121 75 79 75
121 137 49 88 70
121 170 61 66 64
19 144 45 89 52
19 85 86 89 89
19 102 55 83 70
19 179 82 83 83
19 67 38 94 78
144 77 77 92 84
144 99 38 58 38
144 124 51 52 51
20 13 41 55 42
23 99 87 88 88
23 15 27 81 47
23 158 47 50 48
23 38 37 60 42
99 187 71 92 86
99 19 12 86 65
99 1 16 22 20
158 153 60 80 74
38 175 63 67 67
24 64 60 89 83
24 184 54 82 63
24 152 10 84 19
64 120 60 87 75
64 53 45 54 52
184 171 83 89 86
184 82 16 37 31
152 10 55 75 69
25 8 81 87 87
26 143 41 53 46
143 103 82 88 82
143 42 35 60 57
78 84 87 95 91
78 42 67 77 76
78 40 13 60 22
185 2 53 93 84
185 12 64 91 90
185 194 41 63 49
185 45 64 73 66
28 44 74 91 90
29 50 80 86 80
29 186 42 51 45
29 22 73 87 79
50 102 11 100 42
50 188 32 99 68
50 72 40 83 50
50 71 27 82 72
50 2 67 97 87
186 51 55 86 84
186 176 51 71 54
30 155 86 91 88
30 125 77 99 86
30 96 29 81 29
155 17 87 93 92
155 183 58 83 80
155 41 22 78 41
125 35 11 18 18
125 28 15 21 21
125 11 75 89 81
96 74 54 99 73
96 92 93 97 95
31 193 93 97 94
31 144 73 75 73
193 59 47 89 78
193 37 51 75 64
193 111 39 79 41
193 1 91 97 93
32 52 46 58 50
32 142 62 69 69
52 113 19 45 38
142 32 73 90 90
142 180 35 70 54
33 103 60 73 72
33 1 84 92 86
103 194 49 61 53
103 27 58 91 86
34 113 38 50 48
34 102 54 70 64
113 125 18 66 54
35 192 20 99 38
35 191 28 64 64
35 16 85 91 85
191 79 48 56 49
191 180 28 76 75
191 107 24 53 37
36 8 58 62 59
36 14 17 87 32
37 96 15 20 17
37 157 82 93 90
157 140 76 85 76
157 13 45 93 70
175 191 85 92 90
39 1 43 78 64
39 75 38 80 55
39 168 64 99 83
39 126 26 81 62
75 5 56 67 58
75 7 66 81 78
75 194 74 78 77
168 181 89 98 92
126 36 93 94 93
126 43 94 98 96
126 139 41 55 55
140 142 72 73 73
140 79 42 66 53
41 134 86 89 89
134 102 20 26 26
134 95 61 65 61
42 10 47 86 72
42 3 55 64 56
46 150 12 39 27
46 73 48 80 78
150 187 46 82 76
150 157 56 74 69
73 63 75 88 76
73 187 33 77 44
47 124 19 67 22
47 183 78 87 78
47 37 29 51 30
183 95 55 84 79
183 114 10 92 73
48 188 56 66 62
48 167 12 93 81
101 188 73 80 73
101 89 51 55 51
84 93 86 96 89
72 9 51 64 59
72 30 73 82 82
72 174 13 88 41
72 1 42 93 77
71 2 92 99 95
71 185 55 78 63
71 121 15 98 26
71 181 55 99 59
71 0 83 94 84
51 24 29 54 31
51 121 48 64 58
51 8 54 59 59
63 17 67 80 77
63 48 64 65 64
54 138 29 58 33
54 145 79 100 79
54 59 18 48 25
54 166 69 83 76
138 134 73 98 82
145 167 77 93 87
145 70 74 93 86
145 130 89 92 89
59 127 79 92 90
166 10 11 66 56
55 4 21 74 28
56 79 23 61 51
56 12 82 89 89
56 92 38 63 54
56 122 29 52 44
79 36 11 73 45
57 45 42 71 62
57 2 52 69 56
123 57 63 66 65
127 9 95 97 97
127 28 79 82 79
127 82 82 90 85
127 50 81 91 83
127 130 49 57 49
60 1 35 65 35
60 125 26 97 39
61 157 85 94 93
61 176 93 97 96
176 18 83 89 88
176 26 65 67 67
62 57 42 72 45
62 179 15 94 29
62 81 58 90 74
120 48 59 74 68
120 44 51 76 71
66 54 75 90 76
66 100 31 76 72
100 33 15 61 26
100 76 73 77 77
100 57 15 92 72
100 40 67 87 77
100 179 56 90 88
68 47 88 97 97
68 9 83 99 90
69 164 86 100 90
69 94 74 79 76
69 190 32 59 51
164 131 21 59 52
94 174 22 74 52
94 110 62 76 66
94 3 47 86 78
70 29 77 89 88
70 61 12 68 12
70 72 91 98 94
181 171 25 74 45
174 162 92 93 92
174 155 17 71 68
174 193 42 46 45
174 185 76 94 80
187 6 78 83 80
187 43 71 75 74
74 100 50 85 62
74 117 80 100 98
74 78 77 81 81
117 82 34 44 38
194 80 51 72 56
194 98 26 88 84
194 187 14 55 17
194 25 42 66 45
194 1 87 90 88
77 57 65 96 84
77 6 83 86 84
80 124 29 77 73
80 13 52 61 61
80 165 66 79 77
80 104 94 97 96
165 176 52 89 69
165 37 85 94 85
104 23 39 67 45
104 134 51 70 60
91 152 40 85 41
91 137 25 44 36
91 82 30 43 39
86 54 64 66 66
86 22 90 95 91
86 177 84 99 87
177 83 61 88 62
87 169 52 78 70
87 152 10 84 25
88 55 26 65 44
88 182 79 80 80
88 124 78 86 80
182 2 80 81 80
182 74 53 79 76
182 19 92 97 96
182 103 94 98 97
182 89 42 92 56
182 194 17 39 32
182 124 16 59 32
89 33 21 91 64
89 164 87 98 88
95 119 86 95 87
95 130 31 80 54
119 42 34 82 69
130 104 55 99 72
130 29 79 84 83
97 185 36 92 60
97 35 54 98 77
109 178 74 85 79
109 148 11 43 38
109 70 36 62 42
106 15 13 94 93
106 107 45 78 75
105 67 94 98 98
107 170 90 93 92
108 62 29 89 33
108 152 91 98 98
108 132 85 99 89
108 25 66 74 70
132 82 85 90 90
132 77 19 84 77
139 17 45 78 73
139 97 46 58 50
139 183 26 35 35
139 122 94 96 95
111 6 28 49 45
153 194 35 52 41
153 169 34 91 72
116 127 81 96 87
116 174 52 83 69
116 120 78 87 84
116 91 69 97 77
116 3 78 90 90
116 66 11 59 28
149 134 89 92 91
149 11 34 78 72
129 177 89 97 95
129 170 83 87 86
129 25 34 44 44
133 120 39 99 88
133 125 73 95 83
136 120 88 100 89
136 96 74 80 78
141 117 22 98 65
180 94 91 99 97
180 164 46 91 69
180 79 82 96 88
151 123 13 56 18
151 26 19 87 19
151 160 34 43 39
151 35 89 96 89
154 99 70 82 75
156 1 57 96 95
159 54 56 72 59
159 182 70 79 74
159 82 40 54 48
161 62 60 100 79
161 127 55 75 68
161 153 56 69 63
163 53 59 86 77
163 177 43 62 58
163 42 74 97 93
171 93 65 81 68
171 37 44 92 92
171 39 11 71 66
173 93 60 85 68
173 110 59 91 91
173 49 12 63 14
173 177 21 92 75
0 194
