33 64
0 14 53 72 70
0 19 36 38 38
14 32 46 63 48
14 2 47 83 50
19 1 59 77 73
1 20 13 30 21
1 22 77 89 79
1 24 63 64 64
20 11 78 98 87
20 4 18 30 27
20 31 38 82 42
24 5 60 82 67
2 5 28 78 67
2 14 86 95 91
2 9 22 43 40
2 32 66 99 93
2 17 56 64 61
5 6 25 48 36
9 20 45 52 45
9 18 44 86 76
9 6 51 60 54
32 25 20 93 32
32 16 42 81 46
32 3 27 64 54
17 14 75 90 90
3 15 39 44 40
3 28 26 40 37
15 8 20 61 25
15 12 46 68 47
28 3 28 82 47
28 31 13 75 13
28 22 13 83 67
28 30 93 94 93
4 9 52 84 53
4 29 26 99 79
4 3 94 95 95
29 3 41 92 80
29 28 25 50 41
6 30 46 58 55
30 16 46 89 79
7 28 17 24 19
7 4 16 31 19
7 20 35 69 44
8 24 33 94 87
8 3 44 94 49
10 14 87 99 92
11 23 71 100 88
11 12 28 52 28
23 14 50 99 84
23 3 65 79 74
12 6 63 92 66
12 25 33 52 44
12 23 26 79 61
12 15 24 26 24
25 32 48 97 95
25 12 21 33 30
13 11 36 45 43
13 25 20 47 23
16 23 47 52 52
16 11 91 96 91
21 2 47 58 50
27 5 72 74 72
27 19 47 82 53
27 29 23 44 23
0 32
