43 119
0 42 82 87 85
42 10 81 91 83
42 39 44 81 62
42 37 65 73 72
42 6 33 55 52
1 38 68 73 70
1 10 77 96 83
1 30 32 80 79
1 20 31 82 64
1 33 84 95 90
38 13 91 97 95
38 29 46 49 48
10 14 49 95 89
10 18 74 79 74
10 26 61 93 66
30 22 85 100 88
20 9 68 96 80
20 21 32 62 48
20 27 75 78 75
20 39 68 91 79
20 31 93 99 94
20 15 73 85 84
33 40 13 47 39
33 29 79 86 86
33 17 73 97 78
33 24 69 77 72
2 36 16 68 19
2 17 51 68 52
36 4 36 82 78
36 26 86 98 87
36 34 32 54 32
17 22 54 84 78
17 35 18 58 55
3 40 22 48 39
40 10 84 97 94
40 25 90 91 90
40 1 87 98 95
40 12 50 81 72
4 34 15 31 27
4 18 93 95 95
34 9 24 86 43
34 12 63 81 65
34 29 59 77 70
34 3 51 88 78
18 6 48 63 61
5 3 81 85 83
5 16 50 92 73
6 41 94 100 97
6 9 70 84 83
6 25 55 88 70
6 14 88 98 89
41 8 45 72 60
9 0 60 87 68
9 21 46 100 64
25 40 87 89 88
25 5 20 96 48
14 33 31 85 75
14 26 63 66 64
14 24 51 99 64
7 30 65 79 65
7 32 84 97 86
7 5 52 90 60
7 12 66 79 72
7 16 82 83 83
32 23 20 62 62
32 20 30 55 30
32 41 67 82 67
32 11 21 95 41
32 37 27 96 47
32 8 75 92 83
12 13 69 71 70
12 19 85 89 85
12 11 42 96 43
21 40 53 63 62
21 8 72 73 73
21 29 82 96 95
21 37 93 94 93
26 1 44 53 48
26 28 44 59 45
26 29 84 89 84
26 17 93 97 97
11 24 91 95 92
11 26 50 62 55
11 7 20 31 25
24 19 49 74 55
13 37 49 70 55
13 7 94 98 95
13 28 67 79 67
19 4 63 74 69
19 17 33 49 38
37 3 83 98 86
37 21 43 60 56
28 21 74 91 85
28 42 11 41 15
28 24 64 98 83
15 5 62 82 63
15 2 48 55 52
15 16 17 97 76
22 11 13 22 20
22 16 74 92 85
35 36 74 87 85
35 6 64 89 69
35 39 14 77 22
35 31 44 58 45
35 19 94 95 94
27 0 45 63 56
27 4 71 77 75
27 23 24 78 75
39 13 75 78 77
31 22 54 65 55
31 2 95 98 97
31 33 23 44 44
31 10 29 72 48
29 31 58 60 60
29 32 80 91 83
29 18 37 57 46
23 17 63 66 65
23 3 41 65 62
23 27 73 80 75
0 42
