77 221
0 19 90 100 91
0 12 18 76 47
0 24 20 65 37
0 16 42 61 46
19 36 32 65 33
19 0 21 76 22
19 12 92 100 96
19 6 59 82 61
19 20 33 56 53
19 65 15 76 42
12 24 49 99 58
12 45 31 67 59
16 55 30 56 39
16 6 75 85 78
16 20 57 91 72
16 15 62 99 87
1 3 26 47 27
1 16 61 99 63
1 4 64 80 65
3 18 42 64 59
3 53 80 90 89
4 12 45 65 58
4 46 42 48 43
18 43 21 61 41
18 53 53 78 61
18 2 22 70 49
53 58 51 64 52
53 40 72 98 78
53 52 87 94 93
46 34 59 92 60
46 33 85 97 97
6 75 79 88 83
6 71 40 64 42
6 10 13 22 14
75 31 31 85 43
75 42 73 85 79
75 59 19 53 44
75 52 90 92 91
71 38 61 84 75
71 2 10 50 46
71 45 50 80 71
71 25 91 97 95
71 12 69 76 72
10 1 10 19 11
10 54 13 68 40
10 34 50 52 52
10 22 75 99 78
10 11 80 99 82
10 62 58 78 66
7 20 54 82 65
20 43 11 77 54
20 30 35 36 36
20 68 73 86 81
20 15 32 55 40
8 0 20 30 23
9 34 25 98 58
9 25 36 72 72
34 66 84 93 85
25 76 25 63 62
25 68 72 73 72
54 4 68 82 75
54 14 16 46 32
54 33 40 85 59
54 69 13 70 55
22 71 27 64 31
22 58 89 95 92
11 50 51 57 51
11 33 26 96 48
62 25 50 77 70
62 26 50 60 52
62 37 78 81 79
62 48 54 85 74
62 39 56 89 66
62 40 53 70 58
62 5 90 97 95
50 57 60 73 61
33 17 12 20 14
33 42 25 70 47
33 5 81 88 88
45 23 71 85 82
45 51 92 100 93
45 72 29 61 36
45 58 47 71 53
13 63 42 53 47
13 45 43 56 48
13 9 68 78 70
63 32 39 62 61
63 48 20 50 27
63 70 46 78 63
14 3 19 87 53
14 71 39 42 41
14 11 11 56 17
14 40 55 85 73
14 10 23 37 25
40 7 19 58 58
40 72 56 78 70
15 44 56 95 86
15 14 35 40 38
15 4 88 92 92
15 35 67 96 78
44 68 59 95 90
44 40 62 79 77
35 70 36 78 51
35 33 39 70 55
35 39 61 90 79
55 12 87 90 88
17 36 46 80 62
17 48 19 22 19
36 18 55 76 60
36 40 20 75 25
48 23 94 99 94
48 52 81 86 81
48 7 33 92 84
43 15 12 47 40
43 76 70 90 79
43 38 66 91 77
43 45 21 79 29
65 68 88 97 89
65 4 69 73 72
65 44 22 27 25
65 17 11 12 12
30 19 40 96 78
30 27 20 75 35
30 48 56 92 66
68 76 35 96 48
68 39 70 95 79
21 63 26 57 37
21 25 24 51 50
21 6 68 83 83
21 72 20 41 23
72 27 15 88 49
72 70 52 64 53
58 69 68 75 75
58 21 12 16 13
58 45 76 83 78
58 71 46 61 51
23 0 26 47 44
23 59 62 92 81
23 55 73 81 81
23 73 18 56 49
59 54 67 80 79
59 29 66 92 84
59 75 88 91 88
59 45 84 92 91
59 25 71 72 71
73 29 10 100 67
73 22 75 91 91
73 8 52 76 61
73 41 21 94 63
76 1 26 88 40
76 73 67 95 78
76 6 41 73 52
26 76 55 72 62
26 59 67 76 75
26 0 87 97 96
26 37 72 96 86
26 65 33 85 69
37 27 75 77 77
27 25 11 38 22
27 20 36 52 52
27 9 57 85 81
27 56 41 93 58
56 28 83 98 92
56 69 10 87 53
56 33 26 52 47
56 41 62 75 63
28 44 66 93 66
29 33 33 100 50
29 50 90 92 90
31 18 38 47 42
31 42 20 37 33
31 0 55 59 56
31 46 89 97 91
31 13 81 82 81
31 67 72 87 87
42 21 22 56 37
42 34 52 61 53
42 43 80 89 80
67 35 58 76 67
32 62 35 75 58
32 28 70 80 73
32 59 39 52 41
32 72 55 92 68
32 33 37 66 42
66 21 82 87 84
66 72 94 98 97
66 42 25 73 68
70 67 32 36 33
70 7 34 44 40
70 40 46 87 62
39 73 37 85 84
39 16 95 97 96
39 50 34 47 40
39 62 84 93 93
39 27 17 77 37
39 45 26 43 38
39 55 94 97 94
38 65 41 44 44
38 51 62 64 64
38 44 29 43 40
51 60 48 60 58
41 6 76 97 96
41 16 92 96 94
47 44 75 86 76
52 24 44 99 48
52 62 94 96 96
52 73 76 77 76
52 75 19 21 20
52 72 54 85 78
49 17 13 44 33
49 30 87 91 90
49 1 71 93 79
57 67 39 77 63
57 22 32 96 42
60 68 52 89 70
60 47 24 100 50
69 17 75 82 82
69 64 22 100 47
69 23 14 18 14
64 49 26 58 50
74 61 16 37 22
0 76
