595 1936
0 586 53 54 54
0 177 37 69 38
0 443 28 44 33
0 466 60 63 63
0 91 18 71 42
586 237 89 97 92
586 226 29 54 42
586 404 25 54 34
586 254 72 84 76
177 506 31 89 75
443 36 20 64 47
443 4 29 76 64
443 40 76 79 76
466 538 17 62 17
466 365 63 76 75
466 210 84 96 89
91 532 83 90 83
91 46 28 41 30
91 249 15 46 26
91 50 57 90 84
1 325 27 40 34
1 30 87 92 88
1 454 55 84 82
325 569 21 91 59
325 446 67 86 71
325 219 88 95 88
325 95 72 95 85
325 150 91 94 91
325 140 73 95 88
325 205 24 25 24
325 166 64 69 64
30 551 54 70 59
30 341 42 75 62
454 197 91 97 97
454 35 70 72 72
454 501 56 73 70
454 13 15 39 20
454 377 87 92 87
454 107 49 62 51
2 220 75 94 94
2 97 23 97 85
2 41 79 97 79
97 63 63 86 79
97 579 86 94 86
41 217 78 83 83
41 593 77 95 78
41 156 68 80 71
41 191 12 19 16
41 413 38 50 47
3 130 26 75 74
3 112 43 81 60
3 468 42 53 53
3 507 45 68 45
3 292 36 83 65
3 346 68 77 70
3 559 42 48 42
130 251 27 87 70
130 496 50 79 71
130 166 37 56 52
130 369 88 94 91
130 181 29 50 48
112 545 17 40 39
112 480 69 92 69
112 159 49 88 70
112 331 85 99 88
468 455 21 95 69
468 388 76 81 80
468 307 41 95 74
507 211 53 81 80
507 552 33 43 41
507 510 85 93 89
507 194 33 34 34
507 166 73 77 77
292 234 41 97 93
292 95 72 83 78
292 408 88 91 91
292 465 93 94 93
292 205 68 79 69
346 18 32 54 52
346 590 61 75 64
346 119 40 42 42
559 131 37 76 49
559 422 20 86 75
4 472 69 80 77
4 509 50 51 51
472 529 67 95 91
472 546 38 98 67
509 91 31 50 32
509 380 50 63 58
509 321 21 89 85
5 64 56 100 62
5 228 22 86 23
5 98 24 57 34
64 319 20 34 26
64 20 50 71 71
64 31 46 73 60
64 176 19 42 34
64 46 29 97 61
228 479 80 100 99
228 331 17 97 56
228 266 20 80 64
98 209 15 46 28
98 566 50 67 65
6 253 65 85 74
6 161 50 59 58
6 521 73 92 81
6 390 68 93 69
253 370 21 22 21
253 171 54 60 56
253 232 95 99 99
161 395 68 86 70
161 362 19 74 60
161 248 83 99 94
161 19 38 47 47
161 486 80 81 81
521 413 53 86 78
521 53 87 96 94
521 263 10 25 20
521 376 78 89 80
521 550 77 89 78
390 437 71 88 71
390 462 47 98 70
390 180 31 82 73
390 540 59 88 62
7 340 34 37 35
7 102 87 88 88
7 265 11 74 63
7 97 23 82 60
7 117 71 78 78
7 177 65 81 69
340 68 79 82 80
340 132 67 75 67
340 67 53 77 64
102 526 44 77 49
102 237 14 37 19
102 338 22 52 30
265 404 36 69 39
265 104 35 93 91
265 209 11 37 24
265 377 45 54 54
265 430 34 69 60
265 572 85 92 88
265 197 54 91 54
117 484 48 61 59
117 75 47 49 47
8 513 70 73 72
8 262 94 99 94
513 49 62 89 75
513 484 49 67 58
513 255 30 80 51
513 410 68 100 78
513 373 82 91 90
513 124 57 79 68
513 403 57 74 70
513 283 58 88 72
513 330 85 90 89
513 0 85 100 99
262 472 81 96 83
262 151 94 96 96
262 292 68 74 69
9 32 66 93 73
9 160 94 99 94
9 317 80 98 91
9 69 90 97 93
32 513 90 98 96
32 358 85 96 91
32 504 35 80 73
32 53 73 78 76
160 422 76 96 77
160 520 57 85 59
160 374 55 100 93
160 476 47 100 70
317 417 11 77 22
317 593 20 89 28
317 591 95 100 98
69 462 34 60 41
69 56 69 98 85
10 287 92 95 95
10 79 29 81 50
10 201 45 94 91
10 153 46 48 46
10 18 78 87 85
287 536 40 97 96
287 269 95 98 96
79 412 68 81 72
79 519 20 54 37
79 423 19 84 30
79 45 82 84 82
79 385 60 87 64
201 212 44 54 50
201 173 39 47 46
201 388 52 62 53
201 52 51 70 64
153 98 36 52 43
153 196 50 80 80
18 243 65 66 66
18 334 19 100 95
18 65 18 46 24
11 252 66 69 69
11 463 85 87 86
11 383 33 89 66
11 95 55 98 57
252 205 80 99 98
252 65 89 97 96
252 256 74 96 87
463 137 15 55 54
463 284 48 96 94
383 512 66 80 72
383 275 60 76 71
383 126 69 83 79
383 409 58 92 62
383 64 69 70 70
95 141 40 88 66
95 278 46 75 51
12 175 91 99 99
12 408 27 39 32
175 184 19 81 63
175 456 69 98 72
408 560 61 77 71
408 355 58 100 86
408 90 34 51 43
408 193 82 90 83
13 448 60 74 69
13 112 70 83 79
13 335 91 100 94
448 569 43 100 97
448 241 49 89 80
335 210 87 92 88
335 443 19 50 22
14 118 92 94 94
14 115 34 42 40
14 515 77 84 84
118 12 24 79 24
118 354 75 98 89
118 451 52 67 54
118 497 13 61 18
118 555 54 64 58
118 573 37 82 37
118 275 32 86 37
118 327 42 56 55
115 238 73 98 80
115 138 69 96 83
515 425 91 95 91
15 431 38 62 41
15 195 83 100 85
15 564 51 98 85
15 154 80 97 88
15 340 47 74 62
15 144 69 82 82
431 393 81 90 84
431 102 58 76 73
564 297 75 82 79
564 224 33 54 39
564 580 21 80 78
154 207 25 37 34
144 594 66 98 76
144 215 95 98 98
144 233 33 77 38
144 348 14 92 88
16 179 24 82 42
16 436 83 84 83
16 308 84 90 87
179 464 71 78 75
179 128 81 93 84
179 288 53 97 81
179 168 37 87 46
436 52 13 55 40
308 265 50 63 52
308 441 29 39 38
308 290 38 93 59
308 495 81 86 84
308 568 14 28 18
308 426 78 87 80
308 227 52 81 78
17 463 26 97 46
17 153 36 92 72
243 95 52 61 57
334 75 51 67 55
334 424 62 97 71
334 488 76 95 89
334 228 38 41 38
334 353 76 82 80
65 156 41 95 46
65 391 62 96 63
19 207 66 72 67
19 30 60 75 62
19 246 36 77 49
19 356 21 99 95
19 103 37 40 38
19 150 90 100 95
19 345 40 60 60
19 491 46 55 50
19 390 92 97 94
207 414 82 91 91
207 125 54 89 83
207 508 43 51 50
246 94 31 97 51
246 128 94 99 96
246 257 64 65 65
246 204 33 66 36
246 417 11 93 93
246 351 43 61 56
246 211 72 98 83
246 504 80 94 93
356 348 77 98 95
150 357 34 94 89
150 57 41 65 60
150 245 29 94 76
150 399 13 53 34
150 43 42 98 77
345 586 41 44 43
345 512 26 68 52
345 362 68 82 70
345 91 85 96 89
345 299 42 43 43
491 541 77 82 78
20 422 58 59 58
422 301 70 73 70
422 474 72 91 87
422 469 90 94 93
422 477 84 89 88
21 146 38 71 46
21 536 57 92 59
21 350 38 63 54
146 155 64 90 75
146 293 27 94 83
146 570 74 87 74
536 159 42 46 44
350 217 28 58 30
350 271 41 63 57
350 139 48 89 77
22 507 37 55 38
22 78 88 98 88
22 25 26 95 74
22 75 76 95 94
22 482 15 34 18
78 390 79 82 81
78 195 53 98 92
25 228 27 93 57
25 349 94 99 95
25 392 12 99 78
25 91 93 95 94
75 3 36 44 36
75 442 73 98 90
75 356 54 89 82
75 10 81 86 86
482 190 73 74 73
482 61 60 90 62
482 552 49 98 72
482 32 41 65 60
482 592 39 71 69
482 377 63 65 65
23 102 53 59 58
23 245 81 97 85
23 227 60 85 62
23 27 53 91 80
23 518 89 90 89
245 265 44 65 60
245 559 41 73 65
245 307 84 87 85
245 365 27 38 30
245 364 36 69 54
227 354 70 92 79
227 300 46 100 100
227 377 48 86 65
227 251 20 75 75
227 523 72 85 74
27 209 52 61 56
27 117 95 97 96
27 175 22 79 29
27 418 94 96 94
27 537 28 89 72
518 437 85 89 87
518 212 36 84 76
518 124 82 86 83
24 446 85 100 92
24 548 84 100 94
24 273 51 82 51
24 144 20 50 39
24 555 68 74 71
446 383 44 76 56
446 194 87 94 94
446 41 12 52 20
548 184 38 64 52
548 140 21 94 51
548 196 14 73 19
273 45 50 93 59
273 493 71 77 74
555 311 74 100 87
555 38 76 85 76
555 34 73 93 81
349 368 25 85 35
349 422 50 51 50
349 6 61 100 84
392 295 53 62 55
392 404 30 65 56
26 218 82 94 82
26 364 23 90 70
26 482 31 80 74
26 231 18 28 27
218 275 90 100 90
218 562 44 66 64
218 318 50 75 52
364 37 81 100 99
364 237 29 100 77
364 14 24 80 26
364 484 88 90 88
364 149 61 90 78
364 342 16 81 76
231 90 85 94 87
231 199 91 100 91
231 190 58 95 65
231 151 39 73 54
231 415 63 64 63
231 61 56 96 82
231 354 80 82 80
209 34 75 99 95
209 558 61 92 73
209 141 50 74 72
418 416 92 98 96
418 578 48 89 76
537 194 69 96 77
537 534 66 76 75
537 485 74 95 83
537 76 36 89 67
28 518 90 98 95
28 541 63 93 81
541 350 81 98 93
541 174 11 18 18
541 55 57 66 61
551 70 11 29 11
551 139 63 97 91
551 429 29 96 63
551 171 69 97 76
341 140 67 99 95
341 278 75 88 84
341 587 71 77 73
31 498 75 96 80
31 129 48 69 60
31 375 14 51 49
498 471 70 81 76
498 387 15 37 18
498 403 27 37 37
498 480 81 93 84
498 268 90 93 91
129 337 53 100 60
129 163 85 97 88
129 146 91 96 95
129 483 75 99 89
129 57 86 94 87
358 75 71 80 73
358 117 83 89 87
358 348 77 100 89
358 284 70 79 73
504 249 94 95 95
504 437 13 55 23
53 483 20 73 71
53 332 31 41 40
53 292 49 91 90
53 212 78 89 87
33 221 50 98 67
33 166 57 73 58
33 29 61 84 70
33 129 89 93 91
221 588 94 96 95
221 589 43 94 43
221 443 41 83 53
166 227 85 98 94
166 30 18 99 30
166 233 34 93 92
34 276 81 100 94
34 13 10 47 33
34 185 47 49 47
34 497 71 96 87
34 435 48 60 59
276 165 76 90 83
276 121 22 46 35
185 225 56 93 57
185 131 26 80 73
497 354 78 99 80
435 69 93 99 96
35 502 13 25 21
35 362 76 87 78
35 342 95 99 95
502 346 17 58 43
502 394 38 48 46
502 540 37 87 72
362 33 62 88 79
342 318 64 98 88
342 120 22 89 37
342 350 30 33 31
36 561 61 97 72
36 558 12 54 44
561 23 45 88 81
561 552 92 99 95
561 585 28 68 38
561 45 24 61 28
561 538 62 81 70
558 217 24 95 88
558 126 26 48 42
558 307 28 86 60
37 289 12 86 21
289 298 10 81 73
289 321 65 100 97
38 328 68 100 76
38 145 16 43 37
38 387 86 96 86
38 31 11 90 77
328 151 74 76 74
328 115 61 69 69
145 350 18 69 51
145 488 52 56 55
145 376 72 95 72
145 529 18 75 70
145 345 90 94 91
387 281 43 98 86
387 221 55 91 70
39 321 45 60 57
39 83 21 99 64
83 119 17 74 59
40 449 43 50 46
449 112 91 97 96
449 539 26 29 27
449 578 90 98 98
217 140 53 84 82
217 378 59 83 78
217 504 86 90 86
217 528 36 54 41
217 416 75 89 82
593 283 59 88 83
593 333 49 91 81
593 517 25 96 46
156 285 77 81 79
156 398 20 22 20
156 443 53 87 61
191 115 74 83 75
191 368 16 95 85
191 379 12 32 30
191 149 43 88 71
413 463 80 93 93
413 471 46 54 46
413 208 33 98 39
42 81 47 65 63
81 594 14 56 28
81 33 57 70 61
81 369 73 93 78
81 467 30 87 67
81 207 30 83 59
43 405 47 58 52
43 286 66 74 74
405 17 42 50 47
405 287 70 92 88
405 447 28 69 29
286 141 77 92 78
286 460 89 98 97
286 116 39 48 47
44 81 12 54 37
45 532 86 87 86
45 5 60 96 89
45 310 26 71 55
532 33 43 72 51
532 13 31 74 47
310 23 41 71 68
310 286 54 92 70
46 484 26 58 50
46 296 62 76 67
46 249 25 95 95
46 135 59 94 85
484 344 70 76 75
484 408 33 91 70
484 553 86 98 88
484 128 37 63 60
484 562 19 67 60
484 125 58 85 75
296 537 56 86 56
249 92 12 92 34
249 122 37 94 87
249 502 15 18 15
135 56 15 92 20
135 527 23 27 27
47 102 86 90 88
47 453 23 34 23
47 556 56 69 66
453 359 84 91 90
556 358 28 75 53
556 549 38 81 62
556 171 89 92 90
556 307 54 77 68
48 120 56 65 56
48 424 58 87 86
48 148 15 45 24
48 340 70 99 96
48 241 29 36 35
120 37 37 67 64
120 478 90 98 94
120 442 90 94 92
120 246 94 99 95
424 375 71 73 73
148 257 90 91 91
241 145 14 51 29
241 305 52 90 56
241 536 53 81 81
49 312 27 87 50
49 399 14 34 34
49 397 15 100 62
49 278 80 95 80
312 86 63 96 71
312 295 40 89 48
312 34 87 99 89
399 250 57 86 79
399 377 13 78 58
399 171 40 94 79
399 32 52 74 73
399 450 35 67 57
397 54 13 41 29
397 141 63 65 63
278 302 38 49 41
278 161 78 88 88
278 396 54 63 62
278 576 29 33 29
50 589 15 45 26
50 210 21 27 27
50 128 19 40 28
589 518 21 76 75
589 113 20 85 38
210 412 94 100 95
210 131 54 78 71
210 31 93 97 97
210 506 37 84 71
210 191 43 92 91
128 420 89 93 89
51 436 14 25 25
51 455 48 69 56
51 512 76 89 77
51 565 78 83 83
51 588 25 78 29
51 258 31 70 54
51 55 57 59 58
455 186 73 98 74
455 173 47 57 52
455 254 66 67 66
455 260 70 88 82
455 432 18 99 99
455 521 73 97 83
455 4 72 92 72
455 97 81 99 88
512 394 27 66 61
565 457 26 55 42
565 183 58 86 72
565 125 61 75 71
565 217 45 61 51
565 521 55 60 57
588 75 27 86 76
258 428 66 86 81
258 475 19 92 85
55 335 81 91 88
55 159 22 32 23
55 304 70 87 70
55 235 83 89 84
483 325 84 96 92
332 536 65 99 87
332 572 79 92 80
332 86 72 100 80
332 289 70 87 75
212 315 14 99 60
212 270 75 80 76
212 447 13 82 42
54 530 90 100 99
54 81 44 64 50
530 77 92 97 92
159 563 67 72 69
159 209 24 77 63
159 129 25 29 28
159 148 12 45 32
159 307 45 54 53
159 6 57 60 59
159 177 11 26 14
304 490 57 87 62
304 556 62 65 65
304 545 77 79 79
235 155 70 73 70
235 255 32 63 55
235 266 59 81 65
235 313 61 97 62
57 30 47 68 67
57 401 35 95 57
57 140 91 95 93
57 365 39 62 40
401 178 32 85 41
140 236 55 93 58
365 80 32 89 83
58 0 23 70 31
58 102 10 40 26
58 510 51 66 61
58 408 26 35 30
58 537 48 95 50
58 498 26 90 33
58 279 69 70 70
58 401 53 83 57
510 521 57 89 84
510 170 46 72 53
510 286 18 24 18
279 403 10 84 74
279 586 90 96 91
59 328 32 38 36
59 78 65 72 68
59 178 88 100 93
59 553 18 37 21
178 298 79 97 86
178 272 16 59 30
178 416 40 93 83
553 114 32 61 61
553 536 25 76 31
553 22 81 94 86
553 566 69 75 75
60 521 78 81 80
60 273 61 91 81
60 589 82 98 91
61 188 56 58 56
188 473 88 89 89
188 583 67 98 97
188 384 44 93 57
188 237 43 77 57
188 231 34 41 34
62 448 35 74 67
63 431 93 100 95
63 368 88 100 96
63 446 87 88 87
63 494 42 72 42
63 173 33 80 73
63 272 82 88 82
368 385 33 50 49
368 28 90 99 90
368 233 47 70 47
494 324 73 75 73
494 35 49 89 54
494 181 34 70 63
494 52 69 97 84
494 383 58 89 61
494 387 94 95 94
494 265 58 100 86
173 591 42 49 46
173 164 86 96 96
173 592 22 70 68
173 282 55 57 56
173 574 69 74 69
173 128 37 91 84
272 122 73 86 84
272 54 93 95 94
272 446 69 96 92
319 449 16 94 59
319 44 85 94 89
176 169 90 97 94
391 312 13 20 18
391 541 13 95 82
391 413 27 86 55
391 380 12 66 42
391 293 56 66 60
66 286 93 94 93
66 153 88 94 92
67 461 54 91 67
67 576 45 76 50
67 176 13 36 36
67 73 71 73 71
461 249 45 91 52
461 69 92 94 94
576 109 20 32 28
576 589 87 95 87
68 205 10 65 36
68 497 37 39 38
68 138 95 100 97
68 172 50 93 56
205 209 53 64 54
205 377 23 53 50
205 489 63 82 68
138 128 31 76 63
138 112 88 92 89
138 139 88 98 90
138 208 43 89 81
138 202 64 93 81
172 348 61 77 66
172 201 56 63 63
462 164 90 99 93
462 385 66 97 78
462 454 92 97 92
462 481 63 88 77
462 326 60 95 91
70 76 36 59 41
70 541 21 22 21
70 9 30 66 30
70 438 55 99 87
70 132 32 63 60
76 478 50 80 74
76 443 65 80 66
76 262 19 62 58
438 586 18 76 54
438 411 71 85 78
438 311 25 54 26
438 369 51 55 54
438 129 39 60 59
132 91 22 84 62
132 80 48 57 50
71 578 79 96 91
71 361 18 19 19
71 580 36 61 43
71 359 45 82 71
578 115 69 78 74
578 349 50 73 51
578 489 13 83 48
578 28 53 97 58
578 157 83 91 89
578 25 74 81 80
578 257 81 96 85
578 244 64 76 66
361 363 75 79 79
361 478 95 96 96
361 169 14 28 21
361 497 88 99 96
361 19 60 66 62
361 337 37 95 71
580 501 84 86 84
580 160 50 56 52
580 44 39 71 42
580 483 57 66 65
580 403 15 24 19
580 579 74 77 74
72 300 18 62 30
300 7 15 47 44
300 523 63 85 75
300 199 59 96 91
300 369 64 88 74
74 203 35 54 54
203 115 19 25 22
203 269 16 92 71
203 394 69 91 75
442 91 38 72 43
478 37 27 36 28
478 223 45 46 45
478 358 89 96 93
478 53 26 99 31
77 508 10 55 32
508 401 49 93 49
508 447 72 87 82
508 306 91 94 91
508 507 30 95 31
412 141 35 98 56
412 400 12 83 42
519 302 70 84 78
423 505 28 44 29
423 132 91 97 93
423 271 86 94 92
423 593 29 83 73
385 460 89 93 90
385 441 47 92 51
385 444 52 60 58
385 87 34 50 34
80 20 82 99 87
80 564 30 49 30
80 92 82 94 86
92 372 62 94 65
92 170 94 98 94
92 56 10 44 20
594 370 18 97 71
594 477 52 81 63
369 178 74 93 76
369 154 90 94 94
369 296 63 75 66
369 125 15 100 26
369 48 23 89 42
369 265 54 80 79
467 83 18 97 23
467 109 89 93 89
467 250 88 98 96
82 315 95 100 100
82 320 92 96 94
315 515 22 68 34
315 566 70 74 74
315 419 77 94 86
315 251 62 73 62
315 43 47 81 48
320 510 25 96 72
320 191 62 72 63
320 263 80 91 87
320 396 35 63 47
320 186 22 62 32
320 359 45 83 58
119 492 21 88 59
119 463 57 61 58
119 470 31 58 45
119 291 49 84 66
119 166 50 52 51
84 112 71 79 78
84 510 74 89 79
84 534 58 67 58
85 425 35 55 37
85 42 13 65 26
85 572 47 95 77
85 566 31 68 54
85 380 48 99 83
85 379 39 57 52
85 349 80 92 85
425 205 31 85 64
425 85 30 37 36
572 429 88 96 96
572 478 32 44 38
566 148 63 99 87
380 336 25 80 77
380 432 54 74 72
380 385 14 63 57
380 35 76 79 78
380 32 46 48 48
379 229 37 69 46
379 524 74 75 75
379 419 67 69 69
379 305 56 65 65
86 503 35 43 35
503 445 53 59 55
87 92 27 72 66
87 13 15 98 48
87 155 76 87 77
155 87 91 95 94
155 131 93 95 93
155 554 95 96 95
155 432 39 58 43
88 517 60 95 61
88 151 62 77 77
88 281 40 57 56
517 504 41 70 70
517 391 77 93 88
517 418 12 96 93
517 575 46 72 60
517 357 15 46 32
151 507 83 96 83
151 100 40 84 40
151 525 25 64 42
281 176 95 100 100
281 141 41 85 69
281 49 75 81 76
281 245 64 91 84
281 39 93 96 95
89 254 28 40 40
89 561 81 88 85
89 210 78 82 78
89 13 23 43 34
254 390 36 70 39
254 179 76 81 76
254 571 28 34 30
90 111 95 100 99
90 198 52 81 56
90 416 71 97 81
90 297 50 95 51
198 186 28 75 30
198 88 13 14 14
198 355 48 49 48
416 366 18 93 78
416 91 95 96 96
297 124 65 72 71
297 434 77 87 77
297 148 28 45 39
297 90 47 95 79
372 290 15 21 17
372 364 80 100 81
170 341 57 58 57
170 80 78 79 78
170 156 47 77 55
170 334 53 95 86
170 234 45 97 45
93 531 91 99 91
93 80 86 96 89
93 226 72 82 72
531 219 57 88 75
531 458 89 92 92
226 432 69 91 69
94 206 11 13 13
94 109 83 94 85
94 584 26 82 73
94 380 77 92 90
94 372 18 35 24
206 311 61 69 63
206 212 29 39 38
206 400 35 42 38
109 524 85 96 93
584 502 30 68 40
584 551 47 86 73
584 30 25 95 87
584 483 37 100 54
584 171 26 66 52
584 562 81 94 93
141 184 23 48 48
141 77 40 63 51
141 564 26 48 28
141 208 21 83 72
141 158 76 84 81
141 478 82 93 92
96 455 50 62 52
96 226 62 77 64
96 196 56 69 66
96 451 17 56 28
96 146 76 81 77
196 571 88 94 94
451 158 50 55 51
451 28 71 77 72
451 290 86 89 89
451 338 17 91 30
451 64 39 98 61
579 169 83 89 89
579 307 39 65 64
579 66 46 50 47
579 150 49 70 52
99 64 63 64 64
100 529 51 71 67
100 217 43 82 77
100 262 54 76 67
100 227 57 76 69
529 320 76 98 92
529 456 56 70 69
529 388 81 100 88
529 555 56 61 60
529 591 62 96 67
101 61 21 93 88
101 151 13 49 39
101 357 43 80 47
357 180 48 81 74
526 438 60 69 60
237 274 75 100 87
237 324 39 50 39
237 301 93 94 94
237 475 78 96 80
338 236 66 93 78
104 386 14 23 21
386 137 63 65 63
386 238 63 85 85
105 413 93 98 98
106 105 47 57 47
106 184 18 21 19
106 245 17 67 36
106 157 15 52 50
106 491 24 88 62
106 292 65 76 68
184 130 34 67 40
184 503 27 28 28
184 195 26 91 51
184 136 16 73 68
184 39 79 92 87
157 563 52 92 90
157 587 63 73 73
157 80 76 96 96
107 331 39 95 83
107 390 31 37 31
107 207 55 71 68
107 130 11 21 17
107 244 46 88 87
331 14 86 97 97
331 360 35 36 36
244 506 51 98 60
244 55 19 87 63
244 296 69 87 77
524 344 44 95 70
524 456 80 99 90
110 415 93 99 99
110 378 68 69 68
110 201 77 83 77
110 210 67 90 68
415 263 43 57 57
415 435 42 66 43
378 164 67 96 87
378 136 47 99 50
378 458 26 47 28
378 127 12 14 13
545 203 54 81 71
545 206 83 88 85
545 580 12 72 54
480 137 91 97 96
480 591 12 89 21
480 288 58 65 65
480 526 61 92 77
480 89 48 60 60
480 121 21 89 88
113 81 68 90 77
113 426 18 29 27
113 484 26 86 67
113 490 87 97 89
113 14 66 97 89
113 67 37 96 46
426 563 16 35 22
426 578 24 64 60
426 124 10 52 15
426 373 12 51 24
490 404 84 93 88
490 510 37 83 64
490 101 59 83 68
114 306 50 57 55
114 84 27 64 46
114 241 36 39 37
114 545 10 82 48
114 387 59 93 70
306 17 90 93 90
306 25 12 50 19
238 331 82 85 82
238 409 41 49 48
116 88 66 78 67
116 574 66 85 70
116 282 79 97 84
116 335 52 55 55
116 508 47 71 59
574 417 79 89 83
574 354 83 85 84
574 389 20 77 33
282 344 42 78 42
282 385 64 79 72
282 356 23 53 47
354 248 48 74 70
354 468 21 81 76
354 583 58 82 69
354 175 95 100 99
354 231 81 83 81
354 296 75 85 79
354 281 79 91 90
354 449 42 44 43
573 536 45 81 53
573 410 94 95 94
573 285 48 65 53
573 87 30 42 39
275 343 44 48 45
275 208 73 95 74
275 4 79 81 80
275 482 57 99 78
275 258 78 100 78
327 480 90 99 99
327 231 48 54 52
327 36 62 76 66
327 141 83 86 84
492 156 16 92 44
492 250 31 97 89
492 329 20 26 21
492 419 29 55 46
470 584 15 41 40
291 374 16 62 58
291 63 52 94 81
121 35 77 95 77
121 168 49 54 49
121 189 80 99 96
168 428 78 91 80
168 2 71 95 83
168 40 49 87 55
189 453 37 43 38
189 350 84 85 85
189 493 42 49 42
189 538 39 59 59
189 14 57 60 57
122 317 83 91 87
122 353 47 86 79
122 85 90 92 92
122 554 59 76 66
122 279 13 47 29
353 106 18 27 24
353 433 75 89 80
353 277 44 95 64
554 473 23 86 69
554 305 15 34 23
123 438 37 59 55
123 310 91 100 100
123 88 95 99 96
123 518 10 21 13
124 360 39 61 41
124 197 40 75 40
124 164 44 91 50
360 282 20 94 82
360 364 12 47 30
197 475 20 46 28
197 539 62 73 66
197 478 36 73 50
164 409 53 66 63
164 19 19 90 49
125 27 93 96 93
125 284 22 97 52
125 591 24 91 37
284 508 75 77 75
284 94 69 77 74
284 397 72 85 75
284 570 70 71 70
284 308 94 100 99
284 4 31 71 50
591 433 29 51 40
591 314 62 95 74
591 168 30 61 30
126 253 34 35 35
126 525 30 96 45
525 226 57 80 73
525 251 37 41 41
525 147 55 72 55
525 532 93 100 97
127 22 57 80 64
127 17 61 80 80
127 158 79 100 88
127 70 20 65 63
127 249 79 99 82
127 111 78 95 89
158 380 28 66 41
158 548 13 83 73
158 396 67 68 68
158 485 74 94 87
158 564 32 46 42
420 8 50 81 67
420 48 67 68 68
420 282 92 96 93
420 551 93 99 94
420 245 93 96 95
163 441 24 25 24
163 117 90 97 90
163 115 25 78 32
163 240 36 56 39
251 268 87 97 97
251 420 15 66 20
251 248 90 99 95
496 251 80 85 85
496 58 52 97 63
496 502 37 56 38
181 16 47 100 88
131 342 63 66 66
131 269 66 83 72
131 57 18 36 26
131 473 90 98 94
131 470 53 55 55
131 158 89 100 91
269 128 23 61 42
269 580 66 67 67
473 481 23 95 72
473 499 15 33 25
133 181 22 82 47
133 392 63 100 84
133 260 21 94 60
133 394 53 77 66
133 37 65 73 65
260 188 46 58 56
260 443 92 98 95
260 162 83 96 92
260 173 71 99 96
394 308 34 39 34
394 480 42 57 48
394 94 68 77 72
394 445 41 100 66
394 167 44 82 48
134 490 82 86 83
134 67 67 91 88
134 479 34 76 47
479 292 58 97 71
479 178 32 91 62
527 257 21 71 49
527 361 40 66 52
527 251 25 61 37
527 237 58 93 89
136 133 86 93 87
136 406 73 85 81
406 131 39 66 41
406 184 71 77 73
406 52 18 83 28
406 518 93 97 95
406 193 38 74 71
137 315 28 52 52
137 356 67 92 87
139 27 85 96 90
139 253 65 71 67
139 477 43 63 48
139 98 50 80 80
208 254 28 62 50
208 156 41 44 43
208 11 60 98 84
208 344 18 93 89
202 91 13 84 42
202 20 91 99 94
477 476 90 96 91
477 449 11 78 78
477 390 48 64 57
477 542 40 45 42
477 282 29 76 34
236 470 20 71 21
236 412 93 96 96
236 551 80 82 81
236 491 75 94 93
236 365 33 47 35
142 171 47 76 59
142 566 68 83 82
142 466 90 99 98
142 331 94 98 94
142 320 89 96 92
171 254 71 83 73
171 247 13 73 13
171 219 68 100 81
171 454 38 54 50
171 70 22 82 65
171 340 29 48 29
171 52 18 94 21
143 466 70 86 75
143 234 35 98 39
234 223 22 38 23
234 93 15 47 18
215 542 88 93 92
215 569 31 97 64
215 436 39 77 71
233 246 15 43 32
233 425 13 80 18
233 558 61 92 74
348 413 90 97 92
348 480 68 73 68
348 316 54 70 62
348 48 30 52 38
348 216 37 75 57
488 330 47 77 65
376 129 80 92 87
376 259 14 89 80
376 399 76 92 76
376 539 75 95 88
376 182 44 83 48
293 96 70 89 80
293 269 75 80 77
293 316 44 100 94
570 93 54 97 70
570 501 54 91 78
570 247 27 88 65
570 187 11 66 36
570 476 35 79 50
147 494 16 53 19
147 13 58 72 60
147 172 74 77 74
147 452 30 50 40
147 106 63 86 75
257 462 48 78 62
257 70 49 77 60
257 531 20 53 48
149 474 40 88 75
149 398 68 73 73
149 309 60 89 77
149 332 41 54 52
149 0 20 83 46
474 242 67 89 70
474 246 77 95 93
474 73 10 35 15
474 412 66 89 70
398 34 26 77 40
309 524 53 85 53
309 535 62 86 70
309 370 35 45 42
309 400 79 86 84
309 318 27 77 68
309 488 32 99 87
152 173 14 18 15
152 219 55 75 60
152 284 40 43 40
219 492 13 29 16
219 349 88 90 88
219 256 12 38 30
219 119 89 97 94
432 72 29 93 91
432 328 94 99 94
432 78 87 90 88
285 283 74 94 93
285 513 82 88 83
563 218 18 28 21
563 280 82 92 92
587 486 46 52 49
587 231 85 96 93
587 247 62 83 82
396 429 52 96 58
396 363 84 91 86
396 480 37 40 38
396 467 29 31 29
485 499 24 68 47
485 567 55 93 85
485 367 50 74 54
485 483 84 93 89
485 223 24 89 72
485 464 32 90 59
485 352 57 71 61
520 360 92 93 92
520 169 51 57 57
374 272 94 99 96
374 443 65 77 71
476 459 18 78 30
476 383 26 28 27
395 18 13 64 20
248 438 94 95 94
248 469 11 25 19
248 108 37 74 65
486 39 85 100 92
162 285 54 99 82
162 455 95 96 96
162 99 28 54 35
162 219 26 97 95
162 580 92 97 97
441 385 47 65 61
441 404 15 17 17
240 199 10 19 13
240 112 88 99 99
240 480 28 88 32
409 267 40 89 64
409 556 90 94 94
409 289 70 77 75
409 537 31 71 58
409 156 12 41 33
409 59 50 78 76
165 389 26 41 41
165 108 19 66 39
389 23 92 99 92
389 261 91 94 92
389 581 43 78 44
389 273 80 81 80
167 498 49 62 53
167 84 73 88 79
167 144 85 95 87
167 391 45 94 75
167 583 79 90 85
167 298 95 99 95
167 53 35 42 35
583 195 73 80 74
583 119 87 88 87
583 206 51 72 57
583 91 75 83 80
298 556 11 38 24
298 536 19 53 44
298 471 17 44 30
298 515 89 92 89
428 333 95 96 95
428 31 34 67 52
428 205 84 97 96
428 225 51 97 54
169 301 12 96 50
301 2 75 90 80
301 251 65 86 79
301 120 78 95 80
301 116 45 63 56
247 506 72 99 99
247 578 54 97 68
247 591 85 95 93
247 296 36 68 39
592 560 57 64 59
592 82 89 95 95
174 111 50 52 50
174 198 89 95 95
174 457 17 75 22
174 149 35 95 78
174 504 55 58 56
457 587 45 96 83
457 227 90 98 90
456 102 71 94 79
456 550 27 85 72
506 343 63 91 73
464 491 68 95 95
464 12 78 91 85
464 534 91 94 92
288 492 80 85 81
288 576 64 93 89
288 426 60 85 65
180 480 54 79 62
180 170 34 80 58
180 52 48 60 56
180 196 79 98 87
182 240 31 97 72
182 446 45 90 82
182 9 56 63 62
182 560 69 99 71
560 303 14 49 40
560 231 71 98 85
560 340 12 44 18
183 260 52 81 76
183 33 78 88 78
225 34 66 99 75
186 336 93 99 98
186 156 37 47 44
186 56 81 93 85
336 308 19 51 36
187 288 55 91 67
187 341 30 69 46
187 2 58 92 70
187 253 47 90 84
187 21 47 86 47
384 261 54 85 74
384 395 55 95 78
538 17 66 78 73
538 177 83 87 86
538 280 63 97 66
190 258 18 66 27
190 541 32 65 45
190 77 33 45 35
190 524 89 95 93
192 7 52 62 62
193 397 63 83 66
193 540 57 59 59
193 25 43 86 58
540 387 15 17 17
540 444 15 77 52
540 124 17 79 27
540 468 81 95 87
194 317 52 98 66
194 106 29 89 39
194 540 92 99 94
194 404 42 77 69
194 583 85 88 87
194 85 73 76 74
404 132 76 94 87
404 439 18 65 50
571 581 79 92 89
571 266 19 68 65
571 239 16 38 20
475 376 87 100 95
475 336 90 100 90
475 396 31 37 36
539 442 25 85 42
539 575 87 100 89
539 293 87 89 89
539 408 31 36 32
355 86 46 97 47
355 546 22 27 27
199 10 33 41 41
199 261 47 81 49
199 483 36 43 37
199 438 83 97 91
199 360 48 61 53
199 345 69 100 97
199 13 91 94 93
261 60 26 87 41
200 544 35 37 36
200 52 19 28 28
544 345 58 91 75
544 587 49 93 52
388 467 76 82 78
388 551 35 80 41
204 189 53 71 58
204 75 44 90 71
377 366 64 82 80
377 12 84 91 84
377 390 12 26 12
377 152 23 28 25
377 287 47 92 75
377 131 74 95 95
489 241 12 46 37
489 248 73 92 81
489 187 68 91 88
311 333 47 74 74
400 378 68 69 69
400 521 72 79 78
400 339 72 82 79
400 250 21 100 57
414 276 12 76 76
414 18 10 42 33
414 246 40 97 65
414 565 14 46 20
344 325 50 60 51
344 431 65 77 69
211 485 95 100 95
270 386 22 100 59
270 579 32 50 44
447 290 81 96 88
447 40 64 97 96
213 400 95 100 97
213 230 84 95 94
230 396 82 90 85
230 119 38 74 38
230 127 14 78 15
230 149 86 98 94
230 529 26 61 61
214 390 18 41 29
214 430 83 92 89
214 38 35 91 43
430 228 40 60 41
430 179 90 99 95
430 288 76 85 78
430 267 59 99 96
430 532 28 47 41
542 202 23 33 31
542 259 80 92 82
569 523 20 38 37
569 396 26 80 68
216 24 39 44 43
216 11 62 70 66
216 151 45 77 72
216 557 61 88 84
216 443 47 94 51
557 98 24 74 71
557 589 62 93 69
528 381 84 98 89
528 29 67 84 82
528 415 90 91 90
528 231 50 64 56
562 288 80 94 86
562 44 27 50 33
318 27 45 58 45
318 389 49 88 62
318 497 28 38 30
318 190 90 98 94
256 376 26 57 37
256 54 62 98 91
222 349 69 92 85
222 100 18 66 34
223 426 36 43 38
224 565 51 58 51
224 465 13 36 35
465 165 55 68 63
465 370 12 84 58
465 434 11 80 25
465 60 87 89 87
465 476 47 83 51
523 81 87 89 89
523 188 58 70 58
523 275 49 69 64
523 435 76 98 97
523 592 30 44 36
523 29 24 70 42
266 271 95 96 95
266 329 91 98 98
229 337 27 49 45
229 451 31 37 34
229 134 14 77 62
229 467 71 91 74
229 367 35 56 50
229 261 88 97 97
229 117 70 81 78
367 481 79 93 90
367 537 67 73 69
367 138 26 29 29
367 318 20 21 20
232 107 37 40 40
232 294 78 93 85
232 240 52 75 74
232 359 24 61 31
232 39 85 88 87
232 268 73 97 83
232 209 83 92 89
294 148 21 40 28
294 73 16 80 40
268 124 64 79 76
268 474 53 65 58
255 47 59 66 62
255 420 24 86 69
255 415 42 91 58
255 27 57 60 59
255 284 83 98 95
255 537 13 81 52
313 132 48 61 51
313 251 38 47 39
313 411 36 40 36
313 586 10 87 38
313 126 46 55 53
274 528 59 96 88
274 489 21 35 25
274 119 46 92 85
324 75 35 41 39
324 122 58 67 67
324 197 76 95 88
324 380 46 59 50
324 422 39 76 69
324 509 57 98 66
239 111 46 69 64
239 418 73 81 79
239 461 95 99 96
239 435 94 96 95
239 382 58 91 75
382 280 45 81 49
382 37 60 75 64
305 505 18 84 27
305 580 58 69 65
305 260 69 77 70
305 303 95 97 97
242 156 89 90 90
242 115 92 98 92
242 71 77 93 80
417 160 37 94 66
417 8 79 81 80
417 296 90 91 91
417 317 58 83 67
351 149 38 70 56
351 579 71 95 80
351 300 55 57 56
469 316 82 87 85
469 225 75 79 79
469 329 83 90 90
469 249 28 45 45
469 348 33 69 42
469 244 92 95 94
250 455 34 80 60
250 581 65 85 66
250 373 48 55 54
250 100 20 88 75
250 218 65 69 69
250 446 50 93 69
581 567 48 58 49
581 236 18 24 20
373 292 10 95 54
373 56 12 64 16
373 25 37 95 79
370 477 58 62 59
370 548 30 62 43
259 149 69 74 71
259 224 88 95 89
259 312 41 69 62
263 290 22 72 40
263 40 51 55 54
263 542 31 77 77
263 203 80 89 83
263 372 67 74 69
290 335 42 48 47
290 169 51 90 83
290 172 33 69 34
290 167 18 24 20
290 15 60 61 60
264 111 46 69 66
264 362 75 79 76
271 564 49 96 81
329 573 94 95 95
329 177 71 81 78
329 279 69 92 78
267 438 22 56 28
267 339 11 44 33
267 129 52 55 54
267 34 93 94 94
339 386 75 83 82
339 326 32 43 38
339 359 28 69 42
339 134 15 28 16
339 60 19 45 45
339 245 34 76 43
343 139 88 97 94
343 262 59 78 68
277 162 68 74 72
277 387 86 98 96
277 390 22 55 35
302 467 48 100 88
302 194 45 74 73
302 368 73 87 86
302 343 21 49 43
403 224 38 43 41
403 37 16 73 49
403 221 49 83 59
403 414 46 86 56
280 277 34 80 58
280 512 40 48 42
280 321 83 100 93
283 306 80 89 81
283 118 23 31 26
283 427 83 91 84
427 53 86 87 87
427 239 41 46 41
460 20 76 98 97
460 232 59 65 62
460 66 88 92 89
460 524 75 90 78
460 568 36 91 84
316 42 90 96 93
316 318 59 64 60
316 507 66 76 75
295 256 82 90 87
295 257 14 41 31
295 316 91 92 92
295 351 63 71 67
434 477 68 89 74
434 542 78 99 87
471 208 42 73 58
471 502 70 83 76
471 344 73 92 90
471 433 18 23 21
471 442 61 91 91
299 586 48 58 58
299 272 94 96 94
299 73 60 62 60
303 183 35 89 71
303 342 31 100 91
303 233 50 87 86
505 282 37 51 38
505 547 74 92 79
505 337 34 43 38
495 127 25 86 83
495 180 54 80 65
495 70 20 87 68
568 176 75 76 75
568 273 94 96 96
568 355 67 79 78
568 313 93 98 93
568 197 44 48 47
535 584 89 92 89
535 427 81 86 86
333 327 81 85 84
411 52 39 51 51
411 473 27 79 38
411 216 73 96 81
314 509 67 99 91
314 83 19 51 51
314 591 80 99 93
314 377 72 79 79
314 331 54 93 77
314 46 63 70 64
314 230 81 84 82
314 52 49 66 60
419 284 15 32 25
419 7 95 96 96
419 5 16 66 17
419 250 90 94 92
322 547 55 85 65
547 103 38 100 100
547 361 69 71 70
323 115 49 76 59
323 477 16 40 27
326 145 34 59 53
326 304 67 95 76
326 18 51 98 82
330 428 64 68 64
330 513 17 80 56
330 441 42 73 66
330 283 83 96 89
590 269 74 100 78
590 525 44 82 61
590 341 54 72 71
590 365 10 92 51
590 9 17 60 28
590 139 57 72 68
347 316 39 40 40
347 158 95 98 95
347 266 80 96 96
352 366 42 89 52
352 355 14 51 41
366 579 13 44 22
366 453 40 93 57
366 500 37 66 54
366 13 27 40 40
366 130 58 100 92
433 230 72 86 72
433 328 15 65 26
433 241 60 93 78
433 206 74 89 76
433 298 78 80 80
546 388 42 88 51
546 435 19 68 24
546 234 46 96 64
546 166 67 70 69
546 412 67 74 71
546 14 80 100 98
363 120 17 56 22
363 217 51 64 52
363 533 58 92 90
363 162 65 78 77
533 270 69 100 80
533 162 82 100 88
533 130 63 82 63
500 402 89 98 89
500 251 56 92 57
481 361 24 80 26
481 498 72 79 73
481 334 60 92 89
481 490 84 93 86
481 416 69 75 74
481 366 26 35 26
371 129 22 72 33
381 303 71 99 71
381 422 78 92 85
381 112 15 85 15
444 426 40 96 88
444 276 52 64 64
444 227 39 65 43
444 321 80 84 81
444 376 26 46 43
437 51 60 96 78
437 409 95 96 96
437 575 94 95 95
393 584 34 60 47
393 373 90 97 96
445 456 62 63 62
445 329 86 95 88
429 170 56 75 57
429 185 79 80 79
450 507 65 87 69
450 278 95 98 95
402 43 77 96 95
402 589 75 87 87
439 44 33 37 33
439 172 61 91 69
439 92 56 61 57
439 365 16 21 18
407 540 31 32 31
407 553 24 73 32
407 386 72 75 73
410 421 91 98 96
410 539 29 31 31
410 439 40 75 63
421 211 11 70 52
421 165 25 98 50
421 194 82 95 95
421 162 90 92 92
421 341 77 94 80
575 349 80 86 86
575 332 42 86 53
440 125 48 68 68
501 273 45 94 72
501 210 44 47 44
501 34 25 64 60
501 551 31 54 47
550 177 50 51 50
459 327 75 85 85
499 360 35 77 60
552 519 57 99 87
567 352 40 75 71
567 265 51 71 61
487 327 18 86 38
487 356 22 74 41
511 161 47 61 50
511 255 67 78 75
511 120 28 52 43
511 216 33 72 46
511 508 76 91 83
514 373 29 39 30
514 92 22 86 43
514 102 24 81 29
514 415 86 90 90
514 175 39 55 46
514 242 16 54 35
516 429 86 94 88
522 309 68 78 78
522 149 66 87 75
522 72 35 69 46
522 89 49 87 86
543 158 48 97 48
543 305 22 55 30
549 193 55 68 65
549 547 13 25 23
549 61 80 83 81
549 187 19 47 25
549 334 75 92 83
549 171 23 29 24
585 295 31 67 60
585 70 89 98 94
577 539 19 67 35
577 484 30 51 35
582 241 94 100 94
582 499 57 74 66
582 431 14 95 51
582 55 52 65 52
582 352 89 92 89
582 507 81 87 82
0 594
