226 808
0 170 77 85 77
0 27 44 87 54
0 96 45 52 46
0 93 92 99 96
0 74 63 85 83
170 225 39 73 68
170 178 67 96 81
170 219 89 95 91
170 10 50 99 63
27 133 42 71 59
27 4 10 28 13
27 75 91 96 93
27 130 19 76 74
96 203 59 80 74
96 36 72 81 80
93 149 16 37 33
93 174 84 86 86
74 41 18 28 28
74 184 33 84 41
74 149 81 90 82
1 84 91 93 93
1 37 28 82 73
1 6 70 99 75
1 75 32 89 82
84 131 94 97 96
84 185 71 89 85
84 124 81 84 82
84 107 11 21 16
84 130 86 94 89
37 89 93 100 99
37 35 61 78 63
37 27 36 92 48
6 159 44 72 55
6 162 17 38 34
6 102 62 69 64
6 106 83 91 83
75 92 68 69 68
75 163 64 81 77
75 214 26 54 26
75 88 47 92 72
2 107 25 76 38
2 121 31 91 51
2 23 36 63 39
2 207 44 64 52
107 8 32 49 47
107 14 59 76 68
107 135 57 87 83
121 114 90 100 100
121 198 65 75 74
23 52 70 78 74
23 127 67 89 67
23 113 81 97 95
207 51 67 77 73
207 69 65 71 67
207 179 69 84 81
207 97 25 99 57
207 6 76 80 76
3 153 27 48 29
3 205 41 54 54
3 63 75 94 76
3 39 94 100 98
3 221 95 96 95
153 89 50 94 92
153 144 69 88 74
153 180 18 19 18
205 120 70 95 78
205 206 46 85 83
205 159 10 68 17
205 68 21 93 61
63 13 10 72 33
63 102 21 26 21
63 46 80 94 81
63 131 20 90 47
39 214 49 97 91
39 40 21 72 69
39 52 91 95 94
221 225 38 96 93
221 33 66 70 68
4 8 88 90 88
4 109 64 71 66
4 161 77 78 78
8 22 27 75 43
109 62 47 94 57
109 120 54 63 55
109 137 94 98 98
109 95 28 93 69
161 110 10 66 53
161 80 77 88 82
161 52 80 89 82
5 75 66 99 83
159 69 69 92 71
159 44 30 53 36
159 164 61 73 62
159 162 16 55 16
162 131 30 69 41
106 148 25 59 40
7 141 18 100 32
141 209 76 99 82
22 125 29 54 37
22 23 65 76 76
22 60 43 78 78
9 198 24 82 27
9 32 19 57 33
198 1 16 40 39
198 116 38 98 85
198 165 12 87 14
198 34 44 46 44
32 148 83 96 91
32 171 31 39 38
32 217 34 71 38
32 115 74 76 74
10 117 81 84 84
10 66 62 94 67
10 157 23 31 29
10 192 87 92 91
10 65 94 100 96
10 122 32 61 53
10 136 65 83 67
117 111 60 75 66
117 32 62 87 87
117 175 54 98 79
117 43 78 91 89
66 176 81 83 82
66 187 51 69 56
66 77 50 96 69
66 117 35 57 45
66 19 55 91 77
66 46 34 44 41
157 216 11 68 24
157 123 50 59 55
157 112 39 80 49
192 129 77 92 82
192 116 10 28 15
192 101 42 91 46
65 61 89 97 92
65 1 27 69 29
122 157 58 87 72
122 26 36 55 43
136 171 43 80 75
136 173 30 75 61
136 223 41 79 56
136 180 77 79 78
136 172 23 51 35
11 222 58 96 65
222 117 16 33 22
222 99 48 50 48
222 39 75 85 83
222 167 51 67 62
222 90 73 95 94
12 79 13 59 42
12 88 22 59 29
79 101 30 58 41
79 178 36 43 41
79 103 93 97 93
79 14 94 98 94
79 13 81 97 82
88 196 80 100 80
88 72 52 87 57
13 136 42 57 55
13 41 92 100 96
13 191 20 55 53
13 63 67 80 79
13 19 58 93 64
13 34 12 84 30
13 145 89 94 94
41 122 17 33 27
41 27 60 85 62
41 73 27 73 54
41 61 67 84 82
191 194 53 95 64
191 158 31 88 60
191 47 47 70 70
19 78 65 84 70
19 217 45 48 47
19 4 12 83 28
19 41 81 98 92
34 31 73 90 86
34 17 72 100 88
34 88 24 69 53
145 2 29 59 43
145 204 85 96 90
145 152 25 75 50
145 85 43 91 68
14 21 83 84 84
14 176 60 65 60
14 40 36 59 45
14 58 95 99 99
14 177 62 74 73
21 166 70 82 73
21 213 51 54 54
21 119 13 20 13
176 104 25 99 36
176 40 15 60 60
176 156 56 68 65
40 9 95 96 96
40 184 13 56 28
58 97 46 76 57
58 142 58 69 59
58 90 89 100 100
58 170 32 93 50
58 31 64 72 65
177 189 84 94 93
177 42 49 53 51
177 39 44 69 45
177 185 30 52 42
177 163 45 69 60
177 219 35 89 71
15 45 76 96 83
15 156 93 100 94
15 49 89 98 90
15 28 38 47 45
45 25 84 86 85
45 51 77 98 98
45 44 26 85 56
45 158 68 71 69
45 68 47 80 60
45 211 95 100 96
156 4 52 85 70
156 63 52 91 62
156 143 85 97 88
156 222 69 92 69
49 114 12 25 18
49 115 70 92 92
49 218 41 77 73
28 125 18 19 19
28 20 21 71 31
28 60 12 97 78
16 38 38 74 59
16 130 24 70 61
16 65 36 87 87
16 184 92 98 92
16 123 22 92 39
38 191 79 96 80
38 78 10 70 58
38 117 73 99 73
130 101 75 80 78
130 9 34 61 59
130 91 19 65 25
130 97 21 96 71
184 68 67 99 89
184 62 23 98 37
123 121 58 78 76
123 221 23 66 24
123 120 10 47 33
17 58 83 97 88
17 87 21 66 52
17 130 93 98 94
87 60 62 94 71
18 31 34 51 37
18 39 14 78 53
18 45 80 95 90
18 84 75 95 95
31 99 80 96 87
78 73 81 96 81
78 49 53 99 62
217 169 67 80 67
217 149 43 62 53
217 16 89 91 91
217 177 72 82 82
20 82 57 69 61
20 47 65 100 86
20 118 95 100 96
20 2 53 87 86
82 128 82 91 86
82 14 20 76 69
82 212 66 76 72
82 64 23 44 31
82 109 70 87 84
47 195 43 81 58
47 163 24 38 24
47 99 75 100 94
47 219 18 92 87
47 202 61 90 87
47 182 35 100 56
118 9 46 97 97
118 209 32 37 37
118 110 85 93 88
118 126 78 79 78
118 135 45 61 47
118 151 27 42 34
166 4 70 98 74
166 54 58 91 60
166 204 18 100 23
166 65 67 86 81
213 167 80 84 84
213 22 64 92 84
213 25 52 54 53
119 64 30 94 38
119 116 74 78 75
119 35 36 93 53
119 62 72 79 74
119 127 43 70 64
119 224 64 86 80
119 21 62 63 62
125 154 59 68 68
125 77 34 54 49
125 171 79 82 79
125 78 35 56 37
125 67 55 93 57
60 117 81 84 83
60 0 52 95 81
60 33 43 56 52
60 25 33 86 46
52 168 20 60 40
52 224 52 97 76
52 41 11 73 23
52 113 67 94 71
113 190 39 41 39
113 25 16 86 21
113 188 17 99 32
113 102 51 52 52
24 136 37 82 53
24 1 17 86 53
24 195 35 86 39
24 29 33 84 41
195 135 17 30 20
195 148 50 59 59
29 42 58 83 80
29 91 15 27 15
29 110 18 49 30
25 35 22 87 36
25 11 50 80 80
25 98 10 49 38
25 90 80 92 81
25 154 91 94 93
25 68 73 98 82
25 199 87 98 88
35 81 62 76 68
35 158 22 87 57
35 80 84 92 90
35 182 38 86 77
98 123 45 56 56
98 50 17 35 31
98 28 36 50 43
98 70 73 84 78
90 132 40 52 50
90 178 15 18 15
90 123 86 93 88
90 36 49 57 50
154 117 75 76 75
154 150 23 25 25
154 104 32 42 42
154 14 29 65 59
154 66 77 90 89
68 53 59 78 65
68 224 27 90 63
68 153 14 15 15
68 140 35 85 66
68 217 42 66 53
68 5 77 86 78
199 75 88 96 96
199 128 84 91 85
199 174 23 43 33
199 124 46 70 46
26 20 43 81 63
26 204 94 98 98
26 185 25 88 76
26 158 76 94 78
204 6 78 99 87
204 170 34 37 37
204 58 72 84 81
185 148 80 81 80
185 176 33 56 43
185 213 75 78 78
185 100 95 99 96
185 45 14 34 32
158 4 39 66 48
133 183 13 79 43
42 0 22 86 69
42 68 61 64 62
91 43 49 85 70
91 58 62 95 84
91 129 78 82 82
91 160 25 39 34
110 216 67 75 68
110 59 19 30 20
110 0 85 93 85
110 101 63 69 63
30 205 72 79 75
30 93 58 65 58
99 164 32 67 48
99 97 72 84 82
99 39 18 88 75
99 163 21 66 31
99 79 57 66 58
148 154 21 25 24
148 192 33 96 37
171 169 47 57 48
171 66 39 64 59
171 197 62 77 76
171 103 64 92 81
171 201 12 36 32
171 55 55 61 57
171 20 31 68 43
115 131 10 91 36
115 151 11 51 42
115 85 50 67 55
115 60 48 85 62
115 100 11 66 58
115 66 11 49 11
115 105 83 98 84
33 137 88 93 91
33 62 49 56 53
33 149 55 66 59
33 108 48 69 67
137 70 39 97 90
62 218 71 76 73
62 203 74 91 82
149 159 95 97 95
149 66 13 46 37
149 216 75 91 91
149 198 78 92 82
108 113 16 33 19
108 38 21 61 39
108 91 44 96 48
81 0 49 82 58
81 205 12 41 21
182 173 48 67 57
182 19 88 95 94
182 166 83 86 83
36 21 56 79 66
36 20 84 86 84
89 20 32 52 44
89 80 77 95 83
214 194 57 81 71
73 179 48 86 74
73 11 65 70 67
73 24 95 97 95
73 221 84 96 84
73 153 80 84 80
73 103 70 80 79
73 21 83 92 87
73 9 13 59 36
61 43 15 54 40
61 118 85 86 86
61 160 48 79 57
61 14 65 91 78
61 127 75 89 81
61 102 62 67 67
43 61 40 70 67
43 55 31 61 36
43 225 12 21 21
43 57 88 99 92
55 199 77 93 92
55 122 70 74 74
225 13 11 40 30
225 119 17 35 24
225 204 62 78 68
225 0 71 89 81
225 115 37 58 52
57 114 13 68 18
57 188 22 75 22
44 126 82 99 82
126 187 90 93 93
126 145 37 54 49
126 147 91 99 99
126 209 64 80 79
126 104 42 64 42
51 87 22 100 97
51 175 72 77 72
51 192 55 95 76
51 3 55 65 57
211 83 78 99 92
211 82 21 29 23
211 55 84 94 92
46 135 11 61 42
46 191 41 50 46
46 67 24 97 84
135 125 64 73 64
135 138 74 97 81
135 106 19 38 21
135 199 65 80 75
67 97 86 98 90
163 71 75 86 77
163 65 68 72 70
219 70 63 68 68
219 0 94 95 94
202 225 80 87 85
202 195 80 94 80
202 177 80 84 80
202 192 52 66 63
202 95 77 85 80
202 173 12 44 16
202 162 36 49 43
48 211 14 15 15
48 25 61 65 64
48 5 27 79 31
48 13 73 85 78
114 100 71 75 73
114 59 64 96 77
218 20 68 70 69
50 9 49 95 63
50 119 50 68 60
175 202 42 56 46
175 183 40 73 60
175 215 57 100 79
168 14 66 84 66
168 115 85 93 89
168 15 29 91 64
168 90 32 85 49
168 38 52 65 65
168 22 29 81 59
168 53 85 90 86
224 95 22 43 38
224 19 39 74 54
224 23 45 69 55
224 96 31 68 56
224 214 11 67 37
53 59 73 97 83
53 102 53 92 82
59 162 18 61 52
59 147 18 42 21
59 4 70 71 71
59 201 87 98 98
59 51 78 83 80
54 26 33 92 83
54 68 48 71 50
54 222 88 98 95
54 132 37 66 41
132 100 59 72 67
132 23 76 88 80
56 134 20 89 24
56 176 51 80 61
56 72 58 72 59
56 39 83 95 90
56 110 91 92 92
134 42 87 100 95
134 148 88 97 88
72 211 80 98 91
72 140 76 88 83
72 119 32 71 58
72 78 59 63 59
72 66 44 92 68
72 99 88 91 91
72 83 47 50 49
97 212 57 63 57
97 102 68 97 78
142 99 24 99 58
142 130 48 91 52
142 15 29 81 50
142 165 25 50 42
142 24 16 77 31
147 52 71 92 85
147 188 41 93 57
147 140 45 71 59
147 187 75 83 80
201 78 61 65 62
201 181 91 94 92
201 122 55 62 56
201 107 95 96 96
160 175 46 95 95
160 24 33 92 74
160 71 61 64 64
160 67 39 48 40
160 12 62 96 76
203 119 59 64 60
203 57 40 57 53
203 2 87 89 87
203 124 34 86 55
131 29 90 93 91
131 14 42 94 45
131 74 90 93 93
131 169 73 84 76
131 156 22 26 24
131 89 47 68 62
64 161 60 85 85
64 209 15 65 62
64 1 75 95 79
64 57 94 100 100
209 33 59 80 77
209 152 73 86 86
209 79 85 88 86
209 119 68 79 73
209 55 11 36 29
187 145 45 87 63
187 79 13 27 16
187 0 17 31 22
77 73 31 57 51
77 207 64 81 70
77 123 84 90 89
77 205 82 84 82
140 108 43 83 51
140 70 69 70 69
140 171 34 76 69
140 47 43 61 52
69 9 42 82 76
69 162 12 36 33
69 217 25 98 97
69 20 63 68 64
70 65 45 74 50
70 3 50 81 52
71 191 92 99 95
71 83 69 88 83
71 142 39 58 41
83 111 62 95 65
83 155 69 71 71
83 0 62 91 76
83 46 74 75 75
179 131 63 87 68
179 63 42 58 57
179 98 30 78 43
179 159 91 99 97
179 13 22 42 34
179 204 13 20 13
103 136 88 99 92
103 188 93 98 95
103 116 82 88 85
103 204 65 69 67
103 105 66 68 67
103 100 40 58 40
103 95 33 73 45
103 110 75 84 83
103 76 51 66 54
103 35 43 46 45
92 86 11 46 23
92 67 50 57 56
92 102 40 50 42
92 72 92 93 93
76 190 24 85 31
190 60 76 84 76
190 102 61 74 63
190 50 49 95 55
101 126 72 87 74
101 68 70 86 79
101 112 45 53 51
101 32 89 98 89
101 45 67 77 77
178 207 79 95 90
178 98 12 62 52
178 66 13 43 26
128 79 41 68 49
128 8 80 91 91
128 57 23 41 33
212 167 72 89 76
212 40 80 94 88
212 89 27 81 44
212 78 57 63 60
212 17 46 69 68
212 135 10 69 53
212 52 91 95 92
111 65 36 86 72
111 118 61 95 66
111 41 29 45 36
111 126 57 82 65
111 115 23 84 81
155 73 48 87 85
155 130 38 72 56
155 58 34 77 71
155 219 81 91 84
155 80 68 96 96
124 97 77 81 78
124 115 17 25 21
86 142 37 48 44
86 217 52 53 52
196 140 39 47 47
196 143 80 96 93
196 119 62 94 72
196 117 42 98 57
196 6 21 81 58
129 124 79 87 79
129 88 62 65 64
129 42 34 100 39
129 209 23 89 78
129 220 32 74 65
174 61 71 82 74
174 224 18 64 37
174 78 44 49 47
94 90 27 92 54
94 47 77 86 82
94 159 81 94 85
94 112 77 84 78
94 9 74 76 76
112 124 30 71 38
112 140 56 84 72
112 212 75 86 75
112 82 48 68 54
112 73 71 87 74
112 1 58 97 70
95 119 60 85 81
95 186 72 88 75
95 111 33 48 46
186 177 22 31 28
186 97 65 69 66
186 200 55 71 66
186 170 81 91 85
186 124 74 82 79
164 189 34 88 84
164 157 21 71 44
164 222 72 95 95
164 112 22 40 22
100 163 77 84 84
100 46 42 63 42
100 192 47 95 94
116 123 90 92 92
116 182 22 30 27
116 81 20 99 35
116 122 65 85 79
105 120 20 50 35
105 47 52 80 64
105 168 79 82 82
104 37 87 98 98
104 90 56 86 63
104 111 24 27 25
104 151 41 97 59
104 158 20 84 81
151 9 10 99 93
151 10 60 71 63
120 169 63 79 72
120 22 57 64 57
216 82 92 95 93
216 8 59 66 61
216 211 54 85 72
216 180 12 29 12
169 54 84 88 88
169 96 56 79 56
169 98 66 93 90
169 221 27 50 43
169 165 14 40 21
220 56 34 67 43
220 111 64 77 70
183 213 76 95 92
183 105 87 94 91
183 195 61 88 82
183 140 94 99 95
183 178 40 78 62
183 90 48 84 74
183 98 70 92 87
138 49 22 87 28
138 210 10 63 45
138 134 28 50 31
138 58 21 65 58
173 116 51 56 53
173 128 54 84 69
173 5 87 93 93
173 129 50 87 60
173 74 56 93 58
173 7 14 47 41
223 51 46 70 49
223 94 28 64 30
180 85 42 99 89
180 11 29 54 36
180 15 53 64 60
172 36 38 84 78
172 98 95 99 98
172 156 43 59 54
172 175 43 96 64
172 12 95 100 95
172 169 14 72 47
172 78 89 99 98
172 174 24 28 27
210 183 14 73 72
210 113 15 25 24
210 218 75 77 76
139 213 17 41 26
139 111 37 100 47
139 162 46 47 47
139 67 74 99 80
139 106 36 50 44
139 1 17 97 27
139 58 70 98 92
139 73 57 71 70
165 106 71 89 89
165 95 48 75 67
165 220 14 99 44
165 28 34 63 43
165 0 39 72 57
165 142 66 85 68
143 58 69 87 70
143 97 51 79 77
143 70 19 92 71
143 52 18 62 32
143 22 58 95 64
143 131 68 91 75
143 160 84 98 97
143 65 59 72 61
144 186 18 36 32
152 200 37 64 39
146 162 67 72 72
150 209 74 90 82
150 139 10 22 10
150 122 55 89 86
200 116 43 99 82
200 99 88 90 88
200 42 79 93 85
189 30 58 89 86
189 110 67 82 76
189 163 77 86 77
189 210 86 89 89
189 67 63 78 78
167 180 89 98 97
167 1 50 68 57
197 101 90 100 98
215 51 20 26 24
215 59 40 67 67
215 39 84 86 84
215 169 81 95 85
194 159 10 62 20
194 12 53 79 69
194 11 24 75 61
193 189 92 100 100
193 67 32 65 52
193 122 54 78 60
193 168 42 57 46
193 8 54 55 54
206 207 42 55 55
206 55 60 77 61
206 69 33 39 37
208 153 43 77 74
0 225
