17 49
0 16 80 99 80
0 6 52 69 55
0 9 82 84 82
16 6 91 93 92
16 12 80 93 80
16 7 52 57 52
16 14 39 50 41
16 13 37 43 43
6 16 44 95 90
6 4 83 95 93
6 0 80 87 80
9 5 18 81 28
9 13 51 75 73
1 3 15 68 37
3 12 59 81 67
3 4 39 93 90
3 7 36 68 55
2 5 67 74 68
2 15 12 89 42
2 7 19 34 33
2 12 57 79 75
5 4 72 96 80
5 6 72 75 74
5 0 44 97 78
5 1 22 53 25
15 7 87 97 95
7 3 57 81 74
7 4 84 88 84
7 2 69 100 100
7 6 78 86 85
7 1 64 80 71
12 9 37 86 45
12 5 42 59 48
4 11 11 64 63
4 2 64 73 66
4 5 53 62 54
4 16 60 62 62
11 2 27 42 28
11 5 33 58 42
8 2 10 68 63
8 5 32 37 32
13 10 80 87 81
13 3 24 55 43
10 1 80 87 84
10 3 62 76 68
10 0 72 75 75
14 0 69 92 89
14 9 31 60 43
14 16 75 94 76
0 16
