35 129
0 34 21 31 29
0 16 32 77 49
0 32 60 91 68
0 13 57 60 57
0 23 93 100 95
0 26 92 97 97
0 33 40 42 42
34 11 84 100 96
34 24 44 85 57
16 14 51 63 59
16 34 62 88 69
32 6 25 52 40
32 23 57 71 65
32 14 53 70 65
13 12 93 96 96
13 3 90 94 94
13 30 37 64 64
13 15 62 73 70
23 3 11 15 13
23 7 16 70 50
23 21 78 99 91
23 17 82 96 82
23 22 28 97 96
23 13 88 97 93
26 7 57 60 58
26 21 72 82 73
26 6 49 68 66
33 10 27 70 32
33 20 57 76 69
1 27 83 100 92
1 23 17 85 36
1 22 24 75 75
1 2 91 99 98
1 30 66 69 67
27 9 11 69 27
27 34 15 63 62
27 14 61 97 72
27 30 15 62 36
27 0 55 93 67
22 5 73 89 84
22 28 50 66 51
2 12 39 43 40
2 32 51 55 55
2 11 55 85 72
2 19 17 37 34
2 34 28 84 66
2 16 27 57 37
30 22 34 55 48
30 8 66 71 71
12 31 13 82 57
12 11 57 78 61
12 27 45 75 68
12 20 19 55 23
11 31 46 64 50
11 1 46 87 62
19 3 77 92 89
19 21 82 84 82
19 0 57 72 67
19 28 38 94 48
19 24 62 97 95
19 33 94 97 94
3 5 38 85 42
3 22 29 71 56
3 25 50 68 56
3 10 23 59 42
3 18 17 20 20
5 9 47 100 56
5 27 12 81 21
5 28 71 88 75
25 28 58 87 80
25 20 13 30 21
25 16 12 96 12
25 27 20 35 34
10 9 35 44 40
10 0 23 86 29
10 24 38 98 62
10 27 35 68 61
18 29 89 97 92
18 12 58 80 66
4 18 19 76 20
4 25 74 94 79
9 26 86 94 92
9 15 78 99 99
28 20 44 53 49
28 18 17 25 18
28 25 37 95 85
28 24 48 64 52
28 21 90 97 93
28 15 67 70 69
28 26 43 64 45
6 13 41 56 51
6 17 72 81 77
6 23 23 27 24
17 26 71 100 86
17 10 60 87 86
17 2 56 96 79
17 22 86 88 88
17 30 90 100 97
7 26 33 36 33
7 34 92 98 96
8 18 85 91 89
8 30 80 89 84
15 8 75 89 79
15 24 78 95 88
15 33 33 54 51
24 8 44 79 47
24 30 35 42 38
24 29 87 89 89
24 6 49 85 71
24 2 37 54 52
31 0 33 52 37
31 2 90 93 90
31 25 45 51 50
31 14 94 97 95
20 3 85 98 96
20 14 68 77 70
20 7 33 61 49
20 15 79 90 82
20 34 53 77 60
14 22 32 92 56
14 2 19 76 48
14 27 51 98 64
29 28 54 77 76
29 16 58 85 77
29 31 28 99 36
21 18 27 62 31
21 7 90 94 91
21 25 20 60 44
21 4 58 74 72
0 34
