869 1412
0 424 85 86 86
424 289 65 75 65
424 539 75 94 79
1 382 91 98 95
382 315 63 84 73
2 555 77 78 78
2 140 14 92 26
555 624 86 92 88
555 502 41 54 42
3 764 70 76 75
3 313 77 90 77
3 164 51 60 57
3 140 80 97 81
764 478 62 91 66
764 3 46 100 77
313 193 79 93 92
313 296 87 88 88
164 733 54 68 65
164 282 17 95 56
4 661 57 84 71
661 160 71 79 77
5 168 62 98 65
5 836 47 91 71
168 762 10 75 26
836 588 26 46 44
6 647 94 96 96
647 56 54 73 61
7 748 48 68 51
7 450 41 84 53
748 744 55 59 58
748 570 76 98 83
450 196 70 79 71
450 776 56 68 56
8 184 55 95 94
184 153 54 90 57
184 677 46 78 64
9 360 27 48 28
10 19 81 82 82
10 720 75 85 79
19 305 60 93 78
720 612 33 40 34
11 643 28 50 29
643 832 25 57 49
643 848 40 98 46
12 350 25 70 50
12 496 49 53 49
350 397 92 98 96
496 240 54 75 60
496 227 46 86 68
13 47 12 66 51
13 216 51 69 54
14 659 69 93 72
14 587 76 89 84
659 171 90 100 100
659 843 17 28 24
15 65 51 71 67
65 200 72 96 93
65 349 52 99 82
65 525 16 76 25
16 446 43 83 46
16 740 90 98 94
16 115 70 91 81
16 208 82 90 83
446 330 30 85 71
446 788 21 39 39
740 328 53 89 76
740 30 62 63 63
740 131 79 100 97
740 644 84 99 90
115 107 17 44 24
17 511 51 84 63
17 417 62 79 65
17 818 39 81 39
17 61 23 47 25
511 300 23 90 34
511 712 15 20 18
511 349 34 55 47
417 142 29 77 52
417 643 64 87 74
818 138 50 73 65
818 258 21 93 46
818 578 12 80 68
61 619 90 95 94
61 424 79 81 80
305 469 95 98 98
305 372 62 98 68
22 116 83 85 85
22 184 59 99 65
22 698 86 94 92
22 786 37 54 53
698 569 50 59 58
23 8 44 45 45
23 73 22 69 59
73 127 35 65 54
73 229 75 86 76
24 73 14 40 15
24 410 31 96 61
410 10 93 98 96
410 519 37 80 39
25 790 43 93 62
25 113 33 57 44
790 479 17 95 77
113 802 15 35 20
113 398 86 87 86
113 5 38 91 66
113 1 76 77 77
113 333 72 93 74
26 35 42 92 73
35 554 17 44 22
27 7 18 57 53
29 73 67 74 69
30 830 17 27 25
30 858 76 99 82
830 323 61 64 63
858 461 49 51 51
858 450 91 93 93
31 206 15 49 33
32 85 86 88 88
85 159 48 77 67
33 430 78 85 78
33 835 46 70 63
33 321 83 98 94
430 104 17 50 29
835 773 50 68 60
835 583 27 51 37
321 92 79 87 79
36 564 58 76 76
36 15 63 98 96
36 840 91 97 96
564 810 37 96 93
564 637 28 35 34
564 689 53 77 66
564 404 52 68 68
840 731 61 71 62
37 137 58 96 69
137 618 47 94 79
137 669 69 72 71
137 107 56 100 81
137 129 53 73 64
137 818 41 73 61
38 657 18 27 22
657 648 41 64 64
39 96 19 79 70
96 801 22 98 48
40 557 60 69 66
40 200 45 89 64
557 487 46 94 51
557 590 51 97 77
42 273 94 99 96
273 226 66 87 81
273 290 13 55 29
273 105 18 26 26
43 585 72 79 72
43 840 53 87 85
43 558 46 76 47
43 107 22 28 24
585 771 29 44 29
558 209 44 70 65
558 831 27 65 61
558 686 58 67 62
107 524 75 91 89
107 609 16 31 21
44 148 70 100 95
148 522 41 94 72
148 372 18 29 24
148 354 72 98 91
148 36 50 68 55
45 551 51 76 69
45 546 87 92 89
45 526 93 96 93
551 250 69 88 77
551 507 77 88 86
526 783 83 85 84
46 467 49 54 51
46 74 40 81 75
467 478 66 82 82
74 725 90 93 91
48 509 70 82 77
509 458 87 100 99
509 525 71 75 72
49 87 41 57 49
87 819 17 36 21
87 826 23 67 35
50 395 75 94 88
395 37 18 96 43
51 405 13 62 58
51 368 42 94 73
51 742 41 97 49
51 280 64 93 65
51 238 82 86 82
405 68 34 44 34
405 236 20 37 36
405 617 15 89 35
405 52 93 94 93
368 6 65 81 74
742 813 38 59 52
742 131 55 72 55
238 804 20 83 65
52 157 71 94 81
157 681 78 96 85
53 677 12 50 22
53 415 70 89 71
415 253 51 97 73
415 360 46 61 51
415 318 76 77 77
415 682 45 87 52
415 398 23 73 29
55 647 25 81 48
55 342 14 17 14
342 446 79 91 83
56 613 48 56 50
56 265 22 69 38
613 816 91 95 95
265 382 87 93 89
57 11 67 81 68
57 38 58 89 75
58 846 46 70 48
58 692 53 76 63
58 365 64 73 64
846 303 55 95 66
692 606 16 44 39
365 743 23 98 38
365 357 53 98 90
59 336 61 88 74
59 550 44 48 45
59 708 38 42 39
336 85 93 99 98
550 0 17 27 24
550 698 74 95 80
550 521 24 50 49
708 503 67 91 74
619 53 65 79 66
619 517 13 39 39
64 823 45 64 47
64 50 21 52 23
64 654 30 90 78
823 403 50 86 81
823 130 71 80 72
349 717 65 72 65
349 45 73 92 73
525 152 65 86 74
525 627 81 99 94
66 811 55 71 62
811 106 54 86 62
811 79 90 97 92
811 609 39 43 39
811 419 54 94 84
67 614 25 87 57
614 25 34 64 53
68 150 15 36 36
68 273 62 66 63
150 749 39 76 63
150 385 45 80 58
69 242 82 100 96
69 633 83 89 86
69 356 75 87 85
242 784 33 65 39
242 537 88 91 88
356 368 32 33 32
70 663 34 49 38
70 481 11 68 61
70 356 88 100 97
663 749 53 87 85
663 517 74 81 81
663 249 46 79 57
663 550 65 96 76
663 435 69 75 69
481 553 63 99 77
72 778 52 81 76
72 247 13 49 49
247 555 42 69 54
127 783 81 82 81
229 196 86 89 89
725 296 66 94 92
725 622 22 39 32
75 137 53 57 54
75 51 67 78 68
75 657 59 74 59
76 862 91 97 93
76 502 24 72 64
78 486 77 82 82
78 72 93 97 97
486 220 89 100 96
486 311 14 64 34
82 827 40 94 82
82 462 70 71 71
827 242 44 86 74
827 840 56 93 58
827 40 53 77 71
827 347 52 73 65
462 569 37 51 50
462 466 72 87 85
83 572 10 53 53
83 530 63 87 85
530 756 49 69 64
530 166 74 87 83
530 788 92 94 94
84 182 41 81 52
84 205 81 87 84
205 202 71 82 73
205 848 61 75 75
205 235 45 55 50
205 239 16 70 48
205 297 53 76 65
205 545 43 47 45
159 788 36 74 57
86 474 20 60 20
474 283 59 95 67
474 164 33 45 36
819 505 43 95 56
819 744 52 56 52
826 766 22 31 26
826 129 88 89 89
826 278 41 88 64
88 215 88 90 89
88 502 88 95 88
89 863 15 55 16
863 264 85 99 99
863 584 32 92 92
863 40 86 96 96
90 730 40 60 47
90 192 29 31 31
90 156 69 73 70
90 241 67 68 68
90 201 20 64 49
730 793 54 95 85
730 498 26 90 28
730 9 59 82 78
192 381 43 63 44
156 121 62 82 67
91 613 91 95 95
91 38 17 86 80
92 529 50 55 53
92 665 48 49 48
529 700 90 97 93
93 649 87 97 94
93 404 94 99 95
649 481 18 81 61
404 154 26 73 70
95 39 14 82 56
801 39 95 96 96
801 607 54 98 65
97 67 65 70 70
97 338 51 88 84
97 148 90 96 90
97 690 47 64 60
97 622 20 98 68
690 1 10 69 37
622 495 59 91 60
622 365 94 99 97
98 477 59 79 60
98 846 64 70 67
477 796 48 82 69
99 110 46 100 51
99 302 27 36 27
110 31 70 81 71
100 335 61 67 63
100 486 25 78 31
335 343 78 92 81
335 293 70 95 95
101 205 18 59 50
104 55 86 96 87
104 133 81 97 92
133 822 14 42 31
133 159 51 80 75
133 609 53 88 83
106 423 43 78 47
106 623 52 59 53
106 858 44 76 67
423 418 34 45 39
423 83 69 90 89
423 829 53 62 62
423 55 27 33 30
623 51 16 62 46
623 266 60 97 70
524 97 51 76 67
108 90 30 74 64
108 830 21 58 33
109 660 73 80 78
660 195 25 94 41
660 455 25 94 70
660 473 46 64 62
111 741 66 93 92
398 797 78 82 81
398 107 57 61 57
333 407 24 83 75
114 686 38 60 46
686 512 19 92 76
686 837 47 50 47
686 749 35 90 80
117 832 18 25 18
117 761 22 32 22
832 176 41 52 49
832 678 22 86 39
761 198 46 69 47
761 602 70 97 70
118 438 73 91 85
118 86 77 98 93
438 329 72 88 83
438 540 32 69 40
119 404 83 88 83
119 805 11 47 25
119 214 93 97 97
214 419 84 88 84
120 110 15 24 22
120 763 79 92 80
121 512 66 70 67
121 289 50 96 60
289 17 45 90 52
289 501 60 85 83
122 519 11 79 34
122 488 17 79 69
122 533 67 69 69
519 22 36 56 36
519 418 56 68 56
519 584 67 90 76
488 537 16 89 85
488 672 31 42 33
533 169 22 68 41
533 516 76 79 76
123 444 23 36 23
123 298 40 78 63
444 338 32 33 32
444 329 29 87 87
298 29 92 99 97
124 177 64 72 64
124 614 77 99 91
177 42 88 96 91
177 603 10 20 10
177 553 92 96 96
783 25 32 43 36
128 687 63 92 67
687 693 75 81 81
687 189 83 91 84
687 854 48 95 50
687 367 56 84 56
129 455 73 86 86
455 513 37 53 39
130 174 42 49 49
130 177 16 39 38
130 282 41 97 97
174 868 19 34 28
174 108 43 51 47
282 2 19 36 25
282 385 78 96 91
282 623 60 75 66
282 711 20 55 36
282 141 61 77 69
282 40 84 95 88
132 856 37 61 61
856 349 24 47 44
856 178 80 86 81
856 236 82 98 85
134 33 61 95 70
134 817 44 80 69
134 638 93 99 94
134 517 71 80 79
817 33 66 81 71
638 464 33 91 77
517 327 88 95 94
517 681 80 94 80
517 46 10 66 30
136 846 48 65 48
618 252 23 71 28
618 305 81 87 84
618 518 90 99 94
618 630 43 66 49
618 582 75 94 92
669 234 93 99 93
669 512 65 71 69
138 251 28 66 66
251 443 13 84 78
251 263 65 72 68
139 313 51 62 60
142 348 91 93 93
142 102 95 97 96
348 808 25 80 48
143 208 40 43 42
144 255 39 81 47
144 770 50 65 62
255 507 75 82 78
770 857 19 29 29
145 319 70 93 85
145 419 44 49 49
319 536 81 85 81
419 516 57 64 63
146 288 60 83 76
146 446 26 88 66
147 475 18 53 45
147 636 21 56 53
147 479 92 97 92
475 736 91 98 97
475 202 52 80 55
475 552 45 72 56
636 210 56 67 65
479 294 42 81 42
479 447 30 46 33
479 281 60 80 77
479 816 31 45 32
479 330 78 99 99
522 375 49 72 69
522 512 40 78 46
372 838 75 98 82
372 220 47 92 90
372 312 21 23 22
354 676 83 97 90
149 175 94 99 94
175 199 77 89 85
385 363 40 48 44
151 479 53 81 60
152 529 67 91 77
152 423 12 69 22
153 138 59 90 88
153 181 50 98 51
153 244 31 41 35
153 432 42 95 89
153 812 30 67 37
181 665 46 83 73
181 360 70 81 80
181 136 83 87 84
244 148 67 95 67
432 725 74 97 95
432 158 38 85 81
432 221 29 66 65
154 160 74 97 88
160 719 61 79 68
160 797 84 97 86
160 733 79 91 79
155 785 76 78 78
681 243 75 95 88
681 792 43 59 45
788 320 60 85 68
719 540 28 76 46
719 802 69 71 70
719 760 58 76 58
797 386 58 77 61
733 218 51 52 52
161 44 22 49 23
162 719 56 91 84
163 525 78 81 80
163 634 36 83 47
163 234 95 97 95
163 72 90 91 90
634 658 16 40 16
634 263 65 78 76
634 605 76 78 77
634 163 19 35 28
634 389 58 73 73
165 252 82 99 85
165 150 44 62 49
252 760 23 64 56
252 706 22 95 79
252 133 55 93 56
166 487 34 58 55
487 844 46 53 48
167 217 31 58 36
762 287 64 91 68
762 798 26 47 29
169 179 42 87 66
169 780 73 74 74
169 665 52 92 72
169 152 61 69 64
179 315 92 94 93
780 51 22 39 30
780 485 75 98 77
170 118 78 83 79
170 504 65 100 98
504 723 90 98 93
504 280 88 90 90
504 670 41 52 51
504 544 69 82 77
171 344 10 80 49
173 561 49 53 52
561 568 57 62 59
561 495 18 75 51
868 416 70 80 74
868 571 61 66 61
199 537 43 97 94
176 446 61 84 79
176 404 22 44 32
176 120 79 81 80
603 218 95 97 95
603 586 60 87 69
553 436 83 96 88
553 17 88 99 92
553 271 71 78 74
178 515 93 94 93
178 202 51 53 53
178 209 76 90 78
178 462 42 70 58
178 683 73 100 90
178 326 56 92 83
515 802 91 92 92
515 497 28 49 33
202 477 23 96 94
209 689 46 54 54
683 599 60 92 73
326 108 84 92 85
315 525 25 72 60
315 108 48 70 60
183 139 63 72 65
183 55 70 87 78
185 787 31 56 41
185 720 70 88 81
185 814 68 95 78
787 619 25 95 41
787 786 58 89 81
787 157 23 97 89
814 99 28 80 68
814 105 51 90 80
814 351 90 95 94
186 417 16 98 21
186 307 83 84 84
307 744 62 88 79
188 254 13 79 21
254 78 14 18 16
254 678 25 29 28
189 688 77 90 81
189 859 18 85 67
190 484 20 37 30
190 584 60 76 72
190 459 41 97 77
484 108 74 91 87
584 224 54 77 68
584 272 41 90 73
459 842 11 98 59
459 264 14 42 31
381 369 82 98 96
381 68 83 97 84
193 89 71 96 96
194 149 18 58 23
195 117 93 95 94
195 752 31 100 70
195 135 67 71 67
752 795 70 96 85
196 727 21 36 26
196 820 62 87 82
196 784 80 83 80
196 459 31 60 34
820 99 95 99 96
820 223 32 54 54
820 205 43 68 57
820 210 76 93 84
820 473 63 70 64
784 10 45 72 52
784 156 58 96 73
197 652 44 61 54
652 325 51 77 52
198 819 89 95 89
198 657 13 17 17
537 597 23 38 32
537 343 66 97 81
537 20 20 46 20
203 132 82 90 87
203 121 25 79 58
848 116 39 53 50
235 785 60 66 61
239 696 27 41 39
239 58 74 95 92
239 25 73 86 85
545 815 45 52 48
207 736 30 53 33
736 629 41 63 55
689 574 27 67 52
689 475 58 87 66
689 477 52 98 91
210 850 93 100 93
210 101 69 99 84
210 807 25 35 30
850 140 35 54 50
807 325 37 90 60
807 750 37 70 48
211 59 92 100 95
211 750 18 36 33
211 629 45 80 45
750 130 82 92 84
750 166 52 68 56
750 603 55 91 89
629 703 69 99 80
629 42 32 86 69
212 504 44 65 64
212 817 17 53 45
218 285 90 93 91
218 623 44 66 56
220 413 58 76 68
413 7 72 91 72
413 104 19 89 61
413 426 39 40 39
222 25 57 66 65
222 694 26 85 27
694 552 32 97 55
223 789 62 82 77
223 93 42 76 73
223 812 69 90 73
789 531 87 89 87
789 850 74 90 78
789 490 63 76 63
224 329 56 85 75
224 474 69 83 74
224 712 50 86 82
329 124 73 96 89
329 495 72 81 81
329 390 26 94 56
712 282 26 50 36
226 401 92 96 92
226 161 81 96 84
226 546 34 40 38
401 355 92 93 93
401 687 60 77 66
227 222 83 100 93
230 661 21 40 24
230 857 38 48 41
857 226 32 39 34
231 65 22 86 37
231 459 78 89 83
231 125 51 59 51
232 660 29 66 57
236 771 12 52 34
771 704 75 78 77
237 456 81 88 85
237 157 46 70 55
237 593 91 98 97
456 267 13 78 30
456 446 69 95 73
593 66 43 66 48
804 189 75 76 76
804 281 27 52 35
804 335 66 95 76
696 203 86 92 92
240 187 83 98 97
240 460 16 77 33
240 301 49 93 82
301 696 81 87 81
243 66 25 43 33
245 414 29 64 33
245 81 85 92 87
246 803 31 59 36
246 527 19 29 25
246 424 52 73 65
803 491 75 83 79
803 247 73 77 74
527 856 22 45 28
527 365 82 83 83
249 705 38 43 39
705 550 66 97 71
705 752 44 92 63
250 636 66 85 78
250 20 61 83 78
250 532 49 70 70
250 339 73 74 74
339 730 53 77 66
339 260 46 60 52
339 182 95 100 96
443 591 95 99 97
263 701 38 69 42
263 251 18 94 27
760 456 16 79 49
760 828 85 87 85
706 655 52 72 57
706 574 88 92 91
706 182 17 67 29
253 596 50 53 50
253 192 36 85 81
596 842 40 92 80
596 632 48 61 60
678 774 41 91 67
257 797 53 90 53
257 620 40 81 75
620 299 58 68 58
620 494 75 85 85
620 179 18 24 23
620 400 86 87 86
258 187 11 98 16
259 485 28 90 87
485 359 83 88 84
260 449 76 98 93
260 372 51 55 54
260 525 30 40 35
449 191 61 73 62
262 840 39 84 52
264 73 88 100 89
266 817 18 63 62
266 653 79 82 80
653 204 57 73 61
267 834 45 74 49
834 610 33 36 33
268 198 75 95 94
269 193 43 56 49
269 834 81 95 95
270 116 50 73 64
270 302 87 100 89
270 621 24 58 25
270 474 78 94 87
621 779 29 75 31
621 377 18 47 27
621 634 81 84 81
271 657 67 97 93
272 232 83 94 89
272 59 89 90 90
272 567 47 65 54
272 239 94 96 96
272 252 91 93 93
567 88 18 64 49
567 214 61 83 65
567 86 18 82 33
567 550 10 57 34
567 761 51 61 56
274 170 37 46 38
275 280 49 58 54
275 377 72 73 73
275 381 29 54 46
377 730 53 70 58
277 365 27 61 39
278 776 34 45 36
278 316 15 68 65
278 373 81 87 83
776 853 53 68 61
776 675 10 92 74
776 573 72 75 75
316 280 38 81 41
373 46 94 95 94
279 8 38 94 46
279 527 14 82 22
279 348 36 51 38
281 87 57 74 65
281 499 44 84 47
281 344 66 72 71
711 660 30 92 36
283 305 53 94 58
284 141 42 44 43
286 64 62 93 83
286 860 67 76 75
860 196 20 37 25
860 479 41 65 57
287 391 32 95 69
287 507 68 95 80
391 389 16 23 16
391 611 76 91 90
391 374 22 43 23
501 138 84 90 87
291 791 77 81 81
291 60 86 94 94
291 669 50 78 59
292 126 94 98 98
293 585 93 94 94
296 203 46 82 82
296 144 14 17 16
296 476 50 79 66
299 840 20 40 27
300 710 26 98 49
300 140 95 97 97
300 165 90 100 94
300 685 54 91 86
710 82 78 100 82
710 685 88 94 90
685 741 26 31 26
469 818 27 68 45
469 612 25 75 68
306 221 73 81 81
306 24 12 53 22
306 123 40 84 67
744 171 69 98 84
744 328 41 89 48
308 829 80 82 81
829 450 45 76 71
309 426 35 49 49
309 447 77 84 83
309 230 94 99 94
426 486 77 94 92
447 202 14 41 29
310 780 51 98 78
310 627 50 57 51
627 538 56 83 56
627 495 91 94 93
311 153 51 92 77
311 504 42 61 52
312 550 58 73 71
317 294 19 75 53
317 338 50 91 84
318 179 52 60 53
318 358 66 68 66
358 227 84 88 87
358 471 30 79 70
322 622 35 44 44
323 827 67 84 84
325 118 55 83 57
325 659 16 63 39
327 395 87 89 88
327 785 82 92 84
327 48 18 93 23
328 531 61 66 62
328 184 48 76 65
328 118 16 34 34
328 74 48 63 63
531 728 33 86 77
390 93 15 98 56
390 440 18 19 18
390 19 45 72 48
390 412 49 71 69
390 49 33 68 36
330 50 40 80 54
330 324 71 90 71
330 673 22 61 24
673 698 19 22 21
673 629 27 51 43
331 473 49 92 90
473 520 32 77 38
407 357 11 27 12
407 786 34 68 42
407 562 92 93 93
334 371 86 95 87
334 457 78 86 78
334 588 15 24 20
334 731 27 39 31
371 522 68 72 69
371 681 57 72 65
457 651 35 86 64
588 717 37 54 47
731 688 28 43 38
731 388 29 70 52
340 775 44 63 48
340 559 71 99 88
775 745 84 88 84
775 351 54 76 55
775 499 61 71 69
559 389 50 62 52
345 453 53 96 86
345 765 35 63 61
345 705 31 36 35
453 778 24 44 41
765 683 34 39 34
347 442 27 90 33
442 673 12 81 49
442 258 92 93 92
717 508 63 80 74
717 66 75 81 81
717 349 47 75 55
397 654 74 83 83
397 841 93 98 98
351 713 68 82 82
351 478 12 94 24
351 124 85 89 88
351 433 48 52 50
713 665 39 76 55
713 155 10 59 57
713 32 37 47 46
713 108 90 95 95
478 472 55 82 60
478 227 65 99 98
433 329 37 75 41
352 667 70 77 70
352 552 18 79 75
352 277 32 60 48
667 846 34 51 39
667 410 72 96 94
667 476 27 70 65
552 169 28 68 45
676 573 48 86 86
355 272 87 97 87
357 269 43 50 49
357 23 71 76 74
471 116 46 73 72
471 356 81 91 89
471 727 49 95 57
359 265 43 57 44
359 710 24 37 28
361 669 74 91 81
361 22 63 74 64
362 723 28 55 43
364 144 72 93 82
364 801 56 84 76
364 610 49 76 70
364 765 27 33 31
610 190 14 86 49
610 795 18 21 21
743 725 14 90 72
366 327 44 73 54
366 827 49 55 49
367 512 72 96 78
367 607 74 85 78
369 377 77 90 84
369 765 45 94 78
370 570 44 77 48
374 556 88 96 94
374 707 79 80 80
556 760 46 98 60
707 92 92 98 94
707 282 33 61 59
707 745 11 29 15
375 500 89 91 90
500 799 14 79 24
376 80 46 88 77
378 434 46 90 80
434 116 81 87 87
379 241 13 79 38
380 148 85 99 97
380 669 76 85 81
383 661 87 94 90
386 284 30 60 52
387 177 64 88 76
387 407 79 83 82
387 241 65 80 78
388 192 57 60 57
388 549 24 73 51
388 30 19 58 56
388 507 24 58 37
549 254 50 95 70
549 314 17 82 60
389 266 24 97 94
389 480 48 80 55
480 227 47 71 65
440 424 26 63 46
440 500 71 91 72
412 111 12 68 29
611 270 18 54 25
611 561 18 74 62
394 535 51 81 79
394 499 39 74 72
394 302 25 69 26
535 664 34 100 60
535 215 86 95 91
535 433 90 92 90
841 77 84 91 89
841 629 22 75 72
841 219 76 92 81
841 772 73 96 80
399 861 15 23 20
399 304 30 95 80
861 855 93 97 94
861 850 83 87 87
861 845 39 80 79
402 714 81 89 89
402 94 21 70 50
714 324 63 70 63
714 854 21 27 21
714 208 41 79 44
403 303 95 98 98
403 522 71 90 83
403 709 35 100 81
403 333 11 64 15
709 371 95 100 97
617 285 45 78 71
406 640 65 84 77
406 158 10 42 32
640 254 41 44 41
562 209 89 100 93
562 49 13 40 37
408 132 15 32 27
408 607 79 90 84
409 666 57 80 69
409 762 82 94 87
666 130 73 100 100
666 140 74 90 84
666 609 22 84 34
666 129 48 72 52
666 147 22 93 31
682 283 77 90 80
682 250 15 43 39
682 529 32 53 48
416 855 23 68 34
416 648 64 81 67
855 321 62 76 65
648 849 15 16 16
648 821 10 28 27
648 758 77 90 81
648 122 14 50 15
648 688 60 80 63
648 356 74 96 81
418 432 61 70 62
418 612 13 37 19
418 76 87 89 87
418 77 88 94 91
612 179 39 66 39
516 624 92 94 93
420 423 30 60 52
420 615 51 85 75
421 119 85 98 86
421 360 69 74 74
422 73 95 96 96
539 440 66 88 79
425 90 80 99 82
425 242 34 36 34
427 560 55 67 61
560 674 26 41 33
428 149 85 95 91
429 696 29 51 48
431 500 65 81 79
431 510 55 58 56
510 68 84 86 84
510 20 57 73 63
510 332 78 92 86
435 127 58 74 60
435 44 32 99 77
435 775 29 34 32
435 91 93 94 93
436 172 11 91 37
436 742 67 85 77
437 387 55 95 77
437 840 92 98 96
437 121 46 78 59
540 253 76 94 90
540 610 94 95 94
540 806 44 50 45
439 17 36 40 36
591 819 12 96 85
591 28 57 78 74
445 50 23 35 24
448 107 17 76 61
448 492 30 37 32
448 564 46 59 52
492 69 24 83 73
451 728 94 95 95
451 746 17 29 23
451 425 17 73 45
451 664 61 62 61
728 475 67 93 75
728 12 67 74 72
746 107 84 91 84
746 530 21 54 45
664 606 34 57 48
664 661 83 97 85
664 584 71 73 72
452 848 82 86 82
452 698 36 40 40
452 336 76 77 77
454 478 47 89 58
513 456 93 100 96
513 817 22 89 69
651 459 27 90 42
458 195 35 79 71
458 729 50 76 54
729 219 92 95 95
842 338 19 42 23
842 300 95 99 97
461 39 92 96 94
461 138 70 72 72
461 78 18 84 44
466 498 25 46 46
466 483 28 54 43
463 637 49 58 50
637 92 41 69 43
637 65 11 70 34
637 358 90 95 95
637 297 25 28 27
464 553 39 90 56
464 449 63 84 66
465 191 56 100 83
483 809 37 75 41
483 781 44 75 49
483 122 52 77 72
468 714 55 94 91
470 425 53 66 53
472 368 26 51 27
520 139 37 51 43
520 829 46 79 53
520 719 10 29 13
520 89 15 70 32
796 724 50 84 65
816 289 22 40 35
816 638 52 59 56
482 360 25 68 29
809 761 31 72 34
781 657 79 87 85
781 57 12 60 59
781 466 84 85 85
844 578 37 78 77
672 307 91 97 97
672 744 53 59 56
672 594 10 73 47
489 643 29 40 33
489 508 45 84 55
508 170 40 100 85
508 681 32 38 38
508 498 81 93 82
490 9 80 93 93
493 386 35 92 47
493 768 51 75 57
768 343 46 95 81
768 644 78 95 88
768 739 43 93 81
494 629 47 99 65
497 576 24 100 40
799 315 57 65 57
503 688 60 81 70
503 122 18 72 26
670 741 92 100 96
670 795 95 97 97
544 21 48 94 80
544 658 54 61 59
505 157 30 72 55
505 136 10 88 38
506 347 80 83 83
514 654 59 67 63
514 758 91 99 96
758 589 43 56 44
521 65 77 82 79
521 248 27 31 30
756 512 60 97 82
756 449 23 63 44
534 748 27 81 31
534 409 23 27 25
534 118 35 94 83
597 785 15 22 20
538 22 82 90 89
538 718 12 14 14
538 614 36 91 44
538 504 41 65 52
538 789 80 85 83
538 762 38 44 42
718 62 45 96 68
806 560 66 80 74
541 35 58 72 72
542 158 73 89 74
542 624 57 74 59
542 419 37 42 39
542 252 34 61 57
543 204 70 73 72
543 214 34 38 36
543 165 11 37 34
658 776 14 62 58
658 722 27 33 31
815 386 16 48 37
547 823 17 30 24
548 284 17 93 39
831 331 75 96 85
831 220 54 76 74
674 625 27 84 34
674 11 73 87 83
674 372 87 98 87
568 69 41 99 56
563 538 78 84 84
563 444 49 74 70
565 68 79 85 83
565 671 66 77 67
671 637 20 22 22
566 585 37 75 64
571 477 70 85 70
573 381 30 74 66
573 362 53 54 54
573 284 19 42 19
574 214 27 78 42
574 421 72 74 74
577 807 49 81 73
579 242 21 51 44
579 424 18 49 19
581 278 47 68 64
582 381 93 99 95
582 13 43 79 66
583 764 40 96 49
586 78 87 94 88
586 627 34 81 74
589 769 65 78 73
589 316 63 70 69
589 693 70 84 80
693 699 20 68 55
592 717 61 63 62
592 162 62 77 68
594 256 80 83 81
594 685 75 92 79
594 780 23 39 31
595 251 53 55 55
632 651 87 91 90
632 223 80 99 95
598 477 20 29 25
599 768 48 88 67
599 484 93 98 95
599 753 42 54 48
599 154 60 83 73
753 191 60 86 86
753 183 95 100 97
602 601 76 77 76
602 802 30 96 32
602 637 69 78 77
602 60 54 70 55
604 416 87 91 90
605 718 45 93 63
606 344 46 100 75
606 350 94 97 95
795 170 37 86 43
630 813 10 57 55
630 792 29 58 43
630 203 92 98 96
630 64 10 43 34
630 372 70 91 88
626 126 90 92 90
628 607 29 84 78
628 56 45 81 58
628 371 25 69 40
628 442 86 99 96
813 762 72 82 72
813 827 75 98 98
792 465 58 64 59
792 481 39 85 82
792 265 16 49 27
631 856 53 93 84
631 867 40 87 45
867 79 37 79 59
867 393 64 82 78
635 493 87 99 88
639 608 75 91 78
639 736 74 76 76
639 755 78 85 79
639 609 25 85 42
755 481 44 92 52
642 809 94 95 95
645 839 34 47 35
645 430 41 82 46
839 257 40 77 74
839 580 70 73 72
839 624 19 49 32
646 70 82 86 84
849 455 75 79 75
655 365 37 65 59
656 393 62 88 81
656 102 30 93 53
656 726 64 86 67
656 107 63 100 96
726 525 21 73 54
722 673 66 94 74
843 633 65 87 77
843 601 62 64 62
662 378 11 21 13
662 112 79 93 92
662 258 15 85 62
668 147 45 64 49
668 741 18 76 66
668 370 45 57 57
774 646 72 90 81
680 568 22 62 30
684 694 25 33 32
684 22 65 81 68
684 451 29 79 35
837 138 36 83 79
837 75 26 59 49
854 568 62 92 75
854 143 74 94 83
699 816 63 82 67
695 104 58 73 61
697 577 69 77 73
697 144 19 57 28
697 689 77 97 90
702 142 53 71 59
702 50 45 99 73
702 441 62 93 68
704 803 93 98 94
704 27 31 85 82
704 472 17 84 67
745 696 62 85 84
745 341 79 98 94
745 827 18 45 36
745 207 15 83 44
715 636 16 98 77
715 119 85 88 85
716 25 85 95 86
716 712 44 73 47
716 696 92 99 96
721 750 25 50 32
721 612 19 77 59
724 698 23 62 53
724 716 93 100 100
793 866 92 99 96
793 530 78 100 80
732 134 22 63 53
732 282 40 76 73
734 221 51 77 74
738 746 42 88 87
738 807 13 48 43
739 46 75 80 79
739 177 81 91 85
739 562 32 100 57
747 858 80 98 85
747 44 12 22 19
747 675 48 89 60
751 21 75 100 84
754 383 81 95 91
757 649 70 95 92
759 9 58 70 67
759 110 67 79 70
828 83 49 96 95
798 439 73 99 90
798 332 93 98 95
766 721 37 89 53
766 1 72 77 72
766 658 15 84 73
767 660 20 75 74
772 121 27 39 32
772 402 71 93 74
773 445 43 85 63
853 841 18 67 60
853 228 89 98 94
777 175 71 87 73
782 767 91 94 93
782 25 80 81 80
866 721 62 78 78
866 729 26 65 47
794 528 10 39 26
824 206 38 72 40
824 744 78 99 83
825 185 68 86 70
833 231 92 93 92
833 182 74 90 87
833 230 80 90 83
845 282 68 78 74
845 362 61 82 79
845 623 42 47 45
845 181 61 65 65
845 206 66 86 76
864 836 69 72 70
864 251 81 89 85
864 188 60 77 69
865 433 73 81 79
865 557 26 44 29
0 868
