56 116
0 8 61 75 62
0 7 24 51 25
0 41 58 67 59
8 15 61 64 61
8 11 38 45 44
7 24 71 77 73
41 15 92 95 94
1 4 22 74 33
1 44 11 70 18
1 11 15 43 24
4 16 85 96 89
4 39 19 60 38
44 17 82 89 88
44 45 35 38 36
44 28 87 91 90
11 9 27 90 65
11 48 42 100 71
2 25 80 96 90
25 37 16 65 61
25 3 13 88 77
25 40 66 72 68
25 30 84 85 84
16 31 70 81 72
39 18 91 99 97
39 35 37 58 58
39 42 41 94 55
5 55 64 97 73
55 9 44 75 75
6 13 28 64 28
6 16 60 73 68
6 47 19 94 20
13 26 53 54 53
13 24 63 82 81
47 45 20 43 31
47 51 43 100 47
47 27 78 86 84
47 19 12 24 17
47 0 63 80 69
15 33 55 84 63
9 34 36 40 37
9 15 73 87 78
34 42 64 66 65
34 15 91 99 92
34 46 81 91 85
10 35 26 77 57
35 0 86 92 89
35 7 21 48 30
35 5 95 96 95
35 24 78 94 93
48 24 14 34 15
48 13 14 64 26
12 13 33 86 77
12 15 31 46 42
14 35 90 93 93
14 4 59 99 85
14 49 89 92 89
14 15 62 91 83
49 30 85 93 91
33 53 26 88 74
33 48 71 73 71
33 30 69 73 72
31 10 90 94 93
31 20 95 98 95
31 14 84 92 90
31 46 41 98 60
17 22 19 71 28
22 9 15 77 75
22 48 56 66 66
22 50 29 35 35
18 2 34 78 55
20 24 95 98 97
20 47 47 70 67
20 45 32 78 70
20 3 10 30 25
45 30 74 85 77
45 53 66 69 67
50 35 42 64 46
50 48 67 77 71
23 14 84 94 87
37 52 49 91 58
37 4 24 77 47
37 6 25 72 37
37 35 64 68 68
40 31 44 88 49
40 26 35 59 40
30 37 59 76 74
27 14 61 86 74
27 12 56 75 56
27 5 91 98 96
28 18 26 72 67
29 45 69 88 75
46 43 69 78 73
46 15 75 89 85
32 18 17 76 68
53 55 11 71 44
53 9 95 96 95
53 32 42 99 55
53 10 24 85 25
53 14 87 100 93
42 39 64 99 82
42 43 44 55 50
42 31 73 91 86
42 7 61 79 62
36 3 80 98 95
36 37 84 87 84
36 6 70 98 90
52 32 68 88 81
52 51 17 91 44
52 47 61 84 77
38 30 43 64 62
43 17 13 91 70
43 54 84 100 100
54 40 67 75 69
51 12 30 83 65
51 29 59 74 73
51 32 62 95 65
0 55
