26 94
0 21 51 56 56
0 5 95 99 97
21 12 69 73 72
21 5 10 99 52
21 17 65 90 77
5 17 73 89 82
5 6 61 100 84
1 15 48 63 61
1 6 57 98 97
1 5 90 98 94
1 23 26 36 29
15 11 92 98 96
15 17 37 55 37
15 8 52 92 87
6 22 64 77 67
6 12 69 79 78
6 21 34 70 35
6 8 81 93 81
6 5 76 77 76
23 16 68 84 83
23 5 16 29 19
23 17 43 62 47
23 19 59 73 66
23 2 94 100 95
2 25 44 83 77
2 22 47 69 68
2 13 60 93 66
2 4 30 82 37
25 21 41 73 65
25 6 68 71 69
25 17 24 87 62
22 12 64 77 75
22 16 21 69 54
22 13 43 73 67
22 15 57 98 84
13 10 83 86 86
13 1 25 73 46
13 19 49 86 69
4 10 68 71 70
4 12 92 95 94
4 22 72 81 77
3 1 15 99 18
3 2 70 71 70
10 21 43 67 66
10 6 16 44 36
10 9 50 52 50
10 25 32 41 41
10 18 53 72 61
10 2 68 85 80
10 11 91 99 95
10 5 14 96 17
12 25 54 70 66
12 15 59 61 59
12 7 54 55 54
12 8 72 74 72
17 22 89 90 90
17 18 95 100 95
8 2 78 99 81
8 1 12 43 28
8 0 36 71 59
7 9 40 55 55
9 4 89 92 89
18 24 74 96 94
18 23 86 93 91
18 10 77 83 80
18 21 21 86 80
18 13 90 98 90
18 19 41 77 55
18 16 30 40 32
18 4 62 76 67
18 6 35 38 36
11 15 51 70 55
11 13 58 88 75
11 19 32 73 65
11 1 77 93 83
19 9 64 85 80
19 24 49 77 63
19 18 36 76 56
19 6 75 78 76
19 20 15 81 62
19 12 85 94 94
19 17 22 70 62
14 8 30 69 42
16 11 66 77 76
16 1 59 91 60
16 2 29 32 32
24 17 79 89 79
24 6 12 66 33
20 9 89 92 92
20 23 15 33 33
20 25 35 77 47
20 8 32 99 46
20 12 27 64 55
20 18 60 66 65
0 25
