58 133
0 57 71 98 72
0 53 32 33 32
0 27 65 74 73
57 34 57 80 65
57 12 44 63 46
57 40 49 77 55
53 54 19 39 26
27 38 69 71 71
27 46 64 94 76
27 12 34 41 41
1 9 61 90 80
1 17 67 98 81
9 47 54 59 58
9 13 31 88 74
17 21 32 42 34
17 20 67 80 72
17 11 36 68 61
2 32 17 68 62
32 15 65 83 67
32 39 37 97 85
32 49 81 99 97
3 43 60 95 80
3 4 16 36 21
3 40 29 94 35
3 51 44 67 54
3 20 45 90 65
3 0 12 95 15
3 1 48 52 52
43 30 36 95 85
43 23 55 96 79
43 47 66 88 68
43 38 45 66 61
43 3 13 68 64
43 49 11 31 12
43 6 47 69 53
40 38 95 97 96
40 35 65 100 81
51 9 75 76 76
20 34 52 59 55
20 14 34 51 34
20 4 30 89 73
20 41 61 73 73
20 52 86 98 90
5 8 45 84 70
5 19 70 78 76
19 53 40 93 47
19 44 45 75 69
19 9 71 76 76
6 32 33 74 63
6 14 11 39 39
6 43 38 87 78
14 4 76 80 79
7 9 28 52 40
7 38 55 87 72
38 47 84 97 94
38 57 13 28 28
38 15 74 85 85
47 37 89 90 90
47 53 58 79 74
13 43 88 93 93
13 29 90 94 90
10 38 82 100 96
10 20 30 31 30
10 56 70 87 85
56 47 93 94 93
56 18 32 73 58
11 35 27 68 60
35 3 93 94 93
29 20 85 98 90
29 28 63 77 74
29 9 54 91 71
29 43 90 93 90
15 37 64 69 68
15 45 24 35 28
15 43 23 68 52
15 7 61 94 87
37 52 87 89 88
37 53 91 100 94
45 5 69 72 70
45 39 14 48 34
21 13 78 91 78
18 0 53 87 79
44 22 90 91 91
44 17 72 74 74
44 41 53 86 71
44 9 95 100 98
44 1 26 59 40
41 24 73 75 75
52 56 59 86 85
52 16 88 90 90
52 27 31 79 66
22 57 13 93 88
22 41 73 93 82
23 54 93 98 96
23 28 35 78 50
23 0 12 72 56
54 5 45 77 71
54 19 57 83 82
28 51 88 96 89
28 10 55 84 56
28 40 39 63 54
24 26 26 98 91
24 48 27 70 53
26 9 68 96 76
26 38 61 77 69
26 22 78 92 80
26 37 45 62 45
48 47 68 90 86
48 10 12 88 18
25 23 54 57 56
46 41 15 73 43
46 37 61 91 77
46 13 52 54 54
46 49 11 15 13
30 11 82 85 82
30 6 69 96 91
31 8 32 50 50
31 39 38 59 47
31 17 91 100 93
31 43 21 43 28
39 49 61 87 81
39 17 72 83 81
39 54 37 65 60
39 21 19 85 53
49 30 69 80 69
49 56 16 75 38
33 51 80 94 90
33 18 76 90 90
36 3 93 94 93
36 16 37 47 39
36 9 89 96 92
50 47 94 97 97
55 26 19 74 66
0 57
