555 2079
0 193 42 46 46
0 473 45 93 50
0 351 32 48 37
0 514 15 41 38
0 504 48 58 50
193 95 95 100 99
193 295 95 97 97
193 484 83 85 83
193 381 65 82 68
193 159 66 84 77
193 393 10 39 28
473 391 25 89 31
473 117 60 76 74
473 61 68 82 68
351 339 76 93 87
351 467 80 82 82
351 51 24 41 30
514 315 10 39 15
514 462 70 93 83
504 298 43 96 87
1 545 50 82 65
1 24 88 99 95
1 196 52 79 72
1 493 47 54 50
1 417 21 80 28
545 167 18 21 21
24 369 93 95 93
24 214 54 72 71
24 359 81 99 97
24 124 22 43 27
196 381 83 97 83
196 351 37 51 51
196 177 23 58 46
196 164 27 96 33
493 170 61 83 73
493 441 12 81 59
493 416 59 98 95
493 428 14 34 23
493 294 63 86 86
417 504 75 94 94
2 240 61 82 63
2 107 14 21 19
2 536 10 69 27
240 511 15 60 39
240 187 14 96 20
240 378 51 96 88
240 546 15 50 15
107 276 74 95 90
107 196 74 99 83
107 450 67 92 76
536 119 68 95 78
536 435 33 87 41
536 200 28 54 48
536 445 62 95 81
3 68 69 96 89
3 461 58 60 58
3 104 72 99 83
3 106 11 100 55
3 547 59 60 59
68 437 43 75 65
68 173 49 84 78
68 502 61 90 79
461 421 25 72 30
461 160 64 77 77
461 511 53 87 73
461 126 54 94 74
461 215 24 57 43
104 162 88 98 98
104 186 18 100 19
104 221 64 89 78
104 29 56 96 82
104 286 62 92 72
104 450 54 92 81
104 185 34 73 73
104 36 75 100 95
104 395 77 95 86
104 348 88 91 90
106 214 26 87 79
106 236 90 92 92
106 414 67 74 72
547 240 10 81 78
547 156 43 84 60
4 358 81 97 86
4 329 22 95 71
4 105 87 98 87
4 171 13 90 16
4 501 16 29 29
4 66 52 90 73
358 401 64 70 64
358 4 69 88 69
358 67 59 79 64
358 481 40 46 40
358 444 23 32 31
358 413 21 48 44
329 288 42 66 65
329 212 16 62 35
329 376 69 86 69
329 45 70 100 78
105 525 55 98 56
105 245 26 52 30
105 224 72 76 72
171 391 19 77 25
501 130 48 79 68
501 86 63 77 75
501 335 12 22 18
501 169 83 88 84
501 221 62 75 67
501 429 10 22 16
66 262 53 63 59
66 163 68 97 97
66 37 54 68 57
66 431 72 86 74
5 105 59 87 71
5 337 81 82 81
5 498 67 92 92
337 448 94 98 96
337 141 20 96 47
337 426 19 56 40
498 246 44 62 61
498 104 74 75 74
498 443 19 24 20
498 140 81 100 93
498 282 77 91 78
7 35 18 76 74
7 491 56 72 60
35 151 20 73 26
35 135 72 91 79
491 228 54 90 65
491 89 27 94 92
491 29 23 33 28
491 364 78 90 79
491 271 50 61 61
8 58 15 24 16
8 419 33 86 43
8 277 78 83 82
8 263 75 98 81
58 519 47 63 52
58 530 85 97 96
58 395 71 94 85
58 397 92 93 93
58 373 36 70 65
419 465 43 77 57
419 309 29 40 35
419 288 32 99 71
419 19 50 64 53
419 420 12 34 17
277 301 40 44 43
277 528 94 96 95
277 130 64 92 80
277 261 80 97 94
277 266 68 96 69
263 450 34 38 34
263 5 33 34 34
263 496 32 33 32
263 389 50 92 66
9 127 89 97 96
9 498 34 63 37
9 549 20 27 20
127 179 36 92 81
127 271 93 99 98
549 95 62 90 85
549 287 20 60 43
549 337 11 55 11
10 215 70 97 75
10 93 76 78 78
10 129 71 93 78
10 132 38 52 47
215 13 40 96 58
215 200 28 35 34
215 409 34 57 47
93 513 55 66 64
93 366 88 94 91
129 13 84 88 85
129 144 39 64 53
132 403 40 71 61
11 466 40 44 44
11 189 16 89 55
11 501 72 97 92
11 262 38 95 54
11 111 84 96 94
466 234 15 66 33
466 93 19 81 32
466 222 52 96 54
466 313 16 86 31
466 207 83 86 85
189 300 20 50 20
189 488 78 96 84
189 15 88 92 90
189 547 27 94 83
189 444 84 99 95
189 178 47 75 70
262 72 17 79 44
262 449 73 91 81
262 116 93 98 95
262 453 19 24 21
262 166 71 93 88
262 485 23 68 44
111 301 49 85 74
111 160 86 95 89
111 155 52 87 75
111 417 75 95 87
111 214 83 97 87
111 48 10 68 23
111 514 67 71 71
12 125 94 96 94
12 394 45 64 54
12 259 45 86 71
12 238 92 95 92
12 458 27 42 40
12 330 36 42 38
125 225 73 81 76
125 533 31 45 44
394 166 61 63 61
394 199 87 90 90
394 91 10 62 52
259 444 60 62 62
259 78 94 97 94
238 178 22 96 92
238 357 29 44 41
238 111 59 68 61
238 231 19 76 39
458 78 47 85 48
458 24 94 98 94
458 64 84 93 89
458 379 52 78 53
458 71 65 93 89
458 20 32 60 33
458 88 95 96 95
458 140 53 93 54
330 476 89 97 93
330 68 81 94 93
330 290 62 97 84
330 15 23 93 49
13 518 21 72 37
518 124 44 73 50
518 205 16 21 18
518 176 50 54 53
518 115 77 81 79
14 141 89 92 90
14 234 37 87 39
14 226 11 68 66
14 335 83 98 83
14 152 50 51 50
14 462 87 93 90
14 144 82 90 87
141 115 66 93 80
234 210 81 93 92
234 467 15 25 15
234 488 56 69 57
226 403 27 38 35
226 80 68 94 81
226 289 84 91 84
226 134 58 73 63
226 107 49 97 83
226 10 86 98 88
226 503 86 89 88
226 338 49 95 91
335 360 35 66 41
335 512 95 99 96
335 206 33 72 70
335 464 49 99 71
335 470 88 91 91
152 42 43 74 52
152 487 50 58 53
152 506 47 51 48
152 50 46 80 55
462 203 32 95 62
462 414 72 73 73
462 485 69 91 87
462 70 82 100 88
462 393 51 82 77
144 147 67 86 85
144 24 34 97 40
144 206 78 79 78
15 473 59 72 70
15 212 81 85 85
15 359 23 26 25
15 100 52 74 59
212 291 20 27 22
212 324 66 79 68
212 220 27 76 61
212 179 93 99 96
359 221 77 96 91
100 364 17 60 31
100 194 25 50 26
100 266 54 79 78
100 55 85 90 87
100 10 56 90 73
100 474 83 94 94
100 204 44 47 47
16 99 47 62 54
16 396 95 99 97
16 542 76 85 83
16 459 51 80 57
16 495 55 85 60
16 10 33 57 41
99 474 63 93 67
99 419 43 88 61
99 521 71 91 80
99 50 68 82 77
99 373 68 72 72
99 188 10 14 13
396 253 68 99 76
396 63 38 57 38
396 536 17 74 33
396 442 35 93 65
396 98 40 89 46
542 146 49 94 94
542 484 47 68 64
459 309 93 95 94
495 311 50 75 62
495 456 38 64 45
17 140 20 63 22
140 74 26 73 49
140 530 89 91 90
140 118 78 87 78
140 426 53 89 87
18 92 59 82 79
18 13 52 100 63
18 147 24 63 62
18 295 86 97 87
92 108 71 76 72
92 49 55 90 90
92 417 54 62 59
92 198 19 98 93
92 453 77 95 82
147 420 54 55 54
147 515 59 95 59
147 6 46 50 50
147 58 81 82 81
295 335 58 78 61
295 260 42 54 48
19 45 78 80 79
19 278 37 67 59
19 153 49 100 66
19 13 73 76 74
19 379 31 49 35
19 438 91 98 95
19 469 95 96 96
45 421 95 96 95
45 278 22 100 56
45 348 74 95 94
45 143 70 90 73
45 62 40 87 81
45 92 77 83 78
45 14 50 71 51
45 546 48 99 86
45 209 79 96 82
45 155 32 53 39
45 257 61 91 74
278 504 83 85 83
278 66 89 99 98
278 203 23 42 42
153 512 92 93 93
153 241 18 99 82
153 169 52 98 53
379 202 62 89 62
438 81 46 91 90
438 33 53 73 64
469 507 10 44 30
469 93 72 92 87
20 77 85 89 87
20 262 19 68 25
20 140 67 69 67
20 257 88 89 88
77 279 44 73 45
77 504 54 90 65
77 450 39 61 60
77 430 75 95 78
77 322 61 74 69
257 501 44 61 49
257 244 80 100 92
257 130 84 92 88
257 48 87 100 89
257 398 37 100 46
257 450 43 44 44
257 408 41 68 49
21 146 48 68 52
21 479 83 92 83
146 237 82 92 83
146 5 19 39 36
146 514 40 66 59
146 105 29 79 61
146 66 19 57 34
146 435 13 93 88
146 428 85 94 88
479 64 27 43 41
479 122 45 57 49
479 15 14 63 45
22 152 75 94 75
22 330 52 93 83
23 388 41 54 47
23 497 50 64 54
23 527 41 99 60
23 432 89 92 91
23 146 93 99 98
23 372 38 47 45
23 393 74 81 74
23 357 87 89 89
388 301 44 77 62
388 520 12 18 18
497 131 30 49 44
497 375 57 92 76
497 456 30 35 35
497 507 28 97 47
497 61 24 56 54
527 114 68 98 72
527 363 35 59 59
432 470 10 82 81
432 533 11 40 28
372 299 22 66 64
372 28 64 90 78
372 455 63 96 69
372 362 77 83 80
372 495 32 43 33
372 51 89 99 96
393 266 17 68 41
393 21 74 81 80
393 410 59 83 70
393 214 77 99 81
357 88 89 94 91
357 217 12 98 32
357 0 89 94 92
369 71 83 89 88
369 131 94 99 99
214 440 74 96 76
214 202 92 97 92
214 55 45 71 58
214 477 82 92 87
214 117 15 83 27
214 134 48 86 80
25 419 79 89 79
25 153 62 97 90
26 319 40 49 40
26 141 90 99 98
26 57 63 65 63
26 229 87 91 88
319 211 14 42 14
57 139 55 79 67
229 149 84 95 91
229 519 36 50 41
27 278 77 97 83
27 186 20 56 37
186 537 86 100 95
186 542 74 83 82
28 286 63 100 77
28 132 81 93 88
28 360 32 35 32
28 307 39 85 52
28 80 88 91 89
28 103 26 79 68
286 75 58 62 60
286 20 28 55 43
360 61 33 100 80
307 453 72 90 81
307 75 13 97 16
80 231 49 92 83
80 48 53 77 77
80 25 31 100 62
103 24 72 100 96
103 458 72 75 74
103 322 32 42 39
29 4 19 59 54
29 31 67 94 88
29 327 41 49 45
29 372 27 64 37
29 152 59 91 67
31 394 69 88 75
31 308 68 82 71
31 523 59 81 67
31 330 48 78 56
31 33 80 91 88
327 244 11 94 60
327 89 32 87 70
327 339 25 83 44
327 487 81 95 85
327 42 78 100 99
30 389 75 90 82
30 336 15 79 50
389 410 32 41 41
389 352 75 85 85
336 292 14 97 89
336 444 84 91 91
336 550 60 62 61
308 226 76 81 81
308 134 30 71 46
308 247 44 91 76
308 112 51 70 62
308 337 33 53 51
523 12 87 88 88
523 419 81 95 89
523 358 51 72 57
523 491 26 35 29
523 280 26 85 56
523 47 25 55 45
33 498 22 52 36
33 352 18 42 36
33 390 57 73 61
33 252 21 75 71
33 462 77 96 86
32 126 90 91 91
32 20 28 39 30
32 88 60 81 72
32 273 57 83 81
126 261 58 71 71
126 194 29 41 39
126 409 65 100 85
126 324 24 41 40
126 243 80 96 84
88 465 44 74 60
88 416 90 93 92
88 294 10 81 72
88 166 65 66 66
88 211 48 84 77
88 345 57 88 63
88 137 23 86 75
88 181 88 96 96
88 452 57 73 73
88 474 36 43 36
88 77 51 56 52
273 529 61 74 64
273 495 34 73 61
273 415 54 82 79
352 304 64 72 67
352 535 49 73 53
352 231 47 60 58
390 434 41 50 49
390 344 93 97 94
34 287 82 88 86
34 471 19 42 36
34 199 90 97 93
287 283 16 59 56
287 413 14 18 17
287 80 71 83 73
471 429 26 41 32
471 372 42 59 57
199 83 12 39 33
199 156 59 81 64
199 145 21 52 43
199 419 44 65 48
199 196 58 81 60
199 273 31 97 46
151 281 78 79 78
151 475 35 62 46
151 10 26 65 57
151 58 38 84 61
151 415 86 87 86
36 334 65 79 73
36 30 68 95 94
36 35 18 76 67
36 91 30 89 84
334 245 28 34 34
334 303 78 92 85
334 500 19 72 50
91 169 78 84 82
37 280 11 51 12
37 533 11 74 50
37 287 70 93 88
280 283 42 71 55
280 26 49 60 59
280 488 40 84 64
533 317 39 80 58
533 241 90 93 90
533 272 95 99 99
533 84 32 72 40
533 526 93 99 95
38 11 67 84 70
38 512 69 88 79
38 377 26 76 30
38 552 71 91 77
38 319 24 65 65
38 297 51 60 58
512 381 72 92 78
512 32 25 65 28
377 383 17 82 32
377 314 20 89 56
377 275 28 41 32
377 437 22 29 26
377 534 15 96 48
552 110 18 71 58
552 90 86 95 88
552 346 22 87 51
552 96 15 93 72
552 484 57 72 58
552 347 47 85 80
552 421 88 93 92
552 318 76 80 77
297 378 60 99 72
297 445 41 80 80
39 248 10 94 71
39 74 23 36 34
248 15 74 92 75
248 68 28 34 33
248 453 55 61 60
248 215 77 84 80
74 520 82 93 93
40 229 17 53 46
40 335 62 70 68
40 494 13 45 22
40 26 85 99 94
40 275 64 70 68
40 302 57 82 65
40 67 30 80 76
494 184 34 42 42
494 449 94 99 96
494 103 22 66 22
494 131 28 89 52
494 251 83 97 96
275 90 79 86 81
275 70 52 89 60
275 429 56 94 74
275 154 47 64 47
302 337 51 100 69
67 370 89 91 89
67 301 64 84 82
67 70 95 98 97
67 518 11 99 84
41 470 95 100 100
470 140 77 92 81
470 82 32 42 38
470 515 49 87 49
470 387 91 98 94
42 499 11 39 31
42 205 51 95 70
42 305 76 86 77
499 266 40 93 76
499 487 30 81 36
499 551 62 92 73
499 277 52 77 63
499 437 40 99 71
205 192 10 15 11
205 481 54 75 72
205 166 65 97 92
305 89 30 47 41
305 112 73 97 82
43 478 25 76 38
43 466 94 96 96
43 62 37 79 45
478 452 39 79 43
478 164 17 95 65
478 139 80 96 84
62 218 63 86 70
62 65 24 28 27
44 270 41 96 47
44 418 54 76 67
44 419 62 96 75
270 154 83 97 85
270 329 22 61 29
270 264 94 95 94
418 343 83 85 85
418 114 41 43 42
418 157 59 81 79
418 156 28 49 38
421 188 87 90 90
421 488 16 68 18
421 503 52 87 73
421 435 93 97 95
348 233 29 33 30
348 553 50 66 51
348 504 54 62 61
143 477 90 100 92
546 527 23 25 24
209 316 26 54 49
209 94 20 36 36
209 179 33 76 40
209 314 47 49 48
209 434 84 94 92
209 369 14 95 61
209 158 43 72 52
209 329 19 54 39
209 392 71 85 80
209 70 55 58 57
155 506 73 93 80
155 298 34 44 34
46 142 14 84 54
46 529 90 93 92
46 396 56 91 57
46 467 50 82 58
142 316 64 65 65
142 204 43 91 44
142 19 43 55 49
142 72 76 81 81
142 190 78 99 80
142 228 65 77 77
529 311 28 41 28
529 404 61 97 93
529 40 95 100 96
467 160 66 83 69
467 426 81 83 81
467 432 45 69 62
467 381 25 27 27
467 271 16 20 16
47 84 88 89 89
84 341 39 42 39
84 340 56 66 65
84 490 78 97 78
48 194 21 57 47
194 443 29 87 68
194 103 30 60 60
194 236 72 82 76
194 279 34 43 39
194 254 88 99 93
49 389 36 58 43
49 239 82 95 95
49 57 90 94 93
239 145 41 98 43
239 328 32 65 59
239 480 91 99 95
239 540 73 89 80
239 129 73 93 84
239 317 39 72 62
50 369 16 73 61
50 125 61 70 64
51 466 88 95 91
51 388 95 98 95
51 46 48 50 50
51 549 39 85 70
52 321 43 53 53
52 408 72 77 75
52 304 37 91 79
52 48 91 92 91
321 199 47 88 66
408 548 49 53 52
408 551 32 76 49
408 348 85 100 91
304 248 25 82 34
304 317 75 80 78
304 540 70 72 70
304 237 31 86 31
53 121 42 52 52
53 161 42 72 56
53 307 62 89 86
53 244 48 61 60
121 319 36 59 57
121 326 83 88 86
121 376 15 42 20
121 86 31 76 64
121 70 84 99 93
121 21 51 99 99
121 40 49 70 55
161 504 87 95 90
244 409 69 83 76
244 150 92 100 97
244 263 80 95 85
244 198 37 97 50
244 465 23 25 25
244 422 22 68 36
54 37 66 88 86
54 349 93 94 93
54 256 66 97 67
54 9 38 90 72
54 36 31 88 51
54 78 77 98 82
54 431 43 96 75
349 18 93 99 98
349 4 53 97 57
349 471 50 93 85
349 2 68 85 82
349 157 94 96 96
256 236 38 55 51
256 465 41 64 57
256 112 64 93 91
256 338 55 81 79
256 105 11 76 12
78 398 64 80 79
78 11 87 88 88
78 254 49 88 53
78 238 95 98 96
78 122 36 52 50
431 538 17 66 44
431 181 69 95 79
55 231 88 94 93
55 430 66 96 78
55 542 78 86 86
55 162 60 69 60
231 446 46 68 62
231 2 29 73 65
430 115 76 80 77
430 112 36 57 42
430 116 47 80 50
162 267 32 95 75
162 59 78 99 87
162 311 38 81 44
162 16 89 97 90
56 537 21 35 34
56 270 71 100 84
56 360 29 34 32
56 494 20 70 49
56 149 74 91 81
56 85 56 94 69
537 152 78 87 84
537 117 62 96 84
537 224 61 74 74
537 84 65 77 75
537 124 36 55 36
537 134 24 41 39
537 130 67 98 92
149 455 11 23 21
149 286 41 43 42
149 6 26 81 59
85 51 32 76 69
85 60 26 70 58
85 3 82 87 83
85 318 39 56 44
139 96 60 87 65
139 222 82 97 88
139 445 91 94 91
139 138 33 100 47
139 522 59 88 67
139 480 41 95 51
139 116 81 87 82
519 190 94 96 95
519 111 16 82 40
519 141 67 95 82
519 260 67 76 74
519 257 31 49 38
519 450 69 87 69
519 323 84 100 84
519 144 95 96 96
530 352 46 58 47
530 478 94 97 94
530 182 11 14 11
530 80 68 86 73
395 279 43 78 45
397 477 48 64 54
397 463 79 91 80
373 4 19 34 29
373 279 12 81 68
373 255 32 100 51
373 327 64 85 64
373 14 47 65 63
373 87 69 80 70
373 396 19 47 24
59 425 12 68 25
425 349 55 84 58
425 136 68 83 68
425 379 39 68 49
425 27 91 95 93
425 104 73 92 91
60 10 18 98 47
60 51 33 68 56
60 481 82 97 91
60 397 42 59 47
60 498 53 64 57
481 12 31 97 91
481 189 34 52 52
61 498 65 92 77
61 299 27 29 28
61 292 91 98 91
61 284 65 78 67
61 29 12 19 15
61 425 23 81 28
299 382 32 67 33
299 446 31 88 47
299 15 53 87 64
299 281 74 90 89
299 346 73 85 76
292 77 16 25 20
292 488 23 62 62
292 498 52 69 53
292 325 87 91 89
292 20 37 43 42
292 484 27 38 34
284 533 24 73 70
284 21 40 53 49
284 342 47 71 59
218 304 49 73 65
218 420 92 96 94
65 139 25 60 33
65 465 19 34 31
63 394 11 87 87
63 395 94 100 95
63 492 82 98 91
492 256 86 93 86
64 169 27 29 29
64 218 79 99 79
64 201 95 100 99
64 497 20 29 25
64 512 20 61 31
64 539 39 77 57
169 334 54 76 59
201 387 81 83 83
539 175 48 69 68
465 503 85 86 86
465 186 14 100 40
163 535 58 99 65
163 543 18 60 35
163 484 58 98 89
163 110 53 64 59
163 60 21 90 50
163 132 41 53 43
163 510 32 41 36
370 457 81 93 86
370 260 54 62 58
301 351 91 99 91
70 372 49 58 53
70 42 57 78 75
437 235 89 92 91
437 208 35 68 68
437 74 63 91 64
173 434 79 81 79
173 157 55 95 76
173 227 52 84 73
502 126 78 96 88
69 430 69 80 75
69 485 78 90 84
69 264 53 54 54
69 77 71 75 73
485 51 11 88 65
485 119 11 99 34
485 7 52 60 58
485 366 47 83 48
264 413 78 88 79
264 532 24 33 26
71 92 71 90 72
71 222 43 71 70
71 390 57 99 70
71 350 31 59 53
71 70 95 96 96
222 258 91 95 95
222 171 75 87 79
350 329 15 75 68
72 445 56 87 66
72 127 76 88 87
72 443 54 85 68
72 36 61 84 62
72 64 59 95 71
72 91 35 62 45
72 531 75 77 75
72 296 27 80 63
445 10 94 96 94
445 207 95 96 96
445 213 95 98 97
443 191 59 70 60
443 43 59 69 62
443 183 21 74 40
531 17 23 51 47
531 306 58 95 76
531 421 93 94 93
531 513 27 36 31
531 526 10 50 25
296 488 81 94 89
296 269 19 20 20
296 360 28 82 49
296 127 31 83 43
73 274 13 42 14
73 160 49 62 52
73 93 87 92 92
73 271 59 86 64
274 468 49 55 50
274 424 81 84 82
274 421 20 54 38
274 72 30 36 36
160 519 27 85 66
160 169 74 93 91
160 201 45 83 79
160 301 74 100 75
160 357 34 37 36
160 524 51 56 53
271 548 43 90 84
271 441 34 93 45
271 186 48 92 58
271 455 32 60 41
271 117 78 94 85
271 14 76 99 98
271 129 59 96 62
271 371 28 62 44
271 169 66 89 66
271 435 25 54 49
520 365 67 73 69
520 363 76 100 91
520 220 61 67 67
75 346 11 41 36
75 126 79 94 84
346 129 69 90 82
346 250 63 76 71
346 21 40 77 70
346 213 80 88 81
346 486 58 73 64
346 502 58 72 64
76 12 12 23 16
76 90 82 83 82
76 190 66 76 70
76 311 22 45 36
76 26 76 95 94
76 509 35 78 66
76 140 71 79 77
90 114 36 83 51
90 18 61 96 93
190 478 67 77 70
190 170 77 83 83
190 286 85 86 85
190 150 13 32 30
190 295 47 66 55
190 342 57 81 72
311 244 25 98 72
509 414 32 65 51
509 98 21 26 26
509 277 58 83 73
509 76 62 78 64
279 495 17 46 20
279 226 28 88 68
279 37 87 95 87
450 391 44 62 48
450 0 24 41 29
450 474 81 98 94
322 294 42 69 43
322 33 62 91 69
322 421 89 96 89
322 501 40 87 48
322 103 78 79 78
398 96 19 89 58
398 100 32 35 34
398 416 89 99 97
254 221 91 93 92
254 38 63 89 73
254 101 86 94 86
254 59 76 93 84
254 194 46 73 56
122 175 56 73 61
122 508 26 43 27
122 98 55 98 78
122 69 40 95 50
122 154 39 49 49
79 309 63 81 81
79 288 77 89 88
79 502 74 100 78
79 504 35 47 41
79 244 52 87 78
309 406 68 86 73
309 38 67 92 86
309 552 16 96 39
309 420 42 58 46
309 530 91 94 94
288 231 10 40 17
288 236 58 65 58
288 97 82 99 89
288 448 88 97 92
81 379 47 64 55
82 167 66 88 87
82 189 14 93 82
167 403 82 84 84
167 71 29 79 30
167 330 64 92 77
167 39 34 53 50
167 292 25 54 37
167 34 90 91 90
83 536 75 99 97
83 358 67 98 74
341 233 54 55 54
341 495 61 63 61
341 50 30 95 74
340 275 59 71 68
340 386 21 26 23
340 281 39 70 67
340 315 82 98 94
340 533 84 93 86
490 11 20 31 20
318 71 78 88 80
318 551 54 78 69
318 21 29 52 36
318 383 83 85 84
86 412 49 77 57
86 28 86 91 87
86 186 37 65 44
412 100 10 89 89
412 331 23 49 43
412 265 12 89 51
412 386 44 63 45
87 413 31 79 67
87 148 20 38 23
87 137 17 89 75
413 37 91 94 94
413 81 68 87 87
413 492 25 53 42
413 461 61 67 61
413 493 49 95 77
148 156 93 100 94
148 181 62 69 63
148 348 91 99 98
148 18 61 88 74
137 158 29 31 31
137 546 47 88 83
137 181 59 76 72
137 192 63 91 72
137 3 20 54 49
137 231 23 94 57
416 16 50 81 59
416 223 79 95 84
294 241 84 91 90
294 191 44 84 63
294 236 50 67 56
294 524 47 63 49
294 49 44 67 50
294 460 20 50 26
294 386 49 68 56
294 110 55 67 56
294 430 79 99 99
166 58 50 70 70
166 313 70 89 72
166 352 90 91 91
166 375 27 60 37
166 3 52 88 75
211 122 64 82 75
345 31 58 91 90
345 123 12 68 23
452 59 25 47 37
452 496 69 77 69
452 366 43 48 44
452 149 70 72 72
474 226 75 80 77
474 311 25 53 26
474 477 55 58 57
474 489 55 62 56
474 193 92 95 94
89 117 38 63 50
89 474 12 24 19
89 466 93 99 93
89 429 68 87 79
89 316 89 99 95
117 189 85 90 88
429 408 27 81 73
429 279 65 87 71
429 315 51 69 59
316 154 84 100 93
316 228 40 46 43
316 511 33 49 39
114 386 68 97 88
114 136 34 92 90
114 384 45 99 93
114 60 75 92 77
114 162 89 98 98
114 204 30 85 33
108 497 18 34 27
108 248 88 100 89
108 184 43 58 45
198 68 95 100 99
198 340 77 89 83
198 430 52 68 52
198 96 45 73 73
453 529 25 57 27
513 391 38 96 66
513 380 51 69 51
513 112 14 98 48
366 393 64 98 91
366 32 29 62 56
366 36 14 57 17
366 0 68 97 95
94 226 41 52 50
94 499 42 69 68
95 281 60 97 61
95 76 65 79 66
95 104 20 62 50
95 472 31 68 39
95 422 77 92 85
95 5 74 77 77
281 183 73 74 74
281 159 82 87 86
281 84 36 79 56
281 372 70 88 72
281 335 18 23 19
281 478 15 82 33
281 317 89 97 93
472 484 25 41 27
472 152 53 73 54
472 281 59 60 59
472 132 67 84 82
422 130 56 78 72
422 65 70 100 73
96 368 11 39 39
96 267 63 70 65
368 424 59 66 63
368 484 33 94 81
368 261 41 98 67
368 3 26 46 28
368 385 10 16 11
267 469 91 100 98
267 192 89 93 92
97 217 29 30 30
97 206 89 97 94
97 305 33 45 40
217 475 15 51 31
217 89 42 85 52
217 64 44 48 47
217 256 67 99 67
217 288 28 72 29
206 429 25 59 56
206 79 22 63 26
206 174 50 78 55
98 405 18 33 21
98 341 40 98 81
405 439 87 93 90
405 163 60 69 65
405 354 91 98 97
405 134 14 43 19
521 393 30 57 38
521 48 29 56 41
521 536 77 89 86
188 120 10 71 53
188 450 21 59 28
188 531 63 80 73
364 421 49 55 54
364 184 80 89 84
364 12 36 68 52
364 285 91 97 93
364 162 77 85 78
364 144 21 56 38
266 300 83 87 84
266 166 14 16 15
266 68 39 72 51
266 292 13 17 17
266 5 21 42 27
266 213 89 94 92
204 82 86 89 87
204 420 10 30 24
204 85 74 95 78
204 501 47 59 52
101 431 19 27 22
101 129 24 94 56
101 184 35 94 84
101 74 86 88 88
184 370 60 69 63
184 62 83 87 85
184 286 28 41 41
184 381 36 46 44
184 474 45 86 81
102 124 80 93 93
102 7 88 92 89
102 427 54 81 57
221 414 44 83 50
221 534 68 89 72
221 375 42 84 50
185 337 32 87 76
185 138 20 82 77
525 327 88 94 94
525 338 14 17 15
525 200 76 82 76
525 381 36 95 56
525 400 38 63 57
245 252 47 95 51
245 216 91 92 91
245 382 53 68 64
224 9 65 92 68
224 168 35 85 79
224 231 10 78 31
236 423 81 87 85
236 499 82 97 97
236 48 41 44 43
236 342 62 64 62
414 367 11 16 15
414 315 65 85 83
414 45 72 80 75
414 501 46 92 65
414 318 15 42 42
414 91 25 32 27
276 15 94 98 96
276 360 81 87 85
276 71 30 98 40
276 456 81 91 86
109 111 63 94 94
109 11 69 94 75
109 167 74 78 77
110 305 51 74 71
110 164 40 84 82
110 318 55 84 58
110 499 25 61 57
110 403 20 74 32
110 550 68 73 72
164 546 45 69 45
164 461 13 52 34
164 206 33 73 61
164 296 65 87 75
403 61 36 67 64
403 390 56 60 57
403 283 55 100 62
550 415 80 89 80
550 79 88 95 93
550 27 61 93 72
112 265 31 92 46
265 215 33 46 39
113 41 62 78 78
113 148 26 38 28
113 291 60 94 71
291 405 44 99 44
291 99 15 74 68
291 17 82 97 94
291 513 30 86 36
291 170 17 72 37
386 143 18 45 29
386 283 82 85 84
386 400 73 80 80
136 109 24 47 38
136 489 74 80 75
136 312 39 54 48
136 80 61 93 87
384 158 87 90 88
384 383 57 64 63
115 357 33 99 62
115 2 60 79 68
115 327 81 99 94
116 528 94 98 94
116 122 77 95 88
116 53 80 91 86
116 47 46 59 58
528 5 93 100 97
528 259 14 20 18
528 68 12 96 33
528 514 80 91 85
118 440 92 96 93
118 262 31 60 37
118 157 89 100 94
118 503 64 73 70
440 145 63 72 64
440 429 66 99 86
440 369 93 100 97
440 222 38 89 52
440 309 44 82 56
440 520 52 96 72
157 538 21 73 39
157 362 87 88 87
503 364 81 98 82
503 342 83 88 85
503 529 37 92 91
503 546 12 22 12
119 107 73 82 74
119 383 32 50 50
119 358 54 100 75
119 458 10 87 11
119 547 51 57 51
119 269 84 97 86
119 424 63 81 75
383 75 45 99 59
383 100 59 83 82
383 547 44 91 50
383 183 46 71 64
383 11 47 62 61
383 350 45 56 55
383 357 65 100 68
269 139 31 65 49
269 453 56 85 65
269 524 21 75 32
269 208 15 84 26
424 512 12 63 55
424 544 54 97 55
424 28 42 92 53
424 364 42 95 87
120 424 21 33 25
120 152 51 52 52
120 195 81 82 81
120 387 86 93 88
120 398 57 59 59
120 47 27 39 34
195 464 23 52 28
195 369 60 73 63
195 117 92 97 95
195 83 90 93 93
387 235 51 83 83
387 187 77 99 88
387 139 20 78 56
326 198 48 99 88
326 414 42 91 60
326 234 48 57 51
326 272 85 95 86
326 480 56 81 60
376 248 71 92 92
376 251 63 99 83
376 221 58 79 75
175 385 93 99 96
508 482 58 59 58
508 347 60 91 80
154 97 79 84 79
154 516 42 90 90
154 119 79 85 81
154 512 85 94 85
154 274 17 74 64
154 287 90 93 92
154 174 78 90 88
123 536 78 89 78
123 314 37 45 39
123 411 90 91 91
314 6 12 33 30
314 302 87 96 96
314 471 55 86 75
314 275 67 85 78
314 130 57 81 71
411 290 80 85 80
411 516 78 82 78
411 452 94 100 99
411 196 86 94 89
411 269 14 80 41
225 204 45 47 47
225 82 52 89 73
261 328 71 95 91
261 84 82 93 84
261 217 61 65 61
409 431 90 100 96
409 54 43 75 45
324 153 52 95 67
324 463 34 92 74
324 100 33 36 35
324 404 36 58 46
243 467 84 87 85
243 491 68 92 87
179 395 52 64 59
179 524 63 65 64
179 381 33 43 41
179 325 43 97 43
179 278 89 97 94
179 246 75 81 79
179 447 74 99 91
128 496 25 92 44
128 297 79 95 89
128 322 34 83 77
128 9 61 86 80
128 495 30 91 33
128 30 34 69 35
496 305 80 100 85
496 449 22 94 93
496 341 73 80 77
130 309 22 84 73
131 366 61 63 63
131 93 45 78 62
131 49 56 68 62
131 108 78 98 92
131 121 82 94 84
131 219 64 85 80
131 268 75 78 76
219 27 83 96 86
219 232 65 85 71
219 163 31 96 86
268 80 23 46 31
268 309 44 90 50
268 420 87 94 87
133 138 54 99 87
133 265 92 95 95
133 39 44 98 74
133 332 33 50 36
133 531 34 72 59
133 510 30 57 31
138 349 35 49 40
138 285 64 84 84
138 130 33 74 61
332 105 36 92 70
332 90 18 55 47
510 183 69 83 79
510 70 22 61 27
510 73 73 90 76
510 417 59 76 71
134 209 71 83 71
134 152 29 46 46
134 507 10 85 62
134 123 25 79 47
134 191 37 81 72
507 369 52 95 54
507 401 78 89 86
507 130 74 92 90
507 10 77 96 86
507 240 43 93 47
191 275 17 82 45
191 418 84 99 88
191 543 82 92 91
191 79 94 98 96
191 539 78 87 82
191 431 65 88 68
191 374 91 100 91
191 377 91 94 93
191 105 80 95 86
191 120 65 80 79
489 30 22 88 82
489 137 69 91 75
489 257 14 45 37
312 60 76 84 81
312 537 33 46 37
312 275 92 96 92
312 90 56 67 57
158 154 60 82 75
158 489 15 66 50
158 146 45 89 47
192 253 15 23 16
192 264 95 97 97
192 280 29 44 42
192 458 92 94 93
192 26 70 82 74
285 370 42 57 44
285 403 42 90 48
522 526 44 81 66
522 207 91 92 91
522 496 68 78 68
522 462 35 100 64
480 420 90 98 92
480 461 48 69 58
480 256 88 98 94
426 380 22 55 45
426 451 57 93 82
426 436 18 36 27
426 383 65 83 80
228 303 60 90 89
228 437 31 37 33
228 371 39 75 41
228 187 43 80 68
228 496 64 93 84
477 102 18 42 41
477 159 90 98 93
477 165 77 85 80
145 291 82 84 82
145 401 58 80 68
145 327 84 95 90
145 74 27 65 58
145 28 27 71 28
145 112 69 86 74
401 319 41 77 64
401 456 40 61 46
401 295 11 86 68
237 187 83 100 84
435 174 20 99 60
435 147 25 36 31
435 175 72 80 72
435 463 15 76 57
428 274 92 99 93
428 437 61 90 62
428 493 13 70 62
420 155 79 92 85
420 175 19 22 22
420 422 91 99 96
420 402 89 98 92
515 533 51 76 67
156 364 87 94 89
455 231 70 73 72
455 308 63 97 64
455 272 60 95 94
150 368 32 83 80
475 396 61 76 67
475 31 78 94 84
475 498 69 78 73
475 1 80 87 83
475 124 51 58 58
475 275 13 74 71
475 51 44 86 66
475 18 28 41 32
415 453 78 98 93
415 539 23 38 37
415 24 53 74 65
415 316 27 49 32
487 510 26 76 40
487 278 62 96 93
487 57 92 95 92
506 146 30 96 68
506 501 58 88 64
506 512 79 96 80
506 452 18 27 20
241 344 17 97 21
241 293 57 93 93
241 13 58 61 58
241 407 20 93 86
241 184 86 93 90
241 235 29 40 29
516 285 40 51 47
516 320 21 30 30
174 352 31 40 34
174 531 22 51 33
174 474 41 99 58
174 192 86 97 92
174 492 10 81 18
298 139 32 87 82
298 76 42 94 66
538 272 54 64 61
538 546 15 42 41
538 540 49 55 54
538 57 61 100 63
362 157 70 77 74
159 279 42 53 45
159 335 64 100 72
159 340 26 46 29
524 399 15 69 25
524 302 65 90 79
524 137 19 79 21
524 162 86 100 88
524 182 40 89 55
535 551 43 68 49
535 80 26 91 30
535 309 37 41 39
535 405 66 74 70
535 75 72 88 76
535 84 90 100 93
543 483 37 74 58
543 454 54 85 68
543 405 23 58 46
543 398 39 56 46
484 178 66 71 70
484 71 45 66 46
484 478 30 43 30
484 405 73 98 78
484 266 61 91 75
165 359 79 80 80
165 89 55 96 90
165 527 65 69 68
165 406 38 77 60
165 84 75 88 76
406 316 81 88 85
406 25 46 99 69
313 82 84 89 87
313 434 13 38 35
313 343 51 52 51
375 328 39 82 40
375 406 38 58 47
375 135 61 76 69
375 88 21 100 52
168 58 49 68 51
168 554 11 42 29
168 377 64 85 65
168 364 56 63 59
554 393 76 83 81
554 48 86 98 86
170 353 65 84 65
170 60 18 53 23
170 53 45 63 61
170 380 54 70 65
170 530 82 94 86
170 543 62 87 69
170 356 86 95 89
170 295 23 88 29
170 502 41 49 42
353 544 25 68 63
353 235 23 83 41
353 193 52 88 62
353 433 89 92 89
353 105 73 86 74
380 453 69 77 76
380 61 11 16 12
356 168 88 92 92
356 506 47 64 61
356 349 88 98 92
356 255 24 50 27
391 56 38 75 59
391 474 59 73 63
391 379 87 98 92
172 362 32 91 69
172 342 84 89 89
172 403 76 82 76
342 6 93 95 94
342 28 44 80 69
342 457 33 41 33
434 308 42 43 42
227 434 50 75 69
227 0 84 91 86
227 474 95 98 98
227 114 46 57 57
227 421 21 49 21
385 472 28 96 61
385 270 59 74 74
385 396 35 97 38
176 363 92 93 92
363 359 85 87 86
363 165 91 96 92
177 400 78 84 80
177 67 12 47 45
177 454 85 87 85
177 489 43 62 62
177 48 81 84 81
400 438 40 59 49
454 516 80 84 82
454 405 63 95 94
454 361 10 91 35
454 217 50 97 93
454 335 16 59 29
178 208 79 80 79
178 269 94 95 95
178 326 62 64 63
178 249 85 95 87
178 251 30 63 62
178 262 37 68 53
178 518 65 81 73
208 0 18 73 36
208 515 46 94 94
208 175 37 82 79
208 441 33 69 54
208 34 64 83 73
249 219 49 61 51
249 307 44 79 51
251 321 92 96 95
251 73 85 97 96
381 188 51 59 55
325 438 28 68 37
325 46 75 91 91
325 430 43 85 58
246 554 45 86 83
246 6 66 76 68
447 332 26 86 84
447 433 91 97 93
180 5 27 35 31
180 415 30 50 43
180 157 33 64 57
182 335 11 74 30
182 128 82 92 83
182 177 24 65 51
183 418 59 95 66
183 88 71 96 76
183 209 56 93 68
183 459 89 91 90
183 329 21 93 35
183 300 50 99 87
183 127 58 63 59
183 551 31 90 41
300 547 81 82 81
300 107 50 55 53
300 91 14 88 79
300 163 55 80 56
300 544 28 55 52
300 60 88 93 88
551 181 44 79 66
551 386 37 98 69
551 18 87 97 95
551 94 57 67 58
551 85 84 94 89
551 98 78 80 78
551 364 10 46 36
551 53 84 100 85
187 351 51 91 89
187 546 95 97 97
187 474 93 95 93
187 220 83 100 94
187 512 61 63 61
187 84 58 90 89
220 426 94 97 97
220 439 64 81 75
220 511 60 65 65
220 551 75 86 79
488 263 17 78 17
488 415 19 95 59
444 317 76 81 81
444 370 13 58 35
444 300 22 23 23
444 100 39 100 45
444 75 27 74 28
374 107 66 96 96
374 507 43 80 76
253 533 14 54 22
253 62 55 93 88
253 203 80 86 84
253 269 40 59 53
464 393 84 88 86
464 203 25 27 25
464 343 22 59 55
464 109 74 88 79
464 331 32 64 50
464 249 78 92 85
464 176 21 33 31
197 266 94 95 95
197 112 44 74 74
197 492 38 70 41
197 277 84 88 84
197 309 46 55 55
200 433 37 78 51
200 302 50 92 89
200 42 25 90 43
200 476 49 60 54
433 136 10 65 48
433 95 30 82 49
433 89 19 42 35
433 308 11 25 22
433 282 82 88 88
433 247 84 91 86
433 386 95 97 96
433 171 85 91 87
476 472 66 90 67
476 132 59 90 68
476 80 14 79 58
476 15 34 96 54
202 136 37 40 38
202 217 91 96 95
203 266 35 40 40
203 140 64 70 70
203 292 42 48 45
203 385 61 63 61
207 435 63 91 70
207 244 83 100 96
207 371 46 76 66
371 387 16 43 28
371 149 83 96 89
441 88 40 62 45
392 427 71 79 73
392 59 47 99 90
392 140 40 87 41
392 3 20 61 61
392 180 26 94 33
210 219 10 20 19
210 48 88 89 88
210 77 69 75 70
210 92 40 63 58
213 341 58 63 61
213 160 46 64 54
216 394 46 60 51
216 357 35 83 47
216 545 76 87 80
216 228 19 62 59
232 108 59 70 63
232 159 27 63 56
232 374 43 51 50
439 241 11 78 30
439 398 91 98 95
439 142 37 71 62
511 226 38 86 55
511 432 60 87 84
511 107 23 77 32
511 250 42 83 53
511 228 23 100 48
511 164 23 46 31
511 341 25 99 57
534 307 73 91 82
534 88 35 94 40
534 179 70 96 74
534 372 73 88 87
258 506 58 69 62
258 530 42 81 48
258 226 41 60 53
258 6 49 82 71
258 225 24 40 27
258 316 57 90 57
223 455 61 96 62
223 126 28 100 92
223 540 18 75 46
223 53 88 91 88
540 141 20 58 43
540 452 46 99 57
540 402 85 97 97
289 99 13 69 18
289 105 63 85 79
289 47 33 71 39
289 505 19 42 38
289 384 79 83 80
289 336 95 96 95
338 433 85 97 94
338 27 45 100 45
338 261 11 75 69
338 82 62 64 62
338 548 95 100 99
338 462 26 33 31
338 400 64 78 71
338 354 35 94 92
338 356 43 92 65
338 389 17 80 42
303 194 21 53 51
303 76 29 95 40
303 214 24 86 39
303 466 63 97 80
303 435 82 92 84
230 505 54 64 59
230 324 62 100 63
230 222 39 44 42
230 172 68 95 87
230 6 26 36 27
230 280 24 64 41
230 154 51 58 56
230 15 48 94 83
505 477 20 75 64
505 34 76 86 86
505 95 89 100 91
505 74 87 96 87
505 496 13 73 23
446 106 49 88 62
446 110 13 92 85
446 521 26 57 54
446 68 66 74 67
233 410 67 94 70
233 433 65 79 68
233 16 59 72 68
410 305 86 90 87
410 51 51 89 80
235 111 46 65 48
235 98 61 99 83
423 141 29 42 33
423 441 89 90 89
423 83 62 79 79
328 451 83 87 85
328 125 88 93 90
328 157 14 78 57
328 235 84 97 94
317 446 28 52 31
317 32 84 89 88
317 129 24 50 42
317 403 92 95 93
317 184 20 32 20
344 216 71 91 79
344 172 57 68 66
344 288 72 80 75
344 162 21 59 44
344 82 53 69 56
293 317 69 70 70
293 262 21 85 44
293 415 56 72 67
293 103 38 92 82
293 256 17 47 37
293 71 66 79 79
407 530 63 92 74
407 225 35 41 36
407 214 35 36 35
407 251 91 97 91
407 33 59 80 76
407 238 87 91 87
242 544 90 98 96
242 340 33 94 73
242 439 58 100 60
242 387 15 68 66
242 170 41 48 42
544 529 42 58 54
544 161 86 87 87
544 385 66 76 66
382 434 22 48 41
382 154 93 94 94
382 183 22 52 32
247 407 92 100 96
247 107 36 94 94
247 313 73 79 75
247 66 32 42 34
247 339 60 75 75
247 450 62 80 70
339 430 80 95 91
339 91 73 93 82
339 470 77 80 79
339 341 70 80 75
339 29 21 30 21
339 104 86 87 86
339 291 65 81 72
250 286 73 99 81
250 486 45 95 48
250 343 31 96 87
486 45 41 77 72
486 519 93 99 95
486 351 62 64 62
486 222 47 88 67
343 134 49 100 83
343 512 26 27 26
343 509 60 83 60
343 285 93 95 94
343 236 62 84 76
343 176 60 64 64
255 45 30 50 36
260 144 60 92 81
260 171 56 66 57
260 28 25 38 27
260 485 73 75 73
260 272 47 73 57
260 160 11 78 23
260 45 73 80 78
272 79 27 73 37
272 326 42 95 92
272 54 33 41 41
272 95 68 92 72
532 35 79 80 80
532 350 46 76 53
548 206 63 72 68
548 288 35 44 43
468 446 68 82 82
468 139 14 58 29
468 497 87 96 93
456 357 43 83 67
456 331 82 98 82
456 180 41 72 72
283 424 79 100 86
283 94 94 95 94
283 368 91 92 92
283 247 14 98 29
283 106 20 97 51
283 494 89 95 93
282 379 46 70 63
282 171 20 69 25
448 516 64 80 76
448 408 10 83 55
448 137 90 99 98
290 139 48 94 53
290 391 20 54 20
460 508 13 62 19
460 24 70 80 77
460 503 73 83 77
306 458 81 99 95
306 194 38 62 40
306 392 79 94 80
306 220 37 48 37
310 155 39 44 41
310 92 38 86 86
315 403 30 33 32
315 457 71 90 75
315 523 28 29 28
457 518 36 37 37
457 206 10 11 11
457 23 52 57 52
457 482 30 32 31
320 164 18 44 39
320 5 88 91 90
320 93 55 95 81
320 25 85 92 88
320 14 80 93 86
320 377 52 72 69
323 117 13 98 18
323 342 17 29 27
323 507 58 68 64
323 300 41 98 63
463 346 40 48 44
463 245 91 95 95
463 504 61 73 70
404 321 47 65 53
404 219 93 97 97
404 164 58 79 65
404 235 36 99 42
451 186 39 49 39
451 524 60 72 66
451 47 27 68 53
451 217 37 62 41
451 459 45 53 49
451 31 23 49 35
331 312 83 100 89
331 514 45 47 47
333 421 86 88 86
333 58 82 99 83
333 497 11 45 41
333 236 94 98 97
333 164 70 88 79
500 81 29 92 86
500 540 74 81 81
500 97 42 68 54
500 427 65 92 75
354 349 28 50 28
354 42 69 99 97
347 91 15 19 19
347 223 24 84 31
347 511 46 51 48
347 312 62 86 86
347 72 78 80 80
347 479 78 93 84
553 305 48 93 50
553 212 46 62 50
355 255 34 97 54
355 262 12 69 38
355 430 19 83 72
355 419 29 41 31
361 72 70 92 74
361 327 13 33 24
361 110 34 90 36
361 376 69 80 71
365 476 63 64 64
365 68 15 18 16
365 63 26 78 28
365 531 13 76 40
365 92 88 94 89
365 337 21 57 29
367 537 17 51 35
367 21 43 58 55
442 490 14 71 14
442 7 13 56 40
442 108 41 81 59
442 321 39 69 42
442 59 25 85 48
442 104 16 73 39
442 147 90 100 97
399 170 81 96 91
399 423 35 48 45
399 347 67 94 82
402 103 68 88 85
402 506 18 63 22
402 93 50 86 59
402 126 91 94 94
436 273 39 69 53
436 140 92 99 93
436 437 79 96 81
436 358 94 99 96
436 412 70 71 71
482 509 37 83 81
483 262 10 33 30
483 91 14 25 16
483 96 53 82 59
483 90 88 89 89
483 280 25 80 79
483 270 44 64 56
517 312 61 67 61
517 324 48 55 51
526 203 15 78 76
526 258 30 44 41
526 89 19 92 54
541 474 21 87 53
0 554
