710 1633
0 211 27 34 33
0 131 20 82 68
211 161 91 92 92
211 75 49 85 63
211 154 74 97 96
1 349 86 92 86
1 43 47 91 60
1 300 71 92 81
1 348 80 100 83
1 699 91 93 92
349 336 33 67 59
349 188 26 42 38
349 207 51 57 52
349 525 25 79 38
349 248 64 94 79
43 283 37 72 54
43 341 51 93 80
300 81 94 96 94
300 206 50 71 64
300 655 87 97 88
300 488 51 79 60
348 183 58 89 77
348 577 47 96 82
699 581 54 55 55
699 663 62 72 70
699 393 67 81 67
699 208 74 93 82
2 125 13 38 26
3 466 24 45 26
466 13 34 94 55
4 209 71 87 78
4 675 57 71 65
4 264 64 86 68
4 480 55 82 75
209 625 48 81 59
209 709 11 44 19
209 352 87 100 95
675 453 27 83 34
675 426 34 53 38
675 385 71 90 71
675 398 33 100 55
264 505 11 32 19
264 378 55 99 93
480 217 60 78 65
480 322 34 83 70
480 69 90 91 91
5 84 45 66 64
84 631 65 66 66
84 297 40 69 56
7 479 80 84 80
479 676 28 90 60
8 678 62 99 91
678 218 67 99 90
9 91 64 91 83
9 107 28 30 28
91 125 73 86 79
91 14 93 98 97
91 564 78 99 97
91 661 17 88 24
91 355 38 91 66
107 58 74 90 78
107 66 83 98 91
107 51 34 84 51
107 110 90 98 95
10 488 60 91 74
10 54 16 91 56
488 360 41 81 42
488 289 21 31 26
488 128 79 94 81
54 665 57 73 62
54 668 17 32 22
11 112 89 99 91
11 330 76 81 77
112 670 45 92 46
112 274 71 72 71
330 51 83 88 85
330 445 91 93 93
12 34 86 97 92
34 259 41 54 51
13 147 66 75 69
13 683 86 88 86
13 397 19 57 37
147 625 54 89 79
147 58 70 80 72
397 155 64 81 73
397 364 94 97 94
397 147 84 86 86
14 320 13 79 51
14 563 10 81 36
14 523 34 96 37
320 570 95 96 95
320 343 47 92 80
563 391 10 20 19
563 160 31 58 35
563 256 61 73 72
15 398 15 61 52
15 597 42 75 68
15 657 81 97 95
398 263 15 52 31
398 574 41 61 52
398 276 46 57 50
398 365 72 90 78
398 444 37 55 52
398 330 53 55 53
597 411 78 83 78
597 538 69 84 74
597 63 72 73 72
597 676 13 50 18
597 471 60 92 68
657 10 80 94 87
657 445 43 59 58
657 449 23 83 44
657 185 93 95 95
657 525 76 84 84
657 330 67 94 75
16 188 17 68 47
16 12 27 77 60
16 13 10 94 78
16 685 39 86 60
188 511 14 56 25
188 709 68 97 80
188 306 52 80 65
685 698 25 46 27
685 132 82 96 82
17 636 64 75 71
636 480 68 81 78
636 302 24 90 56
636 547 41 93 56
636 371 83 100 94
18 245 60 65 63
18 141 78 95 79
18 317 90 100 90
141 142 66 86 72
141 647 93 98 95
317 602 51 64 56
317 421 49 64 58
317 569 46 74 62
19 673 81 100 100
19 618 77 86 84
19 179 81 82 82
19 600 77 84 80
673 361 46 82 71
673 16 42 45 42
673 557 29 56 31
673 435 82 92 88
618 328 21 74 57
618 207 10 71 56
179 469 89 94 91
179 691 51 63 52
179 514 77 90 89
600 219 67 84 69
21 523 84 88 87
21 318 32 72 33
21 636 15 89 38
22 174 78 82 78
22 657 55 84 70
22 337 30 54 33
22 235 82 87 86
174 701 17 23 20
337 647 30 84 65
337 167 25 75 52
235 132 88 95 89
23 656 86 94 87
23 507 51 79 52
656 66 63 80 71
507 631 11 27 24
507 200 35 63 50
507 381 70 95 70
507 161 71 82 77
507 660 29 60 51
24 386 59 81 80
386 507 30 52 30
386 588 13 47 39
386 693 93 98 98
25 293 94 99 95
25 708 89 99 99
25 269 82 88 86
25 377 91 99 93
293 337 50 61 51
708 465 88 96 96
708 455 48 80 66
708 482 55 96 81
269 28 29 83 29
269 201 27 63 57
269 75 58 84 82
269 38 39 58 55
269 616 25 73 69
377 54 54 81 70
377 173 90 91 91
377 678 75 86 80
26 213 59 81 66
26 412 51 67 56
26 131 39 64 40
26 595 49 55 55
26 597 35 65 52
26 538 93 100 98
213 694 67 82 78
412 600 72 92 86
412 464 24 36 27
412 222 62 79 71
595 470 57 86 72
595 248 86 87 87
27 162 20 83 69
27 699 39 74 58
27 289 42 79 43
162 697 31 41 38
162 666 46 89 72
162 336 18 62 30
289 650 69 77 70
289 685 76 89 87
289 624 47 51 49
289 118 87 96 89
28 439 49 66 55
439 222 89 94 91
439 367 19 51 32
439 537 38 91 77
29 401 94 97 96
29 140 60 79 73
29 244 58 89 75
401 186 44 55 55
401 255 95 100 99
401 580 55 73 71
401 484 41 68 56
401 421 80 82 81
140 657 40 41 40
140 684 91 99 91
244 463 50 90 51
244 484 95 99 99
30 372 17 28 22
30 704 40 94 44
372 109 67 77 73
372 83 76 96 90
704 426 87 90 90
31 199 10 41 34
199 576 80 95 90
199 269 68 73 72
199 544 94 97 96
32 317 87 88 88
32 687 18 86 38
32 49 89 94 93
687 645 72 94 85
687 252 25 32 26
49 289 88 92 92
33 323 86 91 87
33 685 77 90 79
323 661 55 56 55
323 53 47 82 69
323 214 81 91 88
259 439 69 77 73
259 423 20 90 42
259 477 76 85 79
35 220 19 41 24
35 442 50 80 52
220 80 82 96 92
220 16 80 92 86
220 413 58 67 66
220 460 52 88 81
220 93 56 62 57
442 151 94 97 94
36 440 45 77 47
440 98 59 83 77
440 128 54 65 54
440 87 46 59 55
440 182 52 57 53
37 86 44 63 50
37 205 72 92 88
37 704 19 50 45
37 507 41 78 47
86 417 55 72 61
86 213 55 97 84
205 20 51 55 54
205 224 27 56 43
205 124 70 81 81
38 687 43 59 44
38 611 12 79 17
38 532 43 96 64
38 84 27 68 58
611 636 76 85 85
532 286 34 35 35
532 460 24 39 31
532 380 55 62 59
532 138 77 92 92
40 423 77 83 78
40 289 16 56 39
40 383 40 41 40
40 29 89 90 90
423 432 30 81 74
423 535 70 90 80
423 104 61 100 67
423 664 91 92 91
383 346 53 84 69
383 15 10 45 32
383 113 71 91 82
383 24 15 40 28
41 393 10 53 16
393 454 55 60 58
393 656 65 79 67
393 132 41 88 67
393 30 19 53 41
393 424 45 55 50
42 419 44 92 60
419 127 45 97 68
419 348 58 96 66
419 336 16 17 17
419 255 63 72 69
283 204 12 96 74
283 82 85 100 87
283 193 22 73 22
44 531 69 96 88
531 257 82 99 98
531 392 64 97 87
531 605 80 94 92
45 207 25 64 37
45 213 19 49 45
45 99 95 96 95
45 666 78 84 83
207 116 46 54 50
207 415 59 61 61
207 184 70 99 75
99 277 17 21 21
99 22 43 75 66
99 153 52 80 66
99 246 55 80 59
666 684 34 94 37
666 538 84 92 87
666 348 35 42 36
46 634 92 98 93
46 575 56 90 80
46 113 33 77 71
113 678 64 100 71
47 526 47 85 69
47 292 69 96 95
47 610 46 59 48
526 487 22 84 38
526 110 46 54 50
526 495 10 71 34
526 642 88 95 90
292 499 86 91 87
610 551 47 63 52
610 351 48 58 53
610 513 26 32 26
48 131 53 97 93
48 526 92 98 96
50 22 31 86 59
50 467 33 86 62
50 621 82 98 92
50 690 34 39 39
467 249 67 97 76
467 600 45 94 91
621 35 18 49 30
621 351 38 59 39
621 289 67 69 68
621 584 20 91 90
51 27 43 80 71
51 174 71 95 72
51 687 37 52 44
52 317 18 86 48
52 27 57 70 59
52 107 92 97 92
52 121 63 81 66
52 397 20 88 33
52 416 65 71 68
121 415 91 95 93
121 666 94 96 96
121 622 65 94 83
416 290 63 71 64
53 541 40 90 90
53 1 45 64 59
53 30 61 94 84
541 486 94 100 97
665 234 24 100 57
665 302 11 17 11
668 572 75 85 80
668 85 74 82 76
55 386 56 86 75
56 27 19 83 33
57 500 51 64 52
500 93 69 76 74
500 400 40 58 58
58 383 24 97 58
58 88 21 56 40
88 272 84 93 92
88 150 43 59 50
59 430 84 96 89
59 16 63 76 64
59 564 27 76 60
59 340 89 92 91
59 26 77 78 77
430 52 70 73 70
430 308 51 83 66
430 627 25 81 77
564 219 57 98 94
340 530 95 97 95
60 343 14 97 34
60 480 27 91 39
60 155 60 71 65
60 381 69 75 70
343 429 52 75 69
343 674 74 99 85
343 340 46 85 58
343 440 92 96 95
155 307 44 66 55
155 91 26 43 37
155 186 37 68 48
155 222 62 82 74
61 441 54 80 54
61 387 90 95 94
441 182 62 81 73
441 351 51 71 69
441 475 54 64 56
441 699 46 60 60
62 108 65 100 73
62 676 33 73 35
62 661 64 96 76
62 654 11 34 33
108 547 53 69 58
108 697 72 76 72
108 567 69 88 73
108 596 66 68 68
676 514 37 72 38
676 63 82 86 82
676 222 66 99 89
661 497 51 69 65
661 600 63 88 69
661 158 48 100 90
654 287 50 59 53
654 186 23 96 58
654 341 55 96 81
63 350 66 91 72
63 413 84 94 90
350 263 49 76 75
350 542 38 84 52
413 553 22 76 73
413 380 33 99 57
64 103 77 100 81
103 165 37 50 46
103 291 42 63 49
65 137 27 75 57
137 522 40 97 57
137 444 39 97 42
66 498 60 68 64
66 358 55 97 78
66 704 61 76 75
66 98 59 98 94
66 395 36 49 46
66 82 53 75 72
498 699 38 62 43
498 544 92 99 92
498 691 66 93 75
498 42 22 23 22
498 554 93 99 99
358 702 36 45 40
358 381 31 72 42
395 294 75 98 94
395 110 39 97 69
395 526 61 81 74
395 217 23 27 24
82 448 33 77 48
82 127 78 85 80
82 144 79 91 89
82 325 44 84 63
67 523 27 65 54
68 52 75 88 87
69 109 18 82 80
69 117 10 34 28
69 197 31 78 38
109 267 33 59 47
109 98 27 50 44
109 677 60 99 70
109 600 55 68 59
117 400 22 66 49
117 528 52 80 79
117 22 70 81 72
197 681 69 72 69
197 268 16 44 22
197 11 76 90 77
70 47 13 49 38
70 396 30 88 31
396 17 47 74 72
396 490 57 60 58
396 383 63 88 85
396 313 10 12 12
396 368 71 79 76
71 14 13 83 68
71 46 18 30 23
71 518 53 55 53
71 447 48 78 52
71 68 64 90 79
518 467 48 49 49
518 39 49 54 49
518 690 41 71 57
518 488 69 72 72
447 627 77 87 78
72 23 90 91 90
72 396 64 79 76
72 5 19 95 44
73 256 44 96 65
256 631 73 82 79
256 683 22 34 24
256 123 53 60 55
74 78 80 99 89
78 187 54 75 66
75 633 20 79 42
75 362 14 80 65
633 21 21 77 44
633 332 38 66 43
633 131 85 92 91
77 167 60 70 63
167 606 54 69 65
187 210 23 63 54
187 68 68 84 74
187 300 95 99 99
187 364 67 79 71
79 429 29 69 32
79 567 33 34 33
429 89 80 92 80
429 303 25 46 32
567 285 63 81 80
567 61 42 89 87
80 399 69 100 78
80 124 46 51 50
80 704 77 94 85
399 611 92 99 96
399 603 43 72 70
124 454 95 99 95
124 203 83 86 84
124 39 74 98 79
124 412 55 80 61
448 513 88 92 89
448 133 46 63 50
448 23 66 91 87
127 541 43 46 43
144 0 89 97 89
144 270 68 69 69
325 314 82 83 83
325 28 77 95 92
83 157 71 92 80
83 483 15 47 36
83 193 31 34 34
83 662 48 55 50
157 59 55 83 80
157 289 84 88 85
157 198 36 68 60
157 466 40 46 45
483 287 59 92 81
483 374 34 58 58
483 106 31 39 36
483 680 84 95 88
193 320 37 93 41
193 571 37 55 54
631 1 15 41 26
631 283 18 73 47
297 372 33 85 54
85 377 90 93 92
85 562 92 93 92
562 26 29 37 35
87 117 81 85 83
87 495 27 50 39
495 28 37 43 41
495 47 78 94 94
272 451 32 66 55
272 467 78 91 91
150 144 82 85 84
89 408 61 64 62
89 477 95 100 97
89 213 16 77 66
408 505 85 92 92
477 474 65 97 83
477 408 75 96 81
477 109 66 70 66
477 554 60 80 76
90 620 21 91 58
620 142 47 79 78
620 676 23 27 27
620 80 68 83 75
355 703 89 96 91
92 612 13 58 50
92 587 71 73 71
92 521 47 65 64
612 231 35 61 37
612 104 59 95 70
612 365 16 97 18
587 292 90 93 92
587 415 77 84 81
521 168 57 64 64
521 319 47 74 69
93 226 73 93 91
93 377 94 99 99
93 223 27 29 27
223 236 50 87 81
223 176 23 56 47
223 133 52 80 52
94 281 79 92 82
94 540 35 74 54
94 29 45 84 76
281 163 43 100 58
281 679 44 73 68
540 498 82 99 88
540 518 54 56 56
540 658 95 100 97
95 253 54 59 54
95 254 33 40 33
253 329 35 75 74
253 385 94 97 97
253 239 83 87 84
253 206 38 76 42
253 207 10 32 10
254 222 15 81 63
254 528 55 100 64
254 382 60 84 70
97 332 29 75 49
332 476 44 51 46
332 672 13 16 15
332 568 72 73 73
277 572 14 96 51
277 532 55 90 82
277 651 21 62 61
153 196 36 86 63
246 325 20 85 42
246 318 39 100 100
246 29 10 45 33
100 400 27 40 29
400 168 71 85 81
400 428 88 100 91
400 593 91 95 92
101 383 55 82 62
101 56 76 91 79
102 54 34 62 55
102 72 16 82 77
165 642 42 69 55
165 343 54 63 57
291 414 44 93 83
104 601 79 95 79
104 170 49 71 58
601 446 19 75 29
601 387 89 94 90
601 342 16 60 38
601 483 42 51 51
170 114 55 61 56
105 225 71 79 76
105 693 63 87 81
105 518 27 93 90
225 393 78 100 79
225 356 33 46 34
225 633 78 80 80
225 67 84 90 86
693 665 53 100 78
693 637 83 87 85
106 115 38 68 55
106 527 67 73 69
115 368 28 83 62
115 688 87 90 89
527 598 78 97 96
110 705 66 67 67
110 585 28 30 29
110 606 17 50 45
110 600 82 88 85
547 650 13 42 32
697 450 22 58 26
697 437 83 85 85
697 341 32 77 41
697 22 17 68 18
697 397 92 94 93
596 599 89 92 89
596 414 68 84 82
596 496 94 98 96
596 530 65 85 77
596 337 12 80 35
596 77 62 79 74
267 488 21 44 34
267 146 64 83 65
677 494 32 68 48
705 59 84 95 84
705 701 43 81 62
585 461 45 50 49
585 71 35 47 42
606 351 55 63 61
606 660 93 98 97
606 635 94 97 96
606 433 15 41 24
670 440 78 86 80
670 14 69 98 69
274 158 53 77 75
274 288 55 74 57
114 143 86 90 90
114 313 31 38 38
143 333 95 97 95
143 654 15 46 19
143 206 30 51 32
313 289 70 99 72
313 699 46 86 55
313 110 87 96 88
313 97 50 97 61
368 236 17 87 24
368 251 36 43 39
368 275 42 58 43
688 355 32 93 40
116 140 85 91 90
116 649 16 27 24
528 291 82 100 99
528 65 39 92 48
528 163 37 59 52
528 301 23 37 23
528 168 29 66 41
118 237 31 77 77
118 581 91 99 97
118 186 72 78 73
118 384 22 94 56
237 421 20 38 36
237 367 43 66 48
237 303 57 71 62
237 600 74 79 76
581 682 90 92 90
581 107 93 94 93
186 173 48 71 55
186 264 93 100 93
186 699 25 91 81
384 290 84 85 85
384 660 87 92 92
384 369 31 99 88
384 674 70 99 86
384 157 77 98 86
384 470 90 100 91
119 663 19 27 19
119 503 93 99 98
119 278 74 79 78
119 447 53 57 55
663 74 93 96 93
663 478 38 91 71
663 557 15 64 39
663 587 61 93 62
663 125 23 72 72
503 224 50 98 91
503 144 69 74 71
503 47 83 91 88
278 330 39 81 41
120 49 64 80 68
120 95 56 71 58
120 653 55 82 55
120 623 81 86 81
120 169 18 75 31
653 102 43 65 59
623 97 83 84 84
623 240 63 100 73
623 663 87 95 92
623 152 94 97 97
169 128 78 87 78
169 397 24 36 32
122 614 83 89 83
122 574 86 97 97
122 384 71 93 79
614 526 20 94 48
614 384 50 79 53
614 18 66 80 69
614 155 28 46 38
614 130 85 88 87
614 581 60 96 65
574 625 94 95 95
123 650 29 55 31
123 668 29 69 52
123 199 87 98 94
454 401 75 88 87
454 705 38 68 51
454 398 26 60 31
203 480 91 96 96
126 286 75 89 84
126 228 44 69 69
286 1 35 43 36
286 629 31 98 77
286 640 18 46 40
286 139 88 98 93
286 527 84 90 86
228 645 82 91 83
228 706 46 85 70
228 305 88 99 92
228 72 23 35 35
228 309 80 95 85
228 170 42 82 67
228 244 37 67 54
128 290 91 94 92
128 623 55 84 71
290 92 42 49 46
290 122 19 41 23
290 479 44 48 47
129 532 43 70 66
130 183 47 65 63
130 451 50 78 51
130 641 23 40 23
130 463 27 75 27
183 479 48 99 71
451 40 58 74 68
451 139 31 57 46
641 695 91 92 91
641 568 54 84 57
641 225 59 68 59
641 108 23 99 62
463 702 15 64 30
463 600 28 86 45
463 175 78 81 79
463 529 13 83 74
132 369 87 97 93
132 679 50 97 70
369 237 55 99 75
369 324 15 85 74
679 226 30 48 38
679 526 36 78 65
679 661 26 93 28
133 51 40 63 44
133 672 56 85 63
134 46 55 84 82
134 701 55 65 59
701 583 15 24 18
701 596 47 97 56
701 191 83 84 83
701 321 81 100 88
701 231 62 96 77
135 42 22 93 60
135 47 76 78 76
135 349 95 96 96
135 131 70 76 76
136 332 35 82 52
136 244 10 58 39
136 327 74 82 76
136 608 95 96 95
327 576 49 73 51
327 1 11 52 12
327 560 11 96 65
608 29 42 70 53
608 303 17 18 17
608 619 68 72 70
522 248 10 65 58
444 664 25 87 42
138 629 60 87 75
138 604 42 78 45
138 215 35 80 70
629 171 51 70 62
629 523 37 90 76
604 331 21 87 55
604 85 52 70 68
604 109 67 85 79
215 297 76 86 84
215 691 82 91 85
139 528 37 69 57
142 128 78 93 84
142 695 85 86 86
142 79 27 76 44
142 76 46 63 48
647 384 43 44 43
647 493 56 88 58
647 575 72 86 76
647 593 58 88 84
647 311 85 96 88
695 636 27 84 68
695 111 19 38 30
333 492 58 99 62
333 274 84 95 91
333 72 61 89 73
333 299 55 56 55
206 41 60 96 92
206 100 42 80 56
206 84 95 99 95
270 313 61 76 66
270 84 17 38 21
270 6 82 94 88
145 10 95 97 97
146 233 95 98 97
146 679 38 88 88
233 611 11 77 56
233 396 54 85 78
233 71 77 97 77
625 178 63 100 66
625 456 87 99 87
148 460 32 58 35
148 569 28 75 36
148 530 28 29 28
148 179 79 90 87
148 698 31 95 64
148 387 52 88 67
148 408 85 90 90
569 187 42 55 43
569 578 83 100 97
569 218 63 98 92
698 31 47 94 52
698 545 18 72 18
149 461 87 97 93
149 93 38 95 65
149 242 63 77 77
149 292 39 86 63
461 602 88 95 95
461 506 11 76 53
242 487 82 96 85
242 16 18 89 86
151 243 28 76 71
243 646 61 97 94
243 629 37 39 39
152 359 18 78 43
359 405 86 91 89
359 541 33 42 40
359 593 80 86 83
359 306 87 96 93
196 400 59 92 91
196 276 10 58 23
196 601 54 97 57
154 503 10 76 64
307 510 23 47 35
307 269 16 59 58
307 220 50 97 77
222 609 77 89 83
156 442 11 24 19
156 528 25 56 42
198 269 30 96 45
198 289 34 53 34
158 145 91 96 92
158 374 35 65 65
158 418 25 68 63
158 179 48 49 49
374 541 80 82 81
374 251 41 78 66
418 275 67 80 69
418 62 18 76 41
159 59 35 83 57
159 587 45 56 50
159 578 42 71 45
578 300 14 44 19
160 381 31 85 34
160 50 28 29 29
160 551 71 76 74
160 685 46 92 74
551 541 53 80 75
551 37 29 42 42
161 59 59 66 65
161 144 93 95 95
336 307 56 63 63
336 509 59 98 72
336 227 40 56 47
336 512 11 77 22
163 296 90 100 98
163 518 73 74 73
642 550 76 91 83
166 240 20 41 27
166 342 39 41 39
166 463 26 48 42
240 111 70 85 76
240 293 58 65 58
240 708 67 92 78
342 69 28 76 60
342 480 71 96 85
342 562 89 100 98
342 498 78 88 86
168 38 26 41 36
168 683 67 75 67
172 353 88 95 90
172 467 68 75 74
172 553 50 85 73
353 248 13 72 24
553 81 32 54 44
553 102 52 60 57
173 641 86 93 93
173 294 76 87 86
173 323 93 97 96
294 698 36 90 46
294 264 85 90 87
175 320 90 96 95
175 338 36 77 43
338 383 21 64 64
176 600 10 52 33
176 398 83 85 84
176 333 63 89 66
176 57 83 84 83
177 673 51 76 57
177 91 73 92 73
177 591 78 83 81
177 675 82 85 82
591 646 64 87 87
178 261 30 57 44
178 367 38 93 65
367 182 58 93 91
367 631 38 58 38
367 646 63 89 66
367 565 63 97 75
367 192 73 89 78
469 703 85 97 89
691 343 81 96 92
514 306 90 92 91
514 147 24 89 83
514 413 83 91 85
180 478 87 94 87
180 450 84 93 90
180 49 37 97 74
180 446 43 96 96
478 70 20 35 28
478 418 69 98 97
450 432 21 26 26
450 694 63 93 82
450 581 87 96 91
446 7 31 51 50
182 23 52 61 54
182 64 16 27 18
182 639 64 83 65
639 203 37 44 41
639 17 25 78 39
184 552 69 76 69
184 450 33 58 53
552 195 61 65 62
552 505 72 92 72
185 374 50 84 57
185 419 95 96 96
210 200 23 68 36
210 195 65 96 65
210 269 31 68 55
511 293 72 87 72
709 110 60 87 72
709 556 88 96 93
709 113 67 95 92
709 410 87 98 88
306 591 34 42 39
306 296 38 87 56
189 478 77 80 77
189 240 46 90 65
189 112 94 100 100
190 363 66 94 83
190 686 20 79 26
363 142 51 68 59
686 163 11 94 78
191 258 69 82 72
191 566 33 42 36
191 444 68 95 70
191 659 63 83 81
258 177 61 64 63
258 672 72 88 84
566 436 56 97 59
659 467 36 65 53
659 565 19 69 65
192 319 37 80 73
319 384 38 43 38
319 375 88 99 95
319 377 80 83 81
571 198 42 44 42
571 538 77 81 77
194 92 45 52 50
194 468 30 98 96
468 485 43 66 53
468 368 42 64 49
468 304 37 80 67
195 35 55 71 57
276 501 14 72 14
681 393 79 96 88
681 565 72 99 92
268 709 39 71 43
268 29 14 34 24
268 624 92 96 93
268 648 46 95 58
576 205 79 90 80
576 409 19 39 24
576 321 20 94 87
544 190 15 46 21
544 325 72 74 74
544 348 15 64 53
544 167 32 40 39
544 211 65 98 93
201 266 44 82 47
201 473 23 83 38
201 30 33 41 40
201 684 88 89 89
201 478 12 32 14
266 621 28 55 34
266 4 74 82 77
473 371 32 54 54
473 471 63 86 86
473 443 94 97 96
473 159 37 70 37
473 448 39 85 67
473 150 74 91 78
202 295 33 72 42
202 481 49 97 64
295 506 67 75 70
481 388 51 92 60
481 596 21 82 21
481 243 41 46 45
224 198 40 94 68
224 521 31 87 80
224 164 80 91 90
224 246 59 79 65
208 176 83 98 87
352 472 88 97 89
212 409 17 46 19
212 20 15 69 35
409 590 53 63 53
409 651 60 62 60
216 655 66 76 73
216 689 42 72 54
655 603 82 93 90
655 501 21 86 50
655 182 13 67 33
655 676 17 98 27
217 426 40 85 71
217 270 35 86 63
217 422 30 67 49
426 299 24 73 68
426 556 42 86 77
426 223 82 93 91
426 563 95 99 98
422 414 31 79 34
218 52 60 100 99
218 691 71 76 75
219 317 30 90 71
219 230 62 72 62
219 529 73 93 79
230 628 36 95 70
230 90 11 58 47
230 678 90 96 90
230 199 14 63 37
529 563 43 49 46
221 302 61 63 63
221 365 52 73 69
221 192 28 42 41
302 388 79 82 81
302 176 21 50 32
365 291 35 38 36
609 7 68 82 78
236 321 50 57 53
236 10 89 90 90
236 667 40 98 75
236 219 53 76 66
356 161 89 97 90
356 256 65 100 78
356 490 82 99 88
356 516 69 95 88
356 273 62 95 78
356 313 27 74 41
227 215 64 77 64
227 321 13 60 49
321 180 10 19 14
321 193 16 62 53
321 612 56 80 66
706 634 47 74 73
706 426 23 27 23
706 517 21 40 31
305 72 94 98 94
305 611 86 96 93
305 461 54 92 79
309 682 73 80 76
309 318 85 99 98
229 271 41 56 56
229 8 34 42 41
229 118 60 81 72
229 435 71 77 71
271 572 93 96 96
435 99 57 72 67
435 169 59 66 63
628 368 58 100 91
628 495 13 34 32
628 25 87 99 89
628 420 45 77 64
628 247 82 90 89
231 709 26 79 29
231 62 17 76 61
231 122 58 81 79
231 218 86 87 87
232 505 72 87 72
505 74 20 64 63
234 103 83 98 89
234 277 92 99 97
234 666 40 87 50
234 439 16 76 57
421 244 20 44 27
421 82 17 22 20
421 168 24 52 45
303 590 30 44 42
303 306 72 81 72
303 675 45 78 51
238 287 28 35 35
287 192 40 76 64
239 455 34 89 42
239 539 74 99 74
239 99 11 88 59
539 80 92 98 92
539 40 11 45 35
539 460 86 97 95
241 648 66 95 94
241 246 67 77 76
648 28 40 86 71
648 104 73 76 73
487 41 79 88 81
487 495 69 94 74
646 345 34 53 44
646 425 30 37 34
484 235 80 91 87
247 483 45 74 53
247 506 86 88 88
247 45 60 67 60
506 179 51 85 73
506 173 35 65 63
248 274 57 71 62
250 52 80 99 80
250 61 14 48 28
251 178 23 84 78
252 590 37 77 45
590 669 13 100 35
590 441 31 70 63
329 630 34 66 42
329 206 42 81 74
385 285 89 99 98
385 202 64 70 70
382 341 49 55 49
382 23 63 75 70
255 286 56 97 60
255 670 38 80 39
255 302 76 88 82
255 61 49 79 52
257 149 82 87 82
257 583 88 97 90
583 642 29 46 41
583 630 38 76 57
583 137 37 84 83
260 382 75 81 78
260 153 56 91 76
260 1 82 87 86
262 595 26 88 86
378 448 85 96 86
265 233 47 98 59
265 175 58 81 72
265 165 30 73 66
624 569 22 63 45
616 647 91 100 96
616 268 15 34 29
572 456 11 20 14
572 506 36 77 50
572 413 85 91 85
273 64 93 96 96
288 166 66 98 84
288 146 32 91 69
288 90 41 84 68
288 276 78 85 80
288 654 20 77 63
275 482 42 68 59
275 447 91 93 91
482 413 65 79 69
482 414 51 85 54
482 507 83 98 87
482 275 31 77 37
501 342 75 87 83
651 473 44 64 60
651 615 89 90 89
279 213 67 93 92
279 250 31 54 52
279 553 25 46 39
280 79 71 73 71
280 184 33 44 39
280 395 38 43 38
280 292 92 96 92
282 694 48 78 59
284 472 87 95 87
284 650 25 84 66
284 387 41 78 61
284 638 55 90 71
472 490 59 89 88
472 688 85 94 92
472 289 60 80 76
638 222 22 62 27
638 191 76 87 77
285 378 12 33 29
285 574 21 33 21
640 388 79 82 81
499 493 48 66 66
499 276 55 81 62
499 558 86 99 98
298 564 89 98 97
298 242 23 52 37
298 182 59 94 79
299 532 28 59 43
299 506 75 85 82
301 518 81 86 81
301 635 32 34 34
301 38 40 57 44
301 428 10 62 50
635 9 70 81 76
635 414 48 52 49
635 612 22 67 60
428 450 43 63 44
428 679 13 44 38
388 560 53 82 78
388 183 65 71 68
304 414 58 74 69
304 7 14 62 41
304 189 86 90 87
510 287 52 76 66
510 77 22 79 33
510 524 32 37 35
510 223 55 57 57
308 472 62 88 72
308 364 73 94 91
308 23 70 92 72
682 554 10 48 16
310 532 16 63 62
310 453 51 83 82
310 511 44 72 60
453 460 68 98 95
453 214 64 91 82
453 599 53 74 66
312 398 89 97 91
314 119 17 25 23
314 149 83 84 84
314 604 20 54 42
315 272 86 98 91
315 647 44 65 65
316 522 67 79 74
316 372 68 78 71
316 334 28 76 75
316 559 40 81 68
334 480 45 52 50
334 98 69 73 72
602 106 42 51 49
602 247 59 67 63
375 246 95 100 98
570 425 39 54 46
570 504 11 24 24
322 582 25 73 55
582 172 57 99 70
582 544 95 99 96
582 536 79 90 80
324 365 61 88 75
326 236 62 99 79
328 133 94 99 94
328 145 34 59 58
328 301 26 74 61
328 572 73 89 76
630 392 62 66 62
630 426 59 91 59
445 610 13 57 27
331 79 88 91 88
476 473 58 67 67
476 444 56 84 61
476 445 83 100 99
568 344 58 63 58
568 690 16 28 17
492 505 59 96 81
335 368 32 45 42
335 437 47 66 62
437 133 29 77 45
509 502 44 75 66
509 141 47 77 76
512 149 51 58 53
512 579 74 87 74
339 172 95 96 95
339 589 55 80 68
589 442 12 70 24
589 256 29 61 52
589 504 80 86 84
674 587 26 89 31
674 645 34 41 34
674 548 21 95 46
344 639 10 74 67
344 615 74 90 85
615 137 26 75 69
346 659 25 77 34
346 3 30 60 50
347 334 42 52 47
347 123 54 99 95
525 268 22 30 30
525 380 86 96 91
525 328 48 75 54
525 140 85 97 91
525 531 39 98 53
354 226 78 98 78
354 308 67 90 80
354 378 38 75 53
354 246 64 74 70
354 380 71 74 71
380 655 76 100 77
380 51 43 73 43
703 397 34 68 64
703 319 38 95 62
703 125 86 92 92
490 515 32 88 61
490 71 70 76 74
490 197 10 37 36
490 79 43 57 55
490 136 48 72 56
516 306 63 86 78
357 271 92 94 94
357 9 45 95 91
357 143 14 92 46
357 187 66 97 81
357 200 64 76 73
702 186 21 26 21
405 393 39 97 89
405 186 29 59 43
405 213 81 100 84
405 176 68 71 70
405 267 31 74 50
593 441 31 71 69
593 654 63 95 84
593 343 78 91 90
360 309 21 91 25
360 345 10 77 64
366 654 79 87 81
366 437 17 50 19
565 24 48 79 62
565 691 59 89 69
370 690 43 92 77
371 516 28 77 28
371 624 81 92 88
373 62 20 24 21
376 299 12 77 67
376 402 34 50 47
376 386 28 29 29
376 517 13 30 24
376 466 86 96 90
402 60 65 84 76
517 572 65 73 69
379 582 52 68 56
470 175 16 52 18
470 181 39 82 66
470 440 48 99 89
470 365 84 87 86
588 16 94 97 94
588 629 72 99 85
588 85 77 80 78
588 498 65 99 94
588 342 18 78 30
389 459 19 26 23
459 456 77 81 80
459 531 21 55 33
390 580 29 81 53
580 91 32 92 73
580 349 75 95 85
580 374 81 100 95
580 64 10 43 13
391 125 66 93 75
392 532 75 77 75
392 70 89 100 91
392 203 87 88 88
392 400 15 60 53
424 437 86 95 95
394 170 88 90 90
394 295 44 84 61
403 639 24 27 25
403 74 31 61 42
403 559 26 77 51
404 399 33 36 36
404 433 91 98 92
433 541 79 93 85
433 334 33 89 89
406 119 28 30 30
406 187 64 68 68
406 169 48 71 56
407 515 50 53 53
407 85 95 100 99
515 634 82 93 90
515 254 89 91 91
515 96 69 94 90
410 264 19 79 73
410 10 84 97 89
411 629 56 64 57
411 479 18 29 20
464 52 66 77 69
464 490 94 96 96
420 86 29 43 30
535 193 79 94 84
664 540 79 80 80
425 602 36 64 59
425 99 79 89 88
425 316 68 91 77
425 266 68 97 70
425 118 49 54 49
425 328 65 83 76
556 160 11 16 14
427 271 88 96 90
427 251 81 94 93
427 171 32 54 33
427 335 81 85 85
627 490 69 79 76
627 451 24 88 35
431 597 53 79 56
431 280 84 86 85
431 704 16 88 87
431 465 94 95 94
431 243 50 81 62
465 701 65 73 67
434 688 65 80 68
434 428 28 74 55
434 129 59 92 74
436 297 87 99 88
436 137 66 87 66
438 289 70 96 74
438 661 70 80 75
438 545 65 89 79
545 575 57 78 65
545 438 67 71 67
545 31 89 98 97
545 263 17 76 69
537 91 24 75 24
475 420 38 72 68
443 625 30 83 34
443 16 83 99 95
443 155 14 38 27
513 663 12 59 28
513 343 48 61 51
513 243 69 74 72
513 186 71 80 78
513 221 18 25 22
449 373 43 71 59
449 15 14 62 32
452 358 81 95 92
452 87 62 94 69
599 98 85 86 86
599 675 52 73 66
599 192 55 66 63
599 425 84 87 85
599 398 55 62 62
458 199 78 82 81
458 533 77 94 92
533 628 85 87 85
533 85 68 100 97
533 386 64 71 64
462 260 64 66 65
462 402 43 49 43
462 351 51 88 72
485 420 80 85 82
471 21 36 80 48
471 22 24 57 38
474 196 72 98 82
474 481 23 91 61
554 526 26 48 43
554 656 35 99 91
554 212 49 84 52
680 507 76 77 77
486 410 53 88 65
486 15 31 93 61
489 67 53 70 63
489 222 70 91 77
491 636 44 70 66
493 114 73 83 82
493 205 33 90 87
494 223 17 28 24
494 664 89 93 91
496 185 15 16 16
496 500 84 99 98
497 180 61 96 86
497 622 41 67 64
497 532 85 96 87
497 686 47 92 55
558 597 84 91 89
558 540 76 87 79
502 117 86 87 87
504 453 42 72 50
524 500 50 70 66
524 695 66 89 84
579 588 72 84 79
579 141 30 98 95
579 521 75 85 83
519 205 37 89 69
520 647 45 63 62
520 65 46 54 47
520 90 82 91 85
598 36 34 39 38
598 183 62 71 62
605 522 37 85 41
605 643 74 79 79
605 191 59 68 61
605 384 47 66 63
534 261 83 89 86
534 284 82 93 93
536 501 75 82 80
536 209 53 78 78
536 111 30 89 34
536 628 69 93 73
536 420 42 45 44
658 387 10 84 46
543 2 16 23 23
543 23 62 94 85
543 361 11 46 28
548 246 47 51 49
549 449 34 96 86
549 0 77 93 86
549 188 58 82 77
549 173 24 84 32
549 91 89 90 90
557 408 66 100 75
557 660 16 44 39
561 303 34 36 35
561 404 61 93 72
561 224 78 91 90
573 228 19 24 20
573 276 25 30 28
573 537 65 84 83
584 144 12 75 75
586 240 40 92 72
586 579 10 41 12
669 653 69 88 81
592 57 63 90 86
592 335 33 94 37
592 107 19 81 44
594 317 46 96 47
594 682 34 70 43
594 26 74 94 87
643 304 55 89 74
643 548 18 72 57
643 52 91 97 94
643 236 47 97 92
643 75 90 98 95
607 112 91 99 96
607 606 14 77 36
607 141 18 23 22
607 206 25 77 41
619 53 23 66 24
619 498 94 95 94
619 701 71 91 89
617 73 94 96 94
617 305 77 89 77
617 575 20 67 25
632 602 22 100 72
632 462 16 54 48
637 572 53 60 57
644 664 18 26 20
644 614 11 67 14
652 110 75 84 77
652 315 14 81 76
652 414 30 31 31
652 162 14 42 42
652 303 34 61 42
652 632 40 62 40
692 290 75 90 80
696 612 70 90 79
700 82 31 71 36
707 79 84 88 87
707 104 74 100 79
707 491 21 25 22
707 433 36 43 43
707 502 73 83 76
707 61 26 48 32
707 407 28 92 63
0 709
