12 42
0 6 66 87 69
0 8 34 98 51
0 7 15 63 63
0 10 51 69 62
0 5 41 81 76
6 11 54 95 92
6 7 26 47 42
6 10 11 68 45
6 4 91 99 95
8 6 84 99 86
8 11 84 96 85
8 3 40 97 78
7 0 84 86 86
7 9 31 67 44
7 11 57 90 90
7 10 60 91 89
7 4 51 73 63
7 8 19 37 35
10 11 20 55 42
10 5 91 97 95
10 1 73 81 78
10 6 83 95 89
10 4 81 90 88
5 8 43 67 52
5 6 46 98 82
1 7 67 100 89
1 11 93 97 93
1 3 19 75 22
11 6 20 57 34
11 4 53 85 68
11 8 20 87 49
11 7 63 75 63
3 6 45 49 48
3 5 59 95 73
3 4 26 53 39
3 10 11 83 73
3 2 62 94 83
2 7 38 44 41
2 4 43 96 68
4 5 25 99 79
4 10 91 93 91
4 2 63 67 65
0 11
